0.260344 0.837423 0.908941
0.258551 0.838479 0.909911
0.256767 0.839529 0.910901
0.255274 0.840401 0.907649
0.253809 0.841255 0.904379
0.252372 0.842091 0.901093
0.250962 0.842910 0.897791
0.249580 0.843710 0.894472
0.248226 0.844492 0.891138
0.246899 0.845256 0.887787
0.245601 0.846002 0.884422
0.244332 0.846729 0.881042
0.244874 0.846385 0.876658
0.245452 0.846017 0.872279
0.245446 0.846006 0.872279
0.245440 0.845996 0.872279
0.245434 0.845985 0.872278
0.247228 0.844911 0.871329
0.247221 0.844900 0.871329
0.247215 0.844889 0.871329
0.247208 0.844878 0.871328
0.247202 0.844867 0.871328
0.247196 0.844856 0.871328
0.247190 0.844845 0.871327
0.247184 0.844834 0.871327
0.247384 0.845160 0.871325
0.247552 0.845553 0.871381
0.247783 0.845876 0.871385
0.247951 0.846226 0.871429
0.247966 0.846281 0.871438
0.247975 0.846326 0.871448
0.247985 0.846370 0.871456
0.247974 0.846385 0.871467
0.247965 0.846398 0.871477
0.247956 0.846411 0.871486
0.247359 0.846759 0.875842
0.246799 0.847085 0.880206
0.248396 0.850821 0.884567
0.250230 0.854795 0.888942
0.252156 0.858754 0.893324
0.254162 0.862676 0.897712
0.256247 0.866557 0.902102
0.255438 0.872416 0.911202
0.254866 0.878217 0.920413
0.256131 0.882816 0.928538
0.257576 0.887324 0.936708
0.259200 0.891735 0.944918
0.260999 0.896044 0.953166
0.262971 0.900248 0.961450
0.265116 0.904339 0.969764
0.267430 0.908314 0.978106
0.269909 0.912170 0.986475
0.272552 0.915900 0.994866
0.275356 0.919500 1.003276
0.278318 0.922967 1.011704
0.281435 0.926297 1.020145
0.284702 0.929484 1.028597
0.288118 0.932524 1.037054
0.291677 0.935414 1.045516
0.295377 0.938149 1.053978
0.299213 0.940727 1.062437
0.303182 0.943143 1.070890
0.307280 0.945393 1.079334
0.311750 0.947258 1.077827
0.315036 0.950321 1.077825
0.318352 0.953350 1.077823
0.322603 0.955315 1.082308
0.328025 0.955929 1.081330
0.333424 0.956475 1.080320
0.337690 0.958244 1.084729
0.343084 0.958627 1.087584
0.348474 0.958913 1.090408
0.353860 0.959103 1.093199
0.359239 0.959198 1.095959
0.364609 0.959196 1.098686
0.369968 0.959100 1.101381
0.375316 0.958909 1.104042
0.380649 0.958623 1.106671
0.385967 0.958244 1.109266
0.391267 0.957770 1.111827
0.396548 0.957203 1.114355
0.401808 0.956544 1.116848
0.407045 0.955792 1.119307
0.412257 0.954949 1.121731
0.417444 0.954014 1.124121
0.422603 0.952989 1.126475
0.427732 0.951874 1.128793
0.432830 0.950670 1.131077
0.437895 0.949378 1.133324
0.442925 0.947997 1.135535
0.447920 0.946530 1.137710
0.452877 0.944977 1.139848
0.456131 0.946630 1.139847
0.459402 0.948250 1.139845
0.461857 0.951601 1.136180
0.464379 0.954902 1.132495
0.467731 0.956439 1.132494
0.471099 0.957943 1.132492
0.475189 0.957815 1.131001
0.479266 0.957627 1.129528
0.483331 0.957377 1.128072
0.487381 0.957066 1.126634
0.491416 0.956694 1.125214
0.495435 0.956263 1.123812
0.499437 0.955772 1.122429
0.503421 0.955221 1.121064
0.507386 0.954612 1.119717
0.511331 0.953944 1.118389
0.515255 0.953218 1.117080
0.519156 0.952435 1.115790
0.523035 0.951595 1.114519
0.526890 0.950698 1.113267
0.530721 0.949746 1.112035
0.534526 0.948739 1.110822
0.538304 0.947677 1.109629
0.542055 0.946561 1.108455
0.545778 0.945391 1.107301
0.549471 0.944169 1.106167
0.553135 0.942894 1.105053
0.556768 0.941568 1.103959
0.560369 0.940191 1.102886
0.563938 0.938764 1.101833
0.567474 0.937287 1.100800
0.570976 0.935761 1.099788
0.574444 0.934188 1.098796
0.577876 0.932567 1.097825
0.581272 0.930900 1.096876
0.584631 0.929187 1.095947
0.587953 0.927428 1.095039
0.591236 0.925626 1.094152
0.594481 0.923780 1.093287
0.594669 0.921653 1.092442
0.594663 0.921652 1.092442
0.597675 0.921890 1.092441
0.600539 0.924227 1.093283
0.603448 0.926528 1.094147
0.606508 0.926678 1.094147
0.609570 0.926797 1.094146
0.612632 0.926885 1.094145
0.615696 0.926943 1.094144
0.618760 0.926971 1.094143
0.621824 0.926967 1.094142
0.624888 0.926934 1.094142
0.627951 0.926869 1.094141
0.631014 0.926774 1.094140
0.634075 0.926649 1.094139
0.637271 0.929317 1.095772
0.640523 0.931968 1.097377
0.643831 0.934601 1.098953
0.647196 0.937214 1.100501
0.650616 0.939806 1.102019
0.654094 0.942376 1.103509
0.657627 0.944922 1.104970
0.661217 0.947445 1.106401
0.664863 0.949942 1.107803
0.668566 0.952411 1.109175
0.672325 0.954853 1.110518
0.676140 0.957266 1.111830
0.680011 0.959649 1.113113
0.683937 0.962000 1.114366
0.687920 0.964318 1.115588
0.691958 0.966602 1.116780
0.696051 0.968851 1.117942
0.700199 0.971063 1.119073
0.704402 0.973238 1.120173
0.708659 0.975374 1.121243
0.712971 0.977470 1.122281
0.717336 0.979525 1.123289
0.721754 0.981537 1.124265
0.726225 0.983506 1.125211
0.730749 0.985430 1.126124
0.735325 0.987308 1.127007
0.739952 0.989139 1.127858
0.744630 0.990921 1.128677
0.749359 0.992654 1.129465
0.754137 0.994337 1.130221
0.758965 0.995967 1.130945
0.763842 0.997545 1.131637
0.768766 0.999069 1.132298
0.773738 1.000538 1.132926
0.778756 1.001951 1.133522
0.783820 1.003306 1.134086
0.788929 1.004603 1.134617
0.794082 1.005840 1.135116
0.799279 1.007017 1.135583
0.804518 1.008133 1.136018
0.809798 1.009186 1.136419
0.815119 1.010176 1.136789
0.820480 1.011101 1.137126
0.825879 1.011962 1.137430
0.831315 1.012756 1.137701
0.836788 1.013483 1.137940
0.842296 1.014142 1.138146
0.847839 1.014733 1.138320
0.853414 1.015254 1.138461
0.859016 1.015696 1.138566
0.864652 1.016077 1.138640
0.869622 1.015252 1.133974
0.874565 1.014323 1.129287
0.880258 1.014503 1.129260
0.885981 1.014608 1.129202
0.891731 1.014642 1.129112
0.897505 1.014599 1.128992
0.903301 1.014481 1.128838
0.909118 1.014286 1.128651
0.914955 1.014014 1.128431
0.920811 1.013664 1.128179
0.926683 1.013237 1.127892
0.932572 1.012732 1.127573
0.938476 1.012148 1.127221
0.943220 1.010033 1.131906
0.947925 1.007828 1.136610
0.951767 1.004548 1.136611
0.955568 1.001231 1.136604
0.959332 0.997879 1.136597
0.963062 0.994491 1.136589
0.966759 0.991066 1.136582
0.970421 0.987604 1.136575
0.974048 0.984106 1.136567
0.977641 0.980573 1.136560
0.981198 0.977004 1.136553
0.984720 0.973400 1.136546
0.988205 0.969761 1.136538
0.991654 0.966088 1.136531
0.995067 0.962382 1.136524
0.998442 0.958642 1.136516
1.001780 0.954868 1.136509
1.005080 0.951062 1.136502
1.008342 0.947224 1.136494
1.011566 0.943353 1.136487
1.014751 0.939451 1.136480
1.017898 0.935516 1.136472
1.022502 0.932743 1.131384
1.027044 0.929878 1.126270
1.031526 0.926926 1.121138
1.035946 0.923887 1.115988
1.040302 0.920764 1.110821
1.042809 0.920094 1.105657
1.044599 0.920334 1.100466
1.046065 0.920937 1.095255
1.047366 0.921682 1.090026
1.048572 0.922471 1.084782
1.049718 0.923259 1.079528
1.049746 0.923217 1.079525
1.049750 0.923210 1.079523
1.049742 0.923219 1.079522
1.049730 0.923235 1.079520
1.049716 0.923254 1.079518
1.049701 0.923274 1.079517
1.048579 0.922448 1.084766
1.045653 0.924082 1.090019
1.040526 0.925721 1.090662
1.035060 0.927742 1.091267
1.029448 0.929870 1.091838
1.023773 0.931988 1.092376
1.018070 0.934049 1.092882
1.012356 0.936033 1.093355
1.006637 0.937933 1.093796
1.000917 0.939746 1.094205
0.995199 0.941472 1.094581
0.989484 0.943112 1.094925
0.983773 0.944665 1.095236
0.978069 0.946131 1.095515
0.972373 0.947512 1.095761
0.966687 0.948807 1.095975
0.961010 0.950018 1.096157
0.955346 0.951144 1.096306
0.949696 0.952187 1.096422
0.944060 0.953147 1.096506
0.938439 0.954026 1.096557
0.932836 0.954823 1.096576
0.927252 0.955540 1.096562
0.921686 0.956177 1.096515
0.916142 0.956735 1.096436
0.910619 0.957215 1.096324
0.905119 0.957619 1.096180
0.899642 0.957946 1.096003
0.894191 0.958198 1.095793
0.888766 0.958375 1.095551
0.883367 0.958480 1.095277
0.877997 0.958512 1.094970
0.872655 0.958472 1.094630
0.867343 0.958362 1.094258
0.862062 0.958182 1.093854
0.856813 0.957934 1.093417
0.851596 0.957618 1.092948
0.846412 0.957236 1.092447
0.842196 0.958218 1.096501
0.837961 0.959114 1.100540
0.833710 0.959926 1.104563
0.829443 0.960653 1.108570
0.825163 0.961294 1.112560
0.820870 0.961848 1.116533
0.816568 0.962317 1.120488
0.812257 0.962699 1.124425
0.807939 0.962994 1.128344
0.803617 0.963202 1.132244
0.799291 0.963323 1.136124
0.794965 0.963358 1.139985
0.790639 0.963306 1.143827
0.786315 0.963167 1.147648
0.782873 0.964811 1.147646
0.779417 0.966420 1.147644
0.774677 0.965149 1.146664
0.769982 0.963826 1.145653
0.765333 0.962454 1.144611
0.760731 0.961034 1.143539
0.756176 0.959566 1.142436
0.751668 0.958052 1.141302
0.747209 0.956493 1.140138
0.742798 0.954889 1.138942
0.738436 0.953242 1.137716
0.734124 0.951554 1.136461
0.729861 0.949825 1.135175
0.725648 0.948057 1.133860
0.721486 0.946250 1.132514
0.717374 0.944407 1.131140
0.713314 0.942527 1.129735
0.709304 0.940612 1.128300
0.705346 0.938663 1.126837
0.701440 0.936683 1.125344
0.697585 0.934671 1.123823
0.693783 0.932628 1.122273
0.690032 0.930557 1.120694
0.686334 0.928459 1.119087
0.682688 0.926332 1.117451
0.679094 0.924180 1.115787
0.675738 0.923038 1.118875
0.672406 0.921829 1.121945
0.672101 0.920049 1.124998
0.672406 0.921829 1.121945
0.672706 0.923576 1.118871
0.673002 0.925292 1.115779
0.673292 0.926977 1.112670
0.670220 0.927492 1.112668
0.667143 0.927977 1.112667
0.663904 0.927295 1.107907
0.660678 0.926532 1.103159
0.657466 0.925689 1.098423
0.654269 0.924765 1.093701
0.651220 0.925090 1.093699
0.648169 0.925386 1.093698
0.645114 0.925650 1.093697
0.642057 0.925884 1.093695
0.638998 0.926088 1.093694
0.635937 0.926261 1.093693
0.632874 0.926403 1.093691
0.629810 0.926515 1.093690
0.626745 0.926596 1.093689
0.626746 0.926595 1.093688
0.626747 0.926593 1.093686
0.626747 0.926591 1.093685
0.626748 0.926590 1.093684
0.626749 0.926588 1.093683
0.626749 0.926586 1.093681
0.623684 0.926637 1.093680
0.620618 0.926657 1.093679
0.617553 0.926646 1.093677
0.617553 0.926644 1.093676
0.617554 0.926643 1.093675
