0.620000 0.923143 1.096249
0.616969 0.923126 1.096248
0.613939 0.923079 1.096247
0.610909 0.923002 1.096245
0.607881 0.922895 1.096244
0.604853 0.922757 1.096243
0.601827 0.922589 1.096242
0.598803 0.922390 1.096240
0.595781 0.922162 1.096239
0.592762 0.921903 1.096238
0.589745 0.921614 1.096237
0.586565 0.922803 1.093197
0.583361 0.923928 1.090142
0.579858 0.927113 1.087896
0.576291 0.930235 1.085614
0.572661 0.933294 1.083297
0.568969 0.936287 1.080945
0.565217 0.939215 1.078557
0.561406 0.942074 1.076134
0.557536 0.944865 1.073676
0.553610 0.947586 1.071184
0.550075 0.948141 1.067833
0.546530 0.948625 1.064470
0.542976 0.949038 1.061095
0.542710 0.950169 1.057708
0.542454 0.951267 1.054310
0.539148 0.950474 1.054308
0.535849 0.949646 1.054307
0.532558 0.948786 1.054305
0.532558 0.948785 1.054304
0.532559 0.948783 1.054303
0.529278 0.947891 1.054302
0.529277 0.947890 1.054301
0.529279 0.947888 1.054299
0.528988 0.948942 1.050890
0.528706 0.949963 1.047470
0.525128 0.950021 1.044041
0.521550 0.950005 1.040601
0.517973 0.949918 1.037150
0.514398 0.949759 1.033691
0.510827 0.949528 1.030222
0.510557 0.950339 1.026746
0.510299 0.951115 1.023261
0.510052 0.951857 1.019767
0.509816 0.952567 1.016267
0.509590 0.953244 1.012759
0.509458 0.953641 1.005325
0.509373 0.953894 0.997893
0.509335 0.954002 0.990468
0.509477 0.953568 0.986566
0.509631 0.953098 0.982670
0.509797 0.952591 0.978778
0.509975 0.952047 0.974892
0.510166 0.951467 0.971012
0.510369 0.950849 0.967139
0.510584 0.950195 0.963272
0.510811 0.949504 0.959412
0.507772 0.947672 0.955560
0.503745 0.948662 0.955963
0.502990 0.950788 0.956390
0.502238 0.952909 0.956839
0.501487 0.955025 0.957310
0.500737 0.957138 0.957803
0.499989 0.959245 0.958319
0.499243 0.961347 0.958858
0.498498 0.963444 0.959418
0.497756 0.965536 0.960001
0.497016 0.967622 0.960606
0.496277 0.969703 0.961233
0.496545 0.968947 0.957390
0.496825 0.968152 0.953554
0.497117 0.967321 0.949726
0.497422 0.966453 0.945907
0.497740 0.965550 0.942098
0.497003 0.967624 0.942747
0.496269 0.969693 0.943418
0.495540 0.971747 0.940380
0.494820 0.973773 0.937320
0.494111 0.975770 0.934239
0.493412 0.977738 0.931137
0.492724 0.979677 0.928014
0.492045 0.981586 0.924871
0.491378 0.983465 0.921708
0.490721 0.985314 0.918525
0.490074 0.987133 0.915322
0.490072 0.987133 0.915322
0.490070 0.987132 0.915322
0.489434 0.988921 0.912100
0.489432 0.988920 0.912100
0.493093 0.990194 0.912098
0.496109 0.993520 0.912792
0.499182 0.996816 0.913507
0.498643 0.998605 0.910268
0.501849 1.001536 0.907007
0.501361 1.003273 0.903731
0.500835 1.004961 0.900436
0.500318 1.006617 0.897124
0.499809 1.008241 0.893794
0.503112 1.010987 0.890444
0.502751 1.012589 0.887084
0.502916 1.012030 0.882988
0.503087 1.011434 0.878899
0.503269 1.010797 0.874817
0.503461 1.010122 0.870742
0.503665 1.009407 0.866674
0.503654 1.009403 0.866674
0.503644 1.009400 0.866673
0.503634 1.009397 0.866673
0.503624 1.009393 0.866673
0.504788 1.005515 0.862595
0.504766 1.005508 0.862595
0.504755 1.005504 0.862594
0.501143 1.004412 0.862600
0.501150 1.003545 0.858575
0.501120 1.003535 0.858574
0.501107 1.003531 0.858574
0.501097 1.003527 0.858573
0.501086 1.003524 0.858573
0.500638 1.003465 0.858622
0.500551 1.003461 0.858632
0.500482 1.003463 0.858642
0.500419 1.003464 0.858652
0.500359 1.003465 0.858660
0.500303 1.003467 0.858668
0.500303 1.003460 0.858663
0.500303 1.003454 0.858659
0.500046 1.004234 0.862678
0.499801 1.004976 0.866705
0.499567 1.005679 0.870740
0.499345 1.006344 0.874782
0.499136 1.006970 0.878832
0.498940 1.007558 0.882887
0.502454 1.009236 0.886942
0.505123 1.014503 0.895360
0.507949 1.019595 0.903896
0.510912 1.024502 0.912545
0.514007 1.029217 0.921304
0.517731 1.031700 0.929238
0.521528 1.033998 0.937212
0.525396 1.036110 0.945223
0.529330 1.038035 0.953267
0.533324 1.039770 0.961341
0.537374 1.041312 0.969443
0.541475 1.042660 0.977570
0.545622 1.043813 0.985717
0.549810 1.044768 0.993883
0.554033 1.045525 1.002064
0.558288 1.046082 1.010256
0.562567 1.046437 1.018457
0.566868 1.046591 1.026664
0.571183 1.046543 1.034873
0.575509 1.046291 1.043081
0.575600 1.045415 1.051285
0.579924 1.044798 1.059482
0.584420 1.042077 1.062489
0.588861 1.039279 1.065464
0.593244 1.036405 1.068408
0.597567 1.033456 1.071320
0.601914 1.028634 1.069042
0.606163 1.023764 1.066751
0.610312 1.018849 1.064450
0.614332 1.015730 1.067237
0.618287 1.012544 1.069992
0.622179 1.009292 1.072716
0.626041 1.007933 1.076601
0.626001 1.005973 1.075405
0.625996 1.005972 1.075404
0.625991 1.005972 1.075403
0.625986 1.005971 1.075401
0.625981 1.005971 1.075400
0.625939 1.003998 1.074224
0.622078 1.002054 1.073068
0.618254 1.000060 1.071932
0.618251 0.998053 1.070816
0.618249 0.994749 1.073473
0.618247 0.991419 1.076098
0.618245 0.988062 1.078689
0.618243 0.984680 1.081247
0.618242 0.981272 1.083771
0.618240 0.977840 1.086260
0.618238 0.974382 1.088715
0.618236 0.970900 1.091136
0.618234 0.967395 1.093521
0.618233 0.963865 1.095871
0.618231 0.960313 1.098186
0.618229 0.956737 1.100466
0.618227 0.953139 1.102709
0.618226 0.949518 1.104917
0.618224 0.945876 1.107088
0.618220 0.944218 1.110337
0.618217 0.942211 1.109221
0.618214 0.941829 1.104915
0.618210 0.941382 1.100654
0.618208 0.939322 1.099640
0.618205 0.937252 1.098647
0.618203 0.935172 1.097674
0.618200 0.933083 1.096722
0.618198 0.930984 1.095791
0.618195 0.928876 1.094881
0.618193 0.926759 1.093992
0.618190 0.924633 1.093125
0.618185 0.924633 1.093124
0.615133 0.924599 1.093123
0.612081 0.924535 1.093122
0.608934 0.927264 1.094759
0.605730 0.929976 1.096368
0.602470 0.932670 1.097948
0.599154 0.935346 1.099500
0.595782 0.938002 1.101023
0.592353 0.940637 1.102517
0.588868 0.943249 1.103981
0.585327 0.945838 1.105417
0.581729 0.948402 1.106823
0.578075 0.950940 1.108199
0.574365 0.953452 1.109546
0.570598 0.955935 1.110863
0.566776 0.958389 1.112150
0.562897 0.960812 1.113407
0.558963 0.963203 1.114634
0.554973 0.965562 1.115830
0.550785 0.968668 1.113150
0.546534 0.971697 1.110431
0.542222 0.974650 1.107674
0.537849 0.977524 1.104879
0.533418 0.980318 1.102047
0.528929 0.983031 1.099178
0.524385 0.985663 1.096272
0.519787 0.988211 1.093329
0.515258 0.990206 1.094247
0.510677 0.992155 1.095134
0.506043 0.994058 1.095989
0.501359 0.995913 1.096813
0.496623 0.997719 1.097605
0.491838 0.999476 1.098365
0.490803 1.002486 1.099094
0.489783 1.005508 1.099790
0.488761 1.008537 1.100455
0.487737 1.011572 1.101087
0.486565 1.015082 1.097792
0.485404 1.018553 1.094458
0.484254 1.021993 1.091088
0.483114 1.025400 1.087681
0.481984 1.028775 1.084238
0.480865 1.032116 1.080760
0.479757 1.035424 1.077247
0.478659 1.038699 1.073700
0.477571 1.041939 1.070117
0.476494 1.045145 1.066501
0.475428 1.048316 1.062851
0.474372 1.051451 1.059167
0.473327 1.054551 1.055451
0.472293 1.057616 1.051702
0.471269 1.060644 1.047920
0.470257 1.063640 1.044111
0.469184 1.066717 1.044186
0.468123 1.069803 1.044234
0.467062 1.072890 1.044249
0.465999 1.075976 1.044231
0.464935 1.079061 1.044180
0.463939 1.082018 1.040174
0.462943 1.084932 1.036134
0.461861 1.088006 1.035983
0.460787 1.091082 1.035801
0.459716 1.094158 1.035587
0.458743 1.097032 1.031421
0.457770 1.099859 1.027222
0.456805 1.102645 1.022994
0.455852 1.105390 1.018736
0.454911 1.108094 1.014449
0.453982 1.110756 1.010134
0.453067 1.113377 1.005791
0.452165 1.115957 1.001420
0.451277 1.118494 0.997021
0.450189 1.121521 0.996479
0.449114 1.124548 0.995907
0.448047 1.127572 0.995303
0.446984 1.130591 0.994666
0.445925 1.133604 0.993998
0.445080 1.136080 0.989416
0.444244 1.138507 0.984804
0.443421 1.140889 0.980166
0.442613 1.143227 0.975503
0.441822 1.145521 0.970816
0.441048 1.147771 0.966104
0.440406 1.149788 0.966959
0.439745 1.151794 0.967840
0.438674 1.154745 0.966949
0.438582 1.154937 0.961302
0.438516 1.155072 0.955647
0.438474 1.155156 0.949990
