0.287219 0.836840 0.895040
0.287635 0.836564 0.891070
0.288085 0.836267 0.887106
0.285366 0.838036 0.887481
0.282646 0.839810 0.887824
0.279922 0.841585 0.888135
0.277196 0.843361 0.888413
0.274467 0.845138 0.888658
0.271736 0.846915 0.888871
0.269002 0.848693 0.889051
0.266267 0.850471 0.889199
0.263529 0.852248 0.889314
0.260791 0.854025 0.889396
0.258051 0.855801 0.889445
0.258519 0.855500 0.885128
0.259015 0.855161 0.880817
0.259546 0.854797 0.876512
0.256793 0.856551 0.876430
0.257370 0.856177 0.872099
0.257974 0.855765 0.867775
0.257965 0.855751 0.867774
0.257956 0.855736 0.867774
0.257946 0.855720 0.867774
0.257936 0.855705 0.867773
0.257926 0.855689 0.867773
0.257917 0.855673 0.867773
0.257907 0.855658 0.867772
0.257554 0.855207 0.867803
0.257181 0.854740 0.867841
0.256824 0.854294 0.867879
0.256485 0.853872 0.867917
0.256162 0.853471 0.867954
0.256001 0.853215 0.867936
0.255883 0.853054 0.867940
0.255765 0.852926 0.867966
0.255652 0.852805 0.867992
0.255543 0.852689 0.868016
0.255437 0.852576 0.868041
0.255401 0.852535 0.868048
0.255365 0.852500 0.868058
0.255165 0.853370 0.872400
0.254604 0.853763 0.876734
0.254597 0.853751 0.876733
0.254059 0.854088 0.881069
0.254049 0.854072 0.881069
0.254041 0.854058 0.881068
0.253990 0.854138 0.881167
0.253942 0.854217 0.881263
0.253894 0.854293 0.881357
0.253845 0.854364 0.881449
0.253796 0.854431 0.881539
0.253686 0.854392 0.881622
0.253577 0.854353 0.881703
0.253473 0.854318 0.881782
0.253415 0.854359 0.881864
0.252915 0.854665 0.886215
0.252448 0.854944 0.890572
0.252017 0.855199 0.894935
0.251624 0.855431 0.899302
0.251267 0.855640 0.903674
0.253124 0.859179 0.908038
0.255238 0.862977 0.912415
0.257445 0.866759 0.916797
0.259729 0.870500 0.921182
0.262088 0.874194 0.925568
0.264520 0.877840 0.929957
0.267024 0.881437 0.934347
0.271966 0.888073 0.938741
0.277179 0.894739 0.943129
0.282559 0.901282 0.947501
0.285515 0.904695 0.951899
0.288462 0.907950 0.956289
0.291472 0.911143 0.960677
0.291874 0.911300 0.965089
0.292253 0.911357 0.969477
0.295350 0.914371 0.973855
0.298548 0.917371 0.978234
0.299791 0.922210 0.987678
0.301242 0.926921 0.997202
0.304229 0.930161 1.005491
0.307362 0.933258 1.013792
0.310638 0.936207 1.022104
0.314053 0.939006 1.030422
0.317594 0.941653 1.038745
0.321275 0.944141 1.047070
0.325084 0.946466 1.055392
0.329016 0.948627 1.063709
0.333068 0.950620 1.072017
0.337235 0.952441 1.080313
0.341460 0.954175 1.084669
0.345720 0.955823 1.089010
0.350011 0.957385 1.093336
0.354333 0.958861 1.097647
0.359704 0.958892 1.100400
0.365065 0.958828 1.103120
0.370415 0.958669 1.105806
0.375751 0.958416 1.108460
0.381073 0.958068 1.111079
0.386378 0.957627 1.113665
0.391664 0.957092 1.116217
0.396930 0.956465 1.118735
0.402174 0.955745 1.121218
0.407394 0.954934 1.123666
0.412589 0.954031 1.126079
0.417757 0.953038 1.128456
0.422895 0.951955 1.130798
0.428004 0.950782 1.133105
0.433080 0.949521 1.135375
0.438123 0.948173 1.137609
0.443130 0.946737 1.139806
0.446403 0.948486 1.139805
0.449692 0.950203 1.139803
0.453753 0.950347 1.138276
0.457806 0.950429 1.136765
0.461851 0.950449 1.135273
0.465886 0.950409 1.133797
0.469910 0.950307 1.132340
0.473923 0.950145 1.130900
0.477227 0.951587 1.130898
0.480546 0.952995 1.130897
0.484540 0.952693 1.129475
0.488520 0.952332 1.128072
0.492484 0.951911 1.126686
0.496432 0.951432 1.125319
0.500361 0.950894 1.123971
0.504272 0.950298 1.122642
0.508163 0.949645 1.121331
0.512033 0.948935 1.120039
0.515882 0.948169 1.118766
0.519709 0.947346 1.117513
0.523512 0.946468 1.116278
0.527290 0.945536 1.115064
0.531044 0.944549 1.113868
0.534772 0.943508 1.112693
0.538473 0.942414 1.111537
0.542146 0.941267 1.110401
0.545790 0.940068 1.109286
0.549405 0.938818 1.108190
0.552990 0.937518 1.107115
0.556544 0.936167 1.106060
0.560067 0.934767 1.105025
0.563556 0.933318 1.104012
0.567013 0.931822 1.103018
0.570435 0.930278 1.102046
0.573823 0.928687 1.101094
0.577176 0.927051 1.100164
0.580492 0.925369 1.099254
0.583771 0.923643 1.098366
0.586804 0.923989 1.098365
0.589839 0.924305 1.098364
0.592878 0.924590 1.098363
0.595919 0.924845 1.098362
0.598963 0.925070 1.098361
0.602009 0.925264 1.098360
0.604935 0.928251 1.099997
0.607920 0.931226 1.101606
0.610961 0.934187 1.103186
0.614061 0.937134 1.104737
0.617219 0.940066 1.106260
0.620435 0.942981 1.107753
0.623709 0.945878 1.109218
0.627042 0.948756 1.110653
0.630433 0.951614 1.112059
0.633882 0.954451 1.113435
0.637391 0.957265 1.114782
0.640957 0.960056 1.116099
0.644583 0.962821 1.117385
0.648267 0.965560 1.118642
0.652009 0.968272 1.119869
0.655810 0.970956 1.121065
0.659669 0.973609 1.122231
0.663586 0.976232 1.123366
0.667561 0.978823 1.124470
0.671592 0.981374 1.125540
0.675683 0.983897 1.126583
0.679830 0.986384 1.127594
0.684035 0.988833 1.128575
0.688297 0.991245 1.129524
0.692615 0.993617 1.130442
0.696989 0.995948 1.131329
0.701418 0.998238 1.132184
0.705903 1.000484 1.133007
0.710443 1.002686 1.133799
0.715037 1.004842 1.134559
0.719684 1.006952 1.135287
0.724385 1.009013 1.135983
0.729139 1.011026 1.136647
0.733945 1.012988 1.137279
0.738802 1.014899 1.137879
0.743711 1.016757 1.138447
0.748669 1.018562 1.138982
0.753677 1.020312 1.139485
0.758733 1.022007 1.139956
0.763838 1.023644 1.140394
0.768989 1.025223 1.140800
0.774187 1.026744 1.141173
0.778238 1.025184 1.141171
0.782272 1.023583 1.141168
0.786289 1.021943 1.141165
0.790289 1.020263 1.141162
0.794273 1.018543 1.141159
0.798239 1.016783 1.141156
0.802187 1.014984 1.141154
0.806117 1.013145 1.141151
0.810029 1.011268 1.141148
0.813921 1.009351 1.141145
0.817794 1.007396 1.141142
0.821648 1.005402 1.141139
0.825481 1.003370 1.141136
0.829294 1.001300 1.141134
0.833086 0.999192 1.141131
0.836856 0.997046 1.141128
