0.620000 0.932000 1.099815
0.620001 0.931998 1.099814
0.616882 0.931980 1.099812
0.613763 0.931931 1.099810
0.610645 0.931852 1.099809
0.607466 0.933292 1.096680
0.604259 0.934668 1.093535
0.601025 0.935980 1.090375
0.597666 0.938636 1.091931
0.594251 0.941272 1.093457
0.590780 0.943886 1.094954
0.587253 0.946478 1.096422
0.583670 0.949045 1.097861
0.580029 0.951587 1.099271
0.576333 0.954104 1.100652
0.572580 0.956592 1.102002
0.568772 0.959052 1.103323
0.564907 0.961482 1.104614
0.564906 0.961480 1.104612
0.564907 0.961478 1.104610
0.561498 0.960908 1.104608
0.558093 0.960304 1.104606
0.554392 0.961236 1.101138
0.550674 0.962094 1.097654
0.546939 0.962877 1.094154
0.543189 0.963585 1.090639
0.539426 0.964218 1.087109
0.535136 0.966879 1.084324
0.531220 0.967792 1.076842
0.531119 0.968179 1.072935
0.531030 0.968528 1.069022
0.530951 0.968838 1.065106
0.530593 0.970239 1.057579
0.530274 0.971490 1.050033
0.529992 0.972592 1.042471
0.529748 0.973545 1.034898
0.529542 0.974348 1.027317
0.529568 0.974240 1.023389
0.529604 0.974094 1.019463
0.526117 0.972991 1.015540
0.522651 0.971814 1.011618
0.522720 0.971557 1.007699
0.522800 0.971262 1.003782
0.522212 0.973382 1.004431
0.521625 0.975496 1.005102
0.521040 0.977603 1.005795
0.520457 0.979703 1.006510
0.519875 0.981796 1.007246
0.519296 0.983882 1.008003
0.518718 0.985960 1.008783
0.518143 0.988031 1.009583
0.517570 0.990093 1.010406
0.516999 0.992148 1.011249
0.516431 0.994195 1.012114
0.515865 0.996234 1.013001
0.515301 0.998263 1.013908
0.514739 1.000284 1.014836
0.514738 1.000282 1.014835
0.514550 1.000954 1.010885
0.514373 1.001587 1.006928
0.514331 1.001737 0.999063
0.510521 1.000664 0.991209
0.506763 0.999400 0.983366
0.506944 0.998770 0.979493
0.503372 0.996958 0.975628
0.503583 0.996256 0.971769
0.502949 0.998294 0.972613
0.503177 0.997560 0.968764
0.503415 0.996785 0.964921
0.503663 0.995974 0.961086
0.503924 0.995126 0.957259
0.504195 0.994241 0.953442
0.504478 0.993320 0.949634
0.504772 0.992363 0.945836
0.505077 0.991369 0.942048
0.505394 0.990339 0.938271
0.505721 0.989274 0.934504
0.506060 0.988172 0.930749
0.506410 0.987035 0.927006
0.506771 0.985862 0.923275
0.507143 0.984653 0.919556
0.507526 0.983409 0.915850
0.504309 0.980992 0.912158
0.501136 0.978511 0.908479
0.501577 0.977169 0.904813
0.502031 0.975793 0.901162
0.502496 0.974383 0.897526
0.502973 0.972937 0.893905
0.502302 0.974954 0.894770
0.501633 0.976962 0.895657
0.501632 0.976962 0.895657
0.500629 0.979981 0.896391
0.499623 0.983008 0.897093
0.498615 0.986041 0.897764
0.497605 0.989080 0.898402
0.497086 0.990648 0.895403
0.496573 0.992186 0.892387
0.496069 0.993696 0.889356
0.495576 0.995176 0.886308
0.495091 0.996628 0.883246
0.494617 0.998050 0.880168
0.494819 0.997434 0.876188
0.495033 0.996780 0.872214
0.495260 0.996089 0.868248
0.495498 0.995359 0.864290
0.495494 0.995358 0.864289
0.495490 0.995356 0.864289
0.494811 0.997388 0.865112
0.494135 0.999412 0.865957
0.494131 0.999411 0.865956
0.494128 0.999410 0.865956
0.494124 0.999409 0.865956
0.494120 0.999407 0.865956
0.494117 0.999406 0.865956
0.494113 0.999404 0.865956
0.494359 0.998653 0.861962
0.494616 0.997863 0.857976
0.494886 0.997036 0.853999
0.494880 0.997034 0.853999
0.495285 0.997081 0.853951
0.495631 0.997194 0.853968
0.495784 0.997186 0.853949
0.495871 0.997179 0.853935
0.495952 0.997175 0.853924
0.495957 0.997170 0.853921
0.495961 0.997166 0.853920
0.495964 0.997162 0.853918
0.495966 0.997158 0.853918
0.495968 0.997155 0.853917
0.495969 0.997152 0.853917
0.495685 0.997974 0.857890
0.495415 0.998759 0.861872
0.495159 0.999506 0.865862
0.494916 1.000216 0.869860
0.494686 1.000888 0.873865
0.494468 1.001522 0.877877
0.494264 1.002118 0.881895
0.494073 1.002676 0.885920
0.493895 1.003196 0.889950
0.493730 1.003678 0.893985
0.493578 1.004121 0.898026
0.493439 1.004527 0.902071
0.493312 1.004894 0.906120
0.493199 1.005222 0.910172
0.493099 1.005513 0.914228
0.493011 1.005764 0.918287
0.492936 1.005978 0.922348
0.492875 1.006152 0.926411
0.492826 1.006289 0.930476
0.492790 1.006386 0.934542
0.492767 1.006445 0.938609
0.492757 1.006466 0.942677
0.492759 1.006448 0.946744
0.492775 1.006391 0.950811
0.492803 1.006296 0.954878
0.492844 1.006162 0.958943
0.492898 1.005990 0.963006
0.492964 1.005779 0.967068
0.493044 1.005530 0.971127
0.493136 1.005242 0.975183
0.493241 1.004915 0.979236
0.493359 1.004550 0.983285
0.493489 1.004147 0.987330
0.493632 1.003706 0.991371
0.493788 1.003226 0.995407
0.493957 1.002708 0.999438
0.494138 1.002151 1.003463
0.498153 1.002794 1.007482
0.502181 1.003357 1.011494
0.506220 1.003839 1.015500
0.510267 1.004240 1.019499
0.513781 1.006549 1.029001
0.517383 1.008628 1.038556
0.521068 1.010473 1.048159
0.525191 1.010585 1.056104
0.529342 1.010499 1.064042
0.533517 1.010216 1.071970
0.537693 1.009779 1.075960
0.541592 1.010582 1.075959
0.545499 1.011345 1.075957
0.549178 1.013358 1.071966
0.552897 1.015297 1.067961
0.556851 1.015947 1.067959
0.560588 1.018095 1.073602
0.564369 1.020152 1.079261
0.568193 1.022116 1.084935
0.572229 1.022528 1.088860
0.576273 1.022860 1.092784
0.580323 1.023112 1.096707
0.584376 1.023285 1.100627
0.588432 1.023377 1.104546
0.592489 1.023390 1.108461
0.596545 1.023323 1.112374
0.600599 1.023176 1.116283
0.604649 1.022950 1.120189
0.608694 1.022644 1.124090
0.612731 1.022258 1.127987
0.616760 1.021793 1.131878
0.620779 1.021248 1.135765
0.624786 1.020625 1.139645
0.628789 1.020557 1.139644
0.628785 1.020556 1.139642
0.628781 1.020556 1.139640
0.624772 1.020623 1.139639
0.620761 1.020650 1.139637
0.620757 1.020649 1.139635
0.620762 1.021485 1.145271
0.620767 1.022265 1.150916
0.620767 1.021553 1.154777
0.620767 1.020803 1.158630
0.620766 1.020014 1.162476
0.620766 1.019187 1.166314
0.620770 1.019756 1.171934
0.620762 1.018321 1.170142
0.620753 1.016868 1.168363
0.620736 1.014774 1.161021
0.620728 1.013268 1.159285
0.620719 1.011744 1.157566
0.620702 1.009474 1.150336
0.620685 1.007098 1.143160
0.620681 1.007097 1.143158
0.620672 1.005490 1.141517
0.620663 1.003867 1.139892
0.620653 1.002227 1.138284
0.620644 1.000571 1.136692
0.620635 0.998900 1.135116
0.620626 0.997213 1.133558
0.620616 0.995510 1.132017
0.620607 0.993792 1.130492
0.620597 0.992059 1.128985
0.620588 0.990311 1.127496
0.620578 0.988549 1.126024
0.620568 0.986771 1.124569
0.620558 0.984979 1.123133
0.620549 0.983173 1.121714
0.620539 0.981353 1.120314
0.620529 0.979519 1.118932
0.620519 0.977671 1.117569
0.620509 0.975810 1.116224
0.620499 0.973935 1.114897
0.620489 0.972048 1.113590
0.620479 0.970147 1.112301
0.620468 0.968233 1.111032
0.620458 0.966307 1.109782
0.620448 0.964369 1.108551
0.620438 0.962418 1.107340
0.620427 0.960456 1.106148
0.620417 0.958481 1.104976
0.620407 0.956495 1.103824
0.620396 0.954498 1.102691
0.620386 0.952489 1.101579
0.620376 0.950469 1.100487
0.620365 0.948439 1.099415
0.620355 0.946398 1.098363
0.620344 0.944346 1.097332
0.620334 0.942284 1.096322
0.620323 0.940213 1.095332
0.620313 0.938131 1.094363
0.620303 0.936040 1.093415
0.620292 0.933940 1.092488
0.620282 0.931830 1.091582
0.620271 0.929712 1.090697
0.620261 0.927585 1.089833
0.620250 0.925449 1.088991
0.620245 0.925449 1.088990
0.617185 0.925436 1.088989
0.614125 0.925392 1.088989
0.610988 0.928156 1.090602
0.607794 0.930903 1.092187
0.604606 0.932239 1.089067
0.601313 0.934951 1.090594
0.597963 0.937642 1.092093
0.594557 0.940313 1.093562
0.591093 0.942961 1.095002
0.587572 0.945587 1.096413
0.583995 0.948187 1.097794
0.580360 0.950762 1.099145
0.576669 0.953310 1.100467
0.572921 0.955830 1.101759
0.569116 0.958320 1.103020
0.565255 0.960780 1.104252
0.561337 0.963209 1.105453
0.557363 0.965604 1.106624
0.553334 0.967966 1.107764
0.549248 0.970291 1.108873
0.545107 0.972581 1.109952
0.540911 0.974833 1.111000
0.536661 0.977046 1.112017
0.532355 0.979218 1.113003
0.527996 0.981350 1.113957
0.523583 0.983438 1.114880
0.519116 0.985484 1.115772
0.514596 0.987484 1.116633
0.510024 0.989438 1.117461
0.505401 0.991345 1.118259
0.500725 0.993204 1.119024
0.495999 0.995013 1.119758
0.491222 0.996771 1.120459
0.486396 0.998477 1.121129
0.481520 1.000131 1.121767
0.476596 1.001730 1.122373
0.475419 1.004721 1.122945
0.474283 1.007734 1.123486
0.473145 1.010752 1.123995
0.472006 1.013774 1.124472
0.470864 1.016801 1.124916
0.467749 1.019093 1.125346
0.464612 1.021382 1.125764
0.461473 1.023674 1.126170
0.458332 1.025969 1.126566
0.455190 1.028268 1.126949
0.452047 1.030569 1.127322
0.448903 1.032874 1.127683
0.445759 1.035180 1.128032
0.442614 1.037488 1.128370
0.439468 1.039799 1.128697
0.436323 1.042110 1.129011
0.433686 1.043093 1.124655
0.432281 1.046778 1.120794
0.430971 1.050463 1.116896
0.429687 1.054117 1.112960
0.428421 1.057735 1.108985
0.427170 1.061315 1.104971
0.425934 1.064858 1.100919
0.424713 1.068363 1.096830
