0.620000 0.923330 1.098177
0.616968 0.923313 1.098175
0.613935 0.923266 1.098174
0.610904 0.923189 1.098173
0.607873 0.923081 1.098171
0.604844 0.922943 1.098170
0.601816 0.922775 1.098169
0.598683 0.924109 1.095127
0.595418 0.926694 1.096766
0.592098 0.929260 1.098377
0.588723 0.931805 1.099960
0.588437 0.934661 1.101514
0.585122 0.935888 1.098342
0.581782 0.937048 1.095155
0.578419 0.938141 1.091952
0.578229 0.939600 1.088735
0.574836 0.940591 1.085503
0.571423 0.941514 1.082257
0.567992 0.942369 1.078997
0.564545 0.943155 1.075723
0.561083 0.943872 1.072436
0.557607 0.944520 1.069136
0.554119 0.945098 1.065824
0.550621 0.945606 1.062500
0.547112 0.946043 1.059163
0.543596 0.946411 1.055815
0.543341 0.947493 1.052457
0.543342 0.947491 1.052456
0.540073 0.946708 1.052456
0.536811 0.945890 1.052455
0.533557 0.945040 1.052453
0.530312 0.944157 1.052452
0.530310 0.944156 1.052452
0.527075 0.943244 1.052452
0.523848 0.942296 1.052450
0.523847 0.942295 1.052450
0.524421 0.940372 1.048002
0.524367 0.940551 1.044078
0.524325 0.940694 1.040152
0.524294 0.940798 1.036225
0.524274 0.940865 1.032297
0.524265 0.940895 1.028368
0.524267 0.940886 1.024439
0.524281 0.940840 1.020511
0.524306 0.940757 1.016583
0.524342 0.940636 1.012656
0.524389 0.940477 1.008731
0.524447 0.940281 1.004808
0.521322 0.939078 1.000887
0.518222 0.937806 0.996969
0.515150 0.936466 0.993053
0.512107 0.935060 0.989141
0.509095 0.933587 0.985233
0.509240 0.933174 0.981330
0.509399 0.932723 0.977430
0.509571 0.932235 0.973536
0.509756 0.931710 0.969647
0.509954 0.931147 0.965762
0.510166 0.930548 0.961884
0.509420 0.932652 0.962409
0.509596 0.932153 0.955230
0.509823 0.931509 0.948069
0.509062 0.933656 0.945245
0.508311 0.935775 0.942397
0.507268 0.938719 0.943350
0.506222 0.941671 0.944272
0.505173 0.944632 0.945162
0.504121 0.947601 0.946021
0.503369 0.949726 0.943025
0.502624 0.951824 0.940008
0.501890 0.953895 0.936968
0.501165 0.955936 0.933907
0.500451 0.957949 0.930824
0.499747 0.959932 0.927720
0.499053 0.961886 0.924595
0.498304 0.963997 0.925097
0.497556 0.966102 0.925622
0.496811 0.968203 0.926169
0.496067 0.970298 0.926739
0.495325 0.972388 0.927330
0.494585 0.974472 0.927944
0.493847 0.976551 0.928580
0.493111 0.978623 0.929238
0.492377 0.980688 0.929918
0.495317 0.983874 0.926772
0.498326 0.987011 0.923606
0.497718 0.988895 0.920421
0.500796 0.991945 0.917215
0.503952 0.994947 0.913990
0.503425 0.996755 0.910748
0.502875 0.998522 0.907486
0.502335 1.000257 0.904205
0.501803 1.001960 0.900906
0.501281 1.003632 0.897590
0.500768 1.005272 0.894256
0.500264 1.006879 0.890905
0.499770 1.008455 0.887538
0.499285 1.009997 0.884154
0.499278 1.009995 0.884154
0.499271 1.009993 0.884154
0.500418 1.006295 0.879923
0.501570 1.002555 0.875731
0.502734 0.998775 0.871579
0.502719 0.998770 0.871578
0.502712 0.998767 0.871578
0.502705 0.998765 0.871578
0.502699 0.998763 0.871578
0.502910 0.998060 0.867616
0.503132 0.997318 0.863662
0.503365 0.996539 0.859716
0.503609 0.995722 0.855778
0.503600 0.995719 0.855778
0.503591 0.995716 0.855777
0.503582 0.995713 0.855777
0.503113 0.995630 0.855818
0.502680 0.995609 0.855869
0.502549 0.995590 0.855865
0.502519 0.995581 0.855861
0.502492 0.995572 0.855856
0.502465 0.995562 0.855851
0.502198 0.996369 0.859789
0.501946 0.997139 0.863735
0.505245 0.998953 0.867682
0.508810 1.000777 0.871643
0.512427 1.002533 0.875612
0.516080 1.004218 0.879588
0.518794 1.009531 0.887839
0.521650 1.014666 0.896212
0.524639 1.019615 0.904700
0.528228 1.022289 0.912468
0.531893 1.024782 0.920282
0.535628 1.027093 0.928137
0.539431 1.029219 0.936032
0.543296 1.031158 0.943963
0.547218 1.032908 0.951928
0.551193 1.034468 0.959922
0.555216 1.035835 0.967944
0.559282 1.037007 0.975989
0.563385 1.037984 0.984056
0.567521 1.038763 0.992140
0.571685 1.039345 1.000238
0.575871 1.039727 1.008349
0.580075 1.039909 1.016467
0.584291 1.039889 1.024591
0.588514 1.039669 1.032717
0.592887 1.037059 1.035777
0.593018 1.035062 1.034653
0.593013 1.035060 1.034651
0.593008 1.035059 1.034650
0.593003 1.035058 1.034648
0.597139 1.035305 1.034646
0.601288 1.035511 1.034644
0.605440 1.035677 1.034643
0.609592 1.035800 1.034641
0.609599 1.035800 1.034640
0.613742 1.035882 1.034638
0.617900 1.032983 1.037668
0.622000 1.030014 1.040668
0.621987 1.028001 1.039564
0.621965 1.025976 1.038480
0.621935 1.022976 1.041450
0.621904 1.019947 1.044391
0.621873 1.016888 1.047301
0.621842 1.013801 1.050180
0.621811 1.010685 1.053028
0.621779 1.007541 1.055845
0.621747 1.004368 1.058631
0.621714 1.001169 1.061384
0.621682 0.997941 1.064106
0.621649 0.994687 1.066795
0.621616 0.991406 1.069452
0.621583 0.988099 1.072075
0.621549 0.984765 1.074666
0.621515 0.981406 1.077223
0.621481 0.978021 1.079746
0.621447 0.974612 1.082235
0.621412 0.971177 1.084690
0.621377 0.967719 1.087111
0.621342 0.964236 1.089497
0.621307 0.960730 1.091848
0.621271 0.957200 1.094164
0.621236 0.953647 1.096444
0.621200 0.950072 1.098689
0.621164 0.946475 1.100898
0.621158 0.946474 1.100897
0.621137 0.944439 1.099834
0.621115 0.942394 1.098790
0.621093 0.940338 1.097768
0.621071 0.938272 1.096766
0.621049 0.936196 1.095785
0.621027 0.934111 1.094824
0.621005 0.932016 1.093885
0.620983 0.929912 1.092966
0.620961 0.927799 1.092069
0.620939 0.925676 1.091193
0.620917 0.923546 1.090338
0.620911 0.923545 1.090337
0.620905 0.923545 1.090336
0.620899 0.923545 1.090335
0.620894 0.923545 1.090334
0.617853 0.923538 1.090333
0.614811 0.923501 1.090332
0.611699 0.926256 1.091972
0.608530 0.928996 1.093583
0.605304 0.931718 1.095166
0.602023 0.934423 1.096721
0.598685 0.937107 1.098246
0.595291 0.939772 1.099743
0.591963 0.941054 1.096527
0.588470 0.943675 1.097965
0.584919 0.946272 1.099374
0.581313 0.948844 1.100753
0.577649 0.951390 1.102103
0.573930 0.953908 1.103422
0.570154 0.956398 1.104712
0.566322 0.958858 1.105972
0.562433 0.961287 1.107202
0.558490 0.963683 1.108401
0.554490 0.966046 1.109570
0.550435 0.968375 1.110708
0.546325 0.970668 1.111816
0.542159 0.972924 1.112893
0.537940 0.975142 1.113939
0.533666 0.977320 1.114953
0.529338 0.979458 1.115937
0.524956 0.981554 1.116890
0.520521 0.983608 1.117811
0.519689 0.986637 1.118701
0.518861 0.989676 1.119560
0.518030 0.992723 1.120386
0.517572 0.994416 1.116513
0.517125 0.996072 1.112621
0.516687 0.997689 1.108713
0.516260 0.999269 1.104788
0.515842 1.000811 1.100847
0.515435 1.002315 1.096890
0.511245 1.002722 1.092918
0.507008 1.003034 1.088931
0.506549 1.004398 1.084928
0.506153 1.005740 1.080912
0.505770 1.007042 1.076882
0.505397 1.008306 1.072839
0.505035 1.009531 1.068783
0.504684 1.010716 1.064714
0.503761 1.013828 1.065059
0.502839 1.016945 1.065372
0.501916 1.020064 1.065652
0.500991 1.023185 1.065900
0.500065 1.026308 1.066115
0.499138 1.029433 1.066298
0.494445 1.031431 1.066455
0.489393 1.033279 1.066573
0.484259 1.035056 1.066658
0.479072 1.036771 1.066710
0.473837 1.038424 1.066729
0.468555 1.040013 1.066715
0.466771 1.042833 1.066657
0.465517 1.045849 1.066575
0.464363 1.048901 1.066463
0.463940 1.050035 1.061894
0.462800 1.053088 1.061715
0.461668 1.056142 1.061505
0.460537 1.059194 1.061262
0.459406 1.062244 1.060987
0.458276 1.065291 1.060679
0.457145 1.068334 1.060338
0.456015 1.071373 1.059965
0.454885 1.074408 1.059560
0.453757 1.077439 1.059121
0.452629 1.080465 1.058651
0.451502 1.083487 1.058148
0.451103 1.084540 1.053210
0.450714 1.085542 1.048259
0.449585 1.088542 1.047656
0.448463 1.091541 1.047024
0.447347 1.094535 1.046360
0.446235 1.097523 1.045664
0.445127 1.100505 1.044936
0.444024 1.103481 1.044175
0.442925 1.106450 1.043383
0.441832 1.109412 1.042559
0.440744 1.112367 1.041703
0.439662 1.115314 1.040816
0.438586 1.118255 1.039896
0.438256 1.119138 1.034590
0.437949 1.119967 1.029268
0.437664 1.120748 1.023937
0.437401 1.121479 1.018599
0.437159 1.122162 1.013253
0.436171 1.124934 1.008221
0.435205 1.127660 1.003161
0.434260 1.130341 0.998071
0.433337 1.132974 0.992954
0.432435 1.135560 0.987808
0.431555 1.138099 0.982635
0.430696 1.140591 0.977435
0.429858 1.143034 0.972209
0.429215 1.145200 0.972538
0.428532 1.147355 0.972897
0.427658 1.149737 0.967653
0.426835 1.152073 0.962375
0.426052 1.154367 0.957073
0.425299 1.156615 0.951746
0.425434 1.156660 0.951741
0.425519 1.156689 0.951738
0.425584 1.156710 0.951736
0.425762 1.156648 0.957438
0.425908 1.156515 0.963141
0.426050 1.156319 0.968843
0.426198 1.156066 0.974542
0.426359 1.155757 0.980239
0.423845 1.154408 0.985923
