0.840605 0.994862 1.141125
0.844332 0.992642 1.141122
0.848037 0.990384 1.141119
0.851718 0.988089 1.141117
0.855377 0.985758 1.141114
0.859012 0.983391 1.141111
0.862623 0.980987 1.141108
0.866210 0.978548 1.141106
0.869773 0.976073 1.141103
0.873311 0.973562 1.141100
0.876825 0.971016 1.141097
0.880312 0.968436 1.141094
0.883774 0.965820 1.141091
0.887209 0.963170 1.141088
0.890618 0.960487 1.141085
0.894000 0.957769 1.141083
0.897355 0.955018 1.141080
0.900682 0.952233 1.141077
0.903980 0.949415 1.141074
0.908554 0.948029 1.136714
0.911808 0.945134 1.136709
0.915035 0.942206 1.136706
0.918233 0.939246 1.136703
0.921401 0.936255 1.136701
0.924539 0.933232 1.136698
0.927646 0.930178 1.136695
0.930723 0.927093 1.136692
0.933769 0.923978 1.136689
0.936784 0.920832 1.136686
0.939767 0.917656 1.136683
0.942719 0.914451 1.136680
0.945638 0.911217 1.136678
0.948525 0.907954 1.136675
0.952840 0.905902 1.132295
0.957110 0.903765 1.127895
0.961335 0.901546 1.123477
0.965513 0.899244 1.119040
0.969643 0.896861 1.114586
0.972379 0.893364 1.114582
0.975083 0.889840 1.114579
0.979116 0.887294 1.110109
0.983093 0.884671 1.105622
0.987015 0.881972 1.101117
0.990880 0.879197 1.096598
0.994688 0.876347 1.092062
0.998439 0.873422 1.087513
1.000023 0.873616 1.082962
1.001238 0.874274 1.078386
1.002350 0.875003 1.073794
1.003413 0.875724 1.069192
1.003408 0.875730 1.069191
1.003398 0.875746 1.069190
1.002319 0.875046 1.073792
1.001198 0.874329 1.078381
0.997892 0.876780 1.082968
0.994184 0.879668 1.087531
0.990361 0.882562 1.092078
0.986473 0.885389 1.096610
0.982530 0.888137 1.101126
0.978533 0.890805 1.105626
0.973205 0.892407 1.105511
0.967879 0.893934 1.105362
0.962560 0.895381 1.105181
0.957250 0.896750 1.104967
0.953294 0.896414 1.104704
0.949395 0.896015 1.104431
0.944160 0.897167 1.104120
0.940563 0.899701 1.104490
0.936946 0.902187 1.104849
0.933308 0.904626 1.105198
0.929652 0.907018 1.105535
0.926763 0.910103 1.105535
0.923845 0.913158 1.105535
0.919368 0.914658 1.104756
0.914887 0.916092 1.103999
0.910403 0.917460 1.103263
0.907412 0.920351 1.103263
0.904392 0.923212 1.103262
0.900251 0.924841 1.107411
0.896078 0.926387 1.111543
0.891876 0.927850 1.115659
0.887646 0.929228 1.119757
0.883388 0.930521 1.123838
0.879106 0.931728 1.127900
0.874801 0.932848 1.131943
0.870474 0.933882 1.135967
0.866127 0.934829 1.139971
0.861763 0.935688 1.143955
0.857383 0.936458 1.147919
0.852989 0.937141 1.151863
0.848583 0.937736 1.155786
0.844166 0.938242 1.159687
0.839741 0.938659 1.163567
0.835308 0.938988 1.167424
0.830870 0.939228 1.171259
0.826428 0.939379 1.175072
0.821985 0.939441 1.178861
0.817541 0.939413 1.182626
0.813099 0.939297 1.186367
0.808660 0.939092 1.190084
0.804227 0.938799 1.193777
0.799800 0.938416 1.197444
0.795383 0.937945 1.201086
0.790975 0.937386 1.204701
0.786581 0.936739 1.208291
0.782200 0.936004 1.211854
0.777835 0.935181 1.215390
0.773487 0.934271 1.218899
0.769159 0.933275 1.222381
0.764851 0.932191 1.225834
0.760567 0.931022 1.229259
0.756307 0.929768 1.232655
0.752073 0.928429 1.236023
0.747867 0.927005 1.239361
0.743690 0.925497 1.242669
0.739545 0.923906 1.245948
0.735432 0.922232 1.249196
0.735432 0.922231 1.249193
0.735433 0.922229 1.249191
0.732405 0.923367 1.249188
0.729435 0.924686 1.244302
0.726436 0.925927 1.239410
0.723407 0.927092 1.234516
0.720350 0.928180 1.229622
0.717268 0.929190 1.224726
0.714162 0.930123 1.219831
0.711033 0.930978 1.214936
0.707884 0.931754 1.210042
0.704715 0.932451 1.205150
0.701529 0.933068 1.200260
0.698328 0.933606 1.195373
0.695114 0.934062 1.190488
0.691887 0.934438 1.185606
0.688650 0.934733 1.180729
0.685405 0.934948 1.175856
0.682153 0.935081 1.170988
0.678897 0.935133 1.166126
0.675637 0.935104 1.161270
0.672377 0.934992 1.156419
0.669117 0.934799 1.151575
0.665860 0.934524 1.146739
0.662606 0.934168 1.141911
0.659359 0.933730 1.137091
0.656119 0.933212 1.132281
0.652889 0.932612 1.127479
0.649670 0.931932 1.122688
0.646465 0.931169 1.117906
0.643275 0.930327 1.113135
0.640101 0.929404 1.108375
0.636945 0.928402 1.103627
0.633810 0.927320 1.098891
0.630697 0.926160 1.094168
0.630698 0.926158 1.094167
0.627636 0.926248 1.094165
0.624574 0.926307 1.094164
0.621512 0.926336 1.094163
0.618449 0.926334 1.094161
0.615387 0.926302 1.094160
0.615388 0.926300 1.094159
