0.515690 0.998772 1.126141
0.511034 1.000762 1.126904
0.506326 1.002703 1.127635
0.501566 1.004596 1.128334
0.496754 1.006437 1.129001
0.491892 1.008226 1.129636
0.486980 1.009962 1.130239
0.482018 1.011644 1.130810
0.477007 1.013271 1.131348
0.471948 1.014841 1.131854
0.466841 1.016353 1.132328
0.461687 1.017806 1.132770
0.456488 1.019200 1.133178
0.451243 1.020532 1.133555
0.445953 1.021802 1.133898
0.440620 1.023009 1.134210
0.435243 1.024152 1.134488
0.429825 1.025230 1.134734
0.424366 1.026241 1.134947
0.418866 1.027184 1.135127
0.413327 1.028060 1.135275
0.407750 1.028866 1.135390
0.402136 1.029602 1.135472
0.396486 1.030266 1.135521
0.390800 1.030858 1.135537
0.385081 1.031378 1.135521
0.379328 1.031823 1.135471
0.373544 1.032194 1.135389
0.367729 1.032489 1.135274
0.361885 1.032707 1.135126
0.356013 1.032849 1.134945
0.350114 1.032913 1.134731
0.344189 1.032898 1.134484
0.338241 1.032804 1.134204
0.332269 1.032630 1.133892
0.326276 1.032375 1.133547
0.320262 1.032040 1.133168
0.314231 1.031623 1.132757
0.308181 1.031124 1.132314
0.302116 1.030542 1.131837
0.296037 1.029878 1.131328
0.289944 1.029130 1.130786
0.283841 1.028298 1.130211
0.277727 1.027382 1.129604
0.271605 1.026382 1.128963
0.265476 1.025296 1.128291
0.259341 1.024126 1.127585
0.253202 1.022871 1.126848
0.247061 1.021530 1.126077
0.240919 1.020103 1.125274
0.234777 1.018589 1.124439
0.228636 1.016990 1.123571
0.222499 1.015304 1.122671
0.216367 1.013532 1.121739
0.210240 1.011672 1.120774
0.204121 1.009725 1.119777
0.198011 1.007691 1.118748
0.192907 1.004652 1.113012
0.189193 1.000448 1.112962
0.185465 0.996167 1.112939
0.181757 0.991823 1.112917
0.178081 0.987427 1.112894
0.174443 0.982988 1.112872
0.170845 0.978509 1.112849
0.167292 0.973992 1.112827
0.163782 0.969439 1.112804
0.160318 0.964850 1.112781
0.156900 0.960227 1.112759
0.152121 0.956496 1.107010
0.147473 0.952723 1.101217
0.142924 0.948890 1.095408
0.138467 0.944986 1.089584
0.134095 0.941005 1.083746
0.129810 0.936943 1.077895
0.130287 0.935823 1.074766
0.131548 0.934579 1.070174
0.132950 0.933458 1.065591
0.134442 0.932393 1.061028
0.135998 0.931345 1.056485
0.137607 0.930294 1.051961
0.139260 0.929231 1.047458
0.140955 0.928150 1.042976
0.142689 0.927048 1.038515
0.144461 0.925924 1.034076
0.146271 0.924776 1.029659
0.148117 0.923606 1.025264
0.150001 0.922413 1.020891
0.151921 0.921196 1.016542
0.150586 0.919071 1.016523
0.148467 0.915699 1.016515
0.145933 0.911615 1.016513
0.144674 0.909549 1.016500
0.144114 0.908466 1.016353
0.143871 0.907918 1.016255
0.143746 0.907626 1.016198
0.143685 0.907486 1.016167
0.144347 0.907106 1.021722
0.145057 0.906703 1.027271
0.145815 0.906272 1.032812
0.148040 0.908151 1.038343
0.151093 0.911236 1.043865
0.154589 0.914856 1.049376
0.158341 0.918690 1.054878
0.162259 0.922583 1.060368
0.166296 0.926460 1.065846
0.170429 0.930285 1.071312
0.176132 0.932980 1.072227
0.181856 0.935592 1.073108
0.187595 0.938117 1.073958
0.193346 0.940553 1.074776
0.199107 0.942898 1.075563
0.204875 0.945153 1.076318
0.210650 0.947317 1.077042
0.216429 0.949391 1.077734
0.222211 0.951375 1.078394
0.227995 0.953270 1.079022
0.233779 0.955076 1.079618
0.239562 0.956794 1.080182
0.245343 0.958424 1.080713
0.251119 0.959966 1.081213
0.256891 0.961422 1.081680
0.262657 0.962793 1.082116
0.268415 0.964078 1.082518
0.274165 0.965278 1.082888
0.279906 0.966394 1.083225
0.285635 0.967426 1.083530
0.291353 0.968376 1.083801
0.297057 0.969244 1.084040
0.302744 0.970032 1.084248
0.308416 0.970739 1.084424
0.314071 0.971368 1.084566
0.319709 0.971917 1.084677
0.325326 0.972389 1.084754
0.330924 0.972783 1.084799
0.336500 0.973101 1.084811
0.342053 0.973342 1.084791
0.347583 0.973509 1.084738
0.353088 0.973602 1.084652
0.358567 0.973621 1.084534
0.364020 0.973568 1.084383
0.369444 0.973443 1.084199
0.374839 0.973247 1.083983
0.380204 0.972980 1.083735
0.385538 0.972644 1.083454
0.390840 0.972240 1.083140
0.396108 0.971768 1.082794
0.401342 0.971230 1.082415
0.406541 0.970625 1.082004
0.411704 0.969956 1.081560
0.416831 0.969223 1.081084
0.421919 0.968427 1.080575
0.426969 0.967568 1.080034
0.431979 0.966649 1.079461
0.436950 0.965670 1.078855
0.441879 0.964632 1.078217
0.446768 0.963535 1.077547
0.451613 0.962382 1.076845
0.456415 0.961173 1.076111
0.461174 0.959910 1.075345
0.465887 0.958594 1.074548
0.470555 0.957225 1.073719
0.475177 0.955805 1.072859
0.479753 0.954334 1.071967
0.484282 0.952814 1.071044
0.488763 0.951246 1.070089
0.493196 0.949632 1.069104
0.497580 0.947972 1.068087
0.501914 0.946267 1.067039
0.506199 0.944518 1.065961
0.510434 0.942728 1.064852
0.514618 0.940895 1.063712
0.518752 0.939023 1.062541
0.522834 0.937112 1.061340
0.526864 0.935163 1.060109
0.530842 0.933177 1.058848
0.534768 0.931157 1.057556
0.535556 0.928273 1.056235
0.538643 0.929100 1.056234
0.541739 0.929897 1.056233
0.545105 0.929543 1.059422
0.548067 0.930812 1.067175
0.551443 0.930284 1.070358
0.554550 0.930953 1.070357
0.557908 0.930323 1.073526
0.561252 0.929628 1.076683
0.564582 0.928865 1.079826
0.567895 0.928036 1.082956
0.571190 0.927141 1.086072
0.574467 0.926180 1.089173
0.577723 0.925153 1.092260
0.580959 0.924062 1.095331
0.584002 0.924436 1.095330
0.587049 0.924779 1.095329
0.590099 0.925092 1.095328
0.593153 0.925374 1.095326
0.596209 0.925625 1.095325
0.599267 0.925846 1.095324
0.602327 0.926037 1.095322
0.605389 0.926197 1.095321
0.608453 0.926326 1.095320
0.611517 0.926424 1.095318
0.614583 0.926492 1.095317
0.617649 0.926529 1.095316
0.620715 0.926536 1.095314
0.623781 0.926512 1.095313
0.626846 0.926457 1.095312
0.629971 0.927878 1.092238
0.633124 0.929236 1.089149
0.636303 0.930531 1.086045
0.639507 0.931762 1.082927
0.642735 0.932929 1.079795
0.646049 0.934604 1.072765
0.649385 0.936095 1.065705
0.652738 0.937404 1.058618
