0.620000 0.931518 1.108615
0.620001 0.931516 1.108613
0.620002 0.931514 1.108612
0.616888 0.931496 1.108610
0.613774 0.931447 1.108608
0.610577 0.934174 1.110275
0.607324 0.936884 1.111913
0.604015 0.939576 1.113523
0.600649 0.942250 1.115105
0.597228 0.944904 1.116659
0.593750 0.947537 1.118183
0.590216 0.950147 1.119679
0.586626 0.952734 1.121145
0.582979 0.955296 1.122582
0.579277 0.957832 1.123989
0.575518 0.960341 1.125367
0.571703 0.962822 1.126715
0.567832 0.965274 1.128034
0.563905 0.967696 1.129323
0.559922 0.970085 1.130581
0.559410 0.973066 1.131810
0.558898 0.976058 1.133008
0.558383 0.979061 1.134175
0.554251 0.981437 1.135312
0.550060 0.983777 1.136418
0.545815 0.986080 1.137494
0.541514 0.988344 1.138539
0.540866 0.991379 1.139554
0.540459 0.993281 1.135745
0.540062 0.995146 1.131917
0.539673 0.996973 1.128070
0.539292 0.998762 1.124205
0.538919 1.000513 1.120321
0.538261 1.003601 1.121147
0.537601 1.006697 1.121940
0.536939 1.009801 1.122703
0.536275 1.012912 1.123434
0.535610 1.016030 1.124132
0.534943 1.019154 1.124799
0.534274 1.022285 1.125433
0.533602 1.025423 1.126037
0.532930 1.028565 1.126608
0.532256 1.031714 1.127146
0.531581 1.034868 1.127653
0.530905 1.038027 1.128128
0.530227 1.041190 1.128571
0.529549 1.044358 1.128982
0.528870 1.047530 1.129360
0.528189 1.050706 1.129705
0.527508 1.053884 1.130018
0.527119 1.055691 1.125573
0.526738 1.057454 1.121109
0.526366 1.059172 1.116627
0.526001 1.060847 1.112127
0.525645 1.062477 1.107611
0.524845 1.066181 1.103836
0.524052 1.069848 1.100024
0.523266 1.073478 1.096174
0.522486 1.077069 1.092287
0.521713 1.080622 1.088364
0.520946 1.084135 1.084404
0.520186 1.087610 1.080409
0.519433 1.091045 1.076378
0.518687 1.094440 1.072312
0.517948 1.097795 1.068212
0.517215 1.101109 1.064077
0.516490 1.104382 1.059909
0.515772 1.107614 1.055707
0.515062 1.110804 1.051473
0.514359 1.113952 1.047205
0.513665 1.117059 1.042906
0.512978 1.120123 1.038576
0.512300 1.123144 1.034214
0.511630 1.126122 1.029821
0.510969 1.129057 1.025398
0.507054 1.131247 1.020962
0.502012 1.133106 1.016487
0.496517 1.134770 1.011979
0.490827 1.136289 1.007440
0.485042 1.137685 1.002873
0.479203 1.138965 0.998278
0.473330 1.140134 0.993656
0.470331 1.142024 0.988994
0.465698 1.143387 0.984325
0.463802 1.143223 0.978858
0.462871 1.143287 0.973392
0.462396 1.143432 0.967924
0.462271 1.143393 0.967923
0.462209 1.143374 0.967922
0.462178 1.143364 0.967921
0.462161 1.143358 0.967920
0.462151 1.143354 0.967919
0.462144 1.143352 0.967918
0.462139 1.143349 0.967917
0.462134 1.143347 0.967917
0.462130 1.143345 0.967916
0.461156 1.146326 0.967000
0.460221 1.149308 0.966053
0.459439 1.152066 0.970633
0.458504 1.155039 0.969656
0.457594 1.158008 0.968646
0.456702 1.160971 0.967605
0.455820 1.163926 0.966534
0.454947 1.166874 0.965431
0.454083 1.169812 0.964298
0.453227 1.172740 0.963134
0.452379 1.175659 0.961939
0.451538 1.178567 0.960714
0.450705 1.181464 0.959459
0.449880 1.184350 0.958173
0.449062 1.187224 0.956857
0.448251 1.190087 0.955511
0.447448 1.192938 0.954135
0.446653 1.195776 0.952729
0.445864 1.198602 0.951293
0.445083 1.201414 0.949828
0.444309 1.204212 0.948334
0.443655 1.206955 0.952933
0.443607 1.207017 0.946810
0.443633 1.207029 0.940676
0.443788 1.207068 0.940665
0.443891 1.207095 0.940660
0.443973 1.207116 0.940655
0.444047 1.207134 0.940650
0.444117 1.207151 0.940645
0.444186 1.207168 0.940640
0.444253 1.207185 0.940635
0.444321 1.207202 0.940630
0.445191 1.204420 0.936078
0.446093 1.201597 0.931551
0.447016 1.198733 0.927054
0.447953 1.195827 0.922587
0.448047 1.195849 0.922580
0.448114 1.195866 0.922576
0.448188 1.195885 0.922572
0.448256 1.195902 0.922568
0.448322 1.195919 0.922564
0.448387 1.195935 0.922561
0.448451 1.195951 0.922557
0.448515 1.195967 0.922553
0.449425 1.193010 0.918122
0.449503 1.193027 0.918115
0.449571 1.193044 0.918111
0.449636 1.193061 0.918108
0.449902 1.192789 0.917896
0.450117 1.192623 0.917732
0.450339 1.192432 0.917553
0.450370 1.192438 0.917544
0.450403 1.192440 0.917529
0.450439 1.192436 0.917507
0.450477 1.192428 0.917479
0.450517 1.192416 0.917447
0.450533 1.192359 0.917389
0.450540 1.192322 0.917353
0.450612 1.192536 0.923283
0.450662 1.192706 0.929238
0.450720 1.192817 0.935194
0.453566 1.193714 0.941179
0.457984 1.194960 0.947148
0.463166 1.196309 0.953110
0.469412 1.194920 0.954495
0.475824 1.193478 0.955823
0.482802 1.189859 0.956425
0.489736 1.186141 0.957011
0.496621 1.182332 0.957591
0.503435 1.178427 0.958163
0.510168 1.174427 0.958728
0.516813 1.170331 0.959286
0.523365 1.166142 0.959836
0.529823 1.161861 0.960379
0.536182 1.157489 0.960914
0.542442 1.153029 0.961442
0.545446 1.153206 0.966804
0.547026 1.153144 0.972181
0.547871 1.152927 0.977555
0.548338 1.152605 0.982926
0.548611 1.152203 0.988291
0.548784 1.151735 0.993652
0.548908 1.151205 0.999008
0.549009 1.150619 1.004357
0.549100 1.149977 1.009700
0.549187 1.149281 1.015037
0.549276 1.148532 1.020365
0.549366 1.147729 1.025686
0.549461 1.146873 1.030998
0.549545 1.145962 1.036301
0.549641 1.144999 1.041595
0.549747 1.143985 1.046878
0.549860 1.142918 1.052151
0.549980 1.141799 1.057413
0.550107 1.140627 1.062663
0.550241 1.139404 1.067902
0.550381 1.138130 1.073127
0.550529 1.136803 1.078339
0.550685 1.135425 1.083538
0.550848 1.133996 1.088722
0.551020 1.132516 1.093892
0.551199 1.130985 1.099046
0.551387 1.129403 1.104185
0.551583 1.127771 1.109307
0.552063 1.124097 1.113315
0.556500 1.120901 1.117267
0.561725 1.117724 1.121194
0.567068 1.114473 1.125086
0.572380 1.111131 1.128940
0.577630 1.107695 1.132755
0.582810 1.104166 1.136532
0.587919 1.100545 1.140270
0.592954 1.096834 1.143968
0.593630 1.092811 1.147632
0.598193 1.088954 1.151245
0.603006 1.085028 1.154821
0.607768 1.081018 1.158357
0.612450 1.076924 1.161851
0.612734 1.072698 1.165307
0.612812 1.068436 1.168717
0.612882 1.064141 1.172085
0.612953 1.059812 1.175410
0.617278 1.055499 1.178690
0.621619 1.051110 1.181928
0.625873 1.046645 1.185122
0.625870 1.042186 1.188273
0.625813 1.037697 1.191378
0.625755 1.033177 1.194439
0.625725 1.030639 1.198555
0.625695 1.028062 1.202646
0.625692 1.027422 1.207871
0.625690 1.026707 1.213129
0.625687 1.025915 1.218419
0.625684 1.025045 1.223739
0.625652 1.022216 1.227774
0.625620 1.019347 1.231779
0.625587 1.016437 1.235754
0.625542 1.013314 1.234802
0.625497 1.010199 1.233813
0.625452 1.007094 1.232794
0.625407 1.003999 1.231743
0.625361 1.000915 1.230663
0.625316 0.997843 1.229551
0.625270 0.994781 1.228409
0.625225 0.991731 1.227237
0.625179 0.988693 1.226034
0.625134 0.985667 1.224801
0.625088 0.982654 1.223539
0.625042 0.979653 1.222246
0.624996 0.976666 1.220923
0.624950 0.973692 1.219571
0.624905 0.970732 1.218189
0.624859 0.967785 1.216778
0.624813 0.964853 1.215337
0.624767 0.961936 1.213867
0.624721 0.959033 1.212369
0.624675 0.956146 1.210841
0.624629 0.953274 1.209285
0.624583 0.950418 1.207700
0.624537 0.947578 1.206086
0.624492 0.944754 1.204445
0.624446 0.941947 1.202775
0.624400 0.939156 1.201077
0.624354 0.936383 1.199351
0.624349 0.936382 1.199351
0.624369 0.938930 1.196174
0.624389 0.941445 1.192971
0.624391 0.943556 1.184852
0.624391 0.945488 1.176719
0.624389 0.947241 1.168578
0.624363 0.946624 1.163709
0.624338 0.945959 1.158847
0.624311 0.945245 1.153992
0.624306 0.945244 1.153991
0.624301 0.945244 1.153991
0.624274 0.944482 1.149144
0.624246 0.943671 1.144304
0.624218 0.942812 1.139473
0.624188 0.941905 1.134650
0.624158 0.940949 1.129836
0.624128 0.939945 1.125033
0.624097 0.938894 1.120239
0.624065 0.937794 1.115457
0.624033 0.936647 1.110685
0.624000 0.935452 1.105926
0.623967 0.934209 1.101178
0.623933 0.932920 1.096444
0.623898 0.931583 1.091722
0.623863 0.930198 1.087014
0.623827 0.928767 1.082320
0.623821 0.928767 1.082320
0.623815 0.928766 1.082319
0.623839 0.930197 1.087013
0.623863 0.931581 1.091720
0.623857 0.931581 1.091720
0.623836 0.930078 1.094828
0.623815 0.928544 1.097921
0.623809 0.928544 1.097921
0.623803 0.928543 1.097920
0.623797 0.928543 1.097920
0.623791 0.928543 1.097919
0.623785 0.928543 1.097919
0.623780 0.928542 1.097918
0.623774 0.928542 1.097918
0.623768 0.928542 1.097917
0.623762 0.928542 1.097917
0.623756 0.928542 1.097916
0.623750 0.928541 1.097916
0.623744 0.928541 1.097915
0.623738 0.928541 1.097915
0.623732 0.928541 1.097914
0.623725 0.928541 1.097913
