0.621041 0.988633 1.058218
0.621017 0.985364 1.060966
0.620992 0.982068 1.063680
0.620968 0.978745 1.066362
0.620943 0.975395 1.069010
0.620919 0.972019 1.071624
0.620895 0.968617 1.074205
0.620871 0.965190 1.076751
0.620847 0.961737 1.079263
0.620823 0.958260 1.081741
0.620799 0.954757 1.084183
0.620776 0.951231 1.086591
0.620752 0.947680 1.088963
0.620729 0.944106 1.091300
0.620706 0.940509 1.093600
0.620683 0.936889 1.095865
0.620660 0.933247 1.098093
0.620637 0.929583 1.100285
0.620614 0.927476 1.099373
0.620591 0.925359 1.098482
0.620569 0.923235 1.097613
0.617531 0.923225 1.097612
0.614460 0.926006 1.099255
0.611333 0.928773 1.100870
0.608149 0.931523 1.102456
0.604908 0.934256 1.104014
0.601610 0.936970 1.105543
0.598255 0.939665 1.107043
0.594844 0.942338 1.108514
0.591375 0.944990 1.109956
0.587849 0.947618 1.111368
0.584266 0.950222 1.112751
0.580626 0.952801 1.114104
0.576929 0.955352 1.115427
0.573175 0.957876 1.116720
0.569364 0.960370 1.117984
0.565497 0.962834 1.119217
0.561573 0.965266 1.120420
0.557593 0.967665 1.121592
0.553556 0.970030 1.122734
0.549464 0.972360 1.123845
0.545316 0.974654 1.124925
0.541113 0.976910 1.125975
0.536854 0.979127 1.126993
0.532541 0.981304 1.127981
0.528174 0.983439 1.128937
0.523753 0.985532 1.129862
0.519278 0.987582 1.130755
0.514750 0.989586 1.131617
0.510169 0.991545 1.132447
0.505536 0.993456 1.133246
0.500852 0.995319 1.134013
0.496116 0.997132 1.134748
0.491330 0.998895 1.135451
0.486494 1.000605 1.136123
0.481608 1.002263 1.136762
0.476674 1.003866 1.137369
0.471691 1.005414 1.137944
0.466661 1.006905 1.138486
0.461584 1.008339 1.138997
0.456461 1.009714 1.139475
0.451293 1.011029 1.139920
0.446080 1.012284 1.140333
0.440824 1.013476 1.140714
0.435524 1.014605 1.141062
0.430183 1.015670 1.141377
0.424800 1.016670 1.141660
0.419377 1.017604 1.141910
0.413915 1.018470 1.142127
0.408414 1.019269 1.142311
0.402876 1.019998 1.142463
0.397301 1.020657 1.142582
0.391691 1.021244 1.142668
0.386046 1.021760 1.142722
0.380368 1.022203 1.142742
0.374658 1.022572 1.142730
0.368917 1.022867 1.142684
0.363146 1.023086 1.142606
0.357347 1.023229 1.142495
0.351520 1.023295 1.142351
0.345666 1.023284 1.142174
0.339788 1.023193 1.141964
0.333887 1.023024 1.141721
0.327963 1.022775 1.141445
0.322018 1.022446 1.141137
0.316054 1.022036 1.140795
0.310863 1.020528 1.135746
0.305703 1.018911 1.130669
0.300576 1.017190 1.125574
0.295485 1.015367 1.120461
0.289483 1.014572 1.119949
0.283471 1.013700 1.119413
0.278423 1.011639 1.114226
0.273421 1.009472 1.109013
0.268464 1.007206 1.103783
0.263555 1.004843 1.098538
0.258696 1.002385 1.093277
0.255903 1.001751 1.087981
0.254054 1.001940 1.082682
0.252671 1.002503 1.077374
0.250267 1.004559 1.076538
0.247968 1.006716 1.075682
0.245725 1.008913 1.074794
0.243518 1.011133 1.073875
0.242608 1.012037 1.068441
0.241751 1.012906 1.062984
0.240938 1.013742 1.057516
0.240168 1.014542 1.052036
0.238056 1.016767 1.050947
0.235943 1.018994 1.049841
0.233840 1.021213 1.048704
0.233129 1.021959 1.043132
0.232471 1.022666 1.037538
0.231857 1.023337 1.031936
0.231286 1.023971 1.026324
0.231378 1.024054 1.026317
0.231434 1.024105 1.026314
0.231472 1.024140 1.026311
0.231503 1.024167 1.026308
0.234207 1.025559 1.031909
0.238012 1.027888 1.037501
0.242368 1.030602 1.043082
0.247018 1.033443 1.048652
0.253127 1.034791 1.049779
0.257840 1.037799 1.051388
0.262612 1.040765 1.052989
0.267428 1.043673 1.054582
0.272280 1.046518 1.056165
0.279365 1.051042 1.057731
0.285370 1.054562 1.059302
0.290854 1.057560 1.060862
0.296246 1.060066 1.066329
0.302654 1.060829 1.067177
0.308983 1.061454 1.067991
0.316501 1.060153 1.068103
0.323953 1.058724 1.068205
0.331345 1.057172 1.068297
0.338677 1.055503 1.068380
0.343745 1.057221 1.073556
0.350987 1.055355 1.073576
0.357026 1.055281 1.074167
0.363034 1.055122 1.074727
0.369012 1.054879 1.075254
0.374958 1.054555 1.075750
0.380873 1.054150 1.076213
0.386756 1.053666 1.076643
0.392604 1.053103 1.077042
0.398420 1.052462 1.077407
0.404199 1.051744 1.077739
0.409943 1.050950 1.078039
0.415648 1.050081 1.078306
0.421315 1.049139 1.078541
0.426942 1.048127 1.078744
0.432530 1.047043 1.078915
0.438076 1.045889 1.079053
0.443581 1.044666 1.079159
0.449043 1.043375 1.079232
0.454462 1.042017 1.079272
0.459836 1.040592 1.079280
0.465166 1.039104 1.079255
0.470449 1.037551 1.079197
0.475686 1.035935 1.079107
0.480875 1.034259 1.078984
0.486017 1.032521 1.078829
0.491109 1.030724 1.078641
0.496152 1.028869 1.078420
0.501144 1.026957 1.078167
0.506084 1.024989 1.077882
0.510973 1.022966 1.077563
0.515809 1.020889 1.077213
0.520592 1.018760 1.076829
0.525321 1.016579 1.076414
0.529995 1.014348 1.075965
0.534615 1.012068 1.075485
0.539178 1.009740 1.074972
0.543686 1.007365 1.074427
0.548138 1.004945 1.073849
0.552532 1.002480 1.073239
0.556870 0.999972 1.072597
0.561149 0.997422 1.071922
0.565371 0.994831 1.071216
0.569534 0.992202 1.070478
0.573638 0.989535 1.069708
0.577684 0.986831 1.068906
0.581670 0.984091 1.068073
0.585596 0.981317 1.067208
0.589463 0.978510 1.066312
0.593269 0.975671 1.065384
0.597015 0.972801 1.064426
0.600700 0.969903 1.063436
0.604325 0.966976 1.062415
0.607890 0.964023 1.061363
0.611393 0.961044 1.060281
0.614836 0.958040 1.059167
0.618218 0.955013 1.058022
0.618220 0.951965 1.056849
0.618221 0.948926 1.055644
0.618222 0.945901 1.054408
0.618223 0.942887 1.053143
0.618224 0.941768 1.056365
0.618224 0.940617 1.059576
0.618225 0.939433 1.062775
0.618226 0.938218 1.065962
0.618226 0.936970 1.069137
0.618227 0.935691 1.072299
0.618228 0.934381 1.075448
0.618228 0.933039 1.078584
0.618229 0.933038 1.078583
0.618230 0.931664 1.081705
0.618231 0.930259 1.084813
0.618231 0.928824 1.087908
0.618232 0.927358 1.090987
0.618233 0.925861 1.094052
0.618234 0.925860 1.094051
