-0.048351 0.352188 1.473904 0.680026 0.018189 0.732434 -0.027821
-0.047746 0.352173 1.473737 0.679841 0.018446 0.732629 -0.027042
-0.047256 0.352161 1.473491 0.679667 0.018793 0.732807 -0.026315
-0.046862 0.352153 1.473274 0.679534 0.019084 0.732945 -0.025724
-0.046519 0.352215 1.473097 0.679520 0.019160 0.732961 -0.025572
-0.046112 0.352426 1.472911 0.679787 0.018823 0.732703 -0.026101
-0.045711 0.352581 1.472756 0.680001 0.018487 0.732502 -0.026427
-0.045353 0.352695 1.472634 0.680158 0.018186 0.732355 -0.026627
-0.044984 0.352842 1.472584 0.680303 0.018061 0.732227 -0.026587
-0.044411 0.353019 1.472683 0.680546 0.017692 0.732020 -0.026271
-0.043807 0.353114 1.472803 0.680734 0.017193 0.731871 -0.025877
-0.043261 0.353168 1.472909 0.680878 0.016717 0.731762 -0.025488
-0.042792 0.353366 1.473113 0.680807 0.016643 0.731828 -0.025538
-0.042328 0.353760 1.473573 0.680620 0.016814 0.731978 -0.026118
-0.041876 0.354061 1.474009 0.680498 0.016777 0.732076 -0.026550
-0.041473 0.354286 1.474378 0.680409 0.016671 0.732151 -0.026850
-0.040969 0.354505 1.474610 0.680620 0.016173 0.731962 -0.026935
-0.040184 0.354704 1.474762 0.681056 0.015102 0.731586 -0.026761
-0.039381 0.354805 1.474909 0.681376 0.014048 0.731322 -0.026421
-0.038664 0.354862 1.475037 0.681608 0.013127 0.731136 -0.026057
-0.038078 0.354948 1.475100 0.681779 0.012491 0.731002 -0.025634
-0.037667 0.355123 1.475108 0.681956 0.012066 0.730851 -0.025408
-0.037365 0.355290 1.475103 0.682114 0.011771 0.730714 -0.025264
-0.037135 0.355437 1.475093 0.682249 0.011552 0.730595 -0.025162
-0.036804 0.355456 1.475120 0.682022 0.011499 0.730836 -0.024327
-0.036306 0.355343 1.475187 0.681684 0.011240 0.731193 -0.023194
-0.035813 0.355209 1.475254 0.681406 0.010912 0.731488 -0.022184
-0.035385 0.355090 1.475312 0.681189 0.010605 0.731719 -0.021351
-0.034984 0.354937 1.475459 0.681184 0.010381 0.731767 -0.019956
-0.034641 0.354790 1.475675 0.681220 0.010026 0.731769 -0.018810
-0.034363 0.354677 1.475864 0.681250 0.009721 0.731767 -0.017927
-0.034143 0.354593 1.476018 0.681274 0.009472 0.731764 -0.017241
-0.033881 0.354508 1.476242 0.681265 0.008786 0.731786 -0.016983
-0.033589 0.354392 1.476477 0.681276 0.008063 0.731791 -0.016767
-0.033325 0.354287 1.476681 0.681275 0.007445 0.731802 -0.016567
-0.033097 0.354199 1.476876 0.681197 0.007009 0.731886 -0.016232
-0.032875 0.354123 1.477639 0.680210 0.007301 0.732845 -0.014121
-0.032661 0.354059 1.478470 0.679429 0.007268 0.733597 -0.012589
-0.032478 0.354010 1.479178 0.678833 0.007159 0.734168 -0.011432
-0.032314 0.353967 1.479892 0.678224 0.007161 0.734747 -0.010411
-0.031602 0.353684 1.482036 0.676958 0.006652 0.735934 -0.009211
-0.030524 0.353186 1.484291 0.675972 0.005068 0.736867 -0.008043
-0.029446 0.352664 1.486224 0.675181 0.003407 0.737612 -0.006954
-0.028511 0.352172 1.488054 0.674114 0.002252 0.738603 -0.005480
-0.027735 0.351643 1.490980 0.672050 0.001408 0.740498 -0.003154
-0.027061 0.351169 1.493718 0.670496 0.000161 0.741911 -0.001637
-0.026501 0.350767 1.496009 0.669305 -0.001003 0.742987 -0.000547
-0.026035 0.350368 1.498325 0.667687 -0.001363 0.744441 0.000955
-0.025459 0.349633 1.501986 0.665041 -0.001702 0.746797 0.003275
-0.024836 0.348878 1.505340 0.663021 -0.002763 0.748579 0.004953
-0.024272 0.348205 1.508138 0.661470 -0.003869 0.749936 0.006219
-0.023747 0.347622 1.510976 0.659592 -0.003623 0.751575 0.007698
-0.022958 0.346841 1.514764 0.657216 -0.002980 0.753639 0.009358
-0.022072 0.345995 1.518125 0.655396 -0.003263 0.755202 0.010718
-0.021251 0.345212 1.520923 0.653980 -0.003803 0.756410 0.011814
-0.020306 0.344480 1.524033 0.652375 -0.003159 0.757770 0.013490
-0.018530 0.343333 1.528243 0.650751 -0.003849 0.759121 0.015608
-0.016561 0.342007 1.531960 0.649501 -0.005577 0.760134 0.017734
-0.014760 0.340754 1.535045 0.648537 -0.007414 0.760894 0.019613
-0.013150 0.339629 1.538570 0.647297 -0.006324 0.761898 0.021846
-0.011392 0.338223 1.542916 0.646074 -0.005583 0.762886 0.023754
-0.009701 0.336803 1.546669 0.645150 -0.005825 0.763612 0.025399
-0.008216 0.335513 1.549772 0.644445 -0.006376 0.764156 0.026761
-0.006728 0.334438 1.553447 0.643888 -0.003786 0.764581 0.028469
-0.004849 0.333054 1.557684 0.643536 -0.002396 0.764826 0.029956
-0.002988 0.331595 1.561309 0.643265 -0.002171 0.764995 0.031412
-0.001333 0.330242 1.564308 0.643055 -0.002397 0.765119 0.032685
0.000541 0.329206 1.568226 0.642883 0.001388 0.765204 0.034082
0.003067 0.327703 1.572569 0.642787 0.003254 0.765213 0.035548
0.005582 0.326031 1.576252 0.642716 0.003683 0.765190 0.037230
0.007816 0.324450 1.579290 0.642672 0.003527 0.765151 0.038782
0.010239 0.323242 1.583575 0.643040 0.006136 0.764788 0.039516
0.013075 0.321626 1.588097 0.643557 0.006296 0.764325 0.040013
0.015756 0.319905 1.591913 0.643949 0.005493 0.763959 0.040822
0.018096 0.318308 1.595075 0.644257 0.004503 0.763660 0.041662
0.020676 0.317185 1.599253 0.645094 0.006274 0.762966 0.041198
0.023523 0.315698 1.603261 0.645901 0.005881 0.762304 0.040870
0.026152 0.314137 1.606613 0.646499 0.004809 0.761797 0.041009
0.028440 0.312736 1.609466 0.646992 0.004076 0.761361 0.041402
0.031476 0.311742 1.613638 0.648158 0.005600 0.760408 0.040490
0.034994 0.310132 1.617532 0.649204 0.004577 0.759529 0.040366
0.038267 0.308371 1.620776 0.649960 0.002859 0.758862 0.040884
0.041124 0.306841 1.623657 0.650558 0.001992 0.758308 0.041689
0.044381 0.305985 1.627930 0.651510 0.002889 0.757540 0.040740
0.047735 0.304720 1.631807 0.652313 0.001881 0.756877 0.040244
0.050748 0.303349 1.635025 0.652869 0.000389 0.756399 0.040282
0.053374 0.302264 1.637996 0.653272 0.000387 0.756039 0.040493
0.056400 0.301788 1.641991 0.653745 0.002594 0.755718 0.038754
0.059482 0.300865 1.645476 0.654087 0.002960 0.755467 0.037836
0.062248 0.299796 1.648361 0.654243 0.002619 0.755347 0.037555
0.064759 0.299009 1.651193 0.654235 0.003361 0.755356 0.037443
0.067863 0.298619 1.654954 0.654239 0.004108 0.755425 0.035866
0.070962 0.297803 1.658179 0.654220 0.003465 0.755479 0.035158
0.073721 0.296859 1.660828 0.654115 0.002416 0.755579 0.035039
0.076266 0.296171 1.663609 0.653814 0.003053 0.755880 0.034116
0.079920 0.295316 1.667085 0.653422 0.003147 0.756326 0.031622
0.083961 0.293742 1.669945 0.653158 0.001470 0.756582 0.031090
0.087658 0.291990 1.672246 0.652885 -0.000659 0.756801 0.031523
0.090871 0.290875 1.674787 0.652079 0.000349 0.757488 0.031692
0.094342 0.290380 1.677991 0.650803 0.001731 0.758672 0.029492
0.098056 0.289366 1.680734 0.649745 0.001189 0.759624 0.028319
0.101479 0.288112 1.682924 0.648840 0.000025 0.760402 0.028215
0.104519 0.287429 1.685351 0.647371 0.002414 0.761655 0.028058
0.107876 0.286943 1.688355 0.645476 0.004995 0.763293 0.026817
0.111726 0.285720 1.691146 0.644004 0.004316 0.764591 0.025327
0.115764 0.283925 1.693519 0.642934 0.001837 0.765522 0.024646
0.119501 0.282823 1.695707 0.641702 0.003784 0.766550 0.024586
0.123305 0.281987 1.698160 0.640292 0.006515 0.767721 0.024241
0.127436 0.280451 1.700508 0.639156 0.006194 0.768690 0.023604
0.131576 0.278308 1.702623 0.638469 0.003389 0.769307 0.022632
0.135658 0.277332 1.704128 0.638148 0.005549 0.769583 0.021861
0.139820 0.276737 1.705639 0.637374 0.009169 0.770206 0.021281
0.144136 0.275434 1.707251 0.636404 0.010358 0.771006 0.020791
0.148755 0.273350 1.708785 0.635667 0.008747 0.771643 0.020460
0.153226 0.272243 1.710434 0.634853 0.010747 0.772288 0.020439
0.157469 0.271409 1.712418 0.633676 0.012914 0.773252 0.019226
0.162018 0.269986 1.714172 0.632933 0.013235 0.773867 0.018704
0.166917 0.267908 1.715600 0.632507 0.012028 0.774212 0.019629
0.171517 0.266996 1.717247 0.630957 0.014640 0.775396 0.020971
0.175856 0.266230 1.719079 0.628920 0.017013 0.777006 0.020775
0.180477 0.264852 1.720678 0.627573 0.017790 0.778078 0.020720
0.185561 0.262765 1.721889 0.627429 0.016827 0.778198 0.021399
0.190350 0.262338 1.723060 0.625995 0.019619 0.779269 0.022016
0.194942 0.261901 1.724228 0.624298 0.022378 0.780559 0.021876
0.199825 0.260627 1.725184 0.623751 0.023155 0.780969 0.022049
0.204651 0.258948 1.725866 0.624284 0.022542 0.780565 0.021912
0.209467 0.259050 1.726258 0.623595 0.025341 0.781065 0.020625
0.214604 0.258548 1.726421 0.623815 0.026990 0.780847 0.020117
0.220022 0.256978 1.726494 0.625082 0.026559 0.779845 0.020219
0.225180 0.255147 1.726540 0.626694 0.025225 0.778604 0.019844
0.230426 0.254566 1.726405 0.627501 0.026958 0.777927 0.018604
0.235930 0.253108 1.726266 0.628879 0.027156 0.776813 0.018293
0.241467 0.250690 1.726231 0.630359 0.025715 0.775644 0.019074
0.246696 0.248357 1.726064 0.631987 0.023389 0.774402 0.018608
0.252269 0.247058 1.725371 0.633937 0.022470 0.772872 0.016931
0.257828 0.245016 1.724741 0.635786 0.020819 0.771402 0.016803
0.262957 0.242442 1.724225 0.637601 0.018315 0.769950 0.017487
0.267645 0.240588 1.723717 0.639006 0.015913 0.768868 0.016148
0.272701 0.239909 1.722991 0.639912 0.015392 0.768173 0.013626
0.277626 0.238509 1.722322 0.640898 0.014206 0.767391 0.012657
0.281988 0.236764 1.721778 0.641930 0.012458 0.766562 0.012397
0.286160 0.235630 1.721159 0.642767 0.010989 0.765909 0.010652
0.290994 0.234627 1.720167 0.643629 0.010589 0.765204 0.009558
0.295644 0.232828 1.719216 0.644714 0.009256 0.764304 0.009854
0.299701 0.230841 1.718443 0.645754 0.007521 0.763436 0.010557
0.303780 0.229473 1.717503 0.646757 0.005860 0.762616 0.009312
0.308330 0.227969 1.716124 0.648305 0.004481 0.761317 0.008799
0.312393 0.226131 1.714892 0.649838 0.002699 0.760013 0.009113
0.315831 0.224357 1.713903 0.651127 0.000923 0.758908 0.009608
0.319458 0.223523 1.712981 0.651758 -0.000192 0.758384 0.007987
0.323386 0.222748 1.711936 0.652307 -0.000665 0.757922 0.007126
0.326846 0.221701 1.710998 0.652923 -0.001445 0.757390 0.006994
0.329768 0.220660 1.710237 0.653454 -0.002269 0.756930 0.007103
0.332869 0.220127 1.709150 0.653885 -0.002425 0.756569 0.005669
0.336106 0.219258 1.707660 0.654708 -0.002213 0.755857 0.005619
0.338970 0.218170 1.706300 0.655580 -0.002366 0.755097 0.006165
0.341393 0.217117 1.705180 0.656318 -0.002661 0.754449 0.006810
0.344541 0.216760 1.704099 0.656906 -0.002792 0.753948 0.005477
0.347871 0.215915 1.703098 0.657579 -0.003195 0.753360 0.005321
0.350805 0.214798 1.702277 0.658201 -0.003997 0.752811 0.005659
0.353298 0.213716 1.701630 0.658695 -0.004875 0.752369 0.006031
0.356456 0.213181 1.700544 0.659015 -0.005702 0.752095 0.004375
0.359665 0.212187 1.699136 0.659695 -0.006415 0.751494 0.004372
0.362478 0.211033 1.697847 0.660405 -0.007230 0.750858 0.004927
0.364895 0.209999 1.696757 0.661010 -0.008050 0.750315 0.005311
0.367968 0.209528 1.695467 0.661748 -0.008090 0.749670 0.004294
0.370937 0.208615 1.694206 0.662581 -0.008409 0.748931 0.004366
0.373510 0.207567 1.693143 0.663312 -0.008950 0.748274 0.004804
0.375751 0.206645 1.692252 0.663908 -0.009575 0.747736 0.004961
0.378369 0.205716 1.691014 0.664734 -0.009616 0.746999 0.005364
0.380838 0.204404 1.689725 0.665664 -0.009961 0.746156 0.006641
0.382974 0.203075 1.688622 0.666467 -0.010454 0.745419 0.008025
0.384908 0.202017 1.687686 0.667058 -0.011305 0.744873 0.008348
0.387317 0.201385 1.686443 0.667523 -0.012477 0.744451 0.007102
0.389515 0.200609 1.685126 0.668124 -0.013397 0.743899 0.006796
0.391386 0.199853 1.683970 0.668670 -0.014149 0.743393 0.006835
0.393113 0.199276 1.682956 0.669122 -0.014722 0.742978 0.006489
0.395271 0.198450 1.681714 0.669663 -0.014969 0.742484 0.006688
0.397338 0.197222 1.680482 0.670330 -0.015666 0.741856 0.007794
0.399138 0.195969 1.679433 0.670911 -0.016441 0.741300 0.009049
0.400849 0.194971 1.678582 0.671298 -0.017819 0.740918 0.009092
0.402768 0.194123 1.677813 0.671476 -0.019663 0.740718 0.008461
0.404438 0.193255 1.677123 0.671635 -0.021170 0.740534 0.008265
0.405834 0.192483 1.676554 0.671747 -0.022348 0.740398 0.008240
0.407182 0.191906 1.676038 0.671712 -0.023982 0.740390 0.007172
0.408703 0.191226 1.675269 0.671646 -0.025675 0.740400 0.006280
0.410057 0.190472 1.674449 0.671711 -0.026960 0.740298 0.006045
0.410895 0.190941 1.673952 0.671613 -0.026616 0.740406 0.005114
0.411652 0.191834 1.673579 0.671515 -0.026441 0.740512 0.003294
0.412644 0.191635 1.673327 0.671415 -0.027044 0.740583 0.002883
0.413658 0.190964 1.673164 0.671277 -0.028067 0.740670 0.002895
0.414619 0.190417 1.673026 0.671147 -0.028827 0.740758 0.002923
0.415693 0.189993 1.672720 0.671070 -0.030866 0.740750 0.001129
0.416783 0.189403 1.672260 0.671023 -0.032985 0.740703 -0.000473
0.417708 0.188889 1.671847 0.670984 -0.034568 0.740664 -0.001592
0.418513 0.188392 1.671487 0.670958 -0.035858 0.740624 -0.002327
0.419575 0.187905 1.671151 0.671073 -0.038154 0.740395 -0.004328
0.420692 0.187508 1.670899 0.671195 -0.040062 0.740174 -0.005937
0.421646 0.187083 1.670715 0.671258 -0.041642 0.740019 -0.007061
0.422460 0.186671 1.670574 0.671295 -0.042885 0.739907 -0.007818
0.423637 0.186117 1.670180 0.671464 -0.045751 0.739550 -0.010430
0.424889 0.185516 1.669633 0.671624 -0.048059 0.739230 -0.012252
0.425969 0.184892 1.669151 0.671739 -0.049926 0.738981 -0.013478
0.426905 0.184269 1.668729 0.671843 -0.051553 0.738757 -0.014391
0.427948 0.183590 1.668202 0.672250 -0.056205 0.737946 -0.018873
0.428914 0.182804 1.667951 0.672440 -0.060118 0.737373 -0.022167
0.429759 0.181994 1.667761 0.672583 -0.063286 0.736904 -0.024500
0.430484 0.181247 1.667551 0.672738 -0.066213 0.736428 -0.026679
0.430857 0.180507 1.667034 0.673048 -0.072656 0.735288 -0.032855
0.430909 0.179880 1.666834 0.673032 -0.078145 0.734486 -0.038107
0.430897 0.179485 1.666722 0.672981 -0.082335 0.733847 -0.042252
0.430894 0.179187 1.666614 0.672937 -0.086199 0.733209 -0.046151
0.430928 0.178813 1.666440 0.672908 -0.092471 0.732029 -0.052707
0.430950 0.178431 1.666228 0.672800 -0.098806 0.730802 -0.059203
0.430956 0.178070 1.666020 0.672642 -0.104347 0.729708 -0.064736
0.430955 0.177713 1.665807 0.672469 -0.109536 0.728635 -0.069849
0.430928 0.177277 1.665534 0.672286 -0.115743 0.727244 -0.075835
0.430905 0.176810 1.665195 0.671992 -0.122216 0.725795 -0.081925
0.430884 0.176370 1.664824 0.671557 -0.128771 0.724335 -0.088130
0.430844 0.175968 1.664454 0.671077 -0.135158 0.722855 -0.094173
0.430720 0.175463 1.664025 0.670612 -0.142352 0.721026 -0.100679
0.430621 0.174920 1.663549 0.670053 -0.149561 0.719158 -0.107105
0.430555 0.174622 1.663123 0.669322 -0.156550 0.717317 -0.113827
0.430494 0.174709 1.662784 0.668440 -0.163477 0.715391 -0.121159
0.430334 0.174986 1.662389 0.667571 -0.170581 0.713178 -0.128949
0.430162 0.175499 1.661800 0.666529 -0.178245 0.710652 -0.137622
0.430038 0.175806 1.661280 0.665240 -0.186047 0.708172 -0.146069
0.429860 0.176217 1.660831 0.663841 -0.193809 0.705574 -0.154657
0.429566 0.176715 1.660385 0.662414 -0.201632 0.702774 -0.163281
0.429302 0.177180 1.659938 0.660876 -0.209331 0.699960 -0.171696
0.429065 0.177645 1.659506 0.659217 -0.216872 0.697140 -0.179991
0.428823 0.178109 1.659192 0.657591 -0.224115 0.694263 -0.188003
0.428584 0.178565 1.658937 0.656056 -0.231241 0.691224 -0.195776
0.428372 0.179002 1.658657 0.654405 -0.238304 0.688168 -0.203445
0.428180 0.179420 1.658377 0.652638 -0.245201 0.685160 -0.210941
0.427739 0.179846 1.658214 0.650889 -0.251845 0.682111 -0.218271
0.427087 0.180257 1.658073 0.649097 -0.258661 0.678855 -0.225661
0.426528 0.180625 1.657918 0.647151 -0.265466 0.675621 -0.232937
0.426073 0.180848 1.657820 0.645323 -0.271419 0.672832 -0.239136
0.425662 0.181407 1.657677 0.643065 -0.278181 0.669478 -0.246743
0.425333 0.181765 1.657513 0.640462 -0.285466 0.665994 -0.254497
0.425038 0.182113 1.657384 0.638148 -0.291727 0.662881 -0.261250
0.424786 0.182365 1.657317 0.636268 -0.296688 0.660360 -0.266577
0.424137 0.182963 1.657310 0.633896 -0.302735 0.657015 -0.273604
0.423418 0.183251 1.657222 0.631539 -0.308871 0.653726 -0.280000
0.422828 0.183376 1.657218 0.629558 -0.313832 0.651100 -0.285019
0.422329 0.183564 1.657296 0.627941 -0.317682 0.648978 -0.289129
0.421953 0.184159 1.657437 0.625239 -0.323869 0.645316 -0.296229
0.421729 0.184210 1.657513 0.622913 -0.329489 0.642147 -0.301768
0.421540 0.184315 1.657662 0.621086 -0.333798 0.639576 -0.306222
0.421357 0.184505 1.657841 0.619482 -0.337402 0.637335 -0.310171
0.421077 0.184859 1.657931 0.616640 -0.343159 0.633860 -0.316574
0.420810 0.184992 1.657949 0.614160 -0.348179 0.630867 -0.321848
0.420586 0.185074 1.658023 0.612138 -0.352140 0.628483 -0.326028
0.420386 0.185307 1.658165 0.610155 -0.355769 0.626190 -0.330190
0.420250 0.185562 1.658305 0.606838 -0.361741 0.622462 -0.336798
0.420157 0.185566 1.658392 0.604057 -0.366834 0.619279 -0.342113
0.420081 0.185565 1.658537 0.601832 -0.370786 0.616752 -0.346313
0.420016 0.185791 1.658721 0.599467 -0.374687 0.614129 -0.350847
0.420043 0.186117 1.658616 0.595967 -0.380386 0.610416 -0.357102
0.420098 0.186346 1.658452 0.592935 -0.385214 0.607279 -0.362286
0.420143 0.186523 1.658352 0.590455 -0.389043 0.604763 -0.366428
0.420205 0.186847 1.658359 0.587594 -0.393221 0.601876 -0.371288
0.420431 0.187106 1.658373 0.583576 -0.399195 0.597697 -0.377944
0.420679 0.187244 1.658353 0.580198 -0.404214 0.594102 -0.383438
0.420893 0.187315 1.658393 0.577494 -0.408135 0.591257 -0.387739
0.421078 0.187575 1.658450 0.574506 -0.412189 0.588204 -0.392505
0.421298 0.187880 1.658248 0.571000 -0.416862 0.584739 -0.397825
0.421511 0.188117 1.658049 0.567957 -0.420803 0.581830 -0.402272
0.421697 0.188244 1.657920 0.565534 -0.423887 0.579567 -0.405701
0.421901 0.188556 1.657866 0.562556 -0.427464 0.576786 -0.410028
0.422226 0.188892 1.657667 0.559100 -0.431637 0.573523 -0.414930
0.422538 0.189057 1.657468 0.556204 -0.435120 0.570852 -0.418850
0.422796 0.189171 1.657359 0.553906 -0.437800 0.568763 -0.421934
0.422998 0.189487 1.657408 0.550946 -0.441133 0.566038 -0.425982
0.423217 0.189749 1.657376 0.547808 -0.445012 0.562966 -0.430045
0.423435 0.189864 1.657311 0.545189 -0.448280 0.560435 -0.433275
0.423613 0.189944 1.657320 0.543096 -0.450784 0.558444 -0.435867
0.423745 0.190134 1.657301 0.540787 -0.453230 0.556378 -0.438835
0.423873 0.190250 1.657111 0.538662 -0.455420 0.554570 -0.441461
0.423993 0.190319 1.656971 0.536861 -0.457203 0.553116 -0.443630
0.424105 0.190332 1.656860 0.535435 -0.458598 0.552023 -0.445273
0.424112 0.190548 1.656748 0.533231 -0.460752 0.550177 -0.447970
0.424064 0.190724 1.656526 0.531018 -0.463023 0.548332 -0.450513
0.424029 0.190814 1.656369 0.529163 -0.464880 0.546865 -0.452562
0.424001 0.190859 1.656262 0.527674 -0.466325 0.545732 -0.454178
0.423824 0.190882 1.656173 0.526663 -0.467067 0.545215 -0.455210
0.423608 0.190791 1.656020 0.525784 -0.467689 0.544959 -0.455891
0.423430 0.190668 1.655901 0.525054 -0.468182 0.544814 -0.456402
0.423274 0.190533 1.655813 0.524461 -0.468546 0.544769 -0.456762
0.422874 0.190385 1.655759 0.525031 -0.467851 0.545785 -0.455607
0.422476 0.190262 1.655658 0.525425 -0.467400 0.546727 -0.454484
0.422144 0.190108 1.655564 0.525664 -0.467086 0.547526 -0.453568
0.421807 0.189894 1.655471 0.526201 -0.466469 0.548552 -0.452339
0.420709 0.189502 1.655465 0.530466 -0.462105 0.553118 -0.446232
0.419575 0.189342 1.655491 0.533701 -0.458687 0.556755 -0.441355
0.418606 0.189118 1.655414 0.536186 -0.456079 0.559635 -0.437384
0.417674 0.188837 1.655297 0.539060 -0.453060 0.562929 -0.432736
0.415981 0.189021 1.655255 0.544616 -0.447235 0.569715 -0.422847
0.414445 0.189380 1.655141 0.548524 -0.443109 0.575251 -0.414563
0.413118 0.189717 1.655051 0.551525 -0.439760 0.579585 -0.408059
0.411761 0.189800 1.654919 0.555135 -0.435730 0.584751 -0.400039
0.409381 0.189987 1.655055 0.561141 -0.428533 0.593872 -0.385740
0.407217 0.190400 1.655228 0.565610 -0.422791 0.601351 -0.373777
0.405365 0.190724 1.655351 0.568949 -0.418283 0.607185 -0.364227
0.403563 0.190343 1.655728 0.571614 -0.414023 0.614193 -0.353000
0.401004 0.188693 1.656357 0.574119 -0.409217 0.624554 -0.335946
0.398568 0.187601 1.657086 0.576868 -0.403652 0.633231 -0.321413
