-0.044116 0.397223 1.468484 0.712476 -0.042114 0.698300 0.054603
-0.044152 0.397361 1.468560 0.712371 -0.042315 0.698359 0.055051
-0.044345 0.397508 1.468408 0.712412 -0.042796 0.698238 0.055679
-0.044690 0.397726 1.468185 0.712508 -0.042939 0.698107 0.055998
-0.045059 0.397954 1.467980 0.712600 -0.042925 0.698001 0.056145
-0.045392 0.398169 1.467808 0.712677 -0.042904 0.697921 0.056189
-0.045240 0.398340 1.467579 0.712817 -0.043707 0.697747 0.055953
-0.044718 0.398341 1.467362 0.712887 -0.044711 0.697591 0.056212
-0.044110 0.398263 1.467187 0.712903 -0.045699 0.697475 0.056658
-0.043551 0.398176 1.467062 0.712871 -0.046531 0.697405 0.057241
-0.043382 0.398278 1.467176 0.712739 -0.047040 0.697463 0.057770
-0.043488 0.398510 1.467344 0.712691 -0.047229 0.697497 0.057790
-0.043689 0.398762 1.467491 0.712686 -0.047261 0.697511 0.057642
-0.043891 0.399020 1.467619 0.712707 -0.047136 0.697497 0.057660
-0.043862 0.399602 1.467987 0.712869 -0.046730 0.697306 0.058295
-0.043653 0.400125 1.468453 0.713016 -0.046655 0.697127 0.058706
-0.043389 0.400526 1.468870 0.713114 -0.046732 0.696988 0.059096
-0.043098 0.400835 1.469225 0.713178 -0.046880 0.696887 0.059391
-0.042403 0.400834 1.469506 0.713087 -0.047424 0.696915 0.059725
-0.041519 0.400653 1.469713 0.712934 -0.048207 0.696954 0.060461
-0.040660 0.400437 1.469881 0.712788 -0.048997 0.696982 0.061232
-0.039874 0.400297 1.470131 0.712589 -0.049354 0.697073 0.062223
-0.038784 0.400341 1.471170 0.712179 -0.049428 0.697365 0.063550
-0.037562 0.400291 1.472315 0.711805 -0.050066 0.697596 0.064701
-0.036412 0.400187 1.473312 0.711477 -0.050829 0.697780 0.065734
-0.035347 0.400199 1.474303 0.711021 -0.050922 0.698132 0.066839
-0.033678 0.400549 1.475980 0.710100 -0.050215 0.699011 0.067970
-0.031715 0.400633 1.477624 0.709296 -0.050484 0.699680 0.069267
-0.029840 0.400562 1.479030 0.708615 -0.051127 0.700192 0.070580
-0.028155 0.400559 1.480495 0.707803 -0.050740 0.700872 0.072252
-0.026305 0.400835 1.483122 0.706476 -0.048894 0.702159 0.073983
-0.024448 0.400935 1.485668 0.705378 -0.048167 0.703163 0.075383
-0.022772 0.400916 1.487827 0.704497 -0.047947 0.703930 0.076607
-0.021236 0.400958 1.489986 0.703274 -0.047139 0.705032 0.078189
-0.019135 0.401087 1.493240 0.701231 -0.046173 0.706891 0.080296
-0.016855 0.400938 1.496303 0.699561 -0.046430 0.708302 0.082258
-0.014738 0.400658 1.498889 0.698205 -0.047121 0.709385 0.084041
-0.012750 0.400466 1.501458 0.696558 -0.046399 0.710798 0.086141
-0.010028 0.400153 1.504987 0.694060 -0.044625 0.713005 0.088960
-0.007101 0.399486 1.508203 0.691996 -0.044411 0.714661 0.091809
-0.004401 0.398721 1.510895 0.690338 -0.044821 0.715899 0.094411
-0.001989 0.398105 1.513606 0.688464 -0.044204 0.717386 0.097057
0.000531 0.397502 1.517264 0.686091 -0.043005 0.719377 0.099632
0.002922 0.396766 1.520579 0.684193 -0.042885 0.720882 0.101837
0.005016 0.396034 1.523348 0.682683 -0.043172 0.722028 0.103701
0.006994 0.395591 1.526173 0.680919 -0.042088 0.723498 0.105491
0.009645 0.395164 1.529894 0.678710 -0.040616 0.725386 0.107327
0.012419 0.394401 1.533246 0.676912 -0.040572 0.726771 0.109304
0.014953 0.393553 1.536045 0.675465 -0.041080 0.727803 0.111182
0.017320 0.393003 1.539059 0.673818 -0.040256 0.729171 0.112512
0.020048 0.392508 1.543244 0.671944 -0.039393 0.730863 0.113041
0.022724 0.391736 1.547040 0.670432 -0.039759 0.732121 0.113752
0.025108 0.390902 1.550212 0.669218 -0.040534 0.733066 0.114536
0.027436 0.390439 1.553438 0.667342 -0.039472 0.734721 0.115249
0.030443 0.389985 1.557211 0.664920 -0.038031 0.736846 0.116158
0.033504 0.389145 1.560503 0.662980 -0.037964 0.738382 0.117511
0.036268 0.388205 1.563235 0.661431 -0.038448 0.739515 0.118939
0.038974 0.387493 1.566383 0.659499 -0.037122 0.741210 0.119546
0.042305 0.386373 1.570593 0.657326 -0.036351 0.743118 0.119906
0.045615 0.384891 1.574347 0.655563 -0.037015 0.744492 0.120823
0.048574 0.383394 1.577470 0.654145 -0.038122 0.745506 0.121911
0.051484 0.382329 1.580781 0.652125 -0.037195 0.747283 0.122140
0.055018 0.381008 1.584594 0.649873 -0.036585 0.749223 0.122442
0.058491 0.379358 1.587899 0.648063 -0.037248 0.750597 0.123414
0.061575 0.377723 1.590637 0.646617 -0.038324 0.751597 0.124572
0.064663 0.376670 1.593806 0.644553 -0.036319 0.753447 0.124698
0.068491 0.375311 1.597674 0.642293 -0.034655 0.755409 0.124964
0.072266 0.373529 1.601038 0.640470 -0.034632 0.756780 0.126025
0.075625 0.371731 1.603823 0.639018 -0.035234 0.757762 0.127323
0.079010 0.370272 1.606946 0.637152 -0.033233 0.759520 0.126739
0.083170 0.368097 1.610540 0.635236 -0.032273 0.761180 0.126647
0.087245 0.365544 1.613636 0.633673 -0.032881 0.762295 0.127602
0.090852 0.363079 1.616195 0.632422 -0.034006 0.763071 0.128874
0.094237 0.361358 1.619141 0.630354 -0.032107 0.764989 0.128121
0.097849 0.359455 1.622448 0.628258 -0.030682 0.766895 0.127369
0.101201 0.357363 1.625282 0.626591 -0.030519 0.768259 0.127400
0.104106 0.355382 1.627630 0.625275 -0.030859 0.769257 0.127756
0.107274 0.353945 1.630304 0.623615 -0.027727 0.770983 0.126181
0.111352 0.351766 1.633113 0.622008 -0.025783 0.772428 0.125684
0.115358 0.349165 1.635480 0.620698 -0.025536 0.773362 0.126463
0.118905 0.346637 1.637434 0.619657 -0.025977 0.773987 0.127650
0.122482 0.344762 1.640291 0.617961 -0.022976 0.775640 0.126406
0.126456 0.342410 1.643705 0.616330 -0.021131 0.777192 0.125150
0.130168 0.339795 1.646640 0.614998 -0.020836 0.778282 0.124978
0.133391 0.337315 1.649073 0.613941 -0.021163 0.779060 0.125274
0.136881 0.335361 1.651914 0.612268 -0.018327 0.780717 0.123588
0.140964 0.332629 1.654868 0.610680 -0.017162 0.782062 0.123104
0.144825 0.329634 1.657357 0.609398 -0.017418 0.782954 0.123750
0.148182 0.326822 1.659418 0.608391 -0.018193 0.783561 0.124747
0.151980 0.324782 1.661942 0.607182 -0.015939 0.784907 0.122458
0.156420 0.321987 1.664543 0.606055 -0.015470 0.785953 0.121392
0.160589 0.318902 1.666723 0.605109 -0.016266 0.786620 0.121686
0.164203 0.316000 1.668531 0.604350 -0.017465 0.787058 0.122455
0.168105 0.314053 1.670481 0.603485 -0.015000 0.788107 0.120277
0.172513 0.311549 1.672295 0.602672 -0.013864 0.788872 0.119478
0.176612 0.308775 1.673782 0.602007 -0.013945 0.789308 0.119944
0.180155 0.306159 1.675018 0.601482 -0.014516 0.789563 0.120828
0.184048 0.304539 1.676213 0.601095 -0.012621 0.790346 0.117813
0.188665 0.302302 1.677218 0.600728 -0.012080 0.790802 0.116670
0.193141 0.299584 1.677998 0.600403 -0.012756 0.790961 0.117197
0.197071 0.296929 1.678638 0.600137 -0.013800 0.790987 0.118255
0.201080 0.295045 1.679483 0.600124 -0.011782 0.791384 0.115857
0.205631 0.292507 1.680262 0.600044 -0.011255 0.791553 0.115171
0.209981 0.289570 1.680866 0.599950 -0.011899 0.791499 0.115972
0.213779 0.286774 1.681361 0.599871 -0.012861 0.791376 0.117103
0.217785 0.284966 1.682101 0.599893 -0.011632 0.791700 0.114905
0.222176 0.282650 1.682804 0.599804 -0.011620 0.791867 0.114222
0.226265 0.280028 1.683345 0.599685 -0.012472 0.791854 0.114837
0.229805 0.277578 1.683795 0.599583 -0.013444 0.791804 0.115610
0.233604 0.275717 1.684509 0.599666 -0.012875 0.792242 0.112195
0.237962 0.273046 1.685116 0.599669 -0.013678 0.792414 0.110862
0.242133 0.269950 1.685548 0.599620 -0.015337 0.792370 0.111226
0.245794 0.267061 1.685891 0.599539 -0.016985 0.792302 0.111901
0.249831 0.265290 1.686469 0.599390 -0.017685 0.792840 0.108741
0.254199 0.263034 1.686911 0.599220 -0.019080 0.793142 0.107225
0.258255 0.260452 1.687188 0.599042 -0.020945 0.793230 0.107215
0.261786 0.258087 1.687392 0.598847 -0.022424 0.793302 0.107480
0.265709 0.256537 1.687399 0.598733 -0.021632 0.793767 0.104808
0.269745 0.254478 1.687077 0.598812 -0.021561 0.793819 0.103972
0.273355 0.252278 1.686689 0.598898 -0.021961 0.793711 0.104222
0.276523 0.250370 1.686371 0.598914 -0.022197 0.793656 0.104496
0.280497 0.249064 1.686415 0.598633 -0.021335 0.794109 0.102834
0.284665 0.246981 1.686336 0.598414 -0.021682 0.794262 0.102853
0.288433 0.244656 1.686157 0.598294 -0.022562 0.794198 0.103848
0.291799 0.242655 1.685978 0.598220 -0.023340 0.794163 0.104378
0.295949 0.241638 1.685745 0.598129 -0.023104 0.794553 0.101952
0.299973 0.240220 1.685299 0.598168 -0.023313 0.794637 0.101021
0.303503 0.238685 1.684810 0.598272 -0.023766 0.794553 0.100948
0.306665 0.237396 1.684385 0.598425 -0.024074 0.794479 0.100556
0.310528 0.236333 1.684198 0.598683 -0.024255 0.794551 0.098385
0.314213 0.234723 1.684006 0.598958 -0.025245 0.794417 0.097545
0.317437 0.233023 1.683793 0.599230 -0.026423 0.794186 0.097439
0.320371 0.231674 1.683580 0.599505 -0.027269 0.794007 0.096969
0.323870 0.231092 1.683301 0.599813 -0.026941 0.793989 0.095290
0.327072 0.230296 1.682936 0.600148 -0.026901 0.793834 0.094483
0.329827 0.229448 1.682574 0.600471 -0.027020 0.793621 0.094183
0.332440 0.228847 1.682166 0.600912 -0.027185 0.793435 0.092873
0.336147 0.228287 1.681318 0.602016 -0.027287 0.792921 0.090045
0.339747 0.227038 1.680380 0.603129 -0.028023 0.792175 0.088939
0.342918 0.225604 1.679515 0.604121 -0.028987 0.791414 0.088659
0.345841 0.224433 1.678729 0.605020 -0.029890 0.790816 0.087558
0.349262 0.223486 1.677784 0.606093 -0.030514 0.790236 0.085131
0.352411 0.222216 1.676843 0.607104 -0.031409 0.789554 0.083929
0.355129 0.220923 1.676006 0.607986 -0.032348 0.788897 0.083356
0.357730 0.220014 1.675276 0.608750 -0.033162 0.788442 0.081750
0.360921 0.219479 1.674598 0.609399 -0.033781 0.788227 0.078682
0.363837 0.218620 1.673937 0.610002 -0.034627 0.787908 0.076818
0.366349 0.217698 1.673345 0.610539 -0.035481 0.787564 0.075673
0.368802 0.217057 1.672627 0.611259 -0.035974 0.787169 0.073707
0.371855 0.216408 1.671253 0.612576 -0.035738 0.786371 0.071378
0.374708 0.215347 1.669812 0.613876 -0.035806 0.785437 0.070443
0.377191 0.214207 1.668529 0.615015 -0.036061 0.784562 0.070130
0.379798 0.213356 1.667338 0.616311 -0.036132 0.783619 0.069244
0.383235 0.212196 1.666183 0.617979 -0.036408 0.782364 0.068433
0.386410 0.210503 1.665219 0.619367 -0.037426 0.781204 0.068586
0.389159 0.208766 1.664422 0.620505 -0.038618 0.780196 0.069104
0.391869 0.207527 1.663647 0.621590 -0.039564 0.779360 0.068255
0.394965 0.206626 1.662707 0.622804 -0.039935 0.778511 0.066633
0.397713 0.205548 1.661821 0.623870 -0.040472 0.777699 0.065817
0.400053 0.204501 1.661059 0.624763 -0.041036 0.776987 0.065403
0.402244 0.203670 1.660278 0.625586 -0.041924 0.776417 0.063719
0.404560 0.202691 1.659204 0.626549 -0.043011 0.775736 0.061810
0.406639 0.201558 1.658145 0.627454 -0.044051 0.775022 0.060842
0.408421 0.200476 1.657214 0.628235 -0.044985 0.774376 0.060321
0.410268 0.199735 1.656403 0.629000 -0.045751 0.773845 0.058559
0.412394 0.198801 1.655775 0.629652 -0.046673 0.773414 0.056488
0.414322 0.197603 1.655266 0.630165 -0.047844 0.773009 0.055319
0.415985 0.196423 1.654847 0.630581 -0.048972 0.772647 0.054643
0.417798 0.195736 1.654303 0.631338 -0.049751 0.772114 0.052702
0.419848 0.195271 1.653657 0.632334 -0.050102 0.771427 0.050429
0.421333 0.195308 1.653199 0.633093 -0.049468 0.771042 0.047328
0.422348 0.195975 1.652914 0.633661 -0.048361 0.770835 0.044146
0.423608 0.196344 1.652489 0.634625 -0.048385 0.770249 0.040323
0.424815 0.196586 1.652374 0.635430 -0.048216 0.769826 0.035646
0.425789 0.196816 1.652474 0.635937 -0.048094 0.769588 0.031731
0.426587 0.197019 1.652610 0.636317 -0.047929 0.769409 0.028542
0.427659 0.197205 1.652417 0.637223 -0.048861 0.768752 0.024073
0.428866 0.197132 1.652225 0.638084 -0.050025 0.768098 0.019302
0.429862 0.196766 1.652202 0.638588 -0.051317 0.767675 0.015701
0.430738 0.196101 1.652301 0.638867 -0.052849 0.767384 0.013297
0.431784 0.195576 1.652286 0.639797 -0.055755 0.766458 0.009623
0.432130 0.195486 1.652496 0.640793 -0.057872 0.765516 0.004397
0.432171 0.195681 1.652767 0.641359 -0.059602 0.764922 -0.000638
0.432214 0.196064 1.653059 0.641782 -0.060808 0.764457 -0.004743
0.432345 0.196332 1.653617 0.642366 -0.063369 0.763698 -0.010701
0.432501 0.196620 1.654120 0.643153 -0.065475 0.762745 -0.016937
0.432615 0.196830 1.654518 0.643768 -0.067369 0.761927 -0.022168
0.432699 0.197004 1.654864 0.644276 -0.068920 0.761222 -0.026444
0.432777 0.197150 1.655539 0.644887 -0.072581 0.760109 -0.032967
0.432887 0.197308 1.656018 0.645724 -0.076128 0.758753 -0.039230
0.432957 0.197499 1.656402 0.646342 -0.079129 0.757623 -0.044578
0.433003 0.197693 1.656722 0.646813 -0.081656 0.756675 -0.049067
0.433018 0.197764 1.657550 0.647460 -0.086513 0.755115 -0.055776
0.433073 0.197795 1.658167 0.648407 -0.091743 0.753151 -0.062577
0.433098 0.197809 1.658608 0.649239 -0.096079 0.751398 -0.068259
0.433108 0.197813 1.658958 0.649706 -0.100014 0.750021 -0.073136
0.433101 0.197732 1.659764 0.650289 -0.105873 0.747977 -0.080279
0.433134 0.197646 1.660403 0.650944 -0.112140 0.745653 -0.087736
0.433152 0.197615 1.660905 0.651380 -0.118220 0.743422 -0.095139
0.433162 0.197594 1.661245 0.651549 -0.123689 0.741535 -0.101541
0.433063 0.197380 1.661904 0.652009 -0.130390 0.738963 -0.108701
0.433029 0.197038 1.662353 0.652532 -0.137366 0.736180 -0.115634
0.433010 0.196621 1.662637 0.652730 -0.144417 0.733538 -0.122508
0.432995 0.196181 1.662808 0.652614 -0.151390 0.731077 -0.129241
0.432925 0.195705 1.663208 0.652633 -0.159118 0.728103 -0.136444
0.432886 0.195265 1.663541 0.652761 -0.166596 0.724956 -0.143481
0.432870 0.194881 1.663754 0.652492 -0.174048 0.722010 -0.150547
0.432852 0.194531 1.663895 0.651933 -0.181384 0.719185 -0.157653
0.432746 0.194164 1.664005 0.651435 -0.189181 0.716000 -0.164879
0.432688 0.193818 1.664012 0.650855 -0.196841 0.712822 -0.171831
0.432661 0.193467 1.663905 0.649965 -0.204476 0.709796 -0.178673
0.432636 0.193138 1.663763 0.648866 -0.211940 0.706842 -0.185549
0.432496 0.192682 1.663751 0.648262 -0.219286 0.703447 -0.191922
0.432392 0.192209 1.663666 0.647573 -0.226586 0.700061 -0.198046
0.432326 0.191746 1.663496 0.646632 -0.233802 0.696772 -0.204233
0.432272 0.191324 1.663275 0.645469 -0.240924 0.693529 -0.210577
0.432186 0.190935 1.663181 0.644077 -0.248847 0.689821 -0.217684
0.432113 0.190584 1.663121 0.642654 -0.256441 0.686112 -0.224685
0.432065 0.190329 1.663046 0.641085 -0.263711 0.682475 -0.231721
0.432026 0.190104 1.662906 0.639324 -0.270870 0.678939 -0.238610
0.431921 0.189880 1.662850 0.637681 -0.277963 0.675301 -0.245089
0.431841 0.189643 1.662737 0.635979 -0.284929 0.671679 -0.251383
0.431784 0.189434 1.662578 0.634100 -0.291765 0.668105 -0.257731
0.431736 0.189251 1.662384 0.632038 -0.298528 0.664550 -0.264164
0.431629 0.188869 1.662060 0.629834 -0.305557 0.660758 -0.270819
0.431523 0.188409 1.661630 0.627640 -0.312424 0.656976 -0.277204
0.431439 0.187967 1.661145 0.625379 -0.319148 0.653227 -0.283444
0.431355 0.187572 1.660659 0.623006 -0.325782 0.649479 -0.289665
0.431140 0.187313 1.660315 0.620402 -0.332815 0.645302 -0.296514
0.430899 0.187174 1.659812 0.617402 -0.340625 0.640397 -0.304434
0.430710 0.187093 1.659573 0.614059 -0.348026 0.635910 -0.312135
0.430499 0.187035 1.659523 0.610988 -0.354302 0.631986 -0.318995
0.430074 0.186791 1.659757 0.607347 -0.361331 0.627190 -0.327418
0.429745 0.186453 1.660133 0.603902 -0.367520 0.622955 -0.334900
0.429515 0.186294 1.660523 0.601104 -0.372402 0.619700 -0.340532
0.429269 0.186378 1.660856 0.598505 -0.376797 0.616830 -0.345452
0.428599 0.186564 1.660847 0.595449 -0.382052 0.613446 -0.350943
0.428042 0.186518 1.660692 0.593035 -0.386316 0.610855 -0.354861
0.427580 0.186488 1.660597 0.591089 -0.389639 0.608824 -0.357949
0.427159 0.186503 1.660560 0.589481 -0.392300 0.607162 -0.360508
0.426707 0.186513 1.660539 0.588112 -0.394618 0.605749 -0.362588
0.426328 0.186479 1.660538 0.586996 -0.396476 0.604665 -0.364175
0.426008 0.186445 1.660578 0.586072 -0.397937 0.603817 -0.365474
0.425596 0.186432 1.660671 0.585538 -0.398769 0.603395 -0.366120
0.424768 0.186352 1.660701 0.585484 -0.399045 0.603818 -0.365205
0.424082 0.186137 1.660593 0.585449 -0.399391 0.604330 -0.364035
0.423482 0.186009 1.660487 0.585512 -0.399548 0.604701 -0.363145
0.422858 0.185989 1.660366 0.586468 -0.398550 0.606068 -0.360408
0.422157 0.186181 1.659980 0.588048 -0.396772 0.610036 -0.353027
0.421575 0.186362 1.659513 0.588973 -0.395653 0.613548 -0.346595
0.421068 0.186542 1.659217 0.589499 -0.394755 0.616407 -0.341616
0.420298 0.186964 1.659289 0.590812 -0.392380 0.619948 -0.335623
0.418925 0.187629 1.659605 0.592398 -0.389093 0.625829 -0.325589
0.417682 0.188229 1.659870 0.593099 -0.386844 0.630864 -0.317167
0.416603 0.188703 1.660106 0.593510 -0.385036 0.634905 -0.310467
0.415477 0.189008 1.660294 0.594644 -0.382011 0.639699 -0.302078
0.413893 0.189584 1.660197 0.596270 -0.377831 0.645835 -0.290866
0.412376 0.190398 1.659986 0.597610 -0.374204 0.650645 -0.281949
0.411034 0.191175 1.659764 0.598695 -0.371151 0.654389 -0.274932
0.409578 0.191725 1.659640 0.600231 -0.367080 0.659074 -0.265700
0.407373 0.192721 1.659606 0.602061 -0.362030 0.664735 -0.254136
0.405198 0.194183 1.659615 0.603698 -0.357398 0.668969 -0.245553
0.403239 0.195725 1.659710 0.605025 -0.353393 0.672161 -0.239284
0.401140 0.196743 1.660031 0.606373 -0.348100 0.676909 -0.230068
0.398316 0.197860 1.660523 0.607598 -0.341606 0.682832 -0.218790
0.395611 0.199535 1.661015 0.608757 -0.335747 0.687218 -0.210760
0.393211 0.201270 1.661507 0.609685 -0.330777 0.690548 -0.204973
0.390641 0.202268 1.662294 0.610662 -0.324294 0.695474 -0.195551
0.387452 0.202781 1.663604 0.610987 -0.317257 0.701546 -0.184057
0.384547 0.203616 1.664917 0.611083 -0.311418 0.706207 -0.175693
0.382030 0.204501 1.666112 0.611033 -0.306677 0.709823 -0.169527
0.379338 0.205053 1.667313 0.611431 -0.299840 0.714645 -0.159783
0.375996 0.206098 1.668308 0.612403 -0.290803 0.720054 -0.148044
0.372887 0.207698 1.669111 0.613345 -0.282884 0.724088 -0.139570
0.370166 0.209341 1.669818 0.614054 -0.276309 0.727184 -0.133391
0.367340 0.210467 1.670977 0.614531 -0.268594 0.731178 -0.124847
0.364210 0.211464 1.672655 0.614427 -0.260618 0.735653 -0.115639
0.361414 0.212622 1.674198 0.614179 -0.254116 0.739143 -0.108981
0.359015 0.213712 1.675527 0.613865 -0.248888 0.741889 -0.104050
0.356478 0.214319 1.677307 0.613649 -0.241962 0.745374 -0.096469
0.353749 0.214644 1.679633 0.613063 -0.234672 0.749239 -0.087875
0.351358 0.215045 1.681736 0.612346 -0.228932 0.752322 -0.081452
0.349326 0.215430 1.683517 0.611631 -0.224419 0.754769 -0.076598
0.347159 0.215912 1.685790 0.611035 -0.218069 0.757720 -0.070302
0.344754 0.216950 1.688566 0.610206 -0.211181 0.760845 -0.064547
0.342549 0.218185 1.691018 0.609390 -0.205508 0.763368 -0.060658
0.340634 0.219344 1.693067 0.608642 -0.200911 0.765401 -0.057886
0.338709 0.220247 1.695447 0.608211 -0.194002 0.767894 -0.052746
0.336902 0.220839 1.698005 0.607552 -0.186917 0.770558 -0.046726
0.335384 0.221275 1.700179 0.606800 -0.181368 0.772749 -0.041931
0.334121 0.221594 1.701972 0.606060 -0.177037 0.774528 -0.038154
0.332901 0.221990 1.704475 0.605371 -0.171212 0.776610 -0.033015
0.331655 0.222402 1.707712 0.603914 -0.166852 0.778832 -0.029470
0.330534 0.222771 1.710614 0.602455 -0.163656 0.780726 -0.027045
0.329571 0.223076 1.713033 0.601178 -0.161177 0.782285 -0.025232
0.328973 0.223694 1.715650 0.600489 -0.155980 0.783983 -0.021312
0.328665 0.224238 1.718358 0.599442 -0.151745 0.785691 -0.018247
0.328437 0.224577 1.720650 0.598418 -0.148595 0.787125 -0.015805
0.328263 0.224793 1.722526 0.597513 -0.146163 0.788305 -0.013815
0.328350 0.225307 1.724361 0.597396 -0.141767 0.789244 -0.010678
0.328602 0.225762 1.726010 0.597236 -0.138200 0.790025 -0.008351
0.328854 0.226046 1.727356 0.597031 -0.135479 0.790670 -0.006429
0.329085 0.226226 1.728439 0.596825 -0.133370 0.791194 -0.004840
0.329619 0.226663 1.730090 0.596957 -0.129116 0.791813 -0.002131
0.330302 0.226794 1.731965 0.596630 -0.126306 0.792515 -0.000297
0.330940 0.226692 1.733575 0.596225 -0.124402 0.793120 0.001283
0.331505 0.226505 1.734886 0.595852 -0.123012 0.793613 0.002644
0.332709 0.227003 1.736785 0.596224 -0.118969 0.793942 0.004388
