-0.004721 0.388583 1.487220 0.685735 -0.087976 0.717873 0.081764
-0.003624 0.388257 1.487529 0.685442 -0.088033 0.718129 0.081920
-0.002833 0.388253 1.487785 0.685155 -0.087460 0.718496 0.081715
-0.002239 0.388282 1.487990 0.684957 -0.086963 0.718773 0.081478
-0.001780 0.388309 1.488158 0.684805 -0.086569 0.718988 0.081269
-0.001203 0.388412 1.488544 0.684543 -0.086140 0.719331 0.080884
-0.000264 0.388431 1.489256 0.684165 -0.086231 0.719698 0.080732
0.000730 0.388316 1.489923 0.683811 -0.086659 0.719970 0.080849
0.001637 0.388156 1.490485 0.683507 -0.087165 0.720172 0.081071
0.002612 0.388084 1.490837 0.683675 -0.087318 0.720118 0.079961
0.003709 0.387912 1.490993 0.683884 -0.087488 0.720003 0.079018
0.004735 0.387668 1.491110 0.684001 -0.087790 0.719911 0.078509
0.005628 0.387418 1.491210 0.684059 -0.088122 0.719847 0.078217
0.006633 0.387291 1.491579 0.684111 -0.088085 0.719880 0.077492
0.007751 0.387085 1.492111 0.684084 -0.088397 0.719926 0.076963
0.008796 0.386820 1.492593 0.684017 -0.088872 0.719957 0.076719
0.009706 0.386558 1.493000 0.683944 -0.089345 0.719978 0.076613
0.011264 0.386163 1.493665 0.684197 -0.089862 0.719712 0.076251
0.013361 0.385366 1.494456 0.684200 -0.091376 0.719463 0.076770
0.015428 0.384466 1.495164 0.684069 -0.093094 0.719271 0.077671
0.017276 0.383647 1.495788 0.683899 -0.094523 0.719148 0.078574
0.019573 0.383288 1.496879 0.683600 -0.094222 0.719455 0.078723
0.022112 0.382699 1.498021 0.683216 -0.094767 0.719680 0.079353
0.024468 0.382001 1.499014 0.682814 -0.095670 0.719842 0.080243
0.026563 0.381340 1.499946 0.682375 -0.096295 0.720082 0.081079
0.029308 0.380279 1.501712 0.681162 -0.096503 0.721070 0.082239
0.032297 0.378836 1.503464 0.679945 -0.097888 0.721820 0.084077
0.035045 0.377396 1.504957 0.678878 -0.099535 0.722375 0.085971
0.037517 0.376215 1.506461 0.677759 -0.100277 0.723112 0.087732
0.040734 0.375204 1.509348 0.675887 -0.099852 0.724694 0.089577
0.044133 0.373826 1.512181 0.674207 -0.100934 0.725843 0.091705
0.047221 0.372406 1.514580 0.672776 -0.102434 0.726691 0.093812
0.049991 0.371240 1.516860 0.671228 -0.102964 0.727817 0.095575
0.053029 0.370241 1.519773 0.669173 -0.102467 0.729579 0.097075
0.055935 0.369061 1.522383 0.667452 -0.102946 0.730870 0.098685
0.058472 0.367911 1.524556 0.666048 -0.103743 0.731831 0.100201
0.060913 0.366944 1.526924 0.664297 -0.103225 0.733279 0.101761
0.064185 0.365523 1.530337 0.661903 -0.102873 0.735173 0.104029
0.067511 0.363741 1.533427 0.659821 -0.103933 0.736526 0.106600
0.070482 0.361994 1.536005 0.658083 -0.105358 0.737523 0.109024
0.073349 0.360527 1.538706 0.656138 -0.105125 0.739001 0.110949
0.076743 0.358682 1.541879 0.653945 -0.105077 0.740619 0.113127
0.080005 0.356639 1.544637 0.652070 -0.106079 0.741755 0.115551
0.082848 0.354728 1.546917 0.650532 -0.107347 0.742570 0.117787
0.085656 0.353410 1.549634 0.648329 -0.106306 0.744276 0.120093
0.088903 0.352022 1.552833 0.645985 -0.105534 0.746030 0.122493
0.091960 0.350436 1.555600 0.644025 -0.105841 0.747277 0.124926
0.094607 0.348929 1.557888 0.642430 -0.106515 0.748185 0.127109
0.097209 0.347623 1.560802 0.640624 -0.105524 0.749556 0.128958
0.100004 0.345925 1.564112 0.638853 -0.105710 0.750714 0.130844
0.102566 0.344156 1.566958 0.637349 -0.106636 0.751529 0.132734
0.104759 0.342546 1.569308 0.636123 -0.107724 0.752116 0.134406
0.106971 0.341681 1.572271 0.634690 -0.106058 0.753517 0.134656
0.109219 0.340731 1.575313 0.633442 -0.105241 0.754681 0.134658
0.111229 0.339689 1.577898 0.632379 -0.105145 0.755540 0.134908
0.112943 0.338713 1.580047 0.631492 -0.105295 0.756202 0.135234
0.115005 0.337993 1.583282 0.630018 -0.102905 0.757797 0.135021
0.117319 0.336713 1.586619 0.628613 -0.102392 0.758995 0.135229
0.119470 0.335275 1.589451 0.627401 -0.102720 0.759849 0.135817
0.121350 0.333965 1.591843 0.626376 -0.103007 0.760546 0.136428
0.123688 0.332826 1.594837 0.624997 -0.100718 0.761940 0.136682
0.126231 0.331143 1.597631 0.623694 -0.100193 0.762902 0.137655
0.128563 0.329382 1.599972 0.622569 -0.100441 0.763563 0.138897
0.130608 0.327913 1.602036 0.621601 -0.100255 0.764227 0.139709
0.132997 0.327209 1.604813 0.620643 -0.097368 0.765610 0.138428
0.135384 0.326149 1.607364 0.619766 -0.096047 0.766603 0.137788
0.137508 0.324986 1.609500 0.618999 -0.095520 0.767315 0.137633
0.139383 0.324062 1.611542 0.618143 -0.094208 0.768247 0.137188
0.141504 0.323381 1.614771 0.616754 -0.091010 0.770016 0.135670
0.143579 0.322274 1.617791 0.615517 -0.089672 0.771319 0.134779
0.145416 0.321084 1.620327 0.614472 -0.089136 0.772286 0.134362
0.147203 0.320137 1.622671 0.613514 -0.087552 0.773437 0.133157
0.149968 0.318717 1.625419 0.612356 -0.085203 0.774849 0.131792
0.152911 0.316604 1.627820 0.611228 -0.084807 0.775761 0.131920
0.155584 0.314427 1.629815 0.610249 -0.085183 0.776369 0.132633
0.158065 0.312824 1.631865 0.609276 -0.083945 0.777398 0.131871
0.160866 0.311403 1.634467 0.608275 -0.081913 0.778728 0.129899
0.163499 0.309678 1.636755 0.607343 -0.081279 0.779680 0.128947
0.165785 0.307987 1.638667 0.606544 -0.081241 0.780372 0.128547
0.168075 0.306774 1.640891 0.605458 -0.079529 0.781681 0.126766
0.170958 0.305092 1.643870 0.604081 -0.078547 0.783167 0.124761
0.173745 0.302976 1.646484 0.602808 -0.078989 0.784221 0.124017
0.176191 0.300906 1.648662 0.601747 -0.079880 0.784971 0.123857
0.178545 0.299660 1.650990 0.600582 -0.077811 0.786240 0.122777
0.180964 0.298568 1.653628 0.599381 -0.075569 0.787584 0.121418
0.183115 0.297319 1.655912 0.598321 -0.074452 0.788608 0.120691
0.184945 0.296116 1.657827 0.597445 -0.073904 0.789380 0.120312
0.187230 0.295130 1.659871 0.596787 -0.071454 0.790260 0.119287
0.190219 0.293264 1.661940 0.595995 -0.070484 0.790898 0.119590
0.193081 0.291042 1.663678 0.595215 -0.070690 0.791284 0.120799
0.195575 0.288921 1.665126 0.594542 -0.071316 0.791521 0.122177
0.198130 0.287494 1.666863 0.594263 -0.069629 0.791980 0.121538
0.200721 0.285864 1.668610 0.593892 -0.068918 0.792365 0.121242
0.203014 0.284193 1.670093 0.593487 -0.068877 0.792638 0.121464
0.204960 0.282685 1.671345 0.593119 -0.069038 0.792846 0.121817
0.207163 0.281511 1.673319 0.592753 -0.066832 0.793533 0.120349
0.209473 0.279741 1.675427 0.592098 -0.066405 0.794149 0.119740
0.211558 0.277882 1.677223 0.591453 -0.066703 0.794597 0.119783
0.213369 0.276234 1.678761 0.590927 -0.066966 0.794935 0.119995
0.215567 0.275222 1.680937 0.590393 -0.065635 0.795524 0.119455
0.217709 0.273967 1.683050 0.589692 -0.065542 0.796077 0.119281
0.219581 0.272696 1.684832 0.589034 -0.065861 0.796511 0.119463
0.221222 0.271606 1.686374 0.588591 -0.065834 0.796849 0.119406
0.223663 0.270262 1.687995 0.588571 -0.065097 0.797077 0.118379
0.226319 0.268224 1.689330 0.588354 -0.065696 0.797114 0.118878
0.228728 0.266112 1.690407 0.588073 -0.066710 0.797074 0.119974
0.230843 0.264313 1.691432 0.587968 -0.066974 0.797015 0.120727
0.233292 0.262565 1.692850 0.588103 -0.066407 0.797013 0.120399
0.235685 0.260497 1.694075 0.588031 -0.066861 0.796945 0.120944
0.237784 0.258509 1.695076 0.587885 -0.067604 0.796854 0.121843
0.239625 0.257018 1.696063 0.587885 -0.067856 0.796858 0.121669
0.241499 0.256341 1.697276 0.588056 -0.067715 0.797137 0.119067
0.243140 0.255691 1.698294 0.588106 -0.067777 0.797381 0.117140
0.244525 0.255072 1.699124 0.588066 -0.067914 0.797592 0.115817
0.245937 0.254705 1.699864 0.588204 -0.067202 0.797800 0.114081
0.248068 0.254276 1.700194 0.588679 -0.066240 0.797804 0.112154
0.250197 0.253430 1.700277 0.589073 -0.065866 0.797629 0.111548
0.252085 0.252483 1.700281 0.589333 -0.065796 0.797438 0.111574
0.253962 0.251692 1.700350 0.589661 -0.064961 0.797347 0.110982
0.256286 0.250571 1.700206 0.590125 -0.064281 0.797114 0.110588
0.258499 0.249168 1.699949 0.590490 -0.064182 0.796774 0.111142
0.260431 0.247798 1.699677 0.590748 -0.064309 0.796450 0.112026
0.262585 0.246847 1.699636 0.591087 -0.064360 0.796309 0.111198
0.265170 0.245755 1.699579 0.591379 -0.065056 0.796172 0.110219
0.267547 0.244464 1.699409 0.591624 -0.065968 0.795924 0.110157
0.269600 0.243227 1.699199 0.591831 -0.066852 0.795651 0.110481
0.271910 0.242464 1.699208 0.592409 -0.066837 0.795422 0.109033
0.274428 0.241519 1.699320 0.592964 -0.067405 0.795159 0.107570
0.276683 0.240409 1.699360 0.593415 -0.068245 0.794839 0.106915
0.278616 0.239352 1.699343 0.593793 -0.069071 0.794518 0.106681
0.281214 0.238746 1.698950 0.594915 -0.068373 0.793952 0.105076
0.284174 0.237715 1.698202 0.596161 -0.068084 0.793104 0.104612
0.286858 0.236444 1.697435 0.597243 -0.068250 0.792228 0.104973
0.289171 0.235224 1.696744 0.598170 -0.068518 0.791426 0.105564
0.291953 0.234228 1.696102 0.599369 -0.067512 0.790746 0.104498
0.294868 0.232680 1.695375 0.600485 -0.067438 0.789902 0.104526
0.297477 0.230988 1.694676 0.601449 -0.067843 0.789045 0.105187
0.299744 0.229482 1.694061 0.602311 -0.068127 0.788271 0.105874
0.302520 0.228508 1.693605 0.603557 -0.066837 0.787572 0.104792
0.305241 0.227161 1.693199 0.604648 -0.066517 0.786809 0.104441
0.307626 0.225741 1.692816 0.605568 -0.066664 0.786070 0.104580
0.309748 0.224581 1.692472 0.606394 -0.066602 0.785444 0.104538
0.312369 0.224229 1.692217 0.607271 -0.065301 0.785116 0.102713
0.314797 0.223687 1.691972 0.608021 -0.064581 0.784748 0.101541
0.316884 0.223068 1.691734 0.608661 -0.064224 0.784369 0.100858
0.318836 0.222698 1.691475 0.609348 -0.063162 0.784030 0.100011
0.321466 0.222696 1.691043 0.610394 -0.060335 0.783645 0.098379
0.323970 0.222200 1.690592 0.611337 -0.058610 0.783127 0.097695
0.326161 0.221523 1.690181 0.612147 -0.057571 0.782595 0.097495
0.328359 0.221139 1.689780 0.613063 -0.055874 0.782074 0.096912
0.331263 0.220834 1.689379 0.614374 -0.053438 0.781351 0.095805
0.333961 0.220005 1.689062 0.615493 -0.052257 0.780591 0.095474
0.336302 0.219043 1.688799 0.616432 -0.051707 0.779883 0.095505
0.338845 0.218666 1.688564 0.617306 -0.050224 0.779419 0.094431
0.342213 0.218534 1.688370 0.618166 -0.048118 0.779105 0.092474
0.345306 0.217853 1.688182 0.618925 -0.047108 0.778675 0.091534
0.347978 0.217007 1.688008 0.619580 -0.046654 0.778229 0.091117
0.350781 0.216734 1.687753 0.620206 -0.045309 0.777940 0.090007
0.353923 0.216736 1.687319 0.620822 -0.043352 0.777699 0.088795
0.356696 0.216451 1.686857 0.621407 -0.042020 0.777366 0.088259
0.359052 0.216074 1.686446 0.621920 -0.041103 0.777031 0.088034
0.361675 0.216132 1.686016 0.622575 -0.039558 0.776739 0.086673
0.364565 0.215968 1.685640 0.623242 -0.038300 0.776405 0.085423
0.367126 0.215456 1.685322 0.623822 -0.037723 0.776031 0.084842
0.369309 0.214865 1.685057 0.624314 -0.037463 0.775677 0.084579
0.371836 0.214707 1.684379 0.625087 -0.035910 0.775318 0.082817
0.374626 0.214138 1.683241 0.626133 -0.034329 0.774638 0.081946
0.377147 0.213245 1.682116 0.627141 -0.033386 0.773866 0.081914
0.379312 0.212316 1.681140 0.628019 -0.032827 0.773152 0.082162
0.381941 0.211951 1.680243 0.629196 -0.031959 0.772382 0.080725
0.384520 0.211298 1.679608 0.630216 -0.031628 0.771671 0.079696
0.386750 0.210487 1.679138 0.631035 -0.031726 0.771057 0.079123
0.388646 0.209728 1.678770 0.631701 -0.031956 0.770546 0.078689
0.391198 0.209756 1.678009 0.632646 -0.031374 0.769998 0.076668
0.393670 0.209651 1.677034 0.633662 -0.030751 0.769308 0.075443
0.395798 0.209413 1.676119 0.634574 -0.030315 0.768641 0.074750
0.397636 0.209211 1.675330 0.635360 -0.029976 0.768078 0.073999
0.399939 0.209402 1.674853 0.636018 -0.029047 0.767837 0.071157
0.402117 0.209108 1.674654 0.636454 -0.028858 0.767671 0.069103
0.404011 0.208604 1.674549 0.636784 -0.029031 0.767514 0.067717
0.405698 0.208152 1.674418 0.637082 -0.029189 0.767382 0.066319
0.407764 0.207659 1.673723 0.637539 -0.028278 0.767203 0.064382
0.409819 0.206643 1.672789 0.638148 -0.027791 0.766760 0.063827
0.411658 0.205493 1.671903 0.638737 -0.027622 0.766272 0.063882
0.413449 0.204601 1.670985 0.639487 -0.027678 0.765676 0.063474
0.415822 0.204323 1.669434 0.640957 -0.027195 0.764565 0.062251
0.417948 0.203938 1.667861 0.642355 -0.026691 0.763451 0.061728
0.419750 0.203531 1.666491 0.643543 -0.026302 0.762482 0.061507
0.421416 0.203302 1.665207 0.644826 -0.026175 0.761498 0.060284
0.423302 0.203075 1.663831 0.646499 -0.026084 0.760247 0.058157
0.424996 0.202575 1.662688 0.647885 -0.026305 0.759161 0.056812
0.426446 0.202014 1.661769 0.648999 -0.026652 0.758264 0.055905
0.427778 0.201560 1.660891 0.650148 -0.027538 0.757374 0.054152
0.429120 0.200997 1.659985 0.651374 -0.028575 0.756407 0.052394
0.429924 0.200832 1.659482 0.652100 -0.028682 0.755958 0.049697
0.430180 0.201418 1.659373 0.652454 -0.027910 0.755902 0.046227
0.430468 0.202098 1.659291 0.652972 -0.028100 0.755727 0.041423
0.430816 0.202881 1.659174 0.653730 -0.028043 0.755366 0.035666
0.431083 0.203593 1.659062 0.654362 -0.028030 0.755031 0.030852
0.431275 0.203322 1.659063 0.654646 -0.029469 0.754863 0.027415
0.431415 0.203053 1.659211 0.654895 -0.030817 0.754720 0.023652
0.431541 0.202937 1.659221 0.655240 -0.031590 0.754492 0.020086
0.431642 0.202880 1.659195 0.655529 -0.032284 0.754286 0.017078
0.431727 0.202829 1.659166 0.655762 -0.032922 0.754108 0.014626
0.431778 0.202547 1.659184 0.656197 -0.035504 0.753687 0.010054
0.431823 0.202237 1.659020 0.656836 -0.037899 0.753059 0.005667
0.431874 0.201891 1.658864 0.657322 -0.040088 0.752540 0.002080
0.431921 0.201571 1.658712 0.657733 -0.041940 0.752083 -0.000814
0.432025 0.201207 1.658780 0.658255 -0.045643 0.751382 -0.006613
0.432152 0.200895 1.658729 0.658822 -0.048776 0.750620 -0.011973
0.432233 0.200693 1.658645 0.659326 -0.051283 0.749926 -0.016484
0.432293 0.200537 1.658587 0.659665 -0.053691 0.749359 -0.020484
0.432328 0.200166 1.658696 0.660484 -0.058389 0.748069 -0.027274
0.432383 0.199737 1.658514 0.661530 -0.062329 0.746596 -0.032982
0.432425 0.199319 1.658290 0.662393 -0.065723 0.745315 -0.037713
0.432454 0.198920 1.658153 0.663023 -0.069096 0.744210 -0.042152
0.432548 0.198449 1.658292 0.663786 -0.074384 0.742591 -0.049127
0.432630 0.198034 1.658245 0.664544 -0.079614 0.740874 -0.056111
0.432675 0.197688 1.658106 0.665177 -0.084126 0.739325 -0.062136
0.432694 0.197398 1.658081 0.665643 -0.088535 0.737886 -0.067862
0.432718 0.197061 1.658472 0.666697 -0.094016 0.735593 -0.074699
0.432755 0.196843 1.658695 0.667631 -0.099820 0.733265 -0.081402
0.432781 0.196714 1.658780 0.668260 -0.105656 0.731172 -0.087487
0.432744 0.196605 1.658899 0.668704 -0.111384 0.729193 -0.093304
0.432698 0.196390 1.659145 0.669639 -0.117848 0.726476 -0.099639
0.432696 0.196112 1.659208 0.670334 -0.124477 0.723832 -0.105950
0.432689 0.195814 1.659164 0.670667 -0.131187 0.721374 -0.112315
0.432675 0.195516 1.659157 0.670865 -0.137893 0.718916 -0.118684
0.432653 0.195285 1.659349 0.671470 -0.144881 0.715822 -0.125446
0.432655 0.195060 1.659392 0.671720 -0.151988 0.712885 -0.132238
0.432645 0.194906 1.659357 0.671692 -0.158956 0.710096 -0.139017
0.432635 0.194815 1.659422 0.671501 -0.165870 0.707322 -0.145836
0.432645 0.194876 1.659730 0.671323 -0.172915 0.704292 -0.152962
0.432661 0.195063 1.659978 0.670906 -0.179821 0.701360 -0.160134
0.432676 0.195276 1.660130 0.670303 -0.186309 0.698663 -0.166892
0.432680 0.195537 1.660476 0.669199 -0.193348 0.695989 -0.174322
0.432683 0.195722 1.660983 0.668347 -0.200518 0.692862 -0.181787
0.432702 0.195892 1.661324 0.667207 -0.207584 0.689934 -0.189035
0.432715 0.196043 1.661591 0.666198 -0.213534 0.687385 -0.195154
0.432726 0.196289 1.662052 0.664555 -0.220712 0.684455 -0.202918
0.432753 0.196437 1.662448 0.662930 -0.228187 0.681205 -0.210748
0.432778 0.196673 1.662802 0.661477 -0.234452 0.678356 -0.217516
0.432796 0.196877 1.663096 0.660172 -0.239682 0.675962 -0.223160
0.432776 0.197212 1.663738 0.658243 -0.246334 0.673004 -0.230437
0.432795 0.197436 1.664189 0.656786 -0.252353 0.670076 -0.236536
0.432816 0.197763 1.664664 0.655405 -0.257329 0.667614 -0.241905
0.432833 0.198044 1.665076 0.654153 -0.261485 0.665562 -0.246446
0.432788 0.198240 1.665731 0.652162 -0.267252 0.662860 -0.252738
0.432772 0.198250 1.666121 0.650694 -0.272190 0.660376 -0.257707
0.432771 0.198260 1.666442 0.649410 -0.276332 0.658267 -0.261901
0.432769 0.198263 1.666730 0.648194 -0.279954 0.656452 -0.265595
0.432733 0.198113 1.667192 0.646438 -0.284986 0.653978 -0.270579
0.432724 0.197866 1.667458 0.645156 -0.289208 0.651757 -0.274490
0.432714 0.197637 1.667648 0.644042 -0.292780 0.649875 -0.277762
0.432689 0.197459 1.667872 0.642905 -0.296014 0.648212 -0.280836
0.432529 0.197015 1.668121 0.641629 -0.299875 0.646344 -0.283947
0.432417 0.196435 1.668283 0.640560 -0.303252 0.644777 -0.286328
0.432354 0.195883 1.668394 0.639649 -0.306118 0.643456 -0.288280
0.432301 0.195406 1.668436 0.638774 -0.308750 0.642242 -0.290115
0.432167 0.195007 1.668430 0.637465 -0.311898 0.640988 -0.292391
0.432074 0.194624 1.668458 0.636215 -0.314639 0.640030 -0.294269
0.432017 0.194248 1.668511 0.635113 -0.316945 0.639263 -0.295839
0.431871 0.193827 1.668658 0.634164 -0.318729 0.638822 -0.296907
0.431709 0.192509 1.669207 0.632212 -0.321530 0.639603 -0.296371
0.431653 0.191003 1.669672 0.630366 -0.324300 0.640435 -0.295484
0.431580 0.189698 1.669954 0.628879 -0.326608 0.641179 -0.294495
0.431305 0.188623 1.670267 0.627870 -0.327850 0.642217 -0.293003
0.431111 0.186992 1.670915 0.625362 -0.330640 0.645255 -0.288523
0.430920 0.185677 1.671248 0.623133 -0.333377 0.647972 -0.284073
0.430716 0.184660 1.671474 0.621523 -0.335327 0.650035 -0.280568
0.430421 0.183215 1.671970 0.619305 -0.337510 0.653245 -0.275354
0.430149 0.180922 1.673444 0.615433 -0.340977 0.657777 -0.268897
0.429991 0.178453 1.674878 0.611745 -0.344473 0.661648 -0.263302
0.429827 0.176323 1.675976 0.608759 -0.347405 0.664706 -0.258629
0.429071 0.174339 1.676994 0.606397 -0.349071 0.668048 -0.253267
0.427986 0.172332 1.678137 0.603438 -0.351302 0.671698 -0.247531
0.427047 0.170594 1.679119 0.600837 -0.353339 0.674667 -0.242840
0.426240 0.169115 1.679935 0.598668 -0.355053 0.677037 -0.239070
0.424857 0.168019 1.680733 0.597337 -0.354741 0.680678 -0.232433
0.423120 0.167710 1.681272 0.596127 -0.354100 0.684413 -0.225440
0.421482 0.167985 1.681647 0.595432 -0.353032 0.687223 -0.220348
0.420026 0.168467 1.681959 0.594970 -0.351904 0.689386 -0.216612
0.417699 0.168450 1.682616 0.594555 -0.349612 0.693023 -0.209749
0.415006 0.168966 1.683425 0.594213 -0.347120 0.696199 -0.204267
0.412594 0.169848 1.684192 0.594023 -0.344743 0.698612 -0.200576
0.410518 0.170762 1.684873 0.593877 -0.342678 0.700489 -0.197982
0.407878 0.171408 1.685556 0.593841 -0.339110 0.704348 -0.190394
0.405141 0.172918 1.685921 0.594221 -0.335234 0.707406 -0.184651
0.402685 0.174713 1.686180 0.594770 -0.331550 0.709696 -0.180707
0.400529 0.176375 1.686433 0.595313 -0.328171 0.711616 -0.177508
0.397351 0.177816 1.687595 0.595549 -0.323188 0.715437 -0.170354
0.394069 0.180084 1.689033 0.595647 -0.318462 0.718450 -0.166179
0.391128 0.182499 1.690372 0.595762 -0.314236 0.720764 -0.163773
0.388519 0.184615 1.691589 0.595957 -0.310135 0.722962 -0.161179
0.385379 0.186357 1.693167 0.595846 -0.304308 0.727132 -0.153762
0.382387 0.188513 1.694547 0.595782 -0.299000 0.730435 -0.148686
0.379762 0.190626 1.695713 0.595755 -0.294423 0.733015 -0.145193
0.377351 0.192388 1.696822 0.595843 -0.289840 0.735574 -0.141047
0.374137 0.194078 1.698453 0.595618 -0.284383 0.739139 -0.134307
0.371038 0.196258 1.700021 0.595437 -0.279424 0.741916 -0.130142
0.368309 0.198403 1.701377 0.595295 -0.275152 0.744089 -0.127462
0.365785 0.200280 1.702724 0.595421 -0.270091 0.746595 -0.122972
0.362695 0.202784 1.704490 0.595507 -0.263120 0.750101 -0.116135
0.359692 0.205809 1.706083 0.595643 -0.256689 0.752839 -0.112042
0.357019 0.208699 1.707435 0.595753 -0.251154 0.754998 -0.109445
0.354483 0.211132 1.708861 0.596061 -0.244807 0.757448 -0.105128
0.351701 0.213353 1.710681 0.596086 -0.237836 0.760370 -0.099765
0.349208 0.215481 1.712287 0.595965 -0.232079 0.762709 -0.096120
