0.347079 0.217335 1.713622 0.595788 -0.227401 0.764581 -0.093499
0.345171 0.218891 1.715130 0.595774 -0.221697 0.766894 -0.088188
0.343215 0.220515 1.717128 0.595255 -0.216052 0.769528 -0.082581
0.341434 0.222117 1.718916 0.594681 -0.211447 0.771650 -0.078742
0.339899 0.223538 1.720402 0.594152 -0.207708 0.773351 -0.075950
0.338545 0.224890 1.722013 0.594331 -0.201903 0.775262 -0.070529
0.337266 0.226275 1.723949 0.594357 -0.196283 0.777106 -0.065728
0.336132 0.227498 1.725676 0.594193 -0.191902 0.778604 -0.062316
0.335174 0.228525 1.727109 0.593982 -0.188444 0.779811 -0.059752
0.334319 0.229511 1.728694 0.594196 -0.182505 0.781493 -0.053778
0.333507 0.230511 1.730333 0.594132 -0.177024 0.783144 -0.048524
0.332794 0.231402 1.731714 0.593966 -0.172683 0.784473 -0.044572
0.332195 0.232153 1.732841 0.593768 -0.169242 0.785540 -0.041527
0.331761 0.233015 1.734212 0.593998 -0.163038 0.786999 -0.034888
0.331368 0.233923 1.735538 0.593959 -0.157701 0.788336 -0.029478
0.331015 0.234731 1.736633 0.593840 -0.153452 0.789407 -0.025344
0.330718 0.235416 1.737519 0.593692 -0.150078 0.790264 -0.022136
0.330756 0.236370 1.739015 0.593937 -0.143733 0.791388 -0.016831
0.330900 0.237097 1.740625 0.593766 -0.139062 0.792421 -0.013139
0.331052 0.237594 1.742000 0.593502 -0.135573 0.793266 -0.010236
0.331214 0.237967 1.743152 0.593293 -0.132556 0.793961 -0.007563
0.331815 0.238291 1.745086 0.592954 -0.127395 0.795092 -0.002230
0.332516 0.238158 1.747071 0.592247 -0.124190 0.796126 0.001866
0.333174 0.237831 1.748753 0.591568 -0.122009 0.796953 0.005229
0.333790 0.237534 1.750185 0.591104 -0.119654 0.797626 0.008536
0.334714 0.237462 1.752126 0.590790 -0.114863 0.798510 0.012499
0.335669 0.237023 1.753966 0.590259 -0.111768 0.799286 0.015605
0.336542 0.236453 1.755501 0.589752 -0.109636 0.799900 0.018225
0.337412 0.236001 1.756813 0.589489 -0.107048 0.800372 0.021181
0.338804 0.235688 1.758332 0.589629 -0.102695 0.800730 0.024952
0.340190 0.234966 1.759723 0.589597 -0.099954 0.800995 0.028134
0.341434 0.234137 1.760879 0.589522 -0.098130 0.801176 0.030851
0.342673 0.233472 1.761929 0.589485 -0.095915 0.801362 0.033564
0.344458 0.232781 1.762970 0.589427 -0.093298 0.801603 0.036117
0.346225 0.231738 1.763737 0.589397 -0.091754 0.801684 0.038671
0.347804 0.230648 1.764308 0.589395 -0.090802 0.801678 0.040995
0.349405 0.229829 1.764922 0.589435 -0.088925 0.801726 0.043526
0.351429 0.228867 1.765822 0.589295 -0.086759 0.801924 0.046055
0.353343 0.227558 1.766602 0.589135 -0.085711 0.802010 0.048504
0.355022 0.226246 1.767235 0.589001 -0.085186 0.802028 0.050704
0.356766 0.225443 1.767910 0.589055 -0.083507 0.802049 0.052529
0.358682 0.224935 1.768836 0.589063 -0.081500 0.802188 0.053439
0.360355 0.224294 1.769682 0.589005 -0.080260 0.802302 0.054258
0.361776 0.223667 1.770391 0.588942 -0.079430 0.802380 0.054999
0.363634 0.223501 1.770868 0.589285 -0.077055 0.802329 0.055445
0.366126 0.223008 1.770989 0.589960 -0.074576 0.802017 0.056168
0.368479 0.222059 1.770955 0.590608 -0.073131 0.801585 0.057410
0.370541 0.221021 1.770884 0.591172 -0.072270 0.801154 0.058707
0.373038 0.220718 1.770869 0.591850 -0.069978 0.800814 0.059274
0.375756 0.220442 1.770813 0.592512 -0.067741 0.800490 0.059628
0.378154 0.219934 1.770707 0.593096 -0.066234 0.800138 0.060244
0.380194 0.219387 1.770602 0.593588 -0.065176 0.799811 0.060891
0.383006 0.219511 1.770075 0.594967 -0.062706 0.799033 0.060234
0.386065 0.219230 1.769279 0.596552 -0.060604 0.798023 0.060106
0.388795 0.218597 1.768517 0.597937 -0.059302 0.797054 0.060490
0.391134 0.217896 1.767869 0.599094 -0.058475 0.796210 0.060974
0.394431 0.218282 1.767027 0.600728 -0.057060 0.795239 0.058869
0.397661 0.218475 1.766062 0.602315 -0.055786 0.794240 0.057330
0.400450 0.218421 1.765169 0.603692 -0.054916 0.793321 0.056406
0.402852 0.218323 1.764404 0.604869 -0.054224 0.792519 0.055736
0.406121 0.218449 1.763542 0.606347 -0.052512 0.791573 0.054748
0.409349 0.217845 1.762628 0.607729 -0.051671 0.790572 0.054694
0.412202 0.216923 1.761802 0.608926 -0.051396 0.789638 0.055123
0.414706 0.216060 1.761074 0.609965 -0.051360 0.788824 0.055332
0.417506 0.215835 1.759938 0.611290 -0.050731 0.787928 0.054040
0.420031 0.215569 1.758647 0.612612 -0.050035 0.786991 0.053372
0.422176 0.215291 1.757462 0.613778 -0.049452 0.786142 0.053029
0.424082 0.215136 1.756437 0.614719 -0.049070 0.785484 0.052232
0.426364 0.215117 1.755235 0.615525 -0.048865 0.784994 0.050259
0.428502 0.214810 1.753923 0.616396 -0.048762 0.784380 0.049249
0.430364 0.214397 1.752720 0.617205 -0.048745 0.783777 0.048742
0.431980 0.213270 1.752009 0.617535 -0.050072 0.783439 0.048658
0.432661 0.212698 1.751920 0.617420 -0.048975 0.783840 0.044585
0.432888 0.212997 1.751920 0.617283 -0.047075 0.784304 0.040177
0.433111 0.213533 1.751924 0.617138 -0.045477 0.784687 0.036568
0.433369 0.213953 1.751956 0.617025 -0.044306 0.784996 0.033164
0.433597 0.214067 1.752025 0.616988 -0.043164 0.785240 0.029347
0.433749 0.214141 1.752086 0.616966 -0.042140 0.785424 0.026195
0.433877 0.214177 1.752145 0.616935 -0.041400 0.785568 0.023655
0.434047 0.214042 1.752338 0.616880 -0.041490 0.785701 0.020303
0.434227 0.213835 1.752582 0.616849 -0.041669 0.785818 0.015815
0.434334 0.213636 1.752776 0.616826 -0.041784 0.785897 0.012043
0.434416 0.213472 1.752952 0.616784 -0.041940 0.785964 0.008917
0.434498 0.213108 1.753334 0.616690 -0.042818 0.786024 0.005118
0.434565 0.212525 1.753655 0.616724 -0.043685 0.785966 0.001050
0.434605 0.211909 1.753910 0.616734 -0.044586 0.785905 -0.002354
0.434636 0.211315 1.754141 0.616718 -0.045482 0.785852 -0.005133
0.434743 0.210659 1.754617 0.616533 -0.047569 0.785832 -0.009650
0.434846 0.210053 1.754902 0.616478 -0.049363 0.785691 -0.014411
0.434897 0.209544 1.755112 0.616414 -0.050870 0.785562 -0.018417
0.434939 0.209130 1.755309 0.616329 -0.052168 0.785458 -0.021741
0.434935 0.208527 1.756029 0.616188 -0.056043 0.785118 -0.027598
0.434961 0.207771 1.756483 0.616440 -0.059608 0.784458 -0.032760
0.434978 0.206971 1.756821 0.616646 -0.062652 0.783868 -0.037050
0.434985 0.206199 1.757116 0.616783 -0.065281 0.783364 -0.040730
0.434995 0.205178 1.757859 0.616739 -0.070875 0.782491 -0.048141
0.435017 0.204082 1.758266 0.617000 -0.075554 0.781434 -0.054443
0.434990 0.203065 1.758536 0.617276 -0.079318 0.780482 -0.059391
0.434933 0.202107 1.758792 0.617384 -0.082969 0.779668 -0.063808
0.434814 0.200781 1.759333 0.617276 -0.089868 0.778298 -0.071739
0.434812 0.199387 1.759548 0.617650 -0.095358 0.776738 -0.078066
0.434791 0.198042 1.759626 0.617977 -0.100005 0.775364 -0.083147
0.434690 0.196759 1.759712 0.617997 -0.104871 0.774157 -0.088108
0.434494 0.195349 1.760095 0.617903 -0.112646 0.772266 -0.095455
0.434491 0.193935 1.760204 0.618168 -0.119415 0.770264 -0.101496
0.434484 0.192640 1.760191 0.618356 -0.125150 0.768520 -0.106536
0.434384 0.191346 1.760192 0.618344 -0.131086 0.766766 -0.111968
0.434277 0.189267 1.760171 0.618593 -0.139332 0.764049 -0.118985
0.434224 0.187834 1.760123 0.618113 -0.147241 0.761747 -0.126477
0.434235 0.186513 1.760051 0.617502 -0.154823 0.759608 -0.133107
0.434214 0.185102 1.759863 0.617001 -0.162383 0.757242 -0.139734
0.434128 0.183663 1.759670 0.616497 -0.171364 0.754156 -0.147696
0.434092 0.182277 1.759365 0.615958 -0.179868 0.751119 -0.155123
0.434029 0.181191 1.759163 0.615190 -0.187527 0.748272 -0.162678
0.433841 0.180496 1.759182 0.614309 -0.194715 0.745345 -0.170797
0.433638 0.179877 1.759301 0.613353 -0.202686 0.742028 -0.179193
0.433538 0.179222 1.759322 0.612247 -0.210508 0.738814 -0.187067
0.433495 0.178553 1.759264 0.611072 -0.217812 0.735790 -0.194322
0.433361 0.177895 1.759095 0.609699 -0.225640 0.732478 -0.202062
0.433310 0.176985 1.758698 0.608062 -0.235137 0.728590 -0.210064
0.433381 0.176369 1.758411 0.605660 -0.244669 0.724848 -0.218879
0.433263 0.176663 1.758658 0.603274 -0.251814 0.721830 -0.227181
0.432908 0.177155 1.759060 0.600676 -0.259067 0.718623 -0.235910
0.432413 0.177309 1.759319 0.598012 -0.267167 0.714692 -0.245396
0.432085 0.177156 1.759494 0.595717 -0.274186 0.711237 -0.253151
0.431829 0.177063 1.759718 0.593810 -0.279670 0.708506 -0.259216
0.431378 0.177261 1.760301 0.591082 -0.286323 0.704988 -0.267640
0.431236 0.176368 1.760371 0.588669 -0.294335 0.700942 -0.274803
0.430985 0.176231 1.760901 0.586557 -0.299646 0.697965 -0.281083
0.430736 0.176132 1.761353 0.584798 -0.304066 0.695437 -0.286220
0.430402 0.175814 1.761890 0.581760 -0.311650 0.691132 -0.294560
0.430068 0.175360 1.762514 0.578724 -0.318853 0.686869 -0.302689
0.429726 0.175154 1.763156 0.576172 -0.324610 0.683194 -0.309675
0.429493 0.174711 1.763558 0.574186 -0.329449 0.680055 -0.315118
0.429192 0.174069 1.763792 0.571217 -0.336444 0.675689 -0.322428
0.428841 0.173737 1.764206 0.568273 -0.342309 0.671788 -0.329531
0.428497 0.173583 1.764666 0.565817 -0.346968 0.668609 -0.335300
0.428211 0.173226 1.764991 0.563796 -0.350983 0.665865 -0.339953
0.427847 0.172802 1.765376 0.561414 -0.356358 0.662367 -0.345098
0.427563 0.172137 1.765567 0.559784 -0.360764 0.659369 -0.348887
0.427337 0.171461 1.765710 0.558528 -0.364262 0.656934 -0.351850
0.427128 0.170868 1.765816 0.557366 -0.367386 0.654786 -0.354435
0.426719 0.170654 1.765919 0.555621 -0.371441 0.652092 -0.357902
0.426372 0.170262 1.765839 0.554252 -0.375053 0.649739 -0.360524
0.426099 0.169793 1.765730 0.553186 -0.377985 0.647821 -0.362547
0.425772 0.169397 1.765682 0.552444 -0.380208 0.646322 -0.364027
0.425081 0.169373 1.765717 0.552148 -0.381873 0.645252 -0.364632
0.424477 0.169297 1.765609 0.551873 -0.383543 0.644342 -0.364904
0.423984 0.169144 1.765462 0.551651 -0.384967 0.643602 -0.365045
0.423298 0.169215 1.765450 0.552137 -0.384831 0.643844 -0.364026
0.422453 0.169813 1.765249 0.552869 -0.384538 0.645786 -0.359760
0.421735 0.170594 1.765080 0.553027 -0.384844 0.647418 -0.356240
0.420982 0.171509 1.765110 0.553075 -0.384756 0.648512 -0.354266
0.420105 0.172043 1.765021 0.553992 -0.383426 0.651628 -0.348508
0.418642 0.173450 1.765070 0.555448 -0.380451 0.655892 -0.341378
0.417417 0.174898 1.764904 0.556340 -0.378709 0.659378 -0.335091
0.416384 0.176234 1.764686 0.557073 -0.377475 0.662224 -0.329607
0.415044 0.177469 1.764673 0.558781 -0.373637 0.667335 -0.320658
0.413353 0.179555 1.764339 0.561061 -0.368431 0.673448 -0.309735
0.411847 0.181783 1.763916 0.562646 -0.364485 0.678293 -0.300827
0.410635 0.183702 1.763455 0.563773 -0.361709 0.682287 -0.292937
0.408742 0.185119 1.763451 0.565065 -0.357299 0.688292 -0.281589
0.406370 0.186996 1.763457 0.566723 -0.351841 0.694837 -0.268765
0.404375 0.188782 1.763259 0.567931 -0.347814 0.700277 -0.257083
0.402756 0.190088 1.763030 0.568601 -0.345023 0.704751 -0.246939
0.400541 0.190288 1.763188 0.568381 -0.341849 0.711378 -0.232429
0.398242 0.190287 1.762883 0.568691 -0.338129 0.718019 -0.216120
0.396182 0.190562 1.762483 0.569180 -0.334465 0.723184 -0.202913
0.394372 0.190929 1.762173 0.569486 -0.331339 0.727175 -0.192653
0.391426 0.191151 1.763091 0.568201 -0.327080 0.733456 -0.179470
0.387976 0.192786 1.764313 0.567504 -0.320963 0.739354 -0.168163
0.384735 0.195054 1.765402 0.567485 -0.314316 0.744196 -0.159182
0.381838 0.197310 1.766357 0.567405 -0.308495 0.748099 -0.152412
0.377660 0.198826 1.768620 0.565165 -0.302290 0.754362 -0.141941
0.373344 0.201112 1.770984 0.563501 -0.295114 0.760077 -0.132877
0.369451 0.203627 1.773032 0.562597 -0.287716 0.764882 -0.125137
0.365961 0.205877 1.774843 0.561637 -0.281345 0.768945 -0.118875
0.361123 0.207251 1.777875 0.558637 -0.275380 0.774546 -0.110308
0.356373 0.209144 1.780895 0.556288 -0.268838 0.779536 -0.102924
0.352166 0.211140 1.783496 0.554363 -0.262920 0.783628 -0.097376
0.348340 0.212826 1.785835 0.552533 -0.257513 0.787324 -0.092275
0.343439 0.213942 1.789079 0.549513 -0.251112 0.792377 -0.084366
0.338822 0.215442 1.792100 0.547189 -0.244340 0.796816 -0.077239
0.334794 0.216980 1.794653 0.545210 -0.238447 0.800460 -0.071783
0.331071 0.218203 1.797034 0.543172 -0.233186 0.803866 -0.066238
0.326503 0.219240 1.800187 0.540096 -0.227605 0.808116 -0.058645
0.322219 0.220710 1.803052 0.537716 -0.221597 0.811820 -0.052000
0.318478 0.222219 1.805450 0.535651 -0.216444 0.814868 -0.047105
0.314893 0.223386 1.807777 0.533492 -0.211390 0.817915 -0.041425
0.310650 0.224363 1.810673 0.530604 -0.205632 0.821606 -0.033748
0.306769 0.225594 1.813233 0.528446 -0.199434 0.824787 -0.026382
0.303420 0.226803 1.815357 0.526617 -0.194049 0.827406 -0.020455
0.300161 0.227603 1.817439 0.524673 -0.188875 0.829970 -0.013946
0.296594 0.228000 1.819827 0.522418 -0.183523 0.832684 -0.006056
0.293454 0.228461 1.821907 0.520576 -0.178571 0.834932 0.000929
0.290795 0.228900 1.823627 0.518930 -0.174632 0.836765 0.006271
0.288104 0.229063 1.825696 0.517063 -0.170332 0.838725 0.013126
0.285113 0.229041 1.828414 0.514821 -0.165940 0.840829 0.020741
0.282444 0.229110 1.830833 0.512861 -0.162206 0.842579 0.026927
0.280172 0.229218 1.832843 0.511136 -0.159279 0.844020 0.031624
0.277731 0.229008 1.835373 0.508843 -0.155335 0.845813 0.039346
0.275141 0.228546 1.838335 0.506145 -0.151632 0.847681 0.047570
0.272883 0.228158 1.840887 0.503761 -0.148852 0.849211 0.053924
0.270979 0.227858 1.842989 0.501712 -0.146719 0.850468 0.058847
0.269176 0.227173 1.845626 0.499558 -0.143623 0.851697 0.066531
