0.381187 0.236628 1.787256 0.542514 -0.400904 0.706536 -0.213921
0.377945 0.236986 1.788171 0.544090 -0.392551 0.713010 -0.203679
0.374221 0.237509 1.789017 0.545286 -0.383904 0.719490 -0.193944
0.370867 0.238402 1.789737 0.546049 -0.376407 0.724847 -0.186401
0.367929 0.239367 1.790389 0.546452 -0.370099 0.729261 -0.180542
0.364568 0.239947 1.791338 0.547053 -0.361790 0.734933 -0.172377
0.360724 0.240624 1.792420 0.547651 -0.351550 0.741557 -0.163045
0.357307 0.241562 1.793316 0.548422 -0.341950 0.747279 -0.154522
0.354353 0.242512 1.794082 0.548803 -0.334007 0.751944 -0.147766
0.351306 0.242966 1.795006 0.548987 -0.326418 0.756596 -0.140096
0.347713 0.242994 1.796228 0.548827 -0.318114 0.761846 -0.131080
0.344519 0.243224 1.797318 0.549093 -0.309889 0.766497 -0.122257
0.341767 0.243523 1.798267 0.549302 -0.302701 0.770391 -0.114619
0.339120 0.243551 1.799262 0.549178 -0.296218 0.774015 -0.107523
0.335959 0.242882 1.800681 0.548380 -0.289243 0.778267 -0.099587
0.333190 0.242275 1.801994 0.548020 -0.282414 0.782009 -0.091525
0.330841 0.241763 1.803132 0.548004 -0.275977 0.785196 -0.083637
0.328731 0.241232 1.804269 0.547691 -0.270495 0.788022 -0.076732
0.326131 0.240258 1.806283 0.545943 -0.264510 0.791919 -0.069610
0.323824 0.239321 1.808176 0.544601 -0.258536 0.795421 -0.062243
0.321875 0.238505 1.809788 0.543786 -0.252796 0.798368 -0.054769
0.320180 0.237806 1.811219 0.542975 -0.247918 0.800866 -0.048241
0.317519 0.236964 1.814141 0.540692 -0.241557 0.804755 -0.040881
0.314712 0.236218 1.817365 0.538365 -0.235399 0.808438 -0.034322
0.312165 0.235631 1.820267 0.536590 -0.229470 0.811569 -0.027756
0.309956 0.235186 1.822733 0.534995 -0.224603 0.814146 -0.022356
0.307604 0.234018 1.826011 0.532371 -0.219156 0.817491 -0.016127
0.305549 0.232140 1.829378 0.529854 -0.214666 0.820414 -0.009648
0.303895 0.230155 1.832300 0.528048 -0.210644 0.822671 -0.002680
0.302564 0.228326 1.834731 0.526528 -0.207606 0.824413 0.003255
0.301135 0.226631 1.837965 0.524426 -0.203332 0.826749 0.010952
0.299599 0.224746 1.841622 0.521996 -0.199061 0.829185 0.018623
0.298241 0.222920 1.844864 0.520021 -0.195415 0.831100 0.025768
0.297088 0.221315 1.847596 0.518268 -0.192751 0.832620 0.031457
0.295993 0.220135 1.851155 0.515848 -0.188535 0.834815 0.037939
0.294744 0.218710 1.855694 0.512616 -0.184098 0.837480 0.044282
0.293586 0.217084 1.859811 0.509718 -0.181082 0.839616 0.049424
0.292598 0.215549 1.863314 0.507209 -0.179065 0.841319 0.053456
0.291664 0.214224 1.866936 0.504576 -0.175630 0.843257 0.058950
0.290657 0.212527 1.871238 0.501173 -0.171899 0.845618 0.064860
0.289789 0.210566 1.875095 0.498149 -0.169805 0.847468 0.069372
0.289086 0.208690 1.878360 0.495605 -0.168585 0.848899 0.072970
0.288615 0.207204 1.881501 0.493454 -0.166217 0.850208 0.077599
0.288376 0.205905 1.885338 0.491073 -0.162450 0.851758 0.083457
0.288156 0.204372 1.888818 0.488914 -0.160145 0.852985 0.087939
0.287989 0.202878 1.891781 0.487089 -0.158708 0.853926 0.091466
0.287947 0.201660 1.894511 0.485312 -0.156450 0.854925 0.095396
0.288377 0.200371 1.898072 0.482581 -0.152387 0.856603 0.100621
0.288928 0.198394 1.901353 0.480291 -0.150341 0.857753 0.104775
0.289510 0.196268 1.904149 0.478485 -0.149408 0.858506 0.108148
0.290134 0.194351 1.906608 0.477040 -0.148261 0.859046 0.111763
0.291323 0.192663 1.910107 0.475178 -0.144499 0.859884 0.118002
0.292461 0.190255 1.913525 0.473548 -0.142800 0.860395 0.122808
0.293486 0.187679 1.916505 0.472260 -0.142271 0.860643 0.126582
0.294406 0.185299 1.919043 0.471208 -0.142098 0.860780 0.129726
0.295717 0.183836 1.922328 0.469082 -0.138781 0.861809 0.134116
0.296912 0.181958 1.925644 0.467184 -0.136904 0.862626 0.137381
0.297918 0.179917 1.928566 0.465647 -0.136110 0.863193 0.139804
0.298785 0.177986 1.931046 0.464431 -0.135851 0.863585 0.141667
0.300283 0.177171 1.933960 0.462602 -0.131792 0.864408 0.146385
0.302032 0.175953 1.936933 0.461250 -0.128574 0.864902 0.150540
0.303590 0.174226 1.939606 0.460339 -0.126930 0.865082 0.153655
0.304933 0.172403 1.941908 0.459681 -0.126148 0.865121 0.156033
0.306789 0.171333 1.944383 0.458782 -0.123393 0.865336 0.159645
0.309070 0.169935 1.946938 0.458364 -0.120838 0.865230 0.163332
0.311196 0.167809 1.949319 0.458471 -0.119918 0.864798 0.165981
0.313015 0.165411 1.951453 0.458702 -0.120000 0.864287 0.167933
0.315138 0.163754 1.953769 0.458231 -0.118954 0.864336 0.169703
0.317797 0.162184 1.956268 0.457756 -0.117201 0.864388 0.171919
0.320203 0.160029 1.958503 0.457715 -0.116732 0.864128 0.173649
0.322253 0.157742 1.960443 0.457804 -0.116962 0.863783 0.174969
0.324434 0.156083 1.962403 0.457230 -0.116180 0.863998 0.175927
0.327299 0.154740 1.964515 0.456312 -0.113974 0.864417 0.177682
0.329941 0.152931 1.966264 0.455910 -0.112846 0.864439 0.179325
0.332231 0.151025 1.967727 0.455758 -0.112387 0.864297 0.180676
0.334512 0.149500 1.969096 0.455617 -0.111757 0.864274 0.181534
0.337618 0.148260 1.970558 0.455828 -0.109954 0.864047 0.183176
0.340488 0.146525 1.971741 0.456379 -0.109111 0.863511 0.184829
0.342959 0.144667 1.972731 0.456990 -0.108882 0.862918 0.186220
0.345186 0.143063 1.973648 0.457226 -0.108831 0.862719 0.186590
0.348170 0.141766 1.974743 0.456667 -0.107662 0.863272 0.186080
0.351044 0.139797 1.975604 0.456681 -0.107396 0.863267 0.186221
0.353558 0.137612 1.976314 0.456931 -0.107749 0.863032 0.186494
0.355779 0.135585 1.976967 0.457166 -0.108276 0.862841 0.186498
0.359264 0.134066 1.978065 0.457331 -0.106847 0.862937 0.186475
0.362680 0.131585 1.979013 0.458037 -0.106523 0.862429 0.187273
0.365652 0.128727 1.979833 0.458866 -0.107094 0.861733 0.188119
0.368143 0.125923 1.980567 0.459630 -0.108043 0.861045 0.188861
0.371840 0.123642 1.981206 0.459908 -0.106991 0.860812 0.189844
0.375954 0.120525 1.981248 0.461112 -0.106434 0.859683 0.192333
0.379696 0.117082 1.981078 0.462610 -0.106741 0.858265 0.194888
0.382883 0.113770 1.980905 0.464006 -0.107455 0.856907 0.197138
0.386758 0.111280 1.981333 0.464827 -0.107316 0.856391 0.197516
0.390683 0.108335 1.981892 0.465767 -0.107322 0.855642 0.198547
0.394025 0.105099 1.982400 0.466716 -0.108109 0.854768 0.199652
0.396785 0.101990 1.982892 0.467523 -0.109203 0.853957 0.200635
0.400086 0.099628 1.983604 0.467674 -0.109451 0.853951 0.200176
0.403980 0.096973 1.984033 0.468141 -0.109134 0.853586 0.200809
0.407475 0.093964 1.984214 0.468935 -0.109523 0.852843 0.201900
0.410434 0.091032 1.984349 0.469710 -0.110244 0.852060 0.203006
0.413554 0.088700 1.984641 0.470039 -0.110251 0.851837 0.203177
0.417245 0.086254 1.984778 0.470499 -0.109354 0.851466 0.204151
0.420551 0.083441 1.984727 0.471250 -0.109233 0.850738 0.205514
0.423342 0.080678 1.984673 0.471981 -0.109534 0.849973 0.206840
0.426081 0.078494 1.984690 0.472244 -0.109315 0.849826 0.206957
0.429567 0.076362 1.984439 0.472661 -0.108261 0.849722 0.206986
0.432703 0.074041 1.983999 0.473217 -0.107496 0.849380 0.207519
0.435424 0.071658 1.983557 0.473986 -0.107416 0.848779 0.208262
0.437951 0.069534 1.983300 0.474522 -0.107553 0.848392 0.208546
0.441170 0.066985 1.983222 0.474884 -0.107862 0.848063 0.208901
0.444120 0.063846 1.982985 0.475540 -0.108830 0.847307 0.209970
0.446657 0.060571 1.982757 0.476302 -0.110284 0.846365 0.211278
0.448866 0.057561 1.982620 0.476829 -0.111760 0.845649 0.212181
0.451706 0.054544 1.982357 0.476932 -0.113282 0.845413 0.212082
0.453626 0.050969 1.982468 0.476254 -0.115753 0.845527 0.211819
0.455467 0.047670 1.982544 0.475967 -0.117607 0.845344 0.212171
0.457690 0.044773 1.982017 0.476920 -0.119021 0.844271 0.213511
0.460407 0.041620 1.981003 0.477578 -0.119764 0.843621 0.214191
0.462436 0.037515 1.980224 0.477725 -0.121902 0.843018 0.215033
0.463243 0.032907 1.980301 0.476786 -0.125313 0.843014 0.215172
0.463746 0.028436 1.980572 0.475838 -0.128614 0.842964 0.215521
0.464411 0.023458 1.980878 0.474773 -0.132203 0.842884 0.216009
0.465086 0.017868 1.981190 0.473687 -0.135769 0.842628 0.217178
0.465648 0.012430 1.981483 0.472721 -0.139056 0.842256 0.218637
0.466116 0.007521 1.981744 0.471903 -0.141923 0.841851 0.220120
0.466693 0.002506 1.982002 0.470910 -0.145218 0.841607 0.221028
0.467349 -0.003074 1.982229 0.469812 -0.148627 0.841322 0.222180
0.467906 -0.008441 1.982416 0.468854 -0.151669 0.840929 0.223631
0.468369 -0.013231 1.982571 0.468049 -0.154266 0.840517 0.225086
0.468949 -0.018075 1.982651 0.467160 -0.157279 0.840099 0.226405
0.469634 -0.023940 1.982631 0.466069 -0.160794 0.839539 0.228252
0.470197 -0.029742 1.982575 0.465080 -0.163957 0.838902 0.230354
0.470664 -0.034990 1.982495 0.464271 -0.166709 0.838243 0.232397
0.471210 -0.040061 1.982399 0.463483 -0.169466 0.837525 0.234558
0.471927 -0.046312 1.982269 0.462515 -0.172602 0.836542 0.237667
0.472524 -0.052597 1.982093 0.461704 -0.175502 0.835438 0.240980
0.473014 -0.058321 1.981892 0.461096 -0.178111 0.834324 0.244075
0.473528 -0.063637 1.981711 0.460633 -0.180616 0.833143 0.247118
0.474233 -0.070049 1.981630 0.460060 -0.183085 0.831661 0.251324
0.474810 -0.076508 1.981524 0.459614 -0.185398 0.830094 0.255591
0.475273 -0.082406 1.981387 0.459358 -0.187682 0.828526 0.259442
0.475719 -0.087678 1.981265 0.459154 -0.189985 0.827090 0.262687
0.476435 -0.093754 1.981480 0.458635 -0.193284 0.825685 0.265595
0.477099 -0.099771 1.981625 0.458394 -0.196192 0.824090 0.268811
0.477634 -0.105158 1.981704 0.458279 -0.198757 0.822560 0.271793
0.478086 -0.109837 1.981761 0.458187 -0.201108 0.821194 0.274338
0.478725 -0.115576 1.981908 0.457258 -0.204898 0.820149 0.276202
0.479371 -0.121528 1.981856 0.456629 -0.208071 0.818844 0.278730
0.479887 -0.126939 1.981716 0.456200 -0.210752 0.817525 0.281277
0.480310 -0.131623 1.981535 0.455937 -0.213064 0.816273 0.283592
0.480837 -0.136817 1.981574 0.455284 -0.216139 0.815102 0.285673
0.481439 -0.142209 1.981454 0.455053 -0.218912 0.813564 0.288304
0.481939 -0.147091 1.981221 0.454997 -0.221240 0.812031 0.290925
0.482353 -0.151310 1.980954 0.455040 -0.223268 0.810603 0.293279
0.482853 -0.155852 1.981065 0.454589 -0.226041 0.809524 0.294832
0.483474 -0.160717 1.981193 0.454426 -0.228607 0.808180 0.296784
0.484004 -0.165088 1.981202 0.454435 -0.230553 0.806847 0.298885
0.484417 -0.168831 1.981194 0.454447 -0.232253 0.805669 0.300722
0.484777 -0.172441 1.981333 0.454086 -0.234501 0.804747 0.301991
0.485215 -0.176187 1.981445 0.453827 -0.236991 0.803680 0.303274
0.485613 -0.179501 1.981456 0.453744 -0.238997 0.802606 0.304664
0.485941 -0.182314 1.981437 0.453709 -0.240650 0.801644 0.305944
0.486260 -0.185053 1.981543 0.453441 -0.242618 0.800847 0.306873
0.486680 -0.188125 1.981699 0.453176 -0.244596 0.799975 0.307968
0.487059 -0.190944 1.981762 0.453099 -0.246235 0.799036 0.309209
0.487369 -0.193355 1.981792 0.453059 -0.247573 0.798201 0.310354
0.487650 -0.195595 1.981875 0.452941 -0.248830 0.797426 0.311514
0.487934 -0.198260 1.982054 0.452755 -0.250027 0.796518 0.313142
0.488165 -0.200740 1.982169 0.452669 -0.250886 0.795640 0.314807
0.488339 -0.202892 1.982258 0.452603 -0.251625 0.794862 0.316274
0.488475 -0.204772 1.982363 0.452484 -0.252418 0.794202 0.317469
0.488600 -0.206695 1.982538 0.452203 -0.253601 0.793624 0.318372
0.488699 -0.208426 1.982674 0.452006 -0.254607 0.793059 0.319255
0.488767 -0.209914 1.982788 0.451851 -0.255473 0.792547 0.320052
0.488808 -0.211182 1.982893 0.451694 -0.256277 0.792123 0.320680
0.488786 -0.212339 1.982970 0.451290 -0.257430 0.791997 0.320635
0.488763 -0.213366 1.983020 0.450962 -0.258508 0.791845 0.320607
0.488746 -0.214241 1.983050 0.450716 -0.259409 0.791679 0.320635
0.488727 -0.214971 1.983076 0.450527 -0.260119 0.791505 0.320755
0.488486 -0.215429 1.983278 0.449982 -0.260238 0.791354 0.321794
0.488304 -0.215682 1.983481 0.449430 -0.260229 0.791361 0.322554
0.488187 -0.215821 1.983644 0.448990 -0.260134 0.791394 0.323162
0.488122 -0.215887 1.983770 0.448645 -0.259990 0.791434 0.323658
0.487110 -0.215888 1.984212 0.447901 -0.259370 0.791328 0.325439
0.485671 -0.215881 1.985172 0.446551 -0.259167 0.791696 0.326562
0.484240 -0.215938 1.986250 0.445133 -0.259184 0.792172 0.327328
0.482931 -0.216060 1.987264 0.443830 -0.259329 0.792612 0.327917
0.480478 -0.216145 1.988183 0.442284 -0.258959 0.792815 0.329802
0.477409 -0.216153 1.989530 0.440059 -0.259075 0.793505 0.331025
0.474565 -0.216200 1.990980 0.437843 -0.259426 0.794295 0.331793
0.472060 -0.216321 1.992301 0.435866 -0.259903 0.794990 0.332358
0.469543 -0.215837 1.992707 0.435361 -0.259383 0.794450 0.334709
0.466337 -0.214396 1.993194 0.433967 -0.259057 0.794832 0.335863
0.463501 -0.212745 1.993955 0.432346 -0.258699 0.795708 0.336156
0.461505 -0.211176 1.994359 0.431649 -0.258099 0.796028 0.336755
0.458536 -0.209431 1.994533 0.430824 -0.256691 0.796339 0.338149
0.455854 -0.206246 1.994077 0.432395 -0.252854 0.795293 0.341479
0.453994 -0.202604 1.993546 0.433772 -0.249601 0.794860 0.343129
0.451798 -0.199353 1.993476 0.433433 -0.247415 0.795799 0.342966
0.448234 -0.196674 1.994112 0.431565 -0.245522 0.797506 0.342715
0.443155 -0.193586 1.994857 0.430385 -0.242846 0.798479 0.343839
0.438696 -0.190037 1.995807 0.429023 -0.240853 0.800082 0.343218
0.433849 -0.187269 1.997448 0.426086 -0.240699 0.802570 0.341170
0.429036 -0.185224 1.999033 0.423409 -0.240612 0.804413 0.340222
0.422480 -0.183045 2.000359 0.420870 -0.239204 0.805466 0.341869
0.415912 -0.181096 2.001595 0.418170 -0.239265 0.806813 0.341966
0.410179 -0.179066 2.002635 0.416019 -0.239995 0.808141 0.340938
0.405382 -0.176716 2.003492 0.414442 -0.240324 0.809412 0.339609
0.399539 -0.174260 2.004146 0.413469 -0.238459 0.809655 0.341525
0.393387 -0.172397 2.004664 0.412096 -0.238279 0.810183 0.342059
