0.396470 0.186674 1.657591 0.579230 -0.398925 0.640118 -0.309194
0.394048 0.185485 1.658423 0.581280 -0.393855 0.647257 -0.296730
0.390408 0.184601 1.660286 0.583391 -0.386946 0.655430 -0.283441
0.386987 0.184605 1.662226 0.585907 -0.379371 0.662257 -0.272408
0.383987 0.184938 1.663987 0.588541 -0.371855 0.668014 -0.262869
0.380614 0.184860 1.666108 0.590318 -0.364300 0.674260 -0.253342
0.376477 0.184681 1.668908 0.591508 -0.355780 0.681381 -0.243430
0.372798 0.184929 1.671446 0.593125 -0.347163 0.687520 -0.234512
0.369650 0.185288 1.673626 0.595067 -0.338683 0.692893 -0.226029
0.366082 0.185361 1.676038 0.596563 -0.330184 0.698387 -0.217597
0.361946 0.185758 1.678842 0.597900 -0.321160 0.703844 -0.209700
0.358277 0.186521 1.681360 0.599581 -0.312090 0.708613 -0.202409
0.355150 0.187292 1.683499 0.601506 -0.303217 0.712860 -0.195140
0.351652 0.188149 1.686176 0.603697 -0.292448 0.717262 -0.188569
0.347942 0.189347 1.689522 0.605464 -0.281174 0.721652 -0.183226
0.344704 0.190566 1.692548 0.607134 -0.270556 0.725656 -0.177791
0.341971 0.191611 1.695102 0.608861 -0.260516 0.729321 -0.171787
0.339014 0.192788 1.697981 0.611778 -0.247329 0.732834 -0.165861
0.336176 0.193751 1.701308 0.614017 -0.234701 0.736305 -0.160477
0.333792 0.194455 1.704286 0.615819 -0.223361 0.739585 -0.154564
0.331823 0.194947 1.706796 0.617457 -0.212951 0.742622 -0.148024
0.329958 0.196027 1.709303 0.620756 -0.198968 0.745094 -0.141096
0.328303 0.196999 1.711954 0.623393 -0.185877 0.747490 -0.134494
0.326928 0.197714 1.714313 0.625482 -0.174104 0.749805 -0.127482
0.325811 0.198239 1.716312 0.627119 -0.163952 0.751822 -0.120854
0.325243 0.199584 1.718654 0.630008 -0.150321 0.753496 -0.112861
0.324816 0.200800 1.721266 0.631929 -0.138049 0.755299 -0.105504
0.324457 0.201735 1.723610 0.633251 -0.127505 0.756973 -0.098622
0.324198 0.202493 1.725613 0.634249 -0.118683 0.758315 -0.092738
0.324519 0.203348 1.728125 0.636303 -0.106344 0.759432 -0.084101
0.324987 0.203553 1.730888 0.637152 -0.097570 0.760595 -0.077538
0.325448 0.203456 1.733361 0.637482 -0.091170 0.761621 -0.072372
0.325946 0.203369 1.735482 0.637821 -0.085423 0.762449 -0.067521
0.327001 0.203934 1.737594 0.638862 -0.077439 0.762943 -0.061455
0.327964 0.204337 1.739598 0.639365 -0.071443 0.763456 -0.056963
0.328775 0.204604 1.741337 0.639610 -0.066867 0.763916 -0.053484
0.329574 0.204905 1.742949 0.639862 -0.062341 0.764318 -0.050079
0.330760 0.205164 1.745491 0.639647 -0.057496 0.765087 -0.046773
0.331854 0.205002 1.748107 0.638954 -0.054597 0.766017 -0.044441
0.332800 0.204700 1.750385 0.638246 -0.052631 0.766849 -0.042591
0.333883 0.204614 1.752466 0.637742 -0.050197 0.767548 -0.040421
0.335615 0.204865 1.755165 0.636868 -0.047533 0.768549 -0.038381
0.337151 0.204837 1.757717 0.635822 -0.046016 0.769577 -0.036923
0.338447 0.204707 1.759885 0.634898 -0.044987 0.770456 -0.035738
0.339926 0.204720 1.761892 0.634206 -0.043165 0.771201 -0.034184
0.342178 0.204270 1.764251 0.633287 -0.041933 0.772097 -0.032494
0.344313 0.203276 1.766357 0.632389 -0.041880 0.772907 -0.030738
0.346176 0.202192 1.768108 0.631650 -0.042178 0.773558 -0.029099
0.348146 0.201550 1.769980 0.630856 -0.040928 0.774353 -0.026883
0.350424 0.201117 1.772471 0.629391 -0.039521 0.775677 -0.025093
0.352402 0.200508 1.774706 0.628017 -0.038863 0.776870 -0.023619
0.354066 0.199907 1.776567 0.626881 -0.038460 0.777844 -0.022354
0.356172 0.199858 1.778248 0.626076 -0.037182 0.778593 -0.020931
0.358739 0.199975 1.779840 0.625302 -0.036026 0.779302 -0.019717
0.360984 0.199875 1.781126 0.624687 -0.035314 0.779857 -0.018533
0.362879 0.199717 1.782155 0.624217 -0.034787 0.780281 -0.017477
0.365079 0.199726 1.783113 0.624002 -0.033326 0.780521 -0.017269
0.367668 0.199079 1.784017 0.623810 -0.032609 0.780714 -0.016869
0.370042 0.198026 1.784739 0.623692 -0.032618 0.780826 -0.016001
0.372095 0.196938 1.785316 0.623623 -0.032857 0.780889 -0.015049
0.374948 0.196565 1.785772 0.624035 -0.031548 0.780628 -0.014286
0.378107 0.195984 1.786045 0.624503 -0.030610 0.780309 -0.013319
0.380893 0.195174 1.786185 0.624964 -0.030167 0.779977 -0.012130
0.383255 0.194373 1.786272 0.625370 -0.029927 0.779677 -0.011007
0.386254 0.194211 1.786209 0.625959 -0.029698 0.779208 -0.011318
0.389244 0.193937 1.785911 0.626599 -0.029634 0.778696 -0.011329
0.391835 0.193536 1.785549 0.627218 -0.029722 0.778199 -0.010985
0.394042 0.193140 1.785212 0.627763 -0.029863 0.777760 -0.010573
0.397134 0.192560 1.784678 0.628614 -0.030249 0.777061 -0.010253
0.400264 0.191260 1.783924 0.629594 -0.031057 0.776249 -0.009211
0.403012 0.189777 1.783175 0.630537 -0.031933 0.775461 -0.007962
0.405376 0.188426 1.782522 0.631360 -0.032793 0.774765 -0.006940
0.408029 0.187613 1.781867 0.632104 -0.033792 0.774115 -0.007043
0.410399 0.186877 1.781159 0.632804 -0.034573 0.773509 -0.006924
0.412390 0.186239 1.780507 0.633435 -0.035160 0.772967 -0.006698
0.414134 0.185735 1.779967 0.633884 -0.035737 0.772573 -0.006672
0.416440 0.185145 1.779335 0.633878 -0.036986 0.772514 -0.007285
0.418635 0.184284 1.778442 0.634152 -0.038036 0.772238 -0.007237
0.420536 0.183399 1.777553 0.634529 -0.038873 0.771890 -0.006902
0.422173 0.182643 1.776726 0.634838 -0.040116 0.771569 -0.007331
0.423387 0.183247 1.775987 0.634728 -0.041488 0.771545 -0.010814
0.424378 0.183959 1.775182 0.634745 -0.042393 0.771440 -0.013488
0.425335 0.184284 1.774361 0.634892 -0.043290 0.771238 -0.015142
0.426251 0.184451 1.773535 0.635090 -0.044949 0.770931 -0.017480
0.427343 0.184299 1.772609 0.635177 -0.047865 0.770595 -0.021011
0.428377 0.183886 1.771694 0.635386 -0.050273 0.770201 -0.023417
0.429313 0.183339 1.770866 0.635625 -0.052295 0.769818 -0.025041
0.430277 0.182795 1.769901 0.635954 -0.055255 0.769243 -0.027838
0.431511 0.182106 1.768474 0.636506 -0.059064 0.768368 -0.031323
0.432666 0.181299 1.767035 0.637179 -0.062115 0.767474 -0.033575
0.433056 0.180643 1.766369 0.637181 -0.064875 0.767126 -0.036183
0.433144 0.180316 1.766053 0.636974 -0.069024 0.766676 -0.041329
0.433217 0.180226 1.765751 0.636721 -0.073939 0.766058 -0.047696
0.433295 0.180241 1.765485 0.636461 -0.078046 0.765517 -0.053006
0.433375 0.180284 1.765244 0.636217 -0.081472 0.765048 -0.057373
0.433509 0.180136 1.764761 0.635811 -0.087516 0.764143 -0.064588
0.433579 0.179649 1.764149 0.635192 -0.095134 0.762973 -0.073154
0.433629 0.179071 1.763607 0.634595 -0.101703 0.761907 -0.080272
0.433672 0.178499 1.763126 0.634063 -0.107206 0.760961 -0.086073
0.433681 0.177851 1.762498 0.633264 -0.115033 0.759460 -0.094684
0.433720 0.177050 1.761857 0.632280 -0.123784 0.757664 -0.104136
0.433757 0.176224 1.761256 0.631398 -0.131412 0.755977 -0.112102
0.433780 0.175435 1.760694 0.630662 -0.137764 0.754479 -0.118528
0.433760 0.174797 1.759840 0.629463 -0.146405 0.752303 -0.127992
0.433748 0.174227 1.759022 0.628015 -0.155334 0.749988 -0.137790
0.433730 0.173838 1.758358 0.626651 -0.162955 0.747889 -0.146340
0.433677 0.173875 1.757924 0.625349 -0.169047 0.746109 -0.153892
0.433547 0.174173 1.757232 0.623268 -0.177758 0.743403 -0.165197
0.433443 0.174377 1.756676 0.621052 -0.186231 0.740696 -0.176016
0.433382 0.174544 1.756247 0.619074 -0.193319 0.738335 -0.185033
0.433331 0.174707 1.755888 0.617343 -0.199267 0.736259 -0.192622
0.433214 0.175058 1.755264 0.614526 -0.207933 0.733204 -0.203798
0.433130 0.175243 1.754779 0.611776 -0.216003 0.730273 -0.213949
0.433076 0.175398 1.754417 0.609409 -0.222662 0.727738 -0.222350
0.433019 0.175595 1.754115 0.607255 -0.228441 0.725442 -0.229759
0.432844 0.176078 1.753552 0.603787 -0.236993 0.722028 -0.240728
0.432684 0.176385 1.753078 0.600624 -0.244749 0.718785 -0.250393
0.432494 0.176990 1.752561 0.597791 -0.251575 0.715556 -0.259489
0.432342 0.177312 1.752221 0.595004 -0.257974 0.712549 -0.267754
0.432097 0.178158 1.751586 0.591175 -0.267120 0.707659 -0.279959
0.431933 0.178656 1.751151 0.587540 -0.275329 0.703264 -0.290535
0.431744 0.179141 1.750943 0.584534 -0.281728 0.699643 -0.299080
0.431484 0.179722 1.750798 0.581567 -0.287623 0.696150 -0.307289
0.431036 0.180509 1.749943 0.577909 -0.296189 0.690507 -0.318580
0.430702 0.180965 1.749460 0.574289 -0.303430 0.685946 -0.328023
0.430391 0.181441 1.749272 0.571250 -0.308905 0.682431 -0.335469
0.430018 0.182049 1.749195 0.568093 -0.314007 0.679102 -0.342769
0.429521 0.182880 1.748868 0.563961 -0.320807 0.674485 -0.352278
0.429183 0.183134 1.748411 0.560578 -0.326933 0.670332 -0.359890
0.428924 0.183367 1.748234 0.557837 -0.331499 0.667133 -0.365871
0.428557 0.183869 1.748213 0.554598 -0.336232 0.663763 -0.372541
0.428003 0.184488 1.748053 0.550405 -0.342527 0.659349 -0.380773
0.427472 0.184975 1.747838 0.546915 -0.348044 0.655207 -0.387883
0.427032 0.185254 1.747673 0.544163 -0.352466 0.651771 -0.393508
0.426573 0.185748 1.747813 0.540928 -0.356756 0.648345 -0.399714
0.426137 0.186140 1.747736 0.537317 -0.362185 0.643973 -0.406709
0.425857 0.186222 1.747590 0.534544 -0.366644 0.640340 -0.412067
0.425617 0.186345 1.747613 0.532322 -0.369968 0.637505 -0.416347
0.425349 0.186685 1.747766 0.529546 -0.373521 0.634516 -0.421252
0.425103 0.186931 1.747765 0.526641 -0.377558 0.631262 -0.426154
0.424898 0.187086 1.747764 0.524269 -0.380925 0.628432 -0.430245
0.424720 0.187259 1.747853 0.522345 -0.383504 0.626139 -0.433624
0.424404 0.187589 1.747937 0.520077 -0.386168 0.623787 -0.437361
0.424005 0.187920 1.747850 0.517814 -0.389152 0.621047 -0.441282
0.423615 0.188161 1.747681 0.515934 -0.391851 0.618402 -0.444796
0.423270 0.188322 1.747561 0.514388 -0.394001 0.616268 -0.447641
0.422930 0.188550 1.747682 0.513092 -0.395848 0.614496 -0.449929
0.422637 0.188723 1.747798 0.512086 -0.397698 0.612831 -0.451711
0.422374 0.188873 1.747867 0.511307 -0.399277 0.611287 -0.453290
0.422143 0.188985 1.747905 0.510705 -0.400533 0.609986 -0.454610
0.421821 0.189046 1.747949 0.511591 -0.400268 0.610119 -0.453667
0.421533 0.189159 1.747934 0.512536 -0.399917 0.610486 -0.452416
0.421289 0.189267 1.747897 0.513309 -0.399616 0.610796 -0.451385
0.421059 0.189380 1.747852 0.514086 -0.399184 0.611133 -0.450427
0.420275 0.189550 1.747693 0.518320 -0.395611 0.614250 -0.444447
0.419587 0.189730 1.747420 0.522315 -0.392346 0.617319 -0.438369
0.418997 0.189955 1.747184 0.525421 -0.389751 0.619747 -0.433522
0.418443 0.190227 1.746946 0.528445 -0.387018 0.622093 -0.428908
0.417619 0.190904 1.746522 0.534634 -0.381256 0.628009 -0.417630
0.416842 0.191682 1.746181 0.539276 -0.376811 0.632841 -0.408297
0.416153 0.192421 1.745851 0.542921 -0.373237 0.636631 -0.400788
0.415436 0.192985 1.745458 0.546637 -0.369395 0.640601 -0.392892
0.413711 0.193803 1.745156 0.552433 -0.362682 0.647623 -0.379294
0.412139 0.194748 1.744839 0.556594 -0.357932 0.653326 -0.367767
0.410781 0.195588 1.744633 0.559671 -0.354145 0.657883 -0.358526
0.409576 0.195733 1.744555 0.562186 -0.350562 0.663340 -0.347896
0.407466 0.195397 1.744889 0.565065 -0.344657 0.671986 -0.332184
0.405579 0.194929 1.744671 0.567815 -0.339644 0.679096 -0.317893
0.403980 0.194513 1.744330 0.570037 -0.335542 0.684511 -0.306452
0.402037 0.194191 1.744544 0.571646 -0.330971 0.690075 -0.295762
0.399441 0.192803 1.744989 0.572933 -0.325838 0.698017 -0.279911
0.397125 0.191669 1.745362 0.574487 -0.320463 0.704748 -0.265702
0.395120 0.190775 1.745737 0.575592 -0.316046 0.709983 -0.254427
0.392548 0.189507 1.746515 0.575844 -0.311461 0.715713 -0.243208
0.388587 0.188180 1.747962 0.575377 -0.305435 0.722772 -0.230762
0.384918 0.187707 1.749345 0.575634 -0.298623 0.728797 -0.219827
0.381713 0.187609 1.750573 0.575884 -0.292569 0.733618 -0.211107
0.378042 0.186930 1.752401 0.574750 -0.286901 0.739234 -0.202197
0.373549 0.185854 1.755194 0.572233 -0.281106 0.745928 -0.192667
0.369545 0.185254 1.757770 0.570572 -0.274872 0.751745 -0.183772
0.366109 0.184885 1.759961 0.569494 -0.268880 0.756645 -0.175693
0.361847 0.184005 1.762792 0.566854 -0.263526 0.762173 -0.168295
0.356661 0.183314 1.766514 0.563198 -0.257959 0.768203 -0.161646
0.352005 0.183191 1.769874 0.560571 -0.251781 0.773473 -0.155257
0.348006 0.183265 1.772689 0.558909 -0.245296 0.778068 -0.148528
0.343233 0.182808 1.776546 0.555243 -0.238952 0.783835 -0.142162
0.337934 0.182361 1.781424 0.550293 -0.232988 0.790051 -0.136797
0.333231 0.182217 1.785746 0.546401 -0.226819 0.795477 -0.131206
0.329217 0.182185 1.789323 0.543625 -0.220454 0.800174 -0.124875
0.324488 0.181960 1.793865 0.539183 -0.214291 0.805721 -0.119055
0.319427 0.182083 1.799017 0.534129 -0.208395 0.811275 -0.114503
0.314918 0.182464 1.803496 0.530155 -0.202211 0.816122 -0.109503
0.311069 0.182884 1.807174 0.527274 -0.195831 0.820306 -0.103582
0.306657 0.182986 1.811688 0.523794 -0.188514 0.824950 -0.097774
0.302244 0.182892 1.816577 0.519955 -0.182130 0.829396 -0.092627
0.298403 0.182792 1.820817 0.516861 -0.175988 0.833275 -0.086799
0.295164 0.182683 1.824326 0.514594 -0.169827 0.836629 -0.080022
0.291573 0.182230 1.829071 0.511311 -0.163145 0.840623 -0.072789
0.288013 0.181446 1.834161 0.507576 -0.157802 0.844439 -0.066246
0.284913 0.180668 1.838569 0.504526 -0.152700 0.847723 -0.059171
0.282303 0.179978 1.842281 0.502227 -0.147404 0.850531 -0.051364
0.279897 0.178865 1.846968 0.499220 -0.142263 0.853585 -0.043973
0.277780 0.177248 1.851524 0.496269 -0.138417 0.856288 -0.036454
0.276024 0.175634 1.855371 0.494005 -0.134654 0.858505 -0.028214
0.274609 0.174288 1.858734 0.492286 -0.130480 0.860374 -0.019660
