0.386272 -0.059630 1.997956 0.419419 -0.214264 0.832733 0.291091
0.382173 -0.054122 1.997813 0.418461 -0.212466 0.833859 0.290562
0.378531 -0.048390 1.997752 0.417807 -0.210486 0.835281 0.288857
0.375306 -0.042464 1.997717 0.417474 -0.208305 0.836896 0.286231
0.371409 -0.036783 1.997532 0.416917 -0.207095 0.837806 0.285260
0.367334 -0.030925 1.997175 0.416055 -0.206161 0.838927 0.283899
0.363764 -0.024721 1.996817 0.415586 -0.204532 0.840336 0.281587
0.360583 -0.018308 1.996490 0.415444 -0.202421 0.841948 0.278486
0.357087 -0.011960 1.996185 0.415221 -0.200232 0.843270 0.276395
0.352807 -0.005545 1.995900 0.414060 -0.198351 0.844849 0.274667
0.348897 0.001174 1.995663 0.413163 -0.195893 0.846752 0.271908
0.345330 0.008013 1.995454 0.412609 -0.193071 0.848791 0.268386
0.341846 0.014784 1.995287 0.412380 -0.190278 0.850578 0.265055
0.337515 0.021637 1.995184 0.411504 -0.188622 0.852057 0.262837
0.333456 0.029079 1.995047 0.410665 -0.185916 0.854063 0.259551
0.329688 0.036711 1.994890 0.410109 -0.182580 0.856251 0.255559
0.326128 0.044308 1.994729 0.409820 -0.178958 0.858487 0.251041
0.321470 0.051900 1.994787 0.409229 -0.176043 0.859740 0.249774
0.316672 0.060274 1.994852 0.408000 -0.172127 0.861887 0.247099
0.312093 0.068866 1.994876 0.406911 -0.167546 0.864331 0.243484
0.307698 0.077322 1.994862 0.406052 -0.162778 0.866845 0.239175
0.303079 0.085414 1.994941 0.405637 -0.159696 0.868782 0.234889
0.298271 0.093893 1.994979 0.405002 -0.156558 0.871012 0.229784
0.293586 0.102510 1.994937 0.404422 -0.152576 0.873433 0.224228
0.289004 0.110932 1.994849 0.403985 -0.148261 0.875864 0.218348
0.284367 0.118898 1.994696 0.404155 -0.145001 0.877721 0.212693
0.279563 0.127083 1.994190 0.404653 -0.142406 0.879287 0.206957
0.274859 0.135584 1.993538 0.405032 -0.138569 0.881091 0.201065
0.270194 0.143948 1.992904 0.405289 -0.134185 0.883002 0.195045
0.265668 0.151750 1.992417 0.405395 -0.130085 0.884792 0.189408
0.260860 0.159811 1.991854 0.406186 -0.127259 0.886113 0.183364
0.256020 0.168235 1.991288 0.406021 -0.122976 0.887973 0.177561
0.251501 0.176101 1.990750 0.405379 -0.118320 0.889909 0.172428
0.247460 0.183003 1.990245 0.404595 -0.113948 0.891675 0.168032
0.243419 0.189324 1.989522 0.405095 -0.111825 0.892621 0.163160
0.239261 0.195929 1.988750 0.404958 -0.108773 0.893921 0.158371
0.235353 0.202176 1.988037 0.404369 -0.105268 0.895346 0.154141
0.231856 0.207703 1.987394 0.403636 -0.101891 0.896681 0.150527
0.228841 0.213112 1.986847 0.403980 -0.099900 0.897437 0.146378
0.225769 0.219465 1.986156 0.404176 -0.096946 0.898366 0.142064
0.222731 0.225793 1.985398 0.403795 -0.093168 0.899523 0.138301
0.219915 0.231561 1.984661 0.403176 -0.089361 0.900675 0.135088
0.217435 0.236766 1.984073 0.402916 -0.086593 0.901537 0.131879
0.215015 0.242174 1.983555 0.402785 -0.084179 0.902326 0.128399
0.212658 0.247364 1.982981 0.402277 -0.081275 0.903238 0.125417
0.210500 0.252018 1.982420 0.401637 -0.078402 0.904121 0.122907
0.208694 0.256236 1.981951 0.401247 -0.076073 0.904833 0.120377
0.207382 0.261959 1.981492 0.401799 -0.073503 0.905259 0.116876
0.205859 0.268111 1.980733 0.401731 -0.069624 0.905962 0.114004
0.204276 0.273916 1.979886 0.401325 -0.065515 0.906750 0.111582
0.202768 0.279083 1.979068 0.400790 -0.061656 0.907507 0.109532
0.201422 0.285068 1.978827 0.400778 -0.058390 0.908102 0.106383
0.199612 0.291312 1.978608 0.400097 -0.054270 0.909016 0.103283
0.197635 0.297087 1.978338 0.399102 -0.050129 0.910010 0.100422
0.195725 0.302186 1.978056 0.398048 -0.046318 0.910949 0.097897
0.194401 0.307911 1.978079 0.397665 -0.043420 0.911723 0.093479
0.193188 0.314527 1.977959 0.397198 -0.039496 0.912539 0.089141
0.191850 0.320717 1.977592 0.396485 -0.035314 0.913364 0.085553
0.190529 0.326214 1.977138 0.395713 -0.031370 0.914118 0.082559
0.189689 0.331591 1.976844 0.395474 -0.028262 0.914654 0.078800
0.189691 0.337700 1.976539 0.395901 -0.024932 0.914895 0.074885
0.189772 0.343199 1.975958 0.396221 -0.021522 0.915072 0.072037
0.189857 0.347958 1.975301 0.396468 -0.018394 0.915203 0.069854
0.190063 0.352271 1.974784 0.396813 -0.015900 0.915276 0.067502
0.191041 0.358049 1.974833 0.397611 -0.013289 0.915242 0.063737
0.191892 0.363509 1.974620 0.398107 -0.010192 0.915258 0.060905
0.192559 0.368294 1.974263 0.398442 -0.007240 0.915285 0.058688
0.193074 0.372407 1.973874 0.398672 -0.004575 0.915316 0.056900
0.194288 0.377580 1.973926 0.399614 -0.002721 0.915125 0.053360
0.195560 0.382817 1.973701 0.400355 -0.000073 0.914953 0.050758
0.196640 0.387463 1.973256 0.400913 0.002594 0.914810 0.048830
0.197527 0.391485 1.972750 0.401331 0.005071 0.914695 0.047333
0.199004 0.396028 1.972560 0.402283 0.006416 0.914410 0.044515
0.201172 0.400898 1.972199 0.403424 0.008186 0.913992 0.042437
0.203328 0.405074 1.971561 0.404475 0.009991 0.913562 0.041280
0.205305 0.408596 1.970852 0.405399 0.011657 0.913163 0.040608
0.207409 0.412152 1.970489 0.406614 0.012463 0.912662 0.039474
0.210017 0.416413 1.970719 0.408123 0.013138 0.912035 0.038145
0.212324 0.420161 1.970856 0.409299 0.014060 0.911533 0.037205
0.214261 0.423327 1.970915 0.410202 0.014992 0.911140 0.036513
0.216021 0.426206 1.971026 0.411055 0.015546 0.910790 0.035420
0.218949 0.429915 1.971480 0.412606 0.015517 0.910171 0.033239
0.222124 0.433252 1.971636 0.414140 0.015905 0.909508 0.032111
0.225088 0.436016 1.971559 0.415493 0.016386 0.908899 0.031603
0.227717 0.438306 1.971389 0.416642 0.016891 0.908371 0.031401
0.231266 0.441392 1.971525 0.418510 0.016258 0.907584 0.029615
0.235258 0.444295 1.971374 0.420411 0.016189 0.906728 0.028915
0.239052 0.446650 1.970978 0.422130 0.016274 0.905928 0.028897
0.242453 0.448560 1.970503 0.423618 0.016429 0.905221 0.029182
0.246037 0.450884 1.970415 0.425444 0.016098 0.904399 0.028298
0.249964 0.453070 1.970473 0.427259 0.015843 0.903574 0.027451
0.253707 0.454595 1.970464 0.428912 0.015474 0.902803 0.027244
0.257087 0.455683 1.970440 0.430356 0.015077 0.902119 0.027351
0.260377 0.456935 1.970533 0.432005 0.014281 0.901366 0.026610
0.264086 0.458527 1.970648 0.433959 0.013454 0.900478 0.025243
0.267626 0.459637 1.970617 0.435705 0.012727 0.899663 0.024615
0.270825 0.460428 1.970531 0.437226 0.012093 0.898940 0.024381
0.273700 0.461168 1.970495 0.438604 0.011402 0.898286 0.024065
0.276982 0.462541 1.970570 0.440042 0.010713 0.897622 0.022876
0.280299 0.463519 1.970381 0.441359 0.010246 0.896989 0.022512
0.283408 0.464196 1.970077 0.442569 0.009843 0.896396 0.022618
0.286180 0.464690 1.969746 0.443620 0.009529 0.895871 0.022927
0.289390 0.465904 1.969557 0.445241 0.008338 0.895114 0.021460
0.292746 0.466879 1.969105 0.446757 0.007534 0.894384 0.020730
0.295933 0.467552 1.968532 0.448143 0.006881 0.893698 0.020601
0.298799 0.468040 1.967948 0.449350 0.006376 0.893092 0.020762
0.301834 0.468988 1.967512 0.450625 0.005812 0.892492 0.019015
0.305382 0.469714 1.967030 0.451870 0.005422 0.891899 0.017342
0.308967 0.469903 1.966509 0.453136 0.004806 0.891273 0.016642
0.312330 0.469788 1.966029 0.454325 0.004104 0.890674 0.016473
0.315649 0.469848 1.965693 0.455623 0.003301 0.890025 0.015876
0.319656 0.469990 1.965285 0.457084 0.002673 0.889292 0.015071
0.323816 0.469605 1.964720 0.458576 0.001838 0.888522 0.015269
0.327779 0.468946 1.964137 0.459995 0.000909 0.887778 0.015963
0.331476 0.468347 1.963637 0.461470 -0.000093 0.887002 0.016494
0.335637 0.468465 1.963281 0.463684 -0.001060 0.885867 0.015402
0.339662 0.468219 1.962862 0.465645 -0.001974 0.884841 0.015035
0.343340 0.467768 1.962456 0.467371 -0.002870 0.883928 0.015092
0.346570 0.467260 1.962099 0.468840 -0.003668 0.883143 0.015331
0.350380 0.467610 1.961703 0.470660 -0.003667 0.882185 0.014651
0.354645 0.467546 1.960912 0.472421 -0.003526 0.881240 0.014914
0.358875 0.467099 1.959969 0.474148 -0.003649 0.880296 0.015847
0.362794 0.466477 1.959031 0.475728 -0.003894 0.879419 0.017028
0.366654 0.466258 1.958276 0.477442 -0.004094 0.878476 0.017712
0.370531 0.465980 1.957616 0.479012 -0.004152 0.877605 0.018397
0.374124 0.465429 1.957029 0.480414 -0.004408 0.876818 0.019330
0.377316 0.464780 1.956537 0.481625 -0.004737 0.876130 0.020298
0.380316 0.464484 1.956236 0.482903 -0.005252 0.875423 0.020281
0.383634 0.464424 1.956039 0.484186 -0.005603 0.874735 0.019279
0.386911 0.463946 1.955799 0.485364 -0.006121 0.874084 0.019018
0.389952 0.463266 1.955573 0.486419 -0.006724 0.873489 0.019158
0.392705 0.462612 1.955383 0.487403 -0.007320 0.872932 0.019356
0.395653 0.462381 1.954912 0.488579 -0.007501 0.872280 0.019046
0.398596 0.462078 1.954085 0.489713 -0.007500 0.871636 0.019350
0.401336 0.461762 1.953125 0.490775 -0.007429 0.871026 0.019964
0.403764 0.461488 1.952159 0.491713 -0.007290 0.870482 0.020668
0.406083 0.461583 1.951235 0.493270 -0.007175 0.869617 0.019982
0.408202 0.461783 1.950174 0.494694 -0.006866 0.868825 0.019355
0.410054 0.462027 1.949093 0.495909 -0.006434 0.868143 0.019016
0.411626 0.462308 1.948071 0.496924 -0.005931 0.867570 0.018831
0.412960 0.462547 1.947273 0.497962 -0.005042 0.866997 0.018004
0.414335 0.462520 1.946620 0.498921 -0.004279 0.866471 0.016944
0.415708 0.462297 1.946050 0.499752 -0.003795 0.866005 0.016368
0.416999 0.461967 1.945578 0.500458 -0.003520 0.865604 0.016113
0.418336 0.460815 1.945617 0.501151 -0.004408 0.865196 0.016242
0.419608 0.459500 1.945640 0.501859 -0.005162 0.864803 0.015051
0.420078 0.459301 1.945373 0.501940 -0.004305 0.864787 0.013452
0.420428 0.459217 1.945066 0.502028 -0.003667 0.864751 0.012634
0.420713 0.459021 1.944838 0.502106 -0.003278 0.864718 0.011878
0.420713 0.458534 1.944658 0.502332 -0.002707 0.864594 0.011540
0.420774 0.458201 1.944350 0.502614 -0.002048 0.864424 0.012068
0.420822 0.457949 1.944064 0.502833 -0.001548 0.864291 0.012523
0.420871 0.457712 1.943847 0.502980 -0.001177 0.864199 0.013012
0.420164 0.456790 1.943583 0.503328 -0.001363 0.864003 0.012586
0.419378 0.456304 1.942986 0.503586 -0.000795 0.863838 0.013655
0.418761 0.455807 1.942509 0.503749 -0.000443 0.863720 0.014975
0.418265 0.455375 1.942101 0.503864 -0.000214 0.863634 0.016036
0.417144 0.454068 1.941665 0.504279 -0.000656 0.863396 0.015751
0.415689 0.452702 1.940955 0.504581 -0.000349 0.863197 0.017015
0.414208 0.451954 1.940136 0.504564 0.000335 0.863188 0.017951
0.413008 0.451159 1.939533 0.504589 0.000579 0.863147 0.019153
0.411601 0.450019 1.939077 0.504744 0.000321 0.863046 0.019621
0.409605 0.448443 1.938342 0.505626 0.000163 0.862465 0.022284
0.407347 0.447383 1.937522 0.505845 0.000381 0.862297 0.023765
0.405266 0.446211 1.936883 0.505872 0.000121 0.862242 0.025144
0.403381 0.444939 1.936481 0.505809 -0.000441 0.862249 0.026141
0.400824 0.443442 1.935844 0.506487 -0.001047 0.861782 0.028307
0.398244 0.442455 1.934863 0.506796 -0.001101 0.861532 0.030306
0.395854 0.441302 1.934093 0.506840 -0.001578 0.861441 0.032095
0.393676 0.439978 1.933527 0.506701 -0.002486 0.861471 0.033399
0.390843 0.438569 1.932823 0.507437 -0.002775 0.860941 0.035771
0.387923 0.437576 1.931775 0.508151 -0.002835 0.860407 0.038399
0.385164 0.436443 1.930962 0.508394 -0.003234 0.860163 0.040546
0.382578 0.435218 1.930323 0.508387 -0.003995 0.860092 0.042051
0.379567 0.434008 1.929647 0.508398 -0.004202 0.859983 0.044069
0.376604 0.432792 1.928543 0.509105 -0.004739 0.859419 0.046794
0.373740 0.431728 1.927478 0.509333 -0.005247 0.859168 0.048812
0.371279 0.430422 1.927133 0.509606 -0.006021 0.858915 0.050307
0.368654 0.428707 1.928298 0.509996 -0.006733 0.858590 0.051789
0.365421 0.426837 1.930060 0.510723 -0.007281 0.857973 0.054691
0.362096 0.424582 1.932455 0.511258 -0.008989 0.857554 0.056000
0.358806 0.422055 1.935027 0.511454 -0.011378 0.857383 0.056392
0.355776 0.419329 1.937254 0.511452 -0.014092 0.857318 0.056773
0.352695 0.417459 1.937509 0.511720 -0.015118 0.856876 0.060648
0.349659 0.416102 1.937681 0.511871 -0.015564 0.856546 0.063843
0.346807 0.414508 1.938119 0.511867 -0.016422 0.856370 0.065979
0.344089 0.412729 1.938724 0.511752 -0.017666 0.856310 0.067314
0.341247 0.411086 1.938107 0.512052 -0.018675 0.855907 0.069833
0.338271 0.409971 1.937296 0.512165 -0.018756 0.855625 0.072388
0.335343 0.408598 1.936966 0.512096 -0.019269 0.855526 0.073902
0.332535 0.407000 1.936892 0.511931 -0.020171 0.855534 0.074709
0.329675 0.405369 1.936371 0.511963 -0.020861 0.855311 0.076817
0.326682 0.404090 1.935497 0.511986 -0.020671 0.855017 0.079928
0.323756 0.402676 1.934984 0.511856 -0.020808 0.854899 0.081965
0.321003 0.400941 1.934769 0.511650 -0.021497 0.854886 0.083197
0.318334 0.398998 1.934446 0.511515 -0.022383 0.854825 0.084415
0.315549 0.397318 1.933532 0.511439 -0.022304 0.854622 0.086911
0.312866 0.395603 1.932891 0.511213 -0.022411 0.854582 0.088592
0.310346 0.393566 1.932580 0.510946 -0.023127 0.854623 0.089549
0.307992 0.391269 1.932405 0.510688 -0.024184 0.854673 0.090262
0.305111 0.388866 1.932189 0.510620 -0.024532 0.854490 0.092256
0.302203 0.386531 1.932151 0.510432 -0.024847 0.854385 0.094174
0.299536 0.384005 1.932246 0.510223 -0.025639 0.854330 0.095577
0.297083 0.381293 1.932471 0.509899 -0.026829 0.854374 0.096584
0.294430 0.378279 1.932688 0.509696 -0.027736 0.854365 0.097474
0.291778 0.375343 1.932942 0.509316 -0.028259 0.854392 0.099057
0.289388 0.372272 1.933256 0.508929 -0.029320 0.854462 0.100130
0.287242 0.368946 1.933700 0.508451 -0.030939 0.854601 0.100885
0.284948 0.365166 1.934130 0.507694 -0.031509 0.854931 0.101717
0.282613 0.361316 1.934420 0.507217 -0.031977 0.855152 0.102100
0.280430 0.357525 1.934776 0.506759 -0.032962 0.855358 0.102331
0.278491 0.353471 1.935272 0.506156 -0.034653 0.855623 0.102546
0.276645 0.348917 1.935797 0.505627 -0.036050 0.855793 0.103246
0.274480 0.344039 1.936207 0.505250 -0.036539 0.855890 0.104115
0.272301 0.339476 1.936684 0.504580 -0.037333 0.856159 0.104863
0.270407 0.334648 1.937254 0.503952 -0.039110 0.856366 0.105546
0.268728 0.329525 1.937856 0.503450 -0.041649 0.856502 0.105874
0.266721 0.323941 1.938382 0.503057 -0.042959 0.856630 0.106172
0.264630 0.318469 1.939001 0.502632 -0.044316 0.856761 0.106571
0.262702 0.313037 1.939609 0.502107 -0.046135 0.856873 0.107372
0.260705 0.308154 1.940080 0.501409 -0.047908 0.857083 0.108181
0.258158 0.303008 1.940772 0.500073 -0.048990 0.857742 0.108650
0.255682 0.297723 1.941401 0.499256 -0.050143 0.858063 0.109348
0.253369 0.292393 1.941974 0.498637 -0.051462 0.858232 0.110227
0.251262 0.287150 1.942434 0.497903 -0.053206 0.858440 0.111098
0.249082 0.281752 1.942888 0.497241 -0.055366 0.858669 0.111237
0.246867 0.276136 1.943238 0.496791 -0.057254 0.858730 0.111816
0.244748 0.270422 1.943576 0.496218 -0.059171 0.858809 0.112752
0.242699 0.264532 1.943924 0.495565 -0.061300 0.858892 0.113853
0.240696 0.258444 1.944208 0.494898 -0.063778 0.858954 0.114916
0.238564 0.252153 1.944386 0.494324 -0.066376 0.858933 0.116074
0.236539 0.245675 1.944517 0.493732 -0.069136 0.858859 0.117523
0.234653 0.238919 1.944604 0.493104 -0.072188 0.858732 0.119233
0.232891 0.231870 1.944637 0.492430 -0.075561 0.858552 0.121208
0.231177 0.224500 1.944664 0.491771 -0.079217 0.858263 0.123576
0.229615 0.216946 1.944606 0.491147 -0.083131 0.857894 0.126027
0.228328 0.209729 1.944470 0.490622 -0.086854 0.857477 0.128371
0.227304 0.203025 1.944242 0.490238 -0.090136 0.857001 0.130730
0.226252 0.196437 1.944059 0.490113 -0.093001 0.856265 0.133982
0.225282 0.190063 1.943836 0.490222 -0.095644 0.855405 0.137175
0.224525 0.184227 1.943477 0.490547 -0.097855 0.854499 0.140067
0.224065 0.178877 1.942926 0.491262 -0.099891 0.853519 0.142084
0.223486 0.173781 1.942502 0.492182 -0.101648 0.852463 0.143983
0.222317 0.169303 1.942489 0.492945 -0.102959 0.851723 0.144820
0.221199 0.165774 1.942460 0.493822 -0.103263 0.851075 0.145421
0.220319 0.162761 1.942372 0.494789 -0.102981 0.850433 0.146093
0.219507 0.160021 1.942362 0.495691 -0.102273 0.849803 0.147192
0.218267 0.156909 1.942766 0.496752 -0.101465 0.848976 0.148939
0.217181 0.154090 1.943051 0.498002 -0.100304 0.848129 0.150367
0.216316 0.151797 1.943229 0.499303 -0.098626 0.847349 0.151557
0.215601 0.149869 1.943347 0.500548 -0.096659 0.846685 0.152423
0.214763 0.147793 1.943646 0.501810 -0.094698 0.846013 0.153237
0.213995 0.145747 1.943873 0.503132 -0.092655 0.845359 0.153757
0.213311 0.143834 1.944009 0.504417 -0.090504 0.844791 0.153954
0.212682 0.142017 1.944106 0.505720 -0.088201 0.844253 0.153962
0.211948 0.140086 1.944352 0.507026 -0.085853 0.843737 0.153823
0.211252 0.138049 1.944526 0.508354 -0.083574 0.843281 0.153194
0.210670 0.136049 1.944530 0.509534 -0.081412 0.842961 0.152196
0.210268 0.134212 1.944314 0.510541 -0.079490 0.842741 0.151049
0.209855 0.132272 1.944067 0.511427 -0.078215 0.842817 0.148270
0.209307 0.130317 1.943796 0.512320 -0.076828 0.842980 0.144948
0.208955 0.128509 1.943303 0.513188 -0.075574 0.843115 0.141714
0.208718 0.126870 1.942740 0.513960 -0.074614 0.843219 0.138777
0.208521 0.125262 1.942183 0.514686 -0.074165 0.843407 0.135138
0.208227 0.123533 1.941489 0.515258 -0.074083 0.843896 0.129846
0.207908 0.122155 1.940842 0.515764 -0.073511 0.844136 0.126557
0.207643 0.121004 1.940251 0.516301 -0.072873 0.844209 0.124235
0.207419 0.119964 1.939710 0.516830 -0.072452 0.844236 0.122078
0.207042 0.118716 1.939146 0.517332 -0.072428 0.844488 0.118160
0.206618 0.117805 1.938692 0.517840 -0.071739 0.844566 0.115776
0.206244 0.117095 1.938267 0.518343 -0.070895 0.844516 0.114405
0.205920 0.116471 1.937872 0.518806 -0.070201 0.844429 0.113364
0.205847 0.116059 1.937264 0.519205 -0.069902 0.844498 0.111192
0.205838 0.115839 1.936631 0.519386 -0.069889 0.844688 0.108885
0.205808 0.115597 1.936082 0.519518 -0.070108 0.844868 0.106690
0.205765 0.115354 1.935624 0.519646 -0.070410 0.845017 0.104673
0.205830 0.115169 1.935052 0.519783 -0.070887 0.845180 0.102330
