0.278572 -0.090261 1.985502 0.423008 -0.197409 0.830374 0.304258
0.274338 -0.082370 1.985605 0.422453 -0.193823 0.832638 0.301131
0.270507 -0.074016 1.985906 0.421696 -0.189467 0.835450 0.297152
0.267125 -0.065776 1.986284 0.420983 -0.184914 0.838535 0.292298
0.263976 -0.057856 1.986593 0.420556 -0.180732 0.841378 0.287320
0.260031 -0.049683 1.986825 0.420326 -0.176944 0.842895 0.285559
0.256193 -0.041170 1.987317 0.419642 -0.172365 0.845289 0.282271
0.252628 -0.032834 1.987868 0.418916 -0.167552 0.848076 0.277852
0.249197 -0.024906 1.988336 0.418065 -0.163832 0.850814 0.272941
0.245460 -0.016542 1.988607 0.416591 -0.161281 0.853069 0.269655
0.241899 -0.007718 1.988932 0.415185 -0.157221 0.855913 0.265170
0.238485 0.000920 1.989277 0.413966 -0.152615 0.858976 0.259807
0.235091 0.009086 1.989553 0.412924 -0.148790 0.861669 0.254717
0.231272 0.017667 1.989764 0.411773 -0.145063 0.863874 0.251239
0.227404 0.026489 1.990099 0.410504 -0.140275 0.866644 0.246451
0.223609 0.034889 1.990518 0.409183 -0.135152 0.869573 0.241135
0.220052 0.042472 1.990944 0.407621 -0.131749 0.872058 0.236649
0.216230 0.050783 1.991362 0.405798 -0.128374 0.874478 0.232669
0.212283 0.059320 1.991868 0.403904 -0.123712 0.877350 0.227627
0.208543 0.067091 1.992423 0.401930 -0.118953 0.880167 0.222730
0.205283 0.074172 1.992916 0.400181 -0.116352 0.882225 0.219080
0.201581 0.082521 1.993488 0.398331 -0.112875 0.884423 0.215377
0.197554 0.091125 1.994166 0.396217 -0.108029 0.887145 0.210511
0.193705 0.098938 1.994848 0.394031 -0.103151 0.889808 0.205771
0.190364 0.106212 1.995285 0.392023 -0.100607 0.892053 0.201092
0.186595 0.114559 1.995534 0.390128 -0.096810 0.894479 0.195792
0.182612 0.122814 1.995857 0.388047 -0.091988 0.897119 0.190092
0.178882 0.130159 1.996180 0.386005 -0.087315 0.899553 0.184881
0.175869 0.137305 1.996664 0.383930 -0.085080 0.901529 0.180569
0.172300 0.145493 1.997282 0.381606 -0.081462 0.903862 0.175425
0.168556 0.153368 1.997883 0.379185 -0.077103 0.906285 0.170060
0.165078 0.160309 1.998386 0.376964 -0.072897 0.908454 0.165212
0.162461 0.167681 1.998890 0.374823 -0.070708 0.910452 0.159955
0.159414 0.176090 1.999259 0.372645 -0.066562 0.912693 0.153938
0.156276 0.184033 1.999488 0.370561 -0.061844 0.914824 0.148175
0.153368 0.190989 1.999608 0.368731 -0.057365 0.916656 0.143137
0.151601 0.198474 1.999888 0.367269 -0.055308 0.918218 0.137587
0.149336 0.206400 2.000058 0.365932 -0.051661 0.919875 0.131362
0.146940 0.213675 2.000101 0.364672 -0.047676 0.921393 0.125604
0.144762 0.220029 2.000076 0.363581 -0.044046 0.922661 0.120685
0.143939 0.227707 2.000452 0.362688 -0.042022 0.923742 0.115722
0.142689 0.235709 2.000522 0.362034 -0.038428 0.924860 0.109950
0.141262 0.242995 2.000350 0.361531 -0.034509 0.925820 0.104702
0.139988 0.249438 2.000137 0.361065 -0.031055 0.926591 0.100488
0.139501 0.257210 2.000427 0.359975 -0.029134 0.927536 0.096167
0.138656 0.265024 2.000252 0.359267 -0.025932 0.928398 0.091276
0.137668 0.272061 1.999783 0.358861 -0.022407 0.929067 0.086895
0.136876 0.278400 1.999367 0.358543 -0.019386 0.929570 0.083485
0.136881 0.285971 1.999541 0.358152 -0.017600 0.930174 0.078695
0.136770 0.293109 1.999233 0.358232 -0.015014 0.930578 0.073959
0.136582 0.299347 1.998650 0.358574 -0.012253 0.930794 0.069975
0.136592 0.305207 1.998281 0.358899 -0.010007 0.930922 0.066897
0.136999 0.313102 1.998620 0.359053 -0.008240 0.931281 0.061058
0.137113 0.320681 1.998336 0.359540 -0.005439 0.931466 0.055426
0.137055 0.327361 1.997706 0.360196 -0.002374 0.931493 0.050723
0.137246 0.333763 1.997262 0.360982 0.000569 0.931385 0.047045
0.138291 0.341253 1.997066 0.362310 0.003337 0.931144 0.041137
0.139473 0.347881 1.996327 0.363879 0.006331 0.930721 0.036221
0.140594 0.353477 1.995373 0.365443 0.009200 0.930222 0.032463
0.142014 0.359015 1.994913 0.366727 0.011557 0.929795 0.029319
0.144398 0.365273 1.994830 0.368116 0.013113 0.929375 0.024087
0.146987 0.370560 1.994220 0.369760 0.014794 0.928790 0.020214
0.149431 0.374897 1.993417 0.371395 0.016416 0.928165 0.017497
0.151971 0.379535 1.993128 0.372696 0.017744 0.927658 0.015247
0.154851 0.384986 1.992906 0.374054 0.018781 0.927153 0.010820
0.157598 0.389758 1.992176 0.375533 0.020219 0.926559 0.007436
0.160037 0.393782 1.991275 0.376944 0.021762 0.925967 0.004992
0.162873 0.398105 1.990698 0.378893 0.023121 0.925151 0.001028
0.166820 0.402260 1.989875 0.381581 0.024134 0.924012 -0.003859
0.170951 0.405418 1.988749 0.384236 0.024998 0.922871 -0.006818
0.174798 0.407813 1.987623 0.386639 0.025660 0.921833 -0.008634
0.178810 0.410718 1.987250 0.388984 0.025640 0.920813 -0.011674
0.183258 0.413459 1.986861 0.391478 0.025164 0.919715 -0.015353
0.187534 0.415486 1.986241 0.393827 0.024781 0.918682 -0.017596
0.191355 0.416999 1.985598 0.395907 0.024457 0.917768 -0.018992
0.195682 0.419300 1.985192 0.398335 0.023849 0.916658 -0.022302
0.200777 0.421439 1.984082 0.401134 0.023534 0.915377 -0.024955
0.205753 0.423014 1.982658 0.403817 0.023416 0.914166 -0.026137
0.210220 0.424174 1.981264 0.406201 0.023352 0.913098 -0.026597
0.215075 0.426093 1.980946 0.408128 0.022805 0.912197 -0.028429
0.220450 0.427338 1.980400 0.410198 0.021772 0.911249 -0.029816
0.225627 0.427927 1.979699 0.412192 0.020707 0.910367 -0.030023
0.230289 0.428191 1.979055 0.413990 0.019693 0.909583 -0.029719
0.235693 0.429323 1.978871 0.416360 0.017956 0.908453 -0.032198
0.241505 0.429879 1.978151 0.418897 0.016327 0.907268 -0.033510
0.246998 0.429962 1.977248 0.421269 0.014862 0.906188 -0.033684
0.251937 0.429981 1.976456 0.423339 0.013720 0.905258 -0.033218
0.257460 0.431594 1.975871 0.425389 0.013744 0.904268 -0.033966
0.263053 0.432942 1.974526 0.427599 0.014221 0.903221 -0.033896
0.268170 0.433959 1.972964 0.429676 0.014801 0.902252 -0.033184
0.272749 0.434989 1.971669 0.431530 0.015511 0.901389 -0.032238
0.277952 0.436579 1.971278 0.433472 0.015888 0.900414 -0.033237
0.283265 0.437210 1.970743 0.435407 0.015698 0.899482 -0.033260
0.288197 0.437254 1.970219 0.437167 0.015193 0.898660 -0.032620
0.292782 0.437479 1.969939 0.438817 0.014765 0.897894 -0.031756
0.297921 0.438996 1.969443 0.440892 0.015010 0.896848 -0.032473
0.302890 0.440272 1.968225 0.443008 0.015689 0.895796 -0.032343
0.307329 0.441319 1.966801 0.444947 0.016494 0.894840 -0.031785
0.311566 0.442688 1.965734 0.446738 0.017552 0.893970 -0.030566
0.316786 0.444471 1.964911 0.448743 0.018564 0.892977 -0.029615
0.322028 0.445454 1.963751 0.450766 0.019251 0.891998 -0.027949
0.326835 0.445936 1.962575 0.452613 0.019673 0.891109 -0.026063
0.331503 0.446701 1.961852 0.454574 0.019885 0.890149 -0.024517
0.336596 0.447929 1.961370 0.456799 0.019918 0.889017 -0.024219
0.341287 0.448754 1.960655 0.458827 0.020050 0.887987 -0.023532
0.345373 0.449310 1.959908 0.460589 0.020206 0.887093 -0.022725
0.349488 0.450241 1.959543 0.462207 0.020204 0.886281 -0.021506
0.354459 0.451437 1.958773 0.464027 0.020171 0.885362 -0.020159
0.359247 0.452350 1.957457 0.465844 0.020523 0.884438 -0.018340
0.363514 0.453044 1.955999 0.467502 0.021019 0.883588 -0.016490
0.367540 0.454086 1.955143 0.469119 0.021701 0.882741 -0.014964
0.371495 0.454782 1.954697 0.470632 0.022049 0.881939 -0.014222
0.375115 0.454956 1.954341 0.471942 0.022092 0.881253 -0.013238
0.378282 0.454868 1.954079 0.473037 0.021999 0.880683 -0.012239
0.381582 0.455336 1.954220 0.474154 0.021825 0.880101 -0.011168
0.385131 0.455683 1.954008 0.475346 0.021761 0.879471 -0.010193
0.388509 0.455739 1.953514 0.476484 0.021746 0.878870 -0.008863
0.391521 0.455671 1.952939 0.477486 0.021787 0.878337 -0.007508
0.394652 0.455914 1.952484 0.478881 0.021273 0.877596 -0.006775
0.397938 0.456047 1.951531 0.480403 0.020832 0.876780 -0.005994
0.401015 0.456070 1.950351 0.481804 0.020643 0.876022 -0.004886
0.403725 0.456065 1.949165 0.483020 0.020631 0.875358 -0.003753
0.406201 0.456315 1.948165 0.484113 0.020739 0.874755 -0.002845
0.408555 0.456722 1.946722 0.485195 0.021190 0.874147 -0.001994
0.410646 0.457203 1.945131 0.486175 0.021904 0.873586 -0.001048
0.412414 0.457711 1.943610 0.487018 0.022765 0.873095 -0.000103
0.414171 0.457690 1.942395 0.488382 0.022162 0.872348 0.000045
0.416215 0.456894 1.941504 0.489709 0.020196 0.871651 0.001410
0.418264 0.455600 1.941106 0.490795 0.018066 0.871083 0.002614
0.420058 0.454562 1.940591 0.491699 0.016725 0.870597 0.003627
0.420721 0.454445 1.940222 0.491869 0.017714 0.870485 0.002534
0.421044 0.454560 1.939909 0.491921 0.018377 0.870443 0.002201
0.421436 0.454574 1.939580 0.492016 0.018716 0.870382 0.002217
0.421831 0.454433 1.939234 0.492240 0.018687 0.870257 0.001975
0.422114 0.454088 1.938694 0.492752 0.018703 0.869964 0.002910
0.422307 0.454022 1.937994 0.493198 0.018729 0.869708 0.003538
0.422416 0.453870 1.937607 0.493378 0.018818 0.869601 0.004358
0.422247 0.453508 1.937373 0.493464 0.018803 0.869553 0.004189
0.421943 0.452553 1.936990 0.493980 0.018899 0.869244 0.006445
0.421563 0.452144 1.936362 0.494313 0.019599 0.869023 0.008297
0.421250 0.451816 1.935792 0.494633 0.019846 0.868819 0.009830
0.420589 0.450925 1.935563 0.494713 0.019545 0.868777 0.010236
0.419597 0.449408 1.935264 0.495009 0.018675 0.868595 0.012681
0.418651 0.448456 1.934768 0.495099 0.018533 0.868513 0.014777
0.417759 0.447855 1.934242 0.495066 0.018665 0.868498 0.016507
0.416313 0.446775 1.933888 0.494981 0.017863 0.868558 0.016795
0.414508 0.444780 1.933508 0.495085 0.016849 0.868444 0.020320
0.412824 0.443262 1.933005 0.494993 0.016433 0.868436 0.023037
0.411366 0.442105 1.932487 0.494859 0.016104 0.868458 0.025202
0.409122 0.440971 1.931998 0.494570 0.015640 0.868590 0.026585
0.406407 0.439339 1.931496 0.494915 0.014335 0.868293 0.030369
0.403686 0.437974 1.931021 0.494892 0.013696 0.868208 0.033313
0.401326 0.436812 1.930571 0.494741 0.013196 0.868200 0.035869
0.398344 0.435582 1.930152 0.494512 0.012087 0.868286 0.037307
0.395047 0.434226 1.929528 0.494603 0.011448 0.868076 0.040988
0.391826 0.432986 1.928932 0.494424 0.011234 0.868050 0.043671
0.389001 0.431544 1.928420 0.494154 0.010618 0.868099 0.045870
0.385514 0.430093 1.928058 0.493788 0.009732 0.868216 0.047734
0.381858 0.428528 1.927768 0.493863 0.009101 0.867983 0.051202
0.378435 0.426964 1.927481 0.493687 0.008754 0.867913 0.054064
0.375398 0.425294 1.927222 0.493386 0.008082 0.867946 0.056352
0.371617 0.423606 1.926918 0.493161 0.007223 0.867923 0.058727
0.367886 0.421857 1.926430 0.493346 0.006578 0.867605 0.061869
0.364448 0.420145 1.925878 0.493267 0.005730 0.867534 0.063569
0.361386 0.418280 1.925439 0.493029 0.004465 0.867592 0.064718
0.357521 0.416328 1.924996 0.493048 0.003643 0.867349 0.067801
0.353731 0.414435 1.924395 0.493156 0.003039 0.867040 0.070918
0.350285 0.412555 1.923806 0.493019 0.002133 0.866937 0.073127
0.347176 0.410492 1.923377 0.492741 0.000849 0.866953 0.074817
0.343327 0.408221 1.922981 0.492850 0.000185 0.866626 0.077839
0.339682 0.406093 1.922434 0.492902 -0.000576 0.866347 0.080559
0.336406 0.403867 1.921990 0.492767 -0.001810 0.866236 0.082528
0.333387 0.401434 1.921705 0.492535 -0.003319 0.866207 0.084174
0.329628 0.398840 1.921115 0.492683 -0.004346 0.865852 0.086857
0.326360 0.396473 1.920389 0.492984 -0.005324 0.865453 0.089048
0.323645 0.393520 1.921326 0.493362 -0.006814 0.865139 0.089904
0.320894 0.389843 1.923371 0.493802 -0.009303 0.864830 0.090232
0.317935 0.385739 1.925202 0.494934 -0.011358 0.863860 0.093052
0.314957 0.381982 1.926888 0.495618 -0.013686 0.863284 0.094423
0.312162 0.378176 1.928514 0.496035 -0.016543 0.862929 0.095018
0.309523 0.374357 1.929698 0.496189 -0.019141 0.862664 0.096137
0.306681 0.371137 1.929733 0.496451 -0.020105 0.862180 0.098886
0.303968 0.368194 1.929788 0.496526 -0.020946 0.861862 0.101079
0.301438 0.365148 1.929977 0.496484 -0.022242 0.861668 0.102647
0.298832 0.362144 1.929995 0.496448 -0.023666 0.861494 0.103955
0.295830 0.359258 1.929712 0.496491 -0.024671 0.861228 0.105713
0.293007 0.356330 1.929560 0.496434 -0.025873 0.861054 0.107100
0.290452 0.353204 1.929511 0.496301 -0.027498 0.860955 0.108101
0.287869 0.349999 1.929340 0.496161 -0.029040 0.860833 0.109307
0.285149 0.346838 1.928977 0.496110 -0.030182 0.860610 0.110968
0.282615 0.343609 1.928741 0.495971 -0.031576 0.860473 0.112258
0.280278 0.340266 1.928597 0.495752 -0.033319 0.860416 0.113160
0.277794 0.336784 1.928320 0.495584 -0.034980 0.860341 0.113958
0.275210 0.333378 1.927812 0.495417 -0.035951 0.860196 0.115467
0.272859 0.329893 1.927419 0.495128 -0.037201 0.860138 0.116730
0.270696 0.326277 1.927138 0.494756 -0.038867 0.860152 0.117664
0.268159 0.322401 1.926866 0.494529 -0.040363 0.860090 0.118560
0.265470 0.318493 1.926503 0.494393 -0.041258 0.859858 0.120487
0.263035 0.314509 1.926214 0.494150 -0.042575 0.859706 0.122102
0.260832 0.310370 1.926004 0.493819 -0.044392 0.859616 0.123423
0.258274 0.305883 1.925699 0.493514 -0.045860 0.859616 0.124100
0.255914 0.301320 1.925199 0.493280 -0.047132 0.859519 0.125222
0.253763 0.296766 1.924792 0.492916 -0.048783 0.859478 0.126301
0.251763 0.292199 1.924458 0.492473 -0.050830 0.859466 0.127297
0.249169 0.286685 1.924216 0.492288 -0.053273 0.859577 0.126264
0.246861 0.282185 1.923530 0.491896 -0.054683 0.859868 0.125202
0.244677 0.278758 1.922854 0.491376 -0.055623 0.860282 0.123982
0.242624 0.275651 1.922337 0.490813 -0.056282 0.860580 0.123840
0.239906 0.271234 1.922139 0.490229 -0.057654 0.860992 0.122657
0.237630 0.266753 1.921813 0.489869 -0.058235 0.861020 0.123621
0.235470 0.262716 1.921519 0.489573 -0.058423 0.860984 0.124940
0.233523 0.258787 1.921233 0.489328 -0.058346 0.860778 0.127340
0.231338 0.254829 1.920591 0.489063 -0.058618 0.860761 0.128337
0.229036 0.251529 1.919986 0.488670 -0.057725 0.860738 0.130377
0.226873 0.248257 1.919504 0.488342 -0.056417 0.860500 0.133716
0.224895 0.244564 1.919075 0.487956 -0.055594 0.860192 0.137395
0.222795 0.240617 1.918777 0.487527 -0.054894 0.859798 0.141604
0.220925 0.237247 1.918335 0.487121 -0.054615 0.859639 0.144053
0.219161 0.234311 1.917949 0.486756 -0.054764 0.859675 0.145011
0.217559 0.231452 1.917561 0.486420 -0.055407 0.859808 0.145106
0.215937 0.227801 1.917424 0.486072 -0.057139 0.859919 0.144944
0.214557 0.222761 1.917307 0.485789 -0.059664 0.859640 0.146518
0.213190 0.218321 1.917160 0.485472 -0.061980 0.859507 0.147390
0.211910 0.213562 1.917239 0.485184 -0.064416 0.859203 0.149054
0.210709 0.205307 1.918271 0.486061 -0.068944 0.857350 0.154731
0.209638 0.196803 1.919255 0.487407 -0.073525 0.855084 0.160812
0.208275 0.192067 1.920020 0.488422 -0.073131 0.853061 0.168468
0.206994 0.187863 1.920795 0.489389 -0.072294 0.851095 0.175810
0.205940 0.180142 1.921739 0.490919 -0.076748 0.848953 0.179965
0.205004 0.171876 1.922240 0.492376 -0.082474 0.847081 0.182258
0.204040 0.166253 1.922527 0.493073 -0.085280 0.845860 0.184733
0.203099 0.162390 1.922849 0.493791 -0.085894 0.844699 0.187820
0.201982 0.159102 1.923345 0.494842 -0.085714 0.843415 0.190881
0.201089 0.156709 1.923735 0.496107 -0.084743 0.842209 0.193338
0.200251 0.155037 1.924045 0.497370 -0.083320 0.841270 0.194798
0.198834 0.153648 1.924457 0.498424 -0.082157 0.840869 0.194329
0.197293 0.151704 1.925027 0.499620 -0.081497 0.840366 0.193711
0.196060 0.149597 1.925472 0.500954 -0.080942 0.839754 0.193146
0.195225 0.147438 1.925742 0.502308 -0.080405 0.839076 0.192808
0.194462 0.145308 1.925954 0.503603 -0.079789 0.838415 0.192559
0.193671 0.143224 1.926201 0.505043 -0.078929 0.837687 0.192307
0.192830 0.141289 1.926347 0.506487 -0.078070 0.837168 0.191118
0.191045 0.139655 1.926558 0.507720 -0.077610 0.837527 0.186402
0.189285 0.137670 1.926882 0.509103 -0.077356 0.837827 0.181318
0.187673 0.135187 1.927181 0.510614 -0.077397 0.837999 0.176184
0.185721 0.132324 1.927351 0.512076 -0.078152 0.838523 0.168965
0.183885 0.128960 1.927384 0.513655 -0.079480 0.839046 0.160754
0.182078 0.125046 1.927168 0.515428 -0.081561 0.839579 0.150958
0.180614 0.120550 1.926711 0.517452 -0.084280 0.839930 0.140206
0.179465 0.115422 1.926009 0.519390 -0.087564 0.840112 0.129532
0.178633 0.109839 1.925034 0.521273 -0.091173 0.840105 0.119097
0.177898 0.103844 1.923855 0.523265 -0.095004 0.839913 0.108230
0.177252 0.097697 1.922580 0.525046 -0.098650 0.839635 0.098017
0.176716 0.091722 1.921262 0.526280 -0.101754 0.839416 0.089758
0.176168 0.085910 1.919881 0.526759 -0.104484 0.839377 0.083987
0.175580 0.080029 1.918002 0.526602 -0.107540 0.839461 0.080181
0.175152 0.074308 1.915913 0.525834 -0.110631 0.839742 0.078050
0.175011 0.068785 1.913595 0.524835 -0.113620 0.840047 0.077201
0.175099 0.063613 1.911146 0.523780 -0.116357 0.840369 0.076773
0.175320 0.058658 1.908262 0.522585 -0.119703 0.840855 0.074418
0.175538 0.054186 1.905493 0.521097 -0.122805 0.841572 0.071646
0.175864 0.050231 1.902837 0.519560 -0.125387 0.842380 0.068786
0.176252 0.046777 1.900258 0.518009 -0.127441 0.843255 0.065926
0.176527 0.044058 1.897591 0.516526 -0.128865 0.844187 0.062791
0.176773 0.042572 1.895684 0.515817 -0.127973 0.844869 0.061252
0.176979 0.041686 1.894190 0.515457 -0.126143 0.845374 0.061117
0.177090 0.041015 1.892863 0.515188 -0.124198 0.845795 0.061543
0.176990 0.040439 1.891362 0.515132 -0.122308 0.846099 0.061619
0.176952 0.039969 1.889978 0.515218 -0.120276 0.846277 0.062454
0.176536 0.039497 1.889060 0.514720 -0.118732 0.846622 0.064789
0.175999 0.039118 1.888284 0.513945 -0.117485 0.847056 0.067491
0.175549 0.039119 1.887525 0.513294 -0.116025 0.847389 0.070705
0.175198 0.039152 1.886963 0.513064 -0.114398 0.847454 0.074164
0.174875 0.039169 1.886541 0.512954 -0.112973 0.847422 0.077406
0.174488 0.039202 1.886109 0.512716 -0.111963 0.847434 0.080267
0.174058 0.039274 1.885616 0.512516 -0.111115 0.847386 0.083179
0.173751 0.039338 1.885203 0.512529 -0.110228 0.847247 0.085649
