0.324533 -0.039256 2.011580 0.351721 -0.193224 0.854737 0.329213
0.321233 -0.031289 2.011148 0.351590 -0.190972 0.856074 0.327187
0.318301 -0.023144 2.010750 0.351644 -0.187993 0.857913 0.324022
0.315237 -0.015071 2.010562 0.351933 -0.185400 0.859246 0.321661
0.311295 -0.006073 2.010803 0.351124 -0.183243 0.860695 0.319905
0.307588 0.003593 2.011031 0.350137 -0.179596 0.863100 0.316554
0.304110 0.013229 2.011188 0.349360 -0.175342 0.865873 0.312195
0.300351 0.022414 2.011347 0.349114 -0.172211 0.867810 0.308817
0.295947 0.031916 2.011442 0.348509 -0.169893 0.869663 0.305554
0.291766 0.041696 2.011435 0.347877 -0.166301 0.872135 0.301174
0.287760 0.051251 2.011366 0.347410 -0.162196 0.874851 0.296032
0.283643 0.060404 2.011453 0.347888 -0.160035 0.876578 0.291503
0.279342 0.070475 2.011469 0.348327 -0.157890 0.878480 0.286375
0.275132 0.080950 2.011302 0.348512 -0.153994 0.880970 0.280565
0.270941 0.091158 2.011053 0.348643 -0.149423 0.883680 0.274282
0.266139 0.100934 2.010911 0.349141 -0.146917 0.885695 0.268438
0.260737 0.111571 2.010627 0.348886 -0.143779 0.888320 0.261715
0.255336 0.122384 2.010210 0.348380 -0.139155 0.891326 0.254569
0.249955 0.132750 2.009748 0.347882 -0.134048 0.894379 0.247176
0.244339 0.142885 2.009390 0.348586 -0.131500 0.896546 0.239581
0.238437 0.154072 2.008708 0.348825 -0.127502 0.899162 0.231457
0.232447 0.165284 2.007885 0.348595 -0.122071 0.902046 0.223368
0.226605 0.175660 2.007147 0.347706 -0.116278 0.904972 0.215884
0.220813 0.185284 2.006613 0.348451 -0.113146 0.906403 0.210269
0.214925 0.195138 2.005908 0.348189 -0.108865 0.908283 0.204778
0.209460 0.204226 2.005130 0.347243 -0.104009 0.910297 0.199913
0.204637 0.212082 2.004363 0.346118 -0.099461 0.912133 0.195761
0.200442 0.220024 2.003795 0.346450 -0.096083 0.913012 0.192743
0.196303 0.227504 2.003586 0.346138 -0.091830 0.914242 0.189522
0.192869 0.232314 2.004643 0.346352 -0.089502 0.915202 0.185568
0.189918 0.234887 2.006205 0.346828 -0.089612 0.915844 0.181408
0.187447 0.237942 2.007678 0.348321 -0.090571 0.916028 0.177091
0.184802 0.241585 2.008776 0.348831 -0.090281 0.916632 0.173066
0.182503 0.245272 2.009518 0.348889 -0.089226 0.917315 0.169851
0.180701 0.248737 2.010019 0.349217 -0.087792 0.917601 0.168371
0.178426 0.253114 2.010785 0.350352 -0.087292 0.917788 0.165225
0.175565 0.257960 2.011524 0.350273 -0.085654 0.918659 0.161363
0.172896 0.262550 2.012096 0.349725 -0.083716 0.919688 0.157666
0.170863 0.266834 2.012465 0.349572 -0.082234 0.920413 0.154519
0.169550 0.272246 2.012467 0.350478 -0.080594 0.920696 0.151617
0.168446 0.277690 2.012165 0.350826 -0.078003 0.921206 0.149045
0.167659 0.282534 2.011703 0.350923 -0.075483 0.921717 0.146943
0.167447 0.287175 2.011207 0.351406 -0.073736 0.921901 0.145520
0.167857 0.293302 2.010411 0.352203 -0.071197 0.921970 0.144413
0.168358 0.299278 2.009304 0.352513 -0.067792 0.922250 0.143510
0.168970 0.304513 2.008104 0.352586 -0.064608 0.922548 0.142875
0.169860 0.309767 2.007000 0.353048 -0.062862 0.922709 0.141473
0.170702 0.316865 2.005606 0.353452 -0.060340 0.923342 0.137367
0.171088 0.323597 2.004222 0.353377 -0.057544 0.924401 0.131515
0.171149 0.329342 2.003069 0.353183 -0.054934 0.925355 0.126343
0.171430 0.335010 2.002201 0.353398 -0.053549 0.926024 0.121333
0.172253 0.341647 2.000880 0.353871 -0.050970 0.926604 0.116547
0.173102 0.347606 1.999442 0.354334 -0.047825 0.927048 0.112876
0.173846 0.352589 1.998150 0.354753 -0.045006 0.927370 0.110045
0.175115 0.358105 1.997036 0.355817 -0.043120 0.927508 0.106135
0.176798 0.364816 1.995113 0.356909 -0.039515 0.927672 0.102375
0.178306 0.371186 1.992765 0.357759 -0.035171 0.927804 0.099759
0.179624 0.376786 1.990538 0.358550 -0.030908 0.927869 0.097699
0.181639 0.382769 1.988972 0.359919 -0.027537 0.927814 0.094132
0.184230 0.388752 1.987129 0.361352 -0.023602 0.927671 0.091069
0.186763 0.393868 1.985150 0.362697 -0.019899 0.927417 0.089172
0.189047 0.398139 1.983297 0.363903 -0.016663 0.927127 0.087937
0.191990 0.403200 1.982030 0.365897 -0.014023 0.926571 0.085959
0.195039 0.408077 1.980586 0.367756 -0.010920 0.926027 0.084330
0.197799 0.412209 1.979093 0.369379 -0.008053 0.925497 0.083355
0.200191 0.415677 1.977728 0.370773 -0.005558 0.925016 0.082716
0.202906 0.420062 1.976936 0.372335 -0.003267 0.924591 0.080539
0.205596 0.424115 1.975865 0.373678 -0.000579 0.924202 0.078832
0.208038 0.427547 1.974713 0.374862 0.001898 0.923810 0.077782
0.210229 0.430534 1.973688 0.375944 0.003974 0.923437 0.076902
0.213528 0.434639 1.973146 0.377590 0.005852 0.923016 0.073714
0.217254 0.437994 1.972223 0.379241 0.007809 0.922467 0.071900
0.220888 0.440583 1.971193 0.380828 0.009408 0.921859 0.071111
0.224337 0.442831 1.970317 0.382412 0.010553 0.921229 0.070616
0.228627 0.445779 1.969873 0.384519 0.011564 0.920456 0.069081
0.232955 0.447910 1.969292 0.386499 0.012387 0.919657 0.068532
0.236953 0.449419 1.968711 0.388291 0.012923 0.918891 0.068571
0.240674 0.450856 1.968339 0.390027 0.013094 0.918194 0.068029
0.245056 0.452851 1.968180 0.392007 0.013351 0.917528 0.065535
0.249483 0.454156 1.967783 0.393894 0.013509 0.916800 0.064355
0.253576 0.454991 1.967325 0.395606 0.013525 0.916092 0.063940
0.257584 0.455832 1.967040 0.397404 0.013222 0.915387 0.062945
0.262929 0.456402 1.966746 0.399739 0.012505 0.914484 0.061406
0.268687 0.456038 1.966229 0.402139 0.011324 0.913435 0.061588
0.274192 0.455195 1.965689 0.404385 0.009937 0.912391 0.062582
0.279677 0.454647 1.965317 0.407007 0.008259 0.911218 0.062914
0.285844 0.454290 1.964778 0.410115 0.006668 0.909844 0.062816
0.291788 0.453509 1.964037 0.412960 0.005138 0.908505 0.063685
0.297123 0.452575 1.963288 0.415440 0.003745 0.907294 0.064903
0.302356 0.452300 1.962807 0.417822 0.002637 0.906238 0.064420
0.308230 0.452015 1.962204 0.420171 0.002013 0.905212 0.063587
0.313978 0.451165 1.961459 0.422411 0.001121 0.904146 0.063941
0.319189 0.450091 1.960741 0.424411 0.000146 0.903148 0.064799
0.324613 0.449473 1.960287 0.427017 -0.000835 0.901923 0.064739
0.330608 0.448394 1.959815 0.429828 -0.002014 0.900567 0.064986
0.336364 0.446781 1.959332 0.432399 -0.003534 0.899251 0.066077
0.341529 0.445022 1.958918 0.434636 -0.005105 0.898063 0.067439
0.346896 0.444470 1.958737 0.437275 -0.006159 0.896782 0.067337
0.352244 0.444065 1.958290 0.439725 -0.006544 0.895586 0.067276
0.357083 0.443467 1.957701 0.441877 -0.006920 0.894487 0.067747
0.361259 0.442855 1.957112 0.443703 -0.007229 0.893533 0.068375
0.365226 0.443926 1.956862 0.445209 -0.005496 0.892973 0.066021
0.368161 0.445671 1.956528 0.445856 -0.002344 0.892938 0.062208
0.371150 0.446928 1.955821 0.447035 -0.000204 0.892437 0.060951
0.374110 0.447818 1.954893 0.448249 0.001533 0.891849 0.060638
0.378415 0.449231 1.953861 0.450424 0.002634 0.890748 0.060658
0.383312 0.449741 1.952336 0.452635 0.003490 0.889539 0.061890
0.388130 0.449633 1.950713 0.454726 0.003945 0.888338 0.063745
0.392569 0.449311 1.949244 0.456646 0.004086 0.887221 0.065553
0.396983 0.449598 1.948144 0.458695 0.003830 0.886208 0.064959
0.401020 0.449635 1.946997 0.460444 0.003785 0.885310 0.064836
0.404548 0.449543 1.945922 0.461923 0.003803 0.884524 0.065037
0.407622 0.449573 1.945035 0.463266 0.003816 0.883803 0.065291
0.410679 0.450240 1.944362 0.464861 0.003810 0.883004 0.064757
0.413377 0.450789 1.943589 0.466182 0.004077 0.882322 0.064544
0.415673 0.451264 1.942822 0.467263 0.004472 0.881749 0.064530
0.417607 0.451781 1.942183 0.468127 0.004944 0.881301 0.064349
0.419440 0.452240 1.941718 0.468693 0.005495 0.881060 0.063480
0.421214 0.452419 1.941245 0.469186 0.005923 0.880820 0.063132
0.422826 0.452452 1.940809 0.469602 0.006257 0.880599 0.063088
0.424313 0.452553 1.940484 0.470147 0.006466 0.880306 0.063099
0.425631 0.452921 1.940254 0.470752 0.006836 0.880014 0.062623
0.426347 0.453416 1.940282 0.470960 0.007449 0.879947 0.061931
0.426597 0.454213 1.940327 0.470950 0.008493 0.880025 0.060752
0.426563 0.455173 1.940254 0.470935 0.009629 0.880118 0.059327
0.426621 0.455833 1.940109 0.471037 0.010207 0.880155 0.057842
0.426705 0.456382 1.939956 0.471077 0.010775 0.880206 0.056643
0.426776 0.456867 1.939797 0.471088 0.011292 0.880253 0.055711
0.426928 0.456912 1.939707 0.471332 0.010795 0.880184 0.054830
0.427067 0.456827 1.939618 0.471418 0.010942 0.880115 0.055163
0.427160 0.456854 1.939483 0.471447 0.011315 0.880068 0.055582
0.427218 0.456943 1.939322 0.471466 0.011658 0.880033 0.055914
0.427066 0.456900 1.939148 0.471505 0.011963 0.880032 0.055514
0.426892 0.456746 1.939007 0.471567 0.012288 0.879987 0.055642
0.426793 0.456590 1.938876 0.471646 0.012411 0.879935 0.055764
0.426738 0.456446 1.938752 0.471703 0.012443 0.879897 0.055888
0.426142 0.456041 1.938489 0.471762 0.012429 0.879887 0.055548
0.425637 0.455647 1.937998 0.471940 0.012393 0.879727 0.056570
0.425313 0.455298 1.937496 0.472104 0.012270 0.879587 0.057403
0.425082 0.454994 1.937043 0.472212 0.012127 0.879486 0.058084
0.423567 0.454052 1.936595 0.472237 0.011760 0.879429 0.058800
0.422271 0.453142 1.935995 0.472554 0.010894 0.879100 0.061294
0.421189 0.452448 1.935401 0.472721 0.010263 0.878891 0.063086
0.420295 0.451677 1.935011 0.472870 0.009359 0.878726 0.064401
0.418448 0.450023 1.934532 0.472989 0.009381 0.878549 0.065905
0.417084 0.448370 1.933493 0.473699 0.008550 0.877999 0.068216
0.415841 0.446841 1.932479 0.474030 0.007739 0.877709 0.069728
0.414546 0.445576 1.931683 0.474036 0.007392 0.877617 0.070884
0.412360 0.444194 1.930489 0.474968 0.006806 0.876933 0.073124
0.410479 0.443003 1.928864 0.475772 0.006018 0.876371 0.074691
0.408578 0.441911 1.927455 0.475994 0.005357 0.876174 0.075629
0.406581 0.440526 1.926520 0.475923 0.004343 0.876182 0.076054
0.404042 0.439025 1.925557 0.476350 0.004397 0.875677 0.079131
0.402008 0.437632 1.924153 0.477019 0.004175 0.875012 0.082400
0.399982 0.436354 1.922933 0.477179 0.003833 0.874725 0.084505
0.397394 0.435285 1.922073 0.476851 0.003771 0.874809 0.085495
0.394054 0.434389 1.920815 0.477330 0.003829 0.874142 0.089540
0.391328 0.433249 1.919429 0.477876 0.003328 0.873466 0.093172
0.388891 0.432093 1.918459 0.478091 0.002985 0.873055 0.095895
0.386356 0.430589 1.919251 0.478192 0.003171 0.872755 0.098085
0.383148 0.429203 1.920805 0.478676 0.003512 0.872109 0.101407
0.379960 0.427706 1.922728 0.479241 0.002876 0.871572 0.103357
0.376811 0.426186 1.924696 0.479558 0.001804 0.871269 0.104458
0.373654 0.424548 1.926050 0.479902 0.000186 0.870915 0.105829
0.370609 0.423215 1.926529 0.480187 -0.000481 0.870331 0.109291
0.367841 0.421735 1.927131 0.480306 -0.001350 0.869978 0.111545
0.365228 0.420237 1.927754 0.480309 -0.002370 0.869803 0.112873
0.362412 0.418781 1.927733 0.480468 -0.003750 0.869486 0.114588
0.359329 0.417519 1.927435 0.480585 -0.004607 0.869064 0.117236
0.356366 0.416103 1.927433 0.480634 -0.005583 0.868790 0.119017
0.353610 0.414418 1.927644 0.480633 -0.006910 0.868633 0.120084
0.350813 0.412777 1.927138 0.480835 -0.008274 0.868114 0.122911
0.347729 0.411488 1.926510 0.480946 -0.008938 0.867575 0.126190
0.344690 0.410000 1.926270 0.480974 -0.009829 0.867239 0.128312
0.341850 0.408233 1.926259 0.480941 -0.011052 0.867050 0.129610
0.338905 0.406384 1.925734 0.481073 -0.012157 0.866632 0.131800
0.335785 0.404744 1.925276 0.481097 -0.012735 0.866292 0.133872
0.332817 0.402851 1.925129 0.481065 -0.013691 0.866112 0.135051
0.330103 0.400667 1.925182 0.480981 -0.015009 0.866032 0.135719
0.327045 0.398488 1.924771 0.480990 -0.015930 0.865657 0.137956
0.323772 0.396446 1.924570 0.480906 -0.016606 0.865388 0.139849
0.320672 0.394192 1.924610 0.480797 -0.017661 0.865250 0.140940
0.317816 0.391661 1.924810 0.480621 -0.019075 0.865226 0.141504
0.314703 0.389069 1.924690 0.480455 -0.019743 0.865050 0.143049
0.311672 0.386500 1.924682 0.480310 -0.020511 0.864926 0.144170
0.308877 0.383707 1.924857 0.480112 -0.021708 0.864908 0.144757
0.306304 0.380586 1.925161 0.479826 -0.023240 0.864987 0.145001
0.303217 0.377451 1.925103 0.479580 -0.023590 0.865057 0.145341
0.300225 0.374384 1.925156 0.479518 -0.024361 0.865083 0.145262
0.297468 0.371115 1.925378 0.479407 -0.025697 0.865166 0.144900
0.294873 0.367513 1.925729 0.479101 -0.027199 0.865370 0.144419
0.291982 0.363804 1.926037 0.478446 -0.027114 0.865614 0.145138
0.289322 0.360019 1.926432 0.477883 -0.027749 0.865833 0.145572
0.287014 0.355928 1.926895 0.477475 -0.029339 0.865972 0.145774
0.284662 0.351405 1.927465 0.476772 -0.030940 0.866415 0.145107
0.281669 0.346953 1.927830 0.476038 -0.030853 0.866943 0.144384
0.279028 0.342732 1.928053 0.475646 -0.031373 0.867229 0.143844
0.276606 0.338584 1.928264 0.475237 -0.032437 0.867497 0.143336
0.274052 0.334069 1.928553 0.474686 -0.033851 0.868017 0.141679
0.271183 0.329159 1.928837 0.473824 -0.033841 0.868606 0.140955
0.268615 0.324260 1.929056 0.473313 -0.034320 0.868943 0.140481
0.266321 0.319372 1.929266 0.472760 -0.035626 0.869286 0.139894
0.263819 0.314348 1.929468 0.471965 -0.036997 0.869781 0.139144
0.261192 0.309099 1.929469 0.470985 -0.037730 0.870314 0.138937
0.258697 0.303824 1.929544 0.470333 -0.038851 0.870599 0.139050
0.256300 0.298359 1.929732 0.469736 -0.040363 0.870770 0.139570
0.253834 0.292677 1.929758 0.468980 -0.042219 0.871067 0.139704
0.251325 0.287002 1.929616 0.468275 -0.044079 0.871336 0.139818
0.248899 0.281214 1.929558 0.467479 -0.046072 0.871557 0.140462
0.246569 0.275201 1.929582 0.466634 -0.048399 0.871713 0.141514
0.244207 0.268882 1.929344 0.465795 -0.051299 0.871931 0.141913
0.241834 0.262549 1.928941 0.464973 -0.054169 0.872098 0.142510
0.239594 0.256012 1.928588 0.464165 -0.057235 0.872125 0.143782
0.237492 0.249177 1.928269 0.463361 -0.060625 0.872015 0.145640
0.235456 0.242299 1.927909 0.462737 -0.064134 0.871821 0.147270
0.233605 0.236046 1.927592 0.462161 -0.067035 0.871587 0.149166
0.232050 0.230334 1.927293 0.461686 -0.069538 0.871270 0.151327
0.230763 0.225060 1.927005 0.461325 -0.071762 0.870878 0.153626
0.229222 0.219941 1.927113 0.461091 -0.073747 0.870224 0.157057
0.227743 0.214919 1.927432 0.461430 -0.075882 0.869285 0.160212
0.226466 0.210224 1.927745 0.462112 -0.077757 0.868186 0.163273
0.225354 0.205922 1.928000 0.462907 -0.079174 0.867027 0.166470
0.223405 0.202016 1.928652 0.463927 -0.080157 0.865591 0.170587
0.221504 0.198358 1.929292 0.466407 -0.081588 0.863728 0.172578
0.219711 0.195027 1.929856 0.468422 -0.082662 0.862244 0.174020
0.218060 0.191900 1.930387 0.469969 -0.083422 0.861041 0.175439
0.215975 0.187564 1.931744 0.472666 -0.085441 0.859128 0.176596
0.213893 0.183527 1.932920 0.474451 -0.086340 0.857521 0.179164
0.212104 0.179869 1.933877 0.476312 -0.086516 0.855855 0.182083
0.210627 0.176922 1.934678 0.478060 -0.085758 0.854254 0.185348
0.208919 0.173754 1.936011 0.479955 -0.084759 0.852356 0.189600
0.207512 0.170964 1.937061 0.481897 -0.083371 0.850496 0.193601
0.206408 0.168810 1.937837 0.483675 -0.081400 0.848829 0.197287
0.205444 0.166893 1.938391 0.485101 -0.079500 0.847488 0.200304
0.204125 0.164592 1.939147 0.486568 -0.077937 0.846118 0.203130
0.202883 0.162462 1.939773 0.488154 -0.076352 0.844862 0.205143
0.201313 0.160845 1.940285 0.489515 -0.075002 0.844333 0.204576
0.199670 0.159541 1.940850 0.490793 -0.073554 0.844073 0.203109
0.198140 0.158000 1.941491 0.492258 -0.072023 0.843595 0.202095
0.197047 0.156278 1.941901 0.493687 -0.070517 0.842999 0.201627
0.196180 0.154444 1.942159 0.494941 -0.069201 0.842502 0.201082
0.195277 0.152494 1.942314 0.496114 -0.067992 0.842063 0.200444
0.194163 0.150254 1.942433 0.497361 -0.067025 0.841653 0.199397
0.193199 0.148258 1.942510 0.498699 -0.065701 0.841259 0.198152
0.192362 0.146394 1.942494 0.499984 -0.064274 0.840971 0.196601
0.191221 0.144614 1.942414 0.501057 -0.063132 0.841152 0.193441
0.189607 0.142795 1.942400 0.502058 -0.062273 0.841738 0.188514
0.188314 0.140634 1.942308 0.503135 -0.061564 0.842155 0.183957
0.187374 0.138215 1.942061 0.504139 -0.061053 0.842497 0.179763
0.186376 0.135685 1.941790 0.505009 -0.060749 0.843023 0.174893
0.185151 0.133084 1.941513 0.505769 -0.060686 0.843828 0.168724
0.183958 0.130351 1.941177 0.506473 -0.060801 0.844715 0.162004
0.183037 0.127458 1.940749 0.507136 -0.060989 0.845513 0.155565
0.182404 0.124426 1.940018 0.507769 -0.061250 0.846137 0.149903
0.181841 0.121322 1.939107 0.508260 -0.061725 0.846838 0.143974
0.181155 0.118275 1.938153 0.508457 -0.062425 0.847786 0.137234
0.180704 0.115138 1.937089 0.508320 -0.063372 0.848772 0.131080
0.180514 0.112511 1.935816 0.507932 -0.063916 0.849746 0.125898
0.180430 0.110198 1.934522 0.507214 -0.064272 0.850776 0.121584
0.180313 0.107900 1.933242 0.506123 -0.064782 0.851911 0.117857
0.180249 0.105681 1.931987 0.504856 -0.065201 0.853050 0.114782
0.180245 0.103615 1.930578 0.503497 -0.065605 0.854173 0.112137
0.180249 0.101699 1.929208 0.502160 -0.065837 0.855159 0.110467
0.180338 0.100086 1.927946 0.501316 -0.065752 0.855713 0.110060
0.180443 0.098841 1.926847 0.500738 -0.065643 0.856095 0.109790
0.180522 0.098348 1.925718 0.500227 -0.065550 0.856511 0.108930
0.180509 0.098097 1.924803 0.499670 -0.065659 0.856946 0.107995
0.180455 0.097896 1.924057 0.499127 -0.065932 0.857343 0.107181
0.180376 0.097737 1.923426 0.498580 -0.066316 0.857706 0.106580
0.180337 0.097754 1.922841 0.497961 -0.066757 0.858036 0.106549
0.180293 0.097776 1.922343 0.497340 -0.067326 0.858360 0.106487
0.180221 0.097786 1.921933 0.496750 -0.067930 0.858669 0.106360
0.180095 0.097804 1.921584 0.496123 -0.068553 0.859008 0.106147
0.179866 0.097901 1.921221 0.495359 -0.069096 0.859421 0.106019
0.179687 0.097973 1.920869 0.494742 -0.069540 0.859720 0.106196
0.179544 0.098008 1.920554 0.494215 -0.069979 0.859958 0.106423
0.179383 0.098045 1.920289 0.493755 -0.070395 0.860156 0.106685
