0.334082 0.227246 1.738957 0.596162 -0.116416 0.794363 0.005075
0.335308 0.227189 1.740849 0.595948 -0.114790 0.794755 0.005745
0.336370 0.227016 1.742405 0.595727 -0.113651 0.795080 0.006398
0.338222 0.227207 1.744268 0.596134 -0.109801 0.795306 0.007532
0.340406 0.226684 1.746021 0.596213 -0.107604 0.795536 0.008609
0.342433 0.225762 1.747446 0.596185 -0.106407 0.795701 0.010005
0.344218 0.224780 1.748589 0.596147 -0.105657 0.795811 0.011432
0.346813 0.224205 1.750328 0.596387 -0.103838 0.795858 0.012310
0.349518 0.223005 1.752234 0.596196 -0.103716 0.796007 0.012879
0.351933 0.221539 1.753867 0.595932 -0.104229 0.796123 0.013744
0.354025 0.220140 1.755209 0.595727 -0.104754 0.796190 0.014746
0.356696 0.219143 1.756649 0.595856 -0.103765 0.796205 0.015688
0.359384 0.217730 1.757856 0.595864 -0.103771 0.796177 0.016740
0.361764 0.216203 1.758793 0.595872 -0.104158 0.796093 0.018003
0.363826 0.214825 1.759544 0.595935 -0.104410 0.795981 0.019320
0.366504 0.213979 1.760818 0.596387 -0.102584 0.795854 0.020370
0.369101 0.212645 1.762210 0.596485 -0.102119 0.795818 0.021245
0.371377 0.211163 1.763420 0.596479 -0.102247 0.795779 0.022246
0.373355 0.209831 1.764448 0.596490 -0.102280 0.795737 0.023262
0.375756 0.209080 1.765948 0.596577 -0.100375 0.795922 0.022976
0.378043 0.207942 1.767448 0.596399 -0.099615 0.796158 0.022748
0.380043 0.206684 1.768721 0.596188 -0.099404 0.796339 0.022854
0.381839 0.205576 1.769774 0.596065 -0.099093 0.796459 0.023222
0.384677 0.205009 1.770628 0.596390 -0.097022 0.796444 0.024129
0.387513 0.203989 1.771126 0.596732 -0.095824 0.796292 0.025476
0.390021 0.202808 1.771431 0.597061 -0.095159 0.796074 0.027000
0.392249 0.201790 1.771657 0.597458 -0.094348 0.795823 0.028431
0.394973 0.201277 1.772196 0.598182 -0.091751 0.795550 0.029339
0.397483 0.200376 1.772809 0.598612 -0.090287 0.795360 0.030233
0.399648 0.199361 1.773353 0.598913 -0.089447 0.795192 0.031176
0.401606 0.198566 1.773795 0.599292 -0.088472 0.794988 0.031885
0.404090 0.198758 1.774202 0.600180 -0.085484 0.794671 0.031226
0.406314 0.198825 1.774540 0.600875 -0.083162 0.794413 0.030670
0.408202 0.198788 1.774804 0.601435 -0.081389 0.794185 0.030340
0.409893 0.198800 1.774956 0.602044 -0.079728 0.793909 0.029890
0.412020 0.198813 1.774563 0.603421 -0.077434 0.793141 0.028534
0.414082 0.198348 1.773993 0.604725 -0.075907 0.792313 0.028048
0.415910 0.197699 1.773444 0.605837 -0.074927 0.791559 0.027992
0.417589 0.197144 1.772917 0.606878 -0.073972 0.790847 0.028053
0.419564 0.196802 1.772080 0.608249 -0.072014 0.789965 0.028295
0.421401 0.196258 1.771162 0.609512 -0.070546 0.789101 0.028931
0.422997 0.195670 1.770335 0.610581 -0.069476 0.788342 0.029655
0.424513 0.195252 1.769507 0.611731 -0.068712 0.787507 0.029954
0.426374 0.195172 1.768175 0.613654 -0.067721 0.786096 0.029916
0.427945 0.195184 1.766960 0.615290 -0.066698 0.784916 0.029600
0.428937 0.195917 1.766283 0.616325 -0.065303 0.784286 0.027839
0.430034 0.196494 1.765414 0.617677 -0.064276 0.783346 0.026672
0.431575 0.197067 1.764132 0.619753 -0.063118 0.781842 0.025388
0.432407 0.197625 1.763633 0.620840 -0.062361 0.781127 0.022545
0.432593 0.198673 1.763792 0.621336 -0.061336 0.780914 0.018788
0.432791 0.199791 1.764009 0.621821 -0.060399 0.780684 0.014942
0.433120 0.200759 1.764281 0.622504 -0.059233 0.780312 0.009699
0.433362 0.201590 1.764505 0.623100 -0.058132 0.779962 0.005197
0.433509 0.201739 1.764684 0.623465 -0.058018 0.779693 0.001876
0.433625 0.201882 1.764972 0.623828 -0.058092 0.779398 -0.001761
0.433840 0.202151 1.765283 0.624326 -0.058359 0.778952 -0.006750
0.433983 0.202570 1.765521 0.624776 -0.058293 0.778544 -0.011183
0.434078 0.202977 1.765721 0.625215 -0.058050 0.778151 -0.014740
0.434180 0.203281 1.765976 0.625544 -0.058270 0.777791 -0.018453
0.434312 0.203514 1.766142 0.625888 -0.058561 0.777373 -0.022897
0.434380 0.203788 1.766243 0.626211 -0.058637 0.776985 -0.026755
0.434426 0.204014 1.766308 0.626542 -0.058623 0.776606 -0.029850
0.434486 0.204100 1.766559 0.626778 -0.059306 0.776215 -0.033502
0.434573 0.204085 1.766921 0.627278 -0.059901 0.775546 -0.038255
0.434588 0.204075 1.767189 0.627840 -0.060059 0.774878 -0.042114
0.434538 0.204067 1.767415 0.628437 -0.059949 0.774253 -0.044769
0.434443 0.204003 1.767918 0.628804 -0.061095 0.773682 -0.047839
0.434443 0.203872 1.768386 0.629519 -0.062638 0.772754 -0.051316
0.434412 0.203766 1.768677 0.630343 -0.063590 0.771823 -0.053980
0.434351 0.203670 1.768883 0.631013 -0.064449 0.771062 -0.055956
0.434127 0.203506 1.769510 0.631183 -0.067756 0.770355 -0.059755
0.434126 0.203216 1.770003 0.631694 -0.072502 0.769096 -0.064785
0.434150 0.202861 1.770216 0.632445 -0.076168 0.767767 -0.068886
0.434125 0.202522 1.770313 0.632938 -0.079469 0.766716 -0.072254
0.433965 0.202158 1.770827 0.633147 -0.084074 0.765622 -0.076679
0.433921 0.201721 1.771423 0.633841 -0.089292 0.763921 -0.081835
0.433883 0.201210 1.771813 0.634751 -0.094076 0.762004 -0.087125
0.433856 0.200777 1.771976 0.635301 -0.098893 0.760337 -0.092193
0.433768 0.200296 1.772223 0.635507 -0.104781 0.758640 -0.098070
0.433726 0.199745 1.772458 0.635584 -0.111546 0.756746 -0.104529
0.433713 0.199176 1.772582 0.635496 -0.118158 0.754933 -0.110724
0.433672 0.198519 1.772650 0.635538 -0.124267 0.752991 -0.116846
0.433627 0.197898 1.772750 0.635506 -0.130597 0.750940 -0.123145
0.433569 0.197205 1.772941 0.635879 -0.136394 0.748518 -0.129522
0.433523 0.196598 1.772948 0.636138 -0.142060 0.746106 -0.135920
0.433496 0.196091 1.772862 0.636002 -0.147931 0.743923 -0.142117
0.433433 0.195463 1.772801 0.635786 -0.154502 0.741308 -0.149557
0.433325 0.194564 1.772725 0.636044 -0.160713 0.738117 -0.157488
0.433276 0.193775 1.772456 0.635836 -0.167166 0.735281 -0.164714
0.433248 0.193010 1.772151 0.635423 -0.173557 0.732561 -0.171666
0.433168 0.192271 1.771849 0.635194 -0.179722 0.729519 -0.178972
0.433119 0.191732 1.771479 0.634540 -0.186210 0.726738 -0.185842
0.433094 0.191268 1.771111 0.633684 -0.192624 0.724044 -0.192616
0.433057 0.190810 1.770769 0.632891 -0.198729 0.721180 -0.199636
0.433041 0.190407 1.770385 0.631910 -0.205183 0.718116 -0.207122
0.433038 0.190012 1.770047 0.630838 -0.211621 0.714954 -0.214713
0.433021 0.189642 1.769658 0.629843 -0.217708 0.711733 -0.222121
0.433011 0.189363 1.769229 0.628616 -0.223830 0.708673 -0.229181
0.432993 0.189200 1.768922 0.627431 -0.230285 0.705300 -0.236326
0.433010 0.189144 1.768642 0.626214 -0.236736 0.701907 -0.243184
0.433018 0.189064 1.768361 0.625018 -0.242925 0.698364 -0.250259
0.433011 0.189034 1.768000 0.623838 -0.248829 0.694830 -0.257140
0.433019 0.189078 1.767534 0.622237 -0.255182 0.691321 -0.264153
0.433035 0.189047 1.767029 0.620640 -0.261441 0.687694 -0.271166
0.433051 0.189011 1.766483 0.618983 -0.267598 0.684088 -0.277984
0.433067 0.188975 1.765894 0.617309 -0.273614 0.680496 -0.284589
0.433064 0.188974 1.765382 0.615439 -0.280207 0.676565 -0.291511
0.433080 0.188946 1.764915 0.613605 -0.286698 0.672487 -0.298419
0.433098 0.188922 1.764421 0.611829 -0.292905 0.668348 -0.305259
0.433094 0.188992 1.763900 0.609891 -0.299081 0.664341 -0.311823
0.433013 0.189078 1.763515 0.608008 -0.305105 0.660368 -0.318043
0.433034 0.189194 1.763170 0.606036 -0.311095 0.656385 -0.324191
0.433106 0.189333 1.762784 0.603975 -0.317063 0.652332 -0.330377
0.433157 0.189518 1.762402 0.601750 -0.322964 0.648314 -0.336571
0.433156 0.189681 1.761993 0.599382 -0.329033 0.644156 -0.342842
0.433159 0.189837 1.761559 0.596946 -0.335072 0.639994 -0.348984
0.433181 0.190002 1.761103 0.594438 -0.341040 0.635815 -0.355071
0.433211 0.190196 1.760648 0.591834 -0.346933 0.631631 -0.361127
0.433198 0.190494 1.760569 0.589166 -0.352957 0.626973 -0.367709
0.433193 0.190914 1.760671 0.586467 -0.358659 0.622377 -0.374256
0.433197 0.191388 1.760800 0.583523 -0.364432 0.617687 -0.380988
0.433206 0.191830 1.760864 0.580575 -0.369882 0.613350 -0.387198
0.433156 0.192144 1.760746 0.577902 -0.374742 0.609585 -0.392434
0.433080 0.192417 1.760614 0.575620 -0.378789 0.606437 -0.396755
0.433048 0.192637 1.760471 0.573760 -0.382131 0.603744 -0.400335
0.433093 0.192843 1.760325 0.572238 -0.384897 0.601463 -0.403288
0.433026 0.193267 1.760282 0.571293 -0.387561 0.599347 -0.405220
0.433035 0.193589 1.760133 0.570663 -0.389831 0.597699 -0.406364
0.433055 0.193832 1.759957 0.570277 -0.391551 0.596441 -0.407099
0.433037 0.194067 1.759781 0.570285 -0.392649 0.595597 -0.407267
0.432826 0.194878 1.759532 0.571744 -0.392723 0.596572 -0.403706
0.432822 0.195716 1.759011 0.572897 -0.393056 0.598030 -0.399571
0.432847 0.196504 1.758447 0.573875 -0.393304 0.599488 -0.395719
0.432794 0.197252 1.757927 0.574784 -0.393384 0.601084 -0.391881
0.432410 0.198348 1.757347 0.576823 -0.392518 0.604407 -0.384572
0.432342 0.199224 1.756311 0.579329 -0.391457 0.607921 -0.376259
0.432172 0.200342 1.755950 0.581163 -0.390107 0.610329 -0.370898
0.431773 0.201541 1.755897 0.583033 -0.388038 0.612928 -0.365812
0.430428 0.202864 1.755585 0.586785 -0.383183 0.618564 -0.355291
0.429027 0.204533 1.755402 0.589778 -0.378797 0.623325 -0.346613
0.427923 0.205951 1.754911 0.592010 -0.375508 0.627597 -0.338585
0.426792 0.207168 1.754445 0.594069 -0.371960 0.632077 -0.330463
0.424277 0.209263 1.753569 0.597765 -0.365052 0.639179 -0.317593
0.421819 0.211900 1.752562 0.600477 -0.359011 0.645508 -0.306362
0.419734 0.214323 1.751463 0.602410 -0.354061 0.650915 -0.296736
0.417661 0.216245 1.750512 0.604139 -0.349001 0.656421 -0.286926
0.414166 0.217754 1.749886 0.606380 -0.341734 0.663955 -0.273286
0.410985 0.219310 1.749421 0.607501 -0.335851 0.670599 -0.261617
0.408425 0.220399 1.749042 0.607530 -0.331607 0.676582 -0.251356
0.405935 0.220988 1.748970 0.607180 -0.327425 0.682609 -0.241182
0.402155 0.221194 1.749201 0.606749 -0.321414 0.690445 -0.227670
0.398995 0.221006 1.749346 0.604891 -0.317323 0.698104 -0.214623
0.396559 0.220392 1.749651 0.601980 -0.315017 0.705065 -0.203140
0.394154 0.219311 1.750153 0.599151 -0.312370 0.711992 -0.191074
0.390414 0.218244 1.750991 0.596405 -0.307713 0.720136 -0.176122
0.386768 0.218193 1.752000 0.593938 -0.303548 0.726519 -0.165124
0.383484 0.218631 1.752954 0.591970 -0.299946 0.731365 -0.157190
0.380092 0.218784 1.753989 0.590162 -0.295863 0.736263 -0.148626
0.375391 0.218720 1.755364 0.587731 -0.290501 0.742458 -0.137608
0.370934 0.219559 1.756655 0.585894 -0.285548 0.747197 -0.129952
0.367008 0.220683 1.757782 0.584460 -0.281322 0.750825 -0.124602
0.363078 0.221199 1.759044 0.582862 -0.276711 0.754909 -0.117539
0.358182 0.220897 1.760903 0.579895 -0.271607 0.760526 -0.107478
0.353715 0.221121 1.762657 0.577365 -0.267302 0.764947 -0.100276
0.349854 0.221528 1.764172 0.575281 -0.263801 0.768387 -0.095092
0.346030 0.221530 1.765799 0.573408 -0.259506 0.772076 -0.088087
0.341421 0.221258 1.768053 0.570793 -0.254299 0.776723 -0.078920
0.337218 0.221506 1.770149 0.568517 -0.249980 0.780411 -0.072502
0.333589 0.221919 1.771933 0.566630 -0.246479 0.783305 -0.067911
0.329941 0.221997 1.773847 0.564987 -0.241898 0.786469 -0.061163
0.325546 0.221994 1.776528 0.562671 -0.236409 0.790400 -0.052714
0.321520 0.222443 1.779045 0.560557 -0.231957 0.793579 -0.046953
0.318040 0.223008 1.781185 0.558770 -0.228370 0.796105 -0.042886
0.314568 0.223176 1.783439 0.557138 -0.223453 0.798965 -0.036344
0.310669 0.223022 1.786265 0.554661 -0.217889 0.802557 -0.027873
0.307185 0.223125 1.788799 0.552374 -0.213519 0.805495 -0.021724
0.304204 0.223311 1.790926 0.550415 -0.210065 0.807850 -0.017176
0.301353 0.223270 1.793178 0.548980 -0.205044 0.810226 -0.010557
0.298468 0.222882 1.795933 0.546937 -0.200121 0.812897 -0.003219
0.295972 0.222541 1.798382 0.544962 -0.196490 0.815109 0.002348
0.293867 0.222252 1.800430 0.543231 -0.193716 0.816903 0.006625
0.291661 0.221741 1.802712 0.542112 -0.188403 0.818793 0.013993
0.289242 0.220869 1.805616 0.540341 -0.182984 0.821004 0.022377
0.287123 0.220097 1.808232 0.538523 -0.179062 0.822861 0.028783
0.285324 0.219454 1.810436 0.536889 -0.176094 0.824380 0.033732
0.283547 0.218694 1.812784 0.536133 -0.170904 0.825659 0.040480
0.281955 0.217392 1.815417 0.534941 -0.166314 0.826992 0.047570
0.280680 0.216024 1.817697 0.533641 -0.163182 0.828101 0.053363
0.279640 0.214778 1.819595 0.532427 -0.160923 0.829010 0.058028
0.278592 0.213632 1.821834 0.531733 -0.156884 0.829765 0.064325
0.277650 0.212304 1.824439 0.530491 -0.153688 0.830672 0.070309
0.276878 0.211017 1.826685 0.529214 -0.151539 0.831457 0.075145
0.276238 0.209878 1.828548 0.528051 -0.149988 0.832117 0.079039
0.275536 0.208429 1.830936 0.527320 -0.146869 0.832642 0.084092
0.275078 0.206012 1.833839 0.525856 -0.145548 0.833268 0.089194
0.274817 0.203456 1.836364 0.524355 -0.145338 0.833759 0.093681
0.274643 0.201123 1.838456 0.523009 -0.145513 0.834139 0.097463
0.274543 0.199256 1.841335 0.522171 -0.143768 0.834575 0.100761
0.274685 0.197136 1.844762 0.520691 -0.143387 0.835275 0.103140
0.274875 0.194973 1.847705 0.519194 -0.143703 0.835874 0.105370
0.275049 0.193014 1.850140 0.517847 -0.144188 0.836372 0.107360
0.275239 0.191472 1.853201 0.517006 -0.142353 0.836986 0.109060
0.275685 0.189602 1.856481 0.515624 -0.141688 0.837779 0.110376
0.276155 0.187636 1.859237 0.514248 -0.141687 0.838425 0.111885
0.276572 0.185825 1.861504 0.512999 -0.141899 0.838954 0.113371
