0.381862 0.205133 1.665274 0.611237 -0.314483 0.702573 -0.184068
0.378836 0.205708 1.666883 0.612743 -0.305644 0.707548 -0.174653
0.375995 0.206132 1.668450 0.614219 -0.296937 0.712156 -0.165519
0.372131 0.206309 1.670924 0.614622 -0.288152 0.717407 -0.156635
0.368522 0.206974 1.673375 0.615297 -0.279328 0.721980 -0.148762
0.365379 0.207771 1.675531 0.616316 -0.270571 0.725959 -0.141171
0.362484 0.208461 1.677493 0.617506 -0.261672 0.729618 -0.133682
0.358919 0.209153 1.679820 0.618391 -0.251843 0.733495 -0.127094
0.355692 0.210079 1.681925 0.619457 -0.242157 0.736941 -0.120631
0.352926 0.210977 1.683721 0.620695 -0.232756 0.739992 -0.113904
0.350403 0.211728 1.685417 0.621978 -0.223254 0.742864 -0.107025
0.347273 0.212381 1.688254 0.622561 -0.212354 0.746448 -0.100693
0.344447 0.213068 1.691114 0.622881 -0.202337 0.749754 -0.094591
0.342030 0.213683 1.693604 0.623304 -0.192859 0.752685 -0.088105
0.339872 0.214252 1.695783 0.623919 -0.183581 0.755192 -0.081906
0.337440 0.215052 1.698506 0.624952 -0.172213 0.757568 -0.076606
0.335298 0.215734 1.701189 0.625625 -0.161907 0.759815 -0.071133
0.333496 0.216264 1.703509 0.626136 -0.152715 0.761798 -0.065533
0.331904 0.216724 1.705503 0.626674 -0.144185 0.763451 -0.060270
0.329946 0.217550 1.707679 0.627899 -0.132719 0.764991 -0.054005
0.328133 0.218432 1.709772 0.628737 -0.122334 0.766423 -0.048167
0.326579 0.219210 1.711589 0.629168 -0.114040 0.767617 -0.043668
0.325305 0.219920 1.713251 0.629585 -0.106097 0.768661 -0.039081
0.324492 0.220653 1.715753 0.629962 -0.096360 0.769906 -0.033282
0.323905 0.220966 1.718310 0.629704 -0.089471 0.771118 -0.029054
0.323463 0.221057 1.720538 0.629278 -0.084373 0.772158 -0.025735
0.323117 0.221082 1.722509 0.628961 -0.079345 0.773060 -0.022163
0.322877 0.220860 1.724984 0.628660 -0.073105 0.774035 -0.017661
0.322764 0.220303 1.727410 0.628038 -0.069008 0.774986 -0.014247
0.322719 0.219672 1.729506 0.627395 -0.066118 0.775804 -0.011514
0.322777 0.219174 1.731386 0.626819 -0.063072 0.776561 -0.008570
0.323250 0.218919 1.733818 0.625804 -0.059078 0.777723 -0.005063
0.323754 0.218469 1.736100 0.624687 -0.056537 0.778822 -0.002395
0.324210 0.217977 1.738032 0.623705 -0.054752 0.779739 -0.000221
0.324715 0.217646 1.739784 0.622882 -0.052677 0.780537 0.002036
0.325735 0.217555 1.742557 0.621491 -0.050221 0.781800 0.003872
0.326710 0.217125 1.745352 0.619930 -0.049239 0.783094 0.005041
0.327563 0.216597 1.747757 0.618567 -0.048783 0.784193 0.006024
0.328416 0.216206 1.749867 0.617453 -0.047806 0.785119 0.007365
0.329830 0.215983 1.752593 0.616122 -0.046084 0.786253 0.008778
0.331183 0.215376 1.755215 0.614741 -0.045607 0.787348 0.009842
0.332371 0.214672 1.757444 0.613561 -0.045554 0.788258 0.010816
0.333502 0.214129 1.759386 0.612576 -0.044888 0.789042 0.012183
0.335045 0.213916 1.761689 0.611297 -0.042764 0.790120 0.014050
0.336480 0.213463 1.763774 0.610075 -0.041602 0.791097 0.015580
0.337727 0.212951 1.765513 0.609058 -0.040872 0.791891 0.016930
0.338968 0.212620 1.767009 0.608287 -0.039989 0.792500 0.018234
0.340951 0.212814 1.768797 0.607599 -0.038767 0.793065 0.019177
0.342752 0.212773 1.770460 0.606897 -0.038234 0.793612 0.019877
0.344291 0.212628 1.771860 0.606308 -0.037959 0.794058 0.020516
0.345719 0.212576 1.773043 0.605895 -0.037191 0.794394 0.021125
0.347826 0.212431 1.774118 0.605785 -0.035032 0.794555 0.021914
0.349961 0.211660 1.774968 0.605758 -0.034037 0.794582 0.023195
0.351883 0.210699 1.775644 0.605779 -0.033615 0.794542 0.024587
0.353720 0.209908 1.776262 0.605842 -0.033244 0.794475 0.025690
0.356277 0.209347 1.777353 0.605702 -0.033110 0.794583 0.025815
0.358663 0.208377 1.778442 0.605466 -0.033774 0.794723 0.026166
0.360735 0.207327 1.779375 0.605269 -0.034616 0.794821 0.026672
0.362671 0.206549 1.780125 0.605264 -0.034997 0.794799 0.026934
0.365220 0.206383 1.780692 0.605796 -0.033836 0.794466 0.026270
0.367569 0.205926 1.781152 0.606264 -0.033228 0.794142 0.026030
0.369597 0.205373 1.781528 0.606661 -0.032927 0.793852 0.026039
0.371570 0.204993 1.781797 0.607126 -0.032515 0.793516 0.025949
0.374831 0.204722 1.781522 0.608317 -0.031471 0.792646 0.025934
0.378056 0.203784 1.780976 0.609584 -0.031211 0.791651 0.026889
0.380910 0.202634 1.780421 0.610728 -0.031343 0.790719 0.028129
0.383510 0.201655 1.779944 0.611726 -0.031521 0.789914 0.028857
0.386632 0.200905 1.779580 0.612507 -0.031215 0.789326 0.028714
0.389537 0.199787 1.779181 0.613212 -0.031427 0.788753 0.029182
0.392054 0.198613 1.778814 0.613832 -0.031823 0.788229 0.029881
0.394416 0.197694 1.778430 0.614515 -0.032284 0.787670 0.030096
0.397663 0.197356 1.777524 0.615882 -0.032432 0.786612 0.029636
0.400639 0.196851 1.776445 0.617252 -0.032567 0.785527 0.029792
0.403187 0.196312 1.775443 0.618461 -0.032704 0.784555 0.030160
0.405459 0.195904 1.774548 0.619532 -0.033040 0.783716 0.029614
0.408263 0.195289 1.773387 0.620734 -0.034012 0.782816 0.027047
0.410982 0.194110 1.772127 0.621959 -0.035276 0.781826 0.025903
0.413385 0.192795 1.770986 0.623055 -0.036564 0.780908 0.025459
0.415578 0.191651 1.770003 0.624029 -0.037719 0.780092 0.024915
0.418254 0.190686 1.769017 0.625033 -0.038618 0.779281 0.023745
0.420730 0.189466 1.768049 0.625962 -0.039670 0.778493 0.023350
0.422870 0.188248 1.767196 0.626770 -0.040680 0.777792 0.023328
0.424132 0.188406 1.766690 0.627322 -0.039770 0.777484 0.020107
0.425414 0.189335 1.765911 0.628076 -0.038941 0.777017 0.015754
0.426669 0.189898 1.765081 0.628767 -0.038502 0.776536 0.012678
0.427720 0.190404 1.764382 0.629338 -0.038081 0.776130 0.010260
0.428718 0.190897 1.763733 0.629920 -0.038129 0.775687 0.007441
0.430194 0.191268 1.763004 0.630647 -0.038969 0.775085 0.002821
0.431500 0.191469 1.762435 0.631187 -0.039604 0.774618 -0.000988
0.432558 0.191369 1.762070 0.631501 -0.040335 0.774317 -0.003603
0.433190 0.190822 1.762067 0.631579 -0.041660 0.774165 -0.006468
0.433467 0.190384 1.762196 0.631751 -0.042923 0.773885 -0.012312
0.433599 0.190330 1.762289 0.631899 -0.043568 0.773619 -0.017853
0.433713 0.190408 1.762379 0.631982 -0.044137 0.773400 -0.022448
0.433839 0.190621 1.762550 0.631919 -0.045796 0.773202 -0.027186
0.434043 0.190905 1.762739 0.631891 -0.049741 0.772736 -0.033440
0.434178 0.191246 1.762812 0.631878 -0.053168 0.772282 -0.038524
0.434216 0.191568 1.762875 0.631820 -0.056029 0.771913 -0.042599
0.434184 0.191818 1.763028 0.631600 -0.059344 0.771586 -0.047051
0.434193 0.191874 1.763222 0.631259 -0.065053 0.770940 -0.054150
0.434248 0.191831 1.763251 0.631073 -0.069911 0.770237 -0.059951
0.434247 0.191709 1.763244 0.630923 -0.073927 0.769613 -0.064553
0.434175 0.191528 1.763320 0.630648 -0.077996 0.769036 -0.069161
0.434093 0.191235 1.763542 0.630348 -0.083643 0.768101 -0.075409
0.434098 0.190870 1.763635 0.630149 -0.089348 0.766997 -0.081518
0.434105 0.190468 1.763620 0.629962 -0.094716 0.765887 -0.087144
0.434060 0.190041 1.763590 0.629687 -0.099845 0.764826 -0.092555
0.433958 0.189438 1.763675 0.629338 -0.106301 0.763350 -0.099653
0.433915 0.188760 1.763659 0.629022 -0.112680 0.761770 -0.106490
0.433879 0.188084 1.763579 0.628583 -0.119048 0.760193 -0.113213
0.433840 0.187444 1.763447 0.628075 -0.125180 0.758647 -0.119609
0.433757 0.186766 1.763254 0.627489 -0.131594 0.756993 -0.126109
0.433722 0.186072 1.763001 0.626864 -0.138007 0.755273 -0.132507
0.433709 0.185410 1.762708 0.626131 -0.144401 0.753532 -0.138918
0.433693 0.184803 1.762369 0.625265 -0.150959 0.751696 -0.145632
0.433643 0.184205 1.761918 0.624235 -0.158201 0.749575 -0.153106
0.433614 0.183621 1.761452 0.623187 -0.165241 0.747419 -0.160305
0.433605 0.183076 1.760967 0.622094 -0.172086 0.745239 -0.167342
0.433597 0.182578 1.760489 0.620936 -0.178840 0.742997 -0.174388
0.433570 0.182092 1.760078 0.619811 -0.185647 0.740532 -0.181608
0.433557 0.181650 1.759657 0.618676 -0.192266 0.738028 -0.188649
0.433552 0.181266 1.759222 0.617463 -0.198750 0.735518 -0.195580
0.433546 0.180948 1.758783 0.616103 -0.205171 0.733026 -0.202472
0.433500 0.180597 1.758356 0.614701 -0.211821 0.730327 -0.209514
0.433448 0.180450 1.758039 0.613250 -0.218205 0.727550 -0.216754
0.433402 0.180484 1.757801 0.611641 -0.224386 0.724805 -0.224064
0.433367 0.180559 1.757555 0.609923 -0.230562 0.722004 -0.231397
0.433318 0.180629 1.757256 0.607987 -0.237024 0.719022 -0.239121
0.433276 0.180696 1.756962 0.606011 -0.243320 0.716058 -0.246591
0.433246 0.180764 1.756665 0.603999 -0.249479 0.713099 -0.253843
0.433225 0.180838 1.756315 0.601825 -0.255795 0.710004 -0.261285
0.433178 0.180927 1.755841 0.599059 -0.262925 0.706515 -0.269880
0.433130 0.181009 1.755423 0.596312 -0.269721 0.703113 -0.278017
0.433102 0.181086 1.755025 0.593634 -0.276229 0.699750 -0.285737
0.433090 0.181164 1.754638 0.590911 -0.282767 0.696232 -0.293476
0.433086 0.181279 1.754349 0.587969 -0.289919 0.692116 -0.302017
0.433076 0.181402 1.754093 0.585158 -0.296668 0.688092 -0.310013
0.433061 0.181527 1.753837 0.582402 -0.303099 0.684152 -0.317608
0.433044 0.181649 1.753566 0.579617 -0.309374 0.680220 -0.325013
0.433003 0.181745 1.753244 0.576637 -0.315758 0.676165 -0.332548
0.432971 0.181829 1.752935 0.573686 -0.321902 0.672187 -0.339748
0.432953 0.181911 1.752631 0.570761 -0.327845 0.668259 -0.346668
0.432935 0.182006 1.752338 0.567780 -0.333831 0.664193 -0.353598
0.432881 0.182180 1.752138 0.564697 -0.340382 0.659529 -0.360943
0.432855 0.182345 1.751925 0.561717 -0.346663 0.654979 -0.367833
0.432842 0.182503 1.751717 0.558743 -0.352650 0.650550 -0.374472
0.432828 0.182675 1.751612 0.555872 -0.358075 0.646416 -0.380704
0.432810 0.182988 1.751611 0.552680 -0.363758 0.641986 -0.387400
0.432812 0.183206 1.751580 0.549696 -0.369055 0.637771 -0.393549
0.432812 0.183352 1.751557 0.547162 -0.373484 0.634132 -0.398749
0.432778 0.183521 1.751583 0.544887 -0.377239 0.630997 -0.403275
0.432658 0.183712 1.751593 0.542471 -0.381040 0.627989 -0.407633
0.432585 0.183794 1.751581 0.540383 -0.384325 0.625392 -0.411298
0.432540 0.183848 1.751605 0.538580 -0.387051 0.623199 -0.414424
0.432475 0.183933 1.751656 0.536940 -0.389423 0.621281 -0.417200
0.432232 0.184186 1.751653 0.535205 -0.391913 0.619351 -0.419958
0.432010 0.184513 1.751694 0.533553 -0.394113 0.617639 -0.422514
0.431808 0.184726 1.751707 0.532147 -0.396009 0.616142 -0.424694
0.431555 0.184889 1.751795 0.531340 -0.397261 0.615178 -0.425930
0.430993 0.185068 1.752026 0.532409 -0.397226 0.615521 -0.424130
0.430498 0.185199 1.752100 0.533455 -0.397232 0.615959 -0.422169
0.430082 0.185315 1.752157 0.534219 -0.397274 0.616381 -0.420545
0.429686 0.185378 1.752231 0.535047 -0.397029 0.617516 -0.418051
0.428989 0.185615 1.752343 0.536718 -0.395789 0.620683 -0.412355
0.428252 0.186057 1.752367 0.538152 -0.394704 0.622885 -0.408185
0.427557 0.186561 1.752234 0.539462 -0.393772 0.624260 -0.405245
0.426750 0.187081 1.752287 0.540916 -0.392351 0.625828 -0.402257
0.425587 0.187746 1.752349 0.543744 -0.389938 0.630445 -0.393484
0.424243 0.188912 1.752593 0.546342 -0.387395 0.633978 -0.386662
0.423085 0.189927 1.752704 0.548309 -0.385396 0.636772 -0.381247
0.421886 0.190731 1.752775 0.550412 -0.383115 0.639741 -0.375502
0.419904 0.191822 1.753013 0.553402 -0.379436 0.644349 -0.366865
0.418079 0.192994 1.753106 0.555845 -0.376413 0.648549 -0.358796
0.416566 0.193979 1.753147 0.557604 -0.374023 0.652178 -0.351923
0.414979 0.194824 1.753327 0.559481 -0.371041 0.655667 -0.345557
0.412594 0.195632 1.753482 0.562622 -0.366006 0.661794 -0.333954
0.410356 0.196721 1.753568 0.565059 -0.361720 0.667094 -0.323809
0.408381 0.197846 1.753709 0.566819 -0.358146 0.671208 -0.316112
0.406481 0.198601 1.753773 0.568545 -0.354464 0.675315 -0.308321
0.403771 0.198793 1.753990 0.570304 -0.349368 0.682120 -0.295649
0.401532 0.198522 1.753845 0.570956 -0.346016 0.688535 -0.283199
0.399706 0.198000 1.753255 0.571648 -0.343396 0.693638 -0.272332
0.398051 0.196832 1.752401 0.572522 -0.340694 0.698750 -0.260565
0.395105 0.194884 1.751798 0.573545 -0.336315 0.705811 -0.244478
0.392192 0.193770 1.751571 0.574264 -0.332351 0.711195 -0.232305
0.389588 0.193161 1.751574 0.574689 -0.328997 0.715301 -0.223242
0.387074 0.192601 1.751747 0.575043 -0.325336 0.719367 -0.214463
0.383458 0.191865 1.752071 0.575248 -0.319534 0.725480 -0.201659
0.379988 0.192026 1.752414 0.575517 -0.314146 0.730179 -0.192177
0.376919 0.192568 1.752795 0.575697 -0.309520 0.733790 -0.185264
0.373965 0.192965 1.753317 0.575800 -0.304776 0.737416 -0.178278
0.369656 0.192934 1.754503 0.575114 -0.298330 0.743066 -0.167616
0.365535 0.193657 1.755790 0.574414 -0.292591 0.747529 -0.160124
0.361910 0.194641 1.756991 0.573749 -0.287746 0.751019 -0.154870
0.358462 0.195434 1.758257 0.573282 -0.282418 0.754548 -0.149150
0.353665 0.195938 1.760402 0.572138 -0.274363 0.760183 -0.139662
0.349129 0.197093 1.762500 0.570905 -0.267396 0.764747 -0.133148
0.345153 0.198407 1.764349 0.569761 -0.261584 0.768374 -0.128637
0.341519 0.199440 1.766121 0.568835 -0.255689 0.771858 -0.123635
0.337197 0.199600 1.768758 0.567376 -0.247591 0.777050 -0.113916
0.333288 0.199861 1.771295 0.565878 -0.240644 0.781459 -0.105806
0.329934 0.200162 1.773486 0.564412 -0.235169 0.784980 -0.099708
0.326887 0.200342 1.775528 0.563106 -0.229862 0.788232 -0.093630
0.323100 0.200359 1.778516 0.561157 -0.222593 0.792732 -0.084446
0.319549 0.200749 1.781394 0.559422 -0.215806 0.796625 -0.076576
