0.255878 0.198875 1.853534 0.493701 -0.103573 0.858218 0.094835
0.255509 0.197441 1.857717 0.491209 -0.101049 0.859642 0.097561
0.255309 0.195620 1.862553 0.487899 -0.100172 0.861410 0.099471
0.255210 0.193661 1.866581 0.484958 -0.100184 0.862842 0.101396
0.255138 0.191895 1.869892 0.482551 -0.100030 0.863967 0.103444
0.255133 0.190056 1.874631 0.480164 -0.097285 0.865382 0.105320
0.255407 0.187355 1.879121 0.477522 -0.097214 0.866644 0.107009
0.255746 0.184594 1.882800 0.475239 -0.097905 0.867585 0.108904
0.256193 0.182323 1.886301 0.473387 -0.096948 0.868371 0.111524
0.257313 0.180010 1.890776 0.471124 -0.095543 0.869491 0.113571
0.258535 0.177228 1.894549 0.469077 -0.095709 0.870279 0.115851
0.259648 0.174556 1.897575 0.467400 -0.096332 0.870804 0.118141
0.260761 0.172733 1.901506 0.465521 -0.093637 0.871738 0.120813
0.261896 0.170717 1.906363 0.462558 -0.092480 0.873364 0.121339
0.262892 0.168475 1.910474 0.459924 -0.092467 0.874644 0.122135
0.263759 0.166409 1.913841 0.457763 -0.092524 0.875608 0.123298
0.265184 0.164682 1.918203 0.455149 -0.090059 0.877010 0.124831
0.266827 0.162186 1.922127 0.452701 -0.089706 0.878092 0.126365
0.268347 0.159571 1.925286 0.450767 -0.090115 0.878780 0.128191
0.269933 0.157472 1.928367 0.449179 -0.089174 0.879286 0.130925
0.272151 0.155562 1.932785 0.446985 -0.087492 0.880246 0.133103
0.274163 0.153114 1.936639 0.445039 -0.087458 0.880921 0.135160
0.275894 0.150708 1.939778 0.443502 -0.087936 0.881343 0.137146
0.278181 0.148973 1.943113 0.442204 -0.086283 0.881841 0.139168
0.281114 0.146816 1.946465 0.441017 -0.085218 0.882276 0.140824
0.283792 0.144309 1.949145 0.440220 -0.085213 0.882357 0.142801
0.286112 0.141960 1.951316 0.439667 -0.085494 0.882293 0.144717
0.289484 0.140068 1.954649 0.438533 -0.084446 0.882752 0.145967
0.292827 0.137305 1.957737 0.437486 -0.085093 0.882973 0.147387
0.295726 0.134384 1.960247 0.436764 -0.086336 0.882927 0.149075
0.298619 0.132057 1.962489 0.436426 -0.086560 0.882830 0.150503
0.302773 0.130467 1.964797 0.436700 -0.084815 0.882801 0.150870
0.306594 0.128552 1.966514 0.437220 -0.083939 0.882471 0.151781
0.309840 0.126684 1.967844 0.437778 -0.083520 0.882054 0.152827
0.313746 0.125400 1.969671 0.438306 -0.081841 0.881826 0.153536
0.318327 0.123477 1.971723 0.438806 -0.080862 0.881550 0.154207
0.322356 0.121037 1.973330 0.439443 -0.080961 0.881010 0.155427
0.325754 0.118673 1.974633 0.440054 -0.081415 0.880443 0.156670
0.330420 0.117285 1.976422 0.440376 -0.081105 0.880382 0.156264
0.335001 0.115733 1.977668 0.440966 -0.081003 0.880076 0.156376
0.338933 0.114181 1.978521 0.441684 -0.081051 0.879623 0.156877
0.342491 0.112976 1.979331 0.442217 -0.080625 0.879434 0.156649
0.346803 0.111753 1.980287 0.442487 -0.079479 0.879712 0.154906
0.350777 0.109956 1.980825 0.443096 -0.079184 0.879529 0.154353
0.354165 0.108101 1.981176 0.443768 -0.079266 0.879186 0.154336
0.357814 0.106734 1.981624 0.444478 -0.078774 0.879001 0.153595
0.361903 0.105352 1.981810 0.445477 -0.078096 0.878657 0.153015
0.365501 0.103856 1.981744 0.446582 -0.077759 0.878115 0.153077
0.368513 0.102489 1.981631 0.447577 -0.077577 0.877582 0.153319
0.372313 0.101595 1.981920 0.447911 -0.077015 0.877793 0.151409
0.376125 0.100317 1.981817 0.448566 -0.076824 0.877646 0.150410
0.379442 0.098947 1.981544 0.449365 -0.076844 0.877290 0.150091
0.382484 0.097812 1.981360 0.449979 -0.076860 0.877084 0.149449
0.386348 0.096861 1.981120 0.450410 -0.076649 0.877133 0.147967
0.389971 0.095677 1.980494 0.451255 -0.076569 0.876779 0.147530
0.393078 0.094527 1.979821 0.452151 -0.076544 0.876319 0.147530
0.396107 0.093654 1.979336 0.452633 -0.075863 0.876209 0.147058
0.399415 0.092594 1.978624 0.453178 -0.075045 0.876038 0.146817
0.402388 0.091385 1.977771 0.453956 -0.074538 0.875617 0.147185
0.404902 0.090252 1.976988 0.454711 -0.074200 0.875164 0.147716
0.407812 0.089429 1.976367 0.454847 -0.073144 0.875495 0.145847
0.410825 0.088227 1.975398 0.455397 -0.072409 0.875424 0.144926
0.413498 0.086930 1.974392 0.456123 -0.071981 0.875118 0.144703
0.415860 0.085774 1.973574 0.456685 -0.071588 0.874921 0.144317
0.418469 0.084424 1.972984 0.456855 -0.071207 0.875055 0.143146
0.420859 0.082734 1.972324 0.457239 -0.071339 0.874893 0.142848
0.422895 0.081069 1.971729 0.457662 -0.071668 0.874629 0.142943
0.424854 0.079751 1.971214 0.457571 -0.071851 0.874831 0.141904
0.427184 0.078651 1.970214 0.457641 -0.071643 0.874997 0.140762
0.429391 0.077669 1.969002 0.458125 -0.071303 0.874834 0.140362
0.431303 0.076853 1.967864 0.458692 -0.070936 0.874583 0.140263
0.433354 0.076107 1.967033 0.458768 -0.070983 0.874696 0.139282
0.435343 0.075124 1.966167 0.458981 -0.071225 0.874622 0.138926
0.437067 0.074122 1.965361 0.459290 -0.071508 0.874431 0.138961
0.438588 0.073268 1.964702 0.459534 -0.071514 0.874312 0.138899
0.440431 0.072320 1.964032 0.459721 -0.070814 0.874347 0.138416
0.442024 0.070707 1.963540 0.459685 -0.071540 0.874251 0.138772
0.443303 0.069085 1.963206 0.459730 -0.072086 0.874139 0.139044
0.444262 0.067943 1.962981 0.459513 -0.072188 0.874467 0.137641
0.445440 0.066656 1.962604 0.459125 -0.072704 0.874971 0.135436
0.446823 0.065331 1.961886 0.459355 -0.073160 0.874965 0.134452
0.447996 0.064109 1.961232 0.459532 -0.073687 0.874922 0.133838
0.449182 0.062453 1.960858 0.459227 -0.073875 0.875176 0.133117
0.450653 0.060001 1.960279 0.459202 -0.074779 0.875068 0.133411
0.451895 0.057360 1.959844 0.459041 -0.076250 0.874935 0.134001
0.453006 0.054857 1.959475 0.459009 -0.077642 0.874759 0.134455
0.454138 0.052000 1.959134 0.458974 -0.078836 0.874777 0.133768
0.455095 0.048887 1.958955 0.458829 -0.080591 0.874706 0.133680
0.455910 0.045940 1.958827 0.458725 -0.082420 0.874544 0.133982
0.456684 0.043105 1.958759 0.458700 -0.083558 0.874355 0.134594
0.457291 0.039620 1.958815 0.458602 -0.084597 0.874149 0.135613
0.457631 0.035985 1.958958 0.458419 -0.085963 0.873898 0.136981
0.457868 0.032632 1.959130 0.458223 -0.087415 0.873636 0.138388
0.458170 0.028763 1.959485 0.457909 -0.088853 0.873519 0.139244
0.458624 0.023787 1.959910 0.457466 -0.091935 0.873191 0.140750
0.459035 0.018694 1.960330 0.456996 -0.095541 0.872719 0.142792
0.459372 0.013965 1.960764 0.456562 -0.098886 0.872236 0.144834
0.459782 0.008796 1.961358 0.456234 -0.102109 0.871751 0.146538
0.460233 0.003335 1.961917 0.455876 -0.106251 0.871068 0.148761
0.460632 -0.001725 1.962397 0.455568 -0.110138 0.870322 0.151215
0.460977 -0.006459 1.962917 0.455309 -0.113428 0.869651 0.153413
0.461409 -0.011889 1.963512 0.455191 -0.117088 0.868746 0.156116
0.461806 -0.017283 1.964031 0.454994 -0.121098 0.867773 0.159016
0.462150 -0.022147 1.964473 0.454855 -0.124853 0.866787 0.161862
0.462557 -0.027188 1.964990 0.454650 -0.128059 0.865983 0.164217
0.463050 -0.032822 1.965465 0.454393 -0.131889 0.865015 0.166978
0.463471 -0.038169 1.965863 0.454113 -0.135789 0.864010 0.169795
0.463828 -0.042930 1.966199 0.453859 -0.139247 0.863095 0.172308
0.464256 -0.048377 1.966471 0.453601 -0.142392 0.862208 0.174835
0.464649 -0.053997 1.966677 0.453311 -0.145933 0.861179 0.177718
0.464971 -0.059085 1.966835 0.453041 -0.149338 0.860174 0.180420
0.465308 -0.063781 1.966973 0.452849 -0.152241 0.859212 0.183047
0.465733 -0.068958 1.967090 0.452696 -0.155108 0.858116 0.186131
0.466095 -0.073834 1.967159 0.452540 -0.158023 0.857020 0.189086
0.466401 -0.078049 1.967183 0.452432 -0.160651 0.856018 0.191651
0.466784 -0.082587 1.967338 0.452302 -0.162928 0.855160 0.193853
0.467186 -0.087712 1.967499 0.452153 -0.165526 0.854175 0.196323
0.467507 -0.092468 1.967605 0.451999 -0.168177 0.853189 0.198699
0.467798 -0.096616 1.967686 0.451891 -0.170560 0.852257 0.200905
0.468280 -0.101304 1.967864 0.451841 -0.173107 0.851016 0.204075
0.468716 -0.105895 1.967960 0.451819 -0.175721 0.849744 0.207163
0.469067 -0.109910 1.967998 0.451830 -0.178081 0.848583 0.209869
0.469442 -0.113767 1.968082 0.451732 -0.180202 0.847619 0.212153
0.469950 -0.118609 1.968203 0.451326 -0.182831 0.846768 0.214152
0.470375 -0.123286 1.968239 0.451011 -0.185503 0.845797 0.216342
0.470719 -0.127333 1.968221 0.450818 -0.187814 0.844870 0.218365
0.471186 -0.131723 1.968334 0.450621 -0.190102 0.843863 0.220676
0.471704 -0.136568 1.968389 0.450564 -0.192563 0.842629 0.223356
0.472126 -0.140926 1.968353 0.450597 -0.194804 0.841427 0.225865
0.472506 -0.144693 1.968317 0.450637 -0.196780 0.840320 0.228182
0.473173 -0.149451 1.968603 0.450437 -0.199411 0.838839 0.231709
0.473772 -0.154069 1.968794 0.450197 -0.202030 0.837526 0.234643
0.474267 -0.158096 1.968903 0.449988 -0.204492 0.836344 0.237114
0.474768 -0.161969 1.969124 0.449825 -0.206766 0.835165 0.239593
0.475385 -0.166840 1.969482 0.449719 -0.209514 0.833789 0.242184
0.475920 -0.171303 1.969676 0.449742 -0.211921 0.832483 0.244528
0.476360 -0.175053 1.969794 0.449821 -0.213896 0.831327 0.246586
0.476919 -0.178885 1.969909 0.449513 -0.216396 0.830307 0.248398
0.477498 -0.182758 1.969950 0.449058 -0.218997 0.829411 0.249929
0.477980 -0.186059 1.969930 0.448755 -0.221119 0.828603 0.251283
0.478408 -0.188858 1.969907 0.448565 -0.222856 0.827835 0.252612
0.479002 -0.192615 1.970146 0.448242 -0.225129 0.826707 0.254857
0.479549 -0.196218 1.970273 0.448095 -0.227055 0.825668 0.256765
0.480006 -0.199257 1.970329 0.448038 -0.228617 0.824753 0.258416
0.480440 -0.202188 1.970498 0.447989 -0.230195 0.823767 0.260240
0.480899 -0.205822 1.970827 0.448064 -0.232021 0.822562 0.262294
0.481311 -0.209043 1.971013 0.448286 -0.233457 0.821468 0.264060
0.481652 -0.211719 1.971138 0.448513 -0.234625 0.820515 0.265601
0.482180 -0.214720 1.971467 0.448562 -0.236471 0.819104 0.268221
0.482749 -0.217824 1.971782 0.448701 -0.238222 0.817661 0.270828
0.483226 -0.220416 1.972003 0.448889 -0.239571 0.816447 0.272981
0.483651 -0.222607 1.972185 0.449097 -0.240673 0.815318 0.275035
0.484340 -0.225586 1.972496 0.449178 -0.242476 0.813348 0.279124
0.484918 -0.228332 1.972723 0.449318 -0.243840 0.811708 0.282463
0.485385 -0.230622 1.972891 0.449462 -0.244951 0.810342 0.285182
0.485816 -0.232815 1.973106 0.449456 -0.246318 0.809101 0.287527
0.486225 -0.235505 1.973414 0.449294 -0.248248 0.807874 0.289565
0.486556 -0.237866 1.973612 0.449275 -0.249754 0.806820 0.291230
0.486820 -0.239830 1.973759 0.449295 -0.250973 0.805924 0.292632
0.487140 -0.242000 1.973988 0.449786 -0.251543 0.804434 0.295472
0.487344 -0.244366 1.974255 0.450421 -0.251843 0.802929 0.298330
0.487481 -0.246423 1.974456 0.450972 -0.252107 0.801663 0.300672
0.487577 -0.248159 1.974624 0.451378 -0.252428 0.800605 0.302604
0.487691 -0.249964 1.974757 0.451146 -0.253672 0.799777 0.304096
0.487751 -0.251620 1.974836 0.450854 -0.254914 0.799073 0.305340
0.487770 -0.253037 1.974895 0.450619 -0.255960 0.798463 0.306406
0.487808 -0.254293 1.974959 0.450490 -0.256868 0.797770 0.307636
0.487858 -0.255510 1.975105 0.450349 -0.257853 0.796982 0.309057
0.487866 -0.256544 1.975242 0.450232 -0.258686 0.796341 0.310185
0.487855 -0.257407 1.975357 0.450143 -0.259378 0.795809 0.311099
0.487766 -0.258159 1.975365 0.450272 -0.259432 0.795254 0.312285
0.487587 -0.258918 1.975342 0.450382 -0.259322 0.794767 0.313454
0.487392 -0.259626 1.975334 0.450420 -0.259330 0.794361 0.314419
0.487200 -0.260261 1.975330 0.450440 -0.259360 0.793988 0.315308
0.486965 -0.261066 1.975217 0.450504 -0.259110 0.793354 0.317013
0.486702 -0.261933 1.975091 0.450458 -0.259077 0.792820 0.318438
0.486422 -0.262751 1.974996 0.450340 -0.259214 0.792369 0.319616
0.486058 -0.263434 1.974818 0.450193 -0.259409 0.792071 0.320400
0.485559 -0.264038 1.974389 0.449845 -0.260109 0.791908 0.320725
0.485169 -0.264554 1.973975 0.449597 -0.260699 0.791740 0.321008
0.484866 -0.264951 1.973620 0.449423 -0.261153 0.791601 0.321225
0.484016 -0.265209 1.973516 0.449126 -0.260884 0.791382 0.322396
0.482732 -0.265553 1.973837 0.448361 -0.260875 0.791338 0.323575
0.481471 -0.265986 1.974290 0.447495 -0.261141 0.791351 0.324526
0.480291 -0.266431 1.974745 0.446686 -0.261418 0.791321 0.325488
0.478368 -0.266238 1.975620 0.445371 -0.260324 0.791331 0.328133
0.476694 -0.265692 1.976665 0.443978 -0.259330 0.791716 0.329875
0.475332 -0.265080 1.977608 0.442772 -0.258469 0.792157 0.331109
0.473654 -0.264374 1.978440 0.441632 -0.257029 0.792456 0.333032
0.470839 -0.263499 1.979554 0.439813 -0.255151 0.792918 0.335775
0.468267 -0.262828 1.980757 0.437957 -0.253934 0.793436 0.337889
0.466583 -0.262098 1.981297 0.437466 -0.252081 0.793393 0.340011
0.464049 -0.260832 1.981667 0.436550 -0.249776 0.793419 0.342815
0.461103 -0.258998 1.982510 0.434824 -0.247904 0.794086 0.344819
0.458714 -0.257163 1.983339 0.433280 -0.246248 0.794887 0.346100
0.456837 -0.255377 1.983959 0.432402 -0.244211 0.795471 0.347296
0.454221 -0.251944 1.983319 0.433292 -0.239505 0.795442 0.349525
0.451236 -0.248444 1.983736 0.431959 -0.236975 0.796678 0.350083
0.448077 -0.245622 1.984924 0.429572 -0.235847 0.798372 0.349922
0.444699 -0.242906 1.985799 0.427719 -0.234284 0.799871 0.349821
0.439925 -0.239011 1.986609 0.424894 -0.233197 0.801993 0.349128
0.435121 -0.235640 1.988360 0.420962 -0.233419 0.804540 0.347882
0.430783 -0.232962 1.990160 0.417254 -0.233959 0.806805 0.346739
0.425551 -0.229701 1.991138 0.414512 -0.233667 0.808547 0.346169
0.419969 -0.225031 1.992032 0.412210 -0.231997 0.810682 0.345045
0.415354 -0.220493 1.993077 0.409986 -0.230240 0.812984 0.343450
0.411523 -0.216548 1.993975 0.408043 -0.228768 0.815015 0.341930
0.406065 -0.211309 1.994055 0.406683 -0.227065 0.816505 0.341130
0.400364 -0.205067 1.994638 0.404776 -0.225169 0.818839 0.339056
0.395361 -0.199203 1.995457 0.402699 -0.223390 0.821408 0.336479
