0.264994 0.178720 1.850797 0.494904 -0.146052 0.849544 0.109611
0.264833 0.176926 1.854930 0.492495 -0.142702 0.850603 0.116445
0.264774 0.175420 1.858639 0.490558 -0.138575 0.851394 0.123605
0.265135 0.173710 1.863503 0.487923 -0.134849 0.852784 0.128478
0.265604 0.171447 1.867789 0.485818 -0.132024 0.853421 0.134992
0.266069 0.169216 1.871293 0.484284 -0.129350 0.853514 0.142308
0.266734 0.167556 1.874897 0.482730 -0.125818 0.853833 0.148692
0.267827 0.165982 1.879530 0.480614 -0.122287 0.854645 0.153748
0.268835 0.164065 1.883527 0.478693 -0.120539 0.855201 0.157970
0.269717 0.162216 1.886807 0.477077 -0.119582 0.855568 0.161556
0.271014 0.160733 1.890391 0.475645 -0.116931 0.855973 0.165525
0.272806 0.158587 1.894291 0.474145 -0.115582 0.856364 0.168727
0.274479 0.156067 1.897544 0.472945 -0.115582 0.856425 0.171753
0.275938 0.153676 1.900190 0.472000 -0.116029 0.856342 0.174447
0.278416 0.152326 1.903491 0.470955 -0.113509 0.856619 0.177543
0.281257 0.150673 1.906635 0.469961 -0.111887 0.856839 0.180123
0.283783 0.148798 1.909176 0.469245 -0.111215 0.856786 0.182643
0.285975 0.147084 1.911295 0.468684 -0.110754 0.856663 0.184925
0.288919 0.146309 1.914441 0.467435 -0.108076 0.857510 0.185743
0.291695 0.145079 1.917322 0.466276 -0.106695 0.858176 0.186378
0.294083 0.143684 1.919689 0.465392 -0.106058 0.858555 0.187204
0.296329 0.142516 1.921912 0.464558 -0.105162 0.858897 0.188213
0.299487 0.141280 1.925233 0.463004 -0.103767 0.859770 0.188826
0.302430 0.139209 1.928128 0.461796 -0.103947 0.860176 0.189832
0.304977 0.136988 1.930502 0.460918 -0.104692 0.860286 0.191054
0.307854 0.135317 1.932928 0.460249 -0.104459 0.860539 0.191657
0.311876 0.133566 1.935911 0.459688 -0.103711 0.861005 0.191313
0.315496 0.131132 1.938394 0.459418 -0.104210 0.861008 0.191677
0.318575 0.128655 1.940427 0.459304 -0.105136 0.860810 0.192332
0.322033 0.127095 1.942791 0.458967 -0.104778 0.860952 0.192697
0.325827 0.126022 1.945315 0.458403 -0.103797 0.861399 0.192575
0.329080 0.124853 1.947349 0.458040 -0.103240 0.861620 0.192748
0.331796 0.123770 1.949000 0.457797 -0.102886 0.861729 0.193026
0.335282 0.123159 1.951102 0.457182 -0.100935 0.862475 0.192182
0.338997 0.121707 1.953043 0.456753 -0.099838 0.862905 0.191848
0.342261 0.119794 1.954585 0.456612 -0.099683 0.862926 0.192165
0.345064 0.117925 1.955876 0.456577 -0.099841 0.862815 0.192665
0.348840 0.116630 1.957991 0.456147 -0.098895 0.863195 0.192469
0.352335 0.114790 1.959894 0.455818 -0.098815 0.863340 0.192640
0.355297 0.112816 1.961463 0.455643 -0.099209 0.863279 0.193120
0.357994 0.111148 1.962867 0.455500 -0.099444 0.863301 0.193238
0.361663 0.110008 1.964407 0.455366 -0.098468 0.863753 0.192034
0.365041 0.108523 1.965511 0.455532 -0.098022 0.863807 0.191624
0.367923 0.107017 1.966353 0.455799 -0.097895 0.863686 0.191599
0.370878 0.106000 1.967277 0.455894 -0.097062 0.863798 0.191295
0.374766 0.105353 1.968199 0.455902 -0.094999 0.864138 0.190770
0.378317 0.104381 1.968687 0.456254 -0.093545 0.864068 0.190963
0.381347 0.103366 1.968993 0.456686 -0.092513 0.863856 0.191394
0.384672 0.102577 1.969619 0.456850 -0.091016 0.863907 0.191490
0.388466 0.101093 1.970310 0.457019 -0.089963 0.863827 0.191943
0.391825 0.099096 1.970768 0.457406 -0.089794 0.863413 0.192961
0.394657 0.097083 1.971127 0.457812 -0.089997 0.862928 0.194072
0.398189 0.095852 1.971700 0.458245 -0.088894 0.862894 0.193708
0.401868 0.094632 1.972001 0.458910 -0.087592 0.862723 0.193490
0.405050 0.093357 1.972105 0.459647 -0.086698 0.862382 0.193665
0.407730 0.092215 1.972163 0.460299 -0.086019 0.862054 0.193877
0.411144 0.091289 1.972309 0.460664 -0.084370 0.862238 0.192919
0.414529 0.089761 1.972078 0.461386 -0.083360 0.861944 0.192940
0.417488 0.088062 1.971746 0.462196 -0.082879 0.861446 0.193430
0.420092 0.086517 1.971513 0.462844 -0.082597 0.861029 0.193857
0.423096 0.085020 1.971550 0.463055 -0.082082 0.860904 0.194130
0.425822 0.083232 1.971424 0.463435 -0.082025 0.860528 0.194913
0.428138 0.081489 1.971271 0.463835 -0.082178 0.860090 0.195828
0.430246 0.080385 1.971137 0.464007 -0.081453 0.860175 0.195352
0.432695 0.079325 1.970848 0.464091 -0.080929 0.860514 0.193872
0.434336 0.077916 1.970955 0.463721 -0.081591 0.860998 0.192324
0.435869 0.076801 1.971018 0.463550 -0.081589 0.861309 0.191342
0.438033 0.075908 1.970694 0.463740 -0.081151 0.861462 0.190376
0.440389 0.075015 1.970248 0.463626 -0.080697 0.861923 0.188755
0.442466 0.074148 1.969765 0.463729 -0.080245 0.862109 0.187842
0.444324 0.073299 1.969189 0.463993 -0.079975 0.862097 0.187359
0.446090 0.072315 1.969058 0.463909 -0.080347 0.862492 0.185577
0.448292 0.070745 1.968478 0.464715 -0.080681 0.862105 0.185219
0.449977 0.068976 1.968151 0.465048 -0.081682 0.861934 0.184738
0.451141 0.067295 1.968172 0.464981 -0.082847 0.861972 0.184211
0.452750 0.065337 1.967995 0.464844 -0.084088 0.862122 0.183290
0.454619 0.063005 1.967336 0.465244 -0.085205 0.861748 0.183519
0.456444 0.060666 1.966485 0.465976 -0.086329 0.861051 0.184401
0.458097 0.058562 1.965759 0.466612 -0.087314 0.860463 0.185077
0.459988 0.055698 1.965145 0.466871 -0.088786 0.860169 0.185085
0.460763 0.051928 1.965366 0.466186 -0.091703 0.860223 0.185143
0.461261 0.048107 1.965764 0.465501 -0.094639 0.860194 0.185526
0.461728 0.044435 1.966230 0.464791 -0.097503 0.860254 0.185540
0.462389 0.040195 1.966869 0.463962 -0.100569 0.860445 0.185094
0.462993 0.035719 1.967524 0.463202 -0.104068 0.860400 0.185276
0.463515 0.031518 1.968097 0.462579 -0.107329 0.860209 0.185853
0.464003 0.027389 1.968651 0.461919 -0.110583 0.860032 0.186405
0.464557 0.022560 1.969183 0.461183 -0.114416 0.859748 0.187222
0.465056 0.017722 1.969680 0.460539 -0.118309 0.859298 0.188450
0.465492 0.013291 1.970129 0.460020 -0.121916 0.858763 0.189858
0.466032 0.008615 1.970593 0.459691 -0.124465 0.858133 0.191835
0.466638 0.002852 1.971121 0.459392 -0.127572 0.857250 0.194439
0.467155 -0.002930 1.971598 0.459089 -0.131022 0.856285 0.197098
0.467600 -0.008187 1.972015 0.458846 -0.134334 0.855320 0.199603
0.468084 -0.013836 1.972265 0.458310 -0.138390 0.854628 0.201025
0.468563 -0.019763 1.972389 0.457781 -0.142693 0.853817 0.202659
0.469006 -0.025389 1.972453 0.457498 -0.147087 0.852727 0.204737
0.469406 -0.030331 1.972463 0.457342 -0.150764 0.851717 0.206610
0.469838 -0.035801 1.972699 0.457458 -0.154681 0.850494 0.208483
0.470298 -0.041403 1.972820 0.457763 -0.158683 0.849037 0.210738
0.470716 -0.046534 1.972852 0.458130 -0.162501 0.847531 0.213076
0.471112 -0.051230 1.972881 0.458302 -0.166058 0.846271 0.214965
0.471702 -0.056982 1.972914 0.458106 -0.170229 0.845126 0.216616
0.472252 -0.062888 1.972827 0.458051 -0.174582 0.843712 0.218773
0.472715 -0.068203 1.972669 0.458096 -0.178454 0.842309 0.220945
0.473222 -0.073279 1.972590 0.458115 -0.182053 0.841070 0.222684
0.473862 -0.079156 1.972637 0.458151 -0.186163 0.839676 0.224468
0.474430 -0.084762 1.972563 0.458322 -0.190027 0.838174 0.226484
0.474914 -0.089648 1.972410 0.458573 -0.193332 0.836755 0.228419
0.475625 -0.094550 1.972308 0.458875 -0.196100 0.835049 0.231670
0.476374 -0.099987 1.972260 0.459061 -0.199131 0.833176 0.235429
0.476991 -0.104874 1.972128 0.459294 -0.201542 0.831538 0.238692
0.477515 -0.109109 1.971965 0.459554 -0.203920 0.829973 0.241604
0.478171 -0.114083 1.972028 0.459451 -0.207271 0.828529 0.243894
0.478832 -0.119503 1.971989 0.459519 -0.210763 0.826885 0.246340
0.479403 -0.124406 1.971817 0.459745 -0.213785 0.825262 0.248746
0.479912 -0.128694 1.971621 0.459986 -0.216515 0.823759 0.250911
0.480644 -0.134020 1.971749 0.459910 -0.220379 0.822188 0.252828
0.481379 -0.139333 1.971667 0.460151 -0.223786 0.820484 0.254927
0.482013 -0.143980 1.971467 0.460500 -0.226639 0.818874 0.256944
0.482636 -0.148192 1.971269 0.460800 -0.229255 0.817300 0.259088
0.483382 -0.153416 1.971160 0.460845 -0.232267 0.815496 0.261992
0.483997 -0.158441 1.970925 0.461018 -0.235003 0.813719 0.264757
0.484520 -0.162817 1.970587 0.461316 -0.237314 0.812052 0.267287
0.485207 -0.167088 1.970414 0.461391 -0.240462 0.810220 0.269889
0.486161 -0.171850 1.970442 0.461313 -0.244450 0.808138 0.272667
0.487012 -0.176015 1.970323 0.461470 -0.247593 0.806240 0.275173
0.487743 -0.179496 1.970134 0.461722 -0.250107 0.804561 0.277381
0.488764 -0.183279 1.969897 0.461897 -0.252927 0.802499 0.280487
0.489718 -0.187656 1.969713 0.461801 -0.256047 0.800394 0.283812
0.490505 -0.191589 1.969431 0.461899 -0.258597 0.798471 0.286741
0.491190 -0.194917 1.969076 0.462135 -0.260639 0.796746 0.289299
0.492163 -0.199177 1.968902 0.462351 -0.263145 0.794082 0.293972
0.492918 -0.203764 1.968804 0.462473 -0.265461 0.791609 0.298334
0.493545 -0.207772 1.968617 0.462716 -0.267291 0.789463 0.301990
0.494111 -0.211196 1.968402 0.462961 -0.268938 0.787580 0.305052
0.494807 -0.215541 1.968558 0.462618 -0.272502 0.785508 0.307740
0.495407 -0.219599 1.968618 0.462579 -0.275157 0.783673 0.310105
0.495916 -0.223030 1.968604 0.462607 -0.277384 0.782096 0.312056
0.496420 -0.226031 1.968513 0.462639 -0.279406 0.780651 0.313818
0.496929 -0.229373 1.968441 0.462263 -0.281825 0.779229 0.315737
0.497291 -0.232362 1.968362 0.462051 -0.283558 0.778025 0.317461
0.497590 -0.234904 1.968271 0.461870 -0.285169 0.776989 0.318815
0.498133 -0.237344 1.967981 0.462067 -0.286451 0.775514 0.320964
0.498665 -0.240340 1.967732 0.462107 -0.288037 0.773574 0.324151
0.499023 -0.243108 1.967505 0.462164 -0.289468 0.771907 0.326759
0.499379 -0.245458 1.967181 0.462373 -0.290618 0.770414 0.328959
0.499920 -0.247841 1.966793 0.462428 -0.291950 0.768808 0.331450
0.500364 -0.250410 1.966500 0.462177 -0.293408 0.767324 0.333943
0.500713 -0.252684 1.966184 0.462049 -0.294593 0.766043 0.336012
0.501040 -0.254597 1.965823 0.462051 -0.295527 0.764910 0.337766
0.501611 -0.256246 1.965488 0.462086 -0.296525 0.763551 0.339910
0.501968 -0.257687 1.965445 0.461764 -0.297800 0.762421 0.341764
0.502248 -0.258889 1.965428 0.461518 -0.298855 0.761506 0.343214
0.502532 -0.259850 1.965342 0.461427 -0.299583 0.760726 0.344427
0.502949 -0.260553 1.964909 0.461564 -0.299490 0.759859 0.346235
0.503094 -0.261304 1.964692 0.461363 -0.299775 0.759149 0.347810
0.503215 -0.261957 1.964487 0.461231 -0.299956 0.758610 0.349004
0.503385 -0.262453 1.964150 0.461287 -0.299726 0.758138 0.350151
0.503529 -0.262972 1.963503 0.461267 -0.299210 0.757515 0.351960
0.503535 -0.263601 1.962962 0.461108 -0.299013 0.756988 0.353468
0.503594 -0.264138 1.962403 0.461073 -0.298710 0.756578 0.354646
0.503184 -0.264611 1.962013 0.460130 -0.299480 0.756643 0.355083
0.502641 -0.264443 1.961703 0.458842 -0.300152 0.757002 0.355417
0.502407 -0.263899 1.961377 0.458058 -0.299969 0.757371 0.355794
0.502352 -0.263203 1.961075 0.457509 -0.299531 0.757793 0.355973
0.501445 -0.262474 1.961048 0.456086 -0.299552 0.758265 0.356776
0.500768 -0.260782 1.960942 0.455241 -0.297118 0.758981 0.358364
0.500620 -0.258788 1.960649 0.454844 -0.294484 0.759731 0.359451
0.500566 -0.257116 1.960304 0.454517 -0.292782 0.760105 0.360463
0.498429 -0.255870 1.960488 0.452263 -0.292287 0.760640 0.362565
0.496471 -0.253988 1.960854 0.450330 -0.290030 0.761617 0.364726
0.494987 -0.252098 1.961168 0.448768 -0.287912 0.762571 0.366332
0.493746 -0.250376 1.961395 0.447581 -0.285884 0.763258 0.367940
0.490431 -0.248173 1.962315 0.445398 -0.283622 0.763840 0.371116
0.487099 -0.245683 1.964041 0.442128 -0.282589 0.765798 0.371780
0.484196 -0.243354 1.965808 0.439089 -0.281760 0.767786 0.371909
0.481175 -0.241243 1.967280 0.436661 -0.280610 0.769019 0.373089
0.476085 -0.238123 1.969077 0.433755 -0.279273 0.769915 0.375623
0.471578 -0.234502 1.971385 0.430381 -0.278160 0.771968 0.376119
0.467830 -0.231087 1.973507 0.427387 -0.277056 0.774052 0.376063
0.463504 -0.227923 1.975107 0.424943 -0.275782 0.775288 0.377223
0.457373 -0.223964 1.977042 0.421805 -0.275607 0.776793 0.377773
0.452075 -0.219628 1.979334 0.418551 -0.275225 0.779123 0.376874
0.447683 -0.215659 1.981376 0.415702 -0.274713 0.781410 0.375663
0.442170 -0.211790 1.983090 0.412964 -0.272866 0.782893 0.376939
0.435107 -0.207529 1.985205 0.409192 -0.271725 0.784990 0.377515
0.428842 -0.203106 1.987358 0.405750 -0.271387 0.787416 0.376421
0.423738 -0.198589 1.989281 0.402872 -0.270857 0.789955 0.374567
0.417159 -0.193800 1.991234 0.399715 -0.267290 0.791682 0.376861
0.409476 -0.189268 1.993511 0.395430 -0.265212 0.794137 0.377682
0.402526 -0.185076 1.995585 0.391660 -0.264576 0.796581 0.376910
0.396728 -0.180739 1.997305 0.388830 -0.264179 0.798897 0.375214
0.389497 -0.175810 1.998981 0.385554 -0.260547 0.800196 0.378349
0.382016 -0.171439 2.000385 0.381913 -0.258695 0.801958 0.379583
0.375272 -0.167607 2.001332 0.379032 -0.258285 0.803557 0.379370
0.369344 -0.163608 2.002080 0.376899 -0.257617 0.804849 0.379208
0.361651 -0.158677 2.003212 0.372715 -0.254718 0.806454 0.381884
0.354038 -0.154102 2.004055 0.368525 -0.253226 0.808546 0.382517
0.347332 -0.149944 2.004536 0.365304 -0.252792 0.810503 0.381750
0.341113 -0.145655 2.004840 0.362923 -0.252086 0.811625 0.382107
0.333809 -0.141132 2.004910 0.359691 -0.251210 0.812450 0.383979
0.327016 -0.137013 2.004597 0.357007 -0.251191 0.813546 0.384178
0.321302 -0.132982 2.004216 0.355201 -0.251441 0.814825 0.382976
0.315335 -0.128503 2.003600 0.353692 -0.250881 0.814690 0.385020
0.309027 -0.123107 2.002641 0.351378 -0.249455 0.814842 0.387735
0.303943 -0.117262 2.001801 0.349739 -0.247487 0.815841 0.388377
0.299855 -0.111194 2.001082 0.348742 -0.245201 0.817421 0.387400
0.295178 -0.104994 1.999884 0.347763 -0.243261 0.817773 0.388759
0.290894 -0.098298 1.998457 0.346724 -0.240852 0.818709 0.389216
