0.304072 0.229927 1.704131 0.604336 -0.151576 0.782174 0.002360
0.303111 0.230355 1.706893 0.603513 -0.144410 0.784127 0.007892
0.302308 0.230679 1.709196 0.602833 -0.138232 0.785694 0.013023
0.301916 0.231177 1.711392 0.602434 -0.131344 0.787075 0.018296
0.302014 0.231538 1.713792 0.602175 -0.124165 0.788284 0.024001
0.302206 0.231549 1.715897 0.601831 -0.118839 0.789207 0.028795
0.302424 0.231417 1.717642 0.601475 -0.114890 0.789912 0.032651
0.303063 0.231583 1.719626 0.601303 -0.109038 0.790635 0.037963
0.304219 0.231449 1.722423 0.600701 -0.103739 0.791560 0.042779
0.305334 0.230827 1.725021 0.600006 -0.100543 0.792285 0.046560
0.306334 0.230080 1.727224 0.599381 -0.098440 0.792835 0.049644
0.307860 0.229829 1.729286 0.599317 -0.094975 0.793069 0.053292
0.310116 0.229531 1.731523 0.599547 -0.091885 0.793030 0.056592
0.312189 0.228796 1.733533 0.599680 -0.090263 0.792915 0.059345
0.313993 0.227961 1.735230 0.599776 -0.089364 0.792770 0.061634
0.316168 0.227874 1.736955 0.599987 -0.086845 0.792700 0.064023
0.318795 0.228264 1.738957 0.600099 -0.083878 0.792802 0.065648
0.321080 0.228328 1.740771 0.600112 -0.081994 0.792886 0.066885
0.323020 0.228246 1.742318 0.600099 -0.080737 0.792941 0.067880
0.325337 0.228593 1.743928 0.600151 -0.078111 0.793068 0.069001
0.328262 0.228706 1.745855 0.600150 -0.075730 0.793222 0.069891
0.330917 0.228229 1.747616 0.600127 -0.074694 0.793255 0.070814
0.333218 0.227558 1.749124 0.600114 -0.074284 0.793225 0.071689
0.335757 0.227240 1.750722 0.600025 -0.072804 0.793356 0.072499
0.338705 0.226561 1.752711 0.599706 -0.071749 0.793638 0.073102
0.341367 0.225390 1.754540 0.599419 -0.071815 0.793782 0.073826
0.343668 0.224138 1.756107 0.599189 -0.072290 0.793843 0.074564
0.346384 0.223609 1.757518 0.599177 -0.071410 0.793936 0.074524
0.349674 0.223091 1.758997 0.599282 -0.070234 0.793991 0.074212
0.352625 0.222102 1.760335 0.599393 -0.070054 0.793918 0.074261
0.355162 0.221009 1.761488 0.599501 -0.070296 0.793797 0.074457
0.357979 0.220603 1.762458 0.599798 -0.069300 0.793689 0.074141
0.361124 0.220417 1.763338 0.600223 -0.067644 0.793544 0.073792
0.363880 0.219919 1.764112 0.600606 -0.066752 0.793336 0.073716
0.366218 0.219337 1.764784 0.600931 -0.066277 0.793128 0.073742
0.369094 0.219327 1.765408 0.601436 -0.065457 0.792919 0.072591
0.372627 0.219077 1.766150 0.602065 -0.064961 0.792593 0.071369
0.375796 0.218252 1.766862 0.602619 -0.065325 0.792196 0.070768
0.378518 0.217269 1.767503 0.603086 -0.066003 0.791810 0.070470
0.381561 0.217015 1.767916 0.603682 -0.065076 0.791522 0.069475
0.385036 0.216868 1.768023 0.604502 -0.063213 0.791105 0.068816
0.388126 0.216318 1.768043 0.605296 -0.062139 0.790591 0.068706
0.390764 0.215649 1.768064 0.605983 -0.061533 0.790106 0.068779
0.393684 0.215417 1.767946 0.606966 -0.060710 0.789528 0.067475
0.396961 0.214903 1.767769 0.608199 -0.060006 0.788731 0.066314
0.399874 0.213948 1.767665 0.609269 -0.060053 0.787947 0.065759
0.402362 0.212901 1.767627 0.610151 -0.060423 0.787261 0.065468
0.405304 0.212657 1.767445 0.611293 -0.059317 0.786554 0.064311
0.408690 0.212495 1.767092 0.612652 -0.057450 0.785708 0.063398
0.411681 0.211922 1.766776 0.613847 -0.056405 0.784880 0.063026
0.414227 0.211228 1.766541 0.614839 -0.055838 0.784157 0.062865
0.416731 0.210888 1.766140 0.615821 -0.055425 0.783545 0.061237
0.419266 0.210621 1.765428 0.616955 -0.054783 0.782819 0.059669
0.421474 0.210225 1.764726 0.617995 -0.054380 0.782100 0.058685
0.423336 0.209820 1.764127 0.618877 -0.054139 0.781472 0.057984
0.425363 0.209547 1.763510 0.619694 -0.054585 0.780919 0.056261
0.427636 0.208928 1.762739 0.620599 -0.055392 0.780232 0.055002
0.429687 0.208053 1.762006 0.621450 -0.056348 0.779528 0.054427
0.431107 0.207578 1.761500 0.621804 -0.056290 0.779347 0.053004
0.431661 0.208239 1.761381 0.621380 -0.055414 0.780059 0.048216
0.432071 0.209393 1.761291 0.620969 -0.054144 0.780779 0.043023
0.432398 0.210222 1.761244 0.620692 -0.053719 0.781241 0.038963
0.432632 0.210235 1.761276 0.620550 -0.054296 0.781442 0.036300
0.432896 0.210310 1.761472 0.620551 -0.055555 0.781534 0.032143
0.433159 0.210666 1.761642 0.620534 -0.056542 0.781678 0.026832
0.433354 0.211123 1.761781 0.620472 -0.057298 0.781818 0.022183
0.433514 0.211531 1.761917 0.620404 -0.058035 0.781918 0.018308
0.433725 0.211513 1.762062 0.620223 -0.060544 0.781982 0.012734
0.433908 0.211408 1.762000 0.619852 -0.062774 0.782179 0.006244
0.434006 0.211142 1.761952 0.619560 -0.064936 0.782258 0.001000
0.434084 0.210857 1.761912 0.619293 -0.066920 0.782296 -0.003391
0.434171 0.210445 1.762004 0.618929 -0.070780 0.782193 -0.009519
0.434250 0.210163 1.761963 0.618610 -0.074636 0.781982 -0.015991
0.434304 0.209835 1.761901 0.618323 -0.078124 0.781739 -0.021366
0.434348 0.209528 1.761834 0.618055 -0.081144 0.781508 -0.025868
0.434378 0.209048 1.761932 0.617642 -0.085859 0.781103 -0.031997
0.434393 0.208569 1.761939 0.617322 -0.090545 0.780548 -0.038212
0.434410 0.208040 1.761899 0.617014 -0.094748 0.780022 -0.043369
0.434424 0.207523 1.761844 0.616731 -0.098386 0.779547 -0.047638
0.434431 0.206854 1.762010 0.616255 -0.104358 0.778704 -0.054401
0.434422 0.206289 1.762089 0.616040 -0.110243 0.777553 -0.061263
0.434425 0.205708 1.762085 0.615772 -0.115517 0.776523 -0.067027
0.434424 0.205167 1.762055 0.615491 -0.120036 0.775630 -0.071834
0.434446 0.204346 1.762014 0.614838 -0.126859 0.774322 -0.079409
0.434428 0.203501 1.761783 0.614303 -0.133266 0.772839 -0.087130
0.434424 0.202690 1.761508 0.613779 -0.138941 0.771502 -0.093566
0.434433 0.201848 1.761219 0.613257 -0.143994 0.770329 -0.098861
0.434340 0.200904 1.761078 0.612595 -0.151735 0.768344 -0.106546
0.434219 0.200078 1.760897 0.612370 -0.159687 0.765862 -0.113831
0.434168 0.199384 1.760704 0.611982 -0.166710 0.763732 -0.119999
0.434128 0.198747 1.760524 0.611532 -0.172766 0.761916 -0.125155
0.434063 0.197944 1.760309 0.610644 -0.180663 0.759555 -0.132476
0.433962 0.196944 1.759941 0.609890 -0.188430 0.757033 -0.139385
0.433882 0.195979 1.759518 0.609263 -0.195075 0.754791 -0.145029
0.433820 0.195120 1.759099 0.608726 -0.200686 0.752843 -0.149685
0.433775 0.194366 1.758809 0.607683 -0.208311 0.750191 -0.156654
0.433699 0.193683 1.758567 0.606642 -0.216212 0.747253 -0.163864
0.433637 0.193110 1.758326 0.605738 -0.222903 0.744666 -0.169906
0.433590 0.192636 1.758109 0.604939 -0.228528 0.742440 -0.174949
0.433515 0.192257 1.757927 0.603622 -0.236446 0.739268 -0.182254
0.433392 0.191817 1.757751 0.602461 -0.244597 0.735838 -0.189091
0.433300 0.191397 1.757554 0.601487 -0.251463 0.732856 -0.194686
0.433227 0.191031 1.757366 0.600642 -0.257182 0.730309 -0.199337
0.433134 0.190693 1.757159 0.599067 -0.264717 0.726942 -0.206395
0.433043 0.190225 1.756941 0.597546 -0.272173 0.723507 -0.213068
0.432983 0.189768 1.756720 0.596249 -0.278468 0.720537 -0.218563
0.432938 0.189359 1.756515 0.595133 -0.283735 0.718002 -0.223121
0.432812 0.189336 1.756414 0.593161 -0.290881 0.714512 -0.230263
0.432715 0.189441 1.756580 0.590534 -0.299399 0.710573 -0.238151
0.432518 0.189719 1.757012 0.588224 -0.305815 0.707444 -0.244933
0.432324 0.189982 1.757425 0.586343 -0.310924 0.704855 -0.250416
0.431802 0.190380 1.757707 0.583487 -0.317221 0.701252 -0.259151
0.431273 0.190515 1.757799 0.580820 -0.323569 0.697618 -0.266982
0.430846 0.190548 1.757883 0.578680 -0.328604 0.694647 -0.273157
0.430477 0.190582 1.757997 0.576952 -0.332515 0.692240 -0.278141
0.429772 0.190955 1.758185 0.574066 -0.338452 0.688396 -0.286372
0.429117 0.191005 1.758291 0.571289 -0.345007 0.684455 -0.293464
0.428488 0.191207 1.758559 0.569000 -0.349860 0.681305 -0.299434
0.427946 0.191358 1.758763 0.567193 -0.353748 0.678686 -0.304202
0.427208 0.191688 1.759203 0.564556 -0.358876 0.675043 -0.311128
0.426552 0.191729 1.759620 0.562142 -0.364454 0.671329 -0.316996
0.426035 0.191639 1.759970 0.560215 -0.368948 0.668306 -0.321563
0.425592 0.191560 1.760306 0.558662 -0.372436 0.665874 -0.325268
0.424739 0.191865 1.760539 0.555969 -0.376970 0.662393 -0.331703
0.423828 0.192129 1.760512 0.553280 -0.381973 0.658830 -0.337522
0.423079 0.192269 1.760475 0.551089 -0.386050 0.655932 -0.342081
0.422443 0.192386 1.760500 0.549321 -0.389190 0.653616 -0.345778
0.421805 0.192661 1.760654 0.547306 -0.392663 0.650971 -0.350012
0.421238 0.192867 1.760802 0.545473 -0.396198 0.648405 -0.353635
0.420778 0.192969 1.760916 0.544003 -0.399084 0.646314 -0.356468
0.420390 0.193034 1.761030 0.542830 -0.401349 0.644632 -0.358755
0.419920 0.193413 1.761241 0.541864 -0.403533 0.643159 -0.360404
0.419430 0.193941 1.761397 0.540883 -0.406087 0.641683 -0.361637
0.419022 0.194341 1.761483 0.540053 -0.408319 0.640448 -0.362554
0.418678 0.194654 1.761557 0.539387 -0.410086 0.639461 -0.363290
0.418221 0.195200 1.761566 0.539693 -0.410409 0.639880 -0.361730
0.417711 0.195998 1.761394 0.539931 -0.410849 0.640392 -0.359966
0.417276 0.196679 1.761155 0.540090 -0.411380 0.640768 -0.358448
0.416913 0.197231 1.760927 0.540223 -0.411813 0.641084 -0.357184
0.416406 0.197965 1.760773 0.541941 -0.410131 0.643875 -0.351449
0.415803 0.198982 1.760457 0.543208 -0.409084 0.646449 -0.345946
0.415272 0.199919 1.760082 0.544154 -0.408565 0.648387 -0.341416
0.414797 0.200715 1.759798 0.544913 -0.407877 0.650012 -0.337920
0.414242 0.201594 1.759824 0.546720 -0.405297 0.654600 -0.329135
0.413605 0.202947 1.759574 0.548111 -0.403576 0.658751 -0.320543
0.413016 0.204361 1.759278 0.549242 -0.402449 0.661940 -0.313374
0.412499 0.205593 1.758997 0.550097 -0.401653 0.664445 -0.307540
0.411625 0.206315 1.759002 0.552519 -0.397055 0.670969 -0.294738
0.410587 0.207477 1.758592 0.554760 -0.392390 0.677145 -0.282393
0.409673 0.208740 1.758118 0.556496 -0.388977 0.681914 -0.272034
0.408866 0.209890 1.757720 0.557777 -0.386310 0.685691 -0.263585
0.407327 0.210486 1.757623 0.559595 -0.380776 0.692643 -0.249216
0.405308 0.212264 1.757028 0.561374 -0.374446 0.699076 -0.236519
0.403539 0.214033 1.756265 0.562664 -0.369992 0.703976 -0.225682
0.402083 0.215307 1.755566 0.563421 -0.366869 0.707872 -0.216518
0.400076 0.215523 1.755621 0.563717 -0.362689 0.713986 -0.202246
0.398141 0.215422 1.755182 0.563961 -0.359123 0.719542 -0.187721
0.396518 0.215366 1.754585 0.564090 -0.356139 0.723945 -0.175700
0.395126 0.215354 1.754100 0.564012 -0.353576 0.727524 -0.166081
0.392848 0.214477 1.754421 0.563458 -0.349342 0.733076 -0.151905
0.390294 0.214063 1.754725 0.562846 -0.344386 0.738462 -0.138837
0.387985 0.214181 1.754950 0.562255 -0.339799 0.742868 -0.128655
0.385951 0.214529 1.755188 0.561612 -0.335785 0.746496 -0.120760
0.382912 0.214303 1.755765 0.560691 -0.330264 0.751377 -0.109465
0.379667 0.214736 1.756003 0.559813 -0.324348 0.755983 -0.099488
0.376782 0.215657 1.756108 0.559074 -0.318839 0.759835 -0.091807
0.374276 0.216688 1.756217 0.558346 -0.314043 0.763051 -0.085901
0.370713 0.217207 1.757540 0.556888 -0.307289 0.767926 -0.075759
0.366802 0.218310 1.759218 0.555061 -0.300333 0.772764 -0.067391
0.363268 0.219773 1.760730 0.553347 -0.294173 0.776854 -0.061371
0.360190 0.221248 1.762044 0.551762 -0.288928 0.780283 -0.056906
0.356396 0.222207 1.763993 0.549942 -0.281545 0.784800 -0.048840
0.352562 0.223382 1.765923 0.548018 -0.274218 0.789140 -0.041702
0.349200 0.224676 1.767559 0.546220 -0.268000 0.792778 -0.036371
0.346323 0.225890 1.768931 0.544572 -0.262855 0.795804 -0.032305
0.342489 0.226344 1.771020 0.542156 -0.256354 0.799812 -0.025488
0.338562 0.226908 1.773133 0.539694 -0.249844 0.803706 -0.019104
0.335134 0.227632 1.774926 0.537468 -0.244345 0.806982 -0.014281
0.332214 0.228346 1.776420 0.535479 -0.239827 0.809712 -0.010587
0.328771 0.228797 1.778661 0.533502 -0.233499 0.812922 -0.003345
0.325209 0.229453 1.781156 0.531416 -0.227420 0.816008 0.002807
0.322038 0.230230 1.783364 0.529439 -0.222428 0.818638 0.007204
0.319315 0.230984 1.785222 0.527655 -0.218366 0.820845 0.010485
0.316527 0.231622 1.787450 0.526213 -0.209886 0.823811 0.019538
0.314154 0.231379 1.790176 0.525349 -0.203956 0.825666 0.026204
0.312179 0.230522 1.792968 0.524514 -0.200646 0.826847 0.030840
0.310524 0.229479 1.795471 0.523643 -0.198678 0.827735 0.034345
0.308843 0.228589 1.798142 0.522540 -0.194049 0.829218 0.041169
0.306888 0.227605 1.801023 0.520877 -0.190293 0.830839 0.046720
0.305087 0.226776 1.803550 0.519267 -0.187502 0.832241 0.050784
0.303529 0.226081 1.805685 0.517874 -0.185390 0.833391 0.053823
0.302114 0.225524 1.808183 0.516391 -0.180945 0.834856 0.060128
0.300558 0.224762 1.810834 0.514550 -0.177152 0.836363 0.065969
0.299148 0.224038 1.813152 0.512869 -0.174402 0.837615 0.070363
0.297935 0.223372 1.815137 0.511440 -0.172403 0.838616 0.073683
0.296674 0.222680 1.817926 0.509717 -0.168576 0.839930 0.079294
0.295157 0.221666 1.821129 0.507448 -0.166238 0.841372 0.083383
0.293746 0.220714 1.823967 0.505357 -0.164749 0.842624 0.086361
0.292521 0.219890 1.826376 0.503570 -0.163720 0.843661 0.088590
0.291424 0.219151 1.829336 0.501675 -0.160557 0.844945 0.092800
0.290410 0.218110 1.832338 0.499568 -0.158676 0.846193 0.095975
0.289549 0.217063 1.834901 0.497705 -0.157555 0.847207 0.098518
0.288833 0.216128 1.837037 0.496127 -0.156823 0.848029 0.100555
0.288325 0.215293 1.840205 0.494184 -0.152764 0.849275 0.105716
0.288022 0.213898 1.843450 0.491928 -0.150518 0.850469 0.109782
