0.329557 0.233175 1.690771 0.607978 -0.198520 0.759484 -0.118900
0.327102 0.233283 1.692653 0.608274 -0.190238 0.762889 -0.108690
0.325033 0.233400 1.694347 0.608194 -0.184000 0.765515 -0.101144
0.323308 0.233488 1.695807 0.608092 -0.178722 0.767646 -0.094876
0.321668 0.233501 1.697885 0.608353 -0.170755 0.770358 -0.085427
0.320245 0.233517 1.699924 0.608245 -0.164446 0.772606 -0.077943
0.319062 0.233532 1.701629 0.607988 -0.159714 0.774342 -0.072369
0.318045 0.233455 1.703393 0.608164 -0.153515 0.776059 -0.065599
0.317280 0.232856 1.705595 0.608098 -0.147526 0.777850 -0.058319
0.316740 0.232086 1.707517 0.607756 -0.143486 0.779276 -0.052662
0.316339 0.231358 1.709082 0.607388 -0.140543 0.780386 -0.048217
0.316330 0.231415 1.711282 0.607900 -0.133481 0.781597 -0.041777
0.316421 0.231494 1.713572 0.607869 -0.128536 0.782662 -0.037614
0.316506 0.231489 1.715500 0.607682 -0.124945 0.783531 -0.034505
0.316668 0.231588 1.717437 0.607649 -0.120118 0.784478 -0.030479
0.317149 0.231675 1.720248 0.607029 -0.114944 0.785877 -0.026473
0.317633 0.231475 1.722765 0.606202 -0.111602 0.787092 -0.023464
0.318067 0.231194 1.724812 0.605454 -0.109228 0.788068 -0.021068
0.318885 0.231225 1.727256 0.605532 -0.102757 0.788979 -0.016840
0.320024 0.230693 1.729928 0.605182 -0.098262 0.789883 -0.013595
0.321103 0.229864 1.732182 0.604709 -0.095428 0.790635 -0.010814
0.322173 0.229140 1.734115 0.604477 -0.092288 0.791222 -0.007608
0.323819 0.228443 1.736389 0.604605 -0.088041 0.791637 -0.003546
0.325389 0.227357 1.738464 0.604461 -0.085695 0.792013 -0.000236
0.326748 0.226257 1.740167 0.604275 -0.084245 0.792306 0.002492
0.328390 0.225671 1.742127 0.604149 -0.080516 0.792777 0.004990
0.330457 0.224689 1.744400 0.603630 -0.077767 0.793433 0.006860
0.332349 0.223385 1.746319 0.603086 -0.076370 0.793964 0.008752
0.334019 0.222193 1.747904 0.602652 -0.075171 0.794385 0.010640
0.336167 0.221478 1.749760 0.602080 -0.072644 0.795025 0.012628
0.338181 0.220519 1.751378 0.601460 -0.071310 0.795584 0.014387
0.339898 0.219558 1.752675 0.600951 -0.070515 0.796009 0.015978
0.341612 0.218895 1.754005 0.600566 -0.068656 0.796444 0.016837
0.343655 0.217742 1.755716 0.599891 -0.067465 0.797047 0.017170
0.345543 0.216237 1.757198 0.599250 -0.067338 0.797523 0.017928
0.347174 0.214814 1.758394 0.598743 -0.067453 0.797875 0.018793
0.349262 0.214377 1.759512 0.598714 -0.065010 0.798102 0.018703
0.351245 0.213844 1.760462 0.598644 -0.063272 0.798294 0.018682
0.352931 0.213259 1.761215 0.598583 -0.062100 0.798427 0.018876
0.354701 0.213049 1.761873 0.598704 -0.060089 0.798496 0.018671
0.357206 0.212914 1.762463 0.599017 -0.057549 0.798467 0.017826
0.359536 0.212288 1.762864 0.599312 -0.056122 0.798348 0.017771
0.361539 0.211551 1.763151 0.599578 -0.055264 0.798202 0.018034
0.364167 0.211459 1.763834 0.599756 -0.052520 0.798257 0.017845
0.366938 0.210900 1.764663 0.599687 -0.050845 0.798419 0.017815
0.369356 0.210059 1.765345 0.599624 -0.049987 0.798512 0.018206
0.371622 0.209443 1.765860 0.599810 -0.048720 0.798443 0.018550
0.374577 0.209138 1.766181 0.600592 -0.046148 0.798010 0.018439
0.377281 0.208373 1.766387 0.601264 -0.044681 0.797576 0.018895
0.379580 0.207517 1.766537 0.601820 -0.043797 0.797191 0.019529
0.382116 0.207221 1.766736 0.602503 -0.042121 0.796787 0.018626
0.384805 0.206754 1.766976 0.603097 -0.040819 0.796428 0.017588
0.387139 0.206045 1.767163 0.603588 -0.040158 0.796100 0.017146
0.389254 0.205464 1.767283 0.604052 -0.039670 0.795781 0.016759
0.392526 0.205541 1.766879 0.604957 -0.038438 0.795174 0.015741
0.395624 0.205212 1.766130 0.605987 -0.037599 0.794430 0.015705
0.398269 0.204735 1.765383 0.606930 -0.037044 0.793729 0.016054
0.400590 0.204413 1.764660 0.607764 -0.035855 0.793148 0.015956
0.402825 0.203991 1.763786 0.608600 -0.034379 0.792571 0.015991
0.404771 0.203442 1.762953 0.609367 -0.033344 0.792018 0.016394
0.406420 0.202928 1.762256 0.610006 -0.032656 0.791546 0.016762
0.408684 0.202374 1.761852 0.610464 -0.033111 0.791186 0.016174
0.410888 0.201311 1.761551 0.610790 -0.034111 0.790890 0.016318
0.412787 0.200159 1.761304 0.611059 -0.035160 0.790626 0.016782
0.414503 0.199256 1.761054 0.611255 -0.036063 0.790446 0.016184
0.416347 0.198456 1.760526 0.611539 -0.036649 0.790224 0.014931
0.417999 0.197586 1.759912 0.611911 -0.037176 0.789921 0.014418
0.419390 0.196799 1.759360 0.612255 -0.037614 0.789637 0.014223
0.420943 0.196041 1.759056 0.612542 -0.038346 0.789393 0.013416
0.422460 0.194959 1.758949 0.612676 -0.039464 0.789240 0.013066
0.423263 0.194879 1.758973 0.612786 -0.038628 0.789227 0.011043
0.423810 0.195335 1.758991 0.612882 -0.037625 0.789229 0.008789
0.424565 0.195457 1.758980 0.612916 -0.037042 0.789252 0.006629
0.425229 0.194981 1.758988 0.612916 -0.036932 0.789263 0.005823
0.425828 0.194583 1.759021 0.612926 -0.036871 0.789263 0.005062
0.426702 0.194188 1.759009 0.613002 -0.036488 0.789228 0.003996
0.427677 0.193606 1.758915 0.613120 -0.035906 0.789168 0.002950
0.428497 0.193117 1.758856 0.613185 -0.035397 0.789143 0.002189
0.429274 0.192638 1.758814 0.613275 -0.035557 0.789069 0.000989
0.430389 0.191875 1.758802 0.613742 -0.036913 0.788637 -0.003250
0.431335 0.191021 1.758901 0.614054 -0.037971 0.788323 -0.006597
0.432228 0.190146 1.758965 0.614329 -0.039084 0.788033 -0.008779
0.432947 0.189511 1.758966 0.614777 -0.042352 0.787437 -0.014133
0.433661 0.188673 1.759067 0.615290 -0.046606 0.786696 -0.018870
0.434223 0.188095 1.759160 0.615695 -0.049868 0.786086 -0.022379
0.434375 0.187623 1.759286 0.615923 -0.052832 0.785614 -0.025645
0.434441 0.187131 1.759523 0.616208 -0.058599 0.784718 -0.032720
0.434493 0.186665 1.759629 0.616471 -0.063532 0.783862 -0.038570
0.434531 0.186217 1.759717 0.616620 -0.067674 0.783152 -0.043274
0.434574 0.185666 1.759737 0.616635 -0.073253 0.782265 -0.049561
0.434591 0.184786 1.759614 0.616600 -0.080912 0.780970 -0.057808
0.434623 0.183846 1.759418 0.616457 -0.088453 0.779640 -0.065709
0.434643 0.182985 1.759202 0.616284 -0.094833 0.778446 -0.072270
0.434596 0.182117 1.759063 0.616122 -0.102033 0.776944 -0.079636
0.434549 0.181265 1.758875 0.615977 -0.109237 0.775304 -0.086852
0.434531 0.180471 1.758622 0.615670 -0.116434 0.773648 -0.094140
0.434478 0.179710 1.758303 0.615248 -0.123777 0.771880 -0.101736
0.434307 0.178815 1.757886 0.614854 -0.131825 0.769737 -0.109919
0.434219 0.177991 1.757369 0.614347 -0.139845 0.767501 -0.118166
0.434185 0.177128 1.756824 0.613632 -0.147916 0.765246 -0.126389
0.434061 0.176577 1.756127 0.612753 -0.156196 0.762729 -0.135573
0.433976 0.176199 1.755125 0.611745 -0.165052 0.759822 -0.145590
0.433893 0.175791 1.754404 0.610449 -0.173412 0.757143 -0.154969
0.433758 0.175891 1.753862 0.608941 -0.181181 0.754492 -0.164639
0.433189 0.176664 1.753191 0.607058 -0.189817 0.751223 -0.176392
0.432684 0.177195 1.752603 0.605029 -0.198415 0.747955 -0.187444
0.432261 0.177712 1.752093 0.602907 -0.206643 0.744693 -0.198076
0.431977 0.178302 1.751408 0.600469 -0.215061 0.741219 -0.209238
0.431819 0.178977 1.750646 0.597618 -0.223471 0.737711 -0.220671
0.431674 0.179630 1.749988 0.594742 -0.231503 0.734212 -0.231561
0.431541 0.180133 1.749432 0.592099 -0.238782 0.730889 -0.241251
0.431325 0.181019 1.748816 0.588993 -0.246917 0.726841 -0.252627
0.431123 0.181599 1.748173 0.586301 -0.254422 0.722926 -0.262486
0.430974 0.181970 1.747764 0.584107 -0.260194 0.719870 -0.270011
0.430715 0.182526 1.747508 0.581569 -0.265916 0.716835 -0.277872
0.430225 0.183206 1.747124 0.578952 -0.272103 0.713338 -0.286224
0.429777 0.183655 1.746697 0.577028 -0.277113 0.710322 -0.292731
0.429402 0.184005 1.746363 0.575599 -0.280894 0.707929 -0.297695
0.428919 0.184753 1.745794 0.573580 -0.286161 0.704587 -0.304425
0.428514 0.185297 1.745335 0.571915 -0.290456 0.701839 -0.309789
0.428167 0.185688 1.745099 0.570570 -0.293631 0.699800 -0.313865
0.427869 0.186335 1.744951 0.568922 -0.296945 0.697649 -0.318494
0.427708 0.186967 1.744523 0.567156 -0.301415 0.694565 -0.324132
0.427522 0.187724 1.743754 0.566577 -0.304526 0.691617 -0.328511
0.427369 0.188304 1.743374 0.565735 -0.307049 0.689495 -0.332056
0.427369 0.188817 1.743353 0.564126 -0.310609 0.687358 -0.335890
0.427292 0.189343 1.743367 0.563085 -0.313457 0.684972 -0.339844
0.427233 0.189690 1.743540 0.562129 -0.315716 0.683230 -0.342827
0.427133 0.190087 1.743790 0.561054 -0.317762 0.681617 -0.345897
0.426855 0.190410 1.744118 0.559142 -0.321069 0.679132 -0.350791
0.426546 0.190761 1.744546 0.557718 -0.323419 0.677033 -0.354933
0.426311 0.191096 1.744928 0.556605 -0.325244 0.675481 -0.357955
0.426110 0.191631 1.745386 0.554680 -0.328158 0.673510 -0.361977
0.425886 0.192035 1.745849 0.552755 -0.331268 0.671150 -0.366442
0.425633 0.192481 1.746353 0.551326 -0.333429 0.669234 -0.370122
0.425400 0.192895 1.746822 0.549992 -0.335273 0.667607 -0.373366
0.424926 0.193324 1.747199 0.547247 -0.338948 0.664797 -0.379052
0.424456 0.193665 1.747500 0.544952 -0.342127 0.662191 -0.384030
0.424069 0.193965 1.747816 0.543150 -0.344545 0.660160 -0.387899
0.423607 0.194272 1.748275 0.540631 -0.347658 0.657808 -0.392607
0.423056 0.194307 1.748821 0.537721 -0.351638 0.654886 -0.397910
0.422507 0.194555 1.749402 0.535538 -0.354383 0.652481 -0.402343
0.422020 0.194785 1.749925 0.533733 -0.356561 0.650554 -0.405922
0.421369 0.194835 1.750603 0.529999 -0.360695 0.647384 -0.412183
0.420741 0.194901 1.751255 0.526961 -0.364020 0.644534 -0.417584
0.420184 0.195017 1.751848 0.524582 -0.366513 0.642269 -0.421868
0.419601 0.195166 1.752452 0.521459 -0.369527 0.639682 -0.427008
0.418963 0.195127 1.752841 0.517240 -0.373951 0.636080 -0.433620
0.418410 0.195092 1.753099 0.513814 -0.377638 0.632919 -0.439087
0.417971 0.195037 1.753258 0.511286 -0.380415 0.630501 -0.443104
0.417497 0.194988 1.753392 0.507105 -0.384653 0.626903 -0.449310
0.417081 0.194823 1.753378 0.503251 -0.388750 0.623406 -0.454948
0.416731 0.194656 1.753326 0.500215 -0.392030 0.620533 -0.459386
0.416451 0.194491 1.753261 0.497243 -0.395242 0.617664 -0.463707
0.416239 0.194213 1.753238 0.493124 -0.399629 0.613641 -0.469648
0.416056 0.193899 1.753215 0.489826 -0.403211 0.610299 -0.474370
0.415908 0.193644 1.753141 0.487397 -0.405937 0.607704 -0.477865
0.415734 0.193445 1.752877 0.484036 -0.409478 0.604243 -0.482624
0.415518 0.193260 1.752507 0.480824 -0.412786 0.600904 -0.487165
0.415318 0.193054 1.752148 0.478406 -0.415379 0.598282 -0.490558
0.415158 0.192842 1.751788 0.476217 -0.417754 0.595946 -0.493505
0.415004 0.192763 1.751327 0.472461 -0.421294 0.592332 -0.498433
0.414831 0.192683 1.750957 -0.469523 0.423988 -0.589532 0.502229
0.414669 0.192580 1.750649 -0.467256 0.426097 -0.587353 0.505103
0.414511 0.192445 1.750333 -0.464308 0.428885 -0.584435 0.508834
0.414312 0.192239 1.750049 -0.461207 0.431844 -0.581149 0.512898
0.414133 0.192017 1.749784 -0.458821 0.434209 -0.578514 0.516011
0.413990 0.191802 1.749536 -0.456882 0.436211 -0.576344 0.518465
0.414034 0.191695 1.749293 -0.454227 0.438669 -0.573660 0.521691
0.414067 0.191619 1.749168 -0.452104 0.440497 -0.571601 0.524248
0.414085 0.191536 1.749102 -0.450429 0.441918 -0.570012 0.526221
0.414101 0.191532 1.748941 -0.448343 0.443692 -0.568051 0.528625
0.414086 0.191653 1.748558 -0.445735 0.445857 -0.565697 0.531526
0.414074 0.191723 1.748153 -0.443811 0.447534 -0.563921 0.533609
0.414070 0.191750 1.747755 -0.442377 0.448873 -0.562516 0.535155
0.414173 0.191828 1.747268 -0.440848 0.450028 -0.561245 0.536780
0.414231 0.191924 1.746973 -0.439368 0.450794 -0.560282 0.538354
0.414257 0.192001 1.746800 -0.438161 0.451348 -0.559558 0.539624
0.414267 0.192053 1.746685 -0.437525 0.451612 -0.559247 0.540242
0.414243 0.192135 1.746673 -0.437780 0.451511 -0.559580 0.539774
0.414235 0.192213 1.746665 -0.437936 0.451524 -0.559809 0.539401
0.414232 0.192270 1.746645 -0.438035 0.451554 -0.559941 0.539157
0.414005 0.192404 1.746712 -0.439769 0.450672 -0.561530 0.536826
0.413779 0.192610 1.746550 -0.442249 0.449741 -0.563597 0.533392
0.413542 0.192809 1.746487 -0.444067 0.448957 -0.565175 0.530868
0.413351 0.193014 1.746459 -0.446091 0.447986 -0.567298 0.527716
0.413249 0.193695 1.746651 -0.450374 0.446143 -0.572975 0.519442
0.413138 0.194378 1.746773 -0.453837 0.444725 -0.577499 0.512588
0.413051 0.194964 1.746725 -0.456829 0.443444 -0.581081 0.506962
0.413039 0.195890 1.747075 0.461233 -0.440900 0.588655 -0.496343
0.413099 0.197874 1.746618 0.468299 -0.437307 0.597866 -0.481679
0.413018 0.200000 1.745617 0.474855 -0.433704 0.604774 -0.469746
0.412888 0.201924 1.744502 0.480678 -0.430227 0.610517 -0.459479
0.412395 0.203612 1.744044 0.488026 -0.424521 0.622411 -0.440699
0.411421 0.206041 1.743577 0.495472 -0.417633 0.632183 -0.424776
0.410344 0.208545 1.743203 0.501452 -0.411467 0.639371 -0.412851
0.409283 0.210605 1.742904 0.506991 -0.405236 0.648140 -0.398319
0.407727 0.213184 1.742394 0.513377 -0.397134 0.658879 -0.380271
0.405981 0.216256 1.741959 0.519811 -0.388064 0.667755 -0.365110
0.404314 0.219181 1.741685 0.525022 -0.380039 0.674544 -0.353430
0.402234 0.220863 1.741698 0.528773 -0.372367 0.684911 -0.335615
0.399906 0.222886 1.741735 0.532658 -0.363927 0.694165 -0.319325
0.397737 0.224998 1.741854 0.536727 -0.355069 0.701987 -0.305066
0.395639 0.226668 1.742154 0.540194 -0.346365 0.709711 -0.290741
0.393020 0.228050 1.742727 0.542775 -0.337127 0.718678 -0.274303
