0.314375 -0.103026 2.009106 0.373287 -0.234670 0.826572 0.349807
0.311303 -0.096325 2.009111 0.373089 -0.232275 0.828205 0.347748
0.307447 -0.089554 2.009073 0.372386 -0.230725 0.828791 0.348137
0.303256 -0.082148 2.009147 0.370937 -0.228973 0.829964 0.348048
0.299650 -0.074470 2.009285 0.369799 -0.226421 0.831920 0.346252
0.296524 -0.066824 2.009418 0.369057 -0.223477 0.834293 0.343236
0.292870 -0.059423 2.009358 0.367938 -0.222557 0.835762 0.341456
0.289335 -0.051622 2.009189 0.366767 -0.221194 0.837637 0.338998
0.286243 -0.043705 2.009033 0.366013 -0.218876 0.840003 0.335444
0.283451 -0.035925 2.008898 0.365629 -0.216087 0.842628 0.331058
0.279982 -0.027984 2.008674 0.364801 -0.213953 0.844159 0.329454
0.276684 -0.019298 2.008401 0.363862 -0.210573 0.846441 0.326804
0.273678 -0.010534 2.008148 0.363234 -0.206417 0.849179 0.323029
0.270808 -0.002040 2.007928 0.362880 -0.202131 0.852068 0.318499
0.266856 0.006658 2.007876 0.361233 -0.199668 0.854507 0.315376
0.262904 0.016065 2.007865 0.359407 -0.195849 0.857781 0.310936
0.259146 0.025406 2.007842 0.357961 -0.191314 0.861311 0.305626
0.255507 0.034325 2.007815 0.356910 -0.186892 0.864720 0.299909
0.251852 0.043583 2.007800 0.355702 -0.184072 0.867555 0.294860
0.248388 0.053398 2.007596 0.354699 -0.179581 0.870823 0.289146
0.244957 0.062998 2.007328 0.353991 -0.174472 0.874185 0.282933
0.241435 0.072077 2.007091 0.353506 -0.169755 0.877339 0.276572
0.237469 0.081317 2.006953 0.352585 -0.166410 0.880245 0.270483
0.233430 0.090780 2.006730 0.351708 -0.161864 0.883470 0.263785
0.229337 0.099891 2.006481 0.351044 -0.156935 0.886697 0.256724
0.225125 0.108554 2.006360 0.350551 -0.152471 0.889609 0.249926
0.220359 0.117992 2.006613 0.349363 -0.148208 0.892624 0.243317
0.215352 0.127701 2.006768 0.348036 -0.142751 0.896007 0.235934
0.210335 0.136885 2.006913 0.346552 -0.137000 0.899378 0.228586
0.205864 0.145325 2.007071 0.345361 -0.132425 0.902412 0.221003
0.201922 0.154769 2.007045 0.344665 -0.127625 0.905384 0.212596
0.198095 0.164004 2.006838 0.343515 -0.121702 0.908356 0.205123
0.194600 0.172169 2.006554 0.342297 -0.116021 0.910970 0.198759
0.191697 0.179501 2.006386 0.341744 -0.111827 0.912969 0.192857
0.188867 0.187379 2.006377 0.341415 -0.107617 0.914890 0.186629
0.185970 0.194822 2.006295 0.340626 -0.102900 0.916868 0.180937
0.183296 0.201332 2.006164 0.339753 -0.098485 0.918626 0.176051
0.181311 0.207570 2.006036 0.339512 -0.095142 0.920071 0.170735
0.179712 0.214717 2.005629 0.339446 -0.090754 0.921510 0.165406
0.178103 0.221506 2.005035 0.339076 -0.085856 0.922914 0.160889
0.176604 0.227462 2.004422 0.338627 -0.081299 0.924140 0.157119
0.175720 0.233453 2.004045 0.338660 -0.077757 0.925223 0.152402
0.175032 0.239999 2.003603 0.338640 -0.073405 0.926347 0.147702
0.174250 0.245994 2.003040 0.338414 -0.068957 0.927389 0.143771
0.173484 0.251175 2.002482 0.338138 -0.064943 0.928277 0.140524
0.173361 0.256880 2.002484 0.338626 -0.062656 0.929003 0.135500
0.173142 0.263256 2.002465 0.338877 -0.059453 0.929871 0.130262
0.172684 0.269139 2.002251 0.338845 -0.055895 0.930713 0.125829
0.172155 0.274269 2.001970 0.338717 -0.052539 0.931444 0.122159
0.172820 0.280354 2.001712 0.339380 -0.049320 0.932079 0.116692
0.173987 0.286736 2.000887 0.340153 -0.044820 0.932538 0.112517
0.175075 0.292423 1.999835 0.340841 -0.040387 0.932851 0.109471
0.176009 0.297281 1.998806 0.341439 -0.036462 0.933069 0.107115
0.177778 0.303528 1.998421 0.342700 -0.033970 0.933306 0.101696
0.179304 0.310286 1.997718 0.343576 -0.029980 0.933621 0.096995
0.180412 0.316468 1.996796 0.344177 -0.025753 0.933914 0.093188
0.181267 0.321912 1.995892 0.344664 -0.021906 0.934153 0.089920
0.183100 0.328417 1.995398 0.345832 -0.018264 0.934237 0.085251
0.184915 0.334893 1.994570 0.346837 -0.013817 0.934270 0.081570
0.186421 0.340625 1.993561 0.347664 -0.009508 0.934260 0.078718
0.187801 0.345680 1.992637 0.348509 -0.005945 0.934226 0.075684
0.190681 0.351426 1.992100 0.350480 -0.003469 0.933970 0.069653
0.193807 0.356445 1.991236 0.352476 -0.000827 0.933528 0.065466
0.196711 0.360577 1.990273 0.354325 0.001519 0.933027 0.062554
0.199471 0.364269 1.989490 0.356057 0.003309 0.932551 0.059677
0.203210 0.369157 1.988916 0.358005 0.005384 0.932062 0.055352
0.206863 0.374181 1.987894 0.359844 0.008364 0.931506 0.052346
0.209975 0.378760 1.986629 0.361412 0.011561 0.930986 0.050121
0.212946 0.383070 1.985538 0.363085 0.014051 0.930436 0.047546
0.217039 0.387745 1.984798 0.365526 0.015757 0.929610 0.044339
0.220993 0.392144 1.983875 0.367798 0.017829 0.928776 0.042217
0.224382 0.395971 1.982838 0.369728 0.019970 0.928034 0.040684
0.227638 0.399690 1.982038 0.371631 0.021385 0.927363 0.037824
0.231661 0.403915 1.981366 0.373846 0.022621 0.926599 0.033782
0.235431 0.407850 1.980396 0.375876 0.024360 0.925832 0.030960
0.238670 0.411250 1.979319 0.377624 0.026173 0.925138 0.028915
0.242257 0.414615 1.978620 0.379883 0.026826 0.924275 0.026151
0.247190 0.417827 1.978241 0.382930 0.026513 0.923095 0.023593
0.251986 0.420701 1.977701 0.385747 0.026584 0.921955 0.022154
0.256149 0.423125 1.977032 0.388144 0.026942 0.920960 0.021236
0.260678 0.425697 1.976562 0.390804 0.026714 0.919906 0.018212
0.266534 0.428111 1.975889 0.393973 0.026382 0.918612 0.015505
0.272259 0.430190 1.974886 0.396978 0.026445 0.917337 0.014208
0.277319 0.431858 1.973764 0.399605 0.026706 0.916198 0.013587
0.282870 0.433767 1.972860 0.403019 0.025564 0.914767 0.011130
0.289190 0.435642 1.971717 0.406822 0.024349 0.913136 0.009275
0.295000 0.437319 1.970313 0.410212 0.023808 0.911641 0.008395
0.299990 0.438722 1.968885 0.413095 0.023635 0.910346 0.007964
0.305606 0.440521 1.967785 0.416468 0.022986 0.908837 0.006483
0.311921 0.442062 1.966445 0.419987 0.022501 0.907232 0.005938
0.317775 0.443230 1.964915 0.423152 0.022329 0.905762 0.006164
0.322865 0.444096 1.963432 0.425869 0.022301 0.904486 0.006667
0.328587 0.445566 1.962143 0.429090 0.021439 0.902989 0.005789
0.334548 0.447086 1.960367 0.432297 0.021249 0.901463 0.005723
0.339889 0.448459 1.958355 0.435143 0.021594 0.900082 0.006154
0.344476 0.449690 1.956411 0.437604 0.022137 0.898871 0.006662
0.350297 0.451236 1.954776 0.440845 0.022036 0.897293 0.005904
0.356632 0.452204 1.952960 0.444079 0.021955 0.895696 0.006405
0.362438 0.452950 1.951077 0.446968 0.022143 0.894245 0.007365
0.367522 0.453556 1.949345 0.449539 0.022280 0.892945 0.008198
0.373339 0.454340 1.947915 0.452833 0.021157 0.891315 0.007308
0.379115 0.454998 1.946289 0.455928 0.020509 0.889750 0.007328
0.384134 0.455752 1.944561 0.458595 0.020508 0.888377 0.007595
0.388482 0.456586 1.943003 0.460957 0.020549 0.887151 0.007752
0.393718 0.457253 1.941902 0.463723 0.019392 0.885738 0.007360
0.399012 0.457585 1.940722 0.466316 0.018520 0.884389 0.007870
0.403663 0.457911 1.939474 0.468540 0.018181 0.883214 0.008567
0.407754 0.458352 1.938395 0.470543 0.017970 0.882143 0.009484
0.411990 0.459092 1.937613 0.472695 0.017762 0.880985 0.010478
0.415719 0.460018 1.936734 0.474547 0.018168 0.879969 0.011393
0.418729 0.461003 1.935792 0.476047 0.018964 0.879133 0.012081
0.421272 0.462140 1.935057 0.477416 0.019452 0.878374 0.012443
0.423783 0.463124 1.934633 0.478841 0.019114 0.877608 0.012233
0.426018 0.463755 1.934254 0.479963 0.018961 0.876997 0.012304
0.427317 0.464473 1.934318 0.480444 0.019396 0.876728 0.011992
0.428061 0.465451 1.934626 0.480774 0.019693 0.876552 0.011177
0.428690 0.466496 1.934828 0.480939 0.020125 0.876466 0.010003
0.429125 0.467456 1.934976 0.480950 0.020816 0.876454 0.009092
0.429437 0.468244 1.935152 0.480970 0.021097 0.876444 0.008281
0.429933 0.468634 1.935473 0.481477 0.019871 0.876204 0.007250
0.430352 0.469113 1.935700 0.482003 0.019438 0.875929 0.006645
0.430598 0.469646 1.935857 0.482391 0.019408 0.875718 0.006325
0.430750 0.470148 1.935981 0.482700 0.019411 0.875550 0.006039
0.430796 0.470489 1.935952 0.482988 0.019452 0.875393 0.005678
0.430705 0.470645 1.936082 0.483033 0.019452 0.875368 0.005596
0.430619 0.470714 1.936298 0.483011 0.019341 0.875383 0.005519
0.430573 0.470742 1.936493 0.482954 0.019239 0.875418 0.005511
0.430308 0.470411 1.936378 0.483032 0.019386 0.875371 0.005550
0.429981 0.470067 1.936167 0.483110 0.019345 0.875325 0.006032
0.429775 0.469722 1.935979 0.483172 0.019155 0.875292 0.006555
0.429678 0.469395 1.935777 0.483207 0.018956 0.875272 0.007092
0.428925 0.468242 1.935529 0.483054 0.018754 0.875355 0.007848
0.427992 0.467366 1.935299 0.482859 0.018391 0.875468 0.008118
0.427251 0.466622 1.935061 0.482750 0.017816 0.875536 0.008584
0.426805 0.465801 1.934848 0.482689 0.017105 0.875575 0.009419
0.425488 0.464307 1.934052 0.482674 0.017021 0.875574 0.010293
0.424622 0.462723 1.932792 0.482772 0.016577 0.875501 0.012427
0.424041 0.461119 1.931631 0.482663 0.016106 0.875542 0.014309
0.423668 0.459390 1.930784 0.482554 0.015242 0.875586 0.016069
0.422467 0.457171 1.929773 0.483203 0.014196 0.875174 0.019585
0.421159 0.455695 1.928131 0.484136 0.013568 0.874573 0.023464
0.419924 0.454363 1.926428 0.484755 0.012931 0.874148 0.026646
0.418547 0.452694 1.925347 0.484955 0.011737 0.873996 0.028506
0.416688 0.450908 1.923902 0.485775 0.010837 0.873438 0.031796
0.414814 0.449907 1.921770 0.486627 0.011197 0.872821 0.035379
0.413042 0.448734 1.920006 0.486977 0.011230 0.872487 0.038644
0.411140 0.447264 1.918728 0.486892 0.010973 0.872442 0.040753
0.408734 0.445964 1.916758 0.487867 0.010902 0.871750 0.043811
0.406429 0.444894 1.914629 0.488656 0.011483 0.871108 0.047480
0.404178 0.443775 1.912888 0.488802 0.011888 0.870869 0.050178
0.401725 0.442549 1.911438 0.488686 0.011893 0.870827 0.052011
0.398849 0.441343 1.909751 0.489598 0.011903 0.870076 0.055857
0.396022 0.440319 1.908102 0.490159 0.012758 0.869463 0.060124
0.393450 0.439002 1.906889 0.490244 0.013202 0.869140 0.063891
0.390614 0.437563 1.905840 0.490136 0.013212 0.869068 0.065673
0.387568 0.436089 1.904345 0.490700 0.013821 0.868531 0.068384
0.384886 0.434766 1.902582 0.491213 0.014823 0.867956 0.071711
0.382698 0.433154 1.901639 0.491519 0.015463 0.867553 0.074314
0.380063 0.431129 1.902498 0.491568 0.016139 0.867410 0.075498
0.376868 0.428947 1.904220 0.491981 0.016751 0.866914 0.078316
0.373762 0.426352 1.906498 0.492393 0.015839 0.866513 0.080334
0.370913 0.423621 1.908634 0.492618 0.014193 0.866294 0.081612
0.368183 0.420983 1.909661 0.493084 0.013241 0.865824 0.083914
0.365453 0.419138 1.909781 0.493294 0.013875 0.865401 0.086895
0.362755 0.417527 1.910019 0.493289 0.014245 0.865203 0.088806
0.360216 0.415864 1.910379 0.493224 0.014017 0.865131 0.089896
0.357275 0.414019 1.910422 0.493207 0.013715 0.865130 0.090055
0.354280 0.412258 1.910362 0.493126 0.013976 0.865047 0.091238
0.351540 0.410445 1.910435 0.492993 0.013934 0.865003 0.092377
0.349020 0.408539 1.910610 0.492796 0.013424 0.865045 0.093112
0.345990 0.406430 1.910776 0.492535 0.013196 0.865153 0.093520
0.342894 0.404387 1.911096 0.492199 0.013637 0.865073 0.095929
0.340046 0.402271 1.911509 0.491851 0.013566 0.865048 0.097927
0.337475 0.400049 1.911950 0.491536 0.012872 0.865093 0.099206
0.334395 0.397351 1.912112 0.491236 0.012213 0.865425 0.097867
0.331516 0.394767 1.912300 0.491050 0.011847 0.865531 0.097906
0.328885 0.392099 1.912645 0.490767 0.010941 0.865714 0.097813
0.326441 0.389269 1.913095 0.490387 0.009525 0.865999 0.097346
0.323102 0.386006 1.913252 0.489370 0.010103 0.866704 0.096124
0.320319 0.382636 1.913398 0.489332 0.009522 0.866819 0.095334
0.317823 0.379243 1.913670 0.489279 0.008236 0.866942 0.094598
0.315367 0.375980 1.913923 0.488982 0.006917 0.867211 0.093785
0.312328 0.371930 1.913944 0.488915 0.006315 0.867385 0.092554
0.309362 0.367994 1.914130 0.488778 0.005841 0.867538 0.091868
0.306497 0.364480 1.914354 0.488433 0.005540 0.867716 0.092043
0.303605 0.361417 1.914519 0.488023 0.005678 0.867844 0.092997
0.300311 0.357704 1.914398 0.487839 0.004647 0.868214 0.090531
0.297194 0.354142 1.914368 0.487388 0.004622 0.868498 0.090239
0.294248 0.350668 1.914451 0.486813 0.004972 0.868729 0.091094
0.291334 0.347210 1.914491 0.486233 0.005383 0.868920 0.092340
0.288302 0.343895 1.914055 0.485794 0.005771 0.869125 0.092702
0.285455 0.340984 1.913648 0.485383 0.006270 0.869340 0.092802
0.282796 0.338038 1.913415 0.485040 0.006516 0.869507 0.093004
0.280145 0.334980 1.913082 0.484897 0.006195 0.869645 0.092489
0.277246 0.331733 1.912472 0.484981 0.004782 0.869896 0.089729
0.274466 0.328471 1.912112 0.484899 0.003548 0.870147 0.087769
0.271869 0.325223 1.911878 0.484779 0.002458 0.870344 0.086514
0.269149 0.321941 1.911570 0.484750 0.001269 0.870491 0.085214
0.266005 0.318645 1.911168 0.484922 0.000152 0.870530 0.083829
0.263072 0.315340 1.910885 0.485150 -0.000649 0.870442 0.083429
0.260468 0.312160 1.910579 0.485448 -0.001682 0.870359 0.082537
0.257552 0.309306 1.910192 0.485858 -0.003017 0.870349 0.080154
0.254231 0.305868 1.909954 0.486425 -0.004129 0.870116 0.079203
0.251375 0.302314 1.909738 0.486963 -0.004784 0.869757 0.079790
0.248720 0.299265 1.909471 0.487553 -0.005361 0.869441 0.079598
0.245880 0.295741 1.909272 0.488065 -0.006863 0.869256 0.078354
0.242737 0.291339 1.909328 0.488715 -0.008671 0.868901 0.078054
0.240017 0.286911 1.909407 0.489493 -0.010652 0.868482 0.077603
0.237410 0.283095 1.909454 0.490431 -0.012134 0.868000 0.076846
0.234504 0.278809 1.909464 0.491468 -0.013628 0.867403 0.076710
0.231556 0.274029 1.909551 0.492497 -0.015585 0.866816 0.076376
0.228825 0.269502 1.909647 0.493678 -0.017157 0.866126 0.076249
0.226283 0.265421 1.909718 0.494836 -0.018294 0.865457 0.076073
0.223407 0.260033 1.909943 0.495558 -0.020298 0.864929 0.076870
0.220721 0.253054 1.910299 0.496248 -0.024036 0.864393 0.077368
0.218201 0.246971 1.910574 0.497342 -0.027113 0.863716 0.076872
0.215823 0.241488 1.910677 0.498350 -0.029568 0.863098 0.076390
0.213019 0.235217 1.910885 0.499073 -0.032420 0.862556 0.076621
0.210496 0.227578 1.910997 0.499594 -0.036800 0.862061 0.076822
0.208307 0.220057 1.910971 0.500163 -0.041049 0.861514 0.077112
0.206095 0.214312 1.910937 0.501165 -0.043203 0.860812 0.077272
0.203552 0.207761 1.910881 0.502039 -0.045712 0.860081 0.078275
0.201300 0.200223 1.910672 0.502691 -0.049379 0.859402 0.079312
0.199111 0.194011 1.910471 0.504021 -0.051451 0.858471 0.079645
0.196992 0.188773 1.910279 0.505753 -0.052288 0.857408 0.079567
0.194829 0.181630 1.909841 0.506726 -0.055388 0.856598 0.080011
0.192932 0.174244 1.909457 0.507677 -0.058140 0.855687 0.081755
0.191160 0.168419 1.909051 0.509284 -0.059112 0.854605 0.082375
0.189473 0.164056 1.908711 0.511296 -0.059513 0.853674 0.079221
0.187285 0.159651 1.908445 0.513113 -0.059910 0.852927 0.075112
0.185367 0.154138 1.907615 0.514381 -0.061197 0.852226 0.073333
0.183683 0.149208 1.906871 0.515837 -0.061768 0.851506 0.070950
0.182032 0.144454 1.906140 0.517073 -0.061769 0.850860 0.069702
0.180738 0.139452 1.905284 0.518360 -0.063136 0.850350 0.064978
0.179562 0.134835 1.904445 0.519408 -0.064975 0.850106 0.057566
0.178418 0.130538 1.903594 0.520179 -0.066301 0.849967 0.050741
0.177351 0.126244 1.902775 0.520739 -0.067222 0.849874 0.045014
0.176349 0.121372 1.901899 0.521156 -0.068176 0.849763 0.040648
0.175568 0.116511 1.900816 0.521540 -0.069003 0.849636 0.036785
0.175026 0.112328 1.899919 0.521848 -0.069487 0.849630 0.031205
0.174431 0.108351 1.899063 0.521715 -0.070106 0.849858 0.025297
0.173760 0.104031 1.898140 0.521623 -0.070971 0.850000 0.019272
0.173021 0.100110 1.897321 0.521454 -0.071183 0.850171 0.015108
0.172214 0.096819 1.896655 0.521149 -0.070468 0.850441 0.013689
0.171257 0.093772 1.896032 0.520678 -0.069469 0.850809 0.013868
0.170132 0.090803 1.895358 0.520094 -0.068368 0.851225 0.015630
0.169010 0.087765 1.894572 0.519377 -0.067495 0.851639 0.020078
0.167937 0.084814 1.893805 0.518630 -0.066615 0.851996 0.026235
0.166429 0.080893 1.892682 0.517414 -0.067452 0.852362 0.034811
0.164545 0.074696 1.890716 0.515565 -0.071886 0.852484 0.047911
0.162882 0.068566 1.888721 0.514022 -0.076076 0.852188 0.061394
0.161381 0.063111 1.886895 0.512841 -0.079192 0.851556 0.074660
0.159989 0.058344 1.885074 0.512138 -0.081139 0.850685 0.086409
0.158629 0.054208 1.883450 0.511692 -0.082452 0.849692 0.096932
0.157447 0.050685 1.882063 0.511331 -0.083933 0.848764 0.105336
0.156463 0.047790 1.880901 0.511083 -0.085285 0.847927 0.111985
0.155687 0.045300 1.879526 0.510708 -0.086950 0.847363 0.116589
0.155083 0.043277 1.878309 0.510463 -0.088467 0.846901 0.119836
0.154602 0.041640 1.877314 0.510330 -0.089691 0.846491 0.122361
0.154217 0.040321 1.876497 0.510278 -0.090616 0.846126 0.124399
0.153676 0.039569 1.875619 0.510165 -0.090803 0.845914 0.126153
0.153119 0.039205 1.874995 0.510055 -0.090790 0.845853 0.127022
0.152648 0.038984 1.874530 0.509991 -0.090690 0.845820 0.127569
0.152269 0.038852 1.874143 0.509942 -0.090558 0.845810 0.127923
0.152076 0.039188 1.873733 0.509853 -0.090160 0.845931 0.127760
0.152000 0.039692 1.873450 0.509917 -0.089441 0.846007 0.127504
0.151958 0.040155 1.873236 0.510011 -0.088760 0.846061 0.127246
0.151924 0.040566 1.872998 0.510092 -0.088144 0.846115 0.126996
0.151809 0.041059 1.872495 0.510144 -0.087641 0.846294 0.125930
0.151657 0.041538 1.872117 0.510180 -0.087197 0.846486 0.124798
0.151513 0.041961 1.871825 0.510212 -0.086796 0.846647 0.123849
0.151422 0.042365 1.871529 0.510177 -0.086515 0.846840 0.122871
0.151512 0.042795 1.871103 0.510139 -0.086375 0.847123 0.121157
0.151606 0.043155 1.870747 0.510151 -0.086214 0.847331 0.119764
0.151684 0.043454 1.870457 0.510177 -0.086065 0.847485 0.118670
0.151729 0.043848 1.870018 0.510092 -0.085797 0.847610 0.118332
0.151872 0.044607 1.869261 0.510105 -0.085193 0.847643 0.118477
