0.273308 0.173310 1.863664 0.489588 -0.125226 0.862836 -0.011639
0.271998 0.172089 1.868476 0.486771 -0.121189 0.865071 -0.004287
0.270854 0.170910 1.872563 0.484268 -0.118322 0.866880 0.001610
0.270073 0.170023 1.876239 0.482367 -0.114871 0.868369 0.007844
0.270047 0.169123 1.881049 0.480525 -0.110070 0.869910 0.015440
0.270061 0.167628 1.885530 0.478509 -0.107709 0.871194 0.021178
0.270101 0.166061 1.889317 0.476739 -0.106430 0.872197 0.025787
0.270394 0.164771 1.892928 0.475382 -0.104296 0.873020 0.031124
0.271178 0.163141 1.897765 0.473605 -0.102235 0.874019 0.036576
0.271846 0.160964 1.902228 0.471747 -0.102095 0.874856 0.040715
0.272422 0.158813 1.906000 0.470151 -0.102573 0.875496 0.044079
0.273554 0.157369 1.909668 0.469242 -0.101179 0.875908 0.048578
0.275667 0.156232 1.914043 0.468514 -0.098724 0.876301 0.053341
0.277540 0.154639 1.917900 0.467747 -0.097764 0.876574 0.057206
0.279128 0.153024 1.921144 0.467074 -0.097431 0.876757 0.060387
0.281083 0.151853 1.924736 0.466424 -0.095755 0.877004 0.064371
0.283512 0.150188 1.929311 0.465148 -0.094854 0.877521 0.067797
0.285612 0.147967 1.933376 0.463936 -0.095383 0.877880 0.070652
0.287388 0.145762 1.936795 0.462926 -0.096314 0.878114 0.073069
0.289613 0.144214 1.940493 0.461895 -0.095482 0.878431 0.076780
0.292216 0.142588 1.944506 0.460533 -0.094784 0.878905 0.080321
0.294478 0.140722 1.947911 0.459402 -0.094900 0.879201 0.083370
0.296384 0.138961 1.950739 0.458487 -0.095261 0.879392 0.085931
0.298881 0.137859 1.953805 0.457871 -0.093334 0.879536 0.089771
0.301674 0.136444 1.956894 0.457274 -0.091748 0.879631 0.093450
0.304112 0.134747 1.959493 0.456826 -0.091123 0.879581 0.096661
0.306166 0.133118 1.961660 0.456471 -0.090902 0.879489 0.099348
0.309312 0.131962 1.964511 0.455853 -0.090241 0.879690 0.101003
0.312837 0.130031 1.967319 0.455306 -0.090760 0.879733 0.102606
0.315954 0.127721 1.969631 0.455020 -0.091959 0.879550 0.104366
0.318593 0.125501 1.971543 0.454846 -0.093254 0.879310 0.105986
0.321960 0.123614 1.974048 0.454461 -0.092442 0.879315 0.108278
0.325301 0.120875 1.976429 0.454123 -0.092821 0.879146 0.110719
0.328192 0.117897 1.978433 0.453941 -0.093939 0.878818 0.113101
0.330651 0.115151 1.980135 0.453815 -0.095115 0.878485 0.115190
0.334657 0.113212 1.982017 0.453992 -0.093771 0.878288 0.117089
0.338801 0.110726 1.983304 0.454665 -0.093203 0.877668 0.119551
0.342438 0.108130 1.984240 0.455459 -0.093254 0.876909 0.122028
0.345624 0.105829 1.985062 0.456160 -0.093436 0.876243 0.124038
0.350168 0.104406 1.986340 0.456765 -0.092472 0.875929 0.124751
0.354477 0.102711 1.987172 0.457619 -0.091975 0.875369 0.125909
0.358168 0.101007 1.987759 0.458485 -0.091797 0.874755 0.127154
0.361459 0.099573 1.988303 0.459146 -0.091590 0.874317 0.127930
0.366001 0.098261 1.988742 0.459686 -0.090619 0.874098 0.128179
0.370435 0.096377 1.988604 0.460788 -0.090294 0.873361 0.129467
0.374299 0.094403 1.988320 0.461950 -0.090335 0.872515 0.130990
0.377847 0.092760 1.988165 0.462904 -0.089831 0.871915 0.131968
0.382276 0.091147 1.988179 0.463761 -0.087739 0.871636 0.132208
0.386352 0.088885 1.987952 0.464872 -0.086800 0.870982 0.133234
0.389830 0.086531 1.987711 0.465926 -0.086504 0.870261 0.134448
0.393148 0.084602 1.987625 0.466800 -0.086244 0.869761 0.134821
0.397180 0.083223 1.987441 0.467783 -0.085262 0.869378 0.134505
0.400814 0.081852 1.986982 0.468944 -0.084484 0.868789 0.134754
0.403898 0.080628 1.986508 0.470013 -0.083861 0.868210 0.135149
0.406844 0.079736 1.986112 0.470749 -0.083169 0.867999 0.134370
0.410304 0.078811 1.985350 0.471617 -0.082275 0.867800 0.133155
0.413492 0.077701 1.984369 0.472753 -0.081681 0.867292 0.132807
0.416224 0.076629 1.983448 0.473830 -0.081274 0.866746 0.132785
0.419019 0.075802 1.982713 0.474535 -0.081008 0.866595 0.131404
0.422291 0.074787 1.981715 0.475374 -0.080863 0.866379 0.129875
0.425275 0.073586 1.980584 0.476435 -0.080913 0.865887 0.129241
0.427826 0.072430 1.979557 0.477436 -0.081035 0.865362 0.128982
0.430454 0.071246 1.978573 0.478034 -0.080865 0.865248 0.127635
0.433425 0.069495 1.977163 0.478864 -0.080373 0.864983 0.126628
0.436216 0.067355 1.975690 0.479992 -0.080669 0.864308 0.126772
0.438111 0.065126 1.974915 0.480315 -0.081564 0.864025 0.126913
0.439723 0.062890 1.974736 0.479994 -0.082614 0.864278 0.125714
0.442092 0.060315 1.973835 0.480865 -0.083788 0.863687 0.125672
0.444550 0.057757 1.972463 0.482329 -0.084832 0.862634 0.126589
0.446611 0.055453 1.971252 0.483533 -0.085887 0.861718 0.127520
0.448495 0.053301 1.970736 0.483511 -0.086602 0.861779 0.126702
0.450996 0.050860 1.969588 0.484294 -0.087346 0.861238 0.126883
0.453439 0.048522 1.968142 0.485505 -0.087935 0.860366 0.127761
0.455229 0.046416 1.967148 0.486123 -0.088639 0.859839 0.128471
0.456222 0.043605 1.966878 0.485429 -0.089839 0.860382 0.126608
0.456846 0.039939 1.966912 0.484215 -0.091822 0.861143 0.124648
0.457274 0.035992 1.967099 0.483133 -0.094383 0.861601 0.123767
0.457628 0.032203 1.967288 0.482323 -0.096827 0.861799 0.123662
0.458064 0.028156 1.967401 0.481122 -0.098025 0.862480 0.122642
0.458527 0.023547 1.967534 0.479875 -0.100301 0.862955 0.122348
0.458921 0.018918 1.967704 0.478837 -0.103044 0.863146 0.122785
0.459286 0.014655 1.967861 0.478008 -0.105493 0.863200 0.123555
0.459945 0.009644 1.968148 0.476791 -0.107438 0.863671 0.123290
0.460595 0.003854 1.968535 0.475386 -0.110930 0.863959 0.123603
0.461133 -0.001979 1.968946 0.474169 -0.115048 0.863938 0.124657
0.461617 -0.007400 1.969289 0.473136 -0.118683 0.863832 0.125904
0.462278 -0.013624 1.969538 0.471765 -0.122077 0.864032 0.126427
0.462870 -0.020325 1.969824 0.470286 -0.126643 0.864037 0.127411
0.463358 -0.026681 1.970093 0.468996 -0.131240 0.863841 0.128834
0.463823 -0.032493 1.970306 0.467838 -0.135350 0.863626 0.130219
0.464504 -0.039281 1.970439 0.466329 -0.140133 0.863518 0.131288
0.465107 -0.046243 1.970543 0.464842 -0.145452 0.863220 0.132725
0.465601 -0.052578 1.970607 0.463575 -0.150317 0.862823 0.134311
0.466096 -0.058418 1.970641 0.462385 -0.154808 0.862418 0.135905
0.466798 -0.065276 1.970586 0.460781 -0.160199 0.862035 0.137525
0.467418 -0.072028 1.970452 0.459351 -0.165550 0.861483 0.139413
0.467942 -0.078056 1.970268 0.458246 -0.170290 0.860824 0.141402
0.468532 -0.083782 1.970123 0.457511 -0.173919 0.860054 0.144023
0.469291 -0.090859 1.970157 0.456833 -0.177541 0.859065 0.147614
0.469948 -0.097882 1.970103 0.456316 -0.181455 0.857889 0.151254
0.470511 -0.104137 1.969970 0.456012 -0.185072 0.856662 0.154701
0.471105 -0.110266 1.969914 0.455456 -0.188736 0.855653 0.157469
0.471850 -0.117397 1.969845 0.454624 -0.192947 0.854720 0.159821
0.472534 -0.124180 1.969622 0.454146 -0.197167 0.853492 0.162568
0.473127 -0.130098 1.969308 0.453931 -0.200831 0.852238 0.165240
0.473912 -0.135930 1.969063 0.453603 -0.204404 0.850891 0.168667
0.474805 -0.142310 1.968883 0.453044 -0.208347 0.849455 0.172535
0.475571 -0.148075 1.968610 0.452747 -0.211877 0.847995 0.176162
0.476216 -0.152999 1.968279 0.452626 -0.214792 0.846647 0.179394
0.477049 -0.158483 1.968020 0.452519 -0.217217 0.845181 0.183608
0.477731 -0.165080 1.967928 0.452135 -0.220181 0.843638 0.188066
0.478268 -0.171024 1.967748 0.451943 -0.222653 0.842239 0.191855
0.478735 -0.176157 1.967502 0.451936 -0.224976 0.840838 0.195273
0.479379 -0.181772 1.967431 0.451698 -0.227724 0.839191 0.199674
0.480012 -0.187574 1.967381 0.451478 -0.230436 0.837535 0.203965
0.480579 -0.192669 1.967218 0.451516 -0.232832 0.835900 0.207833
0.481073 -0.196909 1.966997 0.451669 -0.234699 0.834466 0.211133
0.481868 -0.202447 1.967178 0.451519 -0.237974 0.832406 0.215871
0.482591 -0.208133 1.967392 0.451532 -0.240809 0.830431 0.220263
0.483245 -0.213100 1.967468 0.451777 -0.243363 0.828488 0.224233
0.483815 -0.217293 1.967462 0.452088 -0.245486 0.826737 0.227725
0.484449 -0.222531 1.967615 0.451890 -0.248266 0.824820 0.232016
0.485016 -0.227554 1.967635 0.451910 -0.250269 0.823144 0.235746
0.485520 -0.231878 1.967566 0.452056 -0.252083 0.821560 0.239038
0.485975 -0.235609 1.967478 0.452197 -0.253726 0.820085 0.242078
0.486665 -0.240540 1.967576 0.451832 -0.256426 0.818098 0.246595
0.487337 -0.245110 1.967513 0.451769 -0.258415 0.816308 0.250536
0.487931 -0.249005 1.967361 0.451851 -0.260133 0.814646 0.253995
0.488450 -0.252366 1.967188 0.451974 -0.261618 0.813134 0.257080
0.488912 -0.256042 1.967127 0.451982 -0.263284 0.811582 0.260246
0.489300 -0.259269 1.967015 0.452175 -0.264367 0.810256 0.262933
0.489639 -0.261987 1.966886 0.452368 -0.265367 0.809076 0.265216
0.489939 -0.264445 1.966810 0.452387 -0.266591 0.807974 0.267309
0.490301 -0.267217 1.966858 0.452064 -0.268409 0.806874 0.269347
0.490695 -0.269558 1.966780 0.452014 -0.269647 0.805901 0.271104
0.491036 -0.271504 1.966677 0.452014 -0.270639 0.805046 0.272649
0.491307 -0.273313 1.966548 0.451925 -0.271616 0.804305 0.274012
0.491469 -0.275446 1.966317 0.451617 -0.272646 0.803748 0.275129
0.491594 -0.277352 1.966050 0.451430 -0.273390 0.803291 0.276030
0.491718 -0.278953 1.965775 0.451343 -0.273964 0.802870 0.276828
0.491898 -0.280152 1.965437 0.451499 -0.274073 0.802395 0.277839
0.492064 -0.280919 1.965163 0.451629 -0.273998 0.801872 0.279209
0.492070 -0.281667 1.965024 0.451464 -0.274353 0.801443 0.280355
0.492022 -0.282335 1.964931 0.451296 -0.274641 0.801154 0.281169
0.492014 -0.282685 1.964772 0.451342 -0.274438 0.800914 0.281975
0.492002 -0.282751 1.964573 0.451310 -0.274223 0.800816 0.282516
0.492012 -0.282782 1.964389 0.451214 -0.274178 0.800773 0.282835
0.492038 -0.282807 1.964214 0.451132 -0.274164 0.800736 0.283081
0.491883 -0.282670 1.963708 0.451085 -0.274132 0.800770 0.283094
0.491719 -0.282298 1.963049 0.451156 -0.273827 0.800732 0.283382
0.491628 -0.281885 1.962473 0.451376 -0.273275 0.800633 0.283845
0.491577 -0.281502 1.961962 0.451650 -0.272673 0.800519 0.284305
0.491218 -0.280806 1.961154 0.452843 -0.270608 0.799927 0.286044
0.490899 -0.279585 1.960419 0.454416 -0.267402 0.799412 0.287999
0.490594 -0.278499 1.959975 0.455170 -0.265523 0.799322 0.288796
0.490368 -0.277568 1.959612 0.455720 -0.264148 0.799288 0.289283
0.489491 -0.276303 1.958822 0.457196 -0.261087 0.798484 0.291939
0.488825 -0.274686 1.957922 0.459146 -0.257239 0.797542 0.294857
0.488293 -0.273272 1.957214 0.460582 -0.254299 0.796843 0.297048
0.487685 -0.272269 1.956799 0.461122 -0.252910 0.796497 0.298321
0.485751 -0.270993 1.956113 0.461823 -0.250809 0.796097 0.300071
0.483927 -0.269530 1.955684 0.462461 -0.248587 0.795929 0.301382
0.482384 -0.268206 1.955452 0.462825 -0.246846 0.795930 0.302251
0.481027 -0.267082 1.955298 0.463039 -0.245477 0.795939 0.303015
0.478176 -0.265589 1.955402 0.462907 -0.243418 0.795550 0.305885
0.475364 -0.264024 1.956123 0.462157 -0.241821 0.795739 0.307787
0.472857 -0.262665 1.957006 0.461188 -0.240696 0.796136 0.309095
0.470499 -0.261543 1.957787 0.460248 -0.239900 0.796438 0.310332
0.466565 -0.260194 1.958247 0.459444 -0.239195 0.796087 0.312957
0.462901 -0.258888 1.959086 0.458297 -0.238816 0.796151 0.314760
0.459696 -0.257805 1.959984 0.457062 -0.238727 0.796380 0.316044
0.456645 -0.256844 1.960725 0.455990 -0.238524 0.796503 0.317431
0.452309 -0.255113 1.961536 0.455102 -0.236842 0.796585 0.319750
0.448337 -0.253338 1.962804 0.453723 -0.235517 0.797222 0.321099
0.444886 -0.251808 1.964081 0.452256 -0.234628 0.797963 0.321976
0.441451 -0.250377 1.965008 0.451123 -0.233958 0.798399 0.322971
0.436814 -0.248036 1.965728 0.450629 -0.232556 0.798474 0.324486
0.432692 -0.245582 1.966884 0.449618 -0.231289 0.799182 0.325050
0.429167 -0.243407 1.968040 0.448478 -0.230344 0.800022 0.325227
0.425451 -0.241344 1.968671 0.447958 -0.229633 0.800282 0.325809
0.420490 -0.238582 1.968964 0.448417 -0.228345 0.799837 0.327172
0.416037 -0.235926 1.969732 0.448134 -0.227330 0.800086 0.327658
0.412185 -0.233670 1.970559 0.447546 -0.226699 0.800538 0.327795
0.407990 -0.231401 1.970800 0.447447 -0.226522 0.800527 0.328079
0.402777 -0.227971 1.971007 0.447871 -0.225388 0.800284 0.328873
0.397926 -0.224382 1.972122 0.447168 -0.224075 0.801026 0.328921
0.393651 -0.221205 1.973431 0.445988 -0.223106 0.802117 0.328521
0.388942 -0.218227 1.973878 0.445430 -0.223426 0.802303 0.328609
0.383420 -0.214544 1.973832 0.445448 -0.224562 0.801677 0.329336
0.378388 -0.210400 1.974652 0.444544 -0.225368 0.801993 0.329238
0.374021 -0.206520 1.975791 0.443101 -0.226035 0.802872 0.328582
0.369104 -0.202754 1.976019 0.442364 -0.226673 0.802841 0.329211
0.363693 -0.198365 1.975862 0.442184 -0.226860 0.802408 0.330377
0.358702 -0.193380 1.976558 0.441286 -0.226532 0.803040 0.330268
0.354316 -0.188388 1.977756 0.439751 -0.226015 0.804447 0.329242
0.349242 -0.183763 1.977913 0.439004 -0.225849 0.804769 0.329567
0.343844 -0.178989 1.977850 0.438727 -0.225526 0.804744 0.330219
0.338709 -0.173820 1.978629 0.437687 -0.224901 0.805734 0.329609
0.334089 -0.168355 1.979895 0.436145 -0.224092 0.807632 0.327553
0.328867 -0.162815 1.980089 0.435137 -0.222979 0.808424 0.327700
0.323748 -0.156964 1.980138 0.434463 -0.221306 0.809068 0.328137
0.319090 -0.150844 1.980750 0.433308 -0.219471 0.810642 0.327010
0.315156 -0.144606 1.981482 0.432188 -0.217480 0.812798 0.324462
0.310351 -0.138309 1.981412 0.431425 -0.215603 0.814114 0.323428
0.305373 -0.131888 1.981754 0.430313 -0.213523 0.815718 0.322244
0.300493 -0.125354 1.982810 0.428508 -0.211405 0.818190 0.319770
0.296122 -0.118828 1.983987 0.426673 -0.209276 0.821166 0.315977
0.291339 -0.111934 1.983928 0.426105 -0.206723 0.822827 0.314095
0.286680 -0.104687 1.984202 0.425292 -0.203626 0.824784 0.312082
0.282383 -0.097417 1.984870 0.424069 -0.200481 0.827450 0.308704
