0.294870 0.209192 1.854970 0.525541 -0.121686 0.836409 0.097054
0.294950 0.206913 1.858894 0.522488 -0.121421 0.837814 0.101634
0.295060 0.204760 1.862169 0.519897 -0.121609 0.838913 0.105568
0.295282 0.203024 1.865743 0.517243 -0.120545 0.840127 0.110067
0.295764 0.201240 1.870410 0.513826 -0.119696 0.841797 0.114165
0.296257 0.199225 1.874515 0.510787 -0.119911 0.843137 0.117635
0.296717 0.197305 1.877930 0.508228 -0.120425 0.844178 0.120688
0.297284 0.195812 1.881270 0.505973 -0.119671 0.845102 0.124387
0.298344 0.194547 1.886082 0.503042 -0.118002 0.846577 0.127794
0.299358 0.192796 1.890481 0.500323 -0.117833 0.847795 0.130524
0.300276 0.190972 1.894185 0.498023 -0.118196 0.848712 0.133005
0.301161 0.189374 1.897448 0.496025 -0.117960 0.849432 0.136053
0.302729 0.187931 1.901892 0.493092 -0.115766 0.850656 0.140866
0.304402 0.185804 1.905904 0.490436 -0.115291 0.851551 0.145054
0.305953 0.183513 1.909253 0.488254 -0.115544 0.852107 0.148900
0.307332 0.181397 1.912049 0.486447 -0.115893 0.852474 0.152402
0.309306 0.179872 1.915913 0.483799 -0.113320 0.853486 0.157028
0.311494 0.177605 1.919589 0.481216 -0.112352 0.854329 0.161029
0.313541 0.175033 1.922657 0.479136 -0.112362 0.854764 0.164866
0.315345 0.172569 1.925196 0.477444 -0.112737 0.854989 0.168319
0.317776 0.170910 1.928034 0.475639 -0.109871 0.855392 0.173205
0.320796 0.168814 1.930608 0.473872 -0.107400 0.855691 0.178056
0.323721 0.166274 1.932599 0.472612 -0.106150 0.855533 0.182849
0.326327 0.163751 1.934192 0.471671 -0.105548 0.855188 0.187188
0.329162 0.161699 1.936138 0.470791 -0.103548 0.855042 0.191150
0.332289 0.159240 1.938420 0.469869 -0.102084 0.855020 0.194275
0.335102 0.156400 1.940386 0.469187 -0.101809 0.854734 0.197301
0.337531 0.153635 1.942040 0.468675 -0.102055 0.854348 0.200047
0.340259 0.151260 1.943759 0.468442 -0.101737 0.853834 0.202928
0.343940 0.148450 1.945651 0.468558 -0.101672 0.853081 0.205836
0.347379 0.145101 1.947163 0.468901 -0.102625 0.852029 0.208918
0.350388 0.141784 1.948392 0.469308 -0.103954 0.850931 0.211802
0.353225 0.138948 1.949576 0.469771 -0.104910 0.849979 0.214113
0.356497 0.136616 1.951207 0.470254 -0.105060 0.849420 0.215198
0.359332 0.134168 1.952694 0.470659 -0.105736 0.848856 0.216200
0.361721 0.131857 1.953975 0.471012 -0.106605 0.848314 0.217134
0.363896 0.129889 1.955135 0.471377 -0.107284 0.847839 0.217859
0.367241 0.128029 1.956761 0.472118 -0.107159 0.847452 0.217825
0.370386 0.125416 1.958218 0.472885 -0.108062 0.846797 0.218259
0.373113 0.122608 1.959459 0.473612 -0.109473 0.846026 0.218967
0.375438 0.119970 1.960525 0.474242 -0.110972 0.845304 0.219640
0.378449 0.117659 1.961783 0.474643 -0.112542 0.845270 0.218101
0.381415 0.114996 1.962766 0.475172 -0.114362 0.844950 0.217238
0.384020 0.112311 1.963525 0.475745 -0.116265 0.844450 0.216921
0.386234 0.109859 1.964142 0.476270 -0.118023 0.843931 0.216834
0.389329 0.108058 1.964723 0.477342 -0.118542 0.843616 0.215419
0.392708 0.106066 1.965016 0.478728 -0.118869 0.843042 0.214403
0.395695 0.103945 1.965141 0.480056 -0.119524 0.842302 0.213979
0.398238 0.101953 1.965217 0.481221 -0.120276 0.841578 0.213792
0.401242 0.100616 1.965475 0.482108 -0.120351 0.841328 0.212732
0.404794 0.099527 1.965479 0.483058 -0.119750 0.841128 0.211708
0.408006 0.098362 1.965222 0.484107 -0.119317 0.840683 0.211318
0.410769 0.097269 1.964915 0.485083 -0.119015 0.840198 0.211181
0.413462 0.096472 1.964797 0.485717 -0.118669 0.840153 0.210096
0.416456 0.095641 1.964795 0.486100 -0.118209 0.840429 0.208356
0.419134 0.094541 1.964668 0.486585 -0.118109 0.840412 0.207350
0.421431 0.093406 1.964522 0.487064 -0.118196 0.840271 0.206744
0.423649 0.092402 1.964443 0.487503 -0.118527 0.840218 0.205729
0.426633 0.091214 1.964251 0.488167 -0.119303 0.840165 0.203915
0.429439 0.089664 1.963813 0.489025 -0.120265 0.839735 0.203065
0.431892 0.088067 1.963345 0.489869 -0.121265 0.839190 0.202691
0.434006 0.086772 1.962945 0.490490 -0.121859 0.838896 0.202047
0.436623 0.085874 1.962286 0.490709 -0.121904 0.839192 0.200254
0.439325 0.084654 1.961171 0.491388 -0.122163 0.838890 0.199695
0.441568 0.083483 1.960184 0.491920 -0.122498 0.838592 0.199429
0.442801 0.082134 1.960113 0.491566 -0.123898 0.838715 0.198923
0.444925 0.080609 1.960192 0.490831 -0.125425 0.839499 0.196455
0.447972 0.078545 1.959115 0.491356 -0.126226 0.839253 0.195682
0.450959 0.076474 1.957602 0.492331 -0.126618 0.838582 0.195851
0.453622 0.074532 1.956109 0.493365 -0.127033 0.837784 0.196398
0.456491 0.072375 1.954634 0.494081 -0.127541 0.837541 0.195299
0.458988 0.069410 1.953540 0.494174 -0.128996 0.837559 0.194026
0.461137 0.066313 1.952665 0.494400 -0.130555 0.837273 0.193647
0.462329 0.063212 1.952368 0.493960 -0.132675 0.837320 0.193123
0.463087 0.059730 1.952672 0.492984 -0.135760 0.837697 0.191831
0.463947 0.055374 1.953204 0.491804 -0.139389 0.838101 0.190490
0.464717 0.050744 1.953755 0.490718 -0.143240 0.838233 0.189851
0.465394 0.046340 1.954242 0.489810 -0.146640 0.838188 0.189797
0.466127 0.041969 1.954637 0.488828 -0.150063 0.838230 0.189467
0.467030 0.036407 1.955021 0.487413 -0.154438 0.838367 0.188992
0.467818 0.030514 1.955430 0.486032 -0.158986 0.838301 0.189074
0.468501 0.024897 1.955797 0.484849 -0.163196 0.838055 0.189610
0.469224 0.019731 1.956052 0.483878 -0.166665 0.837719 0.190556
0.470207 0.013810 1.956302 0.482642 -0.170390 0.837335 0.192075
0.471054 0.007716 1.956591 0.481424 -0.174243 0.836857 0.193753
0.471790 0.002016 1.956833 0.480409 -0.177846 0.836271 0.195522
0.472480 -0.003135 1.957015 0.479591 -0.181068 0.835648 0.197230
0.473449 -0.009500 1.957333 0.478494 -0.184950 0.835045 0.198838
0.474352 -0.016546 1.957653 0.477458 -0.189234 0.834181 0.200915
0.475134 -0.023346 1.957886 0.476634 -0.193419 0.833133 0.203221
0.475826 -0.029457 1.958022 0.476032 -0.197155 0.832043 0.205491
0.476769 -0.035981 1.957983 0.475176 -0.200643 0.831251 0.207294
0.477567 -0.042876 1.957989 0.474166 -0.204210 0.830477 0.209217
0.478209 -0.049369 1.957948 0.473333 -0.207606 0.829589 0.211275
0.478682 -0.055156 1.957892 0.472612 -0.210649 0.828728 0.213249
0.479260 -0.061469 1.957879 0.471495 -0.214482 0.827931 0.214986
0.479834 -0.068666 1.957828 0.470258 -0.218565 0.827055 0.216946
0.480311 -0.075500 1.957680 0.469277 -0.222289 0.826084 0.218979
0.480722 -0.081539 1.957455 0.468557 -0.225521 0.825097 0.220929
0.481203 -0.087586 1.957273 0.467855 -0.228470 0.824177 0.222813
0.481687 -0.094681 1.957181 0.467036 -0.231465 0.823257 0.224834
0.482085 -0.101502 1.957017 0.466380 -0.234485 0.822231 0.226811
0.482439 -0.107574 1.956764 0.465955 -0.237316 0.821134 0.228706
0.482933 -0.113385 1.956572 0.465536 -0.240300 0.819887 0.230905
0.483661 -0.120351 1.956551 0.465003 -0.243679 0.818309 0.234016
0.484275 -0.127024 1.956448 0.464632 -0.246802 0.816740 0.236942
0.484806 -0.132931 1.956247 0.464460 -0.249631 0.815194 0.239626
0.485337 -0.138280 1.956038 0.464289 -0.252311 0.813733 0.242103
0.486002 -0.144841 1.955966 0.463738 -0.255636 0.812179 0.244874
0.486575 -0.151270 1.955782 0.463403 -0.258672 0.810592 0.247562
0.487086 -0.156963 1.955482 0.463301 -0.261320 0.809029 0.250071
0.487550 -0.161946 1.955162 0.463235 -0.263749 0.807601 0.252252
0.488095 -0.168445 1.955053 0.462618 -0.267125 0.806190 0.254335
0.488521 -0.175089 1.954883 0.462167 -0.270151 0.804782 0.256406
0.488913 -0.181099 1.954548 0.461984 -0.273129 0.803251 0.258378
0.489295 -0.186239 1.954096 0.462045 -0.275588 0.801760 0.260283
0.490005 -0.191969 1.953922 0.461923 -0.278711 0.799795 0.263202
0.490630 -0.197629 1.953808 0.461929 -0.281299 0.797902 0.266165
0.491166 -0.202582 1.953630 0.462026 -0.283607 0.796174 0.268711
0.491650 -0.206775 1.953384 0.462251 -0.285517 0.794585 0.270995
0.492404 -0.211316 1.953246 0.462570 -0.287476 0.792308 0.275017
0.493088 -0.216186 1.953232 0.462843 -0.289306 0.789933 0.279437
0.493690 -0.220480 1.953146 0.463222 -0.290797 0.787801 0.283252
0.494230 -0.224106 1.953001 0.463635 -0.292043 0.785914 0.286517
0.494772 -0.227863 1.952862 0.463723 -0.293795 0.784256 0.289118
0.495189 -0.232193 1.952756 0.463663 -0.295349 0.782793 0.291583
0.495502 -0.236168 1.952632 0.463567 -0.297013 0.781500 0.293510
0.495823 -0.239556 1.952420 0.463637 -0.298393 0.780285 0.295223
0.496250 -0.242682 1.952182 0.463839 -0.299528 0.778869 0.297490
0.496723 -0.246152 1.952035 0.464026 -0.300458 0.777152 0.300731
0.497099 -0.249261 1.951898 0.464222 -0.301182 0.775687 0.303476
0.497445 -0.251884 1.951730 0.464458 -0.301763 0.774410 0.305790
0.497836 -0.254212 1.951537 0.464616 -0.302467 0.773236 0.307818
0.498329 -0.256943 1.951392 0.464300 -0.303959 0.771972 0.309990
0.498674 -0.259467 1.951296 0.463999 -0.305217 0.770899 0.311871
0.498982 -0.261622 1.951170 0.463823 -0.306219 0.769959 0.313467
0.499286 -0.263422 1.950998 0.463800 -0.306935 0.769101 0.314906
0.499633 -0.264972 1.950752 0.464172 -0.306841 0.768088 0.316914
0.499811 -0.266392 1.950650 0.464341 -0.306941 0.767242 0.318614
0.499965 -0.267605 1.950558 0.464499 -0.307048 0.766528 0.319995
0.500122 -0.268610 1.950452 0.464666 -0.307132 0.765912 0.321145
0.500379 -0.269405 1.950007 0.465014 -0.306649 0.765166 0.322876
0.500411 -0.270245 1.949705 0.465007 -0.306546 0.764526 0.324495
0.500416 -0.271011 1.949436 0.464985 -0.306475 0.764038 0.325741
0.500385 -0.271728 1.949153 0.464902 -0.306577 0.763607 0.326772
0.500175 -0.272447 1.948751 0.464075 -0.307662 0.763578 0.326997
0.500093 -0.272834 1.948250 0.463467 -0.307989 0.763568 0.327575
0.500173 -0.272959 1.947730 0.463256 -0.307631 0.763527 0.328303
0.500278 -0.273039 1.947262 0.463223 -0.307201 0.763346 0.329173
0.499858 -0.273056 1.946631 0.463330 -0.306047 0.762821 0.331308
0.499756 -0.272411 1.945343 0.464728 -0.301994 0.761928 0.335100
0.499547 -0.272018 1.944288 0.465281 -0.299903 0.761279 0.337677
0.499243 -0.271864 1.943486 0.465466 -0.298774 0.760805 0.339488
0.498430 -0.271704 1.942836 0.465366 -0.297596 0.760349 0.341673
0.497179 -0.270823 1.942375 0.465279 -0.294464 0.760280 0.344644
0.496299 -0.269701 1.942001 0.465229 -0.291561 0.760426 0.346852
0.495676 -0.268563 1.941664 0.465216 -0.289039 0.760620 0.348551
0.494850 -0.267459 1.941378 0.465297 -0.286385 0.760464 0.350965
0.492835 -0.266137 1.941524 0.464756 -0.283611 0.760110 0.354682
0.491000 -0.264812 1.941975 0.463947 -0.281429 0.760158 0.357367
0.489405 -0.263633 1.942483 0.463120 -0.279702 0.760331 0.359421
0.487889 -0.262619 1.942936 0.462401 -0.278117 0.760391 0.361443
0.484919 -0.261476 1.943448 0.461233 -0.275882 0.760239 0.364951
0.482109 -0.260454 1.944213 0.459806 -0.274378 0.760404 0.367533
0.479632 -0.259624 1.944993 0.458429 -0.273342 0.760632 0.369548
0.477490 -0.258987 1.945685 0.457205 -0.272655 0.760822 0.371177
0.473733 -0.258248 1.946248 0.456209 -0.271561 0.759800 0.375275
0.469905 -0.257445 1.947274 0.454668 -0.271254 0.759397 0.378172
0.466491 -0.256744 1.948403 0.453056 -0.271249 0.759312 0.380276
0.463526 -0.256199 1.949431 0.451583 -0.271439 0.759306 0.381900
0.459401 -0.255147 1.950270 0.450396 -0.270879 0.758619 0.385053
0.455464 -0.253046 1.951427 0.449482 -0.269063 0.758408 0.387799
0.452237 -0.250599 1.952604 0.448239 -0.267539 0.759044 0.389046
0.449332 -0.248509 1.953837 0.446815 -0.266653 0.759871 0.389676
0.446011 -0.245932 1.954305 0.446529 -0.264554 0.760147 0.390895
0.441503 -0.242839 1.955160 0.445349 -0.264113 0.761084 0.390718
0.437268 -0.240032 1.956520 0.443579 -0.264158 0.762565 0.389811
0.433507 -0.237721 1.957855 0.441828 -0.264464 0.763993 0.388797
0.429358 -0.235536 1.958885 0.440501 -0.264037 0.764661 0.389276
0.423602 -0.232449 1.960156 0.438737 -0.263044 0.765543 0.390206
0.418443 -0.228893 1.961762 0.436762 -0.262553 0.767204 0.389490
0.414210 -0.225050 1.963325 0.434989 -0.261862 0.769230 0.387940
0.410415 -0.221311 1.964551 0.433676 -0.260504 0.770867 0.387075
0.405353 -0.217443 1.965422 0.432680 -0.258501 0.771668 0.387934
0.400776 -0.213495 1.966470 0.431563 -0.257309 0.772969 0.387380
0.397000 -0.209281 1.967455 0.430708 -0.256327 0.774593 0.385736
0.393905 -0.204833 1.968292 0.430144 -0.254974 0.776297 0.383831
0.388998 -0.200620 1.968628 0.429284 -0.253398 0.776792 0.384835
0.384186 -0.196782 1.969006 0.428255 -0.252987 0.777572 0.384679
0.380091 -0.192878 1.969397 0.427487 -0.252854 0.778650 0.383436
0.376787 -0.188687 1.969733 0.427082 -0.252558 0.780022 0.381287
0.372043 -0.184109 1.970204 0.426143 -0.250794 0.780440 0.382645
0.367050 -0.179474 1.971168 0.424356 -0.249583 0.781709 0.382834
0.362723 -0.174726 1.972198 0.422745 -0.248605 0.783467 0.381655
0.359168 -0.169775 1.973112 0.421571 -0.247518 0.785500 0.379476
0.354904 -0.164441 1.973994 0.420409 -0.245230 0.786328 0.380536
0.350138 -0.158717 1.975299 0.418341 -0.242801 0.787750 0.381429
0.345988 -0.152828 1.976656 0.416400 -0.240504 0.789840 0.380686
0.342542 -0.146832 1.977857 0.414912 -0.238168 0.792241 0.378784
0.338756 -0.140843 1.978861 0.413706 -0.235839 0.793629 0.378656
0.334232 -0.134861 1.979920 0.411863 -0.234013 0.794946 0.379036
0.330279 -0.128829 1.980954 0.410248 -0.232170 0.796840 0.377942
0.326951 -0.122757 1.981855 0.409063 -0.230166 0.799057 0.375765
0.323637 -0.116691 1.982634 0.408088 -0.228381 0.800686 0.374444
0.319594 -0.110277 1.983449 0.406256 -0.227108 0.802075 0.374238
0.316123 -0.103526 1.984228 0.404679 -0.225136 0.804179 0.372619
0.313196 -0.096689 1.984902 0.403545 -0.222707 0.806640 0.369981
0.310475 -0.089900 1.985513 0.402830 -0.220287 0.808769 0.367552
0.306797 -0.082727 1.986419 0.401312 -0.218610 0.810193 0.367078
0.303419 -0.075104 1.987386 0.399684 -0.216082 0.812586 0.365055
