0.428672 0.193774 1.754540 0.633608 -0.150056 0.752247 -0.100739
0.428339 0.193913 1.754312 0.633021 -0.157874 0.750062 -0.108474
0.427827 0.194161 1.754280 0.632275 -0.165124 0.748015 -0.115914
0.427452 0.194360 1.754360 0.631566 -0.170482 0.746576 -0.121183
0.427173 0.194513 1.754421 0.630379 -0.179364 0.743842 -0.130955
0.426921 0.194703 1.754668 0.628797 -0.187815 0.741318 -0.140668
0.426741 0.194904 1.754879 0.627564 -0.193899 0.739460 -0.147532
0.426327 0.195083 1.755211 0.626013 -0.202188 0.736629 -0.156864
0.425841 0.195126 1.755740 0.624207 -0.209902 0.734179 -0.165192
0.425445 0.195220 1.756210 0.622847 -0.215397 0.732342 -0.171291
0.424819 0.195525 1.756830 0.620387 -0.224100 0.729639 -0.180347
0.424170 0.195845 1.757561 0.618029 -0.231625 0.727314 -0.188158
0.423630 0.196204 1.758076 0.616434 -0.236833 0.725504 -0.193808
0.423128 0.196724 1.758789 0.613442 -0.244767 0.723085 -0.202303
0.422709 0.197197 1.759537 0.610614 -0.251627 0.720995 -0.209762
0.422392 0.197580 1.760026 0.608727 -0.256386 0.719358 -0.215038
0.421645 0.198096 1.760638 0.605629 -0.264485 0.716493 -0.223380
0.420774 0.198684 1.761752 0.602171 -0.271628 0.714261 -0.231169
0.420136 0.199110 1.762477 0.599867 -0.276718 0.712466 -0.236599
0.419203 0.199467 1.763380 0.596103 -0.285548 0.708726 -0.246638
0.418419 0.199732 1.764271 0.592840 -0.292710 0.705810 -0.254351
0.417794 0.199971 1.764911 0.590488 -0.297965 0.703398 -0.260330
0.417299 0.200034 1.765230 0.586626 -0.307068 0.698906 -0.270386
0.416902 0.200044 1.765650 0.582991 -0.314630 0.695309 -0.278702
0.416592 0.200150 1.765837 0.580421 -0.320221 0.692414 -0.284838
0.416192 0.200288 1.765596 0.575740 -0.330648 0.687267 -0.294721
0.415769 0.200620 1.765582 0.571269 -0.339330 0.682983 -0.303383
0.415444 0.200875 1.765533 0.567988 -0.345821 0.679579 -0.309792
0.415091 0.200950 1.765346 0.563656 -0.354511 0.674457 -0.318938
0.414758 0.201035 1.765240 0.559785 -0.361715 0.670161 -0.326630
0.414524 0.201094 1.765191 0.556503 -0.367761 0.666398 -0.333123
0.414628 0.201397 1.765106 0.551518 -0.376800 0.660706 -0.342515
0.414757 0.201628 1.765101 0.547325 -0.384031 0.656143 -0.349901
0.414823 0.201893 1.765150 0.543829 -0.389925 0.652093 -0.356347
0.414890 0.202194 1.765003 0.539569 -0.397098 0.647260 -0.363640
0.414965 0.202391 1.764911 0.535950 -0.402896 0.643414 -0.369392
0.415032 0.202624 1.764870 0.532778 -0.407824 0.639896 -0.374646
0.415250 0.202908 1.764687 0.528816 -0.413955 0.635456 -0.381040
0.415456 0.203117 1.764527 0.525612 -0.418799 0.631981 -0.385928
0.415650 0.203309 1.764385 0.522623 -0.423151 0.628594 -0.390740
0.415976 0.203464 1.764127 0.518767 -0.428407 0.624246 -0.397070
0.416259 0.203598 1.763935 0.515669 -0.432515 0.620830 -0.401978
0.416508 0.203881 1.763770 0.512935 -0.436234 0.617743 -0.406192
0.416822 0.204513 1.763382 0.509915 -0.440934 0.614574 -0.409712
0.417075 0.205092 1.763061 0.507513 -0.444580 0.612142 -0.412384
0.417181 0.205605 1.762863 0.505228 -0.447780 0.609716 -0.415313
0.417065 0.205946 1.762809 0.502489 -0.451262 0.606890 -0.418989
0.416950 0.206223 1.762810 0.500251 -0.454017 0.604631 -0.421946
0.416876 0.206458 1.762822 0.498083 -0.456522 0.602390 -0.425004
0.416901 0.206611 1.762780 0.495779 -0.459019 0.599957 -0.428435
0.416925 0.206746 1.762733 0.494009 -0.460933 0.598073 -0.431051
0.416851 0.206870 1.762713 0.492416 -0.462625 0.596404 -0.433367
0.416567 0.207036 1.762899 0.490769 -0.464204 0.594792 -0.435757
0.416299 0.207189 1.763156 0.489412 -0.465405 0.593514 -0.437739
0.415958 0.207353 1.763471 0.487835 -0.466848 0.591938 -0.440090
0.415521 0.207457 1.763786 0.486034 -0.468730 0.590096 -0.442549
0.415136 0.207535 1.764096 0.484555 -0.470202 0.588622 -0.444568
0.414562 0.207569 1.764363 0.483181 -0.471357 0.587287 -0.446601
0.413808 0.207579 1.764510 0.481942 -0.472349 0.586191 -0.448330
0.413132 0.207653 1.764651 0.480861 -0.473164 0.585206 -0.449915
0.412558 0.207545 1.764876 0.479718 -0.474052 0.584207 -0.451495
0.412006 0.207302 1.765426 0.478511 -0.474742 0.583154 -0.453409
0.411524 0.207104 1.766037 0.477452 -0.475215 0.582254 -0.455181
0.410939 0.207050 1.766547 0.477101 -0.475089 0.582309 -0.455611
0.410287 0.207126 1.766806 0.476733 -0.475291 0.582817 -0.455134
0.409753 0.207210 1.767094 0.476158 -0.475608 0.583184 -0.454935
0.409161 0.206939 1.767544 0.476343 -0.475296 0.585990 -0.451449
0.408576 0.206351 1.768018 0.476453 -0.475336 0.589423 -0.446799
0.408161 0.205698 1.768371 0.476286 -0.475676 0.591958 -0.443250
0.407448 0.204592 1.769078 0.478776 -0.473158 0.599457 -0.433066
0.406432 0.203692 1.769946 0.481459 -0.470175 0.607199 -0.422423
0.405488 0.203220 1.770717 0.483350 -0.467783 0.612666 -0.414962
0.404223 0.203032 1.771621 0.487874 -0.462461 0.621460 -0.402363
0.402433 0.204133 1.772645 0.493680 -0.455059 0.630094 -0.390106
0.400738 0.205669 1.773519 0.498173 -0.448820 0.636139 -0.381720
0.398646 0.206942 1.774637 0.503637 -0.440129 0.645772 -0.368258
0.396224 0.208979 1.775725 0.509833 -0.429715 0.655423 -0.354731
0.394070 0.211149 1.776611 0.514746 -0.420900 0.662558 -0.344814
0.391086 0.212899 1.777792 0.519332 -0.410470 0.672447 -0.331093
0.387682 0.215702 1.778809 0.524711 -0.398309 0.681917 -0.317833
0.384695 0.218621 1.779603 0.529588 -0.387194 0.689388 -0.307182
0.380779 0.221305 1.781455 0.533310 -0.374453 0.698732 -0.295193
0.376547 0.224837 1.783632 0.537154 -0.360718 0.707379 -0.284539
0.372902 0.228212 1.785427 0.540705 -0.348353 0.714386 -0.275574
0.368348 0.230459 1.787488 0.543301 -0.335585 0.722580 -0.264734
0.363928 0.232840 1.789416 0.546128 -0.322713 0.730104 -0.254067
0.360287 0.234992 1.790969 0.548472 -0.311820 0.736048 -0.245315
0.355998 0.236636 1.792963 0.549921 -0.300513 0.743272 -0.234148
0.351801 0.238884 1.794844 0.551750 -0.288749 0.749748 -0.223771
0.348293 0.241020 1.796347 0.553130 -0.279041 0.754691 -0.215929
0.343783 0.242032 1.798471 0.553447 -0.267588 0.761435 -0.205696
0.339684 0.243154 1.800409 0.553992 -0.256536 0.767443 -0.195736
0.336355 0.244156 1.801949 0.554225 -0.247823 0.772036 -0.188092
0.332212 0.244812 1.803702 0.554154 -0.237199 0.778085 -0.176731
0.328335 0.246101 1.805175 0.554372 -0.226833 0.783183 -0.166860
0.325100 0.247357 1.806356 0.554323 -0.218574 0.787068 -0.159615
0.321382 0.247311 1.808345 0.553707 -0.208520 0.792462 -0.148092
0.318257 0.247066 1.810265 0.553294 -0.199433 0.797105 -0.136805
0.315735 0.246765 1.811856 0.552797 -0.192218 0.800717 -0.127749
0.312633 0.245301 1.814518 0.551613 -0.183249 0.805339 -0.116497
0.310081 0.243653 1.817132 0.550414 -0.176145 0.809151 -0.106263
0.308033 0.242173 1.819295 0.549291 -0.170703 0.812097 -0.098174
0.305739 0.239925 1.822255 0.548093 -0.163324 0.815599 -0.087853
0.303943 0.237592 1.824991 0.546927 -0.157875 0.818390 -0.078639
0.302470 0.235554 1.827276 0.545853 -0.153488 0.820660 -0.070730
0.300127 0.233488 1.830731 0.544053 -0.146304 0.824066 -0.059296
0.297956 0.231869 1.833933 0.542191 -0.140940 0.826795 -0.050736
0.296097 0.230581 1.836638 0.540533 -0.136134 0.829092 -0.043558
0.294241 0.228615 1.840149 0.538166 -0.130024 0.832033 -0.034536
0.292886 0.226486 1.843161 0.535959 -0.126685 0.834220 -0.027861
0.291835 0.224639 1.845816 0.534170 -0.123084 0.836100 -0.021187
0.290758 0.222206 1.850243 0.531378 -0.118403 0.838711 -0.013488
0.289945 0.219499 1.854257 0.528696 -0.116653 0.840718 -0.008135
0.289312 0.217286 1.857852 0.526487 -0.114044 0.842497 -0.001921
0.288311 0.215667 1.863184 0.523170 -0.109300 0.845173 0.005367
0.287289 0.214171 1.867873 0.520042 -0.106703 0.847392 0.009947
0.286496 0.212973 1.872058 0.517230 -0.103252 0.849458 0.015290
0.286186 0.211016 1.877425 0.513308 -0.099702 0.852115 0.021764
0.286158 0.208597 1.881877 0.510084 -0.098625 0.854032 0.026761
0.286335 0.206705 1.885732 0.507467 -0.096137 0.855691 0.032065
0.286850 0.205098 1.890239 0.504466 -0.092005 0.857719 0.036979
0.287374 0.203263 1.893960 0.501999 -0.089982 0.859212 0.040691
0.287988 0.201838 1.897300 0.499882 -0.086153 0.860625 0.044962
0.289086 0.199707 1.901382 0.497378 -0.081496 0.862286 0.049360
0.290224 0.196980 1.904810 0.495410 -0.079711 0.863368 0.053008
0.291434 0.194678 1.907954 0.493858 -0.076431 0.864240 0.057895
0.292924 0.191918 1.911747 0.492102 -0.072797 0.865180 0.063236
0.294253 0.188881 1.914959 0.490691 -0.071540 0.865772 0.067400
0.295406 0.186307 1.918137 0.488905 -0.068953 0.866614 0.072090
0.296553 0.183190 1.922068 0.486166 -0.066752 0.867946 0.076532
0.297590 0.179952 1.925340 0.484035 -0.066406 0.868841 0.080103
0.298955 0.177385 1.928618 0.481670 -0.065054 0.869952 0.083342
0.301123 0.174232 1.932270 0.478982 -0.064494 0.871180 0.086384
0.303123 0.170844 1.935158 0.477125 -0.065319 0.871843 0.089303
0.305318 0.168083 1.937979 0.475446 -0.064794 0.872473 0.092430
0.307951 0.164820 1.941023 0.473832 -0.064792 0.873009 0.095604
0.310206 0.161482 1.943475 0.472724 -0.065853 0.873215 0.098447
0.312551 0.158905 1.946123 0.471018 -0.065555 0.873942 0.100347
0.315235 0.155937 1.948995 0.469014 -0.065709 0.874826 0.101927
0.317526 0.152904 1.951268 0.467640 -0.066718 0.875284 0.103637
0.320397 0.150251 1.953621 0.465949 -0.066318 0.876016 0.105312
0.324282 0.146199 1.955702 0.464816 -0.067186 0.876203 0.108170
0.327712 0.141877 1.957234 0.464365 -0.069142 0.875899 0.111292
0.331893 0.138646 1.959121 0.464065 -0.069405 0.875687 0.114013
0.336581 0.135225 1.960929 0.464137 -0.069879 0.875227 0.116927
0.340425 0.131876 1.962302 0.464398 -0.070962 0.874634 0.119638
0.344997 0.129601 1.964397 0.463998 -0.069796 0.874733 0.121154
0.349897 0.126495 1.966580 0.463626 -0.069395 0.874694 0.123069
0.353899 0.123167 1.968310 0.463526 -0.070049 0.874400 0.125145
0.358905 0.120339 1.970417 0.463611 -0.069680 0.874151 0.126767
0.364230 0.116322 1.972243 0.464209 -0.070674 0.873386 0.129272
0.368554 0.112208 1.973666 0.464865 -0.072420 0.872513 0.131823
0.373698 0.109377 1.975793 0.465123 -0.072838 0.872183 0.132866
0.378627 0.106476 1.977755 0.465356 -0.073448 0.871827 0.134042
0.382519 0.103777 1.979293 0.465595 -0.074269 0.871441 0.135267
0.387214 0.102047 1.981273 0.464986 -0.073606 0.871849 0.135090
0.391865 0.099904 1.982691 0.464762 -0.073313 0.871901 0.135683
0.395638 0.097798 1.983687 0.464795 -0.073377 0.871734 0.136610
0.400752 0.096378 1.984727 0.465180 -0.072713 0.871581 0.136628
0.405860 0.094408 1.985028 0.466229 -0.072435 0.870851 0.137848
0.410006 0.092458 1.985107 0.467253 -0.072452 0.870076 0.139257
0.414361 0.091058 1.985551 0.467415 -0.072561 0.870228 0.137700
0.418247 0.089385 1.985729 0.467744 -0.072911 0.870126 0.137042
0.421127 0.087300 1.986190 0.467730 -0.074402 0.870021 0.136957
0.424744 0.085347 1.987241 0.467500 -0.076428 0.870097 0.136142
0.427768 0.082889 1.988247 0.467165 -0.078898 0.870112 0.135780
0.430219 0.080733 1.988979 0.467039 -0.080809 0.870000 0.135811
0.433022 0.078529 1.989496 0.466788 -0.082007 0.870212 0.134588
0.435221 0.076366 1.989765 0.466671 -0.082192 0.870314 0.134222
0.436885 0.075218 1.989976 0.466485 -0.081586 0.870593 0.133428
0.439804 0.074397 1.990248 0.466780 -0.080882 0.870681 0.132241
0.442243 0.073466 1.990231 0.467124 -0.079975 0.870665 0.131684
0.443975 0.072695 1.990497 0.467034 -0.079464 0.870872 0.130943
0.446660 0.070991 1.990150 0.467366 -0.079685 0.870729 0.130578
0.448756 0.068536 1.989915 0.467340 -0.080718 0.870628 0.130706
0.450309 0.066187 1.989970 0.467125 -0.081766 0.870607 0.130965
0.452529 0.063721 1.989574 0.467364 -0.081276 0.870328 0.132267
0.454717 0.061034 1.988861 0.467978 -0.081442 0.869714 0.134016
0.456568 0.058648 1.988258 0.468496 -0.081638 0.869189 0.135487
0.457982 0.054914 1.988226 0.468083 -0.082299 0.869174 0.136609
0.458597 0.050174 1.988654 0.467370 -0.084207 0.869114 0.138257
0.459052 0.045546 1.989144 0.466701 -0.086400 0.868969 0.140064
0.459698 0.040244 1.989573 0.465773 -0.088429 0.868870 0.142479
0.460202 0.034844 1.990066 0.464845 -0.091225 0.868689 0.144833
0.460590 0.029925 1.990548 0.464071 -0.093935 0.868440 0.147059
0.460938 0.024004 1.991020 0.463460 -0.096689 0.867970 0.149952
0.461224 0.017931 1.991499 0.462862 -0.100160 0.867390 0.152844
0.461490 0.012450 1.991873 0.462389 -0.103190 0.866809 0.155533
0.461839 0.005985 1.991955 0.461793 -0.106271 0.866322 0.157924
0.462099 -0.000371 1.992048 0.461172 -0.109682 0.865784 0.160340
0.462286 -0.005932 1.992121 0.460623 -0.112566 0.865285 0.162594
0.462520 -0.011805 1.992023 0.459911 -0.115526 0.864925 0.164440
0.462736 -0.017215 1.991901 0.459284 -0.118554 0.864505 0.166233
0.462943 -0.021967 1.991798 0.458834 -0.120908 0.864095 0.167909
0.463267 -0.027793 1.991718 0.458519 -0.122999 0.863553 0.170023
0.463520 -0.033483 1.991644 0.458249 -0.125527 0.862878 0.172314
0.463803 -0.038540 1.991586 0.458104 -0.127747 0.862087 0.175009
0.464282 -0.043841 1.991559 0.457862 -0.130131 0.861200 0.178222
0.464670 -0.048593 1.991512 0.457720 -0.132475 0.860292 0.181217
0.465017 -0.053046 1.991482 0.457556 -0.134717 0.859515 0.183653
0.465391 -0.059109 1.991477 0.457217 -0.137930 0.858649 0.186144
0.465684 -0.065036 1.991422 0.457091 -0.141394 0.857520 0.189037
0.466071 -0.070597 1.991426 0.457110 -0.144399 0.856332 0.192081
0.466657 -0.077013 1.991555 0.457079 -0.147545 0.855046 0.195463
0.467068 -0.082781 1.991624 0.456989 -0.150550 0.853897 0.198379
0.467521 -0.087905 1.991739 0.456858 -0.153243 0.852816 0.201252
0.468125 -0.093225 1.991889 0.456565 -0.156101 0.851769 0.204136
0.468574 -0.097720 1.991985 0.456270 -0.158555 0.850922 0.206425
0.469041 -0.101995 1.992196 0.456050 -0.160861 0.849996 0.208924
0.469618 -0.107251 1.992469 0.455989 -0.163937 0.848665 0.212053
