0.313682 0.000406 2.007401 0.379807 -0.136868 0.860388 0.311041
0.310119 0.007560 2.006828 0.379324 -0.134913 0.861909 0.308260
0.306251 0.014693 2.005970 0.378687 -0.133488 0.862868 0.306980
0.302601 0.022034 2.005230 0.378142 -0.131225 0.864369 0.304392
0.299098 0.029359 2.004640 0.377688 -0.128520 0.866249 0.300742
0.295465 0.036504 2.004082 0.377057 -0.126464 0.867947 0.297495
0.291556 0.043948 2.003431 0.376081 -0.124446 0.869499 0.295040
0.287754 0.051644 2.002873 0.375213 -0.121541 0.871516 0.291380
0.284023 0.059275 2.002427 0.374486 -0.118238 0.873796 0.286811
0.280273 0.066680 2.002058 0.373699 -0.115641 0.875675 0.283142
0.276384 0.074475 2.001619 0.372592 -0.113170 0.877216 0.280819
0.272502 0.082549 2.001190 0.371599 -0.109705 0.879226 0.277203
0.268599 0.090513 2.000824 0.370749 -0.105853 0.881485 0.272624
0.264670 0.098190 2.000579 0.369804 -0.102795 0.883523 0.268451
0.260622 0.106142 2.000370 0.368436 -0.100249 0.885352 0.265247
0.256491 0.114271 2.000119 0.367221 -0.096763 0.887533 0.260902
0.252279 0.122214 1.999886 0.366195 -0.092903 0.889873 0.255725
0.248006 0.129745 1.999701 0.365117 -0.089864 0.892090 0.250578
0.243723 0.137138 1.999390 0.363776 -0.087878 0.894049 0.246213
0.239412 0.144543 1.998982 0.362728 -0.085026 0.896133 0.241130
0.235023 0.151737 1.998591 0.361908 -0.081773 0.898278 0.235439
0.230735 0.158735 1.998275 0.361382 -0.078483 0.900153 0.230147
0.226798 0.166133 1.997920 0.361185 -0.074642 0.901617 0.225966
0.222690 0.173548 1.997484 0.361025 -0.070223 0.903277 0.220952
0.218374 0.180714 1.997071 0.360882 -0.065707 0.905041 0.215286
0.213992 0.187619 1.996785 0.360665 -0.061865 0.906731 0.209602
0.209710 0.195001 1.996569 0.360099 -0.058688 0.908321 0.204541
0.205164 0.202532 1.996192 0.359561 -0.054592 0.910077 0.198736
0.200367 0.209826 1.995793 0.359074 -0.050194 0.911883 0.192396
0.195609 0.216847 1.995577 0.358455 -0.046298 0.913721 0.185691
0.191079 0.224792 1.995551 0.357708 -0.042824 0.915725 0.177927
0.186385 0.232730 1.995392 0.356661 -0.038262 0.917793 0.170251
0.181979 0.239891 1.995179 0.355531 -0.033681 0.919660 0.163372
0.178242 0.246251 1.994955 0.354755 -0.029895 0.921131 0.157398
0.175202 0.253657 1.994551 0.354855 -0.025960 0.922255 0.151160
0.172056 0.261021 1.993921 0.354627 -0.021012 0.923431 0.145168
0.169086 0.267648 1.993235 0.354269 -0.016167 0.924482 0.139874
0.166592 0.273564 1.992659 0.354062 -0.012063 0.925319 0.135203
0.164903 0.280570 1.992429 0.354402 -0.008136 0.926066 0.129363
0.163157 0.287299 1.991975 0.354524 -0.003625 0.926795 0.123898
0.161500 0.293248 1.991421 0.354561 0.000672 0.927399 0.119234
0.160161 0.298503 1.990937 0.354722 0.004188 0.927842 0.115170
0.159748 0.304896 1.990723 0.355598 0.006843 0.928156 0.109684
0.159277 0.311087 1.990150 0.356314 0.010319 0.928421 0.104729
0.158776 0.316583 1.989429 0.356917 0.013805 0.928599 0.100610
0.158400 0.321456 1.988769 0.357519 0.016857 0.928684 0.097171
0.158838 0.327613 1.988567 0.358575 0.019660 0.928690 0.092591
0.159193 0.333506 1.988024 0.359485 0.023091 0.928668 0.088388
0.159444 0.338688 1.987324 0.360280 0.026452 0.928591 0.084955
0.159719 0.343239 1.986659 0.361078 0.029394 0.928449 0.082115
0.161370 0.349242 1.986350 0.363007 0.031898 0.927973 0.077933
0.163157 0.355067 1.985561 0.364871 0.035158 0.927422 0.074305
0.164772 0.360156 1.984547 0.366560 0.038390 0.926847 0.071524
0.166202 0.364562 1.983557 0.368077 0.041268 0.926296 0.069225
0.168589 0.370077 1.983123 0.370080 0.043558 0.925733 0.064519
0.171150 0.375179 1.982330 0.372051 0.046196 0.925080 0.060583
0.173528 0.379497 1.981366 0.373880 0.048693 0.924399 0.057704
0.175648 0.383153 1.980438 0.375537 0.050889 0.923743 0.055510
0.178882 0.387922 1.980137 0.378170 0.052408 0.922814 0.051521
0.182287 0.392634 1.979586 0.380679 0.054394 0.921851 0.048113
0.185323 0.396726 1.978797 0.382926 0.056467 0.920927 0.045534
0.187928 0.400212 1.977975 0.384881 0.058399 0.920088 0.043529
0.191489 0.404570 1.977711 0.387065 0.059576 0.919266 0.039778
0.195546 0.408866 1.976998 0.389299 0.061181 0.918335 0.036928
0.199327 0.412575 1.975951 0.391404 0.062969 0.917393 0.035052
0.202643 0.415697 1.974849 0.393282 0.064672 0.916519 0.033760
0.206958 0.419491 1.974369 0.396043 0.065431 0.915374 0.030981
0.211713 0.423150 1.973743 0.398817 0.066293 0.914176 0.028856
0.215977 0.426537 1.972915 0.401254 0.067542 0.913063 0.027385
0.219575 0.429468 1.972008 0.403347 0.068888 0.912073 0.026252
0.223825 0.432730 1.971883 0.405607 0.068881 0.911158 0.023007
0.228654 0.435644 1.971756 0.407903 0.068659 0.910209 0.020529
0.233087 0.438241 1.971429 0.409958 0.068823 0.909307 0.018908
0.236889 0.440419 1.970986 0.411743 0.069177 0.908497 0.017745
0.241495 0.443058 1.970717 0.414171 0.068329 0.907492 0.015863
0.246806 0.445589 1.969823 0.416866 0.067774 0.906317 0.014807
0.251853 0.447615 1.968547 0.419423 0.067625 0.905150 0.014655
0.256337 0.449238 1.967226 0.421700 0.067671 0.904084 0.014886
0.261028 0.451382 1.966529 0.424008 0.066516 0.903118 0.013064
0.266048 0.453106 1.965626 0.426406 0.065223 0.902106 0.011361
0.270818 0.454256 1.964569 0.428661 0.064157 0.901121 0.010696
0.275073 0.455044 1.963553 0.430657 0.063291 0.900233 0.010530
0.279567 0.456022 1.962921 0.432981 0.061763 0.899245 0.008370
0.284752 0.456444 1.961972 0.435585 0.059935 0.898126 0.006620
0.289887 0.456323 1.960851 0.438079 0.058221 0.897028 0.006191
0.294583 0.455929 1.959775 0.440312 0.056676 0.896032 0.006384
0.299159 0.456005 1.959323 0.441914 0.055259 0.895331 0.006379
0.303958 0.455913 1.958779 0.443419 0.053892 0.894670 0.006429
0.308528 0.455499 1.958075 0.444889 0.052658 0.894007 0.007188
0.312617 0.454961 1.957372 0.446211 0.051595 0.893401 0.008196
0.316482 0.454903 1.957014 0.447283 0.050056 0.892958 0.007660
0.320415 0.454989 1.956365 0.448364 0.048709 0.892497 0.006791
0.324087 0.454969 1.955465 0.449431 0.047783 0.892011 0.006668
0.327327 0.454920 1.954527 0.450391 0.047160 0.891559 0.006885
0.330292 0.455167 1.954047 0.450955 0.046657 0.891309 0.005595
0.333477 0.455167 1.953657 0.451452 0.046048 0.891098 0.003898
0.336628 0.454807 1.953187 0.452022 0.045360 0.890847 0.003195
0.339522 0.454293 1.952734 0.452574 0.044688 0.890602 0.003032
0.342379 0.454110 1.952594 0.452998 0.043654 0.890440 0.002040
0.345599 0.453944 1.952219 0.453539 0.042579 0.890218 0.000858
0.348798 0.453575 1.951571 0.454186 0.041724 0.889929 0.000615
0.351736 0.453139 1.950852 0.454821 0.041053 0.889635 0.000840
0.354656 0.453155 1.950449 0.455258 0.040576 0.889434 0.000579
0.358024 0.453125 1.949979 0.455717 0.040239 0.889215 0.000122
0.361423 0.452721 1.949328 0.456305 0.039821 0.888931 0.000511
0.364578 0.452156 1.948661 0.456900 0.039392 0.888644 0.001280
0.367827 0.452017 1.948284 0.457675 0.039039 0.888261 0.001742
0.371640 0.451797 1.947900 0.458693 0.038645 0.887752 0.001935
0.375458 0.451117 1.947377 0.459750 0.038056 0.887228 0.002855
0.378989 0.450247 1.946855 0.460733 0.037407 0.886740 0.004052
0.382377 0.449702 1.946579 0.461745 0.036817 0.886232 0.005310
0.385884 0.449346 1.946294 0.462845 0.036326 0.885673 0.006242
0.389163 0.448832 1.945848 0.463880 0.035910 0.885139 0.007439
0.392069 0.448295 1.945366 0.464792 0.035586 0.884662 0.008652
0.394775 0.448158 1.945134 0.465579 0.035405 0.884247 0.009499
0.397683 0.448241 1.944883 0.466347 0.035420 0.883840 0.009676
0.400516 0.448090 1.944400 0.467127 0.035457 0.883419 0.010334
0.403095 0.447845 1.943845 0.467846 0.035517 0.883025 0.011178
0.405451 0.447654 1.943464 0.468659 0.035430 0.882586 0.012021
0.407837 0.447427 1.943151 0.469715 0.034856 0.882043 0.012361
0.410082 0.447114 1.942700 0.470675 0.034429 0.881539 0.012969
0.412079 0.446801 1.942214 0.471501 0.034144 0.881098 0.013661
0.413850 0.446583 1.941874 0.472283 0.033924 0.880678 0.014256
0.415613 0.446367 1.941642 0.473140 0.033487 0.880234 0.014305
0.417280 0.446085 1.941313 0.473897 0.033170 0.879835 0.014593
0.418017 0.446757 1.940799 0.473897 0.034940 0.879787 0.013230
0.418105 0.447933 1.940382 0.473756 0.037268 0.879780 0.012368
0.418310 0.448660 1.940287 0.473842 0.038608 0.879676 0.012430
0.418969 0.448492 1.940495 0.474090 0.038562 0.879535 0.013054
0.419601 0.448260 1.940697 0.474190 0.038776 0.879464 0.013522
0.420015 0.448012 1.940921 0.474310 0.038847 0.879404 0.012995
0.420336 0.447593 1.941134 0.474521 0.039333 0.879265 0.013303
0.420678 0.447223 1.941236 0.474606 0.039904 0.879186 0.013772
0.420968 0.446931 1.941303 0.474681 0.040304 0.879122 0.014090
0.420999 0.446534 1.941431 0.474758 0.040406 0.879086 0.013385
0.420895 0.445604 1.941552 0.475150 0.040494 0.878846 0.014925
0.420762 0.445067 1.941430 0.475223 0.041307 0.878742 0.016377
0.420667 0.444566 1.941355 0.475305 0.041688 0.878658 0.017533
0.420306 0.443944 1.941365 0.475360 0.041635 0.878629 0.017614
0.419220 0.442657 1.941612 0.475801 0.040707 0.878379 0.020187
0.418294 0.441752 1.941649 0.476077 0.040500 0.878170 0.022977
0.417345 0.441274 1.941556 0.476149 0.040682 0.878066 0.025061
0.416296 0.440592 1.941524 0.476238 0.040166 0.878018 0.025832
0.414452 0.438925 1.941560 0.476417 0.038907 0.877911 0.028043
0.413025 0.437449 1.941444 0.476521 0.038448 0.877772 0.031096
0.411763 0.436388 1.941209 0.476493 0.038295 0.877704 0.033519
0.410417 0.435488 1.940972 0.476360 0.038011 0.877736 0.034886
0.407838 0.433964 1.940980 0.476205 0.036942 0.877772 0.037154
0.405554 0.432321 1.941007 0.476173 0.036117 0.877692 0.040167
0.403604 0.431013 1.940927 0.476050 0.035568 0.877662 0.042662
0.401765 0.429918 1.940829 0.475885 0.034869 0.877706 0.044173
0.398586 0.428693 1.940776 0.475758 0.033317 0.877774 0.045351
0.395524 0.427561 1.940660 0.475691 0.032645 0.877671 0.048432
0.392909 0.426597 1.940416 0.475534 0.032456 0.877561 0.051971
0.390599 0.425812 1.940139 0.475314 0.032208 0.877538 0.054460
0.387131 0.424853 1.940085 0.474995 0.031078 0.877678 0.055641
0.384030 0.423658 1.940110 0.474776 0.030686 0.877553 0.059564
0.381363 0.422450 1.939989 0.474446 0.030457 0.877461 0.063540
0.378929 0.421314 1.939833 0.473986 0.030036 0.877516 0.066339
0.375405 0.419956 1.939762 0.473654 0.028628 0.877718 0.066663
0.372292 0.418520 1.939600 0.473545 0.027971 0.877546 0.069908
0.369592 0.417114 1.939294 0.473335 0.027369 0.877422 0.073052
0.367105 0.415732 1.938977 0.472982 0.026529 0.877449 0.075287
0.363704 0.414260 1.938785 0.472679 0.025010 0.877577 0.076215
0.360751 0.412723 1.938485 0.472691 0.023975 0.877305 0.079520
0.358182 0.411193 1.938088 0.472615 0.022919 0.877099 0.082503
0.355827 0.409648 1.937716 0.472408 0.021640 0.877035 0.084692
0.352340 0.408024 1.937477 0.472151 0.019666 0.877125 0.085672
0.349180 0.406299 1.937192 0.472274 0.017944 0.876815 0.088498
0.346386 0.404550 1.936865 0.472291 0.016215 0.876582 0.091005
0.343847 0.402766 1.936574 0.472161 0.014372 0.876482 0.092933
0.340452 0.400889 1.936176 0.471916 0.012454 0.876509 0.094191
0.337565 0.399008 1.935415 0.472138 0.010999 0.876046 0.097509
0.335084 0.397133 1.934566 0.472221 0.009579 0.875673 0.100568
0.333129 0.395022 1.934447 0.472445 0.008095 0.875329 0.102610
0.330454 0.392575 1.935826 0.472744 0.006355 0.875053 0.103703
0.327441 0.389347 1.938347 0.473521 0.002875 0.874607 0.104081
0.324557 0.385537 1.941138 0.474246 -0.001477 0.874185 0.104352
0.321749 0.382336 1.943274 0.474458 -0.004942 0.874046 0.104442
0.318816 0.379820 1.944184 0.474778 -0.006900 0.873548 0.107016
0.316122 0.377697 1.944648 0.475001 -0.007956 0.873033 0.110114
0.313667 0.375520 1.945125 0.475110 -0.009286 0.872698 0.112176
0.311385 0.373276 1.945624 0.475132 -0.010896 0.872500 0.113463
0.308804 0.370962 1.945562 0.475382 -0.012671 0.872117 0.115170
0.306084 0.368745 1.945461 0.475496 -0.014085 0.871814 0.116812
0.303543 0.366428 1.945462 0.475540 -0.015605 0.871593 0.118088
0.301187 0.363988 1.945532 0.475514 -0.017343 0.871458 0.118940
0.298714 0.361486 1.945213 0.475590 -0.018944 0.871208 0.120219
0.296264 0.359031 1.944823 0.475572 -0.020170 0.870981 0.121720
0.293988 0.356477 1.944554 0.475479 -0.021550 0.870836 0.122880
0.291857 0.353827 1.944382 0.475324 -0.023137 0.870764 0.123702
0.289447 0.350988 1.944012 0.475272 -0.024646 0.870649 0.124421
0.286946 0.348155 1.943625 0.475206 -0.025789 0.870485 0.125579
0.284625 0.345235 1.943353 0.475080 -0.027160 0.870382 0.126483
0.282466 0.342219 1.943175 0.474892 -0.028808 0.870339 0.127113
0.280029 0.338962 1.942818 0.474732 -0.030189 0.870368 0.127190
0.277690 0.335657 1.942287 0.474643 -0.031222 0.870308 0.127683
0.275549 0.332356 1.941847 0.474444 -0.032459 0.870308 0.128115
0.273540 0.329019 1.941511 0.474153 -0.033985 0.870363 0.128420
0.271105 0.325354 1.941282 0.473825 -0.035067 0.870486 0.128507
0.268819 0.321490 1.940912 0.473666 -0.035655 0.870339 0.129918
0.266761 0.317723 1.940564 0.473402 -0.036576 0.870262 0.131135
0.264821 0.313979 1.940299 0.473017 -0.037906 0.870275 0.132065
0.262328 0.309696 1.940223 0.472596 -0.039366 0.870518 0.131538
0.259835 0.305059 1.940045 0.472353 -0.039879 0.870381 0.133150
0.257694 0.300559 1.939807 0.472042 -0.040798 0.870253 0.134799
0.255702 0.296141 1.939622 0.471595 -0.042247 0.870220 0.136127
0.253353 0.291324 1.939584 0.471132 -0.044229 0.870404 0.135924
0.250964 0.285859 1.939482 0.470823 -0.046423 0.870509 0.135591
0.248743 0.280293 1.939421 0.470395 -0.048533 0.870540 0.136136
0.246707 0.274835 1.939365 0.469858 -0.050449 0.870431 0.137975
0.244581 0.269187 1.939317 0.469341 -0.053055 0.870427 0.138785
0.242302 0.263080 1.939230 0.468952 -0.056001 0.870368 0.139311
0.240167 0.256773 1.939143 0.468508 -0.059045 0.870230 0.140404
0.238142 0.250201 1.939077 0.468011 -0.062334 0.870022 0.141927
0.236210 0.243306 1.938955 0.467479 -0.066006 0.869757 0.143630
0.234307 0.236137 1.938754 0.466909 -0.069902 0.869417 0.145682
0.232538 0.228722 1.938531 0.466291 -0.073884 0.868948 0.148468
0.231017 0.221479 1.938280 0.465690 -0.077753 0.868410 0.151498
0.229755 0.214515 1.937977 0.465196 -0.081408 0.867764 0.154759
0.228733 0.207513 1.937615 0.464787 -0.085178 0.867003 0.158185
0.227955 0.200906 1.937197 0.464573 -0.088626 0.866126 0.161686
0.227367 0.194817 1.936711 0.464560 -0.091650 0.865175 0.165099
0.226859 0.189150 1.936322 0.464829 -0.094183 0.864040 0.168813
0.226261 0.183782 1.936234 0.465426 -0.096450 0.862732 0.172535
0.225566 0.179718 1.936111 0.466043 -0.097771 0.861737 0.175082
0.224913 0.176553 1.935975 0.466721 -0.098296 0.860887 0.177154
0.224260 0.173954 1.935967 0.467325 -0.098191 0.860107 0.179392
0.223467 0.171387 1.936253 0.468034 -0.097879 0.859188 0.182096
0.222777 0.169223 1.936465 0.468889 -0.097260 0.858306 0.184377
0.222170 0.167464 1.936610 0.469796 -0.096372 0.857532 0.186126
0.221544 0.165909 1.936833 0.470667 -0.095342 0.856848 0.187602
0.220782 0.164265 1.937389 0.471567 -0.094253 0.856099 0.189305
0.220112 0.162793 1.937884 0.472663 -0.092933 0.855293 0.190857
0.219540 0.161493 1.938283 0.473791 -0.091475 0.854542 0.192125
0.218950 0.160187 1.938670 0.474865 -0.090031 0.853843 0.193263
0.218192 0.158543 1.939218 0.475989 -0.088778 0.853060 0.194530
0.217480 0.156935 1.939708 0.477200 -0.087449 0.852283 0.195566
0.216826 0.155435 1.940124 0.478432 -0.086023 0.851570 0.196291
0.216163 0.153911 1.940518 0.479625 -0.084594 0.850900 0.196906
0.215305 0.151894 1.941032 0.480818 -0.083477 0.850142 0.197746
0.214495 0.149881 1.941495 0.482134 -0.082295 0.849395 0.198246
0.213655 0.148076 1.942093 0.483846 -0.080459 0.848433 0.198948
0.212917 0.146337 1.942573 0.485727 -0.078408 0.847446 0.199388
0.212098 0.144198 1.943153 0.487617 -0.076597 0.846453 0.199698
0.211425 0.142080 1.943596 0.489480 -0.074773 0.845587 0.199503
0.210850 0.140032 1.943920 0.491282 -0.072941 0.844889 0.198704
0.210313 0.137948 1.944163 0.493001 -0.071217 0.844370 0.197274
0.209599 0.135518 1.944524 0.494813 -0.069603 0.843875 0.195424
0.208980 0.132996 1.944730 0.496674 -0.068021 0.843491 0.192899
0.208478 0.130446 1.944775 0.498425 -0.066561 0.843320 0.189615
0.208051 0.127937 1.944771 0.500019 -0.065013 0.843314 0.185945
0.207633 0.125177 1.944766 0.501567 -0.063558 0.843422 0.181743
0.207312 0.122271 1.944610 0.503054 -0.062156 0.843630 0.177092
0.207098 0.119254 1.944296 0.504422 -0.060871 0.843984 0.171884
0.206995 0.116187 1.943844 0.505659 -0.059659 0.844491 0.166085
0.206934 0.113174 1.943278 0.506818 -0.058359 0.845133 0.159625
0.206969 0.110159 1.942612 0.507857 -0.057001 0.845858 0.152828
0.207116 0.107105 1.941837 0.508757 -0.055622 0.846626 0.145930
0.207367 0.104036 1.940958 0.509479 -0.054236 0.847438 0.139063
0.207656 0.101055 1.939908 0.510061 -0.052746 0.848250 0.132388
0.207971 0.098290 1.938806 0.510490 -0.051065 0.848923 0.126979
0.208283 0.095939 1.937730 0.510858 -0.049325 0.849283 0.123735
0.208591 0.093911 1.936735 0.511230 -0.047864 0.849466 0.121487
0.208849 0.092226 1.935772 0.511608 -0.046679 0.849677 0.118860
0.209044 0.090849 1.934922 0.511983 -0.045670 0.849810 0.116659
0.209207 0.089649 1.934174 0.512367 -0.044929 0.849869 0.114823
0.209349 0.088583 1.933511 0.512759 -0.044439 0.849881 0.113162
0.209617 0.087443 1.932708 0.513103 -0.044486 0.849998 0.110679
0.209884 0.086370 1.931940 0.513377 -0.044729 0.850105 0.108464
0.210120 0.085444 1.931263 0.513657 -0.044967 0.850156 0.106625
0.210333 0.084661 1.930670 0.513964 -0.045165 0.850157 0.105043
0.210505 0.084033 1.930183 0.514290 -0.045176 0.850174 0.103296
0.210638 0.083535 1.929776 0.514633 -0.045013 0.850130 0.102008
0.210756 0.083098 1.929403 0.514975 -0.044846 0.850037 0.101127
0.210868 0.082701 1.929060 0.515314 -0.044718 0.849914 0.100483
0.211059 0.082404 1.928522 0.515539 -0.044792 0.849934 0.099120
