0.408723 -0.198142 1.968195 0.463091 -0.212505 0.807014 0.298523
0.406037 -0.192495 1.968661 0.463040 -0.209683 0.808520 0.296517
0.404067 -0.186799 1.969232 0.462853 -0.206444 0.810306 0.294197
0.402555 -0.181979 1.969770 0.462554 -0.204420 0.811594 0.292525
0.399961 -0.176606 1.969803 0.462927 -0.203500 0.812365 0.290430
0.397589 -0.170338 1.970339 0.462934 -0.201927 0.813736 0.287665
0.395691 -0.164379 1.971059 0.462610 -0.200128 0.815342 0.284883
0.393952 -0.159137 1.971646 0.462272 -0.198482 0.816795 0.282410
0.390458 -0.153211 1.971641 0.462624 -0.196615 0.817427 0.281307
0.387293 -0.146889 1.972159 0.462385 -0.194492 0.818701 0.279466
0.384631 -0.141115 1.972839 0.461813 -0.192459 0.820160 0.277534
0.382022 -0.135951 1.973260 0.461351 -0.190819 0.821424 0.275694
0.378830 -0.129352 1.973116 0.461660 -0.188366 0.822386 0.273991
0.376338 -0.121824 1.973211 0.461848 -0.185127 0.823960 0.271135
0.374377 -0.114497 1.973466 0.461799 -0.181660 0.825737 0.268142
0.372020 -0.107692 1.973481 0.461987 -0.178422 0.827087 0.265818
0.368677 -0.100185 1.973594 0.462307 -0.174805 0.828338 0.263764
0.365663 -0.092448 1.974111 0.462111 -0.171111 0.830213 0.260617
0.363057 -0.085351 1.974778 0.461572 -0.167613 0.832195 0.257506
0.359607 -0.078716 1.975165 0.461034 -0.164735 0.833675 0.255533
0.355371 -0.071209 1.975839 0.460117 -0.161283 0.835601 0.253082
0.351556 -0.063413 1.976753 0.458977 -0.157493 0.838046 0.249430
0.348247 -0.056230 1.977717 0.457692 -0.153814 0.840489 0.245838
0.344295 -0.049207 1.978204 0.456652 -0.151438 0.842202 0.243377
0.340287 -0.041117 1.978739 0.455593 -0.147745 0.844370 0.240097
0.336741 -0.033081 1.979397 0.454387 -0.143258 0.846871 0.236262
0.333618 -0.025976 1.980014 0.453189 -0.139108 0.849175 0.232746
0.329380 -0.018960 1.980664 0.452565 -0.136216 0.850318 0.231494
0.324884 -0.011353 1.981897 0.451129 -0.132406 0.852437 0.228697
0.320796 -0.004292 1.983228 0.449372 -0.128476 0.854815 0.225502
0.317040 0.001752 1.984360 0.447734 -0.125523 0.856784 0.222933
0.312332 0.008236 1.985374 0.446150 -0.123646 0.858161 0.221857
0.307779 0.015185 1.986642 0.444082 -0.120464 0.860295 0.219483
0.303746 0.021528 1.987843 0.442004 -0.117141 0.862484 0.216867
0.299798 0.027086 1.988814 0.440249 -0.114788 0.864117 0.215187
0.294687 0.033616 1.990065 0.438085 -0.112020 0.865929 0.213776
0.289766 0.040382 1.991553 0.435434 -0.108359 0.868381 0.211114
0.285415 0.046459 1.992911 0.432896 -0.104793 0.870754 0.208344
0.280983 0.051878 1.993809 0.430959 -0.102872 0.872250 0.207054
0.275719 0.058392 1.994705 0.428781 -0.100157 0.873944 0.205762
0.270769 0.065017 1.995724 0.426292 -0.096540 0.876119 0.203399
0.266411 0.070916 1.996646 0.423931 -0.093033 0.878209 0.200938
0.261641 0.076294 1.996872 0.422814 -0.090869 0.879296 0.199525
0.256074 0.082300 1.997278 0.421335 -0.087636 0.880783 0.197526
0.250880 0.088048 1.997909 0.419413 -0.084163 0.882641 0.194818
0.246339 0.093018 1.998522 0.417523 -0.081078 0.884405 0.192168
0.241879 0.098419 1.998431 0.416767 -0.079429 0.885442 0.189702
0.237163 0.104897 1.998460 0.415483 -0.075659 0.887050 0.186525
0.232793 0.111107 1.998610 0.413907 -0.071510 0.888843 0.183099
0.228998 0.116521 1.998682 0.412569 -0.068189 0.890387 0.179856
0.225218 0.122629 1.997850 0.412896 -0.065030 0.890962 0.177410
0.221181 0.129353 1.997210 0.412569 -0.060244 0.892086 0.174184
0.217401 0.135572 1.996781 0.411826 -0.055490 0.893379 0.170864
0.214218 0.141053 1.996350 0.411334 -0.052361 0.894371 0.167816
0.211019 0.147447 1.995667 0.411289 -0.049363 0.895029 0.165311
0.207590 0.154078 1.995180 0.410612 -0.045178 0.896146 0.162107
0.204372 0.160077 1.994834 0.409688 -0.041045 0.897333 0.158949
0.201940 0.165775 1.994349 0.409495 -0.039051 0.898178 0.155130
0.199398 0.172965 1.993613 0.409660 -0.035899 0.899005 0.150597
0.196532 0.180214 1.993006 0.409232 -0.031576 0.900147 0.145836
0.193771 0.186713 1.992517 0.408568 -0.027297 0.901280 0.141498
0.191913 0.193286 1.991847 0.408818 -0.025236 0.902004 0.136456
0.189746 0.200952 1.990968 0.409158 -0.021515 0.902767 0.130912
0.187302 0.208286 1.990183 0.409037 -0.017086 0.903675 0.125572
0.184946 0.214734 1.989513 0.408725 -0.012851 0.904525 0.120880
0.183460 0.221954 1.989232 0.408732 -0.010558 0.905239 0.115623
0.181304 0.229785 1.989075 0.408270 -0.006778 0.906227 0.109647
0.178924 0.237007 1.988889 0.407600 -0.002647 0.907209 0.104057
0.176782 0.243377 1.988708 0.406972 0.001008 0.908044 0.099140
0.175566 0.251322 1.988756 0.406809 0.004297 0.908732 0.093240
0.173823 0.259418 1.988568 0.406480 0.008894 0.909468 0.086964
0.171947 0.266712 1.988228 0.406113 0.013561 0.910091 0.081388
0.170548 0.273368 1.987950 0.405863 0.017153 0.910567 0.076472
0.170064 0.281466 1.987895 0.406040 0.020094 0.910949 0.069998
0.169194 0.289172 1.987522 0.406220 0.023874 0.911234 0.063788
0.168189 0.295948 1.986986 0.406419 0.027674 0.911394 0.058466
0.167903 0.302582 1.986634 0.406738 0.030349 0.911446 0.053932
0.168619 0.310822 1.986209 0.407509 0.033325 0.911310 0.048375
0.168957 0.318806 1.985324 0.408318 0.037337 0.911049 0.043272
0.168989 0.325873 1.984228 0.409136 0.041429 0.910703 0.038865
0.169574 0.332960 1.983777 0.409771 0.043923 0.910445 0.035329
0.170273 0.340178 1.983799 0.410392 0.045600 0.910253 0.030641
0.170664 0.346396 1.983584 0.411138 0.047454 0.909952 0.026474
0.170876 0.351645 1.983231 0.411938 0.049308 0.909587 0.022959
0.172160 0.357970 1.983446 0.412914 0.049598 0.909225 0.018761
0.173841 0.364494 1.983149 0.414399 0.050271 0.908602 0.013732
0.175347 0.370144 1.982371 0.416067 0.051513 0.907822 0.009769
0.176637 0.374975 1.981482 0.417676 0.052918 0.907028 0.006786
0.178814 0.381317 1.981428 0.419324 0.052768 0.906296 0.003050
0.180843 0.387467 1.980832 0.421218 0.053282 0.905392 -0.001275
0.182530 0.392796 1.979875 0.423121 0.054352 0.904429 -0.004728
0.184084 0.397538 1.979026 0.424855 0.055335 0.903541 -0.006980
0.186780 0.402581 1.979038 0.426923 0.053276 0.902655 -0.010616
0.189671 0.406556 1.978749 0.429242 0.051181 0.901631 -0.013922
0.192389 0.409643 1.978265 0.431511 0.049564 0.900599 -0.016206
0.195227 0.412702 1.978097 0.433507 0.048005 0.899716 -0.016681
0.199004 0.416637 1.978124 0.435705 0.045167 0.898772 -0.018156
0.202704 0.419961 1.977496 0.438101 0.043142 0.897683 -0.019262
0.206004 0.422702 1.976614 0.440374 0.041841 0.896619 -0.019843
0.209536 0.425839 1.976391 0.442366 0.040502 0.895732 -0.018328
0.213668 0.429140 1.976596 0.444591 0.037689 0.894748 -0.018532
0.217490 0.431668 1.976595 0.446899 0.034734 0.893693 -0.019682
0.220842 0.433631 1.976429 0.449003 0.032435 0.892708 -0.020419
0.224903 0.436204 1.976774 0.451324 0.030159 0.891638 -0.019450
0.229811 0.438330 1.976901 0.454249 0.026805 0.890243 -0.020162
0.234559 0.439664 1.976746 0.457088 0.023568 0.888869 -0.020642
0.238814 0.440518 1.976467 0.459599 0.020919 0.887641 -0.020619
0.243281 0.442306 1.976960 0.461970 0.018191 0.886490 -0.019706
0.247427 0.443889 1.977242 0.464483 0.014943 0.885200 -0.021286
0.250987 0.445143 1.977338 0.466741 0.012105 0.884012 -0.023021
0.254044 0.446290 1.977421 0.468585 0.010148 0.883043 -0.023682
0.257601 0.448055 1.978172 0.470210 0.007975 0.882198 -0.023801
0.261165 0.449270 1.978557 0.471952 0.005529 0.881263 -0.024634
0.264427 0.450100 1.978680 0.473505 0.003592 0.880433 -0.024886
0.267445 0.450935 1.978979 0.474721 0.002017 0.879787 -0.024705
0.271245 0.451761 1.979652 0.475837 -0.000700 0.879153 -0.025870
0.275321 0.451915 1.979846 0.477069 -0.003302 0.878476 -0.025988
0.279176 0.451711 1.979831 0.478207 -0.005540 0.877862 -0.025417
0.282834 0.452064 1.980209 0.479258 -0.006916 0.877297 -0.024755
0.286543 0.453147 1.980645 0.480275 -0.007505 0.876711 -0.025610
0.289977 0.453989 1.980628 0.481223 -0.007759 0.876185 -0.025774
0.292970 0.454670 1.980420 0.482035 -0.007812 0.875743 -0.025601
0.296149 0.455907 1.980762 0.483102 -0.007801 0.875164 -0.025282
0.299910 0.456869 1.980956 0.484365 -0.008134 0.874469 -0.025070
0.303625 0.457281 1.980861 0.485566 -0.008584 0.873824 -0.024155
0.306994 0.457402 1.980679 0.486612 -0.009047 0.873268 -0.023025
0.310711 0.458232 1.981681 0.487599 -0.009022 0.872732 -0.022488
0.314799 0.458150 1.982858 0.488464 -0.009670 0.872252 -0.022055
0.318786 0.457369 1.983946 0.489256 -0.010819 0.871820 -0.021027
0.322450 0.456397 1.984998 0.489987 -0.012026 0.871425 -0.019680
0.326675 0.456522 1.986718 0.490935 -0.012552 0.870884 -0.019652
0.330927 0.456211 1.988002 0.491773 -0.013052 0.870413 -0.019243
0.334831 0.455604 1.988967 0.492521 -0.013657 0.869998 -0.018402
0.338434 0.455173 1.989887 0.493380 -0.014038 0.869530 -0.017193
0.342779 0.455477 1.990868 0.494685 -0.013771 0.868810 -0.016357
0.347050 0.455538 1.991293 0.495875 -0.013414 0.868161 -0.015016
0.350876 0.455432 1.991425 0.496919 -0.013115 0.867592 -0.013536
0.354551 0.455637 1.991669 0.498261 -0.012759 0.866849 -0.012059
0.358793 0.456077 1.991974 0.499963 -0.012382 0.865888 -0.010985
0.362807 0.456128 1.992015 0.501442 -0.012130 0.865053 -0.009579
0.366346 0.455979 1.991956 0.502681 -0.011984 0.864351 -0.008170
0.369851 0.456273 1.992233 0.504212 -0.011622 0.863472 -0.007126
0.373562 0.456758 1.992560 0.505674 -0.011006 0.862629 -0.006574
0.376872 0.457059 1.992683 0.506865 -0.010373 0.861943 -0.005836
0.379678 0.457256 1.992707 0.507819 -0.009782 0.861393 -0.005111
0.382688 0.457910 1.992950 0.509722 -0.008788 0.860286 -0.003901
0.385855 0.458248 1.992963 0.511618 -0.008041 0.859171 -0.002757
0.388799 0.458277 1.992828 0.513220 -0.007527 0.858222 -0.001464
0.391380 0.458204 1.992671 0.514554 -0.007096 0.857429 -0.000205
0.394264 0.458963 1.992445 0.516626 -0.005601 0.856192 0.001102
0.397177 0.459574 1.991679 0.518472 -0.004087 0.855081 0.002496
0.399834 0.460054 1.990725 0.520057 -0.002741 0.854118 0.003936
0.402132 0.460537 1.989834 0.521481 -0.001458 0.853246 0.005200
0.404199 0.461432 1.988938 0.523212 -0.000003 0.852187 0.005040
0.405988 0.462417 1.987779 0.524655 0.001579 0.851299 0.005046
0.407464 0.463419 1.986576 0.525825 0.003150 0.850571 0.005142
0.408670 0.464330 1.985557 0.526808 0.004593 0.849954 0.005441
0.410073 0.464915 1.984493 0.527848 0.005474 0.849300 0.006039
0.411578 0.465321 1.983271 0.528790 0.006240 0.848701 0.007009
0.412999 0.465618 1.982083 0.529582 0.006920 0.848192 0.008068
0.414496 0.465017 1.981631 0.530433 0.006285 0.847652 0.009354
0.415983 0.463901 1.981724 0.531273 0.005266 0.847131 0.009563
0.417249 0.463058 1.981686 0.531860 0.004783 0.846763 0.009660
0.418367 0.462180 1.981751 0.532323 0.004063 0.846469 0.010273
0.419037 0.461052 1.981969 0.532909 0.003252 0.846100 0.010653
0.419318 0.460301 1.982015 0.533428 0.002492 0.845769 0.011120
0.419288 0.460026 1.982010 0.533587 0.002524 0.845670 0.011035
0.418996 0.460219 1.981841 0.533606 0.002994 0.845657 0.010931
0.417939 0.459437 1.981648 0.533751 0.002733 0.845591 0.008853
0.417000 0.458678 1.981485 0.533587 0.002947 0.845693 0.008977
0.416247 0.458004 1.981353 0.533398 0.002986 0.845809 0.009249
0.415501 0.457271 1.981241 0.533338 0.002715 0.845851 0.008938
0.413463 0.455709 1.981240 0.533211 0.002637 0.845912 0.010625
0.411332 0.454404 1.981233 0.532686 0.002813 0.846217 0.012470
0.409624 0.453106 1.981244 0.532293 0.002587 0.846431 0.014542
0.407832 0.451750 1.981275 0.532092 0.001836 0.846550 0.015123
0.404597 0.450440 1.981474 0.531720 0.002330 0.846740 0.017315
0.401444 0.449283 1.981564 0.531568 0.002170 0.846798 0.019056
0.398691 0.447996 1.981531 0.531335 0.001608 0.846919 0.020209
0.395682 0.446610 1.981444 0.531080 0.001167 0.847055 0.021230
0.391822 0.445780 1.981041 0.530798 0.002314 0.847159 0.023863
0.388298 0.444849 1.980580 0.530722 0.002523 0.847161 0.025444
0.385157 0.443763 1.980125 0.530474 0.002331 0.847282 0.026537
0.381489 0.442640 1.979614 0.530289 0.002317 0.847340 0.028324
0.377412 0.441786 1.978874 0.530301 0.003210 0.847225 0.031332
0.373757 0.440615 1.978287 0.530171 0.003675 0.847201 0.034009
0.370514 0.439282 1.977730 0.529836 0.003571 0.847337 0.035806
0.366406 0.437864 1.977079 0.529529 0.003833 0.847442 0.037764
0.361997 0.436808 1.976216 0.529534 0.004926 0.847320 0.040246
0.357874 0.435805 1.975326 0.529384 0.006007 0.847287 0.042668
0.354152 0.434570 1.974546 0.528976 0.006489 0.847445 0.044500
0.349752 0.433183 1.973530 0.528696 0.007311 0.847493 0.046721
0.345597 0.431775 1.972433 0.528587 0.008406 0.847421 0.049010
0.341945 0.430122 1.971475 0.528415 0.009468 0.847336 0.052059
0.338435 0.428339 1.970602 0.527924 0.009966 0.847483 0.054500
0.334130 0.426460 1.969670 0.527734 0.010456 0.847389 0.057604
0.330095 0.424645 1.968704 0.527655 0.011547 0.847169 0.061246
0.326459 0.422765 1.967808 0.527428 0.012651 0.846985 0.065396
0.322836 0.420574 1.967011 0.526995 0.013133 0.847014 0.068340
0.318774 0.418134 1.966088 0.526819 0.013654 0.846948 0.070395
0.314934 0.415789 1.965197 0.526596 0.014737 0.846847 0.073003
0.311485 0.413295 1.964516 0.526385 0.015792 0.846650 0.076500
0.307756 0.410550 1.963905 0.525903 0.016018 0.846757 0.078562
0.303904 0.407650 1.963090 0.525844 0.016289 0.846631 0.080242
0.300383 0.404814 1.962313 0.525734 0.017097 0.846422 0.082954
0.297189 0.402008 1.961651 0.525483 0.017915 0.846201 0.086551
0.293462 0.398813 1.961231 0.525085 0.018007 0.846273 0.088225
0.289613 0.395517 1.960987 0.525187 0.018467 0.845934 0.090739
0.286085 0.392250 1.960835 0.525184 0.018999 0.845556 0.094107
0.282893 0.389012 1.960721 0.525064 0.018865 0.845307 0.096994
0.279164 0.385204 1.960524 0.524816 0.018623 0.845419 0.097402
0.275652 0.381517 1.960173 0.524823 0.019080 0.845200 0.099173
0.272502 0.377906 1.959833 0.524605 0.019191 0.845068 0.101391
0.269597 0.374215 1.959591 0.524305 0.018580 0.845104 0.102745
0.266594 0.369975 1.959401 0.524254 0.018509 0.845105 0.103015
0.264325 0.365398 1.960180 0.524853 0.018428 0.844635 0.103828
0.262156 0.359989 1.962146 0.525319 0.016428 0.844438 0.103414
0.260137 0.353630 1.964482 0.525852 0.013525 0.844248 0.102676
0.257984 0.346765 1.966599 0.526467 0.011310 0.844074 0.101206
0.256126 0.339816 1.968501 0.527087 0.008660 0.843788 0.100626
0.254493 0.333194 1.970064 0.527640 0.005287 0.843567 0.099816
0.252774 0.326589 1.971238 0.528179 0.002658 0.843341 0.098978
0.250591 0.320027 1.972220 0.528543 0.001024 0.843242 0.097908
0.248475 0.313545 1.973296 0.528542 -0.001026 0.843231 0.098001
0.246785 0.306768 1.974307 0.528807 -0.004340 0.843043 0.098089
0.245033 0.299740 1.974942 0.529182 -0.006845 0.842883 0.097308
0.243018 0.292745 1.975571 0.529263 -0.008591 0.842788 0.097538
0.241135 0.285771 1.976197 0.529155 -0.010459 0.842622 0.099366
0.239569 0.278639 1.976732 0.528964 -0.013447 0.842468 0.101315
0.238161 0.271190 1.976359 0.530215 -0.015700 0.841734 0.100543
0.236014 0.264355 1.976170 0.530419 -0.017334 0.841617 0.100180
0.233914 0.257535 1.976094 0.530472 -0.019198 0.841419 0.101223
0.232115 0.250583 1.975920 0.530712 -0.022097 0.841121 0.101840
0.229760 0.243183 1.975596 0.531387 -0.024439 0.840774 0.100643
0.227075 0.236044 1.975462 0.531709 -0.026130 0.840421 0.101469
0.224678 0.228910 1.975237 0.531855 -0.027932 0.839944 0.104129
0.222580 0.221624 1.974834 0.532167 -0.030669 0.839461 0.105658
0.220256 0.213995 1.974272 0.532958 -0.032726 0.838824 0.106102
0.218045 0.206530 1.973645 0.533618 -0.034681 0.838030 0.108421
0.216071 0.199031 1.972924 0.534033 -0.037904 0.837370 0.110383
0.214234 0.191365 1.972033 0.535086 -0.040908 0.836374 0.111751
0.211816 0.183697 1.971155 0.536525 -0.042749 0.835182 0.113072
0.209311 0.176257 1.970297 0.537458 -0.045760 0.834368 0.113470
0.207034 0.168767 1.969328 0.538467 -0.049728 0.833473 0.113590
0.204755 0.161030 1.968599 0.540690 -0.051720 0.831695 0.115165
0.201655 0.153230 1.968173 0.542177 -0.053461 0.830411 0.116631
0.198638 0.145448 1.967562 0.543305 -0.056670 0.829414 0.116962
0.195961 0.137675 1.966680 0.544474 -0.060618 0.828312 0.117359
0.193108 0.129637 1.966132 0.546360 -0.062745 0.826687 0.118922
0.190441 0.122184 1.965444 0.548106 -0.064852 0.825405 0.118663
0.188501 0.116331 1.964546 0.549531 -0.066148 0.824421 0.118197
0.186752 0.111578 1.963631 0.550733 -0.067190 0.823774 0.116509
0.184046 0.107239 1.963608 0.551864 -0.067175 0.823656 0.111914
0.181203 0.103084 1.963399 0.553267 -0.066809 0.823235 0.108243
0.178618 0.098432 1.962872 0.554690 -0.067875 0.822561 0.105380
0.176075 0.092837 1.962196 0.555807 -0.070862 0.821904 0.102615
0.172560 0.085883 1.961945 0.556032 -0.074690 0.821605 0.101071
0.168874 0.078174 1.961389 0.555924 -0.079524 0.821013 0.102776
0.165099 0.070461 1.960794 0.554337 -0.085620 0.821075 0.105906
0.161513 0.063552 1.960134 0.552517 -0.091275 0.821304 0.108878
0.157956 0.057935 1.959539 0.551237 -0.095248 0.821471 0.110687
0.154734 0.053291 1.959109 0.549848 -0.098796 0.821838 0.111750
0.152051 0.049457 1.958720 0.548708 -0.101813 0.822145 0.112388
0.149832 0.046286 1.958073 0.548196 -0.103618 0.822137 0.113293
0.147967 0.043739 1.957246 0.548218 -0.104587 0.821973 0.113482
0.146412 0.041667 1.956575 0.548254 -0.105418 0.821860 0.113362
0.145144 0.039963 1.956009 0.548308 -0.106143 0.821758 0.113161
0.143897 0.038665 1.955502 0.548565 -0.106410 0.821511 0.113456
0.142613 0.037754 1.955196 0.548677 -0.106425 0.821432 0.113478
0.141500 0.037044 1.954985 0.548700 -0.106447 0.821438 0.113300
0.140582 0.036464 1.954807 0.548718 -0.106484 0.821455 0.113057
0.139828 0.036679 1.954356 0.548642 -0.106626 0.821670 0.111717
0.139304 0.037331 1.954077 0.548919 -0.106058 0.821767 0.110170
0.138880 0.037939 1.953876 0.549198 -0.105465 0.821841 0.108793
0.138499 0.038471 1.953655 0.549344 -0.105068 0.821957 0.107559
0.137892 0.039036 1.953094 0.548930 -0.105478 0.822463 0.105375
0.137308 0.039525 1.952673 0.548598 -0.105744 0.822924 0.103218
