0.387820 -0.170776 2.004965 0.411073 -0.239161 0.810700 0.341448
0.383155 -0.168843 2.005158 0.410507 -0.240198 0.811361 0.339826
0.377664 -0.166220 2.005090 0.409946 -0.238600 0.811123 0.342190
0.372212 -0.163592 2.004809 0.409065 -0.237547 0.811339 0.343460
0.367594 -0.160779 2.004514 0.408571 -0.236948 0.811812 0.343344
0.363833 -0.157548 2.004233 0.408455 -0.236324 0.812596 0.342057
0.359331 -0.154171 2.003618 0.408664 -0.234934 0.812515 0.342956
0.354425 -0.151190 2.002963 0.408459 -0.234351 0.812596 0.343406
0.350144 -0.148170 2.002461 0.408390 -0.234203 0.813034 0.342553
0.346573 -0.144836 2.002049 0.408552 -0.233977 0.813820 0.340642
0.342428 -0.141266 2.001491 0.409029 -0.233440 0.813491 0.341226
0.337756 -0.137477 2.001027 0.408812 -0.232979 0.813370 0.342085
0.333747 -0.133366 2.000738 0.408626 -0.232332 0.813910 0.341464
0.330416 -0.128927 2.000528 0.408651 -0.231365 0.814911 0.339697
0.326842 -0.124327 2.000146 0.408624 -0.230587 0.815642 0.338503
0.322641 -0.119590 1.999615 0.407891 -0.230156 0.816496 0.337620
0.319059 -0.114588 1.999215 0.407370 -0.229273 0.817826 0.335626
0.316066 -0.109373 1.998898 0.407160 -0.227960 0.819469 0.332756
0.313211 -0.104090 1.998495 0.407488 -0.226903 0.820500 0.330527
0.310057 -0.098443 1.997768 0.407939 -0.226166 0.820832 0.329652
0.307465 -0.092304 1.997116 0.408473 -0.224397 0.821820 0.327730
0.305286 -0.085952 1.996576 0.409118 -0.222020 0.823260 0.324921
0.303204 -0.079652 1.996051 0.410004 -0.219777 0.824566 0.322002
0.300555 -0.073547 1.995188 0.411004 -0.218764 0.825032 0.320218
0.298216 -0.067211 1.994412 0.411957 -0.216988 0.826051 0.317565
0.296138 -0.060799 1.993773 0.412927 -0.214680 0.827473 0.314153
0.294164 -0.054436 1.993241 0.414001 -0.212290 0.828922 0.310522
0.291616 -0.047764 1.992617 0.414934 -0.211006 0.829456 0.308721
0.289330 -0.040359 1.992051 0.415616 -0.208253 0.830815 0.306007
0.287243 -0.032770 1.991584 0.416282 -0.204706 0.832644 0.302505
0.285246 -0.025278 1.991208 0.416991 -0.200916 0.834687 0.298411
0.282877 -0.017470 1.991068 0.417709 -0.198503 0.835957 0.295452
0.280515 -0.008864 1.991006 0.417944 -0.194625 0.838065 0.291704
0.278202 -0.000160 1.990967 0.418118 -0.189985 0.840565 0.287289
0.275884 0.008298 1.990939 0.418332 -0.185150 0.843206 0.282349
0.273600 0.016637 1.990775 0.419136 -0.182412 0.845039 0.277417
0.271419 0.025552 1.990414 0.419920 -0.178537 0.847104 0.272406
0.269193 0.034477 1.990039 0.420621 -0.173836 0.849426 0.267083
0.266846 0.043089 1.989703 0.421268 -0.168920 0.851853 0.261431
0.264196 0.051493 1.989561 0.421900 -0.166466 0.853950 0.255066
0.261248 0.060610 1.989465 0.422031 -0.163367 0.856469 0.248316
0.258163 0.069834 1.989348 0.422020 -0.159099 0.859239 0.241445
0.255003 0.078635 1.989297 0.421761 -0.154373 0.862063 0.234809
0.251997 0.087061 1.989358 0.421857 -0.150912 0.864379 0.228281
0.248792 0.096547 1.989417 0.421910 -0.146595 0.866894 0.221351
0.245484 0.105956 1.989513 0.421224 -0.141111 0.869744 0.214951
0.242347 0.114426 1.989592 0.420249 -0.135688 0.872436 0.209369
0.239621 0.122039 1.989692 0.420091 -0.132168 0.874368 0.203804
0.236800 0.130398 1.989896 0.420338 -0.128943 0.876127 0.197712
0.233829 0.138639 1.990096 0.419793 -0.124620 0.878254 0.192128
0.231000 0.146054 1.990251 0.418960 -0.120258 0.880306 0.187273
0.228567 0.152701 1.990410 0.418510 -0.117088 0.881966 0.182412
0.226280 0.160349 1.990620 0.418526 -0.114131 0.883517 0.176654
0.223792 0.168093 1.990727 0.417846 -0.109889 0.885399 0.171463
0.221372 0.175154 1.990760 0.416909 -0.105515 0.887228 0.166970
0.219326 0.181488 1.990804 0.416193 -0.102115 0.888819 0.162349
0.218161 0.189311 1.990872 0.416349 -0.099395 0.890231 0.155765
0.216853 0.197454 1.990588 0.415986 -0.094918 0.891823 0.150324
0.215481 0.204958 1.990164 0.415392 -0.090160 0.893344 0.145799
0.214219 0.211564 1.989744 0.414821 -0.086050 0.894681 0.141656
0.213618 0.218667 1.989788 0.415036 -0.084414 0.895777 0.134916
0.212824 0.225655 1.989678 0.414839 -0.081667 0.896963 0.129216
0.211937 0.231941 1.989463 0.414461 -0.078663 0.898071 0.124504
0.211071 0.237381 1.989216 0.414046 -0.075813 0.899036 0.120639
0.210964 0.244161 1.989264 0.414445 -0.074163 0.899836 0.114151
0.210577 0.251668 1.988958 0.414359 -0.070529 0.900859 0.108562
0.209928 0.258725 1.988442 0.413988 -0.066346 0.901895 0.103911
0.209184 0.264979 1.987878 0.413526 -0.062307 0.902832 0.100047
0.209422 0.271774 1.987658 0.413711 -0.060344 0.903546 0.093844
0.210115 0.279090 1.987132 0.413949 -0.057269 0.904165 0.088617
0.210678 0.285755 1.986317 0.414082 -0.053762 0.904699 0.084644
0.211100 0.291560 1.985452 0.414158 -0.050399 0.905145 0.081521
0.212289 0.297435 1.984863 0.415083 -0.048630 0.905193 0.077253
0.214177 0.303787 1.984112 0.416429 -0.046421 0.905004 0.073486
0.215872 0.309515 1.983102 0.417562 -0.043800 0.904828 0.070784
0.217304 0.314473 1.982073 0.418499 -0.041250 0.904672 0.068736
0.219069 0.319399 1.981299 0.419850 -0.040114 0.904366 0.065100
0.221426 0.325290 1.980522 0.421594 -0.038745 0.903911 0.060848
0.223386 0.331256 1.979533 0.422950 -0.036275 0.903601 0.057471
0.224856 0.336713 1.978453 0.423946 -0.033456 0.903415 0.054703
0.226309 0.341859 1.977613 0.424938 -0.031419 0.903212 0.051466
0.228509 0.347441 1.977063 0.426213 -0.029859 0.902871 0.047691
0.230556 0.352967 1.976363 0.427335 -0.027575 0.902561 0.044800
0.232174 0.358020 1.975539 0.428183 -0.024981 0.902349 0.042451
0.233657 0.362672 1.974828 0.428877 -0.023018 0.902209 0.039403
0.236258 0.367754 1.974291 0.429728 -0.021883 0.902030 0.034603
0.239076 0.372708 1.973450 0.430745 -0.020091 0.901706 0.031343
0.241550 0.377254 1.972419 0.431641 -0.017928 0.901403 0.028938
0.243758 0.381322 1.971422 0.432511 -0.015995 0.901086 0.026887
0.247367 0.385598 1.970789 0.434261 -0.015200 0.900323 0.024572
0.251331 0.389526 1.970010 0.436161 -0.014191 0.899451 0.023463
0.254889 0.393470 1.969155 0.437861 -0.012657 0.898666 0.022744
0.257791 0.397182 1.968238 0.439202 -0.010816 0.898055 0.021971
0.261856 0.400980 1.967593 0.440872 -0.009953 0.897320 0.018720
0.266622 0.404130 1.966840 0.442849 -0.009233 0.896386 0.017087
0.271116 0.407202 1.966031 0.444769 -0.008240 0.895461 0.016193
0.274865 0.410253 1.965163 0.446348 -0.006775 0.894700 0.015441
0.279231 0.413185 1.964684 0.448404 -0.007211 0.893702 0.013326
0.284156 0.415513 1.964320 0.450662 -0.008018 0.892575 0.012229
0.288705 0.417825 1.963946 0.452729 -0.008352 0.891533 0.011665
0.292456 0.420532 1.963527 0.454421 -0.007822 0.890684 0.011056
0.296506 0.423293 1.963263 0.455918 -0.007924 0.889940 0.009026
0.301801 0.425130 1.962934 0.457760 -0.008686 0.888995 0.008227
0.307111 0.426676 1.962477 0.459673 -0.009295 0.888000 0.008400
0.311771 0.428543 1.961939 0.461372 -0.009199 0.887117 0.008690
0.316143 0.430730 1.961631 0.462619 -0.009560 0.886474 0.007453
0.321313 0.432043 1.961618 0.463822 -0.010792 0.885837 0.006578
0.326398 0.433060 1.961596 0.465097 -0.011867 0.885155 0.006549
0.330816 0.434427 1.961502 0.466226 -0.012207 0.884556 0.006624
0.334877 0.436263 1.961348 0.467376 -0.012538 0.883952 0.005511
0.340237 0.437354 1.960995 0.468922 -0.013730 0.883121 0.004696
0.345934 0.438000 1.960362 0.470637 -0.014773 0.882188 0.005223
0.351147 0.438897 1.959566 0.472267 -0.015170 0.881304 0.006080
0.355746 0.440353 1.958783 0.473794 -0.014963 0.880486 0.006198
0.361055 0.441054 1.958532 0.475397 -0.015463 0.879616 0.005815
0.366447 0.441124 1.958491 0.476981 -0.016310 0.878739 0.006300
0.370504 0.442044 1.958614 0.477567 -0.015167 0.878448 0.005259
0.373583 0.443855 1.958708 0.478375 -0.013952 0.878035 0.004071
0.378206 0.444619 1.958585 0.480529 -0.015484 0.876837 0.003249
0.382944 0.445235 1.958148 0.482335 -0.015952 0.875837 0.002983
0.387657 0.445727 1.957478 0.484449 -0.016826 0.874649 0.003907
0.391756 0.446710 1.956678 0.486283 -0.016891 0.873625 0.004725
0.396038 0.447474 1.956391 0.487333 -0.016682 0.873043 0.004969
0.400627 0.447576 1.956200 0.488360 -0.016692 0.872462 0.005974
0.404856 0.447782 1.955968 0.489347 -0.016459 0.871905 0.007143
0.408339 0.448545 1.955607 0.490185 -0.015551 0.871443 0.007999
0.411530 0.449657 1.955213 0.491261 -0.014880 0.870849 0.007890
0.414487 0.451081 1.954492 0.492353 -0.013716 0.870252 0.007858
0.416875 0.452813 1.953501 0.493277 -0.011958 0.869755 0.007792
0.418716 0.454614 1.952393 0.494029 -0.009979 0.869354 0.007670
0.420204 0.456566 1.951559 0.494630 -0.008400 0.869039 0.006406
0.421519 0.458284 1.950793 0.495087 -0.006894 0.868802 0.005059
0.422669 0.459721 1.950061 0.495460 -0.005503 0.868603 0.004116
0.423650 0.460935 1.949395 0.495753 -0.004234 0.868447 0.003445
0.424553 0.461957 1.948932 0.496117 -0.002814 0.868245 0.003214
0.425521 0.462391 1.948805 0.496469 -0.002274 0.868045 0.003296
0.426419 0.462269 1.949139 0.496713 -0.002552 0.867904 0.003624
0.427028 0.462263 1.949516 0.496819 -0.002518 0.867843 0.003500
0.427271 0.462260 1.949886 0.496954 -0.002740 0.867768 0.002623
0.427188 0.462351 1.950186 0.497038 -0.002932 0.867723 0.001520
0.426993 0.462642 1.950356 0.497046 -0.002794 0.867719 0.000657
0.426840 0.462857 1.950515 0.497061 -0.002872 0.867711 0.000001
0.426581 0.462806 1.950629 0.497030 -0.002666 0.867729 -0.000487
0.426166 0.462499 1.950549 0.496865 -0.002104 0.867825 -0.000623
0.425879 0.462182 1.950471 0.496682 -0.001774 0.867930 -0.000527
0.425694 0.461874 1.950387 0.496498 -0.001570 0.868036 -0.000330
0.425363 0.461389 1.950311 0.496274 -0.001080 0.868165 0.000014
0.424411 0.460547 1.950187 0.496100 -0.000455 0.868265 0.000736
0.423657 0.459753 1.950086 0.496020 -0.000382 0.868310 0.001663
0.423099 0.458976 1.950025 0.495938 -0.000525 0.868353 0.002571
0.422543 0.458101 1.949976 0.495891 -0.000705 0.868379 0.003267
0.421051 0.456447 1.949634 0.495742 -0.000270 0.868451 0.005634
0.419639 0.455010 1.949079 0.495439 -0.000055 0.868607 0.007923
0.418462 0.453684 1.948624 0.495128 -0.000156 0.868762 0.009960
0.417464 0.452437 1.948324 0.494832 -0.000449 0.868911 0.011646
0.415310 0.450940 1.947803 0.495026 -0.000585 0.868756 0.014558
0.412906 0.449838 1.947090 0.495211 -0.000396 0.868598 0.017389
0.410656 0.448599 1.946570 0.495204 -0.000679 0.868553 0.019683
0.408570 0.447308 1.946143 0.494968 -0.001220 0.868647 0.021367
0.405977 0.445900 1.945570 0.495102 -0.001288 0.868522 0.023272
0.403156 0.444743 1.944879 0.495229 -0.000534 0.868388 0.025502
0.400471 0.443472 1.944376 0.495168 0.000037 0.868359 0.027587
0.398015 0.442154 1.943915 0.494900 0.000145 0.868460 0.029179
0.395098 0.440844 1.943281 0.495060 -0.000199 0.868299 0.031188
0.392001 0.439781 1.942224 0.495531 0.000062 0.867922 0.034069
0.389044 0.438544 1.941387 0.495688 0.000440 0.867737 0.036411
0.386343 0.437240 1.940640 0.495596 0.000413 0.867715 0.038154
0.383339 0.435872 1.939840 0.495513 0.000323 0.867675 0.040086
0.380144 0.434793 1.938443 0.496064 0.000750 0.867219 0.043030
0.377228 0.433715 1.937012 0.496390 0.000950 0.866903 0.045570
0.374594 0.432546 1.935716 0.496405 0.000841 0.866786 0.047573
0.371797 0.431181 1.934654 0.496214 0.001145 0.866776 0.049699
0.368918 0.429747 1.933296 0.496552 0.001815 0.866374 0.053190
0.366411 0.428448 1.931724 0.496903 0.002138 0.865980 0.056214
0.364141 0.427060 1.930302 0.496995 0.002024 0.865765 0.058676
0.361729 0.425492 1.929112 0.496775 0.001987 0.865727 0.061049
0.358853 0.423907 1.927497 0.497096 0.001847 0.865331 0.063982
0.356342 0.422634 1.925493 0.497706 0.001526 0.864787 0.066556
0.354080 0.421327 1.923602 0.498040 0.001020 0.864418 0.068818
0.352190 0.419495 1.922966 0.498483 0.000259 0.864035 0.070410
0.349699 0.417522 1.923290 0.499271 0.000035 0.863355 0.073127
0.346998 0.415178 1.924616 0.499913 -0.001248 0.862852 0.074651
0.344326 0.412426 1.926366 0.500457 -0.003582 0.862480 0.075218
0.341891 0.409378 1.927998 0.500851 -0.006403 0.862194 0.075687
0.339314 0.407105 1.927538 0.501963 -0.007396 0.861211 0.079340
0.336747 0.405279 1.927063 0.502737 -0.007784 0.860466 0.082418
0.334208 0.403373 1.926909 0.503253 -0.008523 0.859959 0.084467
0.331821 0.401242 1.926967 0.503542 -0.009694 0.859638 0.085871
0.329379 0.399343 1.925620 0.504289 -0.010399 0.858950 0.088262
0.327007 0.397936 1.924073 0.505082 -0.010321 0.858239 0.090615
0.324706 0.396329 1.922964 0.505639 -0.010598 0.857737 0.092217
0.322543 0.394373 1.922231 0.505965 -0.011400 0.857419 0.093286
0.320202 0.392334 1.920788 0.506497 -0.011914 0.856940 0.094727
0.317776 0.390731 1.919095 0.507187 -0.011714 0.856359 0.096305
0.315430 0.388971 1.917807 0.507698 -0.011855 0.855933 0.097369
0.313233 0.386869 1.916902 0.507977 -0.012529 0.855679 0.098056
0.310847 0.384545 1.915868 0.508374 -0.013017 0.855241 0.099741
0.308069 0.382535 1.914785 0.508825 -0.012770 0.854682 0.102240
0.305360 0.380372 1.914055 0.509048 -0.012967 0.854336 0.103979
0.302739 0.378145 1.913560 0.509043 -0.013804 0.854325 0.103995
0.299780 0.376141 1.912972 0.508802 -0.014662 0.854701 0.101945
0.296645 0.374146 1.912225 0.508891 -0.014895 0.854730 0.101211
0.293694 0.372239 1.911608 0.508884 -0.015211 0.854830 0.100351
0.291058 0.370122 1.911154 0.508842 -0.015831 0.854905 0.099837
0.288309 0.367790 1.910797 0.508391 -0.015873 0.855170 0.099851
0.285423 0.365226 1.910139 0.508508 -0.015282 0.854985 0.100923
0.282708 0.362846 1.909623 0.508371 -0.015123 0.855077 0.100859
0.280097 0.360574 1.909262 0.508034 -0.015227 0.855315 0.100526
0.277483 0.358148 1.908992 0.507620 -0.015337 0.855603 0.100153
0.274687 0.355035 1.908715 0.507717 -0.015022 0.855488 0.100684
0.271849 0.352728 1.908424 0.507346 -0.014630 0.855818 0.099808
0.269156 0.350444 1.908253 0.506847 -0.014640 0.856206 0.099004
0.266778 0.347462 1.908306 0.506447 -0.015616 0.856512 0.098262
0.263958 0.343314 1.908337 0.506511 -0.015997 0.856502 0.097952
0.261357 0.339846 1.908161 0.506181 -0.015893 0.856749 0.097521
0.258890 0.336896 1.907989 0.505698 -0.015893 0.857099 0.096941
0.256629 0.334155 1.907836 0.505159 -0.016067 0.857454 0.096587
0.253982 0.330274 1.907899 0.504938 -0.017304 0.857819 0.094261
0.251665 0.326112 1.907935 0.504748 -0.018498 0.858062 0.092823
0.249337 0.322507 1.907953 0.504356 -0.019414 0.858477 0.090912
0.247232 0.318856 1.908048 0.503968 -0.019937 0.858709 0.090767
0.245216 0.315231 1.907979 0.503650 -0.021089 0.859035 0.089169
0.243223 0.311769 1.907875 0.503266 -0.022124 0.859408 0.087476
0.241329 0.308364 1.907843 0.502886 -0.023120 0.859741 0.086118
0.239580 0.304865 1.907880 0.502567 -0.024137 0.859978 0.085330
0.237829 0.301585 1.907951 0.502334 -0.024862 0.860134 0.084925
0.235935 0.298005 1.908227 0.502136 -0.025208 0.860120 0.086130
0.234107 0.294445 1.908583 0.501950 -0.025169 0.860007 0.088326
0.232439 0.290913 1.908890 0.501809 -0.025224 0.859863 0.090481
0.230755 0.287404 1.909394 0.501630 -0.025255 0.859709 0.092895
0.229009 0.283752 1.910185 0.501565 -0.025452 0.859456 0.095504
0.227397 0.280042 1.910903 0.501577 -0.025857 0.859168 0.097890
0.225923 0.276368 1.911499 0.501590 -0.026357 0.858897 0.100043
0.224542 0.272691 1.912210 0.501537 -0.026964 0.858659 0.102166
0.223567 0.267166 1.913360 0.501457 -0.029633 0.858329 0.104568
0.222879 0.261118 1.914417 0.501442 -0.033359 0.858018 0.106066
0.221887 0.255893 1.915477 0.501417 -0.035582 0.857614 0.108686
0.220669 0.251558 1.916485 0.501638 -0.036148 0.856953 0.112619
0.219380 0.247227 1.917645 0.501975 -0.036837 0.856241 0.116259
0.218385 0.241758 1.918700 0.502404 -0.039131 0.855506 0.119029
0.217464 0.236464 1.919594 0.502885 -0.041565 0.854835 0.120978
0.216603 0.231321 1.920314 0.503361 -0.044021 0.854223 0.122445
0.216014 0.225039 1.921202 0.504057 -0.047647 0.853378 0.124100
0.215582 0.218373 1.921859 0.504819 -0.052701 0.852739 0.123355
0.215069 0.212447 1.922313 0.505894 -0.056934 0.852000 0.122167
0.213952 0.206983 1.923038 0.506310 -0.058847 0.851227 0.124902
0.212897 0.200170 1.924051 0.506864 -0.061629 0.850096 0.128951
0.212088 0.192748 1.924903 0.508241 -0.065170 0.848544 0.131971
0.211002 0.188090 1.925618 0.509676 -0.065209 0.847107 0.135609
0.209949 0.184176 1.926114 0.510889 -0.064413 0.845825 0.139367
0.208828 0.179116 1.926922 0.511901 -0.064661 0.844456 0.143772
0.208144 0.170615 1.927283 0.512433 -0.069273 0.843159 0.147301
0.207296 0.163250 1.927547 0.513225 -0.072436 0.841810 0.150698
0.206363 0.157409 1.927802 0.514611 -0.073622 0.840307 0.153750
0.205283 0.152171 1.927993 0.516216 -0.073996 0.838766 0.156578
0.204227 0.146200 1.927882 0.517452 -0.075706 0.837547 0.158201
0.203330 0.140909 1.927679 0.518496 -0.076892 0.836575 0.159351
0.202577 0.136854 1.927471 0.519602 -0.076795 0.835764 0.160047
0.201845 0.133660 1.927232 0.520804 -0.075882 0.835115 0.159959
0.201198 0.130941 1.926884 0.522067 -0.074900 0.834743 0.158239
0.200606 0.128343 1.926496 0.523151 -0.074224 0.834664 0.155371
0.200038 0.125730 1.926090 0.524095 -0.073777 0.834773 0.151773
0.199460 0.123177 1.925732 0.524946 -0.073175 0.834956 0.148077
0.198838 0.120564 1.925333 0.525820 -0.072488 0.835157 0.144123
0.198292 0.117956 1.924904 0.526656 -0.071624 0.835360 0.140274
0.197798 0.115337 1.924392 0.527415 -0.070709 0.835615 0.136315
0.197296 0.112694 1.923788 0.528100 -0.069815 0.835941 0.132059
0.196760 0.110014 1.923093 0.528784 -0.068866 0.836278 0.127616
0.196259 0.107272 1.922382 0.529382 -0.067909 0.836643 0.123173
0.195673 0.104475 1.921650 0.529763 -0.067144 0.837171 0.118268
0.195124 0.101639 1.920808 0.530048 -0.066553 0.837777 0.112915
0.194426 0.098977 1.919777 0.530199 -0.066046 0.838467 0.107236
0.193675 0.096362 1.918525 0.530276 -0.066033 0.839235 0.100659
0.193141 0.094211 1.917429 0.530409 -0.065654 0.839782 0.095509
0.192700 0.092524 1.916631 0.530546 -0.064894 0.840100 0.092424
0.192175 0.091077 1.916045 0.530612 -0.064088 0.840343 0.090371
0.191662 0.089874 1.915533 0.530710 -0.063285 0.840514 0.088757
