0.403321 -0.207993 1.998305 0.418266 -0.197617 0.817489 0.343094
0.399850 -0.204148 1.999413 0.417097 -0.195850 0.818719 0.342595
0.396439 -0.200608 2.000163 0.416110 -0.194700 0.819797 0.341873
0.391583 -0.195473 2.001005 0.415249 -0.193080 0.821052 0.340828
0.387004 -0.190087 2.002875 0.413009 -0.191848 0.823117 0.339261
0.382968 -0.185513 2.004894 0.410255 -0.191757 0.825068 0.337911
0.378516 -0.181353 2.006135 0.408076 -0.192393 0.826281 0.337221
0.373196 -0.176076 2.007136 0.406254 -0.192731 0.827322 0.336676
0.368586 -0.170710 2.008535 0.403951 -0.192592 0.829049 0.335275
0.364701 -0.165969 2.009848 0.401739 -0.192339 0.830799 0.333743
0.360135 -0.161247 2.010423 0.400615 -0.192174 0.831591 0.333217
0.355197 -0.155476 2.011289 0.399448 -0.191613 0.832856 0.331778
0.350967 -0.149517 2.012476 0.397858 -0.190680 0.834802 0.329327
0.347426 -0.144182 2.013621 0.396223 -0.189704 0.836761 0.326881
0.342724 -0.138471 2.014101 0.395068 -0.188568 0.837792 0.326293
0.338293 -0.131876 2.014883 0.393654 -0.186959 0.839618 0.324229
0.334595 -0.125255 2.015816 0.392114 -0.185005 0.841861 0.321387
0.331331 -0.119319 2.016587 0.390756 -0.183079 0.843826 0.318980
0.326978 -0.112993 2.016837 0.390380 -0.180722 0.844736 0.318378
0.322941 -0.106173 2.017448 0.389609 -0.178214 0.846515 0.316000
0.319475 -0.099514 2.018207 0.388608 -0.175617 0.848651 0.312944
0.316064 -0.093432 2.018633 0.387758 -0.173284 0.850427 0.310467
0.311898 -0.086482 2.018545 0.387358 -0.170423 0.851814 0.308742
0.308231 -0.079019 2.018721 0.386734 -0.167178 0.853904 0.305508
0.305070 -0.071864 2.019072 0.385871 -0.163880 0.856201 0.301938
0.301738 -0.065307 2.018888 0.385456 -0.161304 0.858127 0.298367
0.297976 -0.058437 2.018397 0.385478 -0.158814 0.859915 0.294500
0.294555 -0.051577 2.018235 0.385151 -0.156119 0.862074 0.290026
0.291546 -0.045450 2.018276 0.384507 -0.153555 0.864197 0.285899
0.288635 -0.038796 2.017579 0.384979 -0.150616 0.865950 0.281489
0.285963 -0.030498 2.016881 0.385552 -0.146088 0.868017 0.276685
0.283559 -0.022257 2.016547 0.385458 -0.141333 0.870356 0.271898
0.281390 -0.014976 2.016353 0.385056 -0.137137 0.872585 0.267435
0.278953 -0.007263 2.015121 0.385921 -0.133535 0.874562 0.261484
0.276610 0.000833 2.014145 0.386308 -0.129066 0.876642 0.256141
0.274472 0.008154 2.013476 0.386202 -0.124811 0.878669 0.251414
0.272520 0.014496 2.012822 0.386155 -0.121582 0.880493 0.246646
0.270277 0.021884 2.011658 0.387222 -0.117776 0.882204 0.240632
0.267998 0.029577 2.010862 0.387629 -0.112872 0.884251 0.234742
0.265886 0.036393 2.010376 0.387455 -0.108643 0.886167 0.229744
0.263821 0.042438 2.009897 0.387241 -0.106345 0.887864 0.224573
0.261036 0.049627 2.009482 0.386830 -0.103677 0.889844 0.218612
0.258185 0.056941 2.009362 0.385904 -0.099874 0.892125 0.212642
0.255576 0.063474 2.009340 0.384867 -0.096103 0.894224 0.207379
0.253344 0.069816 2.009308 0.384090 -0.093958 0.895853 0.202719
0.250928 0.077577 2.009308 0.383162 -0.090130 0.897717 0.197910
0.248529 0.085240 2.009344 0.382028 -0.085418 0.899708 0.193086
0.246337 0.092016 2.009368 0.380917 -0.080922 0.901495 0.188838
0.244202 0.098741 2.009615 0.379808 -0.078691 0.903250 0.183553
0.241576 0.105974 2.010120 0.378246 -0.075303 0.905326 0.177889
0.238997 0.112664 2.010619 0.376621 -0.071636 0.907317 0.172634
0.236717 0.118458 2.011046 0.375136 -0.068566 0.909046 0.167948
0.234748 0.124910 2.011427 0.373483 -0.066444 0.910852 0.162615
0.232729 0.131738 2.011615 0.371905 -0.062830 0.912669 0.157401
0.230848 0.137985 2.011680 0.370527 -0.058996 0.914263 0.152815
0.229274 0.143567 2.011779 0.369394 -0.056236 0.915541 0.148898
0.227269 0.150288 2.012314 0.367838 -0.053706 0.916980 0.144767
0.224812 0.157264 2.012856 0.365985 -0.050017 0.918658 0.140073
0.222429 0.163616 2.013282 0.364260 -0.046211 0.920192 0.135743
0.220617 0.169544 2.013702 0.362929 -0.043601 0.921491 0.131281
0.219001 0.175996 2.014102 0.361729 -0.040642 0.922776 0.126431
0.217360 0.182047 2.014326 0.360618 -0.037228 0.923952 0.121994
0.215863 0.187319 2.014439 0.359674 -0.033979 0.924932 0.118238
0.215111 0.192716 2.014597 0.359166 -0.032406 0.925712 0.114053
0.214290 0.198838 2.014550 0.358702 -0.029731 0.926511 0.109662
0.213329 0.204636 2.014341 0.358254 -0.026493 0.927249 0.105654
0.212409 0.209738 2.014082 0.357871 -0.023399 0.927865 0.102212
0.212275 0.215821 2.013935 0.357868 -0.021625 0.928372 0.097919
0.211707 0.222591 2.013459 0.357791 -0.018122 0.928943 0.093388
0.210916 0.228960 2.012841 0.357683 -0.014169 0.929461 0.089246
0.210298 0.234733 2.012327 0.357603 -0.010777 0.929891 0.085479
0.210577 0.241398 2.012268 0.357480 -0.008296 0.930401 0.080575
0.210655 0.247795 2.011912 0.357447 -0.005070 0.930820 0.076031
0.210603 0.253441 2.011414 0.357511 -0.001809 0.931110 0.072220
0.210909 0.258885 2.011171 0.357702 0.000925 0.931293 0.068861
0.211460 0.265507 2.011288 0.357854 0.004220 0.931546 0.064382
0.211597 0.271755 2.011136 0.357979 0.007937 0.931757 0.060139
0.211537 0.277252 2.010842 0.358129 0.011514 0.931889 0.056515
0.212174 0.283099 2.010818 0.358248 0.014239 0.932013 0.052981
0.213193 0.289923 2.010431 0.358510 0.017838 0.932073 0.048906
0.213976 0.296284 2.009586 0.358997 0.021915 0.931977 0.045400
0.214555 0.301863 2.008618 0.359542 0.025822 0.931803 0.042492
0.216147 0.308113 2.008437 0.360126 0.028007 0.931699 0.038210
0.217698 0.314470 2.008290 0.360653 0.030514 0.931600 0.033469
0.218893 0.320057 2.007891 0.361262 0.033174 0.931407 0.029494
0.219924 0.324904 2.007434 0.361917 0.035572 0.931162 0.026228
0.222420 0.330854 2.007308 0.362885 0.036945 0.930835 0.022280
0.224910 0.336756 2.006586 0.364135 0.039288 0.930330 0.018675
0.227039 0.341996 2.005527 0.365496 0.041927 0.929734 0.015775
0.229273 0.346826 2.004532 0.367049 0.043831 0.929077 0.013044
0.232909 0.352478 2.003673 0.369395 0.044418 0.928169 0.008784
0.236255 0.357658 2.002373 0.371817 0.045764 0.927162 0.005252
0.239084 0.362138 2.000941 0.374100 0.047367 0.926175 0.002438
0.242332 0.366639 1.999809 0.376608 0.048612 0.925096 0.000355
0.246762 0.371610 1.998792 0.379733 0.049769 0.923754 -0.001968
0.250795 0.376032 1.997489 0.382723 0.051315 0.922429 -0.003808
0.254190 0.379791 1.996121 0.385426 0.052914 0.921205 -0.005314
0.258168 0.384040 1.995173 0.388253 0.053650 0.919960 -0.007462
0.262715 0.388463 1.993948 0.391409 0.054357 0.918552 -0.010298
0.266809 0.392210 1.992397 0.394472 0.055380 0.917154 -0.012381
0.270277 0.395355 1.990850 0.397228 0.056478 0.915873 -0.014007
0.274679 0.399428 1.989909 0.399831 0.057240 0.914668 -0.015514
0.279316 0.402927 1.988548 0.402637 0.057909 0.913366 -0.017072
0.283547 0.405676 1.987017 0.405340 0.058634 0.912107 -0.017944
0.287344 0.408082 1.985681 0.407768 0.059354 0.910973 -0.018172
0.292089 0.411329 1.984857 0.410373 0.058771 0.909801 -0.020038
0.296834 0.413799 1.983548 0.413159 0.058322 0.908540 -0.021267
0.301111 0.415661 1.982133 0.415793 0.058070 0.907340 -0.021881
0.305148 0.417652 1.981085 0.418220 0.058055 0.906226 -0.021851
0.309749 0.420150 1.980368 0.420899 0.057574 0.904979 -0.023316
0.314121 0.421914 1.979361 0.423539 0.057178 0.903751 -0.024072
0.317974 0.423190 1.978339 0.425929 0.056875 0.902637 -0.024429
0.322027 0.424933 1.977687 0.428405 0.056091 0.901508 -0.024624
0.326825 0.426772 1.976628 0.431437 0.054669 0.900119 -0.025665
0.331406 0.428067 1.975159 0.434412 0.053703 0.898739 -0.025880
0.335435 0.429018 1.973672 0.437091 0.053035 0.897482 -0.025790
0.339365 0.430734 1.972925 0.439277 0.052796 0.896446 -0.025159
0.343072 0.432400 1.972108 0.441366 0.052533 0.895431 -0.025287
0.346305 0.433730 1.971171 0.443284 0.052499 0.894487 -0.025227
0.349035 0.434852 1.970302 0.444955 0.052632 0.893655 -0.025021
0.352115 0.436421 1.969736 0.446713 0.051616 0.892810 -0.025952
0.355350 0.437719 1.968475 0.448666 0.050906 0.891854 -0.026523
0.358347 0.438771 1.966971 0.450539 0.050629 0.890924 -0.026571
0.361076 0.439780 1.965669 0.452206 0.050419 0.890098 -0.026339
0.364248 0.440759 1.964937 0.453885 0.048466 0.889317 -0.027476
0.367454 0.441168 1.964035 0.455549 0.046717 0.888548 -0.027831
0.370403 0.441255 1.963150 0.457056 0.045263 0.887853 -0.027720
0.373242 0.441506 1.962546 0.458336 0.044263 0.887269 -0.026886
0.376567 0.441894 1.961676 0.459715 0.043455 0.886625 -0.025867
0.379880 0.442020 1.960411 0.461160 0.042958 0.885941 -0.024392
0.382883 0.442023 1.959095 0.462499 0.042663 0.885298 -0.022872
0.385848 0.442525 1.958189 0.464077 0.041946 0.884518 -0.022364
0.388830 0.443233 1.957083 0.465870 0.041129 0.883602 -0.022833
0.391520 0.443839 1.955778 0.467516 0.040758 0.882748 -0.022893
0.393824 0.444377 1.954498 0.468946 0.040660 0.881996 -0.022798
0.396478 0.445406 1.953784 0.470324 0.040387 0.881282 -0.022496
0.399392 0.445995 1.952833 0.471762 0.039999 0.880540 -0.022122
0.402188 0.446220 1.951804 0.473099 0.039670 0.879857 -0.021340
0.404706 0.446284 1.950901 0.474301 0.039438 0.879245 -0.020259
0.407283 0.446479 1.950061 0.475992 0.038662 0.878381 -0.019554
0.409751 0.446705 1.948785 0.477644 0.038282 0.877519 -0.018724
0.411937 0.446964 1.947400 0.479116 0.038242 0.876737 -0.017846
0.413817 0.447270 1.946272 0.480413 0.038097 0.876046 -0.017175
0.415785 0.447620 1.945194 0.481957 0.036648 0.875244 -0.017957
0.417723 0.447990 1.943727 0.483440 0.035836 0.874455 -0.018153
0.419470 0.448367 1.942190 0.484755 0.035468 0.873744 -0.018045
0.420881 0.448537 1.941028 0.485879 0.035606 0.873135 -0.017019
0.422138 0.448047 1.940665 0.486816 0.034463 0.872675 -0.016157
0.422529 0.448140 1.940595 0.487063 0.035102 0.872508 -0.016356
0.422785 0.448256 1.940572 0.487246 0.035496 0.872394 -0.016160
0.422735 0.447962 1.940697 0.487626 0.034750 0.872192 -0.017155
0.422916 0.447691 1.940287 0.488206 0.034599 0.871886 -0.016488
0.422977 0.447625 1.939858 0.488638 0.034470 0.871654 -0.016271
0.423025 0.447440 1.939624 0.488845 0.034472 0.871548 -0.015671
0.422317 0.446329 1.939722 0.488985 0.034158 0.871496 -0.014874
0.421741 0.445529 1.939529 0.489278 0.034121 0.871356 -0.013487
0.421103 0.445176 1.939179 0.489347 0.034737 0.871311 -0.012249
0.420378 0.444501 1.938992 0.489455 0.034344 0.871268 -0.012113
0.418864 0.442680 1.938975 0.489080 0.034174 0.871515 -0.009686
0.417572 0.441320 1.938744 0.488717 0.034752 0.871723 -0.006902
0.416401 0.440409 1.938391 0.488342 0.035400 0.871921 -0.004716
0.414848 0.439217 1.938166 0.487960 0.035071 0.872152 -0.004017
0.412569 0.437275 1.938163 0.487302 0.034705 0.872543 -0.000420
0.410486 0.435757 1.938116 0.486729 0.034987 0.872846 0.003266
0.408753 0.434569 1.937973 0.486288 0.035217 0.873063 0.006641
0.406470 0.433034 1.937857 0.485824 0.034639 0.873336 0.007713
0.403832 0.431139 1.937701 0.485416 0.034206 0.873554 0.010262
0.401310 0.429332 1.937482 0.484887 0.034278 0.873815 0.012589
0.399180 0.427714 1.937165 0.484322 0.034519 0.874079 0.015048
0.396204 0.426021 1.936983 0.483652 0.033929 0.874447 0.016465
0.393161 0.424101 1.936909 0.483209 0.033191 0.874667 0.019098
0.390240 0.422209 1.936853 0.482507 0.033221 0.874987 0.021935
0.387600 0.420337 1.936668 0.481652 0.033507 0.875368 0.024901
0.384070 0.418515 1.936547 0.480997 0.032705 0.875700 0.026857
0.380583 0.416776 1.936406 0.480633 0.031956 0.875856 0.029102
0.377203 0.415086 1.936281 0.480081 0.031722 0.876094 0.031212
0.373980 0.413396 1.936089 0.479359 0.031749 0.876407 0.033433
0.370350 0.411651 1.936026 0.478877 0.031136 0.876624 0.035191
0.366941 0.409766 1.936056 0.478407 0.030763 0.876801 0.037423
0.363761 0.407795 1.936124 0.477749 0.030736 0.877056 0.039791
0.360634 0.405754 1.936046 0.477130 0.030372 0.877329 0.041453
0.357294 0.403654 1.935866 0.476763 0.029685 0.877490 0.042752
0.354206 0.401473 1.935703 0.476386 0.029186 0.877629 0.044399
0.351360 0.399218 1.935563 0.475873 0.028857 0.877824 0.046220
0.348243 0.396994 1.935360 0.475308 0.028216 0.878073 0.047667
0.345016 0.394595 1.935234 0.474931 0.027373 0.878206 0.049459
0.342021 0.392131 1.935154 0.474519 0.026710 0.878334 0.051467
0.339201 0.389659 1.935117 0.474021 0.026201 0.878493 0.053557
0.336173 0.387118 1.935063 0.473440 0.025507 0.878680 0.055907
0.333329 0.384378 1.935082 0.472927 0.024815 0.878796 0.058672
0.330746 0.381408 1.935199 0.472262 0.024123 0.878979 0.061497
0.328271 0.378528 1.935333 0.471500 0.023513 0.879231 0.063950
0.325203 0.375683 1.935176 0.470949 0.022462 0.879443 0.065446
0.322237 0.372883 1.934990 0.470504 0.021518 0.879579 0.067101
0.319458 0.370174 1.934846 0.469955 0.020804 0.879759 0.068807
0.316828 0.367547 1.934718 0.469478 0.020144 0.879909 0.070322
0.313906 0.364649 1.934523 0.469046 0.019176 0.880064 0.071528
0.311137 0.361783 1.934370 0.468532 0.018359 0.880240 0.072930
0.308684 0.359144 1.934292 0.468045 0.017802 0.880389 0.074381
0.306044 0.356411 1.934160 0.467502 0.017101 0.880556 0.075968
0.303076 0.353327 1.933956 0.467088 0.015914 0.880662 0.077522
0.300387 0.350354 1.933802 0.466703 0.014926 0.880740 0.079138
0.298042 0.347647 1.933710 0.466319 0.014250 0.880812 0.080708
0.295386 0.344586 1.933584 0.465925 0.013255 0.880882 0.082374
0.292653 0.341344 1.933523 0.465631 0.012076 0.880906 0.083944
0.290258 0.338371 1.933521 0.465351 0.011209 0.880915 0.085505
0.288138 0.335645 1.933559 0.465058 0.010612 0.880922 0.087088
0.285514 0.332630 1.933614 0.464514 0.009797 0.880955 0.089716
0.283199 0.329713 1.933706 0.464447 0.008937 0.880773 0.091905
0.281186 0.327016 1.933826 0.464421 0.008342 0.880583 0.093900
0.279214 0.324387 1.933970 0.464184 0.007969 0.880462 0.096208
0.276721 0.321183 1.934143 0.463973 0.007016 0.880270 0.099019
0.274569 0.318109 1.934345 0.464144 0.006124 0.879930 0.101275
0.272687 0.315258 1.934561 0.464317 0.005484 0.879615 0.103229
0.270493 0.312171 1.934806 0.463977 0.004907 0.879454 0.106124
0.267829 0.308364 1.935104 0.463958 0.003595 0.879093 0.109198
0.265568 0.304751 1.935430 0.464326 0.002446 0.878594 0.111660
0.263600 0.301398 1.935772 0.464717 0.001602 0.878120 0.113758
0.261166 0.297504 1.936151 0.464493 0.000540 0.877823 0.116931
0.258647 0.293134 1.936613 0.464758 -0.001037 0.877319 0.119630
0.256506 0.289037 1.937126 0.465296 -0.002303 0.876728 0.121829
0.254784 0.285164 1.937920 0.466142 -0.003396 0.876086 0.123176
0.252385 0.280020 1.939307 0.466621 -0.005456 0.875524 0.125267
0.249645 0.274002 1.941057 0.467194 -0.008329 0.874941 0.127032
0.247224 0.268089 1.942627 0.467856 -0.011198 0.874381 0.128225
0.245097 0.262494 1.943971 0.468435 -0.013775 0.873890 0.129211
0.242556 0.255912 1.945426 0.468773 -0.017005 0.873371 0.131094
0.240119 0.248868 1.946815 0.469187 -0.020771 0.872866 0.132429
0.238042 0.242100 1.947994 0.469583 -0.024369 0.872430 0.133281
0.236136 0.235476 1.948913 0.469846 -0.027801 0.872034 0.134265
0.234010 0.228112 1.949512 0.470162 -0.031934 0.871593 0.135111
0.232271 0.221051 1.949929 0.470575 -0.035866 0.871167 0.135432
0.230899 0.214492 1.950167 0.470952 -0.039343 0.870786 0.135601
0.229507 0.207700 1.950247 0.471216 -0.042887 0.870325 0.136569
0.228008 0.199814 1.950261 0.471725 -0.047425 0.869691 0.137343
0.226909 0.192315 1.950069 0.472358 -0.051663 0.869069 0.137575
0.226137 0.185520 1.949699 0.472989 -0.055221 0.868499 0.137629
0.225147 0.178885 1.949061 0.473942 -0.058448 0.867767 0.137635
0.224307 0.172610 1.948299 0.476472 -0.060892 0.866518 0.135699
0.223782 0.167168 1.947362 0.478611 -0.062496 0.865522 0.133781
0.223760 0.162364 1.946257 0.481319 -0.063000 0.864257 0.131993
0.223680 0.156583 1.944761 0.484802 -0.063869 0.862451 0.130636
0.224014 0.150629 1.943087 0.488597 -0.064649 0.860550 0.128636
0.224194 0.145372 1.941637 0.491526 -0.065044 0.859218 0.126164
0.224341 0.140968 1.940309 0.493902 -0.065212 0.858454 0.121927
0.223968 0.136348 1.939242 0.496357 -0.065275 0.857751 0.116761
0.223804 0.132078 1.938063 0.498510 -0.064931 0.857224 0.111530
0.223903 0.128319 1.936782 0.500203 -0.064195 0.856916 0.106636
0.224145 0.124827 1.935488 0.501638 -0.063141 0.856711 0.102067
0.224392 0.121172 1.934255 0.503085 -0.061907 0.856495 0.097412
0.224812 0.117852 1.932891 0.503990 -0.061011 0.856539 0.092803
0.225350 0.114946 1.931503 0.504467 -0.060823 0.856798 0.087802
0.225596 0.111996 1.930358 0.504884 -0.060681 0.856992 0.083515
0.225660 0.108897 1.929329 0.505325 -0.060587 0.857096 0.079759
0.225628 0.106632 1.928655 0.505670 -0.060330 0.857251 0.076017
0.225487 0.104900 1.928219 0.505902 -0.059937 0.857375 0.073337
0.225162 0.103075 1.928008 0.505798 -0.059521 0.857716 0.070345
0.224936 0.101501 1.927755 0.505899 -0.058465 0.857866 0.068655
0.224786 0.100273 1.927535 0.506011 -0.057466 0.857933 0.067828
0.224627 0.099237 1.927384 0.506062 -0.056769 0.858004 0.067132
0.224250 0.097980 1.927308 0.505977 -0.056299 0.858214 0.065462
0.223905 0.096987 1.927169 0.506016 -0.055540 0.858321 0.064407
0.223619 0.096208 1.927011 0.506075 -0.054862 0.858374 0.063822
0.223362 0.095458 1.926891 0.506051 -0.054439 0.858471 0.063064
0.223131 0.094432 1.926789 0.505838 -0.054047 0.858739 0.061430
0.222975 0.093631 1.926606 0.505711 -0.053496 0.858920 0.060433
0.222842 0.093000 1.926432 0.505610 -0.053041 0.859052 0.059797
0.222720 0.092389 1.926299 0.505428 -0.052777 0.859232 0.058962
0.222625 0.091768 1.926172 0.505216 -0.052434 0.859439 0.058073
0.222554 0.091282 1.926030 0.505072 -0.052058 0.859579 0.057584
0.222483 0.090881 1.925906 0.504946 -0.051782 0.859694 0.057229
0.222501 0.090373 1.925727 0.504663 -0.051852 0.859918 0.056289
0.222602 0.089816 1.925507 0.504308 -0.052064 0.860191 0.055088
0.222682 0.089366 1.925326 0.504005 -0.052241 0.860419 0.054123
0.222735 0.088991 1.925186 0.503751 -0.052418 0.860607 0.053315
0.222709 0.088701 1.925158 0.503374 -0.052432 0.860872 0.052586
0.222667 0.088491 1.925123 0.503094 -0.052224 0.861061 0.052381
