-0.048054 0.391307 1.458307 0.708054 -0.050396 0.703206 0.040274
-0.047693 0.391165 1.458618 0.708112 -0.050404 0.703155 0.040121
-0.047028 0.390873 1.458963 0.708064 -0.050891 0.703151 0.040419
-0.046325 0.390555 1.459269 0.707986 -0.051490 0.703161 0.040854
-0.045710 0.390367 1.459510 0.707961 -0.051635 0.703163 0.041060
-0.045218 0.390450 1.459655 0.707993 -0.051070 0.703192 0.040734
-0.044801 0.390518 1.459768 0.708025 -0.050638 0.703206 0.040486
-0.044450 0.390560 1.459863 0.708040 -0.050325 0.703223 0.040310
-0.044190 0.390551 1.459989 0.708064 -0.049983 0.703219 0.040371
-0.044161 0.390525 1.460184 0.708073 -0.049666 0.703230 0.040417
-0.044244 0.390549 1.460355 0.708095 -0.049327 0.703238 0.040308
-0.044357 0.390586 1.460495 0.708118 -0.049014 0.703246 0.040155
-0.044239 0.390620 1.460720 0.708471 -0.048216 0.702957 0.039937
-0.043600 0.390433 1.461132 0.708803 -0.047894 0.702638 0.040060
-0.042817 0.390145 1.461526 0.708995 -0.048000 0.702413 0.040470
-0.042064 0.389845 1.461866 0.709115 -0.048249 0.702247 0.040940
-0.041239 0.389769 1.462177 0.709250 -0.047520 0.702126 0.041527
-0.040188 0.389720 1.462437 0.709288 -0.046767 0.702093 0.042282
-0.039146 0.389585 1.462658 0.709281 -0.046414 0.702074 0.043118
-0.038218 0.389428 1.462845 0.709256 -0.046262 0.702061 0.043889
-0.037136 0.389250 1.463518 0.709248 -0.046171 0.702051 0.044284
-0.035787 0.388919 1.464505 0.709136 -0.046861 0.702086 0.044790
-0.034479 0.388544 1.465397 0.708994 -0.047753 0.702130 0.045392
-0.033327 0.388190 1.466145 0.708856 -0.048613 0.702173 0.045968
-0.032167 0.388058 1.467631 0.708830 -0.047986 0.702239 0.046032
-0.030969 0.387911 1.469408 0.708774 -0.048092 0.702303 0.045804
-0.029874 0.387721 1.470966 0.708701 -0.048466 0.702359 0.045676
-0.028923 0.387527 1.472281 0.708605 -0.048756 0.702435 0.045681
-0.027644 0.387232 1.474152 0.707658 -0.046709 0.703433 0.047130
-0.026096 0.386711 1.475981 0.706726 -0.045811 0.704317 0.048760
-0.024614 0.386145 1.477531 0.705951 -0.045506 0.705006 0.050278
-0.023303 0.385636 1.478910 0.705270 -0.045150 0.705620 0.051558
-0.022011 0.385271 1.481416 0.703988 -0.043351 0.706949 0.052390
-0.020777 0.384870 1.483930 0.702940 -0.042560 0.708001 0.052901
-0.019686 0.384471 1.486062 0.702109 -0.042219 0.708813 0.053315
-0.018672 0.384101 1.488015 0.701321 -0.041357 0.709614 0.053722
-0.016619 0.383264 1.490937 0.699705 -0.039502 0.711207 0.055117
-0.014058 0.382023 1.493682 0.698271 -0.039470 0.712455 0.057161
-0.011594 0.380744 1.495994 0.697081 -0.040105 0.713416 0.059230
-0.009368 0.379611 1.498272 0.695889 -0.039701 0.714456 0.060960
-0.006749 0.378313 1.501704 0.694124 -0.038205 0.716147 0.062185
-0.004071 0.376842 1.504859 0.692669 -0.038158 0.717429 0.063642
-0.001665 0.375437 1.507496 0.691494 -0.038629 0.718408 0.065059
0.000417 0.374222 1.510234 0.690242 -0.037408 0.719508 0.066893
0.002443 0.373029 1.514152 0.688659 -0.035377 0.720966 0.068598
0.004314 0.371834 1.517687 0.687416 -0.034580 0.722062 0.069927
0.005934 0.370736 1.520626 0.686433 -0.034302 0.722903 0.071030
0.007442 0.369712 1.523822 0.685244 -0.031145 0.724015 0.072620
0.009350 0.368233 1.527993 0.683594 -0.027478 0.725521 0.074583
0.011297 0.366629 1.531652 0.682276 -0.025601 0.726633 0.076479
0.013052 0.365124 1.534676 0.681233 -0.024585 0.727467 0.078158
0.014908 0.363767 1.538286 0.680440 -0.021073 0.728142 0.079796
0.017527 0.361916 1.543000 0.679750 -0.018991 0.728684 0.081238
0.020216 0.359878 1.547130 0.679176 -0.018640 0.729041 0.082896
0.022637 0.357950 1.550544 0.678697 -0.018943 0.729296 0.084492
0.025035 0.356300 1.554274 0.678389 -0.015691 0.729500 0.085863
0.027841 0.354365 1.558246 0.678034 -0.013429 0.729715 0.087211
0.030529 0.352361 1.561611 0.677731 -0.012574 0.729825 0.088757
0.032884 0.350510 1.564381 0.677475 -0.012361 0.729887 0.090211
0.035291 0.348944 1.568147 0.678153 -0.008210 0.729334 0.090068
0.038010 0.347017 1.572344 0.678865 -0.006097 0.728764 0.089492
0.040570 0.345021 1.575920 0.679354 -0.005345 0.728323 0.089421
0.042805 0.343170 1.578867 0.679683 -0.005206 0.727996 0.089587
0.045606 0.341614 1.583168 0.680261 -0.001174 0.727724 0.087530
0.049117 0.339361 1.587627 0.680771 -0.000214 0.727422 0.086073
0.052495 0.336916 1.591375 0.681101 -0.000635 0.727161 0.085660
0.055466 0.334639 1.594495 0.681308 -0.001237 0.726961 0.085709
0.059168 0.332509 1.598845 0.681339 0.002177 0.727058 0.084610
0.063480 0.329598 1.602970 0.681416 0.002412 0.726978 0.084679
0.067503 0.326588 1.606390 0.681426 0.001425 0.726865 0.085583
0.070998 0.323892 1.609323 0.681422 0.000802 0.726760 0.086514
0.074761 0.321803 1.613479 0.681511 0.003184 0.727002 0.083674
0.078552 0.319388 1.617277 0.681520 0.003492 0.727220 0.081657
0.081932 0.316978 1.620420 0.681420 0.002927 0.727432 0.080626
0.084913 0.314880 1.623278 0.681259 0.003281 0.727668 0.079841
0.088911 0.312801 1.627372 0.681013 0.004956 0.728215 0.076807
0.093213 0.310019 1.630965 0.680871 0.004100 0.728490 0.075500
0.097114 0.307190 1.633903 0.680669 0.002460 0.728708 0.075291
0.100570 0.304829 1.636698 0.680211 0.002454 0.729148 0.075167
0.104736 0.303042 1.640673 0.679110 0.004717 0.730412 0.072702
0.109152 0.300655 1.644252 0.678406 0.004190 0.731266 0.070697
0.113152 0.298134 1.647187 0.677752 0.002733 0.731956 0.069897
0.116698 0.296074 1.649891 0.676664 0.003309 0.733001 0.069456
0.120692 0.294490 1.652994 0.674614 0.006294 0.734956 0.068536
0.124868 0.292290 1.655754 0.673183 0.007677 0.736197 0.069141
0.128625 0.289845 1.658189 0.672308 0.007029 0.737001 0.069157
0.132024 0.288095 1.660434 0.671041 0.008286 0.738190 0.068636
0.135879 0.287033 1.662691 0.669114 0.011784 0.739924 0.068270
0.140035 0.285264 1.664750 0.667732 0.013674 0.741026 0.069479
0.143899 0.283055 1.666583 0.666950 0.014191 0.741566 0.071105
0.147449 0.281560 1.668421 0.665695 0.016048 0.742663 0.071023
0.151313 0.280535 1.670461 0.663851 0.019106 0.744253 0.070878
0.155542 0.278719 1.672407 0.662444 0.020535 0.745338 0.072236
0.159773 0.276231 1.674156 0.661614 0.020755 0.745819 0.074770
0.163835 0.274841 1.675476 0.660957 0.022706 0.746322 0.074994
0.167977 0.274228 1.676784 0.660146 0.025543 0.747005 0.074416
0.172311 0.272825 1.678166 0.659456 0.026931 0.747485 0.075226
0.176645 0.270624 1.679469 0.659164 0.027050 0.747528 0.077295
0.180772 0.269599 1.680653 0.658326 0.028786 0.748229 0.077017
0.184904 0.268999 1.682034 0.657215 0.030946 0.749222 0.076003
0.189350 0.267428 1.683426 0.656812 0.031411 0.749540 0.076171
0.193930 0.264878 1.684783 0.656822 0.030416 0.749406 0.077787
0.198201 0.263705 1.686035 0.655413 0.031106 0.750665 0.077251
0.202251 0.262908 1.687433 0.653191 0.032590 0.752601 0.076611
0.206452 0.261226 1.688895 0.651360 0.032856 0.754152 0.076848
0.210851 0.258539 1.690181 0.650809 0.031507 0.754554 0.078119
0.215091 0.256731 1.691453 0.648350 0.033312 0.756310 0.080794
0.219359 0.254804 1.692631 0.645469 0.034723 0.758445 0.083222
0.223546 0.252415 1.693726 0.642999 0.034857 0.760322 0.085134
0.227525 0.249982 1.694542 0.641887 0.033763 0.761188 0.086217
0.231978 0.249766 1.694778 0.639673 0.036890 0.762725 0.087792
0.236498 0.249207 1.694817 0.637478 0.040025 0.764203 0.089516
0.240727 0.247979 1.694902 0.636159 0.041589 0.765103 0.090501
0.244670 0.246690 1.694973 0.635865 0.041737 0.765398 0.089995
0.249115 0.246878 1.694997 0.634333 0.044409 0.766702 0.088418
0.253608 0.246283 1.694841 0.634210 0.045791 0.766845 0.087353
0.257738 0.245100 1.694695 0.635267 0.045605 0.766128 0.086043
0.261568 0.244016 1.694598 0.636506 0.044706 0.765456 0.083299
0.266160 0.243377 1.694072 0.637020 0.045952 0.765232 0.080708
0.270773 0.241749 1.693393 0.638903 0.045522 0.763863 0.079022
0.274956 0.239672 1.692863 0.641460 0.043759 0.762000 0.077264
0.279027 0.238011 1.692404 0.644064 0.041583 0.760255 0.073924
0.284080 0.236708 1.691430 0.647003 0.040798 0.758067 0.071109
0.288895 0.234596 1.690492 0.650620 0.038606 0.755271 0.069052
0.293149 0.232189 1.689826 0.654327 0.035453 0.752407 0.066950
0.297254 0.230454 1.689451 0.657065 0.032425 0.750490 0.063077
0.301898 0.229001 1.689106 0.658904 0.030737 0.749222 0.059732
0.306091 0.227014 1.688843 0.660703 0.028389 0.747892 0.057645
0.309653 0.224982 1.688700 0.662248 0.025915 0.746727 0.056163
0.313334 0.223769 1.688458 0.663495 0.023547 0.745946 0.052758
0.317604 0.222546 1.687957 0.664905 0.021784 0.744919 0.050218
0.321418 0.220858 1.687544 0.666279 0.019566 0.743848 0.048797
0.324649 0.219144 1.687270 0.667419 0.017341 0.742939 0.047880
0.328061 0.218423 1.686755 0.668225 0.015416 0.742486 0.044196
0.331752 0.217859 1.685847 0.669275 0.014495 0.741725 0.041298
0.334975 0.216981 1.685042 0.670314 0.013355 0.740908 0.039457
0.337683 0.216058 1.684417 0.671176 0.012191 0.740215 0.038156
0.340988 0.215808 1.683826 0.671705 0.011633 0.739883 0.035360
0.344697 0.214947 1.683274 0.672321 0.011041 0.739391 0.034107
0.348001 0.213611 1.682872 0.672923 0.009815 0.738881 0.033652
0.350808 0.212229 1.682610 0.673400 0.008471 0.738469 0.033518
0.354114 0.211601 1.682114 0.673320 0.007573 0.738675 0.030686
0.357556 0.210455 1.681433 0.673451 0.006878 0.738611 0.029505
0.360591 0.209026 1.680838 0.673694 0.005833 0.738414 0.029109
0.363173 0.207655 1.680372 0.673907 0.004706 0.738236 0.028902
0.366307 0.207060 1.679412 0.674657 0.003970 0.737651 0.026304
0.369336 0.206018 1.678352 0.675639 0.003379 0.736791 0.025298
0.371955 0.204811 1.677478 0.676494 0.002551 0.736023 0.024894
0.374228 0.203746 1.676790 0.677168 0.001502 0.735426 0.024284
0.377448 0.203426 1.675983 0.677748 0.000627 0.734962 0.022100
0.380616 0.202509 1.675126 0.678585 -0.000664 0.734203 0.021611
0.383366 0.201391 1.674411 0.679319 -0.002074 0.733519 0.021699
0.385825 0.200464 1.673814 0.679892 -0.003581 0.732994 0.021299
0.389229 0.199957 1.672508 0.680845 -0.004449 0.732121 0.020730
0.392369 0.198985 1.670978 0.681897 -0.005036 0.731118 0.021400
0.395027 0.197928 1.669648 0.682746 -0.005538 0.730294 0.022299
0.397441 0.197196 1.668577 0.683409 -0.006326 0.729672 0.022140
0.400357 0.197185 1.667871 0.683968 -0.007320 0.729187 0.020489
0.402899 0.196980 1.667415 0.684326 -0.008352 0.728869 0.019442
0.405020 0.196710 1.667112 0.684528 -0.009237 0.728687 0.018734
0.407132 0.196663 1.666806 0.684624 -0.010199 0.728618 0.017379
0.410024 0.196569 1.665940 0.684861 -0.010847 0.728406 0.016518
0.412631 0.196034 1.664925 0.685221 -0.011360 0.728056 0.016623
0.414842 0.195399 1.664030 0.685514 -0.011759 0.727766 0.017005
0.417033 0.194934 1.663349 0.685612 -0.012706 0.727676 0.016181
0.419659 0.193952 1.662948 0.685388 -0.014377 0.727872 0.015451
0.422034 0.192540 1.662685 0.685125 -0.016172 0.728081 0.015447
0.424062 0.191125 1.662529 0.684834 -0.017757 0.728313 0.015711
0.426159 0.190142 1.662340 0.684383 -0.020063 0.728706 0.014297
0.428479 0.189272 1.661754 0.683996 -0.022266 0.729031 0.012979
0.430487 0.188366 1.661048 0.683810 -0.023880 0.729163 0.012456
0.431657 0.188361 1.660518 0.683489 -0.024259 0.729469 0.011346
0.431920 0.189894 1.660195 0.682711 -0.023522 0.730263 0.008285
0.432162 0.192071 1.659818 0.681893 -0.022207 0.731095 0.005312
0.432367 0.193680 1.659533 0.681342 -0.021587 0.731639 0.003249
0.432489 0.194364 1.659312 0.681124 -0.021508 0.731849 0.002330
0.432574 0.195179 1.659136 0.680746 -0.022025 0.732188 0.000086
0.432667 0.196109 1.658738 0.680346 -0.022492 0.732543 -0.002149
0.432732 0.196954 1.658370 0.679903 -0.023070 0.732927 -0.004184
0.432749 0.197670 1.658061 0.679496 -0.023562 0.733278 -0.005863
0.432797 0.198195 1.658083 0.678893 -0.025985 0.733712 -0.009826
0.432845 0.198618 1.657845 0.678601 -0.028115 0.733850 -0.013216
0.432822 0.198959 1.657601 0.678331 -0.030042 0.733965 -0.016095
0.432827 0.199218 1.657400 0.678069 -0.031751 0.734081 -0.018478
0.432818 0.199305 1.657462 0.677510 -0.035161 0.734320 -0.022770
0.432858 0.199262 1.657188 0.677230 -0.038150 0.734319 -0.026065
0.432931 0.199127 1.656904 0.676971 -0.040827 0.734314 -0.028752
0.432966 0.198940 1.656716 0.676654 -0.043330 0.734362 -0.031211
0.432947 0.198567 1.656906 0.676111 -0.047754 0.734371 -0.035967
0.432981 0.198103 1.656793 0.675857 -0.052204 0.734069 -0.040408
0.432999 0.197636 1.656594 0.675653 -0.056076 0.733761 -0.044080
0.432977 0.197202 1.656498 0.675345 -0.059759 0.733534 -0.047603
0.432920 0.196566 1.656581 0.674927 -0.065360 0.733077 -0.052913
0.432907 0.195792 1.656500 0.674586 -0.071413 0.732415 -0.058322
0.432904 0.195001 1.656303 0.674289 -0.077084 0.731707 -0.063226
0.432869 0.194267 1.656175 0.673919 -0.082220 0.731086 -0.067729
0.432800 0.193467 1.656150 0.673602 -0.087957 0.730230 -0.072719
0.432775 0.192705 1.656015 0.673331 -0.093972 0.729194 -0.077922
0.432760 0.191971 1.655805 0.672944 -0.100133 0.728135 -0.083300
0.432728 0.191303 1.655617 0.672508 -0.105942 0.727104 -0.088479
0.432669 0.190535 1.655459 0.672042 -0.112464 0.725822 -0.094307
0.432630 0.189797 1.655242 0.671519 -0.119082 0.724450 -0.100266
0.432605 0.189148 1.654999 0.670868 -0.125771 0.723042 -0.106432
0.432581 0.188599 1.654810 0.670183 -0.132210 0.721610 -0.112489
0.432565 0.188162 1.654693 0.669566 -0.138544 0.720027 -0.118526
0.432562 0.187805 1.654535 0.668829 -0.144987 0.718390 -0.124746
0.432561 0.187481 1.654346 0.667925 -0.151546 0.716739 -0.131133
0.432543 0.187264 1.654229 0.666979 -0.158072 0.714994 -0.137612
0.432517 0.187136 1.654200 0.665975 -0.164943 0.713035 -0.144408
0.432518 0.187071 1.654159 0.664867 -0.171735 0.711047 -0.151230
0.432531 0.187037 1.654100 0.663635 -0.178447 0.709053 -0.158080
0.432543 0.187008 1.654089 0.662373 -0.184843 0.707081 -0.164716
0.432567 0.186993 1.654104 0.661065 -0.191249 0.704988 -0.171488
0.432584 0.187006 1.654087 0.659643 -0.197666 0.702854 -0.178308
0.432589 0.187012 1.654041 0.658205 -0.203796 0.700779 -0.184773
0.432533 0.187098 1.654105 0.656692 -0.209927 0.698646 -0.191257
0.432551 0.187161 1.654191 0.655135 -0.216361 0.696338 -0.197736
0.432580 0.187226 1.654229 0.653495 -0.222775 0.693977 -0.204232
0.432601 0.187248 1.654225 0.651926 -0.228637 0.691773 -0.210158
0.432596 0.187381 1.654306 0.650192 -0.234398 0.689594 -0.216258
0.432615 0.187529 1.654352 0.648340 -0.240291 0.687334 -0.222456
0.432639 0.187662 1.654379 0.646451 -0.246024 0.685103 -0.228489
0.432658 0.187762 1.654407 0.644805 -0.250837 0.683191 -0.233575
0.432607 0.187969 1.654559 0.642594 -0.257099 0.680636 -0.240222
0.432577 0.188040 1.654637 0.640431 -0.263436 0.677978 -0.246569
0.432571 0.188036 1.654674 0.638533 -0.268874 0.675651 -0.251948
0.432561 0.188046 1.654749 0.636817 -0.273482 0.673650 -0.256645
0.432516 0.188119 1.655120 0.634734 -0.278996 0.671133 -0.262402
0.432519 0.188108 1.655404 0.632757 -0.284483 0.668536 -0.267857
0.432529 0.188081 1.655660 0.630968 -0.289193 0.666294 -0.272581
0.432510 0.188117 1.655980 0.629159 -0.293443 0.664281 -0.277094
0.432411 0.188200 1.656436 0.626722 -0.298966 0.661708 -0.282809
0.432437 0.188166 1.656898 0.624167 -0.304511 0.659201 -0.288343
0.432453 0.188043 1.657461 0.621749 -0.309188 0.657197 -0.293126
0.432401 0.188010 1.657959 0.619497 -0.313489 0.655222 -0.297710
0.432349 0.187546 1.658645 0.615977 -0.320156 0.652441 -0.303962
0.432320 0.187006 1.659680 0.612561 -0.325718 0.650358 -0.309374
0.432331 0.186390 1.660604 0.609777 -0.330147 0.648752 -0.313519
0.432253 0.186144 1.661240 0.607395 -0.333979 0.647038 -0.317603
0.432100 0.185700 1.661620 0.604497 -0.338405 0.645286 -0.321981
0.431938 0.185503 1.662030 0.602136 -0.341675 0.643947 -0.325612
0.431809 0.185319 1.662290 0.600332 -0.344219 0.642894 -0.328332
0.431694 0.185202 1.662554 0.598472 -0.346803 0.641799 -0.331138
0.431619 0.185218 1.662711 0.596597 -0.349538 0.640562 -0.334031
0.431558 0.185248 1.662853 0.595087 -0.351661 0.639614 -0.336302
0.431498 0.185290 1.662999 0.593874 -0.353280 0.638884 -0.338133
0.431202 0.185369 1.663209 0.592870 -0.354448 0.638415 -0.339557
0.430529 0.185384 1.663508 0.591728 -0.355609 0.638286 -0.340573
0.429961 0.185457 1.663798 0.590891 -0.356376 0.638249 -0.341294
0.429458 0.185575 1.664058 0.590216 -0.356875 0.638223 -0.341989
0.428993 0.185765 1.664267 0.590131 -0.356928 0.638854 -0.340898
0.428660 0.185812 1.664305 0.590076 -0.357561 0.639940 -0.338285
0.428467 0.185631 1.664270 0.589811 -0.358511 0.640993 -0.335739
0.428370 0.185295 1.664231 0.589414 -0.359572 0.641969 -0.333428
0.428061 0.185001 1.664199 0.590081 -0.359088 0.644517 -0.327810
0.427615 0.184904 1.664215 0.590467 -0.358910 0.647315 -0.321737
0.427141 0.185012 1.664256 0.590787 -0.358587 0.649475 -0.317126
0.426684 0.185207 1.664327 0.591041 -0.358197 0.651150 -0.313638
0.425899 0.184869 1.664216 0.592092 -0.356437 0.655459 -0.304556
0.424833 0.184926 1.663757 0.593400 -0.354387 0.659264 -0.296070
0.423794 0.185327 1.663287 0.594657 -0.352312 0.662115 -0.289590
0.422847 0.185829 1.662915 0.595694 -0.350446 0.664306 -0.284662
0.421454 0.185973 1.662759 0.597892 -0.345819 0.669658 -0.272933
0.419844 0.186808 1.662602 0.599849 -0.341408 0.673866 -0.263680
0.418321 0.187945 1.662498 0.601514 -0.337428 0.677008 -0.256871
0.416935 0.189046 1.662466 0.602966 -0.333766 0.679629 -0.251269
0.414648 0.189823 1.662149 0.605819 -0.327037 0.684727 -0.239121
0.412222 0.191402 1.661473 0.608726 -0.320439 0.688501 -0.229646
0.410013 0.193204 1.660851 0.611213 -0.314569 0.691305 -0.222623
0.407983 0.194774 1.660427 0.613434 -0.308966 0.693922 -0.216128
0.404894 0.195293 1.660631 0.616061 -0.301336 0.698549 -0.204192
0.401943 0.196066 1.661077 0.617933 -0.295020 0.702121 -0.195316
0.399383 0.196905 1.661590 0.619259 -0.289866 0.704883 -0.188773
0.397024 0.197538 1.662149 0.620554 -0.284585 0.707711 -0.181850
0.393788 0.198157 1.662641 0.622663 -0.276379 0.711989 -0.170224
0.390695 0.199450 1.662960 0.624541 -0.268946 0.715170 -0.161705
0.387977 0.200874 1.663256 0.626008 -0.262654 0.717601 -0.155485
0.385291 0.201963 1.663726 0.627427 -0.256038 0.720220 -0.148536
0.381575 0.202775 1.664810 0.628723 -0.248141 0.723628 -0.139625
0.378139 0.204001 1.665961 0.629590 -0.241472 0.726271 -0.133563
0.375172 0.205245 1.667017 0.630152 -0.236011 0.728348 -0.129289
0.372229 0.206194 1.668154 0.630861 -0.229403 0.730897 -0.123196
0.368557 0.207357 1.669591 0.631452 -0.221069 0.734172 -0.115710
0.365199 0.208909 1.670884 0.631833 -0.213883 0.736745 -0.110662
0.362303 0.210412 1.672010 0.632024 -0.207963 0.738799 -0.107113
0.359331 0.211563 1.673404 0.632531 -0.200220 0.741337 -0.101171
0.355859 0.212751 1.675555 0.632751 -0.191261 0.744395 -0.094456
0.352751 0.214075 1.677616 0.632594 -0.184053 0.746890 -0.090020
0.350098 0.215276 1.679394 0.632289 -0.178306 0.748912 -0.086879
0.347252 0.216225 1.681208 0.632658 -0.170346 0.751063 -0.081432
0.344019 0.217353 1.683331 0.632934 -0.162140 0.753144 -0.076672
0.341149 0.218570 1.685283 0.632902 -0.155535 0.754864 -0.073654
0.338716 0.219648 1.686946 0.632730 -0.150290 0.756270 -0.071568
0.336153 0.220498 1.688920 0.633402 -0.141265 0.757969 -0.065798
0.333503 0.221212 1.691513 0.633540 -0.132945 0.759759 -0.060983
0.331220 0.221826 1.693930 0.633273 -0.126665 0.761307 -0.057729
0.329315 0.222305 1.695991 0.632884 -0.121846 0.762592 -0.055350
0.327443 0.222749 1.698424 0.633399 -0.113128 0.763923 -0.049286
0.325664 0.223043 1.701435 0.633252 -0.106196 0.765307 -0.044933
0.324149 0.223220 1.704190 0.632789 -0.101152 0.766543 -0.041937
0.322894 0.223308 1.706520 0.632274 -0.097361 0.767576 -0.039713
0.321697 0.223419 1.708978 0.632581 -0.089723 0.768533 -0.033868
0.320631 0.223373 1.711553 0.632451 -0.084040 0.769456 -0.029674
0.319746 0.223248 1.713825 0.632137 -0.079888 0.770269 -0.026587
0.319027 0.223098 1.715745 0.631816 -0.076525 0.770958 -0.023988
0.318622 0.223000 1.718133 0.631445 -0.070368 0.771988 -0.018972
0.318430 0.222601 1.720520 0.630710 -0.066301 0.773030 -0.015268
0.318325 0.222101 1.722565 0.629991 -0.063456 0.773908 -0.012323
