0.388220 -0.198942 1.995587 0.430441 -0.229753 0.791875 0.367243
0.383209 -0.194878 1.996078 0.429039 -0.229522 0.793451 0.365624
0.378031 -0.190240 1.995938 0.428316 -0.227386 0.794667 0.365163
0.372507 -0.185354 1.995697 0.427546 -0.225058 0.795939 0.364741
0.366672 -0.180783 1.995720 0.426260 -0.223814 0.797482 0.363636
0.361139 -0.176496 1.995999 0.424780 -0.223470 0.799283 0.361622
0.355685 -0.171620 1.995584 0.423959 -0.221784 0.800655 0.360586
0.350182 -0.166405 1.994793 0.423403 -0.219447 0.801897 0.359908
0.344469 -0.161472 1.994285 0.422424 -0.217940 0.803417 0.358582
0.339081 -0.156723 1.994253 0.421123 -0.217107 0.805336 0.356306
0.333708 -0.151607 1.993409 0.420504 -0.216041 0.806371 0.355341
0.328335 -0.146160 1.992079 0.420307 -0.214246 0.807093 0.355022
0.323144 -0.140639 1.991430 0.419648 -0.212536 0.808414 0.353823
0.318419 -0.135030 1.991325 0.418610 -0.210979 0.810450 0.351319
0.313172 -0.129391 1.990354 0.417689 -0.210229 0.811519 0.350395
0.307803 -0.123538 1.989114 0.416965 -0.208996 0.812266 0.350265
0.302904 -0.117516 1.988465 0.415932 -0.207478 0.813848 0.348718
0.298658 -0.111448 1.988093 0.414956 -0.205748 0.815969 0.345941
0.293932 -0.105148 1.987207 0.413809 -0.204866 0.817448 0.344340
0.289167 -0.098089 1.986360 0.412474 -0.202921 0.819155 0.343035
0.285044 -0.090778 1.985817 0.411223 -0.200217 0.821573 0.340332
0.281473 -0.083529 1.985445 0.410208 -0.197166 0.824333 0.336644
0.277765 -0.076272 1.984465 0.408964 -0.196112 0.826469 0.333524
0.274484 -0.068158 1.983027 0.408095 -0.193677 0.828462 0.331057
0.271713 -0.059793 1.981789 0.407532 -0.189988 0.830964 0.327599
0.269191 -0.051608 1.980802 0.407122 -0.185898 0.833755 0.323336
0.266526 -0.043691 1.979610 0.406616 -0.183844 0.835697 0.320119
0.263931 -0.035233 1.978284 0.406160 -0.180907 0.837552 0.317512
0.261497 -0.026689 1.977206 0.405774 -0.176960 0.839953 0.313865
0.259103 -0.018417 1.976371 0.405444 -0.172713 0.842645 0.309408
0.256656 -0.010186 1.975510 0.404660 -0.170170 0.844899 0.305676
0.254283 -0.000990 1.974562 0.403716 -0.166244 0.847335 0.302324
0.251915 0.008366 1.973774 0.402903 -0.161175 0.850246 0.297949
0.249453 0.017380 1.973158 0.402208 -0.155876 0.853333 0.292837
0.247045 0.025955 1.972350 0.401217 -0.152962 0.856021 0.287845
0.244779 0.034906 1.971207 0.400388 -0.149359 0.858475 0.283554
0.242409 0.043815 1.970181 0.399760 -0.144768 0.861178 0.278579
0.239852 0.052341 1.969345 0.399248 -0.139954 0.863985 0.273026
0.237515 0.060503 1.968577 0.398227 -0.137714 0.866614 0.267266
0.235387 0.069120 1.967614 0.397201 -0.134933 0.869128 0.261991
0.233041 0.077729 1.966707 0.396451 -0.130994 0.871795 0.256205
0.230422 0.085989 1.965945 0.395880 -0.126681 0.874493 0.249986
0.227841 0.093944 1.965296 0.394672 -0.124449 0.877353 0.242900
0.225361 0.102252 1.964472 0.393388 -0.121841 0.880195 0.235917
0.222646 0.110480 1.963645 0.392507 -0.118171 0.882970 0.228775
0.219657 0.118346 1.962918 0.391895 -0.114126 0.885630 0.221480
0.216662 0.126392 1.962598 0.390662 -0.111165 0.888456 0.213710
0.213463 0.135527 1.962482 0.388934 -0.107168 0.891675 0.205331
0.209876 0.144667 1.962281 0.387532 -0.102138 0.894817 0.196696
0.205981 0.153347 1.962054 0.386440 -0.096880 0.897723 0.188073
0.202304 0.162032 1.962002 0.385061 -0.093051 0.900644 0.178632
0.198924 0.171455 1.961834 0.383924 -0.088481 0.903542 0.168480
0.195559 0.179845 1.961897 0.384006 -0.083778 0.905891 0.157740
0.191947 0.186986 1.962140 0.384321 -0.079997 0.907813 0.147556
0.188337 0.194176 1.962626 0.384017 -0.077559 0.909817 0.136923
0.184725 0.202509 1.963060 0.383547 -0.074118 0.911980 0.125259
0.180758 0.210590 1.963277 0.383442 -0.069833 0.913834 0.114029
0.176457 0.218107 1.963386 0.383506 -0.065419 0.915395 0.103416
0.172201 0.226073 1.963631 0.383122 -0.061942 0.916961 0.092545
0.167973 0.235647 1.963674 0.382761 -0.056941 0.918568 0.080522
0.163398 0.244795 1.963537 0.382726 -0.051088 0.919869 0.068925
0.158894 0.252821 1.963477 0.382592 -0.045554 0.920935 0.058548
0.154947 0.260778 1.963715 0.381771 -0.041016 0.922042 0.049053
0.151448 0.270117 1.963827 0.380657 -0.035082 0.923227 0.038992
0.148294 0.278540 1.963649 0.379941 -0.028942 0.924064 0.030217
0.145553 0.285628 1.963371 0.379416 -0.023582 0.924638 0.023041
0.143434 0.292584 1.963337 0.378668 -0.019845 0.925176 0.016336
0.141533 0.301129 1.963019 0.377561 -0.015219 0.925817 0.008894
0.139721 0.309184 1.962253 0.376931 -0.009682 0.926188 0.002277
0.138143 0.316023 1.961479 0.376584 -0.004687 0.926365 -0.003246
0.137127 0.322532 1.961240 0.376223 -0.000753 0.926485 -0.008944
0.136817 0.329472 1.961435 0.375830 0.002906 0.926551 -0.015696
0.136739 0.335448 1.961300 0.375710 0.006395 0.926478 -0.020979
0.136783 0.340449 1.961009 0.375759 0.009484 0.926331 -0.025023
0.137265 0.345462 1.961000 0.375942 0.011843 0.926120 -0.028790
0.138403 0.351423 1.960963 0.376329 0.014461 0.925772 -0.033366
0.139586 0.356757 1.960446 0.376915 0.017401 0.925352 -0.036801
0.140685 0.361319 1.959761 0.377560 0.020181 0.924929 -0.039353
0.142029 0.365959 1.959527 0.378233 0.022594 0.924453 -0.042603
0.144153 0.371279 1.959811 0.379047 0.024892 0.923818 -0.047575
0.146389 0.375709 1.959763 0.380028 0.026977 0.923164 -0.051181
0.148497 0.379329 1.959557 0.381030 0.028764 0.922551 -0.053738
0.150812 0.382962 1.959742 0.382083 0.029912 0.921929 -0.056267
0.153908 0.387312 1.960506 0.383287 0.030585 0.921184 -0.059794
0.156903 0.391018 1.960918 0.384539 0.031383 0.920465 -0.062364
0.159593 0.394067 1.961103 0.385735 0.032166 0.919813 -0.064169
0.162412 0.397212 1.961477 0.386911 0.032560 0.919152 -0.066324
0.166484 0.401212 1.961832 0.388438 0.032818 0.918281 -0.069284
0.170682 0.404674 1.961568 0.390172 0.033484 0.917398 -0.070887
0.174557 0.407518 1.961037 0.391869 0.034230 0.916587 -0.071671
0.178487 0.410466 1.960617 0.393828 0.034994 0.915656 -0.072442
0.183540 0.414259 1.960216 0.396504 0.036102 0.914357 -0.073705
0.188388 0.417839 1.959468 0.399047 0.037585 0.913152 -0.074171
0.192608 0.420918 1.958548 0.401323 0.039135 0.912075 -0.074339
0.196672 0.423909 1.958005 0.403484 0.039956 0.911019 -0.075156
0.201977 0.426928 1.958230 0.405925 0.039173 0.909807 -0.077085
0.207273 0.429227 1.958315 0.408289 0.038318 0.908711 -0.077944
0.212066 0.430890 1.958274 0.410439 0.037504 0.907752 -0.078217
0.216659 0.432574 1.958427 0.412531 0.036549 0.906809 -0.078600
0.222291 0.434753 1.958708 0.415040 0.035178 0.905610 -0.079838
0.227887 0.436277 1.958537 0.417550 0.034006 0.904486 -0.080002
0.232985 0.437314 1.958184 0.419858 0.032988 0.903490 -0.079607
0.237789 0.438515 1.958057 0.421948 0.031949 0.902564 -0.079490
0.243502 0.440516 1.958059 0.424194 0.030732 0.901449 -0.080657
0.249123 0.442057 1.957524 0.426484 0.029928 0.900383 -0.080791
0.254207 0.443190 1.956787 0.428608 0.029345 0.899430 -0.080377
0.258971 0.444443 1.956310 0.430542 0.029102 0.898601 -0.079394
0.264644 0.445800 1.956364 0.432594 0.028634 0.897704 -0.078547
0.270377 0.446170 1.956279 0.434653 0.027622 0.896880 -0.076940
0.275684 0.445991 1.956174 0.436543 0.026388 0.896158 -0.075059
0.280647 0.445987 1.956336 0.438242 0.025008 0.895486 -0.073639
0.286251 0.446620 1.956711 0.440036 0.023321 0.894624 -0.073973
0.291771 0.446695 1.956645 0.441875 0.021769 0.893805 -0.073386
0.296800 0.446469 1.956405 0.443580 0.020388 0.893076 -0.072366
0.301414 0.446500 1.956354 0.445036 0.019356 0.892493 -0.070888
0.306469 0.447202 1.956528 0.446388 0.018599 0.891920 -0.069791
0.311376 0.447453 1.956289 0.447806 0.017934 0.891344 -0.068218
0.315811 0.447456 1.955893 0.449136 0.017360 0.890816 -0.066506
0.319808 0.447711 1.955728 0.450194 0.017035 0.890409 -0.064856
0.323894 0.448631 1.956188 0.450843 0.017023 0.890106 -0.064518
0.327738 0.449049 1.956483 0.451505 0.016874 0.889820 -0.063866
0.331169 0.449184 1.956684 0.452121 0.016660 0.889570 -0.063039
0.334377 0.449516 1.957048 0.452639 0.016596 0.889383 -0.061974
0.338527 0.450520 1.957803 0.453168 0.016834 0.889158 -0.061264
0.342763 0.451005 1.958163 0.453848 0.016990 0.888894 -0.060014
0.346688 0.451121 1.958299 0.454546 0.017023 0.888636 -0.058520
0.350320 0.451314 1.958464 0.455229 0.017269 0.888405 -0.056619
0.354474 0.452270 1.958689 0.456080 0.018231 0.888070 -0.054693
0.358446 0.453082 1.958439 0.456997 0.019366 0.887693 -0.052717
0.361969 0.453727 1.957959 0.457870 0.020465 0.887328 -0.050844
0.365193 0.454474 1.957576 0.458682 0.021609 0.886997 -0.048791
0.369331 0.455352 1.957830 0.459587 0.022558 0.886630 -0.046453
0.373535 0.455646 1.958051 0.460475 0.023120 0.886281 -0.043981
0.377371 0.455529 1.958216 0.461276 0.023390 0.885971 -0.041630
0.380853 0.455394 1.958477 0.462001 0.023629 0.885703 -0.039088
0.384678 0.455828 1.958942 0.462869 0.024082 0.885353 -0.036381
0.388255 0.456154 1.959030 0.463714 0.024722 0.884990 -0.033914
0.391390 0.456382 1.958904 0.464477 0.025395 0.884652 -0.031727
0.394128 0.456749 1.958774 0.465190 0.026123 0.884324 -0.029759
0.396774 0.457782 1.958827 0.466001 0.027007 0.883893 -0.029090
0.399105 0.458678 1.958629 0.466722 0.028020 0.883501 -0.028487
0.401091 0.459473 1.958312 0.467342 0.029047 0.883159 -0.027910
0.402789 0.460226 1.958007 0.467910 0.030126 0.882845 -0.027167
0.404837 0.460748 1.957745 0.468838 0.030753 0.882356 -0.026329
0.407124 0.460734 1.957333 0.469824 0.030767 0.881870 -0.024985
0.409425 0.460254 1.957058 0.470738 0.030294 0.881441 -0.023447
0.411565 0.459452 1.957035 0.471522 0.029446 0.881100 -0.021524
0.413673 0.458527 1.956961 0.472294 0.028890 0.880735 -0.020248
0.415855 0.457451 1.956711 0.473126 0.027934 0.880355 -0.018630
0.417917 0.456313 1.956467 0.473863 0.026915 0.880025 -0.016885
0.419754 0.454992 1.956492 0.474501 0.025872 0.879748 -0.014960
0.421412 0.453686 1.956275 0.475638 0.025793 0.879151 -0.014038
0.422888 0.452605 1.955932 0.476550 0.025802 0.878665 -0.013452
0.423318 0.452480 1.955708 0.476702 0.027301 0.878526 -0.014209
0.423489 0.452330 1.955612 0.476852 0.028116 0.878406 -0.015020
0.423373 0.451534 1.955359 0.477545 0.027748 0.878030 -0.015621
0.423265 0.451208 1.954729 0.478030 0.028305 0.877752 -0.015410
0.423172 0.450840 1.954311 0.478402 0.028352 0.877552 -0.015197
0.422972 0.450351 1.954014 0.478556 0.028583 0.877458 -0.015306
0.422005 0.448749 1.953694 0.478646 0.029106 0.877403 -0.014656
0.421143 0.447689 1.953095 0.478801 0.029753 0.877314 -0.013559
0.420376 0.446933 1.952472 0.478863 0.030386 0.877275 -0.012474
0.419739 0.445959 1.952060 0.478971 0.030295 0.877226 -0.011934
0.418194 0.444082 1.951300 0.479081 0.030174 0.877186 -0.010774
0.416440 0.442582 1.950423 0.479005 0.030786 0.877221 -0.009434
0.414881 0.441246 1.949676 0.478965 0.031046 0.877245 -0.008325
0.413568 0.439941 1.949081 0.478910 0.030963 0.877286 -0.007469
0.411546 0.438390 1.947718 0.479340 0.030355 0.877078 -0.006735
0.409497 0.437285 1.945877 0.479632 0.030853 0.876912 -0.005235
0.407610 0.435952 1.944226 0.479778 0.031473 0.876818 -0.003571
0.405663 0.434523 1.942869 0.479663 0.032029 0.876865 -0.002267
0.403084 0.433289 1.941248 0.479891 0.031531 0.876761 -0.000030
0.400494 0.432336 1.939379 0.480287 0.031470 0.876544 0.002432
0.398019 0.431221 1.937689 0.480472 0.031665 0.876425 0.004730
0.395642 0.429903 1.936245 0.480438 0.031973 0.876419 0.006837
0.392805 0.428716 1.934430 0.480732 0.031516 0.876250 0.009413
0.390030 0.427795 1.932329 0.481252 0.031454 0.875936 0.012007
0.387434 0.426689 1.930391 0.481569 0.031656 0.875716 0.014524
0.384985 0.425320 1.928748 0.481623 0.031959 0.875631 0.016955
0.381813 0.424059 1.927049 0.481953 0.031376 0.875401 0.020250
0.378564 0.423007 1.925300 0.482596 0.030916 0.874988 0.023254
0.375504 0.421641 1.923859 0.482972 0.030592 0.874716 0.025972
0.372591 0.420054 1.922708 0.483046 0.030458 0.874600 0.028530
0.369034 0.418552 1.921693 0.483147 0.029592 0.874441 0.032361
0.365527 0.416984 1.920776 0.483494 0.028738 0.874138 0.035924
0.362149 0.415233 1.920121 0.483648 0.028004 0.873952 0.038836
0.358980 0.413240 1.919706 0.483662 0.027347 0.873845 0.041443
0.355445 0.411258 1.919174 0.483647 0.026445 0.873710 0.044913
0.352132 0.409148 1.918600 0.483867 0.025545 0.873448 0.048054
0.349031 0.406959 1.918091 0.483985 0.024895 0.873242 0.050861
0.346164 0.404551 1.917752 0.483992 0.024296 0.873101 0.053431
0.342816 0.402178 1.917369 0.483837 0.023502 0.872968 0.057245
0.339672 0.399735 1.916889 0.484055 0.022620 0.872646 0.060556
0.336625 0.397336 1.916489 0.484153 0.021940 0.872426 0.063148
0.333720 0.394873 1.916235 0.484138 0.021433 0.872267 0.065583
0.330197 0.392498 1.916115 0.483923 0.020851 0.872141 0.068955
0.326911 0.389905 1.916175 0.484311 0.020156 0.871672 0.072286
0.324293 0.386942 1.917379 0.485064 0.019173 0.871025 0.075242
0.321714 0.383553 1.919602 0.485683 0.017031 0.870595 0.076729
0.318456 0.380219 1.922086 0.486184 0.014956 0.870249 0.077901
0.315210 0.376406 1.924909 0.487223 0.011606 0.869657 0.078583
0.312296 0.372248 1.927605 0.488047 0.007635 0.869202 0.078989
0.309868 0.367841 1.929986 0.488534 0.003457 0.868904 0.079551
0.307240 0.364064 1.931427 0.488937 0.001073 0.868377 0.082828
0.304483 0.361219 1.932358 0.489177 -0.000214 0.867927 0.086077
0.301841 0.358587 1.933226 0.489251 -0.001575 0.867639 0.088505
0.299404 0.355916 1.934039 0.489239 -0.003376 0.867489 0.089978
0.296608 0.353160 1.934616 0.489379 -0.004823 0.867167 0.092227
0.293909 0.350414 1.935052 0.489495 -0.006109 0.866833 0.094649
0.291381 0.347632 1.935541 0.489459 -0.007673 0.866634 0.096519
0.289023 0.344767 1.936048 0.489337 -0.009618 0.866545 0.097760
0.286057 0.341718 1.936663 0.489421 -0.010828 0.866172 0.100476
0.283046 0.338551 1.937307 0.489508 -0.011840 0.865708 0.103883
0.280252 0.335270 1.937976 0.489464 -0.013398 0.865401 0.106426
0.277692 0.331861 1.938632 0.489336 -0.015446 0.865210 0.108274
0.274800 0.328175 1.939190 0.489448 -0.017067 0.864830 0.110537
0.272045 0.324456 1.939614 0.489486 -0.018367 0.864396 0.113513
0.269516 0.320689 1.940048 0.489361 -0.020117 0.864118 0.115848
0.267194 0.316830 1.940481 0.489142 -0.022342 0.863952 0.117594
0.264323 0.312633 1.940794 0.489248 -0.023985 0.863569 0.119616
0.261576 0.308433 1.940852 0.489266 -0.024996 0.863065 0.122931
0.259102 0.304229 1.940909 0.489082 -0.026496 0.862732 0.125661
0.256819 0.299929 1.941016 0.488778 -0.028566 0.862521 0.127814
0.253957 0.295101 1.941309 0.488634 -0.030092 0.862225 0.129998
0.251280 0.289904 1.941522 0.488615 -0.031787 0.861737 0.132869
0.248813 0.284766 1.941719 0.488400 -0.034003 0.861399 0.135278
0.246548 0.279578 1.941911 0.488084 -0.036783 0.861148 0.137278
0.243857 0.273550 1.942129 0.488182 -0.040162 0.861013 0.136827
0.241292 0.267185 1.942188 0.488132 -0.042530 0.860587 0.138956
0.239038 0.260915 1.942161 0.487831 -0.045129 0.860193 0.141607
0.237008 0.254660 1.942103 0.487387 -0.048364 0.859871 0.144000
0.234618 0.247872 1.942137 0.487131 -0.051844 0.859577 0.145404
0.232268 0.240452 1.942063 0.487076 -0.055782 0.859157 0.146608
0.230149 0.232731 1.941900 0.486865 -0.059985 0.858706 0.148282
0.228227 0.224948 1.941673 0.486604 -0.064010 0.858014 0.151436
0.226272 0.216936 1.941319 0.486433 -0.068619 0.857355 0.153676
0.224144 0.208729 1.940900 0.486283 -0.073330 0.856666 0.155801
0.222208 0.200475 1.940349 0.486181 -0.077648 0.855710 0.159245
0.220457 0.192156 1.939589 0.486215 -0.081899 0.854534 0.163274
0.218729 0.183648 1.938932 0.486482 -0.086337 0.853110 0.167585
0.216903 0.175111 1.938269 0.487165 -0.091128 0.851544 0.170994
0.215030 0.168152 1.937576 0.487465 -0.094629 0.850429 0.173765
0.213518 0.163079 1.936924 0.487945 -0.096071 0.849312 0.177056
0.212107 0.159224 1.936641 0.488636 -0.096304 0.848232 0.180173
0.210861 0.156145 1.936541 0.489645 -0.095794 0.847103 0.182995
0.209901 0.153827 1.936389 0.490778 -0.094701 0.846060 0.185342
0.209048 0.151852 1.936200 0.491903 -0.093513 0.845179 0.186977
0.208108 0.149938 1.936307 0.493023 -0.092363 0.844414 0.188050
0.207113 0.148028 1.936656 0.494359 -0.091003 0.843548 0.189087
0.206196 0.146229 1.936909 0.495763 -0.089502 0.842713 0.189853
0.205340 0.144496 1.937073 0.497129 -0.088015 0.841998 0.190146
0.204344 0.142828 1.937318 0.498520 -0.086455 0.841392 0.189899
0.203166 0.141227 1.937703 0.500198 -0.084585 0.840739 0.189222
0.202047 0.139736 1.938136 0.502209 -0.082136 0.839876 0.188809
0.200479 0.138377 1.938429 0.503946 -0.080149 0.839701 0.185789
0.198621 0.137123 1.938705 0.505755 -0.078029 0.839663 0.181904
0.196931 0.135608 1.938840 0.507936 -0.075741 0.839331 0.178295
0.195617 0.133626 1.938766 0.510077 -0.073781 0.838900 0.174999
0.194456 0.131328 1.938544 0.512046 -0.072201 0.838586 0.171372
0.193108 0.129271 1.938065 0.514099 -0.070255 0.838313 0.167323
0.190732 0.127729 1.937504 0.516185 -0.067851 0.838525 0.160700
0.188254 0.125569 1.936949 0.518248 -0.065854 0.838711 0.153775
0.185861 0.122586 1.936153 0.520032 -0.064857 0.839004 0.146397
0.183068 0.119583 1.934548 0.521809 -0.064365 0.839502 0.137143
0.179398 0.116784 1.932157 0.523591 -0.063770 0.840083 0.126672
0.175934 0.112992 1.929581 0.525213 -0.063893 0.840367 0.117696
0.172985 0.107833 1.926715 0.526594 -0.065045 0.840240 0.111643
0.170263 0.102155 1.923004 0.527505 -0.067130 0.840105 0.107026
0.167301 0.096915 1.918708 0.528240 -0.069110 0.840073 0.102293
0.164339 0.091695 1.914416 0.529057 -0.071052 0.839985 0.097341
0.161392 0.086416 1.910065 0.529860 -0.073067 0.839865 0.092395
0.158566 0.081242 1.905086 0.530175 -0.075650 0.839850 0.088567
0.156438 0.076362 1.899334 0.531065 -0.078061 0.839337 0.085967
0.154579 0.071641 1.893659 0.532336 -0.080127 0.838650 0.082855
0.152933 0.067676 1.888312 0.533556 -0.081480 0.838124 0.078918
0.151250 0.064622 1.883142 0.534232 -0.082449 0.837931 0.075298
0.149722 0.062264 1.878020 0.534758 -0.083090 0.837818 0.072049
