0.467778 -0.209810 1.975704 0.430623 -0.253139 0.803336 0.324246
0.464155 -0.207122 1.976929 0.428627 -0.251891 0.804565 0.324813
0.460215 -0.204684 1.977836 0.426946 -0.250615 0.805062 0.326779
0.454249 -0.201476 1.979166 0.424352 -0.249581 0.805516 0.329816
0.449003 -0.198164 1.980942 0.421470 -0.248649 0.806767 0.331155
0.444602 -0.195298 1.982552 0.418899 -0.247960 0.808035 0.331844
0.438607 -0.192089 1.983730 0.416471 -0.246811 0.808592 0.334387
0.432158 -0.187692 1.985425 0.413478 -0.246063 0.810193 0.334777
0.426861 -0.182677 1.987231 0.410753 -0.244962 0.812440 0.333491
0.422262 -0.177838 1.988698 0.408644 -0.243128 0.814228 0.333064
0.415764 -0.172781 1.989822 0.406710 -0.240567 0.814711 0.336098
0.409867 -0.167522 1.991163 0.404675 -0.238960 0.815964 0.336659
0.405047 -0.161888 1.992412 0.403085 -0.237477 0.817683 0.335443
0.399673 -0.156035 1.993307 0.401864 -0.233932 0.818826 0.336608
0.392943 -0.150576 1.994414 0.399873 -0.230964 0.820119 0.337879
0.386924 -0.145303 1.995687 0.397923 -0.229256 0.821865 0.337100
0.381830 -0.139821 1.996782 0.396519 -0.227716 0.823746 0.335204
0.375416 -0.134331 1.997038 0.395594 -0.224637 0.824110 0.337471
0.369513 -0.129147 1.997224 0.394701 -0.222689 0.824893 0.337894
0.364592 -0.123809 1.997421 0.394140 -0.221091 0.826127 0.336580
0.359512 -0.118131 1.997392 0.393961 -0.218641 0.826423 0.337662
0.353338 -0.112012 1.997583 0.392952 -0.215618 0.826492 0.340601
0.347910 -0.105579 1.998067 0.391790 -0.212883 0.827651 0.340846
0.343349 -0.098919 1.998558 0.390923 -0.210172 0.829432 0.339190
0.337518 -0.092627 1.998262 0.389949 -0.208139 0.829734 0.340822
0.332103 -0.086407 1.997903 0.389043 -0.206439 0.830543 0.340921
0.327521 -0.080056 1.997640 0.388476 -0.204560 0.831958 0.339247
0.323109 -0.073566 1.997409 0.388214 -0.202432 0.832853 0.338626
0.317851 -0.066445 1.997300 0.387220 -0.199973 0.833268 0.340201
0.313249 -0.058838 1.997356 0.386253 -0.196869 0.834805 0.339340
0.309259 -0.051125 1.997448 0.385576 -0.193454 0.836957 0.336764
0.304698 -0.043544 1.997251 0.384837 -0.190942 0.838015 0.336413
0.300232 -0.035600 1.996962 0.383972 -0.188030 0.839556 0.335197
0.296277 -0.027563 1.996746 0.383365 -0.184580 0.841729 0.332347
0.292445 -0.019731 1.996580 0.382930 -0.181470 0.843755 0.329407
0.287620 -0.011797 1.996389 0.381591 -0.180020 0.844950 0.328696
0.283190 -0.003392 1.996255 0.380372 -0.177286 0.847097 0.326059
0.279124 0.004971 1.996157 0.379483 -0.173915 0.849722 0.322053
0.274863 0.012749 1.995684 0.379004 -0.171788 0.851324 0.319520
0.270706 0.020421 1.994777 0.378872 -0.169674 0.852658 0.317241
0.266870 0.028091 1.993959 0.378961 -0.166759 0.854507 0.313685
0.263138 0.035557 1.993276 0.379101 -0.163830 0.856666 0.309138
0.258786 0.043242 1.992320 0.378207 -0.163021 0.858750 0.304848
0.254693 0.051628 1.991319 0.377480 -0.160224 0.861402 0.299706
0.250733 0.059990 1.990458 0.377006 -0.156533 0.864320 0.293794
0.246579 0.068021 1.989705 0.376649 -0.154033 0.866587 0.288853
0.242173 0.076594 1.988843 0.376037 -0.151437 0.868771 0.284428
0.237810 0.085332 1.988056 0.375512 -0.147535 0.871428 0.278994
0.233440 0.093744 1.987395 0.375148 -0.143250 0.874259 0.272790
0.229008 0.101758 1.986509 0.374817 -0.141486 0.876716 0.266203
0.224686 0.109967 1.985476 0.374678 -0.138398 0.879278 0.259483
0.220328 0.117940 1.984555 0.374684 -0.134611 0.881925 0.252387
0.215931 0.125681 1.983754 0.374694 -0.131506 0.884563 0.244660
0.211608 0.134412 1.982676 0.374450 -0.127882 0.887378 0.236630
0.207151 0.143356 1.981558 0.374231 -0.122780 0.890306 0.228542
0.202490 0.151879 1.980575 0.374097 -0.117396 0.893163 0.220294
0.197647 0.160387 1.979840 0.374059 -0.113562 0.895459 0.212924
0.192473 0.169393 1.979053 0.373720 -0.108569 0.898002 0.205275
0.187042 0.178083 1.978315 0.373342 -0.103024 0.900608 0.197249
0.181563 0.186310 1.977706 0.373153 -0.098110 0.903087 0.188589
0.176352 0.195263 1.977001 0.373235 -0.093469 0.905411 0.179419
0.170940 0.204132 1.976209 0.373267 -0.087603 0.907758 0.170216
0.166048 0.211343 1.976139 0.373809 -0.082324 0.909767 0.160667
0.162322 0.217647 1.976436 0.374921 -0.080181 0.911285 0.150217
0.159416 0.224365 1.976397 0.375977 -0.077124 0.912618 0.140786
0.156942 0.230165 1.976241 0.376783 -0.073921 0.913685 0.133228
0.154957 0.235082 1.976065 0.377539 -0.071401 0.914463 0.126978
0.153699 0.241873 1.975537 0.378589 -0.067890 0.915172 0.120504
0.152451 0.248682 1.974813 0.379233 -0.062870 0.915983 0.114913
0.151284 0.254428 1.974175 0.379692 -0.058396 0.916658 0.110288
0.150794 0.260507 1.973712 0.380581 -0.055817 0.917030 0.105348
0.150723 0.268573 1.972805 0.381423 -0.051305 0.917500 0.100388
0.150509 0.275888 1.971795 0.382001 -0.046243 0.917973 0.096236
0.150257 0.281990 1.970912 0.382462 -0.041961 0.918347 0.092735
0.151170 0.289907 1.970056 0.383402 -0.038476 0.918568 0.088064
0.152021 0.298177 1.968490 0.383868 -0.032941 0.918898 0.084764
0.152706 0.305391 1.966889 0.384290 -0.027463 0.919142 0.082137
0.153873 0.312055 1.965623 0.385426 -0.023385 0.919118 0.078245
0.156061 0.319827 1.964219 0.387404 -0.018698 0.918807 0.073225
0.157968 0.326705 1.962573 0.389045 -0.013866 0.918482 0.069593
0.159528 0.332458 1.961022 0.390415 -0.009608 0.918159 0.066851
0.162594 0.338969 1.959895 0.392957 -0.006899 0.917445 0.061913
0.166417 0.345679 1.958419 0.395669 -0.003384 0.916524 0.058469
0.169794 0.351486 1.956762 0.397998 0.000177 0.915664 0.056190
0.172861 0.356653 1.955408 0.400106 0.002973 0.914889 0.053709
0.176702 0.362680 1.954416 0.402270 0.005395 0.914170 0.049427
0.180287 0.368110 1.953047 0.404211 0.008305 0.913441 0.046585
0.183349 0.372647 1.951650 0.405895 0.011021 0.912763 0.044642
0.186797 0.377594 1.950905 0.407793 0.013316 0.912006 0.042105
0.190642 0.382502 1.950148 0.409711 0.015859 0.911206 0.039845
0.194123 0.386469 1.949239 0.411465 0.018110 0.910431 0.038536
0.197251 0.389882 1.948492 0.413087 0.019852 0.909711 0.037304
0.201399 0.394210 1.948428 0.415200 0.021069 0.908862 0.033676
0.205518 0.397555 1.948135 0.417236 0.022104 0.907986 0.031404
0.209206 0.400079 1.947773 0.419071 0.022856 0.907168 0.030045
0.213213 0.403130 1.947775 0.420949 0.023590 0.906336 0.028300
0.218019 0.406603 1.947642 0.422923 0.024990 0.905423 0.026846
0.222518 0.409250 1.947187 0.424804 0.026185 0.904521 0.026416
0.226477 0.411350 1.946705 0.426502 0.027112 0.903698 0.026275
0.232184 0.414584 1.946441 0.429559 0.027270 0.902335 0.022973
0.238375 0.417006 1.945617 0.432722 0.027492 0.900850 0.021543
0.244085 0.418619 1.944633 0.435621 0.027518 0.899458 0.021255
0.249693 0.420407 1.944087 0.438295 0.027530 0.898169 0.020799
0.256387 0.422420 1.943990 0.440972 0.027636 0.896869 0.020171
0.262760 0.423457 1.943713 0.443526 0.027317 0.895607 0.020622
0.268345 0.423936 1.943422 0.445770 0.026801 0.894489 0.021450
0.274608 0.425381 1.943697 0.448458 0.025946 0.893198 0.020240
0.280919 0.426929 1.943814 0.451049 0.025477 0.891923 0.019480
0.286287 0.428347 1.943666 0.453224 0.025495 0.890827 0.019129
0.291072 0.429892 1.943586 0.455130 0.025775 0.889855 0.018731
0.296994 0.431718 1.943720 0.457276 0.026233 0.888747 0.018426
0.302660 0.433093 1.943580 0.459317 0.026661 0.887670 0.018921
0.307536 0.434053 1.943303 0.461072 0.027033 0.886733 0.019637
0.312706 0.435453 1.943588 0.462641 0.026700 0.885940 0.019003
0.318404 0.436640 1.943857 0.464244 0.026265 0.885119 0.018767
0.323522 0.437399 1.943864 0.465703 0.025973 0.884353 0.019124
0.328016 0.438095 1.943882 0.466969 0.025695 0.883691 0.019217
0.333276 0.439537 1.944048 0.468298 0.025581 0.883037 0.017013
0.338395 0.440677 1.943704 0.469662 0.025853 0.882321 0.016067
0.342866 0.441494 1.943137 0.470900 0.026221 0.881656 0.015788
0.347247 0.442790 1.942863 0.471981 0.026585 0.881074 0.015345
0.351927 0.443877 1.942453 0.473026 0.027082 0.880500 0.015238
0.356275 0.444381 1.941876 0.474074 0.027355 0.879917 0.015835
0.360102 0.444689 1.941365 0.475019 0.027481 0.879391 0.016565
0.364507 0.445834 1.941428 0.475967 0.027356 0.878913 0.014797
0.368984 0.446128 1.941237 0.476956 0.027079 0.878396 0.014158
0.373097 0.445941 1.940971 0.477908 0.026635 0.877890 0.014272
0.376936 0.446013 1.940937 0.478716 0.026229 0.877458 0.014512
0.380790 0.446307 1.940792 0.479373 0.026292 0.877094 0.014735
0.384291 0.446357 1.940410 0.480031 0.026409 0.876719 0.015421
0.387285 0.446334 1.939967 0.480605 0.026588 0.876384 0.016210
0.390398 0.446875 1.940050 0.481067 0.026140 0.876159 0.015383
0.393486 0.446947 1.940033 0.481484 0.025690 0.875950 0.015008
0.396297 0.446733 1.939953 0.481888 0.025235 0.875738 0.015143
0.398835 0.446584 1.939984 0.482259 0.024918 0.875544 0.015127
0.401569 0.446362 1.940029 0.482579 0.024779 0.875382 0.014496
0.404290 0.445793 1.939891 0.482980 0.024500 0.875166 0.014639
0.406756 0.445125 1.939697 0.483370 0.024192 0.874951 0.015121
0.409062 0.444731 1.939807 0.483782 0.024072 0.874726 0.015185
0.410820 0.444902 1.939730 0.483702 0.025304 0.874757 0.013879
0.411535 0.446048 1.939367 0.483280 0.027611 0.874947 0.012064
0.412030 0.447103 1.939035 0.483092 0.029183 0.875017 0.010757
0.412570 0.447966 1.938528 0.483165 0.029945 0.874964 0.009619
0.413286 0.448305 1.938140 0.483362 0.029866 0.874864 0.009090
0.414059 0.448146 1.938112 0.483492 0.029424 0.874809 0.008936
0.414629 0.447906 1.938187 0.483699 0.028885 0.874724 0.007661
0.415254 0.447632 1.938118 0.483887 0.028918 0.874623 0.007293
0.415837 0.447421 1.937965 0.484029 0.029017 0.874542 0.007136
0.416282 0.447208 1.937860 0.484073 0.029088 0.874515 0.007070
0.416433 0.446944 1.937555 0.483989 0.028960 0.874558 0.008066
0.416672 0.446698 1.937148 0.483873 0.028924 0.874611 0.009265
0.416907 0.446506 1.936767 0.483749 0.028943 0.874668 0.010280
0.416756 0.446086 1.936425 0.483745 0.029108 0.874656 0.011002
0.416402 0.445509 1.935907 0.483898 0.029211 0.874549 0.012408
0.416156 0.445030 1.935435 0.483977 0.029265 0.874486 0.013578
0.415965 0.444648 1.935027 0.484018 0.029294 0.874446 0.014521
0.414957 0.443662 1.934760 0.484164 0.029040 0.874343 0.016300
0.414210 0.442729 1.934417 0.484265 0.028747 0.874252 0.018548
0.413592 0.442057 1.934045 0.484280 0.028604 0.874211 0.020271
0.412602 0.441073 1.933873 0.484326 0.028127 0.874164 0.021792
0.411084 0.439575 1.933761 0.484445 0.027209 0.874039 0.025089
0.409865 0.438388 1.933581 0.484460 0.026520 0.873973 0.027669
0.408803 0.437544 1.933366 0.484394 0.026055 0.873960 0.029620
0.406433 0.436163 1.933186 0.483992 0.025675 0.874112 0.031933
0.404236 0.434560 1.933060 0.483950 0.024291 0.874096 0.034034
0.402364 0.433377 1.932893 0.483852 0.023193 0.874123 0.035476
0.400445 0.432216 1.932791 0.483829 0.021956 0.874139 0.036183
0.397734 0.430503 1.932461 0.483808 0.020912 0.874056 0.038962
0.395426 0.429255 1.931937 0.483521 0.020424 0.874119 0.041312
0.393416 0.428403 1.931481 0.483243 0.020107 0.874190 0.043165
0.390406 0.427497 1.931153 0.482884 0.018968 0.874395 0.043540
0.387360 0.426078 1.930826 0.482642 0.017644 0.874411 0.046388
0.384783 0.424779 1.930499 0.482285 0.016573 0.874491 0.048909
0.382436 0.423723 1.930217 0.481891 0.015513 0.874646 0.050343
0.378816 0.422381 1.930038 0.481565 0.013924 0.874734 0.052369
0.375835 0.420793 1.929754 0.481421 0.012476 0.874621 0.055831
0.373143 0.419289 1.929430 0.481094 0.011055 0.874647 0.058471
0.369966 0.417793 1.929210 0.480597 0.009297 0.874897 0.059120
0.366652 0.416082 1.928845 0.480474 0.007712 0.874800 0.061726
0.363890 0.414305 1.928360 0.480307 0.006131 0.874720 0.064293
0.361334 0.412618 1.927913 0.480002 0.004496 0.874758 0.066147
0.357903 0.410712 1.927649 0.479598 0.002939 0.874892 0.067388
0.354986 0.408690 1.927268 0.479578 0.001546 0.874661 0.070510
0.352384 0.406733 1.926857 0.479454 -0.000034 0.874536 0.072879
0.349450 0.404637 1.926621 0.478976 -0.001843 0.874710 0.073904
0.346472 0.402014 1.927480 0.479253 -0.003335 0.874351 0.076263
0.343533 0.399066 1.929831 0.479645 -0.005626 0.874036 0.077268
0.340474 0.396513 1.932258 0.479712 -0.007693 0.873943 0.077724
0.336867 0.393926 1.933975 0.480078 -0.008893 0.873620 0.078956
0.333686 0.391420 1.935156 0.480589 -0.009951 0.873181 0.080559
0.330748 0.388982 1.936307 0.480800 -0.011312 0.872966 0.081441
0.327850 0.386478 1.937252 0.480966 -0.012991 0.872811 0.081872
0.324696 0.384059 1.937621 0.481214 -0.013415 0.872392 0.084766
0.321891 0.381692 1.937958 0.481269 -0.013942 0.872108 0.087252
0.319314 0.379273 1.938340 0.481188 -0.014990 0.871984 0.088751
0.316309 0.376547 1.938240 0.481319 -0.016301 0.871884 0.088795
0.313293 0.373861 1.937936 0.481365 -0.017072 0.871781 0.089411
0.310549 0.371154 1.937764 0.481260 -0.018142 0.871778 0.089790
0.307887 0.368310 1.937626 0.481110 -0.019641 0.871869 0.089396
0.304794 0.365326 1.936682 0.481182 -0.020024 0.871849 0.089119
0.302143 0.362440 1.935793 0.481014 -0.020262 0.871895 0.089520
0.299696 0.359430 1.935183 0.480675 -0.021111 0.872047 0.089668
0.296575 0.356159 1.934590 0.480280 -0.021371 0.872313 0.089125
0.293423 0.352527 1.933876 0.480336 -0.021367 0.872237 0.089574
0.290620 0.348849 1.933364 0.480248 -0.022119 0.872234 0.089900
0.287948 0.345233 1.933001 0.479992 -0.023319 0.872336 0.089956
0.284554 0.340881 1.932208 0.479690 -0.023800 0.872735 0.087553
0.281823 0.336457 1.931437 0.479480 -0.024077 0.872842 0.087550
0.279326 0.332272 1.930838 0.479115 -0.024898 0.872995 0.087803
0.276529 0.327966 1.930258 0.478638 -0.026225 0.873334 0.086632
0.273524 0.322960 1.929481 0.478319 -0.027628 0.873630 0.084963
0.270686 0.317978 1.928925 0.477904 -0.028955 0.873891 0.084164
0.268107 0.313186 1.928457 0.477441 -0.030014 0.874019 0.085095
0.265195 0.308043 1.927759 0.477081 -0.031959 0.874248 0.084041
0.262326 0.302740 1.927104 0.476695 -0.033899 0.874440 0.083467
0.259621 0.297369 1.926592 0.476234 -0.035838 0.874599 0.083621
0.256997 0.291848 1.926164 0.475762 -0.037960 0.874713 0.084182
0.254261 0.286154 1.925721 0.475383 -0.040248 0.874747 0.084905
0.251670 0.280365 1.925358 0.474970 -0.042509 0.874727 0.086310
0.249227 0.274406 1.925080 0.474509 -0.044939 0.874674 0.088126
0.246697 0.268193 1.924770 0.474027 -0.047633 0.874593 0.090094
0.244161 0.261791 1.924443 0.473549 -0.050502 0.874465 0.092263
0.241793 0.255134 1.924157 0.473018 -0.053608 0.874293 0.094826
0.239534 0.248163 1.923907 0.472421 -0.057006 0.874075 0.097783
0.237118 0.240809 1.923782 0.471956 -0.060632 0.873689 0.101239
0.234941 0.233289 1.923630 0.471590 -0.064471 0.873189 0.104821
0.233186 0.226153 1.923422 0.471311 -0.068081 0.872645 0.108271
0.231448 0.219134 1.923168 0.471234 -0.071415 0.871923 0.112197
0.229690 0.212194 1.922888 0.471634 -0.074699 0.870968 0.115751
0.228335 0.205838 1.922483 0.472258 -0.077547 0.869949 0.118938
0.227255 0.201495 1.922104 0.473367 -0.078689 0.868953 0.121048
0.225487 0.198367 1.922014 0.475302 -0.078409 0.867703 0.122603
0.223839 0.195284 1.921872 0.477443 -0.078308 0.866466 0.123099
0.222516 0.192592 1.921725 0.479712 -0.078518 0.865393 0.121684
0.221034 0.190060 1.921733 0.482104 -0.078675 0.864341 0.119589
0.219099 0.186979 1.921819 0.484838 -0.079021 0.863101 0.117239
0.217551 0.183435 1.921596 0.487317 -0.079753 0.861928 0.115076
0.216297 0.179992 1.921289 0.489418 -0.080413 0.860950 0.112997
0.214747 0.176668 1.921354 0.491480 -0.080242 0.859908 0.112096
0.213361 0.173141 1.921271 0.493319 -0.079751 0.858863 0.112382
0.212250 0.169704 1.921034 0.494874 -0.079233 0.857967 0.112760
0.211088 0.166605 1.920930 0.496317 -0.078327 0.857183 0.113013
0.209517 0.162473 1.920894 0.497977 -0.077897 0.856164 0.113730
0.208373 0.157650 1.920630 0.499787 -0.077867 0.854952 0.114915
0.207346 0.154048 1.920459 0.501529 -0.076435 0.853915 0.115996
0.206220 0.150793 1.920269 0.503091 -0.074790 0.853077 0.116472
0.205284 0.147696 1.919873 0.504452 -0.074239 0.852704 0.113637
0.204638 0.144444 1.919196 0.505321 -0.075192 0.852763 0.108591
0.203982 0.141735 1.918802 0.506009 -0.075596 0.852779 0.104920
0.202838 0.138961 1.918698 0.506990 -0.074856 0.852534 0.102687
0.202035 0.136639 1.918352 0.508194 -0.073642 0.851992 0.102109
0.201448 0.134662 1.918029 0.509218 -0.072857 0.851513 0.101563
0.200707 0.132551 1.917841 0.509927 -0.072712 0.851306 0.099831
0.199944 0.130568 1.917563 0.510741 -0.072028 0.850985 0.098890
0.199401 0.128973 1.917230 0.511589 -0.071259 0.850573 0.098618
0.198916 0.127585 1.916977 0.512229 -0.070805 0.850257 0.098342
0.198204 0.125901 1.916792 0.512703 -0.070559 0.850043 0.097896
0.197663 0.124506 1.916512 0.513289 -0.069997 0.849704 0.098164
0.197310 0.123544 1.916288 0.513808 -0.069397 0.849425 0.098296
0.196975 0.122580 1.916116 0.514138 -0.069310 0.849337 0.097393
0.196641 0.121583 1.915904 0.514398 -0.069322 0.849335 0.096012
0.196372 0.120816 1.915686 0.514687 -0.069098 0.849250 0.095383
0.196135 0.120187 1.915502 0.514944 -0.068904 0.849153 0.094996
0.195801 0.119123 1.915203 0.514911 -0.069549 0.849389 0.092562
0.195502 0.118214 1.914785 0.514924 -0.069829 0.849534 0.090932
0.195247 0.117509 1.914411 0.514961 -0.069909 0.849597 0.090077
0.194951 0.116853 1.914102 0.514906 -0.070145 0.849728 0.088961
0.194559 0.116195 1.913834 0.514791 -0.070180 0.849916 0.087796
0.194238 0.115743 1.913551 0.514779 -0.069834 0.849971 0.087607
0.193955 0.115388 1.913303 0.514779 -0.069478 0.849988 0.087732
0.193705 0.115008 1.912975 0.514604 -0.069528 0.850162 0.087021
0.193453 0.114705 1.912630 0.514353 -0.069582 0.850370 0.086426
0.193229 0.114473 1.912334 0.514157 -0.069575 0.850520 0.086131
0.193011 0.114290 1.912077 0.513956 -0.069622 0.850670 0.085810
0.192643 0.114233 1.911855 0.513617 -0.069585 0.850899 0.085596
0.192307 0.114216 1.911632 0.513355 -0.069401 0.851052 0.085799
0.192034 0.114212 1.911420 0.513166 -0.069187 0.851148 0.086142
