-0.031513 0.363040 1.465511 0.708571 -0.004243 0.705047 0.028598
-0.031432 0.363014 1.465630 0.708357 -0.003219 0.705267 0.028628
-0.031363 0.362985 1.465908 0.708155 -0.002460 0.705477 0.028534
-0.031299 0.362954 1.466162 0.707997 -0.001906 0.705639 0.028437
-0.031241 0.362919 1.466377 0.707873 -0.001491 0.705769 0.028361
-0.031130 0.363120 1.466434 0.707995 -0.001479 0.705671 0.027737
-0.030966 0.363388 1.466437 0.708184 -0.001537 0.705506 0.027104
-0.030791 0.363592 1.466442 0.708329 -0.001629 0.705377 0.026652
-0.030626 0.363749 1.466448 0.708438 -0.001729 0.705280 0.026328
-0.030470 0.363744 1.466682 0.708369 -0.001064 0.705335 0.026738
-0.030325 0.363689 1.467045 0.708265 -0.000585 0.705426 0.027109
-0.030197 0.363636 1.467368 0.708183 -0.000258 0.705498 0.027385
-0.030088 0.363589 1.467640 0.708119 -0.000024 0.705554 0.027598
-0.029819 0.363375 1.467731 0.708217 -0.000007 0.705454 0.027625
-0.029331 0.362992 1.467708 0.708256 -0.000203 0.705398 0.028065
-0.028821 0.362607 1.467682 0.708260 -0.000484 0.705372 0.028603
-0.028360 0.362267 1.467663 0.708248 -0.000764 0.705363 0.029099
-0.028089 0.362120 1.467695 0.708467 -0.001178 0.705134 0.029308
-0.028045 0.362190 1.467797 0.708798 -0.001475 0.704813 0.028991
-0.028081 0.362297 1.467895 0.709073 -0.001636 0.704553 0.028609
-0.028139 0.362401 1.467975 0.709292 -0.001731 0.704346 0.028265
-0.028376 0.362472 1.468187 0.709460 -0.001122 0.704170 0.028454
-0.028925 0.362661 1.468500 0.709626 -0.000281 0.704014 0.028228
-0.029532 0.362899 1.468770 0.709780 0.000549 0.703874 0.027800
-0.030091 0.363122 1.468990 0.709915 0.001277 0.703755 0.027360
-0.030384 0.363228 1.469195 0.710241 0.002376 0.703410 0.027686
-0.030343 0.363191 1.469377 0.710570 0.003037 0.703046 0.028397
-0.030184 0.363094 1.469541 0.710806 0.003397 0.702777 0.029115
-0.030000 0.362987 1.469683 0.710976 0.003608 0.702577 0.029749
-0.029781 0.362849 1.470206 0.711133 0.004401 0.702383 0.030474
-0.029476 0.362680 1.471048 0.711302 0.004757 0.702191 0.030914
-0.029163 0.362507 1.471807 0.711440 0.004870 0.702035 0.031267
-0.028879 0.362346 1.472444 0.711549 0.004886 0.701910 0.031561
-0.028737 0.362164 1.473544 0.711535 0.006471 0.701872 0.032420
-0.028825 0.362018 1.475128 0.711495 0.008049 0.701883 0.032704
-0.028977 0.361929 1.476531 0.711484 0.009236 0.701882 0.032672
-0.029128 0.361856 1.477704 0.711476 0.010147 0.701882 0.032558
-0.029077 0.361777 1.479112 0.711370 0.011915 0.701937 0.033089
-0.028582 0.361558 1.480866 0.711244 0.013036 0.702012 0.033780
-0.027948 0.361247 1.482418 0.711140 0.013484 0.702074 0.034493
-0.027327 0.360926 1.483721 0.711048 0.013634 0.702132 0.035148
-0.026785 0.360554 1.485403 0.710833 0.014354 0.702293 0.035993
-0.026336 0.360124 1.487700 0.710629 0.014563 0.702480 0.036264
-0.025957 0.359747 1.489738 0.710499 0.014478 0.702613 0.036292
-0.025636 0.359415 1.491442 0.710402 0.014306 0.702716 0.036259
-0.025268 0.359130 1.493245 0.710222 0.015419 0.702829 0.037118
-0.024683 0.358799 1.495333 0.710030 0.016345 0.702946 0.038172
-0.024057 0.358437 1.497159 0.709892 0.016718 0.703029 0.039043
-0.023477 0.358090 1.498685 0.709781 0.016842 0.703097 0.039767
-0.022842 0.357758 1.500666 0.709300 0.018486 0.703481 0.040822
-0.021795 0.357230 1.503551 0.708653 0.019797 0.704045 0.041708
-0.020642 0.356599 1.506139 0.708185 0.020135 0.704457 0.042532
-0.019567 0.355978 1.508310 0.707811 0.020095 0.704787 0.043286
-0.018494 0.355253 1.510807 0.706929 0.021211 0.705549 0.044740
-0.017032 0.354069 1.514215 0.705766 0.021738 0.706586 0.046450
-0.015521 0.352843 1.517238 0.704913 0.021363 0.707346 0.047977
-0.014156 0.351719 1.519758 0.704262 0.020731 0.707924 0.049286
-0.012914 0.350816 1.522458 0.703074 0.021661 0.708922 0.051451
-0.011532 0.349950 1.525970 0.701655 0.022714 0.710131 0.053638
-0.010185 0.349067 1.529077 0.700619 0.022882 0.711018 0.055338
-0.008991 0.348250 1.531667 0.699828 0.022721 0.711694 0.056719
-0.007795 0.347736 1.534428 0.698318 0.023876 0.713026 0.058113
-0.005855 0.347267 1.538083 0.696284 0.024990 0.714871 0.059367
-0.003701 0.346501 1.541313 0.694798 0.024765 0.716203 0.060800
-0.001698 0.345673 1.544007 0.693662 0.024079 0.717205 0.062208
0.000185 0.344975 1.546766 0.692205 0.024496 0.718473 0.063635
0.002658 0.344045 1.550393 0.690534 0.024714 0.719953 0.064968
0.005230 0.342856 1.553606 0.689333 0.023741 0.720997 0.066487
0.007560 0.341675 1.556288 0.688406 0.022462 0.721785 0.067963
0.009659 0.340756 1.558961 0.687067 0.022491 0.722934 0.069279
0.012215 0.339805 1.562434 0.685241 0.023038 0.724545 0.070352
0.014833 0.338596 1.565494 0.683923 0.022372 0.725681 0.071671
0.017196 0.337391 1.568040 0.682922 0.021345 0.726522 0.072997
0.019336 0.336471 1.570487 0.681670 0.021459 0.727610 0.073821
0.022106 0.335520 1.573446 0.679976 0.022253 0.729116 0.074342
0.025014 0.334223 1.576018 0.678746 0.021720 0.730159 0.075496
0.027656 0.332903 1.578159 0.677800 0.020748 0.730930 0.076801
0.030032 0.331913 1.580316 0.676640 0.020916 0.731945 0.077315
0.033070 0.331024 1.583381 0.675072 0.021864 0.733446 0.076533
0.036272 0.329691 1.586096 0.673965 0.021254 0.734464 0.076683
0.039191 0.328290 1.588356 0.673118 0.020147 0.735212 0.077269
0.041775 0.327216 1.590563 0.672120 0.020069 0.736127 0.077264
0.044677 0.326571 1.593720 0.670853 0.020923 0.737463 0.075279
0.047577 0.325586 1.596548 0.669961 0.020447 0.738406 0.074096
0.050179 0.324520 1.598909 0.669258 0.019541 0.739126 0.073514
0.052545 0.323681 1.601118 0.668297 0.019912 0.740086 0.072489
0.056041 0.322645 1.603846 0.666633 0.021884 0.741709 0.070640
0.059960 0.320858 1.606180 0.665461 0.021698 0.742764 0.070657
0.063595 0.318920 1.608107 0.664573 0.020715 0.743511 0.071450
0.066854 0.317303 1.609996 0.663558 0.020716 0.744376 0.071865
0.070916 0.316008 1.613144 0.661793 0.022720 0.746067 0.069988
0.075179 0.314082 1.615981 0.660511 0.022583 0.747256 0.069447
0.079052 0.312026 1.618337 0.659513 0.021633 0.748139 0.069743
0.082454 0.310260 1.620493 0.658596 0.021236 0.748963 0.069663
0.086568 0.309048 1.623561 0.657407 0.022024 0.750307 0.066102
0.091009 0.307242 1.626286 0.656482 0.021059 0.751307 0.064229
0.095088 0.305223 1.628536 0.655723 0.019389 0.752066 0.063624
0.098633 0.303413 1.630572 0.654940 0.018587 0.752787 0.063401
0.102530 0.302139 1.633480 0.653628 0.020300 0.754095 0.060833
0.106991 0.300305 1.636073 0.652549 0.020046 0.755119 0.059775
0.111328 0.298096 1.638193 0.651686 0.018665 0.755870 0.060158
0.115135 0.296017 1.640071 0.650859 0.017844 0.756533 0.061005
0.118823 0.294856 1.642739 0.649373 0.019918 0.757928 0.058857
0.122843 0.293384 1.645105 0.648012 0.020444 0.759163 0.057742
0.126696 0.291585 1.647023 0.646882 0.019901 0.760127 0.057918
0.130072 0.289890 1.648674 0.645822 0.019884 0.760960 0.058815
0.133328 0.289143 1.651050 0.643740 0.023938 0.762663 0.058062
0.136987 0.288020 1.653324 0.641726 0.025684 0.764356 0.057337
0.140998 0.286341 1.655185 0.640015 0.025829 0.765725 0.058135
0.144804 0.284464 1.656686 0.638656 0.025727 0.766721 0.059960
0.148134 0.283844 1.659170 0.636564 0.029643 0.768304 0.060152
0.151544 0.283001 1.661907 0.634544 0.031396 0.769953 0.059500
0.155118 0.281611 1.664308 0.632891 0.031228 0.771320 0.059494
0.158431 0.280060 1.666235 0.631585 0.030833 0.772344 0.060296
0.161739 0.279335 1.668234 0.629960 0.034384 0.773546 0.059956
0.165446 0.278153 1.670155 0.628601 0.035934 0.774565 0.060166
0.169152 0.276508 1.671684 0.627682 0.036052 0.775211 0.061342
0.172486 0.274836 1.672886 0.627026 0.035915 0.775618 0.062968
0.176080 0.273642 1.674590 0.625968 0.038969 0.776216 0.064304
0.180211 0.271723 1.676380 0.625379 0.039394 0.776541 0.065831
0.184268 0.269365 1.677840 0.625224 0.038432 0.776528 0.067985
0.187879 0.267080 1.678995 0.625251 0.037188 0.776371 0.070188
0.191655 0.265781 1.680480 0.624256 0.038736 0.777036 0.070838
0.195673 0.263996 1.682013 0.623689 0.038503 0.777423 0.071713
0.199358 0.261993 1.683293 0.623502 0.037394 0.777514 0.072933
0.202558 0.260113 1.684332 0.623474 0.036121 0.777480 0.074160
0.206126 0.259121 1.685319 0.622608 0.038003 0.778100 0.073997
0.209938 0.257586 1.686257 0.622412 0.038328 0.778200 0.074418
0.213396 0.255832 1.687050 0.622544 0.037750 0.778052 0.075160
0.216383 0.254162 1.687705 0.622802 0.036872 0.777811 0.075945
0.220010 0.253405 1.688425 0.622167 0.038327 0.778260 0.075830
0.224080 0.251994 1.689098 0.622083 0.038406 0.778239 0.076697
0.227808 0.250247 1.689661 0.622336 0.037563 0.777954 0.077931
0.231030 0.248542 1.690137 0.622690 0.036448 0.777602 0.079142
0.234478 0.247668 1.690612 0.622100 0.037132 0.778139 0.078182
0.238090 0.246371 1.691046 0.621877 0.037087 0.778334 0.078039
0.241337 0.244853 1.691418 0.621941 0.036369 0.778287 0.078330
0.244121 0.243397 1.691744 0.622106 0.035451 0.778156 0.078735
0.247388 0.242641 1.691982 0.621733 0.036200 0.778564 0.077308
0.251049 0.241238 1.692196 0.621840 0.036035 0.778517 0.076994
0.254392 0.239508 1.692396 0.622208 0.035056 0.778241 0.077259
0.257269 0.237826 1.692588 0.622624 0.033862 0.777919 0.077685
0.260431 0.236877 1.692858 0.622726 0.033759 0.777990 0.076186
0.263786 0.235526 1.693268 0.623023 0.033021 0.777868 0.075326
0.266788 0.233946 1.693686 0.623429 0.031693 0.777630 0.074982
0.269353 0.232436 1.694075 0.623825 0.030283 0.777381 0.074862
0.272384 0.232002 1.694170 0.623847 0.030599 0.777532 0.072956
0.275767 0.231428 1.694013 0.624141 0.031144 0.777354 0.072100
0.278806 0.230543 1.693852 0.624592 0.031071 0.777014 0.071889
0.281407 0.229619 1.693743 0.625032 0.030730 0.776673 0.071900
0.284415 0.229109 1.693565 0.625154 0.030451 0.776760 0.069996
0.287873 0.227980 1.693268 0.625501 0.029713 0.776568 0.069331
0.291034 0.226481 1.692998 0.626006 0.028427 0.776198 0.069464
0.293751 0.224998 1.692797 0.626478 0.027065 0.775831 0.069841
0.296963 0.224075 1.692383 0.626839 0.026136 0.775701 0.068395
0.300742 0.222657 1.691704 0.627563 0.025037 0.775171 0.068174
0.304184 0.220892 1.691075 0.628392 0.023481 0.774497 0.068752
0.307134 0.219179 1.690566 0.629128 0.021909 0.773877 0.069511
0.310258 0.218351 1.689706 0.629973 0.021029 0.773340 0.068094
0.313589 0.217721 1.688426 0.631127 0.021056 0.772465 0.067331
0.316515 0.216929 1.687251 0.632241 0.020890 0.771569 0.067209
0.318986 0.216148 1.686285 0.633181 0.020618 0.770798 0.067283
0.321777 0.215733 1.685302 0.633974 0.019469 0.770361 0.065131
0.325051 0.214920 1.684148 0.634920 0.018013 0.769730 0.063769
0.328019 0.213761 1.683103 0.635872 0.016375 0.769015 0.063372
0.330563 0.212596 1.682239 0.636685 0.014838 0.768375 0.063338
0.333293 0.212271 1.681349 0.637389 0.014193 0.767910 0.062033
0.336247 0.212375 1.680291 0.638090 0.014618 0.767405 0.060968
0.338813 0.212304 1.679329 0.638752 0.014914 0.766890 0.060453
0.340974 0.212169 1.678533 0.639300 0.015108 0.766451 0.060174
0.343316 0.212189 1.677681 0.639868 0.014658 0.766097 0.058743
0.346079 0.211829 1.676564 0.640661 0.013942 0.765500 0.058037
0.348588 0.211126 1.675515 0.641465 0.013055 0.764836 0.058112
0.350742 0.210371 1.674633 0.642149 0.012192 0.764252 0.058433
0.353110 0.210038 1.673921 0.642667 0.011511 0.763903 0.057431
0.355951 0.209546 1.673383 0.643033 0.010825 0.763675 0.056499
0.358522 0.208693 1.672956 0.643376 0.009787 0.763418 0.056263
0.360729 0.207795 1.672626 0.643656 0.008751 0.763189 0.056316
0.363111 0.207512 1.672236 0.643813 0.008067 0.763146 0.055218
0.365905 0.207662 1.671501 0.643974 0.008327 0.763084 0.054146
0.368374 0.207605 1.670709 0.644241 0.008579 0.762883 0.053756
0.370471 0.207472 1.670010 0.644491 0.008787 0.762678 0.053647
0.372573 0.207428 1.669337 0.644868 0.008633 0.762431 0.052636
0.375017 0.207003 1.668662 0.645439 0.007992 0.762016 0.051733
0.377239 0.206226 1.668101 0.645960 0.007039 0.761599 0.051509
0.379155 0.205398 1.667651 0.646388 0.006084 0.761240 0.051560
0.381117 0.204898 1.667307 0.646852 0.004787 0.760889 0.051059
0.383303 0.204704 1.667117 0.647203 0.003504 0.760640 0.050418
0.385173 0.204451 1.666998 0.647433 0.002407 0.760475 0.050042
0.386733 0.204211 1.666925 0.647578 0.001533 0.760368 0.049808
0.388372 0.204312 1.666791 0.647734 0.001086 0.760296 0.048893
0.390480 0.204637 1.666420 0.648001 0.001287 0.760138 0.047778
0.392377 0.204680 1.666011 0.648298 0.001348 0.759917 0.047268
0.394003 0.204608 1.665648 0.648558 0.001345 0.759709 0.047039
0.395671 0.204637 1.665433 0.648774 0.000958 0.759566 0.046393
0.397744 0.204515 1.665606 0.648715 -0.000044 0.759663 0.045625
0.399608 0.204077 1.665878 0.648572 -0.001260 0.759804 0.045287
0.401205 0.203568 1.666149 0.648413 -0.002380 0.759943 0.045179
0.402757 0.203199 1.666270 0.648320 -0.003577 0.760066 0.044361
0.404702 0.202751 1.665847 0.648530 -0.004602 0.759935 0.043447
0.406513 0.202042 1.665253 0.648883 -0.005519 0.759631 0.043365
0.408088 0.201299 1.664688 0.649225 -0.006315 0.759320 0.043592
0.409548 0.200724 1.664260 0.649604 -0.007578 0.759020 0.042967
0.411086 0.200273 1.664369 0.649802 -0.009525 0.758924 0.041245
0.412400 0.199738 1.664731 0.649756 -0.011419 0.759012 0.039836
0.413497 0.199233 1.665134 0.649629 -0.013039 0.759152 0.038733
0.414561 0.198818 1.665421 0.649592 -0.015330 0.759244 0.036667
0.416064 0.197905 1.665371 0.649829 -0.019104 0.759069 0.034237
0.417172 0.197063 1.665295 0.649952 -0.021344 0.759010 0.031788
0.417710 0.197037 1.665225 0.649954 -0.021899 0.759101 0.029079
0.418455 0.196977 1.665200 0.650051 -0.023958 0.759055 0.026373
0.419824 0.196971 1.664566 0.651055 -0.027538 0.758163 0.023626
0.420889 0.197128 1.663946 0.651810 -0.029853 0.757498 0.021206
0.421629 0.197106 1.663734 0.652040 -0.032077 0.757267 0.019049
0.422353 0.197069 1.663656 0.652304 -0.034963 0.756978 0.016169
0.423468 0.196927 1.663179 0.653487 -0.039321 0.755829 0.011440
0.424380 0.196845 1.662770 0.654387 -0.042543 0.754925 0.007498
0.425002 0.196605 1.662715 0.654733 -0.045429 0.754482 0.004120
0.425554 0.196370 1.662743 0.655001 -0.048750 0.754054 0.000440
0.426420 0.196141 1.662088 0.655816 -0.054185 0.752955 -0.005326
0.427173 0.195809 1.661497 0.656366 -0.058619 0.752098 -0.009744
0.427750 0.195490 1.661169 0.656589 -0.062286 0.751553 -0.013457
0.428345 0.195240 1.660731 0.656971 -0.066403 0.750784 -0.017376
0.429149 0.195097 1.659999 0.657565 -0.074029 0.749365 -0.024085
0.429907 0.194979 1.659208 0.658219 -0.080105 0.747988 -0.029063
0.430576 0.194808 1.658475 0.658814 -0.084981 0.746774 -0.032721
0.431110 0.194520 1.658017 0.659099 -0.089958 0.745774 -0.036306
0.431388 0.193986 1.657674 0.659337 -0.097286 0.744279 -0.043114
0.431357 0.193921 1.657521 0.659339 -0.103164 0.743046 -0.050117
0.431330 0.193867 1.657401 0.659245 -0.108203 0.742009 -0.055773
0.431313 0.193744 1.657344 0.659098 -0.112914 0.741054 -0.060653
0.431272 0.194081 1.657508 0.658926 -0.119979 0.739565 -0.066832
0.431293 0.194473 1.657589 0.658675 -0.127075 0.738046 -0.072717
0.431312 0.194891 1.657623 0.658386 -0.133085 0.736715 -0.077896
0.431307 0.195292 1.657669 0.658066 -0.138485 0.735487 -0.082646
0.431181 0.195892 1.657875 0.657617 -0.146758 0.733524 -0.089127
0.431113 0.196446 1.658006 0.657116 -0.154845 0.731549 -0.095174
0.431084 0.196865 1.658085 0.656477 -0.162006 0.729862 -0.100467
0.431037 0.197217 1.658150 0.655884 -0.168163 0.728334 -0.105194
0.430863 0.197660 1.658210 0.655065 -0.176728 0.726062 -0.111762
0.430749 0.198009 1.658138 0.654191 -0.185035 0.723829 -0.117765
0.430682 0.198213 1.658045 0.653278 -0.192254 0.721923 -0.122860
0.430621 0.198360 1.657964 0.652440 -0.198407 0.720243 -0.127302
0.430535 0.198775 1.658069 0.651326 -0.206105 0.718037 -0.133107
0.430504 0.199155 1.658186 0.650096 -0.213259 0.716120 -0.138086
0.430476 0.199520 1.658324 0.648980 -0.219176 0.714499 -0.142402
0.430436 0.199862 1.658458 0.647987 -0.224195 0.713056 -0.146292
0.430246 0.200592 1.658706 0.646468 -0.232304 0.710441 -0.152929
0.430137 0.201210 1.658994 0.644829 -0.240128 0.708131 -0.158382
0.430002 0.201846 1.659267 0.643123 -0.247223 0.705925 -0.164139
0.429904 0.202319 1.659558 0.641613 -0.253124 0.704120 -0.168747
0.429377 0.202838 1.659890 0.639586 -0.261262 0.701419 -0.175168
0.428749 0.203304 1.660755 0.636663 -0.269641 0.699279 -0.181556
0.428280 0.203717 1.661349 0.634642 -0.275968 0.697465 -0.186046
0.427871 0.204088 1.661779 0.633130 -0.280843 0.695920 -0.189653
0.427331 0.204695 1.662461 0.630656 -0.288685 0.693244 -0.195823
0.426811 0.205243 1.663533 0.627595 -0.296711 0.690973 -0.201601
0.426338 0.205842 1.664383 0.625326 -0.302767 0.689044 -0.206200
0.425894 0.206406 1.665170 0.623431 -0.307561 0.687460 -0.210094
0.425277 0.207038 1.666107 0.620517 -0.314469 0.685160 -0.215926
0.424678 0.207584 1.667136 0.617424 -0.321286 0.683106 -0.221201
0.424121 0.208168 1.668021 0.615064 -0.326446 0.681351 -0.225587
0.423706 0.208593 1.668650 0.613369 -0.330460 0.679915 -0.228668
0.422964 0.209055 1.669130 0.611310 -0.335829 0.677710 -0.232871
0.422112 0.209401 1.670130 0.607873 -0.342552 0.675667 -0.237955
0.421440 0.209742 1.670822 0.605585 -0.347432 0.674005 -0.241401
0.420805 0.210127 1.671451 0.603698 -0.351254 0.672571 -0.244575
0.420267 0.210652 1.671830 0.601278 -0.357127 0.670165 -0.248605
0.419780 0.211326 1.672276 0.598638 -0.363131 0.667864 -0.252440
0.419393 0.211811 1.672627 0.596538 -0.367980 0.666011 -0.255273
0.419033 0.212237 1.672957 0.594777 -0.371896 0.664439 -0.257788
0.418485 0.212729 1.673382 0.592147 -0.377761 0.661565 -0.262659
0.417974 0.213012 1.674043 0.588550 -0.384951 0.658580 -0.267756
0.417504 0.213408 1.674584 0.586071 -0.390061 0.656171 -0.271684
0.417069 0.213780 1.675072 0.584065 -0.394108 0.654190 -0.274921
0.416916 0.214235 1.675432 0.581732 -0.398841 0.651753 -0.278802
0.416955 0.214659 1.675741 0.579151 -0.403729 0.649404 -0.282598
0.416995 0.214990 1.676032 0.576915 -0.407818 0.647429 -0.285814
0.417020 0.215268 1.676296 0.575051 -0.411163 0.645765 -0.288531
0.417177 0.215761 1.676481 0.572804 -0.415665 0.643316 -0.291998
0.417442 0.216258 1.676674 0.569960 -0.421041 0.640737 -0.295507
0.417639 0.216716 1.676871 0.567689 -0.425289 0.638576 -0.298463
0.417794 0.217122 1.677048 0.565836 -0.428718 0.636753 -0.300958
0.418075 0.217447 1.676970 0.563532 -0.433068 0.633853 -0.305146
0.418494 0.217794 1.676737 0.560719 -0.437974 0.630558 -0.310113
0.418871 0.218043 1.676463 0.558167 -0.442370 0.627693 -0.314259
0.419178 0.218207 1.676269 0.556218 -0.445736 0.625451 -0.317416
0.419607 0.218428 1.676054 0.554060 -0.449701 0.622653 -0.321076
0.420125 0.218694 1.675843 0.551756 -0.453953 0.619718 -0.324717
0.420582 0.218937 1.675646 0.549778 -0.457554 0.617215 -0.327770
0.420970 0.219174 1.675471 0.548141 -0.460510 0.615115 -0.330312
0.421390 0.219433 1.675237 0.546198 -0.463948 0.612454 -0.333649
0.421832 0.219720 1.674977 0.544093 -0.467579 0.609618 -0.337192
0.422210 0.219996 1.674749 0.542236 -0.470702 0.607183 -0.340218
0.422528 0.220258 1.674557 0.540671 -0.473297 0.605141 -0.342739
0.422915 0.220404 1.674321 0.538936 -0.475834 0.603137 -0.345479
0.423358 0.220476 1.674020 0.537578 -0.477647 0.601438 -0.348045
0.423748 0.220560 1.673688 0.536607 -0.479025 0.600043 -0.350051
0.424090 0.220643 1.673337 0.535864 -0.480180 0.598877 -0.351602
0.424335 0.220827 1.672960 0.535175 -0.481203 0.598037 -0.352679
0.424437 0.221070 1.672519 0.534675 -0.482028 0.597530 -0.353170
0.424508 0.221277 1.672082 0.534296 -0.482749 0.597079 -0.353522
0.424567 0.221476 1.671683 0.533958 -0.483399 0.596656 -0.353859
0.424548 0.221644 1.671473 0.533726 -0.483565 0.597123 -0.353193
0.424360 0.222068 1.671316 0.534203 -0.482654 0.598265 -0.351782
0.424214 0.222424 1.671118 0.534898 -0.481618 0.599383 -0.350240
0.424102 0.222702 1.670955 0.535641 -0.480556 0.600363 -0.348881
0.423755 0.222646 1.671261 0.537080 -0.478391 0.603182 -0.344757
