0.376896 0.221808 1.770487 0.571038 -0.252000 0.775924 -0.091397
0.372918 0.223030 1.772296 0.569048 -0.243891 0.780982 -0.082270
0.369280 0.224608 1.773888 0.567268 -0.236938 0.785076 -0.075658
0.366103 0.226180 1.775253 0.565687 -0.231140 0.788393 -0.070780
0.362745 0.227194 1.776871 0.564170 -0.223689 0.792261 -0.063218
0.358970 0.227717 1.778888 0.561807 -0.215807 0.796804 -0.053899
0.355632 0.228360 1.780676 0.559570 -0.209430 0.800520 -0.046790
0.352768 0.228993 1.782205 0.557560 -0.204291 0.803545 -0.041329
0.349816 0.229371 1.783849 0.555803 -0.197715 0.806742 -0.034026
0.346456 0.229656 1.785789 0.553496 -0.190526 0.810358 -0.025725
0.343452 0.230158 1.787498 0.551349 -0.184648 0.813351 -0.019474
0.340861 0.230700 1.788949 0.549436 -0.179880 0.815810 -0.014703
0.338081 0.230988 1.790776 0.547392 -0.174004 0.818541 -0.008638
0.334715 0.230978 1.793495 0.544037 -0.168141 0.822039 -0.001907
0.331684 0.231121 1.795969 0.540904 -0.163569 0.825020 0.003095
0.329066 0.231321 1.798063 0.538175 -0.159907 0.827496 0.006909
0.326472 0.231344 1.800315 0.535771 -0.154843 0.829954 0.012213
0.323678 0.230758 1.803370 0.532721 -0.149049 0.832828 0.019729
0.321280 0.230052 1.806128 0.529802 -0.144871 0.835256 0.025866
0.319261 0.229381 1.808452 0.527226 -0.141739 0.837255 0.030778
0.317302 0.228826 1.811011 0.524935 -0.137404 0.839205 0.036015
0.315156 0.228052 1.814868 0.521877 -0.132436 0.841632 0.041956
0.313276 0.227121 1.818435 0.518877 -0.129050 0.843750 0.046884
0.311680 0.226230 1.821448 0.516218 -0.126607 0.845519 0.050858
0.310192 0.225429 1.824386 0.513970 -0.123231 0.847118 0.055131
0.308785 0.224159 1.828121 0.511416 -0.119246 0.848855 0.060656
0.307677 0.222587 1.831466 0.509004 -0.116559 0.850279 0.065993
0.306794 0.221048 1.834257 0.506875 -0.114782 0.851433 0.070457
0.305963 0.219716 1.837052 0.505124 -0.112101 0.852461 0.074785
0.305079 0.217990 1.841153 0.502990 -0.108970 0.853715 0.079360
0.304349 0.215889 1.845011 0.500843 -0.107209 0.854756 0.083994
0.303767 0.213841 1.848281 0.498912 -0.106316 0.855605 0.087880
0.303284 0.212031 1.851437 0.497076 -0.104659 0.856449 0.091963
0.303122 0.209752 1.855591 0.494488 -0.102650 0.857614 0.097179
0.303195 0.207037 1.859268 0.492122 -0.101960 0.858440 0.102475
0.303353 0.204400 1.862311 0.490108 -0.101946 0.859031 0.107085
0.303542 0.202227 1.865233 0.488501 -0.100728 0.859505 0.111679
0.303777 0.200259 1.869554 0.486621 -0.098093 0.860297 0.116048
0.303956 0.197962 1.873645 0.484661 -0.097049 0.861000 0.119849
0.304116 0.195734 1.877125 0.482912 -0.096748 0.861564 0.123058
0.304371 0.193861 1.880390 0.481434 -0.095515 0.862005 0.126667
0.305103 0.191780 1.884879 0.479475 -0.093927 0.862794 0.129878
0.305874 0.189067 1.889033 0.477527 -0.094228 0.863416 0.132673
0.306600 0.186326 1.892539 0.475861 -0.095149 0.863832 0.135267
0.307436 0.184014 1.895723 0.474615 -0.095226 0.864049 0.138178
0.308899 0.182058 1.899918 0.473434 -0.094370 0.864465 0.140193
0.310217 0.179666 1.903817 0.472190 -0.094928 0.864826 0.141773
0.311365 0.177276 1.907124 0.471115 -0.095937 0.865055 0.143270
0.312493 0.175256 1.910106 0.470216 -0.096033 0.865242 0.145014
0.314294 0.173303 1.913921 0.468961 -0.094705 0.865863 0.146251
0.316085 0.170667 1.917345 0.467785 -0.094974 0.866230 0.147655
0.317699 0.167940 1.920212 0.466829 -0.095848 0.866383 0.149213
0.319293 0.165589 1.922812 0.466050 -0.096187 0.866443 0.151071
0.321764 0.163665 1.926363 0.464905 -0.095376 0.866919 0.152373
0.324095 0.161216 1.929553 0.463846 -0.095819 0.867207 0.153682
0.326137 0.158713 1.932221 0.463002 -0.096720 0.867305 0.155099
0.328060 0.156541 1.934611 0.462374 -0.097096 0.867292 0.156805
0.330833 0.154589 1.937896 0.461640 -0.096269 0.867520 0.158211
0.333404 0.151976 1.940905 0.460934 -0.096834 0.867576 0.159612
0.335640 0.149261 1.943446 0.460381 -0.097929 0.867472 0.161097
0.337707 0.146893 1.945707 0.459970 -0.098608 0.867295 0.162798
0.340691 0.145283 1.948696 0.459355 -0.097540 0.867473 0.164225
0.343444 0.143348 1.951312 0.458809 -0.097328 0.867540 0.165520
0.345821 0.141387 1.953476 0.458414 -0.097526 0.867475 0.166831
0.347955 0.139683 1.955376 0.458045 -0.097614 0.867418 0.168084
0.351016 0.138295 1.957800 0.457044 -0.096918 0.867869 0.168882
0.354022 0.136381 1.959735 0.456365 -0.097008 0.867979 0.170095
0.356686 0.134354 1.961258 0.455952 -0.097455 0.867865 0.171524
0.359093 0.132531 1.962557 0.455731 -0.097773 0.867659 0.172965
0.362493 0.130823 1.964324 0.455872 -0.097190 0.867427 0.174084
0.365677 0.128437 1.965872 0.456095 -0.097647 0.866983 0.175450
0.368433 0.125906 1.967165 0.456357 -0.098581 0.866438 0.176931
0.370879 0.123625 1.968318 0.456584 -0.099463 0.865950 0.178241
0.374623 0.122016 1.969949 0.456501 -0.099089 0.865989 0.178467
0.378305 0.119990 1.971102 0.456695 -0.099188 0.865720 0.179218
0.381543 0.117882 1.971932 0.457039 -0.099575 0.865274 0.180282
0.384363 0.115982 1.972620 0.457368 -0.100001 0.864861 0.181190
0.387981 0.114463 1.973660 0.457388 -0.099953 0.865000 0.180499
0.391431 0.112531 1.974379 0.457616 -0.100334 0.864843 0.180463
0.394435 0.110528 1.974888 0.457948 -0.100941 0.864517 0.180845
0.397039 0.108712 1.975311 0.458283 -0.101539 0.864177 0.181287
0.400918 0.107110 1.975833 0.458911 -0.101749 0.863910 0.180854
0.404800 0.104959 1.975886 0.459881 -0.102361 0.863229 0.181293
0.408231 0.102690 1.975753 0.460906 -0.103187 0.862398 0.182172
0.411171 0.100603 1.975602 0.461818 -0.103990 0.861632 0.183031
0.414766 0.099008 1.975414 0.462539 -0.103770 0.861350 0.182663
0.418341 0.097262 1.974774 0.463578 -0.103559 0.860745 0.183004
0.421506 0.095559 1.974019 0.464670 -0.103471 0.860018 0.183698
0.424209 0.094051 1.973328 0.465644 -0.103422 0.859350 0.184384
0.427201 0.092461 1.972966 0.466171 -0.103190 0.859179 0.183981
0.430062 0.090255 1.972522 0.466787 -0.103632 0.858727 0.184274
0.432556 0.087905 1.972090 0.467413 -0.104434 0.858140 0.184975
0.434667 0.085705 1.971732 0.467963 -0.105301 0.857565 0.185756
0.437552 0.083709 1.971408 0.468482 -0.105557 0.857095 0.186467
0.440563 0.081427 1.970645 0.469353 -0.105979 0.856277 0.187787
0.443265 0.079171 1.969778 0.470312 -0.106505 0.855344 0.189339
0.445516 0.077384 1.969002 0.471139 -0.106530 0.854648 0.190412
0.448173 0.075861 1.968064 0.471930 -0.105957 0.854437 0.189720
0.450681 0.073664 1.967041 0.472644 -0.106408 0.853990 0.189701
0.452099 0.071258 1.967004 0.472296 -0.107975 0.854058 0.189373
0.453379 0.069109 1.967023 0.472097 -0.109217 0.854068 0.189116
0.455204 0.066680 1.966561 0.472135 -0.110376 0.854162 0.187919
0.457808 0.063702 1.964984 0.473495 -0.111198 0.853148 0.188618
0.460153 0.060595 1.963383 0.474697 -0.112497 0.852061 0.189735
0.461120 0.057708 1.963084 0.474436 -0.114375 0.851946 0.189782
0.461687 0.054520 1.963176 0.473897 -0.116314 0.851938 0.189987
0.462190 0.050954 1.963352 0.473316 -0.118521 0.851826 0.190566
0.462623 0.047480 1.963550 0.472774 -0.120789 0.851639 0.191325
0.463000 0.044334 1.963735 0.472306 -0.122878 0.851416 0.192142
0.463502 0.040777 1.963955 0.471804 -0.124934 0.851407 0.192090
0.464064 0.036489 1.964227 0.471229 -0.127449 0.851298 0.192330
0.464560 0.032135 1.964513 0.470660 -0.130272 0.851048 0.192937
0.464996 0.028087 1.964783 0.470159 -0.133042 0.850722 0.193706
0.465561 0.023843 1.964981 0.469578 -0.135773 0.850638 0.193587
0.466151 0.019168 1.965185 0.468873 -0.138735 0.850560 0.193543
0.466665 0.014644 1.965390 0.468208 -0.141747 0.850368 0.193809
0.467114 0.010563 1.965568 0.467648 -0.144538 0.850105 0.194256
0.467698 0.005876 1.965714 0.467082 -0.147245 0.849793 0.194951
0.468301 0.000041 1.965909 0.466360 -0.150683 0.849309 0.196155
0.468818 -0.005865 1.966101 0.465668 -0.154458 0.848664 0.197648
0.469274 -0.011309 1.966247 0.465121 -0.158074 0.847914 0.199290
0.469940 -0.017033 1.966350 0.464627 -0.161583 0.847151 0.200869
0.470602 -0.023514 1.966528 0.463990 -0.165594 0.846288 0.202706
0.471160 -0.029783 1.966668 0.463444 -0.169640 0.845310 0.204676
0.471648 -0.035410 1.966737 0.463047 -0.173380 0.844299 0.206606
0.472433 -0.041078 1.966769 0.462885 -0.175968 0.843144 0.209480
0.473238 -0.047433 1.966914 0.462550 -0.178784 0.841949 0.212616
0.473899 -0.053389 1.967014 0.462263 -0.181364 0.840832 0.215458
0.474459 -0.058626 1.967066 0.462052 -0.183771 0.839779 0.217962
0.475217 -0.064147 1.967113 0.461822 -0.186191 0.838537 0.221156
0.475985 -0.070464 1.967196 0.461413 -0.188822 0.837272 0.224544
0.476614 -0.076464 1.967230 0.461075 -0.191490 0.836008 0.227666
0.477154 -0.081756 1.967197 0.460873 -0.193941 0.834783 0.230476
0.477935 -0.087350 1.967137 0.460737 -0.196317 0.833300 0.234077
0.478673 -0.093929 1.967168 0.460369 -0.199067 0.831758 0.237933
0.479250 -0.100114 1.967147 0.460081 -0.201629 0.830312 0.241358
0.479737 -0.105570 1.967063 0.459918 -0.204116 0.828897 0.244422
0.480369 -0.110863 1.967018 0.459822 -0.206382 0.827415 0.247695
0.481058 -0.116433 1.967002 0.459752 -0.208567 0.825918 0.250977
0.481643 -0.121460 1.966916 0.459773 -0.210547 0.824513 0.253885
0.482145 -0.125739 1.966781 0.459867 -0.212192 0.823261 0.256394
0.482798 -0.130354 1.966754 0.459910 -0.214032 0.821847 0.259307
0.483484 -0.135946 1.966784 0.459941 -0.215822 0.820364 0.262446
0.484045 -0.141216 1.966727 0.460057 -0.217578 0.818913 0.265311
0.484513 -0.145772 1.966611 0.460229 -0.219070 0.817604 0.267808
0.485018 -0.150236 1.966509 0.460465 -0.220339 0.816211 0.270598
0.485490 -0.155078 1.966418 0.460738 -0.221266 0.814846 0.273473
0.485872 -0.159501 1.966275 0.461031 -0.222235 0.813560 0.276013
0.486195 -0.163276 1.966105 0.461318 -0.223110 0.812415 0.278188
0.486694 -0.167071 1.965999 0.461625 -0.224291 0.811146 0.280427
0.487209 -0.171472 1.966048 0.461836 -0.225971 0.809748 0.282761
0.487611 -0.175395 1.966032 0.462118 -0.227088 0.808567 0.284775
0.487923 -0.178800 1.966010 0.462324 -0.228320 0.807495 0.286492
0.488242 -0.182106 1.966044 0.462298 -0.229702 0.806480 0.288283
0.488581 -0.185713 1.966095 0.462089 -0.231260 0.805532 0.290018
0.488886 -0.188927 1.966067 0.462009 -0.232570 0.804646 0.291555
0.489152 -0.191632 1.966003 0.461996 -0.233614 0.803863 0.292897
0.489423 -0.194306 1.966032 0.461925 -0.234848 0.803120 0.294059
0.489643 -0.197385 1.966216 0.461843 -0.236209 0.802369 0.295145
0.489838 -0.200138 1.966335 0.461879 -0.237302 0.801674 0.296097
0.490020 -0.202470 1.966403 0.461962 -0.238249 0.801029 0.296953
0.490197 -0.204753 1.966614 0.461854 -0.239508 0.800429 0.297728
0.490409 -0.207329 1.966961 0.461679 -0.241038 0.799855 0.298305
0.490636 -0.209569 1.967183 0.461671 -0.242176 0.799315 0.298842
0.490829 -0.211442 1.967356 0.461689 -0.243092 0.798832 0.299362
0.491054 -0.213146 1.967505 0.461567 -0.244073 0.798297 0.300175
0.491331 -0.214862 1.967614 0.461253 -0.245163 0.797711 0.301326
0.491545 -0.216345 1.967713 0.460986 -0.246030 0.797218 0.302333
0.491720 -0.217589 1.967802 0.460771 -0.246751 0.796795 0.303186
0.491851 -0.218732 1.967889 0.460620 -0.247328 0.796376 0.304046
0.491913 -0.219994 1.967974 0.460540 -0.247776 0.795950 0.304913
0.491979 -0.221107 1.968018 0.460528 -0.248090 0.795582 0.305639
0.492052 -0.222029 1.968038 0.460546 -0.248317 0.795263 0.306258
0.492101 -0.222725 1.967971 0.460456 -0.248362 0.795068 0.306861
0.492130 -0.223152 1.967770 0.460078 -0.248231 0.795109 0.307426
0.492141 -0.223474 1.967622 0.459701 -0.248134 0.795186 0.307870
0.492162 -0.223712 1.967494 0.459398 -0.248000 0.795269 0.308216
0.492157 -0.223816 1.967259 0.459172 -0.247752 0.795408 0.308393
0.492113 -0.223715 1.966892 0.458872 -0.247594 0.795612 0.308439
0.492075 -0.223602 1.966594 0.458587 -0.247529 0.795779 0.308483
0.492060 -0.223491 1.966324 0.458382 -0.247441 0.795915 0.308508
0.491726 -0.223541 1.966186 0.457570 -0.248177 0.796204 0.308378
0.491203 -0.223584 1.966113 0.456465 -0.249136 0.796422 0.308680
0.490842 -0.223514 1.965985 0.455831 -0.249341 0.796485 0.309287
0.490605 -0.223343 1.965842 0.455427 -0.249223 0.796545 0.309821
0.489895 -0.223168 1.965824 0.454594 -0.249354 0.796631 0.310718
0.488358 -0.222461 1.966175 0.453487 -0.248117 0.796778 0.312940
0.487066 -0.221518 1.966665 0.452444 -0.246832 0.797184 0.314429
0.486010 -0.220574 1.967130 0.451539 -0.245692 0.797625 0.315502
0.484607 -0.219649 1.967489 0.450608 -0.244647 0.797862 0.317042
0.482205 -0.218299 1.968007 0.449054 -0.244042 0.798229 0.318786
0.480157 -0.216746 1.968694 0.447558 -0.243364 0.798884 0.319766
0.478460 -0.215265 1.969339 0.446267 -0.242708 0.799560 0.320378
0.476466 -0.213784 1.969885 0.445107 -0.241701 0.799911 0.321874
0.473129 -0.211348 1.970997 0.443206 -0.240026 0.800567 0.324111
0.470155 -0.208574 1.972515 0.441086 -0.238338 0.801848 0.325083
0.467626 -0.205956 1.973977 0.439131 -0.236819 0.803193 0.325517
0.464926 -0.203591 1.975040 0.437552 -0.235381 0.804150 0.326324
0.460821 -0.200971 1.975769 0.436131 -0.234125 0.804740 0.327672
0.457148 -0.198395 1.976779 0.434529 -0.233096 0.805692 0.328195
0.453991 -0.196146 1.977754 0.433018 -0.232326 0.806655 0.328371
0.450737 -0.194155 1.978448 0.431858 -0.231742 0.807108 0.329196
0.445728 -0.191044 1.979373 0.430658 -0.231265 0.807301 0.330629
0.441177 -0.187301 1.980992 0.428825 -0.230411 0.808618 0.330388
0.437279 -0.183726 1.982622 0.426975 -0.229489 0.810199 0.329552
0.433488 -0.180531 1.983885 0.425371 -0.228664 0.811417 0.329202
0.427883 -0.176794 1.984856 0.423648 -0.228105 0.812197 0.329890
0.422829 -0.172522 1.986236 0.421687 -0.227487 0.813742 0.329019
0.418567 -0.168340 1.987622 0.419791 -0.226569 0.815553 0.327591
0.414627 -0.164596 1.988659 0.418317 -0.225555 0.816939 0.326720
