0.409111 -0.190649 2.009083 0.404965 -0.203804 0.832435 0.318619
0.403049 -0.185417 2.009545 0.403802 -0.202229 0.833806 0.317514
0.397611 -0.179131 2.010575 0.402331 -0.200132 0.835948 0.315068
0.393170 -0.172665 2.011774 0.400764 -0.197599 0.838528 0.311790
0.388717 -0.166557 2.012250 0.399844 -0.195063 0.840393 0.309539
0.383534 -0.159726 2.012310 0.399645 -0.191893 0.841586 0.308535
0.378991 -0.152406 2.012908 0.398933 -0.188726 0.843610 0.305871
0.375236 -0.145283 2.013661 0.398037 -0.185361 0.845961 0.302586
0.370481 -0.138500 2.013393 0.398140 -0.182547 0.847245 0.300560
0.365536 -0.131535 2.013516 0.397876 -0.180263 0.848649 0.298320
0.361223 -0.124840 2.014095 0.396901 -0.178975 0.850381 0.295449
0.357223 -0.118865 2.014552 0.395764 -0.178097 0.851973 0.292907
0.352212 -0.112489 2.013981 0.395437 -0.177196 0.852648 0.291931
0.347929 -0.105526 2.013672 0.395051 -0.175694 0.853996 0.289408
0.344363 -0.098366 2.013564 0.394644 -0.173679 0.855801 0.285826
0.340482 -0.091255 2.013173 0.394227 -0.171701 0.857481 0.282542
0.336174 -0.083301 2.012796 0.393695 -0.169199 0.859325 0.279168
0.332411 -0.075179 2.012776 0.392894 -0.166287 0.861646 0.274861
0.329159 -0.067840 2.012949 0.391844 -0.163438 0.863956 0.270788
0.325005 -0.060065 2.012381 0.391282 -0.160787 0.865765 0.267389
0.321076 -0.051263 2.012078 0.390615 -0.157044 0.868117 0.262925
0.317602 -0.042600 2.012076 0.389666 -0.152991 0.870727 0.258049
0.314221 -0.034758 2.012005 0.388642 -0.149817 0.873037 0.253609
0.310018 -0.025675 2.011682 0.387811 -0.146069 0.875282 0.249295
0.306048 -0.015947 2.011681 0.386739 -0.140927 0.878172 0.243693
0.302489 -0.006996 2.011838 0.385476 -0.135610 0.881043 0.238288
0.298670 0.001245 2.011619 0.384745 -0.132454 0.883058 0.233741
0.294351 0.010388 2.011553 0.383865 -0.128308 0.885337 0.228832
0.290331 0.019074 2.011753 0.382544 -0.123590 0.887881 0.223726
0.286772 0.026518 2.011947 0.381209 -0.119714 0.890142 0.219078
0.282970 0.034134 2.011511 0.380738 -0.118104 0.891528 0.215100
0.279126 0.042470 2.011300 0.379917 -0.114491 0.893483 0.210342
0.275630 0.050121 2.011239 0.378859 -0.110518 0.895507 0.205717
0.272279 0.056905 2.011264 0.377797 -0.108276 0.897156 0.201638
0.267962 0.064728 2.011822 0.375958 -0.105953 0.899213 0.197090
0.263650 0.072529 2.012621 0.373662 -0.102558 0.901678 0.191926
0.259796 0.079385 2.013358 0.371487 -0.099175 0.903940 0.187228
0.256108 0.086164 2.013653 0.370094 -0.097677 0.905248 0.184434
0.252049 0.094173 2.013915 0.368502 -0.094102 0.906969 0.180995
0.248225 0.101847 2.014196 0.366766 -0.089827 0.908858 0.177174
0.244887 0.108544 2.014423 0.365212 -0.086449 0.910499 0.173599
0.241400 0.115718 2.014666 0.363866 -0.084140 0.911955 0.169884
0.237725 0.123056 2.015022 0.362187 -0.080601 0.913755 0.165459
0.234361 0.129612 2.015346 0.360559 -0.077001 0.915452 0.161292
0.231367 0.135694 2.015653 0.359110 -0.075015 0.916660 0.158581
0.227744 0.143086 2.016042 0.357239 -0.071960 0.918148 0.155585
0.224064 0.150456 2.016403 0.355222 -0.067918 0.919858 0.151876
0.220740 0.156977 2.016674 0.353383 -0.063986 0.921419 0.148369
0.217939 0.163828 2.016703 0.352132 -0.061601 0.922606 0.144938
0.214838 0.171301 2.016574 0.350809 -0.057512 0.924001 0.140876
0.211878 0.178203 2.016391 0.349513 -0.053162 0.925349 0.136907
0.209484 0.184376 2.016310 0.348473 -0.049848 0.926391 0.133721
0.207199 0.191398 2.016583 0.347348 -0.046638 0.927395 0.130815
0.204642 0.198287 2.016790 0.346013 -0.042679 0.928568 0.127339
0.202236 0.204377 2.016907 0.344765 -0.038837 0.929639 0.124095
0.200431 0.210381 2.016805 0.343939 -0.036467 0.930463 0.120891
0.198448 0.217321 2.016256 0.343293 -0.032709 0.931309 0.117232
0.196388 0.223963 2.015581 0.342638 -0.028370 0.932143 0.113591
0.194577 0.229833 2.014939 0.342074 -0.024548 0.932854 0.110295
0.193294 0.236767 2.014619 0.341574 -0.021938 0.933495 0.106927
0.191399 0.244050 2.014174 0.340796 -0.017944 0.934323 0.102843
0.189409 0.250695 2.013656 0.340015 -0.013775 0.935096 0.098967
0.188022 0.257039 2.013204 0.339649 -0.010693 0.935692 0.094890
0.186808 0.264565 2.012637 0.339720 -0.007000 0.936246 0.089359
0.185265 0.271757 2.011876 0.339685 -0.002633 0.936768 0.084099
0.183725 0.278067 2.011085 0.339631 0.001556 0.937186 0.079563
0.183248 0.285183 2.010225 0.340115 0.004729 0.937398 0.074725
0.182690 0.293171 2.008743 0.340864 0.009600 0.937492 0.069488
0.181918 0.300575 2.007055 0.341570 0.014824 0.937498 0.064863
0.181364 0.307223 2.005500 0.342247 0.019219 0.937437 0.060909
0.182119 0.314959 2.003789 0.343500 0.022920 0.937171 0.056495
0.182787 0.322314 2.001605 0.344937 0.027505 0.936747 0.052603
0.183272 0.328744 1.999426 0.346295 0.031969 0.936278 0.049403
0.184258 0.335132 1.997714 0.347532 0.035021 0.935877 0.046144
0.185476 0.342074 1.996009 0.348781 0.038059 0.935490 0.041977
0.186374 0.348290 1.994149 0.350042 0.041432 0.935028 0.038432
0.187024 0.353603 1.992392 0.351202 0.044629 0.934561 0.035508
0.188927 0.360248 1.990999 0.353060 0.046438 0.933948 0.030523
0.190846 0.366750 1.989073 0.355265 0.049121 0.933126 0.025492
0.192477 0.372404 1.987008 0.357397 0.052013 0.932254 0.021536
0.194248 0.377666 1.985252 0.359403 0.054333 0.931416 0.018488
0.197390 0.383492 1.983668 0.362021 0.055729 0.930389 0.014510
0.200624 0.388296 1.981751 0.364808 0.057307 0.929244 0.011723
0.203546 0.392180 1.979873 0.367411 0.058813 0.928146 0.009783
0.206933 0.396686 1.978506 0.369978 0.059320 0.927115 0.007413
0.210718 0.401497 1.976762 0.372964 0.059924 0.925900 0.004041
0.214149 0.405596 1.974741 0.375884 0.061005 0.924655 0.001654
0.217131 0.409130 1.972857 0.378478 0.062216 0.923517 0.000103
0.221058 0.413836 1.971614 0.380592 0.063117 0.922586 -0.001076
0.225147 0.417831 1.969860 0.382997 0.064230 0.921512 -0.001918
0.228873 0.421041 1.968010 0.385334 0.065416 0.920453 -0.002206
0.232513 0.424283 1.966596 0.387628 0.066165 0.919433 -0.003073
0.236962 0.427831 1.965313 0.390431 0.066218 0.918229 -0.005869
0.241350 0.430477 1.963744 0.393235 0.066396 0.917008 -0.007395
0.245274 0.432462 1.962225 0.395774 0.066602 0.915893 -0.008210
0.249746 0.434982 1.961271 0.398460 0.065520 0.914783 -0.010424
0.254855 0.436967 1.959930 0.401511 0.064175 0.913519 -0.012408
0.259713 0.438251 1.958420 0.404411 0.063126 0.912301 -0.013198
0.264103 0.439374 1.957180 0.406899 0.062266 0.911246 -0.013669
0.269119 0.441450 1.956630 0.409185 0.060941 0.910255 -0.017057
0.274228 0.442715 1.955679 0.411555 0.059789 0.909223 -0.019001
0.278889 0.443433 1.954657 0.413730 0.058831 0.908279 -0.019896
0.283380 0.444520 1.954218 0.415445 0.057261 0.907551 -0.021853
0.288437 0.445621 1.953790 0.417215 0.054892 0.906805 -0.024973
0.293333 0.446114 1.953001 0.419029 0.053014 0.906036 -0.026490
0.297686 0.446283 1.952158 0.420680 0.051534 0.905337 -0.027163
0.302316 0.447432 1.951899 0.421808 0.050478 0.904806 -0.029258
0.307290 0.448122 1.951015 0.423255 0.049649 0.904134 -0.030542
0.311959 0.448384 1.949885 0.424716 0.049060 0.903474 -0.030732
0.316177 0.448738 1.949088 0.425848 0.048407 0.902957 -0.031297
0.320719 0.449241 1.949025 0.426731 0.046492 0.902504 -0.034983
0.325271 0.448994 1.948762 0.427709 0.044612 0.902059 -0.036933
0.329419 0.448395 1.948458 0.428621 0.042943 0.901672 -0.037807
0.333639 0.448476 1.948642 0.428963 0.041729 0.901529 -0.038662
0.338601 0.448358 1.948322 0.429574 0.040702 0.901265 -0.039122
0.343509 0.447766 1.947570 0.430419 0.039834 0.900933 -0.038369
0.347960 0.447094 1.946796 0.431219 0.039113 0.900633 -0.037153
0.352634 0.447650 1.946568 0.431580 0.037830 0.900456 -0.038553
0.357265 0.447959 1.945641 0.432317 0.037107 0.900107 -0.039149
0.361448 0.448096 1.944455 0.433145 0.036797 0.899728 -0.039002
0.365268 0.448594 1.943624 0.433745 0.036685 0.899449 -0.038866
0.369301 0.449226 1.943070 0.434325 0.036373 0.899146 -0.039694
0.373156 0.449353 1.942338 0.435008 0.036088 0.898830 -0.039628
0.376579 0.449243 1.941610 0.435658 0.035865 0.898545 -0.039150
0.380257 0.449777 1.941681 0.435856 0.034937 0.898497 -0.038907
0.384315 0.449778 1.941572 0.436263 0.033613 0.898364 -0.038558
0.388206 0.449328 1.941240 0.436793 0.032467 0.898193 -0.037517
0.391740 0.448880 1.940960 0.437289 0.031589 0.898039 -0.036127
0.395422 0.449044 1.940814 0.437863 0.030634 0.897818 -0.035524
0.398934 0.449032 1.940180 0.438607 0.030114 0.897510 -0.034539
0.402041 0.448968 1.939368 0.439349 0.029918 0.897196 -0.033406
0.404766 0.449258 1.938805 0.440051 0.030082 0.896868 -0.032850
0.407447 0.449763 1.938032 0.440932 0.030424 0.896408 -0.033253
0.409938 0.450167 1.936967 0.441825 0.030999 0.895953 -0.033142
0.412109 0.450523 1.935856 0.442635 0.031674 0.895541 -0.032819
0.414196 0.450691 1.935347 0.443458 0.031785 0.895143 -0.032445
0.416607 0.449572 1.935617 0.444092 0.029380 0.894953 -0.031287
0.418825 0.448365 1.935879 0.444635 0.028118 0.894752 -0.030465
0.420020 0.448057 1.936040 0.444865 0.028414 0.894591 -0.031560
0.420503 0.448436 1.936153 0.444875 0.029131 0.894563 -0.031553
0.420950 0.448769 1.936150 0.444868 0.029809 0.894566 -0.030916
0.421322 0.449052 1.936127 0.444839 0.030383 0.894579 -0.030386
0.421429 0.449021 1.936223 0.444822 0.030883 0.894585 -0.029945
0.421439 0.449036 1.936102 0.444839 0.031950 0.894565 -0.029178
0.421510 0.448969 1.936016 0.444843 0.032510 0.894568 -0.028384
0.421558 0.448839 1.935979 0.444818 0.032903 0.894584 -0.027804
0.421046 0.448363 1.936012 0.444985 0.033026 0.894508 -0.027460
0.420610 0.448281 1.935648 0.445290 0.033184 0.894363 -0.027015
0.420344 0.448054 1.935428 0.445509 0.032952 0.894282 -0.026374
0.419756 0.447472 1.935399 0.445497 0.033058 0.894306 -0.025620
0.418774 0.446698 1.935359 0.445372 0.034078 0.894399 -0.023094
0.417968 0.446261 1.935081 0.445327 0.034894 0.894438 -0.021139
0.417440 0.445715 1.934912 0.445310 0.035123 0.894479 -0.019295
0.415806 0.444319 1.934853 0.445252 0.035114 0.894520 -0.018747
0.413975 0.443082 1.934751 0.445354 0.035286 0.894508 -0.016447
0.412440 0.442077 1.934634 0.445463 0.035270 0.894489 -0.014414
0.410965 0.441046 1.934504 0.445500 0.035026 0.894495 -0.013475
0.408257 0.439287 1.934312 0.445336 0.034195 0.894632 -0.011875
0.405752 0.437786 1.934249 0.445205 0.033778 0.894742 -0.009394
0.403649 0.436577 1.934176 0.445038 0.033973 0.894847 -0.006047
0.401144 0.435248 1.933941 0.444816 0.033393 0.894990 -0.004121
0.398055 0.433601 1.933542 0.444733 0.031824 0.895097 -0.001296
0.395190 0.432060 1.933269 0.444530 0.031030 0.895225 0.001553
0.392802 0.430710 1.933116 0.444328 0.030981 0.895311 0.005512
0.389609 0.428952 1.932823 0.444201 0.029979 0.895394 0.007531
0.386330 0.427119 1.932649 0.444109 0.028935 0.895451 0.009890
0.383464 0.425451 1.932616 0.443981 0.028545 0.895488 0.012968
0.380810 0.423903 1.932493 0.443803 0.028305 0.895532 0.016096
0.377312 0.421962 1.932173 0.443809 0.026771 0.895523 0.018839
0.373994 0.420055 1.931962 0.443725 0.025731 0.895532 0.021630
0.371236 0.418348 1.931849 0.443649 0.025255 0.895496 0.025021
0.368127 0.416503 1.931482 0.443524 0.024239 0.895512 0.027510
0.364782 0.414444 1.930887 0.443623 0.023044 0.895392 0.030667
0.361979 0.412752 1.930287 0.443634 0.022685 0.895260 0.034419
0.359678 0.411265 1.929788 0.443635 0.022203 0.895157 0.037273
0.356502 0.409065 1.929013 0.443586 0.020949 0.895103 0.039780
0.353934 0.407029 1.928074 0.443809 0.020334 0.894838 0.043402
0.351897 0.405453 1.927126 0.443893 0.020094 0.894649 0.046463
0.349474 0.403962 1.926196 0.443763 0.019539 0.894641 0.048068
0.346334 0.401668 1.925201 0.443938 0.018108 0.894460 0.050315
0.343895 0.399783 1.924142 0.444136 0.017077 0.894269 0.052290
0.341955 0.398396 1.923052 0.444329 0.016373 0.894091 0.053890
0.339329 0.396027 1.921882 0.445145 0.014688 0.893627 0.055326
0.336661 0.393560 1.920548 0.445724 0.013825 0.893221 0.057406
0.334636 0.391344 1.920263 0.446132 0.013621 0.892921 0.058925
0.332684 0.388874 1.921157 0.446466 0.012595 0.892739 0.059389
0.329855 0.384948 1.922901 0.446806 0.010703 0.892507 0.060665
0.327214 0.380963 1.924844 0.447263 0.007524 0.892345 0.060160
0.325168 0.377137 1.926596 0.447856 0.003880 0.892125 0.059354
0.322435 0.374160 1.927418 0.447887 0.002144 0.892170 0.058524
0.319478 0.370804 1.927694 0.448067 0.001002 0.892060 0.058858
0.316926 0.367942 1.927911 0.448030 0.000139 0.892038 0.059466
0.314787 0.365669 1.928061 0.447874 -0.000351 0.892056 0.060365
0.311593 0.362623 1.928350 0.447807 -0.001691 0.892181 0.058983
0.308778 0.359395 1.928579 0.447675 -0.002322 0.892145 0.060493
0.306304 0.356567 1.928742 0.447350 -0.002797 0.892180 0.062325
0.303850 0.353960 1.928863 0.447110 -0.003771 0.892288 0.062457
0.300467 0.350285 1.928990 0.447042 -0.005363 0.892384 0.061444
0.297662 0.346611 1.929029 0.446861 -0.006705 0.892444 0.061754
0.295310 0.343634 1.929016 0.446477 -0.007391 0.892544 0.062996
0.292650 0.340386 1.929026 0.446239 -0.009140 0.892732 0.061777
0.289878 0.336705 1.929076 0.445990 -0.010476 0.892840 0.061795
0.287552 0.333458 1.929104 0.445713 -0.011104 0.892907 0.062727
0.285653 0.330594 1.929024 0.445357 -0.011583 0.893015 0.063617
0.283066 0.327133 1.928959 0.445057 -0.012961 0.893157 0.063450
0.280722 0.323864 1.928919 0.444876 -0.013818 0.893182 0.064187
0.278713 0.320907 1.928896 0.444707 -0.014311 0.893180 0.065270
0.276742 0.317925 1.928878 0.444493 -0.014757 0.893171 0.066745
0.274494 0.314437 1.928874 0.444282 -0.015767 0.893154 0.068121
0.272506 0.311213 1.928909 0.444110 -0.016527 0.893112 0.069597
0.270755 0.308263 1.928968 0.443950 -0.017051 0.893063 0.071113
0.268802 0.305161 1.929126 0.443751 -0.017654 0.893004 0.072923
0.266827 0.302014 1.929382 0.443670 -0.018339 0.892888 0.074644
0.265092 0.299070 1.929639 0.443629 -0.018822 0.892749 0.076413
0.263509 0.296242 1.929894 0.443568 -0.019185 0.892611 0.078257
0.261575 0.292924 1.930347 0.443506 -0.019931 0.892435 0.080412
0.259793 0.289674 1.930842 0.443572 -0.020636 0.892202 0.082429
0.258233 0.286605 1.931283 0.443653 -0.021218 0.891975 0.084283
0.256442 0.283266 1.931867 0.443627 -0.021886 0.891743 0.086669
0.254145 0.279148 1.932967 0.443978 -0.023288 0.891314 0.088881
0.252125 0.275064 1.934019 0.444600 -0.024765 0.890797 0.090546
0.250411 0.271230 1.934862 0.445099 -0.025953 0.890347 0.092178
0.248290 0.266736 1.935735 0.445603 -0.027689 0.889851 0.094000
0.246222 0.262114 1.936639 0.446443 -0.029568 0.889240 0.095227
0.244482 0.257792 1.937363 0.447188 -0.031045 0.888670 0.096564
0.242841 0.253505 1.937988 0.447764 -0.032409 0.888154 0.098183
0.240614 0.247922 1.938965 0.448701 -0.034837 0.887407 0.099809
0.238716 0.242464 1.939815 0.449923 -0.036948 0.886536 0.101279
0.237186 0.237442 1.940416 0.451023 -0.038669 0.885758 0.102544
0.235394 0.232105 1.941069 0.451944 -0.040551 0.885013 0.104184
0.233464 0.226408 1.942056 0.454346 -0.041843 0.883523 0.105853
0.232020 0.221189 1.942628 0.456665 -0.042848 0.882176 0.106706
0.230824 0.216378 1.942894 0.458182 -0.043910 0.881293 0.107069
0.229281 0.210609 1.943094 0.460039 -0.045255 0.880050 0.108761
0.228055 0.204909 1.943096 0.462172 -0.046527 0.878774 0.109498
0.227114 0.199728 1.942859 0.463760 -0.047647 0.877840 0.109787
0.226250 0.194805 1.942492 0.465140 -0.048626 0.877042 0.109896
0.225673 0.189614 1.942089 0.468756 -0.048773 0.875285 0.108466
0.224953 0.184985 1.941616 0.470874 -0.049133 0.874362 0.106559
0.224332 0.180922 1.941048 0.472186 -0.049243 0.873853 0.104868
0.223988 0.176772 1.940354 0.474834 -0.048265 0.872621 0.103617
0.223797 0.172576 1.939513 0.477378 -0.047525 0.871560 0.101165
0.223370 0.168814 1.938763 0.478331 -0.047081 0.871267 0.099375
0.223114 0.165414 1.937907 0.479233 -0.046252 0.871017 0.097602
0.222453 0.161330 1.937138 0.480575 -0.045375 0.870519 0.095845
0.221863 0.157474 1.936329 0.481500 -0.044516 0.870307 0.093498
0.221509 0.154116 1.935418 0.482053 -0.043404 0.870298 0.091229
0.221207 0.150942 1.934505 0.482423 -0.042152 0.870389 0.088960
0.220847 0.147762 1.933678 0.482793 -0.040708 0.870540 0.086103
0.220708 0.145006 1.932761 0.482974 -0.038929 0.870787 0.083372
0.220776 0.142638 1.931758 0.482935 -0.036915 0.871124 0.080955
0.220750 0.140111 1.930707 0.482721 -0.035162 0.871534 0.078572
0.220828 0.137670 1.929562 0.482368 -0.033398 0.871998 0.076331
0.221045 0.135505 1.928309 0.481534 -0.032792 0.872780 0.072832
0.221169 0.133526 1.927240 0.480655 -0.032635 0.873534 0.069603
0.220816 0.131293 1.926529 0.479849 -0.032245 0.874198 0.066953
0.220346 0.129389 1.926007 0.479077 -0.032087 0.874773 0.065032
0.219926 0.127846 1.925586 0.478473 -0.031914 0.875184 0.064020
0.219459 0.126375 1.925143 0.477793 -0.032381 0.875677 0.062089
0.218946 0.124839 1.924668 0.477132 -0.033230 0.876149 0.060028
0.218448 0.123509 1.924293 0.476520 -0.034123 0.876548 0.058556
0.217981 0.122396 1.924001 0.475975 -0.034941 0.876879 0.057539
0.217383 0.121471 1.923571 0.475372 -0.035544 0.877287 0.055912
0.216685 0.120710 1.923255 0.474697 -0.036329 0.877731 0.054139
0.215969 0.120014 1.923036 0.473962 -0.037314 0.878169 0.052796
0.215323 0.119382 1.922800 0.473305 -0.038016 0.878524 0.052276
0.214812 0.118823 1.922369 0.472705 -0.038620 0.878797 0.052677
0.214462 0.118371 1.922001 0.472327 -0.039073 0.878963 0.052954
0.214180 0.117986 1.921700 0.472037 -0.039484 0.879087 0.053179
0.214002 0.117545 1.921329 0.471719 -0.039657 0.879285 0.052587
0.213797 0.117091 1.921005 0.471346 -0.039902 0.879540 0.051477
0.213586 0.116719 1.920758 0.471025 -0.040144 0.879750 0.050635
0.213389 0.116419 1.920552 0.470773 -0.040331 0.879911 0.050044
0.212915 0.116328 1.920328 0.470475 -0.040453 0.880106 0.049294
0.212320 0.116381 1.920261 0.470105 -0.040550 0.880347 0.048432
0.211778 0.116477 1.920253 0.469783 -0.040589 0.880559 0.047669
0.211439 0.116587 1.920066 0.469487 -0.040574 0.880742 0.047210
