0.342975 0.197806 1.778021 0.557683 -0.253633 0.776798 -0.145757
0.338780 0.198108 1.780546 0.556118 -0.247588 0.781107 -0.138940
0.335165 0.198521 1.782695 0.554672 -0.242687 0.784543 -0.133920
0.330892 0.198788 1.785226 0.553554 -0.234440 0.789287 -0.125065
0.326439 0.199514 1.787909 0.552417 -0.225540 0.794014 -0.116230
0.322479 0.200489 1.790272 0.551314 -0.217893 0.797870 -0.109446
0.319079 0.201433 1.792271 0.550198 -0.211706 0.800980 -0.104376
0.315130 0.201438 1.794987 0.548731 -0.204483 0.804799 -0.096853
0.311110 0.200859 1.798289 0.546672 -0.198108 0.808704 -0.088881
0.307632 0.200288 1.801260 0.544750 -0.192881 0.811979 -0.082064
0.304698 0.199767 1.803756 0.542977 -0.188904 0.814613 -0.076796
0.301523 0.199137 1.806213 0.541666 -0.182719 0.817649 -0.068268
0.298274 0.198749 1.808654 0.540491 -0.175928 0.820622 -0.059138
0.295415 0.198598 1.810774 0.539447 -0.169984 0.823072 -0.051510
0.292978 0.198534 1.812550 0.538430 -0.165276 0.825041 -0.045662
0.290353 0.198334 1.814965 0.537679 -0.159096 0.827125 -0.038133
0.287556 0.197977 1.818134 0.536465 -0.153413 0.829288 -0.030849
0.285072 0.197650 1.821029 0.535175 -0.148936 0.831132 -0.025024
0.282963 0.197361 1.823470 0.533963 -0.145527 0.832635 -0.020589
0.280571 0.196784 1.826215 0.532642 -0.140824 0.834429 -0.013768
0.277982 0.196047 1.829324 0.530980 -0.136206 0.836342 -0.006338
0.275699 0.195429 1.832064 0.529468 -0.132369 0.837939 -0.000093
0.273764 0.194911 1.834346 0.528122 -0.129439 0.839232 0.004709
0.272015 0.194456 1.837052 0.526834 -0.124650 0.840701 0.011435
0.270472 0.193761 1.840167 0.525226 -0.120026 0.842244 0.018855
0.269188 0.192995 1.842860 0.523765 -0.116442 0.843487 0.025289
0.268131 0.192278 1.845086 0.522484 -0.113786 0.844476 0.030401
0.267198 0.191523 1.848101 0.520728 -0.110041 0.845811 0.036560
0.266458 0.190224 1.851867 0.518306 -0.107195 0.847346 0.043261
0.265892 0.188765 1.855132 0.516207 -0.105209 0.848536 0.049474
0.265453 0.187405 1.857818 0.514444 -0.103914 0.849456 0.054522
0.264990 0.186296 1.861192 0.512361 -0.101126 0.850711 0.059579
0.264565 0.184899 1.865328 0.509689 -0.098777 0.852212 0.064761
0.264232 0.183387 1.868910 0.507391 -0.097081 0.853375 0.069858
0.263981 0.181985 1.871856 0.505469 -0.095998 0.854286 0.074034
0.264013 0.180966 1.875625 0.503241 -0.093189 0.855445 0.079235
0.264296 0.179561 1.880383 0.500208 -0.091685 0.856964 0.083665
0.264597 0.177885 1.884520 0.497516 -0.091410 0.858192 0.087338
0.264890 0.176278 1.887936 0.495293 -0.091520 0.859142 0.090463
0.265437 0.175067 1.891515 0.493199 -0.089513 0.860095 0.094755
0.266390 0.173628 1.895303 0.490906 -0.088131 0.861135 0.098444
0.267352 0.171969 1.898458 0.489010 -0.087700 0.861873 0.101749
0.268232 0.170383 1.901024 0.487493 -0.087630 0.862394 0.104636
0.269572 0.169404 1.904266 0.485773 -0.085709 0.863117 0.108201
0.271443 0.168190 1.908358 0.483422 -0.084745 0.864220 0.110660
0.273184 0.166559 1.911856 0.481445 -0.084872 0.865010 0.112979
0.274723 0.164919 1.914730 0.479873 -0.085322 0.865557 0.115124
0.276660 0.163852 1.918054 0.478535 -0.083240 0.866121 0.117939
0.279108 0.162339 1.922157 0.476882 -0.081712 0.866921 0.119810
0.281347 0.160250 1.925721 0.475478 -0.081640 0.867434 0.121713
0.283306 0.158122 1.928679 0.474371 -0.082076 0.867739 0.123549
0.285658 0.156595 1.931792 0.473415 -0.081004 0.868021 0.125922
0.288565 0.155026 1.935232 0.472324 -0.080062 0.868424 0.127831
0.291191 0.153128 1.938121 0.471489 -0.080035 0.868595 0.129749
0.293459 0.151270 1.940498 0.470867 -0.080336 0.868636 0.131533
0.296014 0.150009 1.943374 0.470036 -0.079080 0.868949 0.133191
0.299001 0.148436 1.947147 0.468566 -0.078301 0.869717 0.133819
0.301647 0.146306 1.950452 0.467331 -0.078740 0.870209 0.134682
0.303921 0.144142 1.953216 0.466365 -0.079554 0.870501 0.135654
0.306669 0.142680 1.956176 0.465652 -0.078959 0.870743 0.136895
0.310087 0.141372 1.959588 0.464853 -0.078104 0.871148 0.137522
0.313102 0.139692 1.962480 0.464251 -0.078090 0.871342 0.138333
0.315674 0.138004 1.964876 0.463819 -0.078378 0.871410 0.139189
0.318495 0.136680 1.967489 0.463107 -0.078425 0.871706 0.139674
0.321948 0.134993 1.970488 0.462008 -0.079234 0.872213 0.139694
0.325075 0.132847 1.972956 0.461274 -0.080656 0.872385 0.140236
0.327771 0.130705 1.974976 0.460782 -0.082142 0.872388 0.140970
0.330900 0.129096 1.977091 0.460476 -0.082302 0.872415 0.141703
0.335036 0.127221 1.979350 0.460371 -0.082124 0.872377 0.142383
0.338825 0.124788 1.981115 0.460568 -0.082810 0.872006 0.143614
0.342090 0.122330 1.982538 0.460861 -0.083782 0.871538 0.144944
0.345687 0.120550 1.984083 0.461050 -0.083964 0.871367 0.145264
0.350309 0.119081 1.985605 0.461298 -0.083404 0.871345 0.144937
0.354527 0.117307 1.986615 0.461859 -0.083306 0.870993 0.145322
0.358147 0.115558 1.987365 0.462469 -0.083413 0.870556 0.145934
0.361973 0.114151 1.988255 0.463119 -0.083149 0.870218 0.146038
0.366745 0.112219 1.989210 0.464024 -0.083170 0.869730 0.146057
0.371071 0.109663 1.989832 0.465101 -0.084017 0.868940 0.146856
0.374769 0.107057 1.990309 0.466109 -0.085140 0.868119 0.147862
0.378535 0.104997 1.990906 0.467123 -0.085708 0.867529 0.147795
0.383001 0.103184 1.991525 0.468348 -0.085590 0.867039 0.146862
0.386954 0.101148 1.991884 0.469592 -0.085884 0.866380 0.146599
0.390294 0.099202 1.992146 0.470695 -0.086329 0.865738 0.146600
0.393539 0.097692 1.992465 0.471474 -0.086630 0.865535 0.145110
0.397440 0.096272 1.992503 0.472289 -0.086629 0.865517 0.142545
0.401029 0.094631 1.992208 0.473353 -0.086863 0.865143 0.141136
0.404117 0.093047 1.991857 0.474379 -0.087185 0.864684 0.140297
0.407002 0.091749 1.991558 0.475307 -0.087318 0.864308 0.139390
0.410186 0.090604 1.991052 0.476396 -0.087103 0.863858 0.138597
0.413054 0.089447 1.990391 0.477555 -0.086977 0.863270 0.138351
0.415500 0.088407 1.989766 0.478601 -0.086894 0.862706 0.138307
0.417826 0.087510 1.989260 0.479428 -0.087178 0.862358 0.137429
0.420508 0.085893 1.988804 0.480056 -0.089136 0.861990 0.136284
0.423010 0.084093 1.988161 0.480961 -0.090658 0.861415 0.135727
0.425100 0.082222 1.987661 0.481668 -0.092429 0.860849 0.135613
0.427143 0.080596 1.987307 0.482336 -0.093709 0.860322 0.135711
0.429461 0.079024 1.987115 0.482955 -0.094202 0.859906 0.135797
0.431012 0.077824 1.987236 0.483041 -0.094083 0.859959 0.135239
0.432346 0.076821 1.987425 0.483059 -0.094319 0.860009 0.134695
0.433900 0.075848 1.987339 0.483362 -0.094209 0.859933 0.134169
0.436322 0.074186 1.986501 0.484296 -0.093631 0.859551 0.133649
0.438320 0.071994 1.985857 0.484837 -0.093846 0.859217 0.133685
0.439834 0.069801 1.985610 0.484996 -0.094623 0.859066 0.133533
0.441654 0.067634 1.985041 0.485631 -0.095062 0.858578 0.134056
0.444165 0.064766 1.984080 0.486337 -0.095379 0.858023 0.134815
0.446499 0.061448 1.983027 0.487111 -0.096380 0.857239 0.136289
0.447999 0.058206 1.982756 0.486985 -0.098047 0.857000 0.137052
0.449702 0.055138 1.982349 0.487253 -0.099536 0.856524 0.138000
0.452465 0.051399 1.981064 0.488401 -0.100973 0.855446 0.139575
0.455178 0.047273 1.979484 0.489851 -0.102914 0.853979 0.142038
0.456752 0.043390 1.978956 0.489923 -0.105093 0.853442 0.143417
0.457660 0.039692 1.978933 0.489586 -0.106848 0.853176 0.144842
0.458392 0.035068 1.979095 0.488973 -0.107907 0.852926 0.147576
0.458938 0.029934 1.979417 0.488274 -0.110038 0.852552 0.150452
0.459382 0.024956 1.979733 0.487672 -0.112446 0.852078 0.153280
0.459828 0.020281 1.979991 0.487133 -0.114567 0.851629 0.155899
0.460431 0.014718 1.980214 0.486276 -0.116524 0.851417 0.158261
0.460944 0.008742 1.980502 0.485379 -0.119444 0.851039 0.160852
0.461367 0.003038 1.980784 0.484563 -0.122657 0.850566 0.163374
0.461796 -0.002201 1.981027 0.483834 -0.125477 0.850067 0.165971
0.462496 -0.008207 1.981235 0.482908 -0.128118 0.849530 0.169368
0.463119 -0.014421 1.981450 0.481966 -0.131437 0.848884 0.172710
0.463625 -0.020170 1.981653 0.481109 -0.134758 0.848225 0.175750
0.464091 -0.025380 1.981835 0.480312 -0.137897 0.847635 0.178322
0.464747 -0.031554 1.982007 0.479223 -0.141849 0.847168 0.180364
0.465328 -0.037920 1.982156 0.478148 -0.146214 0.846573 0.182511
0.465802 -0.043787 1.982277 0.477216 -0.150410 0.845909 0.184604
0.466248 -0.049036 1.982374 0.476456 -0.154052 0.845245 0.186597
0.466884 -0.055054 1.982576 0.475586 -0.157887 0.844569 0.188660
0.467461 -0.061166 1.982731 0.474817 -0.161989 0.843719 0.190911
0.467937 -0.066694 1.982822 0.474207 -0.165726 0.842839 0.193094
0.468385 -0.071554 1.982858 0.473816 -0.168824 0.841946 0.195250
0.468912 -0.076852 1.982943 0.473591 -0.171384 0.840944 0.197872
0.469348 -0.082094 1.983009 0.473388 -0.174154 0.839883 0.200427
0.469718 -0.086770 1.983016 0.473280 -0.176686 0.838851 0.202774
0.470090 -0.090920 1.982995 0.473229 -0.178932 0.837866 0.204986
0.470678 -0.096161 1.983090 0.472887 -0.181574 0.836833 0.207649
0.471177 -0.101592 1.983140 0.472559 -0.184514 0.835716 0.210290
0.471583 -0.106512 1.983124 0.472343 -0.187245 0.834608 0.212746
0.471969 -0.110870 1.983089 0.472192 -0.189676 0.833548 0.215070
0.472617 -0.116213 1.983201 0.471738 -0.192747 0.832367 0.217892
0.473212 -0.121546 1.983208 0.471403 -0.195768 0.831133 0.220622
0.473704 -0.126288 1.983144 0.471196 -0.198471 0.829940 0.223124
0.474183 -0.130422 1.983051 0.471116 -0.200725 0.828790 0.225535
0.474962 -0.135523 1.983183 0.470823 -0.203589 0.827349 0.228846
0.475625 -0.140533 1.983269 0.470596 -0.206207 0.825997 0.231834
0.476166 -0.144879 1.983300 0.470452 -0.208420 0.824799 0.234396
0.476682 -0.148720 1.983311 0.470375 -0.210450 0.823645 0.236786
0.477539 -0.154122 1.983694 0.469774 -0.214117 0.822173 0.239787
0.478307 -0.159534 1.983934 0.469407 -0.217289 0.820729 0.242584
0.478941 -0.164280 1.984068 0.469182 -0.220027 0.819389 0.245069
0.479526 -0.168364 1.984135 0.469083 -0.222259 0.818144 0.247391
0.480355 -0.173550 1.984240 0.468763 -0.224980 0.816553 0.250771
0.481002 -0.178708 1.984284 0.468490 -0.227512 0.815071 0.253802
0.481536 -0.183112 1.984249 0.468379 -0.229357 0.813814 0.256365
0.482045 -0.186974 1.984195 0.468317 -0.231273 0.812546 0.258766
0.482982 -0.192019 1.984419 0.467866 -0.234901 0.810567 0.262497
0.483800 -0.196872 1.984556 0.467579 -0.238063 0.808731 0.265802
0.484500 -0.200975 1.984585 0.467490 -0.240450 0.807144 0.268617
0.485135 -0.204479 1.984575 0.467511 -0.242471 0.805672 0.271171
0.486046 -0.208933 1.984836 0.467605 -0.245111 0.803506 0.275035
0.486833 -0.213174 1.985023 0.467833 -0.247249 0.801571 0.278359
0.487515 -0.216767 1.985105 0.468139 -0.248912 0.799896 0.281168
0.488117 -0.219786 1.985138 0.468455 -0.250241 0.798436 0.283599
0.488727 -0.223581 1.985226 0.468668 -0.251787 0.796696 0.286757
0.489168 -0.227324 1.985255 0.468897 -0.253102 0.795150 0.289503
0.489532 -0.230555 1.985214 0.469162 -0.254160 0.793802 0.291833
0.489861 -0.233267 1.985144 0.469416 -0.255048 0.792632 0.293826
0.490316 -0.236082 1.985154 0.469228 -0.256594 0.791362 0.296195
0.490669 -0.238605 1.985193 0.468979 -0.257957 0.790317 0.298186
0.490959 -0.240723 1.985212 0.468805 -0.259046 0.789435 0.299849
0.491208 -0.242481 1.985205 0.468697 -0.259875 0.788677 0.301293
0.491455 -0.244143 1.985006 0.468553 -0.260001 0.787939 0.303331
0.491589 -0.245687 1.984862 0.468256 -0.260215 0.787399 0.305002
0.491702 -0.246991 1.984722 0.468038 -0.260345 0.786963 0.306349
0.491803 -0.248060 1.984578 0.467896 -0.260364 0.786574 0.307549
0.491683 -0.248981 1.984258 0.467702 -0.259876 0.785891 0.309992
0.491747 -0.249710 1.983742 0.467687 -0.259447 0.785233 0.312035
0.491871 -0.250240 1.983246 0.467729 -0.259001 0.784697 0.313685
0.492020 -0.250641 1.982764 0.467837 -0.258562 0.784218 0.315083
0.491432 -0.250945 1.982599 0.467176 -0.257884 0.784168 0.316739
0.490759 -0.251323 1.982586 0.466403 -0.257562 0.784183 0.318100
0.490123 -0.251727 1.982626 0.465700 -0.257415 0.784177 0.319261
0.489528 -0.252121 1.982679 0.465092 -0.257331 0.784132 0.320323
0.487241 -0.252572 1.982872 0.463650 -0.256872 0.783727 0.323756
0.484893 -0.253156 1.983280 0.461990 -0.257075 0.783475 0.326563
0.482771 -0.253786 1.983735 0.460461 -0.257492 0.783269 0.328884
0.480910 -0.254407 1.984152 0.459127 -0.257985 0.783066 0.330837
0.477975 -0.254451 1.984283 0.458163 -0.256995 0.782145 0.335097
0.475428 -0.254018 1.984519 0.457214 -0.256023 0.781653 0.338271
0.473369 -0.253418 1.984761 0.456385 -0.255120 0.781402 0.340642
0.471703 -0.252803 1.984951 0.455699 -0.254348 0.781251 0.342480
0.468241 -0.251793 1.984975 0.454906 -0.253288 0.780371 0.346304
0.464797 -0.250510 1.985532 0.453644 -0.252633 0.780149 0.348927
0.461782 -0.249293 1.986251 0.452308 -0.252195 0.780249 0.350752
0.459533 -0.248171 1.986650 0.451748 -0.251410 0.780000 0.352587
0.456231 -0.245538 1.985929 0.452146 -0.248288 0.779039 0.356392
0.452413 -0.242629 1.986256 0.450799 -0.246577 0.779486 0.358304
0.450107 -0.239486 1.986011 0.451269 -0.243159 0.779215 0.360629
0.447728 -0.236780 1.986166 0.450286 -0.241645 0.779988 0.361205
0.443541 -0.233127 1.986304 0.450086 -0.238162 0.779849 0.364055
0.438975 -0.228850 1.986825 0.448990 -0.235195 0.780883 0.365120
0.433775 -0.225930 1.988180 0.446234 -0.235024 0.782468 0.365217
0.428885 -0.223987 1.989638 0.443455 -0.235616 0.783857 0.365240
0.422876 -0.221330 1.990678 0.441486 -0.234770 0.784316 0.367180
0.416502 -0.217640 1.992057 0.439117 -0.233789 0.785630 0.367838
0.410511 -0.213999 1.993273 0.436692 -0.233434 0.787339 0.367296
0.405379 -0.210882 1.994289 0.434556 -0.233286 0.788902 0.366569
0.399859 -0.207295 1.994632 0.433402 -0.231906 0.789505 0.367510
0.394010 -0.203075 1.995080 0.432067 -0.230368 0.790470 0.367975
