0.318187 0.234094 1.730974 0.612520 -0.166504 0.772555 -0.015946
0.318368 0.235007 1.732773 0.612603 -0.158730 0.774222 -0.010095
0.318550 0.235660 1.734352 0.612584 -0.152289 0.775581 -0.004873
0.318728 0.236147 1.735667 0.612454 -0.147244 0.776672 -0.000673
0.319147 0.237011 1.737102 0.612762 -0.139762 0.777797 0.004551
0.319716 0.237892 1.738598 0.613157 -0.131860 0.778813 0.010089
0.320244 0.238524 1.739887 0.613369 -0.125529 0.779617 0.014775
0.320718 0.238986 1.740954 0.613456 -0.120583 0.780249 0.018545
0.321414 0.239576 1.742341 0.613594 -0.113717 0.781030 0.023707
0.322488 0.239839 1.744459 0.613320 -0.107123 0.782010 0.028697
0.323538 0.239624 1.746468 0.612869 -0.102659 0.782805 0.032702
0.324497 0.239231 1.748189 0.612419 -0.099452 0.783425 0.036013
0.325476 0.238941 1.749797 0.612088 -0.095527 0.784000 0.039579
0.326731 0.238564 1.751721 0.611681 -0.091259 0.784650 0.042908
0.327932 0.237863 1.753504 0.611221 -0.088528 0.785169 0.045632
0.329011 0.237088 1.755022 0.610808 -0.086671 0.785560 0.047921
0.330079 0.236489 1.756355 0.610457 -0.084494 0.785933 0.050127
0.331932 0.236179 1.757758 0.610028 -0.080861 0.786512 0.052207
0.333858 0.235376 1.758924 0.609689 -0.078611 0.786858 0.054341
0.335622 0.234393 1.759864 0.609447 -0.077216 0.787041 0.056379
0.337190 0.233461 1.760664 0.609264 -0.076009 0.787157 0.058341
0.339055 0.232763 1.762165 0.608688 -0.073485 0.787677 0.060531
0.340840 0.231719 1.763812 0.607977 -0.072346 0.788206 0.062141
0.342421 0.230580 1.765269 0.607357 -0.071879 0.788614 0.063553
0.343784 0.229517 1.766492 0.606846 -0.071697 0.788924 0.064778
0.345407 0.228718 1.767921 0.606257 -0.069935 0.789445 0.065868
0.347069 0.227502 1.769456 0.605608 -0.069228 0.789926 0.066816
0.348578 0.226142 1.770816 0.605060 -0.069192 0.790266 0.067777
0.349895 0.224854 1.771962 0.604616 -0.069405 0.790510 0.068676
0.351671 0.224159 1.772959 0.604332 -0.067694 0.790874 0.068700
0.353861 0.223180 1.773825 0.604184 -0.066108 0.791113 0.068794
0.355919 0.221872 1.774531 0.604145 -0.065443 0.791152 0.069315
0.357740 0.220540 1.775108 0.604160 -0.065232 0.791101 0.069962
0.359809 0.219684 1.775571 0.604516 -0.063914 0.790918 0.070177
0.362303 0.218725 1.776144 0.605150 -0.062275 0.790553 0.070294
0.364578 0.217392 1.776752 0.605680 -0.061709 0.790159 0.070648
0.366562 0.216015 1.777314 0.606125 -0.061653 0.789784 0.071079
0.368635 0.215061 1.777747 0.606616 -0.061133 0.789473 0.070802
0.371469 0.214357 1.778009 0.607398 -0.059614 0.789043 0.070172
0.374127 0.213201 1.778209 0.608153 -0.059023 0.788508 0.070146
0.376461 0.211932 1.778384 0.608821 -0.058936 0.787979 0.070369
0.378622 0.210910 1.778487 0.609426 -0.058911 0.787560 0.069855
0.381470 0.210309 1.778328 0.610252 -0.057913 0.787195 0.067549
0.384198 0.209208 1.778127 0.611095 -0.057660 0.786670 0.066253
0.386609 0.207943 1.777954 0.611855 -0.057871 0.786124 0.065521
0.388730 0.206793 1.777787 0.612546 -0.058195 0.785620 0.064824
0.391736 0.206368 1.776845 0.614170 -0.056668 0.784608 0.063040
0.394747 0.205474 1.775665 0.615941 -0.055564 0.783343 0.062476
0.397422 0.204366 1.774585 0.617529 -0.055033 0.782132 0.062437
0.399709 0.203271 1.773684 0.618867 -0.054822 0.781080 0.062555
0.402327 0.203060 1.772360 0.620491 -0.053223 0.780068 0.060425
0.404919 0.202851 1.770751 0.622261 -0.051295 0.778888 0.059108
0.407185 0.202522 1.769261 0.623860 -0.049818 0.777761 0.058344
0.409109 0.202172 1.767998 0.625215 -0.048708 0.776782 0.057819
0.411088 0.202111 1.766793 0.626548 -0.047507 0.775927 0.055836
0.413123 0.201840 1.765640 0.627871 -0.046462 0.775040 0.054152
0.414933 0.201341 1.764662 0.629017 -0.045909 0.774219 0.053056
0.416488 0.200792 1.763864 0.629971 -0.045637 0.773511 0.052284
0.418023 0.200452 1.763033 0.630886 -0.045656 0.772946 0.049533
0.419789 0.199805 1.762008 0.631955 -0.045805 0.772267 0.046247
0.421466 0.198796 1.761069 0.632963 -0.046375 0.771532 0.044120
0.422955 0.197713 1.760279 0.633833 -0.047110 0.770854 0.042658
0.424441 0.196891 1.759525 0.634695 -0.048056 0.770195 0.040642
0.426267 0.196387 1.758543 0.635757 -0.048812 0.769397 0.038200
0.427917 0.195799 1.757574 0.636754 -0.049491 0.768608 0.036565
0.429336 0.195226 1.756728 0.637615 -0.050099 0.767909 0.035393
0.430470 0.195139 1.755988 0.638365 -0.050048 0.767393 0.033070
0.431331 0.195836 1.755500 0.638847 -0.049032 0.767280 0.027436
0.431738 0.196617 1.755428 0.638940 -0.047701 0.767462 0.021993
0.432012 0.197524 1.755426 0.638998 -0.046266 0.767620 0.017355
0.432247 0.198439 1.755438 0.639053 -0.045084 0.767726 0.013244
0.432627 0.198562 1.755498 0.639089 -0.046203 0.767718 0.006369
0.432880 0.198261 1.755536 0.639147 -0.046774 0.767660 0.000321
0.433040 0.198228 1.755575 0.639167 -0.046856 0.767622 -0.005080
0.433171 0.198357 1.755615 0.639157 -0.046861 0.767586 -0.009684
0.433364 0.198576 1.755853 0.639075 -0.049158 0.767383 -0.017038
0.433544 0.198820 1.755954 0.639027 -0.051260 0.767101 -0.023929
0.433666 0.199092 1.756041 0.638941 -0.053036 0.766845 -0.029820
0.433760 0.199356 1.756123 0.638837 -0.054567 0.766616 -0.034786
0.433881 0.199490 1.756601 0.638514 -0.057791 0.766282 -0.042093
0.433940 0.199495 1.756903 0.638576 -0.060329 0.765634 -0.048847
0.433915 0.199542 1.757128 0.638684 -0.062516 0.765005 -0.054238
0.433869 0.199566 1.757316 0.638810 -0.064526 0.764428 -0.058385
0.433673 0.199562 1.757807 0.638613 -0.068296 0.763807 -0.064092
0.433617 0.199380 1.758261 0.638662 -0.073718 0.762693 -0.070540
0.433636 0.199145 1.758461 0.638767 -0.078574 0.761604 -0.075916
0.433625 0.198877 1.758586 0.638846 -0.082787 0.760643 -0.080280
0.433484 0.198549 1.758939 0.638718 -0.087402 0.759668 -0.085469
0.433336 0.197961 1.759613 0.638992 -0.093038 0.758010 -0.091950
0.433266 0.197351 1.760109 0.639611 -0.098230 0.756065 -0.098046
0.433234 0.196773 1.760370 0.639953 -0.103483 0.754270 -0.104053
0.433165 0.196218 1.760633 0.639992 -0.108623 0.752684 -0.109894
0.432980 0.195209 1.761327 0.640732 -0.113808 0.750197 -0.117115
0.432861 0.194171 1.761789 0.641661 -0.118625 0.747526 -0.124117
0.432783 0.193224 1.762056 0.642197 -0.123793 0.745044 -0.131028
0.432724 0.192375 1.762249 0.642193 -0.129524 0.742825 -0.137924
0.432595 0.191322 1.762867 0.642977 -0.135317 0.739659 -0.145515
0.432514 0.190325 1.763323 0.643854 -0.140773 0.736409 -0.152762
0.432462 0.189465 1.763629 0.644323 -0.146378 0.733397 -0.159842
0.432432 0.188707 1.763839 0.644480 -0.152172 0.730554 -0.166677
0.432344 0.187927 1.764061 0.644493 -0.158725 0.727489 -0.173766
0.432284 0.187023 1.764203 0.644662 -0.165266 0.724258 -0.180407
0.432273 0.186159 1.764196 0.644579 -0.171793 0.721185 -0.186808
0.432327 0.185332 1.764098 0.644362 -0.178262 0.718153 -0.193071
0.432408 0.184478 1.763944 0.643922 -0.185124 0.714988 -0.199715
0.432504 0.183539 1.763729 0.643521 -0.191948 0.711685 -0.206256
0.432584 0.182630 1.763411 0.643017 -0.198654 0.708427 -0.212596
0.432649 0.181838 1.763043 0.642313 -0.205174 0.705325 -0.218755
0.432676 0.181151 1.762612 0.641354 -0.212108 0.702045 -0.225406
0.432664 0.180555 1.762142 0.640202 -0.219310 0.698613 -0.232344
0.432679 0.180065 1.761691 0.638902 -0.226270 0.695304 -0.239080
0.432695 0.179751 1.761315 0.637454 -0.232870 0.692128 -0.245731
0.432660 0.179672 1.760990 0.636005 -0.239417 0.688622 -0.252937
0.432597 0.179592 1.760799 0.633914 -0.246465 0.685134 -0.260768
0.432551 0.179422 1.760516 0.632054 -0.253159 0.681618 -0.267985
0.432534 0.179270 1.760257 0.630071 -0.259705 0.678217 -0.274928
0.432521 0.179122 1.759944 0.628105 -0.266075 0.674844 -0.281556
0.432395 0.178919 1.759586 0.626061 -0.272792 0.671209 -0.288291
0.432309 0.178646 1.759135 0.624161 -0.279304 0.667560 -0.294578
0.432315 0.178292 1.758619 0.622149 -0.285745 0.664067 -0.300492
0.432334 0.177951 1.758115 0.620089 -0.291997 0.660640 -0.306239
0.432150 0.178034 1.758112 0.617954 -0.297492 0.657470 -0.312029
0.431961 0.178314 1.757997 0.615373 -0.304044 0.653584 -0.318907
0.431771 0.178702 1.758153 0.612401 -0.310210 0.650030 -0.325876
0.431566 0.179102 1.758344 0.609282 -0.316296 0.646474 -0.332871
0.431303 0.179473 1.758474 0.605976 -0.322698 0.642582 -0.340219
0.431023 0.179785 1.758562 0.602646 -0.329115 0.638523 -0.347548
0.430783 0.180058 1.758632 0.599353 -0.335301 0.634525 -0.354581
0.430568 0.180361 1.758728 0.596017 -0.341271 0.630622 -0.361404
0.430123 0.180720 1.758974 0.592836 -0.347103 0.626645 -0.367942
0.429518 0.180954 1.759174 0.589851 -0.353046 0.622371 -0.374283
0.429026 0.181215 1.759441 0.586685 -0.358800 0.618315 -0.380461
0.428564 0.181491 1.759702 0.583348 -0.364525 0.614177 -0.386800
0.428091 0.181884 1.759912 0.580062 -0.370125 0.610050 -0.392906
0.427558 0.182427 1.759803 0.576784 -0.376198 0.605531 -0.398910
0.427146 0.182945 1.759864 0.573250 -0.382004 0.601334 -0.404789
0.426732 0.183504 1.760037 0.569619 -0.387528 0.597168 -0.410787
0.426304 0.184049 1.760188 0.566077 -0.392868 0.593052 -0.416534
0.425805 0.184842 1.760259 0.562481 -0.398349 0.589004 -0.421908
0.425375 0.185549 1.760239 0.558634 -0.404074 0.584872 -0.427289
0.425018 0.185958 1.760181 0.555378 -0.408907 0.581283 -0.431808
0.424644 0.186327 1.760266 0.552935 -0.412479 0.578517 -0.435249
0.423906 0.187162 1.760523 0.551716 -0.415237 0.576769 -0.436492
0.423240 0.187920 1.760574 0.550739 -0.417790 0.575471 -0.437003
0.422677 0.188540 1.760584 0.549940 -0.419859 0.574500 -0.437305
0.422179 0.189083 1.760608 0.549461 -0.421303 0.573906 -0.437296
0.421608 0.190234 1.760605 0.551299 -0.420972 0.576295 -0.432130
0.421015 0.191594 1.760578 0.552612 -0.420866 0.578497 -0.427590
0.420528 0.192834 1.760350 0.553772 -0.420923 0.580423 -0.423402
0.420064 0.193937 1.760155 0.554759 -0.420777 0.581946 -0.420152
0.419003 0.195124 1.759910 0.558878 -0.417050 0.587522 -0.410539
0.417848 0.196609 1.759598 0.562182 -0.414268 0.593061 -0.400766
0.416823 0.198056 1.759272 0.564631 -0.412207 0.597639 -0.392561
0.415924 0.199290 1.758951 0.566547 -0.410526 0.601338 -0.385856
0.414606 0.200484 1.758793 0.570036 -0.406352 0.607993 -0.374541
0.412988 0.202194 1.758535 0.572989 -0.402733 0.615288 -0.361814
0.411539 0.203972 1.758211 0.575024 -0.400114 0.621372 -0.350933
0.410244 0.205548 1.757869 0.576546 -0.398005 0.626263 -0.342025
0.408599 0.206616 1.757754 0.578975 -0.393732 0.633080 -0.330109
0.406423 0.207495 1.757905 0.581408 -0.388383 0.642049 -0.314478
0.404380 0.208571 1.758054 0.583173 -0.383863 0.649299 -0.301608
0.402498 0.209695 1.758241 0.584520 -0.379929 0.654952 -0.291596
0.400462 0.210365 1.758701 0.585523 -0.375689 0.661119 -0.280964
0.397352 0.210862 1.759783 0.586188 -0.369688 0.669697 -0.266868
0.394212 0.212228 1.760849 0.587364 -0.362997 0.676752 -0.255430
0.391312 0.213879 1.761824 0.588316 -0.357046 0.682254 -0.246846
0.388559 0.215300 1.762806 0.589004 -0.351444 0.687375 -0.238907
0.384709 0.216137 1.764275 0.588997 -0.344063 0.695446 -0.225962
0.380866 0.217818 1.765588 0.589701 -0.335834 0.702373 -0.214801
0.377357 0.219777 1.766738 0.590367 -0.328349 0.707911 -0.206189
0.374222 0.221615 1.767779 0.590790 -0.321859 0.712490 -0.199327
0.369881 0.222493 1.769546 0.590069 -0.313049 0.720373 -0.186767
0.365464 0.224090 1.771223 0.589763 -0.303619 0.727485 -0.175391
0.361440 0.226008 1.772698 0.589779 -0.294589 0.733376 -0.165945
0.357903 0.227861 1.773987 0.589590 -0.287025 0.738107 -0.158741
0.353738 0.228641 1.775832 0.588389 -0.278631 0.744386 -0.148497
0.349531 0.229398 1.777754 0.587126 -0.270164 0.750485 -0.138081
0.345793 0.230320 1.779453 0.586457 -0.261727 0.755699 -0.128396
0.342559 0.231206 1.780917 0.585863 -0.254407 0.759981 -0.120294
0.338967 0.231358 1.782907 0.584173 -0.247071 0.765146 -0.110676
0.335029 0.231334 1.785382 0.581829 -0.239702 0.770681 -0.100345
0.331474 0.231601 1.787620 0.580153 -0.232254 0.775403 -0.090729
0.328377 0.231962 1.789546 0.578966 -0.225132 0.779368 -0.081852
0.325268 0.231977 1.791676 0.577266 -0.218333 0.783401 -0.073332
0.321860 0.231522 1.794451 0.574702 -0.211671 0.787911 -0.064104
0.318832 0.231200 1.796975 0.572702 -0.205144 0.791762 -0.055142
0.316220 0.230973 1.799129 0.571292 -0.198674 0.794991 -0.046306
0.313820 0.230687 1.801302 0.569751 -0.192315 0.798102 -0.037832
0.311232 0.229944 1.804583 0.567002 -0.185803 0.801981 -0.028493
0.308936 0.229169 1.807688 0.564622 -0.179852 0.805282 -0.019383
0.306963 0.228483 1.810348 0.562775 -0.174169 0.807983 -0.010542
0.305223 0.227839 1.812712 0.561027 -0.169209 0.810314 -0.002825
0.303423 0.226533 1.815903 0.558246 -0.164342 0.813214 0.006028
0.301927 0.225014 1.818876 0.555817 -0.160056 0.815610 0.015138
0.300688 0.223586 1.821389 0.553933 -0.155926 0.817475 0.024079
0.299643 0.222345 1.823508 0.552264 -0.152561 0.818984 0.031537
0.298506 0.221284 1.826991 0.549138 -0.147659 0.821635 0.039510
0.297532 0.220139 1.830466 0.546083 -0.143367 0.824003 0.047515
0.296710 0.219068 1.833408 0.543555 -0.139515 0.825862 0.055095
0.296014 0.218143 1.835839 0.541358 -0.136532 0.827367 0.061268
0.295433 0.217151 1.838979 0.538685 -0.132528 0.829242 0.067917
0.295148 0.215666 1.842245 0.535954 -0.129417 0.830895 0.074950
0.295016 0.214064 1.844997 0.533600 -0.127344 0.832147 0.081157
0.294953 0.212581 1.847259 0.531593 -0.125920 0.833124 0.086352
0.294862 0.211208 1.850545 0.528961 -0.123206 0.834620 0.091819
