-0.041063 0.373363 1.442705 0.715340 -0.021154 0.698304 0.014571
-0.041419 0.373329 1.442966 0.715198 -0.021517 0.698452 0.013900
-0.041748 0.373333 1.443249 0.715104 -0.021821 0.698552 0.013237
-0.042030 0.373344 1.443490 0.715034 -0.022051 0.698627 0.012676
-0.042257 0.373293 1.443691 0.715001 -0.022224 0.698666 0.011995
-0.042411 0.373062 1.443792 0.714946 -0.022358 0.698728 0.011410
-0.042526 0.372840 1.443850 0.714886 -0.022459 0.698793 0.011021
-0.042615 0.372652 1.443895 0.714827 -0.022538 0.698856 0.010722
-0.042723 0.372482 1.444018 0.714818 -0.022687 0.698860 0.010766
-0.042951 0.372419 1.444293 0.714927 -0.022973 0.698739 0.010735
-0.043206 0.372416 1.444552 0.715031 -0.023148 0.698630 0.010559
-0.043443 0.372428 1.444766 0.715123 -0.023258 0.698535 0.010370
-0.043672 0.372331 1.444865 0.715200 -0.023350 0.698464 0.009516
-0.043930 0.372120 1.444754 0.715212 -0.023238 0.698466 0.008734
-0.044177 0.371940 1.444623 0.715217 -0.023067 0.698474 0.008136
-0.044389 0.371793 1.444511 0.715213 -0.022903 0.698490 0.007656
-0.044536 0.371498 1.444765 0.715271 -0.022656 0.698440 0.007441
-0.044636 0.371152 1.445244 0.715303 -0.022732 0.698408 0.007178
-0.044710 0.370862 1.445675 0.715317 -0.022842 0.698392 0.006938
-0.044765 0.370620 1.446036 0.715321 -0.022945 0.698387 0.006740
-0.044622 0.370403 1.446767 0.715378 -0.022211 0.698348 0.007177
-0.044258 0.370153 1.447633 0.715392 -0.022085 0.698333 0.007563
-0.043853 0.369895 1.448388 0.715389 -0.022184 0.698329 0.007955
-0.043485 0.369651 1.449037 0.715384 -0.022195 0.698329 0.008364
-0.043384 0.369360 1.450140 0.715180 -0.020777 0.698573 0.009041
-0.043466 0.369163 1.451243 0.715020 -0.019683 0.698766 0.009233
-0.043593 0.369028 1.452174 0.714896 -0.018817 0.698916 0.009235
-0.043689 0.368896 1.453004 0.714842 -0.017787 0.698999 0.009202
-0.043356 0.368504 1.454111 0.714843 -0.016396 0.699030 0.009345
-0.042781 0.368002 1.455129 0.714777 -0.015786 0.699107 0.009785
-0.042185 0.367514 1.455988 0.714695 -0.015520 0.699189 0.010272
-0.041643 0.367038 1.456943 0.714513 -0.014604 0.699386 0.010818
-0.041146 0.366405 1.458715 0.713948 -0.012962 0.699988 0.011268
-0.040703 0.365827 1.460365 0.713499 -0.011988 0.700460 0.011505
-0.040319 0.365328 1.461749 0.713134 -0.011344 0.700839 0.011657
-0.039824 0.364805 1.463278 0.712881 -0.009404 0.701125 0.011719
-0.038599 0.363762 1.465548 0.712402 -0.007301 0.701629 0.012163
-0.037153 0.362607 1.467594 0.711954 -0.006464 0.702077 0.012998
-0.035791 0.361531 1.469309 0.711560 -0.006159 0.702461 0.013863
-0.034352 0.360547 1.471363 0.711225 -0.004926 0.702798 0.014502
-0.032297 0.359298 1.474255 0.710896 -0.004768 0.703118 0.015119
-0.030191 0.358004 1.476847 0.710597 -0.005516 0.703396 0.015971
-0.028303 0.356816 1.479010 0.710314 -0.006474 0.703653 0.016830
-0.026565 0.355877 1.481248 0.709710 -0.004531 0.704252 0.017897
-0.024773 0.354926 1.483494 0.708909 -0.002351 0.705036 0.019131
-0.023133 0.353994 1.485383 0.708269 -0.001050 0.705650 0.020312
-0.021724 0.353156 1.486942 0.707752 -0.000242 0.706139 0.021327
-0.020010 0.352362 1.489277 0.706989 0.001642 0.706895 0.021523
-0.017723 0.351220 1.491974 0.706298 0.001863 0.707569 0.022016
-0.015482 0.350012 1.494299 0.705730 0.001302 0.708111 0.022833
-0.013509 0.348898 1.496227 0.705253 0.000527 0.708560 0.023669
-0.011175 0.348077 1.499079 0.704075 0.001946 0.709717 0.024013
-0.008368 0.346951 1.502062 0.703117 0.001644 0.710644 0.024695
-0.005705 0.345743 1.504599 0.702348 0.000661 0.711370 0.025683
-0.003386 0.344629 1.506732 0.701675 -0.000274 0.711997 0.026700
-0.001101 0.343663 1.509500 0.700334 0.000165 0.713270 0.027889
0.001110 0.342629 1.512117 0.699315 -0.000346 0.714228 0.028925
0.003050 0.341653 1.514309 0.698513 -0.001130 0.714972 0.029881
0.004739 0.340822 1.516249 0.697780 -0.001416 0.715658 0.030579
0.007064 0.339788 1.519049 0.696711 -0.000802 0.716698 0.030602
0.009661 0.338406 1.521641 0.695901 -0.001662 0.717452 0.031314
0.012046 0.337034 1.523806 0.695257 -0.002907 0.718031 0.032261
0.014216 0.335915 1.525814 0.694464 -0.002972 0.718751 0.033298
0.017150 0.334892 1.528290 0.693199 -0.001546 0.719902 0.034820
0.020259 0.333535 1.530464 0.692228 -0.001656 0.720734 0.036880
0.023064 0.332177 1.532276 0.691446 -0.002303 0.721374 0.038927
0.025659 0.331037 1.534417 0.690320 -0.001767 0.722383 0.040234
0.029086 0.329519 1.537888 0.688910 -0.001903 0.723690 0.040887
0.032593 0.327646 1.540999 0.687859 -0.003546 0.724609 0.042177
0.035714 0.325829 1.543587 0.687011 -0.005465 0.725317 0.043616
0.038539 0.324403 1.546368 0.685858 -0.004221 0.726380 0.044182
0.041726 0.322788 1.549582 0.684607 -0.002299 0.727557 0.044375
0.044781 0.320984 1.552316 0.683643 -0.001819 0.728416 0.045174
0.047445 0.319281 1.554575 0.682853 -0.001922 0.729097 0.046126
0.050247 0.317913 1.557532 0.681454 0.000687 0.730392 0.046347
0.054048 0.315849 1.561101 0.680106 0.001660 0.731601 0.047047
0.057808 0.313458 1.564139 0.679074 0.001003 0.732459 0.048600
0.061109 0.311189 1.566643 0.678241 -0.000141 0.733117 0.050289
0.064338 0.309521 1.569764 0.677007 0.002292 0.734302 0.049566
0.067994 0.307456 1.572961 0.675977 0.003279 0.735282 0.049031
0.071397 0.305246 1.575635 0.675155 0.003049 0.736017 0.049358
0.074328 0.303195 1.577839 0.674456 0.002390 0.736618 0.049979
0.077476 0.301691 1.580973 0.673380 0.005350 0.737689 0.048420
0.081058 0.299632 1.584031 0.672592 0.005916 0.738457 0.047602
0.084367 0.297444 1.586582 0.671930 0.005417 0.739057 0.047697
0.087217 0.295453 1.588730 0.671334 0.004969 0.739576 0.048116
0.090419 0.293934 1.591754 0.670599 0.007622 0.740370 0.045718
0.093894 0.291892 1.594491 0.670061 0.007947 0.740928 0.044503
0.097050 0.289778 1.596751 0.669557 0.007406 0.741405 0.044250
0.099785 0.287942 1.598734 0.669052 0.007628 0.741859 0.044240
0.103081 0.286629 1.601234 0.668455 0.010119 0.742493 0.042062
0.106532 0.284856 1.603342 0.667974 0.010635 0.742961 0.041335
0.109625 0.283025 1.605059 0.667476 0.010394 0.743404 0.041457
0.112355 0.281531 1.606666 0.666789 0.011697 0.743982 0.041786
0.115656 0.280338 1.608891 0.665647 0.014849 0.744990 0.041042
0.118975 0.278690 1.610839 0.664703 0.015792 0.745806 0.041151
0.121922 0.277012 1.612403 0.663849 0.015984 0.746524 0.041847
0.124615 0.275760 1.613814 0.662837 0.018175 0.747341 0.042401
0.128207 0.274555 1.615541 0.661412 0.021406 0.748490 0.042879
0.131971 0.272610 1.617203 0.660454 0.021368 0.749308 0.043373
0.135345 0.270569 1.618596 0.659707 0.020341 0.749947 0.044191
0.138395 0.269213 1.619792 0.658731 0.022386 0.750709 0.044806
0.142002 0.268139 1.621129 0.657698 0.025202 0.751510 0.045054
0.145788 0.266347 1.622496 0.657055 0.024719 0.752093 0.044988
0.149218 0.264371 1.623679 0.656623 0.023114 0.752507 0.045219
0.152383 0.263142 1.624654 0.655952 0.025192 0.753009 0.045486
0.156063 0.262004 1.625656 0.655462 0.027191 0.753348 0.045796
0.160020 0.260253 1.626486 0.655216 0.027210 0.753476 0.047169
0.163683 0.258300 1.627076 0.655219 0.026348 0.753381 0.049104
0.166960 0.257297 1.628087 0.654392 0.029095 0.753946 0.049898
0.170462 0.256422 1.629559 0.653331 0.030826 0.754821 0.049537
0.174220 0.254920 1.630817 0.652623 0.030743 0.755390 0.050237
0.177717 0.253160 1.631788 0.652294 0.029766 0.755625 0.051543
0.181116 0.252550 1.632437 0.651608 0.032358 0.756122 0.051371
0.184947 0.251725 1.633052 0.651342 0.033685 0.756288 0.051460
0.189105 0.250148 1.633577 0.651370 0.033288 0.756198 0.052667
0.193070 0.248211 1.633971 0.651673 0.031994 0.755871 0.054395
0.196829 0.247837 1.634703 0.651122 0.033626 0.756343 0.053417
0.200803 0.247113 1.635692 0.650750 0.033780 0.756718 0.052539
0.204952 0.245621 1.636591 0.650675 0.032497 0.756822 0.052780
0.208795 0.243974 1.637312 0.650787 0.030831 0.756766 0.053207
0.212824 0.243561 1.637867 0.650481 0.031702 0.757057 0.052280
0.217149 0.242467 1.638443 0.650417 0.031299 0.757125 0.052340
0.221493 0.240621 1.638963 0.650645 0.029630 0.756921 0.053411
0.225465 0.238965 1.639352 0.650936 0.028101 0.756686 0.054037
0.229789 0.238712 1.639451 0.651134 0.029288 0.756498 0.053655
0.234209 0.237775 1.639591 0.651511 0.029280 0.756136 0.054174
0.238233 0.236356 1.639760 0.652057 0.028294 0.755630 0.055176
0.241917 0.235318 1.639929 0.652425 0.027456 0.755363 0.054903
0.246171 0.234639 1.640210 0.652681 0.027126 0.755239 0.053737
0.250167 0.233331 1.640584 0.653126 0.025653 0.754928 0.053418
0.253617 0.231890 1.640967 0.653580 0.023877 0.754591 0.053434
0.256965 0.231115 1.641317 0.653598 0.023014 0.754688 0.052222
0.260836 0.230539 1.641686 0.653310 0.022962 0.755011 0.051152
0.264349 0.229500 1.642058 0.653241 0.022104 0.755118 0.050848
0.267351 0.228382 1.642418 0.653239 0.021014 0.755151 0.050836
0.270498 0.227901 1.642737 0.652907 0.020691 0.755543 0.049385
0.274115 0.227204 1.643120 0.652477 0.020376 0.755985 0.048427
0.277379 0.226087 1.643505 0.652250 0.019349 0.756222 0.048200
0.280163 0.224934 1.643870 0.652100 0.018180 0.756378 0.048253
0.283360 0.224645 1.643863 0.652114 0.017551 0.756490 0.046510
0.286841 0.224306 1.643545 0.652427 0.017236 0.756277 0.045694
0.289891 0.223691 1.643262 0.652790 0.016614 0.755988 0.045506
0.292459 0.223038 1.643060 0.653094 0.015924 0.755739 0.045523
0.295652 0.222695 1.642871 0.653444 0.015965 0.755520 0.044112
0.299163 0.221378 1.642824 0.653945 0.014914 0.755109 0.044106
0.302306 0.219699 1.642878 0.654414 0.013240 0.754699 0.044682
0.304994 0.218120 1.642985 0.654777 0.011551 0.754378 0.045245
0.308246 0.217514 1.643294 0.654828 0.010928 0.754410 0.044114
0.311354 0.216619 1.643762 0.654798 0.009847 0.754483 0.043573
0.314017 0.215624 1.644235 0.654745 0.008601 0.754555 0.043370
0.316324 0.214823 1.644662 0.654648 0.007504 0.754679 0.042886
0.319296 0.214830 1.644853 0.654279 0.008231 0.755092 0.041058
0.322146 0.214373 1.644931 0.654098 0.008489 0.755285 0.040345
0.324615 0.213731 1.645004 0.653992 0.008399 0.755390 0.040116
0.326905 0.213272 1.645132 0.653914 0.008184 0.755488 0.039589
0.329984 0.213170 1.645738 0.653587 0.007866 0.755828 0.038557
0.332803 0.212617 1.646484 0.653176 0.006869 0.756217 0.038065
0.335204 0.211943 1.647185 0.652785 0.005782 0.756573 0.037880
0.337466 0.211523 1.647750 0.652378 0.005122 0.756979 0.036859
0.340297 0.210929 1.648004 0.651999 0.005209 0.757361 0.035691
0.342968 0.209793 1.648143 0.651835 0.004652 0.757509 0.035635
0.345283 0.208577 1.648262 0.651729 0.003906 0.757589 0.035966
0.347773 0.207874 1.648477 0.651707 0.003431 0.757628 0.035585
0.350821 0.207316 1.649078 0.651537 0.002847 0.757803 0.035013
0.353510 0.206455 1.649756 0.651287 0.001790 0.758029 0.034854
0.355779 0.205583 1.650384 0.651026 0.000737 0.758253 0.034890
0.358440 0.205389 1.650899 0.650842 -0.000072 0.758490 0.033135
0.361644 0.205195 1.651345 0.650722 -0.000876 0.758669 0.031307
0.364472 0.204636 1.651749 0.650629 -0.001936 0.758788 0.030310
0.366865 0.204010 1.652108 0.650534 -0.002936 0.758890 0.029730
0.369828 0.203850 1.652483 0.650454 -0.003295 0.758999 0.028629
0.373176 0.203166 1.652915 0.650334 -0.004018 0.759106 0.028421
0.376136 0.202109 1.653317 0.650226 -0.005127 0.759177 0.028794
0.378642 0.201045 1.653678 0.650109 -0.006197 0.759249 0.029330
0.381567 0.200864 1.654139 0.649664 -0.006750 0.759676 0.028006
0.384397 0.200684 1.654649 0.649031 -0.007040 0.760250 0.027003
0.386800 0.200380 1.655083 0.648493 -0.007364 0.760726 0.026433
0.388818 0.200095 1.655441 0.648048 -0.007668 0.761118 0.025995
0.391338 0.200130 1.655382 0.648198 -0.008578 0.761040 0.024137
0.393717 0.199815 1.655169 0.648460 -0.009368 0.760834 0.023335
0.395758 0.199365 1.654961 0.648687 -0.010096 0.760640 0.023010
0.397560 0.198999 1.654773 0.648886 -0.010813 0.760473 0.022584
0.400156 0.199011 1.654246 0.649522 -0.011486 0.759953 0.021491
0.402584 0.198653 1.653639 0.650175 -0.012179 0.759389 0.021275
0.404661 0.198167 1.653106 0.650720 -0.012839 0.758907 0.021397
0.406548 0.197827 1.652664 0.651102 -0.013667 0.758580 0.020897
0.408843 0.197810 1.652163 0.651059 -0.014604 0.758649 0.018942
0.410921 0.197537 1.651561 0.651121 -0.015349 0.758607 0.017908
0.412695 0.197190 1.651000 0.651214 -0.015938 0.758529 0.017355
0.414407 0.197024 1.650499 0.651396 -0.016661 0.758380 0.016317
0.416436 0.197012 1.650207 0.651518 -0.017482 0.758290 0.014646
0.418215 0.196775 1.650054 0.651535 -0.018352 0.758276 0.013541
0.419715 0.196483 1.649964 0.651508 -0.019104 0.758293 0.012796
0.421270 0.196401 1.649681 0.651760 -0.020382 0.758063 0.011541
0.423059 0.196659 1.648777 0.652560 -0.021341 0.757362 0.010608
0.424564 0.196913 1.647782 0.653361 -0.021768 0.756666 0.010136
0.425800 0.197150 1.646902 0.654030 -0.021949 0.756086 0.009847
0.426947 0.197203 1.646087 0.654680 -0.023520 0.755495 0.008322
0.428316 0.195881 1.645388 0.655279 -0.027409 0.754844 0.008267
0.429452 0.194952 1.644741 0.655797 -0.029427 0.754323 0.007747
0.429853 0.195040 1.644493 0.655885 -0.029295 0.754268 0.006019
0.430364 0.195140 1.644474 0.655832 -0.031197 0.754256 0.003093
0.431130 0.195154 1.644196 0.656007 -0.033321 0.754019 0.000543
0.431749 0.195152 1.643926 0.656129 -0.034782 0.753845 -0.001382
0.432135 0.195020 1.643803 0.656126 -0.035901 0.753791 -0.002874
0.432200 0.194975 1.643918 0.656086 -0.038187 0.753692 -0.006438
0.432230 0.194846 1.643951 0.656138 -0.040466 0.753495 -0.009549
0.432252 0.194748 1.643969 0.656171 -0.042384 0.753323 -0.012150
0.432265 0.194678 1.643994 0.656176 -0.044066 0.753183 -0.014383
0.432251 0.194897 1.644299 0.656068 -0.048706 0.752877 -0.019470
0.432318 0.194970 1.644396 0.656076 -0.053069 0.752462 -0.023435
0.432361 0.195052 1.644450 0.656040 -0.056699 0.752115 -0.026836
0.432362 0.195178 1.644561 0.655934 -0.060078 0.751819 -0.030156
0.432241 0.195584 1.645059 0.655930 -0.066642 0.751040 -0.035404
0.432209 0.195912 1.645361 0.656168 -0.072661 0.750064 -0.039603
0.432196 0.196120 1.645547 0.656190 -0.077982 0.749309 -0.043238
0.432126 0.196432 1.645850 0.656102 -0.083012 0.748617 -0.047026
0.431939 0.197272 1.646620 0.656116 -0.091107 0.747370 -0.051488
0.431876 0.198061 1.647245 0.656187 -0.099061 0.745983 -0.055816
0.431844 0.198761 1.647680 0.656064 -0.106057 0.744808 -0.059927
0.431734 0.199519 1.648206 0.655792 -0.112841 0.743670 -0.064484
0.431474 0.200360 1.649110 0.655368 -0.122316 0.742056 -0.069879
0.431304 0.200941 1.650103 0.654310 -0.132860 0.740498 -0.076745
0.431181 0.201376 1.651055 0.653009 -0.142495 0.739119 -0.083538
0.431059 0.201852 1.651773 0.651958 -0.151530 0.737477 -0.090088
0.430907 0.202406 1.652708 0.650313 -0.162903 0.735456 -0.098281
0.430750 0.202907 1.653546 0.648602 -0.173097 0.733573 -0.105938
0.430612 0.203303 1.654226 0.647142 -0.181181 0.732008 -0.112011
0.430376 0.203842 1.654995 0.645683 -0.189942 0.730051 -0.118498
0.429964 0.204398 1.656535 0.642890 -0.201543 0.728066 -0.126460
0.429603 0.204986 1.657666 0.640923 -0.210344 0.726261 -0.132358
0.429212 0.205586 1.658696 0.639239 -0.217172 0.724798 -0.137395
0.428854 0.206062 1.659633 0.637402 -0.225112 0.722822 -0.143429
0.428505 0.206458 1.660774 0.635023 -0.233497 0.720988 -0.149671
0.428237 0.206823 1.661544 0.633368 -0.239797 0.719399 -0.154295
0.427983 0.207142 1.662198 0.632021 -0.244736 0.718105 -0.158051
0.427725 0.207593 1.663069 0.629749 -0.253144 0.715773 -0.164322
0.427409 0.208101 1.664347 0.626802 -0.262234 0.713546 -0.170896
0.427132 0.208600 1.665255 0.624720 -0.269106 0.711631 -0.175751
0.426857 0.209059 1.666070 0.622996 -0.274514 0.710065 -0.179797
0.426542 0.209650 1.667028 0.620587 -0.281830 0.707896 -0.185273
0.426189 0.210225 1.668143 0.617969 -0.288783 0.705977 -0.190565
0.425879 0.210738 1.669065 0.615968 -0.294214 0.704349 -0.194717
0.425590 0.211237 1.669838 0.614401 -0.298526 0.702914 -0.198254
0.425607 0.211906 1.670661 0.611894 -0.305373 0.700768 -0.203117
0.425665 0.212529 1.671394 0.609595 -0.311353 0.698911 -0.207309
0.425682 0.213093 1.672032 0.607725 -0.316100 0.697347 -0.210852
0.425650 0.213594 1.672593 0.606047 -0.320443 0.695753 -0.214361
0.425512 0.214105 1.673128 0.603422 -0.327535 0.693109 -0.219552
0.425370 0.214549 1.673579 0.601116 -0.333644 0.690835 -0.223804
0.425234 0.214926 1.673951 0.599249 -0.338567 0.688921 -0.227290
0.425173 0.215214 1.674257 0.597549 -0.343389 0.686866 -0.230728
0.425196 0.215621 1.674626 0.595226 -0.350180 0.683868 -0.235380
0.425221 0.215957 1.674970 0.593102 -0.356107 0.681300 -0.239265
0.425233 0.216232 1.675278 0.591316 -0.360959 0.679133 -0.242550
0.425232 0.216460 1.675536 0.589509 -0.365854 0.676761 -0.246219
0.425228 0.216713 1.675766 0.587239 -0.371755 0.673890 -0.250640
0.425230 0.216904 1.675953 0.585207 -0.376856 0.671444 -0.254314
0.425229 0.217050 1.676102 0.583498 -0.381074 0.669378 -0.257382
0.425247 0.217204 1.676250 0.581583 -0.385794 0.666897 -0.261096
0.425302 0.217458 1.676469 0.579171 -0.391417 0.664023 -0.265382
0.425347 0.217672 1.676699 0.576982 -0.396263 0.661573 -0.269051
0.425376 0.217859 1.676924 0.575116 -0.400262 0.659502 -0.272194
0.425395 0.218111 1.677238 0.572976 -0.404803 0.657046 -0.275905
0.425426 0.218446 1.677693 0.570678 -0.409611 0.654550 -0.279479
0.425444 0.218734 1.678153 0.568651 -0.413657 0.652434 -0.282586
0.425445 0.218995 1.678595 0.566905 -0.416983 0.650641 -0.285324
0.425391 0.219253 1.678925 0.564604 -0.421492 0.647885 -0.289505
0.425346 0.219596 1.679201 0.561697 -0.426838 0.644747 -0.294290
0.425315 0.219826 1.679470 0.559108 -0.431473 0.642130 -0.298157
0.425286 0.219993 1.679684 0.557194 -0.434975 0.640081 -0.301045
0.425215 0.220184 1.679878 0.554657 -0.439482 0.637309 -0.305037
0.425134 0.220407 1.680040 0.552393 -0.443582 0.634829 -0.308364
0.425066 0.220606 1.680149 0.550486 -0.447018 0.632721 -0.311133
0.425003 0.220805 1.680222 0.548818 -0.449947 0.630882 -0.313584
0.424883 0.221116 1.680307 0.546920 -0.453012 0.629099 -0.316058
0.424756 0.221398 1.680405 0.545124 -0.455830 0.627554 -0.318174
0.424640 0.221638 1.680522 0.543535 -0.458223 0.626241 -0.320037
0.424545 0.221867 1.680644 0.542056 -0.460312 0.625113 -0.321748
0.424509 0.222296 1.680708 0.540626 -0.461989 0.624423 -0.323090
0.424472 0.222690 1.680729 0.539618 -0.463128 0.623973 -0.324009
0.424446 0.223005 1.680713 0.538687 -0.464217 0.623529 -0.324856
0.424373 0.223359 1.680790 0.537748 -0.465070 0.623280 -0.325667
0.424122 0.223800 1.680824 0.537070 -0.465386 0.623752 -0.325429
0.423882 0.224185 1.680809 0.536668 -0.465464 0.624240 -0.325047
0.423677 0.224505 1.680795 0.536257 -0.465593 0.624589 -0.324869
0.423530 0.224850 1.680886 0.535608 -0.465955 0.625120 -0.324397
0.423338 0.225570 1.681136 0.534571 -0.466624 0.625752 -0.323928
0.423084 0.226406 1.681355 0.533754 -0.467028 0.626185 -0.323857
0.422829 0.227194 1.681581 0.533071 -0.467276 0.626500 -0.324018
0.422527 0.227620 1.682020 0.533282 -0.465823 0.628724 -0.321442
0.422139 0.227872 1.682494 0.533809 -0.463172 0.632083 -0.317790
0.421796 0.228178 1.682771 0.534311 -0.460869 0.634809 -0.314848
0.421497 0.228491 1.682960 0.534737 -0.458921 0.637009 -0.312518
0.420849 0.228464 1.683364 0.536042 -0.454793 0.641562 -0.306953
0.419936 0.228610 1.683419 0.537457 -0.449996 0.646538 -0.301052
0.419099 0.229025 1.683212 0.538832 -0.445734 0.650540 -0.296275
0.418358 0.229526 1.682976 0.539988 -0.442098 0.653757 -0.292513
0.417140 0.229587 1.682759 0.543259 -0.435346 0.659572 -0.283388
0.415766 0.229906 1.682107 0.546589 -0.428646 0.664938 -0.274517
0.414535 0.230474 1.681385 0.549385 -0.422885 0.669173 -0.267493
0.413464 0.231087 1.680767 0.551593 -0.418087 0.672529 -0.262017
0.411282 0.231654 1.680414 0.555231 -0.409325 0.678354 -0.252995
0.408837 0.233199 1.679724 0.559235 -0.399927 0.683561 -0.245069
0.406590 0.235097 1.679001 0.562643 -0.391659 0.687640 -0.239137
0.404559 0.236876 1.678399 0.565488 -0.384416 0.691044 -0.234320
0.401466 0.237836 1.677442 0.569219 -0.374398 0.696183 -0.226154
