-0.060786 0.378242 1.463982 0.704586 -0.030699 0.708409 0.027795
-0.060585 0.377979 1.464128 0.704534 -0.030851 0.708469 0.027418
-0.060410 0.377748 1.464241 0.704490 -0.030990 0.708517 0.027161
-0.060269 0.377623 1.464258 0.704566 -0.031058 0.708442 0.027070
-0.060172 0.377797 1.463982 0.704964 -0.030815 0.708060 0.026953
-0.060084 0.377962 1.463714 0.705279 -0.030567 0.707761 0.026869
-0.060007 0.378089 1.463491 0.705517 -0.030372 0.707533 0.026829
-0.059961 0.378135 1.463317 0.705418 -0.030172 0.707649 0.026633
-0.059979 0.378115 1.463084 0.705180 -0.029817 0.707904 0.026535
-0.060024 0.378101 1.462873 0.704996 -0.029490 0.708104 0.026450
-0.060066 0.378097 1.462706 0.704862 -0.029192 0.708252 0.026385
-0.060059 0.378059 1.463068 0.705205 -0.029148 0.707916 0.026292
-0.060053 0.378034 1.463625 0.705503 -0.029405 0.707619 0.026007
-0.060044 0.378014 1.464113 0.705732 -0.029650 0.707389 0.025747
-0.060002 0.378100 1.464452 0.705891 -0.029599 0.707244 0.025459
-0.059737 0.378469 1.464456 0.706025 -0.028971 0.707149 0.025098
-0.059361 0.378719 1.464413 0.706120 -0.028597 0.707072 0.025022
-0.058991 0.378883 1.464377 0.706184 -0.028394 0.707014 0.025071
-0.058515 0.378919 1.464537 0.706068 -0.027553 0.707140 0.025716
-0.057776 0.378752 1.464897 0.705775 -0.026980 0.707415 0.026774
-0.057027 0.378541 1.465222 0.705517 -0.026773 0.707642 0.027777
-0.056364 0.378342 1.465497 0.705314 -0.026679 0.707813 0.028651
-0.055768 0.378286 1.465932 0.705417 -0.025982 0.707706 0.029376
-0.055223 0.378244 1.466397 0.705515 -0.025595 0.707603 0.029864
-0.054753 0.378196 1.466794 0.705575 -0.025372 0.707533 0.030255
-0.054354 0.378174 1.467230 0.705593 -0.024940 0.707508 0.030801
-0.054030 0.378268 1.468011 0.705647 -0.024554 0.707448 0.031244
-0.053768 0.378363 1.468742 0.705705 -0.024372 0.707387 0.031462
-0.053553 0.378437 1.469347 0.705754 -0.024278 0.707335 0.031605
-0.053255 0.378578 1.470544 0.705291 -0.022538 0.707810 0.032586
-0.052720 0.378689 1.472452 0.704597 -0.021171 0.708499 0.033515
-0.052138 0.378710 1.474138 0.704067 -0.020490 0.709011 0.034257
-0.051604 0.378687 1.475534 0.703658 -0.020061 0.709399 0.034890
-0.050490 0.378502 1.477782 0.702482 -0.018552 0.710539 0.036181
-0.048885 0.378020 1.480115 0.701421 -0.018542 0.711508 0.037710
-0.047301 0.377472 1.482085 0.700564 -0.019057 0.712259 0.039177
-0.045848 0.376995 1.483989 0.699596 -0.018748 0.713122 0.040890
-0.043998 0.376496 1.486943 0.698000 -0.017600 0.714584 0.043084
-0.042065 0.375862 1.489654 0.696749 -0.017626 0.715682 0.045053
-0.040335 0.375235 1.491893 0.695772 -0.018036 0.716513 0.046736
-0.038583 0.374655 1.494375 0.694365 -0.018155 0.717734 0.048853
-0.036356 0.373902 1.497288 0.692881 -0.019315 0.718975 0.051169
-0.034200 0.373086 1.499782 0.691725 -0.020916 0.719888 0.053296
-0.032336 0.372340 1.501827 0.690828 -0.022431 0.720568 0.055099
-0.030383 0.371612 1.504828 0.688862 -0.021837 0.722235 0.058057
-0.028320 0.370722 1.507831 0.687208 -0.022377 0.723580 0.060634
-0.026471 0.369868 1.510332 0.685936 -0.023259 0.724575 0.062789
-0.024832 0.369199 1.512711 0.684760 -0.023295 0.725500 0.064893
-0.022742 0.368607 1.516487 0.683358 -0.022906 0.726641 0.066995
-0.020572 0.367826 1.519975 0.682293 -0.023760 0.727443 0.068835
-0.018633 0.367042 1.522851 0.681466 -0.024888 0.728027 0.070430
-0.016689 0.366491 1.525935 0.680438 -0.024409 0.728843 0.072087
-0.014268 0.365781 1.529553 0.679430 -0.024614 0.729619 0.073651
-0.011925 0.364921 1.532648 0.678639 -0.025611 0.730160 0.075222
-0.009890 0.364094 1.535174 0.678022 -0.026759 0.730549 0.076602
-0.007406 0.363610 1.538611 0.676825 -0.024912 0.731527 0.078455
-0.004446 0.362732 1.542060 0.675835 -0.024987 0.732228 0.080406
-0.001674 0.361711 1.544933 0.675047 -0.025823 0.732707 0.082382
0.000782 0.360836 1.547591 0.674272 -0.025519 0.733222 0.084210
0.003739 0.359913 1.551507 0.673108 -0.023745 0.734187 0.085630
0.006771 0.358641 1.555055 0.672209 -0.023775 0.734815 0.087279
0.009467 0.357360 1.557969 0.671500 -0.024400 0.735250 0.088884
0.011985 0.356451 1.561143 0.670676 -0.022156 0.735943 0.089941
0.014847 0.355413 1.564875 0.669800 -0.020005 0.736725 0.090567
0.017561 0.354176 1.568038 0.669114 -0.019272 0.737253 0.091507
0.019908 0.352981 1.570616 0.668572 -0.019150 0.737628 0.092464
0.022642 0.351937 1.574509 0.667544 -0.015320 0.738570 0.093086
0.025848 0.350279 1.578526 0.666696 -0.014168 0.739233 0.094076
0.028838 0.348503 1.581861 0.666035 -0.014211 0.739660 0.095388
0.031515 0.346988 1.584843 0.665431 -0.013125 0.740108 0.096283
0.035104 0.345279 1.588727 0.664573 -0.009898 0.740939 0.096200
0.038944 0.342996 1.592127 0.663914 -0.009232 0.741393 0.097310
0.042396 0.340731 1.594899 0.663387 -0.009535 0.741667 0.098772
0.045650 0.339117 1.598052 0.662307 -0.007160 0.742628 0.099009
0.049447 0.337437 1.601851 0.661070 -0.005095 0.743791 0.098671
0.053053 0.335475 1.605039 0.660137 -0.004714 0.744556 0.099164
0.056163 0.333599 1.607629 0.659415 -0.004993 0.745092 0.099928
0.059785 0.332067 1.611332 0.657646 -0.001197 0.746799 0.098953
0.064090 0.329682 1.614990 0.656239 -0.000183 0.748003 0.099207
0.068092 0.327104 1.617988 0.655166 -0.000585 0.748793 0.100326
0.071622 0.324845 1.620695 0.654116 -0.000292 0.749630 0.100928
0.076093 0.322674 1.624484 0.652528 0.002219 0.751243 0.099176
0.080701 0.319893 1.627755 0.651341 0.002347 0.752294 0.099013
0.084779 0.317120 1.630405 0.650431 0.001535 0.753000 0.099646
0.088713 0.314742 1.633314 0.649202 0.002579 0.754190 0.098626
0.093558 0.311857 1.636782 0.647772 0.003357 0.755646 0.096841
0.098164 0.308637 1.639645 0.646670 0.002505 0.756617 0.096660
0.102114 0.305617 1.641961 0.645792 0.001129 0.757308 0.097139
0.106327 0.303185 1.644759 0.644929 0.002574 0.758357 0.094628
0.110857 0.300401 1.647278 0.644154 0.002744 0.759222 0.092953
0.114906 0.297563 1.649309 0.643496 0.001929 0.759826 0.092591
0.118374 0.295066 1.651224 0.642825 0.001826 0.760433 0.092275
0.122707 0.292520 1.654425 0.641702 0.003115 0.761764 0.089020
0.127334 0.289282 1.657187 0.640737 0.002255 0.762721 0.087791
0.131459 0.286034 1.659401 0.639910 0.000600 0.763411 0.087862
0.135113 0.283460 1.661868 0.638936 0.001389 0.764299 0.087210
0.139298 0.281172 1.664824 0.637618 0.002548 0.765650 0.084945
0.143502 0.278436 1.667216 0.636471 0.002015 0.766646 0.084594
0.147179 0.275755 1.669110 0.635447 0.000892 0.767430 0.085189
0.150619 0.274002 1.671730 0.633720 0.004068 0.768929 0.084442
0.154551 0.271934 1.674601 0.631846 0.004729 0.770667 0.082581
0.158665 0.269301 1.676936 0.630305 0.003629 0.771939 0.082540
0.162359 0.266821 1.678833 0.629006 0.003054 0.772910 0.083378
0.165912 0.265871 1.681205 0.626884 0.005713 0.774862 0.081079
0.169798 0.264561 1.683322 0.624811 0.006695 0.776655 0.079835
0.174051 0.262561 1.684974 0.623150 0.006144 0.777925 0.080493
0.178065 0.260776 1.686497 0.621834 0.007237 0.778927 0.080883
0.182104 0.259474 1.688490 0.620576 0.008959 0.780081 0.079236
0.186477 0.257493 1.690244 0.619515 0.008807 0.780943 0.079072
0.190887 0.254952 1.691581 0.618877 0.007342 0.781332 0.080359
0.195099 0.253720 1.692820 0.618054 0.009067 0.782027 0.079757
0.199518 0.252634 1.694107 0.617272 0.010230 0.782702 0.079043
0.204117 0.250801 1.695162 0.616767 0.009813 0.783034 0.079754
0.208384 0.248830 1.695917 0.616543 0.009059 0.783121 0.080707
0.212887 0.248239 1.696549 0.616235 0.011352 0.783501 0.079065
0.217619 0.246932 1.697202 0.616178 0.011928 0.783582 0.078625
0.222052 0.245058 1.697697 0.616468 0.011190 0.783305 0.079215
0.226168 0.243646 1.698069 0.616586 0.011345 0.783273 0.078589
0.230930 0.242138 1.698543 0.616713 0.011867 0.783260 0.077651
0.235634 0.239777 1.698968 0.617214 0.010628 0.782841 0.078063
0.239748 0.237307 1.699300 0.617870 0.008812 0.782256 0.078958
0.244046 0.236325 1.699394 0.618112 0.008707 0.782301 0.076595
0.248381 0.235531 1.699379 0.618571 0.008807 0.782113 0.074766
0.252107 0.234539 1.699373 0.619134 0.008359 0.781778 0.073664
0.255302 0.233709 1.699366 0.619573 0.007862 0.781568 0.072234
0.259414 0.233608 1.699113 0.619491 0.009302 0.781910 0.069002
0.263485 0.232689 1.698791 0.619886 0.009484 0.781718 0.067593
0.267024 0.231502 1.698521 0.620414 0.009013 0.781359 0.066952
0.270488 0.230770 1.698241 0.620874 0.008785 0.781187 0.064689
0.274784 0.229896 1.698031 0.621614 0.008393 0.780823 0.061973
0.278711 0.228405 1.697932 0.622477 0.006937 0.780261 0.060552
0.282045 0.226861 1.697897 0.623263 0.005284 0.779709 0.059733
0.285803 0.226329 1.697492 0.623737 0.005409 0.779542 0.056891
0.289881 0.225565 1.696762 0.624504 0.005814 0.779030 0.055445
0.293456 0.224482 1.696105 0.625340 0.005591 0.778398 0.054903
0.296538 0.223519 1.695557 0.626073 0.005037 0.777873 0.054044
0.300482 0.223259 1.694738 0.626803 0.004764 0.777513 0.050680
0.304257 0.222407 1.693918 0.627715 0.003955 0.776888 0.049030
0.307487 0.221379 1.693246 0.628553 0.002911 0.776270 0.048145
0.310646 0.220770 1.692652 0.629240 0.002274 0.775823 0.046364
0.314541 0.220137 1.692052 0.630001 0.001911 0.775310 0.044615
0.318061 0.218990 1.691564 0.630773 0.000852 0.774721 0.043961
0.321035 0.217798 1.691195 0.631430 -0.000322 0.774198 0.043736
0.324484 0.217330 1.690519 0.631791 -0.000827 0.774030 0.041447
0.328314 0.216542 1.689346 0.632434 -0.000987 0.773549 0.040599
0.331686 0.215455 1.688224 0.633175 -0.001458 0.772937 0.040688
0.334588 0.214471 1.687275 0.633835 -0.002038 0.772398 0.040623
0.338406 0.213961 1.686082 0.634771 -0.001424 0.771705 0.039174
0.342115 0.212743 1.684934 0.635832 -0.001614 0.770831 0.039172
0.345306 0.211352 1.683988 0.636765 -0.002215 0.770035 0.039655
0.348365 0.210335 1.683248 0.637361 -0.003264 0.769589 0.038659
0.352011 0.209353 1.682597 0.637549 -0.004576 0.769507 0.037002
0.355282 0.208002 1.681983 0.637822 -0.006110 0.769295 0.036479
0.358038 0.206683 1.681474 0.638070 -0.007514 0.769081 0.036404
0.361342 0.205730 1.680743 0.638517 -0.009188 0.768793 0.034180
0.365133 0.203977 1.679772 0.639304 -0.011423 0.768151 0.033258
0.368503 0.201899 1.678895 0.640074 -0.013821 0.767462 0.033392
0.371402 0.200039 1.678160 0.640720 -0.015982 0.766875 0.033539
0.375055 0.198918 1.677230 0.641212 -0.016998 0.766491 0.032415
0.378497 0.197400 1.676208 0.641798 -0.018106 0.765968 0.032550
0.381426 0.195867 1.675308 0.642340 -0.019201 0.765463 0.033125
0.384312 0.194894 1.674385 0.643018 -0.020018 0.764896 0.032598
0.387920 0.194341 1.672999 0.644269 -0.020066 0.763877 0.031722
0.391094 0.193472 1.671693 0.645437 -0.020352 0.762883 0.031715
0.393748 0.192590 1.670610 0.646392 -0.020704 0.762054 0.031970
0.396885 0.192596 1.669435 0.647231 -0.020542 0.761431 0.029892
0.400292 0.192644 1.667955 0.648170 -0.019780 0.760713 0.028300
0.403221 0.192398 1.666575 0.649068 -0.019258 0.759986 0.027584
0.405703 0.192119 1.665403 0.649836 -0.018987 0.759358 0.026977
0.408719 0.191965 1.664172 0.650650 -0.019160 0.758724 0.025019
0.411551 0.191228 1.662999 0.651418 -0.019667 0.758073 0.024345
0.413975 0.190332 1.662004 0.652068 -0.020276 0.757502 0.024239
0.416328 0.189863 1.661072 0.652776 -0.020757 0.756907 0.023325
0.419132 0.190180 1.659936 0.653664 -0.020104 0.756209 0.021630
0.421522 0.190347 1.658874 0.654450 -0.019472 0.755574 0.020587
0.423498 0.190440 1.657985 0.655085 -0.018927 0.755056 0.019907
0.425434 0.190711 1.657000 0.655858 -0.019255 0.754413 0.018457
0.427247 0.191040 1.655794 0.656761 -0.019370 0.753644 0.017624
0.428749 0.191310 1.654696 0.657549 -0.019309 0.752969 0.017179
0.429984 0.191560 1.653788 0.658168 -0.019288 0.752440 0.016665
0.431325 0.191923 1.652958 0.658617 -0.020976 0.752060 0.013791
0.431730 0.192921 1.652681 0.658417 -0.021998 0.752264 0.010114
0.431879 0.194264 1.652568 0.658190 -0.022386 0.752488 0.006866
0.432056 0.195629 1.652584 0.657905 -0.022927 0.752744 0.003618
0.432305 0.197040 1.652605 0.657636 -0.023510 0.752969 0.000144
0.432494 0.198373 1.652589 0.657401 -0.023929 0.753156 -0.002828
0.432625 0.198987 1.652572 0.657258 -0.024766 0.753243 -0.004790
0.432675 0.199065 1.652638 0.657010 -0.026701 0.753374 -0.007233
0.432693 0.199162 1.652510 0.656793 -0.028632 0.753466 -0.009644
0.432719 0.199242 1.652376 0.656510 -0.030379 0.753613 -0.011758
0.432745 0.199272 1.652292 0.656209 -0.031987 0.753777 -0.013641
0.432723 0.199079 1.652401 0.655882 -0.035275 0.753844 -0.017182
0.432728 0.198742 1.652358 0.655748 -0.038121 0.753755 -0.019877
0.432737 0.198342 1.652300 0.655617 -0.040583 0.753680 -0.022034
0.432692 0.197859 1.652367 0.655304 -0.043911 0.753668 -0.025161
0.432626 0.197159 1.652327 0.655053 -0.048523 0.753454 -0.029327
0.432609 0.196368 1.652182 0.654862 -0.052584 0.753211 -0.032603
0.432601 0.195575 1.652032 0.654674 -0.056046 0.753007 -0.035226
0.432473 0.194609 1.651964 0.654358 -0.061769 0.752581 -0.040270
0.432383 0.193418 1.651698 0.654236 -0.068017 0.751860 -0.045331
0.432349 0.192245 1.651424 0.654062 -0.073404 0.751248 -0.049422
0.432321 0.191173 1.651185 0.653853 -0.078012 0.750730 -0.052867
0.432169 0.190029 1.650969 0.653983 -0.084785 0.749454 -0.058627
0.432105 0.188872 1.650626 0.654162 -0.091645 0.748030 -0.064216
0.432080 0.187799 1.650276 0.654209 -0.097619 0.746813 -0.068933
0.432013 0.186852 1.649943 0.654180 -0.103394 0.745600 -0.073735
0.431884 0.185963 1.649443 0.654295 -0.110320 0.743890 -0.079721
0.431860 0.185042 1.648788 0.654306 -0.117444 0.742119 -0.085740
0.431859 0.184500 1.648355 0.653922 -0.123824 0.740702 -0.091731
0.431844 0.184218 1.648150 0.653257 -0.130527 0.739278 -0.098416
0.431829 0.183671 1.647876 0.652767 -0.137790 0.737484 -0.105002
0.431822 0.183066 1.647524 0.652186 -0.145049 0.735632 -0.111620
0.431814 0.182512 1.647146 0.651464 -0.152172 0.733783 -0.118332
0.431723 0.182255 1.646837 0.650813 -0.159939 0.731569 -0.125175
0.431650 0.182080 1.646486 0.650122 -0.167709 0.729281 -0.131772
0.431606 0.181965 1.646108 0.649248 -0.175284 0.727019 -0.138547
0.431591 0.181930 1.645766 0.648206 -0.182936 0.724652 -0.145748
0.431629 0.182040 1.645656 0.647193 -0.191018 0.721829 -0.153674
0.431669 0.182206 1.645536 0.646107 -0.198717 0.719013 -0.161487
0.431705 0.182392 1.645378 0.644856 -0.206172 0.716244 -0.169259
0.431703 0.182713 1.645299 0.643549 -0.213628 0.713381 -0.176901
0.431694 0.183189 1.645284 0.642246 -0.221103 0.710413 -0.184246
0.431707 0.183666 1.645228 0.640763 -0.228401 0.707485 -0.191629
0.431726 0.184115 1.645134 0.639101 -0.235548 0.704589 -0.199050
0.431761 0.184767 1.645336 0.637376 -0.242922 0.701450 -0.206660
0.431831 0.185531 1.645642 0.635552 -0.250099 0.698295 -0.214264
0.431899 0.186277 1.645918 0.633534 -0.257094 0.695184 -0.221937
0.431937 0.186984 1.646186 0.631398 -0.264016 0.692055 -0.229546
0.431893 0.187791 1.646606 0.629438 -0.270995 0.688765 -0.236585
0.431866 0.188563 1.646957 0.627335 -0.277864 0.685470 -0.243666
0.431783 0.189470 1.647182 0.624795 -0.285180 0.681721 -0.252110
0.431663 0.190234 1.647483 0.621887 -0.293120 0.677691 -0.260904
0.431453 0.190903 1.648084 0.618713 -0.301498 0.673356 -0.269973
0.431238 0.191490 1.648670 0.615381 -0.309557 0.669047 -0.279026
0.431057 0.191916 1.649197 0.612508 -0.316196 0.665402 -0.286522
0.430484 0.192520 1.649835 0.609143 -0.323734 0.660922 -0.295507
0.430033 0.192858 1.650283 0.605828 -0.331238 0.656742 -0.303222
0.429655 0.193053 1.650689 0.603028 -0.337289 0.653309 -0.309484
0.429241 0.193400 1.651223 0.600279 -0.342612 0.650071 -0.315737
0.428788 0.193564 1.651527 0.597102 -0.349240 0.646073 -0.322629
0.428350 0.193700 1.651932 0.594551 -0.354195 0.642815 -0.328396
0.427975 0.193899 1.652380 0.592521 -0.357910 0.640276 -0.332967
0.427570 0.194263 1.652766 0.589880 -0.362649 0.637245 -0.338299
0.427078 0.194456 1.652906 0.587095 -0.368074 0.633878 -0.343568
0.426609 0.194769 1.653253 0.584791 -0.372063 0.631203 -0.348096
0.426264 0.195000 1.653545 0.583039 -0.375097 0.629223 -0.351348
0.425625 0.195446 1.653750 0.580699 -0.379112 0.626562 -0.355645
0.424892 0.195938 1.653848 0.578707 -0.382542 0.624172 -0.359400
0.424312 0.196309 1.654006 0.577074 -0.385205 0.622394 -0.362255
0.423751 0.196701 1.654291 0.575467 -0.387567 0.620756 -0.365093
0.422948 0.196930 1.654549 0.573594 -0.390726 0.618754 -0.368058
0.422215 0.197201 1.654959 0.572056 -0.392998 0.617171 -0.370681
0.421632 0.197421 1.655318 0.570893 -0.394680 0.616009 -0.372614
0.420881 0.197670 1.655714 0.569333 -0.396744 0.614475 -0.375332
0.419814 0.197772 1.656042 0.567553 -0.399157 0.612650 -0.378441
0.418961 0.197860 1.656399 0.566178 -0.400896 0.611348 -0.380762
0.418247 0.197974 1.656740 0.565070 -0.402188 0.610333 -0.382667
0.417429 0.198197 1.656938 0.563402 -0.404382 0.608665 -0.385460
0.416647 0.198326 1.656963 0.561889 -0.406530 0.607153 -0.387789
0.416026 0.198384 1.656964 0.560740 -0.408177 0.606036 -0.389465
0.415455 0.198484 1.656966 0.560110 -0.409191 0.605392 -0.390306
0.414571 0.198946 1.656832 0.560436 -0.409473 0.605986 -0.388617
0.413720 0.199532 1.656795 0.560499 -0.409684 0.606546 -0.387430
0.412973 0.200093 1.656836 0.560484 -0.409787 0.606987 -0.386651
0.412196 0.200592 1.656761 0.561557 -0.408719 0.608618 -0.383649
0.411436 0.200995 1.656232 0.563156 -0.407466 0.611268 -0.378389
0.410832 0.201226 1.655562 0.564462 -0.406606 0.613459 -0.373794
0.410359 0.201301 1.654925 0.565478 -0.406002 0.615238 -0.369972
0.409294 0.201281 1.654408 0.567923 -0.403360 0.620042 -0.360987
0.408035 0.201402 1.653905 0.569508 -0.401632 0.624594 -0.352469
0.406876 0.201689 1.653506 0.570807 -0.400056 0.628000 -0.346048
0.405838 0.201838 1.653245 0.572225 -0.398026 0.631664 -0.339314
0.404479 0.201145 1.653130 0.574266 -0.394465 0.638834 -0.326354
0.403100 0.200844 1.653149 0.575816 -0.391403 0.644252 -0.316512
0.401859 0.200777 1.653273 0.576947 -0.388851 0.648325 -0.309194
0.400604 0.200465 1.653394 0.578976 -0.384534 0.654102 -0.298447
0.399024 0.200327 1.653240 0.581628 -0.379036 0.660650 -0.285626
0.397508 0.200667 1.653083 0.583867 -0.374263 0.665439 -0.276076
0.396165 0.201156 1.653011 0.585597 -0.370336 0.669012 -0.268980
0.394190 0.200986 1.653091 0.588781 -0.362993 0.675496 -0.255495
0.391951 0.201117 1.653213 0.591570 -0.356111 0.681012 -0.243828
0.389965 0.201542 1.653414 0.593681 -0.350462 0.685112 -0.235247
0.388206 0.201925 1.653692 0.595569 -0.345042 0.688932 -0.227190
0.386010 0.202042 1.653949 0.598287 -0.336744 0.695162 -0.213086
0.383884 0.202702 1.654134 0.600532 -0.329631 0.699775 -0.202536
0.382020 0.203522 1.654345 0.602234 -0.323828 0.703214 -0.194777
0.379985 0.204050 1.654670 0.604201 -0.316752 0.707322 -0.185216
0.377312 0.204703 1.654794 0.606809 -0.307760 0.711975 -0.173660
0.374895 0.205732 1.654826 0.608995 -0.300143 0.715380 -0.165135
0.372833 0.206765 1.654886 0.610641 -0.294012 0.717943 -0.158848
0.370571 0.207630 1.655723 0.612720 -0.284293 0.722349 -0.148201
0.368250 0.208834 1.656932 0.614382 -0.274708 0.726522 -0.138700
0.366213 0.210112 1.658038 0.615496 -0.267036 0.729706 -0.131858
0.364428 0.211228 1.659108 0.616357 -0.260216 0.732483 -0.125937
0.362308 0.212120 1.661342 0.616631 -0.250863 0.736974 -0.117059
0.360362 0.213129 1.663527 0.616825 -0.242314 0.740854 -0.109296
0.358693 0.214077 1.665367 0.616795 -0.235556 0.743885 -0.103497
0.357028 0.214895 1.667218 0.616985 -0.228209 0.746826 -0.097471
0.355137 0.215774 1.669360 0.617423 -0.219298 0.750024 -0.090338
0.353480 0.216664 1.671190 0.617948 -0.211103 0.752706 -0.083720
0.352091 0.217435 1.672683 0.618207 -0.204675 0.754809 -0.078687
0.350494 0.218178 1.675123 0.618139 -0.195814 0.757849 -0.072291
0.348902 0.218908 1.678029 0.617631 -0.186949 0.761094 -0.065707
0.347534 0.219555 1.680517 0.617061 -0.179654 0.763761 -0.060228
0.346366 0.220103 1.682669 0.616501 -0.173374 0.766020 -0.055506
0.345218 0.220620 1.686207 0.615393 -0.165258 0.769132 -0.049158
0.344210 0.220940 1.689747 0.614013 -0.158620 0.771969 -0.043496
0.343359 0.221149 1.692722 0.612670 -0.153650 0.774269 -0.039192
