0.422905 0.222837 1.672130 0.538838 -0.475342 0.606775 -0.339894
0.422006 0.223429 1.672978 0.540318 -0.472553 0.609480 -0.336581
0.421167 0.224145 1.673709 0.541559 -0.470113 0.611567 -0.334208
0.420012 0.224287 1.674625 0.543601 -0.466338 0.615210 -0.329458
0.418409 0.223853 1.675767 0.546011 -0.461661 0.620118 -0.322791
0.416989 0.223619 1.676729 0.547927 -0.457766 0.624006 -0.317557
0.415770 0.223499 1.677529 0.549414 -0.454587 0.627077 -0.313478
0.414380 0.223078 1.678398 0.551593 -0.450249 0.631209 -0.307566
0.412560 0.222450 1.679343 0.554719 -0.444211 0.636648 -0.299402
0.410924 0.222155 1.680102 0.558272 -0.437808 0.641629 -0.291493
0.409510 0.222032 1.680724 0.561312 -0.432220 0.645717 -0.284894
0.407689 0.221561 1.681577 0.563836 -0.426320 0.650250 -0.278414
0.404975 0.220802 1.682756 0.566282 -0.419007 0.655923 -0.271152
0.402535 0.220498 1.683719 0.569267 -0.411372 0.661098 -0.263928
0.400431 0.220410 1.684521 0.572539 -0.403715 0.665819 -0.256703
0.398160 0.220166 1.685475 0.575344 -0.396296 0.670608 -0.249425
0.395023 0.220063 1.686949 0.577890 -0.387929 0.676073 -0.241825
0.392116 0.220525 1.688320 0.580798 -0.379251 0.680986 -0.234737
0.389576 0.221165 1.689513 0.583944 -0.370569 0.685456 -0.227681
0.386932 0.221510 1.690717 0.586847 -0.361761 0.690025 -0.220465
0.383510 0.221433 1.692153 0.589071 -0.352639 0.695077 -0.213329
0.380474 0.221620 1.693396 0.591556 -0.343592 0.699636 -0.206190
0.377886 0.221879 1.694453 0.594222 -0.334753 0.703768 -0.198875
0.375173 0.221874 1.695498 0.596888 -0.325715 0.707799 -0.191452
0.371307 0.221521 1.697043 0.599155 -0.316189 0.711989 -0.184688
0.367803 0.221532 1.698600 0.601421 -0.306913 0.715770 -0.178243
0.364804 0.221662 1.699976 0.603771 -0.297922 0.719203 -0.171608
0.361968 0.221623 1.701166 0.606100 -0.289062 0.722454 -0.164762
0.358560 0.221286 1.702249 0.608276 -0.280030 0.725690 -0.157976
0.355557 0.221182 1.703177 0.610561 -0.271133 0.728623 -0.151031
0.353023 0.221150 1.703954 0.612905 -0.262463 0.731288 -0.143801
0.350688 0.221016 1.704748 0.615202 -0.253775 0.733920 -0.135963
0.347743 0.220756 1.706270 0.616870 -0.244791 0.736971 -0.128148
0.345040 0.220759 1.707874 0.618383 -0.236068 0.739772 -0.120878
0.342719 0.220847 1.709297 0.619944 -0.227566 0.742287 -0.113545
0.340618 0.220860 1.710591 0.621391 -0.219530 0.744525 -0.106591
0.338140 0.220551 1.712439 0.622648 -0.210948 0.746918 -0.099625
0.335936 0.220249 1.714339 0.623716 -0.202944 0.749110 -0.092874
0.334084 0.219964 1.715997 0.624530 -0.196219 0.750919 -0.087073
0.332411 0.219628 1.717439 0.625329 -0.189899 0.752504 -0.081487
0.330246 0.219007 1.719251 0.626514 -0.181364 0.754399 -0.073963
0.328292 0.218441 1.721081 0.627144 -0.174691 0.755982 -0.068289
0.326643 0.217942 1.722679 0.627472 -0.169583 0.757246 -0.064014
0.325297 0.217567 1.724066 0.627992 -0.164311 0.758351 -0.059416
0.324255 0.217604 1.725835 0.629233 -0.155743 0.759649 -0.052375
0.323358 0.217548 1.727651 0.629852 -0.149345 0.760749 -0.047350
0.322613 0.217421 1.729248 0.630185 -0.144516 0.761633 -0.043545
0.322014 0.217318 1.730681 0.630533 -0.139814 0.762432 -0.039730
0.321531 0.217346 1.733010 0.630787 -0.132520 0.763776 -0.034534
0.321117 0.217073 1.735522 0.630447 -0.127555 0.765048 -0.031121
0.320792 0.216680 1.737754 0.629986 -0.124024 0.766107 -0.028581
0.320602 0.216337 1.739681 0.629703 -0.120566 0.766987 -0.025859
0.321075 0.216214 1.742111 0.629942 -0.114164 0.767920 -0.020967
0.321650 0.215580 1.744625 0.629742 -0.110145 0.768759 -0.017414
0.322206 0.214761 1.746843 0.629438 -0.107519 0.769437 -0.014618
0.322795 0.214040 1.748779 0.629231 -0.105148 0.769980 -0.011872
0.324260 0.214025 1.751652 0.629080 -0.100073 0.770836 -0.007370
0.325656 0.213544 1.754739 0.628399 -0.097094 0.771796 -0.004348
0.326866 0.212858 1.757498 0.627663 -0.095287 0.772629 -0.002025
0.327957 0.212222 1.759868 0.627044 -0.093745 0.773323 0.000072
0.329906 0.212123 1.762485 0.626773 -0.089638 0.774021 0.003473
0.331842 0.211466 1.765058 0.626292 -0.087280 0.774663 0.006156
0.333548 0.210577 1.767314 0.625806 -0.085967 0.775182 0.008383
0.335039 0.209738 1.769239 0.625400 -0.084958 0.775597 0.010281
0.337190 0.209584 1.771416 0.625432 -0.081224 0.775945 0.012171
0.339260 0.208899 1.773706 0.625209 -0.079124 0.776319 0.013475
0.341068 0.207975 1.775763 0.624928 -0.078048 0.776635 0.014546
0.342645 0.207084 1.777524 0.624694 -0.077352 0.776875 0.015499
0.345195 0.207110 1.778987 0.625337 -0.073974 0.776635 0.017871
0.347691 0.206798 1.780273 0.625911 -0.071546 0.776346 0.020064
0.349853 0.206275 1.781391 0.626355 -0.069987 0.776080 0.021933
0.351694 0.205738 1.782364 0.626690 -0.068875 0.775864 0.023481
0.354235 0.205647 1.783543 0.627055 -0.065776 0.775759 0.025959
0.356752 0.204991 1.784761 0.627242 -0.063941 0.775681 0.028239
0.358962 0.204073 1.785860 0.627360 -0.063007 0.775587 0.030240
0.360844 0.203156 1.786820 0.627428 -0.062501 0.775506 0.031901
0.363505 0.203334 1.787596 0.627991 -0.059974 0.775235 0.032258
0.366102 0.203264 1.788316 0.628518 -0.057950 0.774945 0.032683
0.368343 0.202957 1.788966 0.628938 -0.056663 0.774679 0.033145
0.370233 0.202589 1.789549 0.629260 -0.055800 0.774463 0.033548
0.372668 0.202778 1.789789 0.630022 -0.054212 0.773953 0.033625
0.375072 0.202720 1.789815 0.630860 -0.052859 0.773339 0.034195
0.377157 0.202469 1.789813 0.631585 -0.051985 0.772776 0.034856
0.378914 0.202174 1.789832 0.632166 -0.051396 0.772314 0.035440
0.381112 0.202586 1.789263 0.633464 -0.048866 0.771395 0.035847
0.383317 0.202912 1.788349 0.634971 -0.046256 0.770275 0.036704
0.385227 0.203054 1.787498 0.636289 -0.044252 0.769262 0.037588
0.386831 0.203115 1.786798 0.637367 -0.042721 0.768419 0.038325
0.388828 0.203508 1.786067 0.638504 -0.040979 0.767584 0.038045
0.390890 0.203568 1.785328 0.639611 -0.039623 0.766729 0.038137
0.392705 0.203370 1.784703 0.640562 -0.038806 0.765961 0.038433
0.394249 0.203093 1.784209 0.641338 -0.038297 0.765322 0.038742
0.396124 0.203230 1.783422 0.642346 -0.037691 0.764536 0.038177
0.398059 0.203324 1.782333 0.643524 -0.036884 0.763584 0.038141
0.399745 0.203298 1.781308 0.644592 -0.036261 0.762703 0.038356
0.401165 0.203236 1.780443 0.645479 -0.035787 0.761962 0.038595
0.402820 0.203426 1.779752 0.646441 -0.035619 0.761189 0.037898
0.404476 0.203421 1.779305 0.647254 -0.035723 0.760525 0.037256
0.405906 0.203237 1.779008 0.647887 -0.036040 0.759992 0.036824
0.407113 0.203007 1.778806 0.648381 -0.036398 0.759569 0.036509
0.408749 0.203051 1.778434 0.648756 -0.036299 0.759302 0.035481
0.410705 0.202775 1.777683 0.649312 -0.036129 0.758845 0.035238
0.412498 0.202242 1.776891 0.649925 -0.036202 0.758304 0.035523
0.414050 0.201660 1.776199 0.650469 -0.036378 0.757809 0.035940
0.415714 0.201338 1.775279 0.651001 -0.037409 0.757385 0.034138
0.417495 0.200980 1.773945 0.651798 -0.038266 0.756723 0.032643
0.419079 0.200548 1.772637 0.652619 -0.038952 0.756015 0.031826
0.420429 0.200137 1.771500 0.653341 -0.039511 0.755383 0.031315
0.421858 0.199600 1.770617 0.653873 -0.040519 0.754911 0.030306
0.423450 0.198431 1.769994 0.654270 -0.042187 0.754496 0.029786
0.424923 0.197009 1.769532 0.654601 -0.044040 0.754105 0.029740
0.426151 0.195754 1.769193 0.654840 -0.045374 0.753820 0.029688
0.426807 0.196392 1.768659 0.655083 -0.043886 0.753819 0.026386
0.427411 0.197358 1.768009 0.655289 -0.043009 0.753808 0.022793
0.428104 0.197883 1.767233 0.655736 -0.042743 0.753495 0.020715
0.428633 0.197944 1.766756 0.655906 -0.042933 0.753373 0.019314
0.429376 0.197475 1.766642 0.656097 -0.045311 0.753137 0.016405
0.430459 0.196956 1.766265 0.656632 -0.047885 0.752581 0.012715
0.431276 0.196607 1.765929 0.657001 -0.049524 0.752202 0.009442
0.431552 0.196486 1.765842 0.657067 -0.050303 0.752127 0.006079
0.431668 0.196274 1.765876 0.657132 -0.051874 0.751986 0.001864
0.431776 0.196047 1.765863 0.657187 -0.053457 0.751824 -0.002905
0.431854 0.195949 1.765845 0.657197 -0.054688 0.751700 -0.007028
0.431924 0.195909 1.765833 0.657187 -0.055756 0.751590 -0.010462
0.432009 0.195893 1.765997 0.657174 -0.058261 0.751325 -0.015484
0.432149 0.195883 1.766128 0.657244 -0.061235 0.750882 -0.021383
0.432255 0.195930 1.766217 0.657276 -0.063738 0.750483 -0.026485
0.432335 0.195990 1.766295 0.657274 -0.065903 0.750133 -0.030777
0.432406 0.196039 1.766528 0.657142 -0.069767 0.749624 -0.036867
0.432505 0.195987 1.766694 0.657095 -0.074492 0.748836 -0.043823
0.432580 0.195911 1.766794 0.657021 -0.078554 0.748119 -0.049698
0.432634 0.195834 1.766879 0.656947 -0.081979 0.747478 -0.054558
0.432630 0.195815 1.767133 0.656654 -0.087146 0.746651 -0.061024
0.432610 0.195749 1.767352 0.656488 -0.094075 0.745315 -0.068399
0.432620 0.195691 1.767453 0.656308 -0.100072 0.744094 -0.074632
0.432631 0.195593 1.767521 0.656084 -0.105222 0.743040 -0.079838
0.432638 0.195500 1.767667 0.655568 -0.111323 0.741893 -0.086219
0.432661 0.195355 1.767752 0.654823 -0.118955 0.740405 -0.094101
0.432687 0.195183 1.767727 0.654150 -0.125699 0.738979 -0.100978
0.432704 0.194998 1.767673 0.653526 -0.131422 0.737724 -0.106746
0.432667 0.194974 1.767829 0.652696 -0.138051 0.736270 -0.113298
0.432598 0.195105 1.768183 0.651951 -0.146745 0.734091 -0.120569
0.432585 0.195318 1.768451 0.651147 -0.154915 0.731914 -0.127717
0.432581 0.195465 1.768603 0.650256 -0.162320 0.729959 -0.134085
0.432564 0.195648 1.768792 0.649114 -0.169960 0.727923 -0.141038
0.432534 0.195920 1.769025 0.647609 -0.179177 0.725389 -0.149359
0.432530 0.196133 1.769196 0.646047 -0.187903 0.722893 -0.157297
0.432531 0.196312 1.769306 0.644507 -0.195818 0.720511 -0.164712
0.432517 0.196533 1.769455 0.642872 -0.203601 0.718086 -0.172089
0.432489 0.196881 1.769730 0.640938 -0.212822 0.715142 -0.180210
0.432495 0.197151 1.769937 0.638970 -0.221576 0.712251 -0.187933
0.432498 0.197385 1.770088 0.637088 -0.229359 0.709553 -0.195056
0.432496 0.197637 1.770200 0.635048 -0.237038 0.706821 -0.202315
0.432470 0.197983 1.770257 0.632384 -0.246380 0.703481 -0.210951
0.432463 0.198234 1.770234 0.629871 -0.254896 0.700350 -0.218631
0.432458 0.198444 1.770190 0.627699 -0.261992 0.697631 -0.225088
0.432460 0.198650 1.770216 0.625393 -0.268912 0.694893 -0.231720
0.432480 0.198831 1.770322 0.622646 -0.276903 0.691572 -0.239508
0.432502 0.198982 1.770410 0.620291 -0.283580 0.688673 -0.246068
0.432516 0.199124 1.770500 0.618254 -0.289147 0.686185 -0.251606
0.432520 0.199296 1.770600 0.616007 -0.294840 0.683599 -0.257481
0.432488 0.199476 1.770494 0.613115 -0.302281 0.680234 -0.264571
0.432471 0.199564 1.770307 0.610638 -0.308681 0.677311 -0.270346
0.432459 0.199621 1.770128 0.608527 -0.314037 0.674809 -0.275151
0.432431 0.199689 1.769993 0.606470 -0.319162 0.672373 -0.279721
0.432327 0.199895 1.769993 0.604151 -0.325407 0.669400 -0.284632
0.432264 0.200049 1.769978 0.602167 -0.330815 0.666824 -0.288622
0.432216 0.200193 1.770005 0.600438 -0.335320 0.664646 -0.292030
0.432112 0.200339 1.770036 0.598665 -0.339569 0.662546 -0.295510
0.431737 0.200645 1.769899 0.595823 -0.345846 0.659522 -0.300690
0.431413 0.200862 1.769744 0.593152 -0.351682 0.656881 -0.304956
0.431136 0.201031 1.769659 0.590949 -0.356354 0.654757 -0.308359
0.430889 0.201174 1.769624 0.589095 -0.360177 0.652991 -0.311194
0.430665 0.201332 1.769509 0.587355 -0.363922 0.651244 -0.313775
0.430462 0.201487 1.769417 0.585821 -0.367157 0.649788 -0.315889
0.430300 0.201583 1.769338 0.584579 -0.369813 0.648610 -0.317505
0.430100 0.201627 1.769298 0.583539 -0.371955 0.647764 -0.318645
0.429588 0.201565 1.769258 0.581716 -0.375557 0.647326 -0.318641
0.429142 0.201579 1.768973 0.580299 -0.378848 0.646891 -0.318211
0.428825 0.201492 1.768557 0.579195 -0.381812 0.646512 -0.317452
0.428509 0.201339 1.768241 0.578628 -0.383551 0.646756 -0.315885
0.427976 0.200326 1.768805 0.577255 -0.385071 0.649826 -0.310197
0.427503 0.199342 1.769370 0.575679 -0.386950 0.652319 -0.305522
0.427087 0.198497 1.769830 0.574380 -0.388477 0.654311 -0.301747
0.426670 0.197641 1.770248 0.573519 -0.389343 0.656385 -0.297736
0.425368 0.196400 1.771113 0.573195 -0.388107 0.661023 -0.289602
0.424073 0.195645 1.771768 0.572716 -0.387391 0.664667 -0.283095
0.422920 0.195187 1.772243 0.572373 -0.386701 0.667542 -0.277917
0.421847 0.194835 1.772667 0.572273 -0.385708 0.670168 -0.273142
0.419860 0.193813 1.773933 0.572285 -0.383265 0.675326 -0.263692
0.417778 0.193555 1.775266 0.572139 -0.380746 0.679551 -0.256711
0.415866 0.193739 1.776433 0.572037 -0.378310 0.682918 -0.251554
0.414132 0.194039 1.777437 0.572058 -0.375886 0.685811 -0.247230
0.411408 0.193324 1.778748 0.572338 -0.371795 0.690749 -0.238881
0.408820 0.192976 1.779889 0.572407 -0.368238 0.694831 -0.232296
0.406563 0.192903 1.780843 0.572425 -0.365152 0.698114 -0.227226
0.404597 0.192912 1.781655 0.572443 -0.362413 0.700879 -0.223011
0.401618 0.192571 1.782712 0.572722 -0.357808 0.705489 -0.215053
0.398627 0.193179 1.783509 0.573141 -0.352961 0.709436 -0.208873
0.395945 0.194234 1.784114 0.573589 -0.348417 0.712645 -0.204299
0.393603 0.195348 1.784606 0.573990 -0.344375 0.715306 -0.200696
0.390357 0.196109 1.785934 0.574748 -0.338738 0.719342 -0.193572
0.386981 0.197569 1.787570 0.575432 -0.332654 0.723086 -0.188055
0.383935 0.199270 1.789059 0.575886 -0.327227 0.726169 -0.184273
0.381296 0.200886 1.790320 0.576174 -0.322616 0.728692 -0.181524
