-0.048237 0.376171 1.465000 0.703620 -0.016839 0.710357 0.005274
-0.047497 0.376244 1.464939 0.703597 -0.016688 0.710382 0.005510
-0.046797 0.376256 1.464921 0.703564 -0.016599 0.710415 0.005725
-0.045832 0.376099 1.464945 0.703508 -0.016855 0.710462 0.006038
-0.044844 0.375857 1.464981 0.703420 -0.017336 0.710532 0.006600
-0.043992 0.375633 1.465020 0.703325 -0.017767 0.710610 0.007152
-0.043454 0.375601 1.465712 0.703078 -0.017080 0.710869 0.007418
-0.043115 0.375621 1.466558 0.702913 -0.016723 0.711042 0.007267
-0.042871 0.375645 1.467260 0.702790 -0.016499 0.711171 0.007071
-0.042706 0.375963 1.467699 0.702915 -0.015981 0.711065 0.006548
-0.042626 0.376462 1.467994 0.703175 -0.015308 0.710829 0.005780
-0.042566 0.376856 1.468228 0.703378 -0.014814 0.710643 0.005186
-0.042404 0.377143 1.468328 0.703531 -0.014658 0.710498 0.004715
-0.041805 0.377168 1.468078 0.703609 -0.014981 0.710413 0.004902
-0.041123 0.377073 1.467829 0.703623 -0.015414 0.710385 0.005408
-0.040504 0.376989 1.467655 0.703594 -0.015738 0.710403 0.005966
-0.039464 0.377102 1.467881 0.703290 -0.015595 0.710699 0.006851
-0.038207 0.377039 1.468182 0.703020 -0.016043 0.710945 0.007926
-0.037067 0.376914 1.468442 0.702803 -0.016614 0.711134 0.008941
-0.035954 0.377101 1.469057 0.702844 -0.016959 0.711072 0.009927
-0.034795 0.377373 1.469941 0.702982 -0.017709 0.710909 0.010539
-0.033768 0.377546 1.470700 0.703066 -0.018504 0.710797 0.011081
-0.032794 0.377739 1.471586 0.703065 -0.018699 0.710788 0.011455
-0.031582 0.377883 1.472931 0.702961 -0.019098 0.710876 0.011675
-0.030425 0.377897 1.474098 0.702873 -0.019801 0.710937 0.012006
-0.029382 0.377909 1.475116 0.702746 -0.020014 0.711050 0.012493
-0.027765 0.377936 1.476537 0.702367 -0.019405 0.711421 0.013564
-0.025991 0.377721 1.477836 0.702027 -0.019727 0.711722 0.014840
-0.024418 0.377447 1.478893 0.701732 -0.020288 0.711972 0.016016
-0.022123 0.377220 1.480678 0.700722 -0.020152 0.712943 0.017151
-0.019103 0.376520 1.482592 0.699795 -0.021642 0.713763 0.018976
-0.016298 0.375705 1.484179 0.699037 -0.023472 0.714394 0.020902
-0.013669 0.375031 1.486147 0.697329 -0.023142 0.715975 0.024006
-0.010701 0.374123 1.488594 0.695323 -0.023079 0.717794 0.027667
-0.008005 0.373170 1.490643 0.693781 -0.023751 0.719134 0.030819
-0.005686 0.372531 1.492715 0.691893 -0.023812 0.720829 0.033503
-0.002977 0.372271 1.496216 0.689134 -0.023821 0.723366 0.035633
-0.000328 0.371771 1.499349 0.687072 -0.024971 0.725190 0.037514
0.001934 0.371263 1.501906 0.685420 -0.026108 0.726624 0.039159
0.004740 0.371120 1.505110 0.682116 -0.024409 0.729614 0.042259
0.007901 0.370527 1.508017 0.679537 -0.024499 0.731822 0.045447
0.010715 0.369815 1.510370 0.677574 -0.025214 0.733436 0.048259
0.013503 0.369174 1.513792 0.674482 -0.024230 0.736151 0.050688
0.016786 0.368003 1.518008 0.671607 -0.024997 0.738584 0.053040
0.019791 0.366720 1.521516 0.669409 -0.026548 0.740360 0.055255
0.022465 0.365773 1.524935 0.666541 -0.026183 0.742790 0.057441
0.025759 0.364697 1.529229 0.662816 -0.025104 0.745946 0.060079
0.028963 0.363332 1.532854 0.660011 -0.025582 0.748194 0.062741
0.031706 0.362106 1.535916 0.657706 -0.025908 0.750019 0.064989
0.034984 0.360911 1.540673 0.654794 -0.025140 0.752452 0.066558
0.038419 0.359241 1.545076 0.652581 -0.026578 0.754158 0.068389
0.041410 0.357611 1.548629 0.650884 -0.028396 0.755395 0.070152
0.044335 0.356323 1.552637 0.648068 -0.026258 0.757794 0.071180
0.047501 0.354610 1.556531 0.645580 -0.025521 0.759797 0.072687
0.050312 0.352894 1.559683 0.643709 -0.025761 0.761221 0.074281
0.053167 0.351568 1.563200 0.641656 -0.023534 0.763009 0.074445
0.057429 0.349389 1.567871 0.639496 -0.022693 0.764798 0.074930
0.061657 0.346749 1.571804 0.637785 -0.023899 0.766027 0.076558
0.065374 0.344458 1.575201 0.636212 -0.024028 0.767233 0.077524
0.069939 0.342081 1.579590 0.634158 -0.021816 0.769030 0.077198
0.074537 0.339111 1.583408 0.632540 -0.022296 0.770232 0.078351
0.078473 0.336307 1.586468 0.631293 -0.023512 0.771064 0.079846
0.082923 0.334231 1.590134 0.629166 -0.019085 0.773041 0.078698
0.087850 0.331297 1.593559 0.627414 -0.017637 0.774422 0.079436
0.092199 0.328321 1.596325 0.626092 -0.017683 0.775336 0.080932
0.096753 0.326087 1.599241 0.624484 -0.014735 0.776777 0.080127
0.102553 0.323200 1.602353 0.622996 -0.012428 0.778037 0.079871
0.107897 0.319908 1.604895 0.621847 -0.012291 0.778821 0.081193
0.112625 0.317127 1.607319 0.620682 -0.011108 0.779730 0.081561
0.118328 0.314322 1.610790 0.619423 -0.008377 0.780920 0.080058
0.123683 0.311032 1.613727 0.618468 -0.007883 0.781672 0.080151
0.128184 0.307981 1.616114 0.617721 -0.008112 0.782209 0.080646
0.133347 0.305660 1.618666 0.616466 -0.003516 0.783350 0.079497
0.138984 0.302590 1.620824 0.615633 -0.001210 0.783952 0.080090
0.143967 0.299353 1.622567 0.615087 -0.000704 0.784209 0.081756
0.148642 0.296837 1.624676 0.614383 0.002541 0.784888 0.080480
0.153907 0.293980 1.627018 0.613978 0.005549 0.785347 0.078932
0.159325 0.290541 1.628910 0.613846 0.006225 0.785390 0.079471
0.164123 0.287595 1.630704 0.613877 0.006787 0.785502 0.078075
0.168715 0.285287 1.633427 0.613666 0.009848 0.785902 0.075331
0.173671 0.282238 1.635844 0.613399 0.011211 0.786050 0.075771
0.178374 0.279047 1.637838 0.613434 0.010917 0.785957 0.076496
0.182555 0.277773 1.640311 0.613991 0.012498 0.785942 0.071791
0.186906 0.275838 1.643139 0.613986 0.011717 0.786262 0.068386
0.191819 0.272829 1.645215 0.613970 0.010675 0.786199 0.069409
0.196288 0.271675 1.647373 0.614712 0.011826 0.785765 0.067546
0.200199 0.271190 1.650366 0.615120 0.012062 0.785760 0.063738
0.204435 0.269528 1.653309 0.615211 0.010081 0.785891 0.061545
0.208967 0.268433 1.655876 0.615295 0.009137 0.785873 0.061090
0.212776 0.269478 1.659339 0.615105 0.009573 0.786243 0.058110
0.216620 0.269370 1.663044 0.614599 0.008105 0.786825 0.055767
0.220979 0.268251 1.666164 0.614058 0.005856 0.787271 0.055696
0.225121 0.269101 1.669794 0.613198 0.005369 0.788011 0.054767
0.229357 0.269126 1.672687 0.612628 0.003950 0.788500 0.054217
0.233962 0.267644 1.674595 0.612378 0.001427 0.788613 0.055509
0.238791 0.267751 1.676375 0.612152 0.001366 0.788638 0.057607
0.243622 0.267560 1.677729 0.612171 0.000601 0.788512 0.059118
0.248189 0.266211 1.678374 0.612367 -0.001048 0.788169 0.061601
0.252882 0.265759 1.678887 0.612705 -0.000985 0.787645 0.064857
0.258037 0.265788 1.679458 0.612997 -0.001129 0.787210 0.067340
0.262806 0.264654 1.679509 0.613368 -0.002261 0.786647 0.070435
0.267250 0.263448 1.679354 0.613894 -0.002800 0.785895 0.074123
0.272349 0.263056 1.679771 0.613833 -0.003185 0.785616 0.077499
0.276736 0.261961 1.679806 0.613837 -0.004244 0.785284 0.080722
0.280398 0.260512 1.679494 0.614110 -0.005293 0.784732 0.083883
0.285153 0.260788 1.678936 0.614434 -0.004100 0.784069 0.087693
0.289410 0.260675 1.677961 0.615015 -0.003656 0.783275 0.090678
0.292871 0.259928 1.676846 0.615762 -0.003776 0.782370 0.093380
0.296809 0.259820 1.675983 0.615946 -0.002918 0.781795 0.096948
0.300778 0.259608 1.675104 0.615904 -0.002738 0.781456 0.099906
0.304020 0.258744 1.674115 0.616090 -0.003110 0.780963 0.102573
0.307327 0.258200 1.673210 0.614851 -0.002770 0.781406 0.106559
0.311060 0.259160 1.672165 0.612389 -0.001582 0.782873 0.109948
0.313944 0.259730 1.670988 0.610912 -0.000763 0.783723 0.112096
0.316546 0.259917 1.669668 0.609345 -0.000279 0.784625 0.114287
0.320978 0.261358 1.667276 0.607173 -0.000992 0.786193 0.115064
0.324861 0.262094 1.665643 0.605241 -0.002950 0.787794 0.114262
0.327955 0.262051 1.664505 0.604619 -0.005527 0.788524 0.112401
0.331070 0.262091 1.661013 0.603044 -0.006793 0.789812 0.111755
0.333650 0.262463 1.656522 0.602384 -0.007184 0.790516 0.110299
0.335800 0.262458 1.653279 0.601076 -0.008098 0.791795 0.108179
0.337829 0.261659 1.650169 0.599207 -0.007974 0.793213 0.108173
0.339845 0.259992 1.645974 0.598428 -0.005815 0.793401 0.111196
0.341729 0.257990 1.642891 0.597115 -0.002213 0.793687 0.116238
0.343517 0.255725 1.640853 0.594901 0.002562 0.794340 0.122919
0.345434 0.252878 1.637963 0.593171 0.008515 0.794253 0.131292
0.347268 0.249924 1.635799 0.591178 0.014894 0.794159 0.139990
0.348962 0.247065 1.634770 0.588449 0.021332 0.794516 0.148382
0.350890 0.243469 1.633642 0.585520 0.027454 0.794816 0.157100
0.352921 0.239486 1.632859 0.582603 0.033365 0.794976 0.165750
0.354842 0.235707 1.632913 0.579180 0.039205 0.795509 0.173722
0.356680 0.232118 1.633347 0.575323 0.045194 0.796328 0.181169
0.358432 0.228675 1.633914 0.571489 0.051284 0.797114 0.188089
0.360074 0.225568 1.635041 0.567323 0.057440 0.798177 0.194315
0.361724 0.222801 1.636513 0.562777 0.063906 0.799485 0.200052
0.363532 0.220242 1.637669 0.558368 0.070769 0.800615 0.205508
0.365248 0.217877 1.639132 0.553828 0.077648 0.801851 0.210428
0.366891 0.215749 1.641001 0.548974 0.084588 0.803322 0.214817
0.368730 0.213349 1.642378 0.544182 0.091771 0.804580 0.219305
0.370558 0.210867 1.643765 0.539608 0.098857 0.805669 0.223489
0.372304 0.208617 1.645526 0.534806 0.105953 0.806952 0.227124
0.374313 0.206686 1.647475 0.529772 0.113295 0.808348 0.230387
0.376419 0.204738 1.649592 0.524571 0.120605 0.809803 0.233447
0.378384 0.202960 1.651884 0.519673 0.126862 0.811412 0.235491
0.380394 0.201695 1.653657 0.515670 0.132291 0.812849 0.236349
0.382462 0.201037 1.654355 0.512977 0.137187 0.813798 0.236151
0.384133 0.200408 1.654583 0.512548 0.139668 0.814080 0.234648
0.385632 0.199829 1.654640 0.513105 0.141008 0.814095 0.232568
0.387488 0.199511 1.654208 0.512952 0.143648 0.814225 0.230828
0.389051 0.198995 1.653567 0.514405 0.144376 0.813884 0.228330
0.390361 0.198356 1.652997 0.516867 0.143643 0.813299 0.225297
0.392285 0.198137 1.652033 0.518405 0.144425 0.812943 0.222533
0.394083 0.197660 1.650781 0.521019 0.144032 0.812182 0.219440
0.395579 0.197004 1.649729 0.524375 0.142389 0.811243 0.215966
0.397218 0.196788 1.648807 0.526568 0.141440 0.810938 0.212370
0.398825 0.197076 1.647710 0.528473 0.140688 0.810865 0.208379
0.400086 0.197264 1.646769 0.531210 0.138921 0.810479 0.204059
0.401134 0.197404 1.646106 0.533765 0.136771 0.810270 0.199627
0.401838 0.198043 1.645558 0.535303 0.134838 0.810766 0.194752
0.402306 0.198726 1.645064 0.537663 0.132300 0.810843 0.189599
0.402678 0.199204 1.644726 0.540480 0.129264 0.810643 0.184472
0.402372 0.200122 1.645180 0.540474 0.128731 0.811815 0.179643
0.401892 0.201507 1.645740 0.541172 0.127451 0.812786 0.173977
0.401478 0.202687 1.646201 0.542795 0.125288 0.813259 0.168186
0.399603 0.203501 1.646934 0.541890 0.124231 0.815114 0.162824
0.396669 0.205369 1.647079 0.541747 0.123481 0.816603 0.156276
0.394053 0.207394 1.646853 0.543004 0.122182 0.817240 0.149453
0.391069 0.208368 1.646985 0.542801 0.121419 0.818519 0.143705
0.386575 0.208591 1.647376 0.541377 0.121113 0.820484 0.138019
0.382290 0.209787 1.647232 0.541844 0.120210 0.821455 0.131020
0.378579 0.210864 1.646832 0.542994 0.118747 0.821975 0.124149
0.374092 0.209814 1.646656 0.541942 0.115599 0.823924 0.118676
0.369692 0.209446 1.645864 0.543070 0.112265 0.824528 0.112360
0.365456 0.210226 1.644721 0.545449 0.109406 0.824291 0.105170
-0.070353 0.342045 1.457454 0.706990 -0.032851 0.704739 0.049273
-0.069917 0.341985 1.456967 0.707170 -0.033189 0.704538 0.049356
-0.070057 0.342369 1.457025 0.707140 -0.032120 0.704697 0.048209
-0.070449 0.342813 1.457151 0.707206 -0.031036 0.704769 0.046870
-0.070835 0.343190 1.457253 0.707273 -0.030133 0.704815 0.045743
-0.070573 0.343500 1.457048 0.707745 -0.028678 0.704459 0.044850
-0.069679 0.343449 1.456749 0.708004 -0.028017 0.704213 0.045033
-0.068736 0.343277 1.456527 0.708121 -0.027820 0.704072 0.045539
-0.067865 0.343212 1.456412 0.707889 -0.027437 0.704274 0.046258
-0.066939 0.343161 1.456359 0.707419 -0.026979 0.704697 0.047260
-0.066112 0.343066 1.456319 0.707050 -0.026778 0.705012 0.048176
-0.065444 0.343112 1.456307 0.706831 -0.026589 0.705195 0.048817
-0.064985 0.343877 1.456462 0.707074 -0.025987 0.704994 0.048523
-0.064611 0.344556 1.456651 0.707325 -0.025590 0.704783 0.048146
-0.064296 0.345081 1.456813 0.707505 -0.025341 0.704629 0.047881
-0.063533 0.345281 1.457515 0.707085 -0.025430 0.705055 0.047764
-0.062477 0.345213 1.458312 0.706637 -0.026168 0.705450 0.048152
-0.061498 0.345080 1.458972 0.706284 -0.026982 0.705740 0.048639
-0.060505 0.344772 1.459850 0.705434 -0.027139 0.706456 0.050464
-0.059413 0.344300 1.460914 0.704418 -0.027581 0.707287 0.052711
-0.058458 0.343882 1.461787 0.703653 -0.028130 0.707892 0.054489
-0.057508 0.343508 1.462729 0.702814 -0.027821 0.708623 0.055968
-0.055811 0.342784 1.464149 0.701436 -0.027350 0.709841 0.058013
-0.054045 0.341965 1.465373 0.700323 -0.027695 0.710751 0.060102
-0.052500 0.341226 1.466448 0.699369 -0.027801 0.711521 0.062038
-0.050242 0.340005 1.468854 0.697128 -0.025703 0.713423 0.066170
-0.047724 0.338570 1.471153 0.695249 -0.025447 0.714887 0.070138
-0.045517 0.337285 1.473017 0.693807 -0.025746 0.715949 0.073397
-0.043199 0.335899 1.475792 0.691328 -0.023545 0.718118 0.076276
-0.040565 0.334158 1.478849 0.688866 -0.022637 0.720182 0.079301
-0.038228 0.332566 1.481340 0.687000 -0.022576 0.721674 0.081902
-0.035999 0.331145 1.484004 0.684694 -0.020239 0.723592 0.084856
-0.033062 0.329268 1.487391 0.681632 -0.017540 0.726054 0.088972
-0.030261 0.327389 1.490207 0.679287 -0.016525 0.727804 0.092723
-0.027817 0.325753 1.492665 0.677347 -0.015352 0.729239 0.095792
-0.024421 0.323429 1.496328 0.674500 -0.013188 0.731388 0.099743
-0.020882 0.320856 1.499561 0.672223 -0.013252 0.732897 0.103935
-0.017849 0.318579 1.502161 0.670491 -0.013927 0.733962 0.107460
-0.014384 0.316653 1.505663 0.668114 -0.011996 0.735869 0.109442
-0.010446 0.314261 1.509119 0.666049 -0.012228 0.737319 0.112203
-0.006975 0.311994 1.511922 0.664478 -0.013259 0.738307 0.114877
-0.003645 0.310384 1.514833 0.662833 -0.011264 0.739635 0.116039
0.000346 0.308602 1.517984 0.661166 -0.009384 0.740929 0.117457
0.003993 0.306679 1.520574 0.659882 -0.009045 0.741774 0.119355
0.007177 0.305072 1.523020 0.658460 -0.007969 0.742879 0.120411
0.011147 0.303199 1.526430 0.656122 -0.005879 0.744812 0.121353
0.015019 0.300963 1.529329 0.654358 -0.005850 0.746053 0.123233
0.018292 0.298926 1.531681 0.653017 -0.006344 0.746940 0.124932
0.022126 0.297444 1.534935 0.651410 -0.004457 0.748818 0.122134
0.026196 0.295333 1.537908 0.650196 -0.004810 0.750009 0.121282
0.029719 0.293238 1.540321 0.649261 -0.005894 0.750810 0.121283
0.033330 0.291806 1.543128 0.647854 -0.004290 0.752330 0.119445
0.037587 0.289893 1.546119 0.646594 -0.003972 0.753547 0.118610
0.041403 0.287800 1.548580 0.645622 -0.004835 0.754335 0.118864
0.044990 0.286124 1.550852 0.644705 -0.003675 0.755233 0.118177
0.050117 0.283702 1.553350 0.643545 -0.001877 0.756169 0.118551
0.055089 0.280690 1.555459 0.642605 -0.002411 0.756632 0.120671
0.059292 0.278011 1.557262 0.641862 -0.003041 0.756976 0.122438
0.063877 0.276247 1.559903 0.641423 -0.000913 0.757642 0.120643
0.068287 0.273993 1.562254 0.641141 -0.001051 0.757915 0.120419
0.071992 0.271812 1.564175 0.640889 -0.001899 0.758062 0.120834
0.076299 0.270496 1.566498 0.640531 0.000746 0.758703 0.118703
0.081304 0.268487 1.568770 0.640280 0.001671 0.759032 0.117941
0.085704 0.266210 1.570650 0.640048 0.001194 0.759151 0.118436
0.089845 0.264520 1.572779 0.639674 0.002902 0.759543 0.117916
0.095106 0.262703 1.575442 0.639433 0.005177 0.759939 0.116582
0.100042 0.260351 1.577638 0.639228 0.005542 0.760065 0.116866
0.104241 0.258232 1.579594 0.638945 0.006096 0.760221 0.117374
0.108973 0.256727 1.582196 0.638628 0.009453 0.760683 0.115874
0.113953 0.254862 1.584318 0.638474 0.011703 0.760902 0.115076
0.118469 0.252668 1.586030 0.638347 0.012298 0.760917 0.115617
0.122601 0.251651 1.588781 0.637777 0.015562 0.761578 0.114006
0.126862 0.250690 1.591527 0.637417 0.018077 0.762195 0.111504
0.131548 0.249012 1.593752 0.637196 0.018486 0.762425 0.111113
0.136050 0.247787 1.595896 0.636712 0.020050 0.762845 0.110745
0.139828 0.247928 1.598145 0.636132 0.023969 0.763663 0.107608
0.143874 0.247525 1.599974 0.635814 0.026239 0.764097 0.105866
0.148260 0.246535 1.601601 0.635648 0.027386 0.764289 0.105187
0.151943 0.246510 1.603764 0.635274 0.030984 0.764988 0.101294
0.155853 0.245967 1.605673 0.635018 0.032961 0.765454 0.098725
0.160308 0.244465 1.607281 0.634952 0.032832 0.765553 0.098419
0.164132 0.244488 1.609221 0.634997 0.035609 0.765816 0.095063
0.167971 0.244419 1.611076 0.634979 0.037116 0.766105 0.092238
0.172330 0.243325 1.612646 0.634974 0.036712 0.766192 0.091701
0.176528 0.242837 1.614333 0.634903 0.037232 0.766503 0.089356
0.180431 0.243127 1.615969 0.634855 0.038052 0.766927 0.085639
0.184762 0.242447 1.617320 0.634779 0.037441 0.767177 0.084221
0.189382 0.241217 1.618539 0.634505 0.036617 0.767449 0.084168
0.193850 0.240665 1.619535 0.634257 0.036705 0.767773 0.083036
0.198620 0.239312 1.620282 0.634125 0.035671 0.767870 0.083596
0.203723 0.237095 1.620906 0.633960 0.033810 0.767836 0.085908
0.208478 0.235934 1.621845 0.633438 0.033701 0.768237 0.086204
0.213317 0.234374 1.622633 0.633049 0.032739 0.768491 0.087173
0.218457 0.231881 1.623234 0.632763 0.030597 0.768518 0.089746
0.223406 0.230055 1.624166 0.632144 0.030348 0.768823 0.091561
0.228178 0.228464 1.625226 0.631471 0.029919 0.769268 0.092605
0.233181 0.226002 1.626083 0.630937 0.028277 0.769476 0.095001
0.238375 0.223657 1.626936 0.630339 0.026531 0.769718 0.097483
0.243321 0.222673 1.628003 0.629539 0.025736 0.770353 0.097848
0.248324 0.220958 1.628892 0.628878 0.024190 0.770768 0.099213
0.253399 0.218549 1.629613 0.628311 0.021925 0.771011 0.101424
0.258366 0.217332 1.630445 0.627445 0.020691 0.771827 0.100829
0.263389 0.215453 1.631123 0.626747 0.018926 0.772369 0.101377
0.268355 0.212654 1.631604 0.626262 0.016244 0.772533 0.103557
0.273425 0.210962 1.632184 0.625706 0.015350 0.772832 0.104820
0.278549 0.208910 1.632739 0.625154 0.013995 0.773090 0.106386
0.283220 0.206297 1.633126 0.624778 0.011903 0.773072 0.108958
0.287878 0.204941 1.633514 0.624682 0.011451 0.773031 0.109841
0.292928 0.204216 1.634052 0.624644 0.011427 0.773125 0.109395
0.297355 0.202967 1.634486 0.624633 0.010626 0.773072 0.109915
0.301370 0.202013 1.634944 0.624575 0.010208 0.773095 0.110119
0.306041 0.201371 1.635866 0.624182 0.009525 0.773557 0.109160
0.310075 0.200308 1.636668 0.623844 0.008250 0.773857 0.109074
0.313426 0.199312 1.637294 0.623596 0.007205 0.774041 0.109247
0.317869 0.199410 1.637923 0.623465 0.007810 0.774385 0.107505
0.321970 0.198998 1.638429 0.623374 0.007630 0.774567 0.106732
0.325365 0.198402 1.638805 0.623333 0.007246 0.774629 0.106549
0.329114 0.198477 1.639451 0.623230 0.008360 0.774973 0.104560
0.333043 0.198092 1.640456 0.622901 0.008559 0.775490 0.102644
0.336362 0.197343 1.641317 0.622620 0.008160 0.775844 0.101702
0.339565 0.196920 1.641984 0.622509 0.007957 0.776119 0.100295
0.343269 0.196637 1.642584 0.622506 0.007635 0.776358 0.098465
0.346421 0.196028 1.643067 0.622515 0.006979 0.776471 0.097563
0.349110 0.195524 1.643414 0.622582 0.006454 0.776530 0.096699
0.352421 0.195705 1.643330 0.623103 0.006849 0.776440 0.094001
0.355351 0.195527 1.643133 0.623624 0.006970 0.776205 0.092466
0.357760 0.195233 1.642953 0.624058 0.006956 0.775965 0.091557
0.360708 0.195784 1.642887 0.624219 0.008301 0.776054 0.089572
0.363590 0.196222 1.642793 0.624261 0.009531 0.776182 0.088026
0.365977 0.196411 1.642677 0.624325 0.010393 0.776221 0.087127
0.368486 0.196770 1.642668 0.624490 0.011289 0.776227 0.085773
0.371377 0.196804 1.642973 0.624552 0.011556 0.776311 0.084517
0.373839 0.196463 1.643285 0.624559 0.011329 0.776368 0.083963
0.376058 0.196204 1.643545 0.624600 0.011080 0.776428 0.083140
