0.388214 -0.186766 2.022930 0.388818 -0.221017 0.841916 0.301908
0.384154 -0.180603 2.024582 0.386986 -0.217586 0.844850 0.298543
0.380158 -0.174955 2.025594 0.385781 -0.214591 0.847079 0.295940
0.375331 -0.168151 2.026443 0.385111 -0.210932 0.849062 0.293756
0.371102 -0.160831 2.027774 0.383913 -0.207081 0.851788 0.290148
0.367602 -0.154023 2.029086 0.382620 -0.203266 0.854535 0.286454
0.363567 -0.147547 2.029613 0.382197 -0.200230 0.856159 0.284295
0.359537 -0.140502 2.030199 0.381823 -0.196924 0.857983 0.281598
0.356149 -0.133832 2.030931 0.381144 -0.193457 0.860071 0.278534
0.353200 -0.128080 2.031533 0.380537 -0.190541 0.861756 0.276156
0.349358 -0.121392 2.031961 0.380603 -0.187855 0.862183 0.276569
0.345898 -0.113851 2.032874 0.379928 -0.183916 0.863772 0.275187
0.342983 -0.106851 2.033806 0.379022 -0.179888 0.865615 0.273300
0.340070 -0.100567 2.034348 0.378401 -0.177258 0.867091 0.271192
0.336643 -0.093426 2.034871 0.377824 -0.174572 0.868763 0.268375
0.333615 -0.086437 2.035627 0.376824 -0.171248 0.870866 0.265087
0.331025 -0.080354 2.036329 0.375796 -0.168151 0.872823 0.262074
0.327793 -0.074751 2.036549 0.375038 -0.167394 0.873817 0.260328
0.324389 -0.068585 2.036997 0.373895 -0.165847 0.875208 0.258278
0.321424 -0.062826 2.037552 0.372592 -0.163817 0.876825 0.255961
0.318751 -0.057844 2.037971 0.371442 -0.162297 0.878209 0.253848
0.314934 -0.051557 2.038226 0.370459 -0.161118 0.879347 0.252091
0.311256 -0.044336 2.038946 0.368798 -0.158112 0.881457 0.249044
0.308058 -0.037603 2.039691 0.367088 -0.154754 0.883652 0.245883
0.305153 -0.031536 2.040235 0.365862 -0.153016 0.885069 0.243689
0.302090 -0.024402 2.040866 0.364677 -0.150965 0.886453 0.241708
0.299314 -0.017222 2.041583 0.363241 -0.147789 0.888292 0.239063
0.296903 -0.010851 2.042211 0.361873 -0.144581 0.890056 0.236530
0.294246 -0.004442 2.042176 0.361524 -0.143392 0.891135 0.233706
0.291369 0.003162 2.042253 0.360960 -0.140322 0.892772 0.230165
0.288740 0.010470 2.042448 0.360110 -0.136565 0.894645 0.226454
0.286383 0.016862 2.042604 0.359322 -0.133613 0.896187 0.223349
0.283569 0.024035 2.042743 0.358708 -0.131453 0.897180 0.221624
0.280700 0.031737 2.043090 0.357553 -0.127724 0.898855 0.218862
0.278094 0.038784 2.043440 0.356301 -0.123800 0.900590 0.216012
0.275417 0.045246 2.043778 0.355132 -0.121830 0.901938 0.213417
0.271661 0.053173 2.044613 0.353110 -0.119370 0.903952 0.209602
0.267857 0.061225 2.045594 0.350700 -0.115722 0.906410 0.205033
0.264438 0.068401 2.046445 0.348465 -0.112027 0.908682 0.200797
0.261208 0.075093 2.046916 0.347090 -0.110400 0.910024 0.197979
0.257867 0.082087 2.047361 0.345627 -0.107691 0.911589 0.194810
0.254808 0.088493 2.047768 0.344146 -0.104648 0.913180 0.191606
0.252112 0.094038 2.048082 0.342887 -0.102450 0.914431 0.189072
0.248822 0.100573 2.048398 0.341529 -0.100831 0.915478 0.187324
0.245290 0.107719 2.048800 0.339738 -0.097583 0.917099 0.184352
0.242037 0.114324 2.049142 0.337986 -0.094024 0.918735 0.181249
0.239038 0.120643 2.049414 0.336691 -0.091506 0.919915 0.178950
0.235329 0.128411 2.049767 0.335130 -0.087623 0.921457 0.175859
0.231560 0.136187 2.050111 0.333290 -0.082892 0.923281 0.172047
0.228150 0.143102 2.050362 0.331562 -0.078359 0.924961 0.168448
0.224953 0.149821 2.050764 0.330084 -0.076292 0.926200 0.165465
0.221310 0.156798 2.051272 0.328201 -0.073238 0.927763 0.161791
0.217863 0.163163 2.051712 0.326341 -0.069966 0.929303 0.158119
0.214965 0.168719 2.052065 0.324824 -0.067794 0.930491 0.155176
0.212087 0.175098 2.052271 0.323478 -0.066415 0.931445 0.152844
0.208993 0.181814 2.052317 0.321975 -0.063517 0.932672 0.149732
0.206117 0.187961 2.052259 0.320578 -0.060293 0.933857 0.146648
0.203973 0.193838 2.052161 0.319938 -0.058403 0.934669 0.143602
0.201819 0.200340 2.051919 0.319572 -0.055719 0.935503 0.140011
0.199621 0.206497 2.051598 0.319068 -0.052461 0.936394 0.136419
0.197635 0.211876 2.051265 0.318586 -0.049388 0.937185 0.133221
0.196368 0.217751 2.050778 0.318866 -0.048470 0.937543 0.130335
0.194680 0.224290 2.049994 0.318985 -0.045709 0.938107 0.126940
0.192900 0.230466 2.049158 0.318940 -0.042362 0.938729 0.123577
0.191425 0.236170 2.048501 0.318857 -0.039708 0.939262 0.120581
0.189958 0.242914 2.048045 0.318473 -0.036973 0.939954 0.117025
0.188194 0.249612 2.047400 0.317962 -0.033272 0.940726 0.113259
0.186469 0.255612 2.046705 0.317479 -0.029532 0.941418 0.109848
0.185577 0.261501 2.046270 0.317430 -0.027686 0.941904 0.106247
0.184870 0.267721 2.045753 0.317552 -0.025551 0.942368 0.102226
0.184063 0.273394 2.045084 0.317676 -0.022942 0.942776 0.098638
0.183328 0.278321 2.044417 0.317839 -0.020475 0.943093 0.095576
0.183484 0.284360 2.043758 0.318808 -0.018882 0.943245 0.091072
0.183349 0.290727 2.042647 0.319773 -0.015765 0.943401 0.086553
0.183024 0.296573 2.041409 0.320621 -0.012296 0.943516 0.082629
0.182939 0.302038 2.040317 0.321510 -0.009532 0.943550 0.079083
0.183350 0.308317 2.039043 0.322683 -0.006793 0.943518 0.074854
0.183611 0.314283 2.037448 0.323853 -0.003323 0.943418 0.071206
0.183749 0.319532 2.035865 0.324915 0.000104 0.943282 0.068181
0.184653 0.325110 2.034367 0.326545 0.002883 0.942975 0.064476
0.186214 0.331176 2.032155 0.328770 0.006661 0.942430 0.060761
0.187701 0.336679 2.029724 0.330920 0.010699 0.941816 0.057965
0.189009 0.341473 2.027504 0.332820 0.014339 0.941233 0.055724
0.190859 0.346851 2.025896 0.334701 0.016793 0.940789 0.051084
0.192752 0.351728 2.024057 0.336613 0.019512 0.940254 0.047261
0.194452 0.355856 2.022262 0.338379 0.022092 0.939701 0.044413
0.196037 0.359769 2.020935 0.339889 0.024386 0.939209 0.042041
0.197579 0.364236 2.020004 0.341183 0.026742 0.938824 0.038585
0.198876 0.368198 2.018930 0.342396 0.029181 0.938421 0.035779
0.199942 0.371561 2.017887 0.343476 0.031425 0.938035 0.033575
0.201469 0.375387 2.017146 0.344759 0.033028 0.937627 0.030092
0.203547 0.379324 2.015878 0.346423 0.034947 0.937049 0.026631
0.205595 0.382737 2.014358 0.348096 0.037033 0.936412 0.024280
0.207473 0.385743 2.012978 0.349602 0.039052 0.935811 0.022606
0.209946 0.389803 2.012257 0.351073 0.041925 0.935207 0.019424
0.212592 0.393187 2.011276 0.352651 0.044561 0.934538 0.017053
0.215060 0.395874 2.010263 0.354134 0.046772 0.933895 0.015538
0.217641 0.398695 2.009606 0.355655 0.048042 0.933286 0.013343
0.220816 0.402267 2.008854 0.357563 0.048950 0.932557 0.009513
0.223824 0.405374 2.007701 0.359464 0.050247 0.931780 0.006881
0.226447 0.407994 2.006499 0.361178 0.051592 0.931055 0.005019
0.229649 0.411423 2.005668 0.363496 0.052852 0.930094 0.001274
0.233311 0.414588 2.004529 0.366146 0.054251 0.928972 -0.002386
0.236764 0.417056 2.003276 0.368592 0.055506 0.927920 -0.004761
0.239941 0.419187 2.002203 0.370797 0.056436 0.926975 -0.006461
0.244227 0.422244 2.001240 0.373756 0.056464 0.925752 -0.010087
0.248649 0.424738 1.999723 0.376755 0.056879 0.924482 -0.012352
0.252674 0.426711 1.998124 0.379476 0.057418 0.923317 -0.013671
0.256744 0.428914 1.996813 0.381923 0.058004 0.922260 -0.014416
0.261795 0.431288 1.995085 0.384614 0.058895 0.921080 -0.014671
0.266793 0.433040 1.993026 0.387299 0.059838 0.919904 -0.013972
0.271259 0.434345 1.991063 0.389711 0.060688 0.918844 -0.012998
0.276506 0.436520 1.989662 0.392850 0.060563 0.917490 -0.014574
0.282261 0.438100 1.988002 0.396230 0.060271 0.916034 -0.015866
0.287643 0.438995 1.986335 0.399315 0.059920 0.914711 -0.016131
0.292565 0.439738 1.984971 0.402097 0.059321 0.913530 -0.016166
0.298826 0.441002 1.983604 0.405651 0.057495 0.912044 -0.017792
0.305325 0.441499 1.981650 0.409249 0.056007 0.910528 -0.017825
0.311283 0.441558 1.979672 0.412505 0.054785 0.909145 -0.017097
0.317088 0.442189 1.978193 0.415495 0.053296 0.907871 -0.017165
0.323479 0.443113 1.976430 0.418736 0.051804 0.906449 -0.018061
0.329491 0.443568 1.974368 0.421802 0.050772 0.905089 -0.017864
0.334732 0.443781 1.972409 0.424485 0.050045 0.903886 -0.017285
0.340246 0.444661 1.970986 0.427113 0.048396 0.902704 -0.018916
0.345989 0.445012 1.969141 0.429865 0.046895 0.901456 -0.019860
0.351282 0.444959 1.967249 0.432382 0.045702 0.900313 -0.019840
0.356055 0.445041 1.965734 0.434492 0.044510 0.899359 -0.019713
0.361383 0.446009 1.964299 0.436673 0.042774 0.898344 -0.021559
0.366570 0.446625 1.962269 0.438923 0.041784 0.897280 -0.022135
0.371190 0.447034 1.960176 0.440977 0.041253 0.896299 -0.022054
0.375587 0.447699 1.958662 0.442651 0.040430 0.895497 -0.022609
0.380617 0.447841 1.957097 0.444445 0.039030 0.894651 -0.023348
0.385589 0.447357 1.955394 0.446226 0.037748 0.893832 -0.022843
0.390078 0.446611 1.953827 0.447818 0.036631 0.893107 -0.021851
0.394477 0.446601 1.952642 0.449400 0.035275 0.892367 -0.021817
0.398749 0.446709 1.950771 0.451149 0.034570 0.891517 -0.021620
0.402553 0.446858 1.948693 0.452792 0.034430 0.890704 -0.020989
0.405723 0.447122 1.946913 0.454077 0.034702 0.890061 -0.020036
0.408271 0.447601 1.945721 0.454836 0.034981 0.889671 -0.019675
0.410424 0.448080 1.944512 0.455514 0.035485 0.889313 -0.019255
0.412195 0.448553 1.943387 0.456082 0.036112 0.889006 -0.018822
0.413638 0.449159 1.942625 0.456568 0.036344 0.888740 -0.019149
0.414969 0.449863 1.941775 0.457119 0.036179 0.888445 -0.019959
0.416643 0.449333 1.941673 0.457702 0.033351 0.888268 -0.019414
0.417995 0.448796 1.941732 0.458004 0.031972 0.888159 -0.019600
0.418446 0.449077 1.941745 0.458213 0.032035 0.887990 -0.022076
0.418905 0.449357 1.941559 0.458414 0.032485 0.887854 -0.022730
0.419412 0.449490 1.941356 0.458621 0.032664 0.887733 -0.023053
0.419883 0.449515 1.941229 0.458843 0.032491 0.887613 -0.023482
0.420401 0.449615 1.940905 0.459128 0.032737 0.887456 -0.023483
0.420919 0.449537 1.940698 0.459304 0.032684 0.887375 -0.023179
0.421350 0.449465 1.940529 0.459388 0.032807 0.887332 -0.022977
0.421433 0.449225 1.940342 0.459612 0.032987 0.887227 -0.022288
0.421482 0.448946 1.939980 0.459888 0.032770 0.887125 -0.020958
0.421554 0.448717 1.939635 0.460075 0.032646 0.887058 -0.019856
0.421581 0.448507 1.939349 0.460210 0.032625 0.887008 -0.018963
0.421019 0.447824 1.938911 0.460553 0.032539 0.886872 -0.017019
0.420672 0.447290 1.938262 0.460896 0.032290 0.886741 -0.014952
0.420414 0.446803 1.937738 0.461103 0.032069 0.886668 -0.013276
0.419706 0.446120 1.937362 0.461210 0.031918 0.886640 -0.011665
0.418022 0.445201 1.937235 0.461282 0.031423 0.886666 -0.007467
0.416407 0.444562 1.937198 0.461332 0.030997 0.886677 -0.004058
0.415127 0.443938 1.937220 0.461415 0.030378 0.886664 -0.001335
0.412862 0.442668 1.937227 0.461100 0.029703 0.886851 0.000876
0.410156 0.441486 1.937271 0.460706 0.029557 0.887049 0.004465
0.407788 0.440477 1.937381 0.460596 0.029269 0.887096 0.007473
0.405835 0.439516 1.937406 0.460500 0.028903 0.887133 0.009967
0.402641 0.438047 1.937202 0.460185 0.027665 0.887302 0.012632
0.399597 0.436407 1.937120 0.459852 0.026853 0.887445 0.016028
0.396969 0.435041 1.937055 0.459479 0.026633 0.887576 0.019474
0.394229 0.433730 1.936939 0.459131 0.025877 0.887723 0.021826
0.390660 0.432072 1.936926 0.458877 0.024498 0.887800 0.025342
0.387245 0.430311 1.937012 0.458539 0.023620 0.887903 0.028499
0.384301 0.428610 1.937080 0.458098 0.023119 0.888025 0.031960
0.380749 0.426880 1.937086 0.457826 0.021833 0.888107 0.034424
0.376922 0.424994 1.937137 0.457899 0.020419 0.887971 0.037689
0.373420 0.423140 1.937119 0.457725 0.019550 0.887929 0.041073
0.370227 0.421312 1.937059 0.457326 0.018542 0.888037 0.043581
0.366242 0.419362 1.936923 0.457263 0.016975 0.887949 0.046574
0.362617 0.417258 1.936712 0.457240 0.015833 0.887788 0.050131
0.359363 0.415271 1.936404 0.456908 0.014914 0.887791 0.053280
0.356029 0.413166 1.936182 0.456574 0.013501 0.887861 0.055332
0.352403 0.410889 1.935777 0.456733 0.012217 0.887564 0.058955
0.349222 0.408687 1.935246 0.456587 0.011054 0.887441 0.062092
0.346430 0.406645 1.934793 0.456302 0.009804 0.887429 0.064510
0.343218 0.404192 1.934430 0.456195 0.008277 0.887407 0.065769
0.340228 0.401669 1.933829 0.456024 0.007002 0.887343 0.067944
0.337539 0.399364 1.933258 0.455703 0.005623 0.887392 0.069559
0.335142 0.397251 1.932817 0.455373 0.004195 0.887501 0.070422
0.331940 0.394540 1.932239 0.455318 0.002649 0.887420 0.071859
0.329684 0.391495 1.931685 0.455651 0.000908 0.887077 0.074009
0.327867 0.388200 1.932612 0.455799 -0.000879 0.886894 0.075278
0.325542 0.384407 1.934634 0.456254 -0.003378 0.886634 0.075510
0.322872 0.379361 1.937294 0.457488 -0.007965 0.886046 0.074580
0.319972 0.375577 1.939224 0.457849 -0.010921 0.885873 0.074046
0.317308 0.372805 1.940650 0.457946 -0.012862 0.885819 0.073786
0.314359 0.369919 1.941627 0.458054 -0.013982 0.885760 0.073618
0.311854 0.367111 1.942230 0.458170 -0.014701 0.885613 0.074528
0.309583 0.364590 1.942769 0.458089 -0.015337 0.885546 0.075683
0.307381 0.362151 1.943305 0.457928 -0.016374 0.885612 0.075672
0.304439 0.359079 1.943726 0.457901 -0.017294 0.885631 0.075402
0.301902 0.356208 1.944031 0.457820 -0.017957 0.885580 0.076331
0.299583 0.353508 1.944336 0.457587 -0.018748 0.885591 0.077399
0.296907 0.350348 1.944709 0.457431 -0.020411 0.885800 0.075492
0.294247 0.346828 1.944948 0.457298 -0.021550 0.885917 0.074605
0.291945 0.343643 1.945118 0.456906 -0.022401 0.886075 0.074869
0.289821 0.340657 1.945313 0.456363 -0.023494 0.886301 0.075174
0.286866 0.336804 1.945599 0.456045 -0.025317 0.886640 0.072468
0.284155 0.332853 1.945732 0.455612 -0.025891 0.886821 0.072781
0.281865 0.329217 1.945736 0.454963 -0.026475 0.887061 0.073685
0.279570 0.325673 1.945808 0.454257 -0.027699 0.887397 0.073551
0.276702 0.321468 1.945887 0.453869 -0.029121 0.887618 0.072729
0.274125 0.317262 1.945931 0.453440 -0.030038 0.887748 0.073441
0.271744 0.313210 1.946023 0.452943 -0.030807 0.887886 0.074507
0.269480 0.309187 1.946010 0.452443 -0.031851 0.888050 0.075152
0.267050 0.304844 1.946015 0.451837 -0.033100 0.888243 0.075982
0.264840 0.300705 1.946080 0.451148 -0.034081 0.888447 0.077234
0.262894 0.296930 1.946172 0.450593 -0.034861 0.888595 0.078424
0.260694 0.292608 1.946143 0.449967 -0.036161 0.888735 0.079821
0.258608 0.288340 1.946142 0.449278 -0.037456 0.888909 0.081159
0.256778 0.284401 1.946169 0.448634 -0.038498 0.889062 0.082543
0.255053 0.280631 1.946250 0.448021 -0.039368 0.889180 0.084180
0.253108 0.276544 1.946542 0.447577 -0.040484 0.889167 0.086129
0.251368 0.272605 1.946853 0.447260 -0.041504 0.889095 0.088016
0.249843 0.268880 1.947134 0.446965 -0.042385 0.889026 0.089778
0.248128 0.264821 1.947420 0.446605 -0.043463 0.888924 0.092030
0.246226 0.260289 1.947782 0.446363 -0.045000 0.888746 0.094155
0.244593 0.255938 1.948096 0.446199 -0.046408 0.888543 0.096151
0.243181 0.251805 1.948351 0.446025 -0.047674 0.888362 0.097988
0.241477 0.246942 1.948532 0.445763 -0.049484 0.888117 0.100472
0.239897 0.242003 1.948678 0.445600 -0.051478 0.887852 0.102514
0.238570 0.237318 1.948755 0.445446 -0.053306 0.887607 0.104359
0.237291 0.232636 1.948817 0.445238 -0.055035 0.887338 0.106611
0.235711 0.227080 1.948960 0.445081 -0.057450 0.886940 0.109267
0.234403 0.221640 1.949008 0.445040 -0.059840 0.886517 0.111564
0.233348 0.216517 1.948952 0.445011 -0.062010 0.886122 0.113615
0.232187 0.211073 1.949006 0.445008 -0.064238 0.885600 0.116422
0.231027 0.205087 1.949155 0.445232 -0.066897 0.884937 0.119087
0.230162 0.199393 1.949136 0.445563 -0.069362 0.884276 0.121317
0.229499 0.194097 1.948985 0.445927 -0.071479 0.883646 0.123327
0.228487 0.187978 1.948671 0.446587 -0.074027 0.882680 0.126314
0.227767 0.181872 1.948267 0.448199 -0.076223 0.881336 0.128667
0.227396 0.176368 1.947684 0.450065 -0.077785 0.879976 0.130509
0.227135 0.171298 1.947032 0.452050 -0.078745 0.878591 0.132389
0.226824 0.166101 1.946411 0.454538 -0.079519 0.877026 0.133788
0.226684 0.161377 1.945697 0.456944 -0.079782 0.875580 0.134893
0.226654 0.157419 1.944979 0.459257 -0.079622 0.874451 0.134461
0.226319 0.153506 1.944341 0.461383 -0.079582 0.873499 0.133384
0.226000 0.149268 1.943693 0.463893 -0.079592 0.872457 0.131478
0.225887 0.145559 1.942965 0.466015 -0.079259 0.871721 0.129037
0.225880 0.142344 1.942196 0.467753 -0.078610 0.871241 0.126363
0.225752 0.139242 1.941537 0.469551 -0.077614 0.870803 0.123284
0.225712 0.136387 1.940819 0.471079 -0.076374 0.870524 0.120163
0.225854 0.133802 1.939985 0.472481 -0.074945 0.870351 0.116770
0.225966 0.131261 1.939080 0.473582 -0.073579 0.870307 0.113457
0.225978 0.128442 1.938044 0.474843 -0.072230 0.870199 0.109824
0.226160 0.125824 1.936888 0.475785 -0.070925 0.870235 0.106257
0.226562 0.123485 1.935572 0.476385 -0.070186 0.870433 0.102365
0.226921 0.121094 1.934359 0.476772 -0.069998 0.870832 0.097157
0.227286 0.118804 1.933190 0.477073 -0.069829 0.871239 0.092022
0.227674 0.116942 1.932092 0.477348 -0.069641 0.871498 0.088211
0.228006 0.115416 1.931160 0.477603 -0.069578 0.871673 0.085094
0.228251 0.114086 1.930280 0.477789 -0.069638 0.871909 0.081500
0.228458 0.113046 1.929492 0.477997 -0.069573 0.872042 0.078872
0.228632 0.112192 1.928810 0.478210 -0.069576 0.872108 0.076826
0.228682 0.111455 1.928253 0.478381 -0.069652 0.872237 0.074179
0.228541 0.110909 1.927834 0.478620 -0.069240 0.872411 0.070908
0.228472 0.110508 1.927422 0.478948 -0.068656 0.872441 0.068858
0.228467 0.110138 1.927038 0.479273 -0.068206 0.872406 0.067469
0.228484 0.109708 1.926713 0.479583 -0.067799 0.872395 0.065797
0.228518 0.109272 1.926397 0.479947 -0.067365 0.872327 0.064493
0.228564 0.108880 1.926096 0.480275 -0.067080 0.872242 0.063476
0.228592 0.108560 1.925833 0.480495 -0.066899 0.872209 0.062447
0.228556 0.108554 1.925432 0.480287 -0.066638 0.872460 0.060799
0.228549 0.108600 1.924983 0.480148 -0.066402 0.872613 0.059967
0.228564 0.108609 1.924574 0.480071 -0.066278 0.872703 0.059402
0.228500 0.108684 1.924230 0.479842 -0.066137 0.872902 0.058486
