0.287835 0.212406 1.846168 0.489937 -0.149280 0.851375 0.113308
0.287714 0.211062 1.848390 0.488245 -0.148489 0.852083 0.116287
0.287584 0.210485 1.851824 0.486181 -0.144530 0.853071 0.122505
0.287248 0.210027 1.855433 0.483699 -0.141725 0.854354 0.126602
0.286871 0.209635 1.858517 0.481464 -0.139669 0.855484 0.129738
0.286528 0.209339 1.861073 0.479544 -0.138060 0.856443 0.132222
0.286965 0.209235 1.864344 0.477732 -0.134180 0.857330 0.136942
0.287829 0.208362 1.867462 0.476040 -0.132095 0.857965 0.140825
0.288745 0.207125 1.870055 0.474684 -0.131130 0.858284 0.144324
0.289602 0.205878 1.872182 0.473583 -0.130676 0.858448 0.147346
0.291285 0.205467 1.875287 0.472649 -0.126748 0.858739 0.152006
0.293089 0.204536 1.878461 0.471646 -0.124356 0.859037 0.155374
0.294707 0.203287 1.881181 0.470819 -0.123138 0.859137 0.158272
0.296114 0.202042 1.883450 0.470141 -0.122483 0.859145 0.160731
0.298278 0.201039 1.886611 0.469740 -0.120667 0.859005 0.163995
0.300463 0.199240 1.889873 0.469308 -0.120599 0.858794 0.166368
0.302402 0.197144 1.892702 0.468989 -0.121401 0.858443 0.168481
0.304077 0.195143 1.895071 0.468749 -0.122422 0.858067 0.170318
0.306464 0.194220 1.898762 0.467829 -0.121225 0.858223 0.172900
0.308680 0.192952 1.902560 0.466665 -0.120964 0.858589 0.174400
0.310560 0.191474 1.905849 0.465679 -0.121356 0.858806 0.175694
0.312151 0.190067 1.908617 0.464857 -0.121916 0.858938 0.176831
0.314846 0.188926 1.911811 0.463882 -0.120678 0.859151 0.179192
0.317870 0.186801 1.914630 0.463232 -0.120705 0.858940 0.181850
0.320665 0.184278 1.916941 0.462890 -0.121577 0.858421 0.184569
0.323105 0.181838 1.918852 0.462683 -0.122683 0.857840 0.187042
0.326409 0.179875 1.921526 0.462101 -0.123053 0.857538 0.189603
0.329726 0.177316 1.924012 0.461628 -0.124235 0.857078 0.192051
0.332658 0.174587 1.926083 0.461357 -0.125853 0.856449 0.194437
0.335161 0.172068 1.927815 0.461170 -0.127437 0.855828 0.196570
0.338033 0.170504 1.930389 0.460232 -0.127155 0.855962 0.198361
0.340631 0.168813 1.932902 0.459212 -0.127225 0.856197 0.199664
0.342828 0.167097 1.935052 0.458385 -0.127657 0.856295 0.200863
0.344680 0.165558 1.936867 0.457707 -0.128137 0.856336 0.201924
0.347465 0.164497 1.939225 0.456925 -0.127580 0.856614 0.202868
0.350292 0.162833 1.941337 0.456351 -0.127715 0.856623 0.204031
0.352800 0.160918 1.943081 0.456005 -0.128374 0.856395 0.205347
0.354966 0.159099 1.944541 0.455766 -0.129151 0.856108 0.206581
0.358084 0.158078 1.946619 0.455139 -0.128719 0.856361 0.207182
0.361150 0.156693 1.948447 0.454649 -0.128583 0.856442 0.208010
0.363833 0.155131 1.949938 0.454357 -0.128855 0.856314 0.209006
0.366132 0.153667 1.951187 0.454156 -0.129203 0.856128 0.209982
0.369461 0.152724 1.952974 0.453736 -0.127515 0.856292 0.211252
0.372801 0.151035 1.954514 0.453531 -0.126639 0.856125 0.212888
0.375757 0.149010 1.955766 0.453523 -0.126544 0.855706 0.214640
0.378301 0.147041 1.956822 0.453574 -0.126783 0.855248 0.216213
0.381649 0.145518 1.958327 0.453464 -0.126714 0.855196 0.216687
0.384853 0.143558 1.959625 0.453490 -0.127076 0.854919 0.217512
0.387631 0.141472 1.960689 0.453620 -0.127798 0.854489 0.218506
0.390014 0.139556 1.961605 0.453754 -0.128595 0.854063 0.219424
0.393693 0.138344 1.963264 0.453545 -0.128748 0.854021 0.219932
0.397293 0.136606 1.964643 0.453485 -0.129143 0.853731 0.220943
0.400433 0.134649 1.965737 0.453566 -0.129878 0.853256 0.222178
0.403123 0.132803 1.966654 0.453675 -0.130679 0.852791 0.223269
0.406816 0.131359 1.967669 0.454139 -0.131156 0.852673 0.222495
0.410392 0.129486 1.968358 0.454818 -0.131830 0.852219 0.222451
0.413506 0.127499 1.968851 0.455520 -0.132713 0.851618 0.222790
0.416169 0.125667 1.969270 0.456124 -0.133625 0.851061 0.223137
0.419722 0.124061 1.970092 0.456219 -0.134667 0.851058 0.222326
0.423225 0.121881 1.970572 0.456547 -0.135900 0.850655 0.222447
0.426317 0.119541 1.970856 0.456992 -0.137286 0.850036 0.223046
0.428971 0.117367 1.971081 0.457417 -0.138574 0.849419 0.223730
0.432160 0.115890 1.971495 0.457709 -0.139007 0.849261 0.223462
0.435190 0.114527 1.971579 0.458148 -0.139143 0.848973 0.223572
0.437830 0.113302 1.971506 0.458641 -0.139224 0.848608 0.223899
0.440085 0.112281 1.971399 0.459090 -0.139227 0.848286 0.224195
0.442731 0.111097 1.971395 0.459347 -0.139045 0.848321 0.223645
0.445074 0.108883 1.971507 0.459603 -0.140297 0.847938 0.223796
0.447313 0.106746 1.971374 0.460063 -0.141103 0.847400 0.224380
0.449197 0.104680 1.971287 0.460452 -0.142169 0.846871 0.224905
0.451367 0.102515 1.971066 0.460832 -0.144234 0.846587 0.223878
0.453289 0.100051 1.970831 0.461178 -0.146514 0.846103 0.223513
0.455255 0.097923 1.970290 0.461854 -0.148156 0.845439 0.223547
0.456943 0.096007 1.969781 0.462449 -0.149664 0.844794 0.223753
0.458746 0.093934 1.969798 0.462480 -0.151093 0.844633 0.223335
0.460678 0.091738 1.969599 0.462751 -0.152195 0.844303 0.223275
0.462358 0.090046 1.969258 0.462960 -0.152335 0.844095 0.223532
0.463378 0.088601 1.969327 0.462789 -0.152695 0.844113 0.223569
0.465045 0.086803 1.969164 0.462680 -0.153335 0.844551 0.221696
0.467208 0.084409 1.968269 0.463245 -0.154223 0.844238 0.221092
0.468107 0.081890 1.968207 0.462740 -0.155824 0.844480 0.220101
0.468542 0.079383 1.968500 0.462135 -0.157732 0.844655 0.219339
0.469180 0.076032 1.968748 0.461479 -0.159718 0.844744 0.218938
0.469763 0.071980 1.969086 0.460724 -0.162004 0.844646 0.219230
0.470299 0.067910 1.969414 0.460022 -0.164239 0.844438 0.219839
0.470804 0.064126 1.969710 0.459410 -0.166324 0.844196 0.220481
0.471574 0.059844 1.970083 0.458541 -0.169100 0.844203 0.220152
0.472318 0.055205 1.970499 0.457659 -0.171939 0.844055 0.220355
0.472992 0.050753 1.970863 0.456909 -0.174497 0.843778 0.220962
0.473616 0.046697 1.971165 0.456285 -0.176825 0.843463 0.221604
0.474488 0.041943 1.971370 0.455395 -0.179424 0.843296 0.221979
0.475245 0.036651 1.971648 0.454389 -0.182259 0.843002 0.222847
0.475918 0.031528 1.971893 0.453509 -0.184949 0.842593 0.223967
0.476563 0.026870 1.972060 0.452815 -0.187313 0.842135 0.225127
0.477560 0.021329 1.972124 0.451985 -0.189841 0.841710 0.226259
0.478427 0.015130 1.972271 0.451036 -0.192692 0.841128 0.227902
0.479199 0.009128 1.972375 0.450245 -0.195486 0.840404 0.229752
0.479934 0.003682 1.972397 0.449681 -0.197983 0.839590 0.231688
0.480982 -0.002356 1.972386 0.449198 -0.200253 0.838434 0.234839
0.481812 -0.008848 1.972468 0.448594 -0.202921 0.837160 0.238220
0.482418 -0.015070 1.972562 0.447993 -0.205667 0.835906 0.241380
0.482927 -0.020686 1.972626 0.447458 -0.208251 0.834778 0.244048
0.483669 -0.027105 1.972791 0.446572 -0.211480 0.833899 0.245889
0.484256 -0.033881 1.973023 0.445595 -0.214705 0.832968 0.248016
0.484748 -0.040177 1.973182 0.444767 -0.217617 0.832024 0.250123
0.485204 -0.045767 1.973273 0.444086 -0.220227 0.831117 0.252056
0.485979 -0.052517 1.973432 0.443090 -0.223541 0.829954 0.254708
0.486643 -0.059755 1.973558 0.442127 -0.226596 0.828639 0.257944
0.487200 -0.066454 1.973596 0.441322 -0.229232 0.827374 0.261035
0.487699 -0.072414 1.973595 0.440720 -0.231750 0.826127 0.263766
0.488391 -0.079332 1.973796 0.440073 -0.234594 0.824598 0.267094
0.488974 -0.086515 1.974007 0.439522 -0.237392 0.822923 0.270670
0.489504 -0.093004 1.974092 0.439177 -0.239746 0.821309 0.274036
0.490009 -0.098683 1.974133 0.438921 -0.242026 0.819817 0.276896
0.490872 -0.105626 1.974415 0.438181 -0.245568 0.818106 0.279995
0.491623 -0.112810 1.974630 0.437571 -0.248495 0.816303 0.283603
0.492252 -0.119342 1.974750 0.437163 -0.251198 0.814532 0.286923
0.492809 -0.125060 1.974822 0.436880 -0.253709 0.812902 0.289755
0.493454 -0.131610 1.975256 0.436189 -0.257124 0.811355 0.292113
0.494069 -0.138040 1.975596 0.435745 -0.259900 0.809734 0.294804
0.494605 -0.143736 1.975820 0.435517 -0.262386 0.808137 0.297310
0.495073 -0.148670 1.975999 0.435315 -0.264701 0.806713 0.299413
0.495640 -0.154649 1.976330 0.434485 -0.267921 0.805383 0.301331
0.496183 -0.160635 1.976504 0.433926 -0.270494 0.803924 0.303722
0.496663 -0.165959 1.976566 0.433612 -0.272786 0.802458 0.305989
0.497102 -0.170570 1.976583 0.433425 -0.274829 0.801099 0.307983
0.497612 -0.176069 1.976812 0.433194 -0.277298 0.799486 0.310276
0.498101 -0.181451 1.976939 0.433187 -0.279203 0.797820 0.312852
0.498540 -0.186186 1.976977 0.433318 -0.281025 0.796202 0.315152
0.498956 -0.190270 1.976987 0.433476 -0.282765 0.794709 0.317143
0.499527 -0.195022 1.977254 0.433482 -0.285248 0.792847 0.319563
0.500048 -0.199571 1.977461 0.433649 -0.287262 0.790990 0.322124
0.500516 -0.203535 1.977586 0.433917 -0.289158 0.789231 0.324373
0.500953 -0.206969 1.977679 0.434145 -0.290929 0.787650 0.326321
0.501500 -0.211360 1.977992 0.433928 -0.293466 0.785897 0.328557
0.502007 -0.215708 1.978203 0.433908 -0.295659 0.784088 0.330931
0.502486 -0.219484 1.978294 0.434049 -0.297509 0.782386 0.333112
0.502947 -0.222714 1.978316 0.434226 -0.299107 0.780863 0.335017
0.503481 -0.226347 1.978376 0.434158 -0.301259 0.779235 0.336960
0.503906 -0.229791 1.978395 0.434216 -0.302882 0.777650 0.339086
0.504266 -0.232796 1.978385 0.434311 -0.304456 0.776208 0.340856
0.504653 -0.235385 1.978319 0.434471 -0.305884 0.774856 0.342444
0.505192 -0.238325 1.978320 0.434495 -0.307606 0.773187 0.344637
0.505574 -0.241141 1.978358 0.434560 -0.308952 0.771607 0.346884
0.505911 -0.243566 1.978369 0.434656 -0.310117 0.770228 0.348784
0.506243 -0.245632 1.978343 0.434742 -0.311351 0.769026 0.350227
0.506593 -0.247520 1.978381 0.434418 -0.313228 0.768126 0.350931
0.506847 -0.249156 1.978439 0.434193 -0.314666 0.767282 0.351766
0.507039 -0.250584 1.978511 0.433986 -0.316129 0.766530 0.352350
0.507289 -0.251797 1.978497 0.433917 -0.317389 0.765842 0.352799
0.507616 -0.252983 1.978415 0.433815 -0.318434 0.765237 0.353294
0.507699 -0.254193 1.978497 0.433574 -0.319522 0.764691 0.353789
0.507787 -0.255258 1.978558 0.433416 -0.320453 0.764197 0.354208
0.507935 -0.256090 1.978536 0.433295 -0.321281 0.763831 0.354396
0.508092 -0.256361 1.978357 0.432788 -0.322370 0.763898 0.353881
0.508015 -0.256603 1.978346 0.432188 -0.323588 0.763936 0.353421
0.507963 -0.256830 1.978340 0.431716 -0.324644 0.763947 0.353005
0.508019 -0.256943 1.978210 0.431490 -0.325327 0.763856 0.352848
0.508130 -0.256663 1.977740 0.431483 -0.325374 0.763483 0.353621
0.508023 -0.256487 1.977471 0.431278 -0.325668 0.763181 0.354251
0.507910 -0.256393 1.977205 0.431066 -0.325911 0.762963 0.354757
0.507740 -0.256257 1.976855 0.430705 -0.326201 0.762973 0.354907
0.507510 -0.255233 1.975871 0.430036 -0.326416 0.763419 0.354561
0.507492 -0.253790 1.975001 0.429699 -0.325848 0.763774 0.354728
0.507470 -0.252429 1.974352 0.429377 -0.325313 0.764165 0.354767
0.507202 -0.251220 1.973760 0.429010 -0.325106 0.764432 0.354825
0.506505 -0.248806 1.972824 0.428786 -0.323163 0.764725 0.356235
0.506437 -0.245881 1.971808 0.429025 -0.320974 0.765018 0.357297
0.506426 -0.243032 1.970964 0.429003 -0.319031 0.765676 0.357652
0.506023 -0.240563 1.970255 0.428357 -0.318318 0.766805 0.356642
0.504680 -0.237395 1.969314 0.427657 -0.315462 0.768026 0.357394
0.503967 -0.234004 1.968349 0.427419 -0.312619 0.769008 0.358063
0.503479 -0.230986 1.967504 0.427242 -0.310257 0.769905 0.358401
0.502729 -0.228333 1.966760 0.427260 -0.308033 0.770148 0.359771
0.500334 -0.224824 1.966555 0.426176 -0.304058 0.770798 0.363035
0.498280 -0.220860 1.966788 0.424632 -0.300331 0.772388 0.364563
0.496668 -0.217021 1.967120 0.423207 -0.296927 0.774050 0.365481
0.494957 -0.213851 1.967290 0.422346 -0.294507 0.774695 0.367065
0.491805 -0.210236 1.967407 0.421208 -0.292325 0.774896 0.369685
0.489021 -0.206178 1.967868 0.419877 -0.289890 0.775830 0.371154
0.486676 -0.202254 1.968432 0.418389 -0.287795 0.777236 0.371522
0.484335 -0.198670 1.968889 0.417118 -0.285621 0.778142 0.372729
0.480272 -0.194610 1.969447 0.414931 -0.283150 0.778844 0.375579
0.476485 -0.190386 1.970375 0.412598 -0.280555 0.780056 0.377578
0.473027 -0.186523 1.971403 0.410068 -0.278643 0.781727 0.378292
0.469641 -0.183142 1.972308 0.407930 -0.277178 0.782811 0.379439
0.464596 -0.179310 1.973491 0.405603 -0.276372 0.783233 0.381643
0.459724 -0.175146 1.975219 0.402828 -0.275225 0.784512 0.382783
0.455198 -0.171306 1.977015 0.400100 -0.274030 0.785914 0.383624
0.450754 -0.167906 1.978640 0.397457 -0.273334 0.787226 0.384177
0.445156 -0.163044 1.980626 0.394483 -0.272402 0.788921 0.384426
0.439896 -0.157139 1.983123 0.391013 -0.270575 0.791765 0.383413
0.435121 -0.151390 1.985546 0.387621 -0.268441 0.794704 0.382275
0.430473 -0.146271 1.987548 0.384412 -0.266389 0.797255 0.381641
0.424704 -0.140760 1.989112 0.380493 -0.264548 0.800218 0.380645
0.419302 -0.134790 1.990740 0.376937 -0.262836 0.803484 0.378483
0.414446 -0.128600 1.992215 0.374035 -0.261150 0.806716 0.375646
0.409920 -0.122548 1.993462 0.371330 -0.259223 0.809785 0.373050
0.404723 -0.116886 1.994389 0.368152 -0.257670 0.812828 0.370651
0.399749 -0.111439 1.995294 0.365468 -0.256702 0.815748 0.367549
0.395175 -0.106063 1.996063 0.363430 -0.255972 0.818490 0.363967
0.390807 -0.100669 1.996664 0.361883 -0.255253 0.820952 0.360450
0.385717 -0.095230 1.997217 0.359469 -0.254405 0.823447 0.357766
0.380880 -0.089861 1.997721 0.357367 -0.253752 0.825986 0.354465
0.376433 -0.084532 1.998097 0.355846 -0.253186 0.828427 0.350683
0.372106 -0.079172 1.998390 0.354938 -0.252622 0.830503 0.347081
0.366791 -0.073286 1.998834 0.352901 -0.251597 0.832698 0.344634
0.361740 -0.067190 1.999229 0.350885 -0.250362 0.835227 0.341458
0.357096 -0.061118 1.999487 0.349396 -0.249096 0.837755 0.337699
0.352546 -0.055090 1.999656 0.348678 -0.247849 0.839888 0.334042
