-0.064837 0.377439 1.470767 0.708595 0.005308 0.705571 -0.005919
-0.065184 0.377687 1.470751 0.708602 0.005568 0.705558 -0.006279
-0.065490 0.378039 1.470623 0.708735 0.005755 0.705418 -0.006892
-0.065765 0.378585 1.470239 0.709005 0.006108 0.705134 -0.007784
-0.065978 0.379038 1.469877 0.709224 0.006444 0.704903 -0.008443
-0.066143 0.379400 1.469574 0.709396 0.006714 0.704722 -0.008926
-0.066172 0.379673 1.469567 0.709478 0.006965 0.704641 -0.008557
-0.066012 0.379892 1.469900 0.709537 0.006795 0.704589 -0.008041
-0.065798 0.380049 1.470228 0.709587 0.006507 0.704547 -0.007600
-0.065592 0.380167 1.470504 0.709633 0.006220 0.704507 -0.007224
-0.065446 0.380074 1.470830 0.709606 0.005735 0.704543 -0.006804
-0.065427 0.379937 1.471170 0.709542 0.005332 0.704613 -0.006467
-0.065466 0.379848 1.471452 0.709498 0.005060 0.704661 -0.006286
-0.065517 0.379791 1.471675 0.709502 0.004843 0.704660 -0.006211
-0.065213 0.379624 1.471688 0.710022 0.003733 0.704142 -0.006313
-0.064695 0.379373 1.471650 0.710408 0.002562 0.703759 -0.006017
-0.064169 0.379122 1.471615 0.710692 0.001532 0.703479 -0.005624
-0.063707 0.378893 1.471638 0.710967 0.001055 0.703206 -0.005069
-0.063319 0.378564 1.471954 0.711339 0.001420 0.702833 -0.004404
-0.063002 0.378269 1.472283 0.711612 0.001612 0.702560 -0.003909
-0.062745 0.378026 1.472562 0.711815 0.001739 0.702356 -0.003535
-0.062517 0.377769 1.472897 0.712067 0.001999 0.702104 -0.002543
-0.062337 0.377479 1.473488 0.712467 0.001954 0.701702 -0.001180
-0.062221 0.377266 1.474036 0.712781 0.001866 0.701385 -0.000242
-0.062142 0.377103 1.474490 0.713031 0.001789 0.701130 0.000448
-0.061939 0.376898 1.475297 0.713088 0.002573 0.701067 0.001864
-0.061418 0.376603 1.476630 0.713028 0.002840 0.701122 0.003409
-0.060830 0.376300 1.477834 0.712979 0.002705 0.701164 0.004681
-0.060286 0.376023 1.478835 0.712942 0.002455 0.701195 0.005716
-0.059674 0.375419 1.480345 0.712905 0.004095 0.701210 0.007326
-0.058989 0.374615 1.482113 0.712800 0.005075 0.701295 0.008726
-0.058363 0.373905 1.483630 0.712708 0.005608 0.701370 0.009815
-0.057820 0.373299 1.484899 0.712607 0.006017 0.701455 0.010740
-0.056958 0.372686 1.486693 0.711675 0.007631 0.702350 0.012844
-0.055837 0.371998 1.488434 0.710879 0.008221 0.703110 0.014787
-0.054752 0.371345 1.489898 0.710255 0.008351 0.703702 0.016462
-0.053763 0.370752 1.491270 0.709712 0.008795 0.704205 0.018069
-0.052287 0.369916 1.493739 0.708991 0.009524 0.704877 0.019738
-0.050611 0.368974 1.496113 0.708444 0.009107 0.705387 0.021322
-0.049058 0.368088 1.498101 0.708024 0.008385 0.705772 0.022737
-0.047646 0.367271 1.500154 0.707280 0.008817 0.706446 0.024736
-0.045911 0.366252 1.503192 0.705949 0.009742 0.707665 0.027427
-0.044159 0.365208 1.505923 0.704948 0.009656 0.708571 0.029708
-0.042603 0.364263 1.508187 0.704178 0.009253 0.709260 0.031592
-0.041108 0.363390 1.510835 0.703092 0.010083 0.710236 0.033528
-0.039261 0.362289 1.514320 0.701966 0.010238 0.711266 0.035219
-0.037455 0.361177 1.517360 0.701132 0.009604 0.712022 0.036711
-0.035867 0.360172 1.519866 0.700488 0.008784 0.712599 0.037969
-0.034239 0.359393 1.523269 0.698937 0.010469 0.714007 0.039629
-0.032285 0.358456 1.527282 0.697475 0.011132 0.715351 0.040962
-0.030403 0.357465 1.530701 0.696395 0.010924 0.716334 0.042190
-0.028758 0.356543 1.533506 0.695578 0.010422 0.717073 0.043246
-0.026590 0.355644 1.537128 0.694073 0.011875 0.718475 0.043767
-0.023866 0.354309 1.540643 0.692905 0.011478 0.719543 0.044824
-0.021259 0.352916 1.543572 0.692019 0.010394 0.720329 0.046123
-0.018958 0.351695 1.546138 0.691166 0.009759 0.721075 0.047375
-0.015871 0.350555 1.550514 0.689370 0.010767 0.722738 0.047983
-0.012323 0.348917 1.554701 0.688135 0.009511 0.723855 0.049133
-0.009028 0.347225 1.558176 0.687205 0.007663 0.724662 0.050549
-0.006120 0.345872 1.561415 0.686129 0.007211 0.725609 0.051638
-0.002919 0.344887 1.565745 0.684678 0.008149 0.726989 0.051339
0.000240 0.343637 1.569569 0.683665 0.007618 0.727939 0.051467
0.003031 0.342377 1.572716 0.682888 0.006633 0.728650 0.051865
0.005749 0.341529 1.576031 0.681426 0.008413 0.729984 0.052081
0.009558 0.340392 1.580121 0.679528 0.010477 0.731686 0.052613
0.013487 0.338765 1.583604 0.678150 0.010525 0.732857 0.054059
0.017001 0.337103 1.586455 0.677094 0.009848 0.733719 0.055705
0.020633 0.336203 1.589896 0.675385 0.012044 0.735241 0.055952
0.025207 0.335008 1.593796 0.673846 0.012851 0.736618 0.056206
0.029641 0.333377 1.597066 0.672715 0.012097 0.737573 0.057398
0.033514 0.331732 1.599740 0.671839 0.010859 0.738278 0.058814
0.037709 0.331080 1.603103 0.670171 0.013648 0.739830 0.057754
0.042461 0.330045 1.606334 0.668760 0.014876 0.741131 0.057129
0.046875 0.328639 1.608992 0.667683 0.014767 0.742070 0.057552
0.050697 0.327262 1.611240 0.666746 0.014540 0.742860 0.058277
0.055366 0.326207 1.614697 0.664725 0.017727 0.744675 0.057307
0.060612 0.324278 1.617862 0.663195 0.018206 0.745993 0.057749
0.065438 0.322069 1.620449 0.662042 0.017431 0.746927 0.059126
0.069636 0.320192 1.622814 0.660987 0.017319 0.747781 0.060166
0.074284 0.319284 1.626003 0.659578 0.019162 0.749140 0.058125
0.079482 0.317839 1.628779 0.658436 0.018992 0.750184 0.057662
0.084496 0.315948 1.631026 0.657547 0.017585 0.750925 0.058601
0.088915 0.314369 1.633364 0.656491 0.017977 0.751794 0.059191
0.093512 0.313253 1.636394 0.655025 0.019795 0.753128 0.057867
0.098509 0.311590 1.638978 0.653842 0.019636 0.754142 0.058102
0.103260 0.309567 1.641057 0.652918 0.018363 0.754865 0.059498
0.107405 0.308227 1.643596 0.651807 0.018894 0.755844 0.059084
0.111663 0.307356 1.646694 0.650597 0.018992 0.757065 0.056709
0.116332 0.305964 1.649330 0.649513 0.017682 0.758076 0.056036
0.121062 0.304085 1.651443 0.648626 0.015403 0.758819 0.056926
0.125147 0.303010 1.654075 0.647228 0.016640 0.760036 0.056253
0.129271 0.302182 1.656776 0.645661 0.017359 0.761460 0.054758
0.133791 0.300821 1.659021 0.644243 0.016720 0.762666 0.054879
0.138560 0.298934 1.660816 0.643070 0.015123 0.763565 0.056584
0.142610 0.298438 1.663272 0.641334 0.017648 0.764931 0.057089
0.146496 0.298181 1.665753 0.639425 0.018874 0.766555 0.056323
0.150738 0.297367 1.667801 0.637723 0.018846 0.767934 0.056857
0.155274 0.296031 1.669476 0.636348 0.018454 0.768934 0.058847
0.159508 0.295403 1.671472 0.634893 0.019684 0.770077 0.059194
0.163883 0.294491 1.673273 0.633493 0.019747 0.771171 0.059934
0.168583 0.292971 1.674705 0.632362 0.018672 0.771971 0.061881
0.173104 0.291394 1.675967 0.631474 0.018583 0.772491 0.064455
0.177405 0.290755 1.677778 0.630327 0.020002 0.773369 0.064719
0.181900 0.289657 1.679435 0.629251 0.020039 0.774172 0.065561
0.186586 0.287926 1.680728 0.628499 0.018890 0.774643 0.067534
0.190939 0.286485 1.682126 0.627451 0.019446 0.775278 0.069797
0.195242 0.285519 1.684165 0.625700 0.020551 0.776568 0.070851
0.199739 0.283944 1.685954 0.624273 0.020196 0.777565 0.072586
0.203989 0.281999 1.687330 0.623376 0.018964 0.778095 0.074904
0.208104 0.280557 1.688582 0.622107 0.020255 0.778904 0.076683
0.212625 0.278828 1.689763 0.621046 0.020941 0.779540 0.078610
0.216837 0.276751 1.690661 0.620513 0.020470 0.779738 0.080947
0.220481 0.274769 1.691337 0.620251 0.019634 0.779732 0.083186
0.224616 0.273491 1.692232 0.619393 0.021409 0.780204 0.084711
0.229131 0.271455 1.693180 0.619168 0.021286 0.780167 0.086703
0.233221 0.269167 1.693953 0.619304 0.020196 0.779846 0.088848
0.236759 0.267142 1.694578 0.619416 0.019244 0.779579 0.090602
0.240942 0.265954 1.695415 0.618806 0.020750 0.779938 0.091351
0.245096 0.264152 1.696261 0.618757 0.020575 0.779843 0.092527
0.248751 0.262230 1.696974 0.618951 0.019703 0.779561 0.093791
0.251951 0.260728 1.697551 0.618835 0.019387 0.779626 0.094080
0.255502 0.259795 1.698163 0.618052 0.020681 0.780353 0.092915
0.258841 0.258425 1.698741 0.617761 0.020750 0.780641 0.092414
0.261740 0.256997 1.699227 0.617713 0.020296 0.780712 0.092237
0.264602 0.256063 1.699387 0.617512 0.020910 0.780956 0.091373
0.268388 0.255067 1.698873 0.617825 0.022595 0.780647 0.091502
0.272007 0.253512 1.698291 0.618602 0.023048 0.779902 0.092489
0.275148 0.251896 1.697793 0.619446 0.022911 0.779106 0.093570
0.278312 0.250855 1.697275 0.619841 0.023423 0.778880 0.092712
0.281896 0.249509 1.696764 0.620412 0.023746 0.778473 0.092220
0.285149 0.247810 1.696358 0.621174 0.023172 0.777869 0.092337
0.287924 0.246160 1.696050 0.621916 0.022310 0.777267 0.092621
0.290933 0.244936 1.695519 0.622238 0.022387 0.777152 0.091399
0.294197 0.243100 1.694885 0.622880 0.021997 0.776637 0.091502
0.297131 0.241069 1.694341 0.623647 0.021003 0.775974 0.092123
0.299641 0.239228 1.693895 0.624343 0.019802 0.775398 0.092520
0.302707 0.238125 1.692940 0.624702 0.019418 0.775329 0.090751
0.305815 0.236629 1.691800 0.625427 0.018886 0.774781 0.090547
0.308541 0.235057 1.690797 0.626205 0.018090 0.774135 0.090852
0.310946 0.233792 1.689886 0.626864 0.017215 0.773685 0.090316
0.313961 0.232998 1.688329 0.627775 0.017554 0.773139 0.088578
0.316867 0.231777 1.686773 0.628957 0.017451 0.772224 0.088193
0.319379 0.230489 1.685464 0.630055 0.017036 0.771333 0.088240
0.321760 0.229590 1.684359 0.630787 0.016464 0.770911 0.086787
0.324714 0.228645 1.683336 0.631233 0.016124 0.770786 0.084694
0.327488 0.227201 1.682480 0.631823 0.015097 0.770424 0.083775
0.329883 0.225720 1.681803 0.632380 0.013898 0.770035 0.083366
0.332489 0.224974 1.680872 0.632853 0.012714 0.769915 0.081031
0.335615 0.224653 1.679183 0.633752 0.012584 0.769368 0.079207
0.338387 0.224130 1.677528 0.634753 0.012482 0.768622 0.078431
0.340719 0.223580 1.676128 0.635633 0.012325 0.767938 0.078044
0.343516 0.223467 1.674920 0.635957 0.012903 0.767890 0.075743
0.346776 0.222567 1.673869 0.636294 0.013089 0.767705 0.074749
0.349742 0.221182 1.673008 0.636726 0.012509 0.767365 0.074667
0.352285 0.219784 1.672329 0.637112 0.011691 0.767042 0.074825
0.355313 0.218772 1.671457 0.637066 0.010206 0.767395 0.071755
0.358410 0.217177 1.670452 0.637270 0.008681 0.767358 0.070527
0.361146 0.215443 1.669552 0.637574 0.007100 0.767153 0.070175
0.363562 0.213987 1.668755 0.637854 0.005598 0.766999 0.069453
0.366811 0.213304 1.667220 0.638532 0.005392 0.766671 0.066816
0.369943 0.212189 1.665525 0.639516 0.005140 0.765933 0.065869
0.372650 0.210970 1.664041 0.640442 0.004716 0.765185 0.065601
0.375156 0.210041 1.662866 0.641151 0.004163 0.764675 0.064661
0.378091 0.209209 1.662202 0.641485 0.003468 0.764536 0.063016
0.380729 0.208014 1.661803 0.641717 0.002284 0.764415 0.062156
0.382969 0.206811 1.661537 0.641883 0.001079 0.764315 0.061713
0.385276 0.206103 1.661285 0.641752 0.000283 0.764576 0.059808
0.388099 0.205337 1.660761 0.641481 0.000172 0.764942 0.058018
0.390686 0.204186 1.660154 0.641448 -0.000251 0.765016 0.057401
0.392907 0.203015 1.659616 0.641479 -0.000751 0.764999 0.057276
0.395280 0.202329 1.659107 0.641528 -0.001283 0.765133 0.054891
0.397800 0.201348 1.658625 0.641595 -0.001805 0.765214 0.052929
0.400036 0.200136 1.658221 0.641700 -0.002588 0.765194 0.051895
0.401932 0.198976 1.657908 0.641785 -0.003358 0.765158 0.051321
0.404265 0.198687 1.657836 0.641603 -0.004396 0.765528 0.047885
0.406472 0.198382 1.657925 0.641264 -0.005263 0.765982 0.044997
0.408341 0.198000 1.658035 0.640967 -0.006048 0.766345 0.042893
0.409971 0.197690 1.658134 0.640770 -0.006837 0.766604 0.041057
0.412381 0.197720 1.658375 0.641003 -0.008225 0.766538 0.038299
0.414612 0.197339 1.658801 0.641054 -0.009825 0.766568 0.036421
0.416509 0.196817 1.659239 0.641022 -0.011317 0.766633 0.035130
0.418225 0.196463 1.659661 0.640872 -0.013289 0.766824 0.032970
0.420178 0.196637 1.660083 0.640302 -0.015848 0.767419 0.028810
0.421859 0.196739 1.660358 0.639839 -0.017720 0.767874 0.025728
0.423257 0.196807 1.660553 0.639470 -0.019091 0.768222 0.023429
0.424741 0.197076 1.660726 0.639214 -0.022023 0.768460 0.019734
0.426468 0.197678 1.660977 0.638914 -0.026015 0.768690 0.015078
0.427940 0.197933 1.661235 0.638611 -0.029659 0.768866 0.011898
0.429417 0.196929 1.661678 0.638190 -0.034515 0.769030 0.010740
0.430491 0.197294 1.661702 0.638093 -0.038203 0.768983 0.006567
0.431358 0.198286 1.661651 0.637915 -0.042820 0.768913 0.001957
0.432274 0.199051 1.661641 0.637657 -0.047267 0.768867 -0.001723
0.432871 0.199702 1.661595 0.637458 -0.050154 0.768838 -0.004638
0.433014 0.200425 1.661672 0.637153 -0.055037 0.768707 -0.009826
0.433092 0.201261 1.661612 0.636857 -0.059743 0.768524 -0.014702
0.433155 0.201981 1.661552 0.636558 -0.063658 0.768369 -0.018761
0.433194 0.202594 1.661515 0.636263 -0.067034 0.768231 -0.022304
0.433092 0.202997 1.661486 0.635860 -0.074337 0.767676 -0.028773
0.433054 0.203297 1.661246 0.635498 -0.081037 0.767075 -0.034228
0.433055 0.203376 1.661017 0.635131 -0.086804 0.766540 -0.038595
0.433022 0.203285 1.660819 0.634734 -0.092369 0.765996 -0.042789
0.432893 0.203167 1.660363 0.634190 -0.100192 0.765058 -0.049520
0.432872 0.202962 1.659772 0.633657 -0.107385 0.764128 -0.055273
0.432883 0.202663 1.659244 0.633130 -0.113512 0.763326 -0.059961
0.432730 0.202278 1.658813 0.632559 -0.119976 0.762400 -0.064966
0.432503 0.201860 1.657890 0.632079 -0.129718 0.760575 -0.071939
0.432287 0.201579 1.657119 0.631332 -0.138216 0.759067 -0.078314
0.432156 0.201100 1.656565 0.630591 -0.145289 0.757882 -0.082838
0.431986 0.200715 1.655934 0.629897 -0.153618 0.756154 -0.088665
0.431751 0.200538 1.655044 0.629016 -0.163891 0.753898 -0.095479
0.431482 0.200471 1.654402 0.628094 -0.171989 0.752144 -0.100974
0.431284 0.200295 1.653996 0.627209 -0.178522 0.750794 -0.105107
0.430726 0.200256 1.653513 0.626422 -0.186550 0.748584 -0.111430
0.430007 0.200180 1.653120 0.625457 -0.195077 0.746304 -0.117386
0.429364 0.200199 1.652947 0.624519 -0.201783 0.744522 -0.122256
0.428860 0.200122 1.652820 0.623735 -0.207151 0.743088 -0.125952
0.428164 0.200415 1.652415 0.622636 -0.215683 0.740481 -0.132257
0.427421 0.200748 1.652292 0.621118 -0.223830 0.738284 -0.138023
0.426812 0.201016 1.652285 0.619823 -0.230262 0.736552 -0.142445
0.426217 0.201387 1.652194 0.618896 -0.235361 0.734908 -0.146571
0.425424 0.201827 1.652154 0.617187 -0.243641 0.732328 -0.153018
0.424651 0.202312 1.652355 0.615508 -0.250609 0.730171 -0.158730
0.423984 0.202735 1.652599 0.614129 -0.256058 0.728441 -0.163260
0.423408 0.203209 1.652785 0.612969 -0.261210 0.726585 -0.167669
0.422899 0.203762 1.653051 0.610853 -0.269439 0.723852 -0.174065
0.422419 0.204273 1.653516 0.608727 -0.276394 0.721650 -0.179663
0.422026 0.204725 1.653898 0.607118 -0.281686 0.719874 -0.183961
0.421629 0.205271 1.654226 0.605587 -0.287342 0.717698 -0.188702
0.421141 0.205893 1.654838 0.603060 -0.295289 0.714924 -0.194949
0.420662 0.206414 1.655660 0.600534 -0.302112 0.712656 -0.200522
0.420278 0.206912 1.656284 0.598745 -0.307161 0.710807 -0.204717
0.419977 0.207651 1.656852 0.596891 -0.313552 0.708080 -0.209830
0.419652 0.208362 1.657789 0.593869 -0.321972 0.704908 -0.216233
0.419362 0.209018 1.658713 0.591293 -0.328763 0.702300 -0.221499
0.419114 0.209594 1.659467 0.589374 -0.333864 0.700202 -0.225589
0.418934 0.210354 1.659835 0.587128 -0.340607 0.696893 -0.231534
0.418753 0.210898 1.660312 0.583672 -0.348708 0.693454 -0.238435
0.418605 0.211370 1.660784 0.580968 -0.354846 0.690749 -0.243774
0.418486 0.211794 1.661171 0.578909 -0.359664 0.688475 -0.248011
0.418477 0.212504 1.661580 0.575815 -0.367842 0.684424 -0.254350
0.418426 0.213117 1.662269 0.571941 -0.376231 0.680534 -0.261166
0.418354 0.213721 1.662915 0.569053 -0.382426 0.677479 -0.266367
0.418271 0.214240 1.663423 0.566712 -0.387652 0.674614 -0.271032
0.418187 0.214703 1.663635 0.563475 -0.394817 0.670330 -0.277981
0.418107 0.215050 1.663880 0.560174 -0.401350 0.666563 -0.284285
0.418030 0.215320 1.664138 0.557414 -0.406614 0.663465 -0.289429
0.418003 0.215548 1.664244 0.554816 -0.412008 0.659912 -0.294864
0.418071 0.215774 1.664268 0.551102 -0.419346 0.655016 -0.302307
0.418131 0.215937 1.664381 0.547600 -0.425729 0.650812 -0.308759
0.418176 0.216076 1.664528 0.544701 -0.430851 0.647351 -0.314012
0.418277 0.216329 1.664450 0.541562 -0.436618 0.643207 -0.319938
0.418416 0.216695 1.664203 0.537766 -0.443320 0.638544 -0.326400
0.418538 0.216992 1.663981 0.534398 -0.449035 0.634571 -0.331822
0.418636 0.217263 1.663796 0.531640 -0.453618 0.631290 -0.336248
0.418589 0.217480 1.663663 0.528671 -0.458685 0.627336 -0.341415
0.418477 0.217667 1.663653 0.525636 -0.463740 0.623473 -0.346314
0.418371 0.217819 1.663693 0.523018 -0.467952 0.620236 -0.350401
0.418272 0.217958 1.663758 0.520837 -0.471378 0.617534 -0.353813
0.418173 0.218312 1.663843 0.517838 -0.476287 0.613709 -0.358268
0.418081 0.218646 1.663916 0.515095 -0.480908 0.610262 -0.361919
0.417993 0.218925 1.663976 0.512796 -0.484706 0.607375 -0.364960
0.417902 0.219186 1.664022 0.510764 -0.487952 0.604797 -0.367754
0.417780 0.219490 1.664036 0.508353 -0.491640 0.601743 -0.371177
0.417662 0.219760 1.664035 0.506282 -0.494810 0.599131 -0.374010
0.417553 0.219999 1.664023 0.504577 -0.497398 0.596952 -0.376358
0.417421 0.220229 1.664029 0.503023 -0.499687 0.594984 -0.378517
0.417204 0.220474 1.664131 0.501344 -0.502121 0.592971 -0.380674
0.417001 0.220684 1.664243 0.499895 -0.504206 0.591253 -0.382494
0.416816 0.220876 1.664352 0.498677 -0.505902 0.589808 -0.384072
0.416556 0.221060 1.664454 0.497566 -0.507254 0.588697 -0.385431
0.416184 0.221280 1.664516 0.496740 -0.508168 0.587939 -0.386447
0.415845 0.221492 1.664549 0.496047 -0.508939 0.587276 -0.387331
0.415548 0.221680 1.664578 0.495425 -0.509608 0.586688 -0.388137
0.415236 0.221879 1.664631 0.495069 -0.509771 0.586870 -0.388102
0.414920 0.222206 1.664552 0.495357 -0.509305 0.587456 -0.387459
0.414638 0.222526 1.664426 0.495643 -0.508893 0.587919 -0.386935
0.414395 0.222803 1.664298 0.495847 -0.508582 0.588267 -0.386552
0.413666 0.222605 1.664775 0.497868 -0.505163 0.592151 -0.382486
0.412970 0.222335 1.665208 0.499601 -0.502030 0.595728 -0.378779
0.412398 0.222112 1.665547 0.500919 -0.499534 0.598572 -0.375840
0.411905 0.221922 1.665880 0.502558 -0.496767 0.601530 -0.372583
0.411114 0.221982 1.666568 0.507649 -0.488916 0.608551 -0.364581
0.410298 0.222427 1.667004 0.512647 -0.481209 0.614759 -0.357355
0.409560 0.222998 1.667297 0.516618 -0.474857 0.619608 -0.351714
0.408724 0.223600 1.667643 0.520905 -0.467785 0.624805 -0.345622
0.407166 0.224708 1.668098 0.527516 -0.456159 0.632580 -0.336882
0.405658 0.226158 1.668299 0.534149 -0.444733 0.639564 -0.328413
0.404322 0.227592 1.668414 0.540371 -0.434060 0.645756 -0.320297
0.402913 0.228919 1.668660 0.546499 -0.422925 0.652169 -0.311687
0.401170 0.230366 1.669078 0.553136 -0.409960 0.659369 -0.302000
0.399610 0.231790 1.669430 0.559301 -0.397813 0.665766 -0.292715
0.398279 0.233036 1.669749 0.565006 -0.386505 0.671518 -0.283628
0.396379 0.233800 1.670029 0.570398 -0.374926 0.677517 -0.273945
0.394045 0.234625 1.670057 0.575748 -0.363057 0.683328 -0.264133
0.391989 0.235597 1.670002 0.580906 -0.351667 0.688506 -0.254632
0.390242 0.236495 1.669964 0.585753 -0.340889 0.693183 -0.245324
0.387836 0.236908 1.669984 0.590412 -0.328922 0.698515 -0.235161
0.385418 0.237351 1.669881 0.594881 -0.317091 0.703498 -0.225078
0.383362 0.237834 1.669774 0.599103 -0.305907 0.707931 -0.215243
0.381601 0.238214 1.669729 0.603033 -0.295315 0.711985 -0.205472
0.378799 0.238038 1.670024 0.606249 -0.284001 0.716904 -0.194558
0.376089 0.238232 1.670298 0.609327 -0.272867 0.721311 -0.184323
0.373749 0.238590 1.670559 0.612301 -0.262154 0.725203 -0.174480
0.371599 0.238830 1.670808 0.615127 -0.251856 0.728719 -0.164790
0.368817 0.238720 1.671001 0.617825 -0.241631 0.732008 -0.155146
0.366321 0.238859 1.671187 0.620464 -0.231608 0.734929 -0.145814
0.364210 0.239064 1.671373 0.623000 -0.221900 0.737545 -0.136597
0.362040 0.238928 1.671615 0.625415 -0.212201 0.740058 -0.127049
