0.002046 0.366430 1.501802 0.678480 -0.006135 0.734092 0.027147
0.002100 0.366306 1.502053 0.678248 -0.006040 0.734322 0.026732
0.002053 0.366329 1.502237 0.678297 -0.005930 0.734315 0.025682
0.001955 0.366382 1.502378 0.678348 -0.005758 0.734300 0.024761
0.001855 0.366433 1.502492 0.678392 -0.005599 0.734286 0.024006
0.001778 0.366478 1.502590 0.678378 -0.005493 0.734318 0.023426
0.001777 0.366581 1.502546 0.678149 -0.005218 0.734539 0.023215
0.001816 0.366659 1.502455 0.677957 -0.004958 0.734721 0.023134
0.001866 0.366709 1.502373 0.677808 -0.004764 0.734860 0.023105
0.001934 0.366713 1.502376 0.677699 -0.004631 0.734962 0.023089
0.002288 0.366349 1.503041 0.677617 -0.005367 0.735027 0.023279
0.002790 0.365886 1.503801 0.677533 -0.006496 0.735086 0.023581
0.003287 0.365448 1.504464 0.677451 -0.007559 0.735141 0.023911
0.003733 0.365061 1.505048 0.677342 -0.008335 0.735225 0.024132
0.004430 0.364438 1.505749 0.677071 -0.008758 0.735460 0.024414
0.005282 0.363709 1.506391 0.676804 -0.009524 0.735676 0.025045
0.006094 0.363030 1.506941 0.676563 -0.010319 0.735863 0.025704
0.006783 0.362464 1.507474 0.676277 -0.010765 0.736100 0.026279
0.007187 0.362256 1.508545 0.675561 -0.009821 0.736773 0.026192
0.007469 0.362129 1.509599 0.675033 -0.009191 0.737278 0.025836
0.007686 0.362020 1.510495 0.674630 -0.008753 0.737664 0.025487
0.007868 0.361897 1.511347 0.674309 -0.007999 0.737974 0.025270
0.008407 0.361232 1.513446 0.673732 -0.006194 0.738521 0.025193
0.009259 0.360298 1.515628 0.673229 -0.005849 0.738975 0.025401
0.010140 0.359372 1.517501 0.672808 -0.005984 0.739345 0.025748
0.010929 0.358537 1.519153 0.672402 -0.005730 0.739698 0.026264
0.011635 0.357725 1.521644 0.671502 -0.002897 0.740500 0.027129
0.012376 0.356872 1.524043 0.670795 -0.001309 0.741124 0.027721
0.013067 0.356075 1.526079 0.670221 -0.000334 0.741625 0.028220
0.013671 0.355337 1.527884 0.669646 0.000818 0.742122 0.028781
0.014484 0.353845 1.531117 0.668018 0.003741 0.743526 0.030136
0.015578 0.352068 1.534342 0.666698 0.004698 0.744647 0.031519
0.016665 0.350408 1.537077 0.665661 0.004944 0.745518 0.032784
0.017629 0.348942 1.539424 0.664772 0.005386 0.746251 0.034045
0.018669 0.347241 1.542865 0.663216 0.008400 0.747503 0.036248
0.019887 0.345396 1.546212 0.662017 0.009565 0.748459 0.038101
0.021048 0.343695 1.549039 0.661080 0.010004 0.749198 0.039697
0.022065 0.342196 1.551429 0.660297 0.010411 0.749806 0.041107
0.023190 0.340401 1.554331 0.659056 0.012875 0.750754 0.042979
0.024499 0.338458 1.557019 0.658078 0.013845 0.751486 0.044843
0.025738 0.336676 1.559279 0.657311 0.014177 0.752050 0.046503
0.026819 0.335127 1.561201 0.656671 0.014455 0.752511 0.047972
0.028115 0.333519 1.563924 0.655705 0.016624 0.753206 0.049552
0.029682 0.331706 1.566534 0.654996 0.017148 0.753703 0.051153
0.031180 0.329993 1.568733 0.654458 0.017050 0.754068 0.052686
0.032486 0.328491 1.570598 0.654007 0.016947 0.754362 0.054088
0.033801 0.326990 1.573690 0.653080 0.018928 0.754990 0.055848
0.035244 0.325310 1.576804 0.652490 0.019141 0.755397 0.057156
0.036587 0.323735 1.579441 0.652040 0.018811 0.755704 0.058328
0.037753 0.322360 1.581659 0.651664 0.018526 0.755954 0.059364
0.039159 0.321328 1.584493 0.650768 0.021898 0.756532 0.060667
0.040882 0.320027 1.587140 0.650122 0.023496 0.756926 0.062059
0.042537 0.318700 1.589364 0.649633 0.024192 0.757206 0.063489
0.043997 0.317493 1.591243 0.649238 0.024618 0.757421 0.064797
0.045603 0.316559 1.594588 0.648448 0.027760 0.757936 0.065403
0.047449 0.315284 1.598020 0.648003 0.028626 0.758261 0.065673
0.049195 0.313956 1.600925 0.647672 0.028657 0.758501 0.066150
0.050732 0.312729 1.603354 0.647412 0.028480 0.758682 0.066695
0.052796 0.311819 1.607012 0.647125 0.031323 0.758807 0.066786
0.055374 0.310384 1.610645 0.647125 0.031530 0.758779 0.067001
0.057847 0.308796 1.613708 0.647132 0.030839 0.758740 0.067688
0.060023 0.307299 1.616257 0.647117 0.029926 0.758717 0.068497
0.062687 0.305964 1.619819 0.646814 0.032885 0.758744 0.069687
0.065908 0.303987 1.623242 0.646784 0.033140 0.758617 0.071209
0.068954 0.301885 1.626107 0.646781 0.032398 0.758475 0.073081
0.071606 0.299937 1.628476 0.646762 0.031350 0.758362 0.074865
0.074359 0.298627 1.632062 0.646430 0.033235 0.758440 0.076104
0.077267 0.297074 1.635636 0.646329 0.032981 0.758474 0.076737
0.079908 0.295465 1.638638 0.646235 0.032066 0.758503 0.077622
0.082176 0.293980 1.641123 0.646126 0.030978 0.758548 0.078530
0.084852 0.292674 1.644634 0.646004 0.032036 0.758569 0.078902
0.088029 0.290781 1.648060 0.646172 0.030700 0.758433 0.079360
0.091005 0.288759 1.650909 0.646312 0.028747 0.758284 0.080373
0.093583 0.286889 1.653256 0.646370 0.026785 0.758186 0.081499
0.096240 0.285528 1.656458 0.646560 0.026386 0.758014 0.081730
0.099021 0.284049 1.659568 0.646909 0.024512 0.757811 0.081432
0.101524 0.282551 1.662140 0.647157 0.022456 0.757646 0.081584
0.103662 0.281191 1.664249 0.647280 0.020555 0.757557 0.081940
0.106042 0.280183 1.666905 0.647504 0.020507 0.757336 0.082220
0.108704 0.278968 1.669378 0.647986 0.018913 0.756980 0.082088
0.111142 0.277678 1.671386 0.648364 0.017104 0.756658 0.082468
0.113238 0.276493 1.673013 0.648588 0.015430 0.756438 0.083054
0.115650 0.275648 1.675358 0.648433 0.016234 0.756427 0.084197
0.118432 0.274404 1.677806 0.648682 0.014556 0.756281 0.083895
0.120992 0.272992 1.679898 0.649025 0.012090 0.756070 0.083534
0.123204 0.271689 1.681587 0.649245 0.009855 0.755914 0.083540
0.125668 0.270946 1.683617 0.648753 0.011429 0.756210 0.084466
0.128477 0.269896 1.685630 0.648470 0.011183 0.756460 0.084439
0.131057 0.268603 1.687393 0.648425 0.009594 0.756574 0.083962
0.133295 0.267387 1.688810 0.648373 0.008011 0.756649 0.083847
0.135892 0.266616 1.690729 0.647900 0.009633 0.756889 0.085154
0.138878 0.265373 1.692859 0.647737 0.009489 0.756948 0.085890
0.141604 0.263794 1.694815 0.647908 0.007366 0.756893 0.085286
0.143936 0.262215 1.696561 0.648159 0.004506 0.756845 0.083999
0.146816 0.261464 1.698176 0.648088 0.006134 0.756871 0.084201
0.150327 0.260273 1.699693 0.648541 0.006751 0.756398 0.084919
0.153569 0.258617 1.701099 0.649270 0.005115 0.755834 0.084482
0.156351 0.256847 1.702438 0.650043 0.002139 0.755364 0.082854
0.159562 0.256205 1.703647 0.650142 0.003820 0.755318 0.082440
0.163307 0.255412 1.704748 0.650517 0.005628 0.754883 0.083353
0.166721 0.254102 1.705791 0.651137 0.005454 0.754322 0.083600
0.169642 0.252579 1.706829 0.651812 0.003526 0.753880 0.082428
0.172881 0.252266 1.707680 0.651886 0.005452 0.753932 0.081240
0.176606 0.252063 1.708306 0.652691 0.007837 0.753226 0.081140
0.179956 0.251280 1.708974 0.653682 0.008477 0.752393 0.080821
0.182818 0.250179 1.709704 0.654639 0.007146 0.751752 0.079156
0.185811 0.249908 1.710707 0.653649 0.009185 0.752756 0.077572
0.189396 0.249391 1.711694 0.653006 0.011298 0.753341 0.077020
0.192912 0.248091 1.712505 0.653553 0.010731 0.753022 0.075574
0.196182 0.246307 1.713219 0.654905 0.007869 0.752158 0.072773
0.199473 0.245235 1.714262 0.653797 0.007622 0.753327 0.070633
0.203226 0.244296 1.715135 0.652246 0.007931 0.754767 0.069556
0.206941 0.242941 1.715585 0.652120 0.007046 0.754955 0.068797
0.210439 0.241417 1.715753 0.653051 0.005421 0.754239 0.067959
0.213851 0.240746 1.716099 0.652062 0.006644 0.755082 0.067984
0.217327 0.240251 1.716462 0.650221 0.008951 0.756594 0.068540
0.220677 0.239346 1.716592 0.649757 0.009854 0.756966 0.068708
0.223819 0.238207 1.716563 0.650397 0.009684 0.756447 0.068392
0.227013 0.237960 1.716766 0.649482 0.011536 0.757255 0.067866
0.230482 0.237767 1.716976 0.648234 0.014171 0.758275 0.067906
0.233861 0.236994 1.716997 0.648361 0.015189 0.758174 0.067599
0.237019 0.235892 1.716923 0.649465 0.015024 0.757300 0.066824
0.240397 0.235648 1.716991 0.649446 0.016107 0.757450 0.065047
0.244324 0.235444 1.716925 0.649544 0.017793 0.757412 0.064058
0.248106 0.234569 1.716734 0.650763 0.017941 0.756451 0.062983
0.251585 0.233328 1.716528 0.652685 0.016988 0.754931 0.061577
0.255187 0.232590 1.716385 0.653770 0.016745 0.754219 0.058815
0.259342 0.231385 1.716069 0.655057 0.016683 0.753239 0.057039
0.263344 0.229477 1.715700 0.657223 0.015109 0.751503 0.055441
0.266998 0.227298 1.715373 0.659848 0.012622 0.749376 0.053652
0.270745 0.225989 1.715053 0.661706 0.010865 0.748022 0.049903
0.274879 0.224894 1.714511 0.663570 0.010108 0.746588 0.046686
0.278661 0.223316 1.714047 0.665716 0.008411 0.744849 0.044168
0.281904 0.221639 1.713736 0.667606 0.006392 0.743293 0.042159
0.285249 0.220822 1.713404 0.668895 0.005314 0.742318 0.038902
0.289046 0.220164 1.712963 0.670218 0.005153 0.741247 0.036525
0.292435 0.219077 1.712617 0.671540 0.004262 0.740133 0.034912
0.295323 0.217897 1.712384 0.672692 0.003092 0.739150 0.033691
0.298345 0.217203 1.711954 0.673424 0.002103 0.738608 0.030866
0.302027 0.216029 1.711048 0.674619 0.001278 0.737587 0.029192
0.305425 0.214296 1.710222 0.675958 -0.000343 0.736389 0.028503
0.308354 0.212505 1.709575 0.677136 -0.002175 0.735315 0.028166
0.311368 0.211514 1.708958 0.677605 -0.003277 0.734951 0.026219
0.314827 0.210734 1.708136 0.677920 -0.003266 0.734708 0.024858
0.317929 0.209598 1.707386 0.678415 -0.003803 0.734268 0.024275
0.320577 0.208416 1.706790 0.678876 -0.004561 0.733846 0.023989
0.323397 0.207844 1.706095 0.679126 -0.004677 0.733669 0.022263
0.326874 0.207073 1.705075 0.679740 -0.004025 0.733130 0.021371
0.330064 0.205739 1.704179 0.680510 -0.004326 0.732416 0.021302
0.332815 0.204301 1.703482 0.681188 -0.005028 0.731776 0.021490
0.335741 0.203438 1.702795 0.681430 -0.005780 0.731588 0.019988
0.339379 0.202475 1.701856 0.681679 -0.006150 0.731378 0.019029
0.342698 0.201022 1.700994 0.682123 -0.007148 0.730956 0.018988
0.345552 0.199512 1.700302 0.682529 -0.008326 0.730558 0.019243
0.348419 0.198539 1.699489 0.682843 -0.009212 0.730278 0.018288
0.351700 0.197660 1.698081 0.683596 -0.009225 0.729580 0.018023
0.354627 0.196499 1.696715 0.684479 -0.009550 0.728734 0.018505
0.357119 0.195340 1.695574 0.685238 -0.010016 0.728000 0.019138
0.359816 0.194833 1.694631 0.685640 -0.009974 0.727642 0.018299
0.363309 0.194384 1.693919 0.685787 -0.009337 0.727535 0.017380
0.366492 0.193350 1.693412 0.685965 -0.009622 0.727368 0.017193
0.369238 0.192174 1.693056 0.686101 -0.010249 0.727229 0.017302
0.372028 0.191497 1.692632 0.686219 -0.010823 0.727128 0.016472
0.375263 0.191194 1.691758 0.686552 -0.010364 0.726827 0.016150
0.378104 0.190658 1.690841 0.687002 -0.010084 0.726398 0.016483
0.380508 0.190079 1.690056 0.687387 -0.009931 0.726025 0.016981
0.382985 0.189872 1.689306 0.687761 -0.009941 0.725684 0.016408
0.386113 0.189573 1.688368 0.688458 -0.009965 0.725025 0.016305
0.388939 0.188811 1.687528 0.689142 -0.010482 0.724354 0.016886
0.391353 0.187947 1.686860 0.689668 -0.011105 0.723827 0.017599
0.393746 0.187441 1.686203 0.690117 -0.012030 0.723392 0.017264
0.396573 0.187202 1.685076 0.690825 -0.012461 0.722711 0.017162
0.399031 0.186786 1.683928 0.691524 -0.012707 0.722027 0.017582
0.401092 0.186356 1.682945 0.692077 -0.012855 0.721482 0.018089
0.403017 0.186219 1.682140 0.692401 -0.013313 0.721173 0.017666
0.405116 0.186537 1.681273 0.692576 -0.013466 0.721019 0.017003
0.406904 0.186816 1.680406 0.692797 -0.013389 0.720813 0.016759
0.408393 0.187057 1.679649 0.692983 -0.013213 0.720640 0.016687
0.409786 0.187377 1.679102 0.692948 -0.013492 0.720685 0.015914
0.411403 0.187669 1.678895 0.692425 -0.014226 0.721196 0.014903
0.412832 0.187747 1.678754 0.691943 -0.014921 0.721656 0.014326
0.414043 0.187746 1.678652 0.691515 -0.015462 0.722061 0.013985
0.415134 0.187762 1.678522 0.691149 -0.016554 0.722408 0.012879
0.416051 0.188640 1.678200 0.690930 -0.016872 0.722644 0.010805
0.416734 0.189680 1.677798 0.690796 -0.016776 0.722797 0.009157
0.417411 0.190227 1.677438 0.690702 -0.017008 0.722893 0.008215
0.418018 0.190195 1.677218 0.690561 -0.017874 0.723013 0.007638
0.418808 0.190040 1.676958 0.690315 -0.019100 0.723223 0.006940
0.419592 0.190065 1.676708 0.690042 -0.019895 0.723467 0.006331
0.420176 0.190097 1.676465 0.689871 -0.020217 0.723624 0.006106
0.420700 0.190036 1.676266 0.689740 -0.021511 0.723722 0.004893
0.421295 0.189921 1.675985 0.689785 -0.023993 0.723613 0.002296
0.421795 0.189819 1.675745 0.689815 -0.025803 0.723525 0.000383
0.422195 0.189580 1.675566 0.689814 -0.027310 0.723470 -0.000921
0.422644 0.189216 1.675418 0.689783 -0.029744 0.723399 -0.003045
0.423411 0.188726 1.675050 0.689902 -0.033209 0.723114 -0.006325
0.424133 0.188142 1.674668 0.690019 -0.035943 0.722848 -0.008620
0.424769 0.187554 1.674335 0.690115 -0.038137 0.722622 -0.010242
0.425339 0.187068 1.673885 0.690263 -0.041480 0.722246 -0.013301
0.425982 0.186469 1.672955 0.690548 -0.047264 0.721501 -0.018555
0.426527 0.185821 1.672300 0.690568 -0.052066 0.721037 -0.022584
0.427033 0.185294 1.671616 0.690711 -0.055763 0.720521 -0.025623
0.427458 0.184769 1.670954 0.690870 -0.059945 0.719895 -0.029268
0.427857 0.184264 1.669982 0.691317 -0.066594 0.718600 -0.035486
0.428174 0.183879 1.669303 0.691414 -0.072680 0.717618 -0.041098
0.428454 0.183460 1.668806 0.691414 -0.077587 0.716845 -0.045404
0.428703 0.183123 1.668252 0.691472 -0.082470 0.715938 -0.049978
0.429030 0.182635 1.667143 0.691818 -0.089809 0.714188 -0.057073
0.429346 0.182124 1.666066 0.691989 -0.096986 0.712505 -0.063889
0.429641 0.181587 1.665122 0.692136 -0.102851 0.711047 -0.069146
0.429973 0.181105 1.664113 0.692418 -0.108317 0.709467 -0.074029
0.430604 0.180850 1.662785 0.692735 -0.115750 0.707195 -0.081216
0.430974 0.180613 1.661927 0.692411 -0.123310 0.705333 -0.088691
0.431060 0.180444 1.661548 0.691746 -0.129706 0.703983 -0.095251
0.431080 0.180459 1.661284 0.691100 -0.135142 0.702773 -0.101133
0.431098 0.180651 1.660938 0.690310 -0.141247 0.701353 -0.107819
0.431127 0.180887 1.660566 0.689476 -0.147286 0.699909 -0.114266
0.431154 0.181146 1.660217 0.688741 -0.152413 0.698623 -0.119716
0.431177 0.181443 1.659907 0.687985 -0.157230 0.697385 -0.124940
0.431198 0.181843 1.659492 0.686912 -0.163679 0.695675 -0.131899
0.431222 0.182201 1.659067 0.685869 -0.169696 0.694025 -0.138261
0.431246 0.182532 1.658690 0.684949 -0.174725 0.692604 -0.143581
0.431270 0.182882 1.658393 0.684014 -0.179375 0.691264 -0.148676
0.431373 0.183431 1.658233 0.682651 -0.185451 0.689476 -0.155622
0.431479 0.183967 1.658138 0.681386 -0.190810 0.687857 -0.161733
0.431557 0.184512 1.658094 0.680280 -0.195216 0.686476 -0.166911
0.431602 0.185096 1.658101 0.679206 -0.199211 0.685178 -0.171827
0.431595 0.185573 1.658087 0.677917 -0.204118 0.683583 -0.177423
0.431600 0.185895 1.658029 0.676805 -0.208354 0.682201 -0.182005
0.431609 0.186153 1.657961 0.675853 -0.211894 0.681027 -0.185812
0.431604 0.186444 1.657940 0.674880 -0.215286 0.679868 -0.189653
0.431586 0.186733 1.658074 0.673466 -0.220465 0.678004 -0.195317
0.431601 0.186942 1.658194 0.672326 -0.224923 0.676312 -0.199974
0.431617 0.187117 1.658272 0.671311 -0.228726 0.674867 -0.203910
0.431608 0.187346 1.658385 0.670274 -0.232267 0.673505 -0.207791
0.431461 0.187490 1.658494 0.668764 -0.237578 0.671451 -0.213225
0.431366 0.187454 1.658512 0.667510 -0.242264 0.669630 -0.217566
0.431291 0.187502 1.658464 0.666307 -0.246573 0.667898 -0.221697
0.431242 0.187440 1.658439 0.665053 -0.250675 0.666329 -0.225551
0.431141 0.187309 1.658390 0.662695 -0.257866 0.663543 -0.232489
0.431061 0.187118 1.658213 0.660654 -0.264192 0.661005 -0.238348
0.430974 0.187073 1.658126 0.659004 -0.269038 0.658982 -0.243054
0.430871 0.187134 1.658112 0.657518 -0.273139 0.657210 -0.247264
0.430697 0.186977 1.658072 0.655030 -0.279856 0.654347 -0.253863
0.430558 0.186651 1.657948 0.652910 -0.285663 0.651846 -0.259235
0.430431 0.186446 1.657899 0.651210 -0.290138 0.649856 -0.263501
0.430280 0.186433 1.657912 0.649704 -0.293900 0.648084 -0.267385
0.429845 0.186257 1.657734 0.646948 -0.300753 0.644946 -0.273954
0.429465 0.185897 1.657518 0.644447 -0.306909 0.642181 -0.279461
0.429123 0.185705 1.657372 0.642464 -0.311641 0.639963 -0.283844
0.428803 0.185635 1.657286 0.640752 -0.315578 0.638045 -0.287656
0.428078 0.185556 1.657218 0.637694 -0.322478 0.634607 -0.294327
0.427401 0.185249 1.657291 0.634812 -0.328714 0.631619 -0.300031
0.426786 0.185324 1.657560 0.632525 -0.333255 0.629239 -0.304816
0.426278 0.185510 1.657844 0.630647 -0.336830 0.627278 -0.308795
0.425811 0.185953 1.658219 0.627486 -0.342663 0.623969 -0.315447
0.425340 0.186308 1.658489 0.624046 -0.348999 0.620382 -0.322325
0.424950 0.186413 1.658693 0.621066 -0.354431 0.617384 -0.327864
0.424636 0.186546 1.658910 0.618646 -0.358699 0.614936 -0.332364
0.424275 0.186876 1.659048 0.615287 -0.364379 0.611475 -0.338745
0.423917 0.187162 1.659123 0.611710 -0.370326 0.607802 -0.345321
0.423613 0.187334 1.659175 0.608400 -0.375774 0.604438 -0.351137
0.423368 0.187464 1.659273 0.605663 -0.380143 0.601712 -0.355818
0.423257 0.187875 1.659414 0.602135 -0.385499 0.598207 -0.361901
0.423194 0.188254 1.659452 0.598458 -0.391094 0.594537 -0.367994
0.423148 0.188477 1.659422 0.595218 -0.396006 0.591350 -0.373094
0.423114 0.188684 1.659438 0.592554 -0.399903 0.588758 -0.377253
0.423274 0.189097 1.659354 0.588729 -0.405137 0.585064 -0.383358
0.423495 0.189497 1.659119 0.584928 -0.410247 0.581359 -0.389331
0.423701 0.189735 1.658878 0.581734 -0.414516 0.578307 -0.394109
0.423872 0.189964 1.658741 0.579161 -0.417838 0.575873 -0.397938
0.424037 0.190484 1.658725 0.575042 -0.423016 0.571944 -0.404060
0.424231 0.190912 1.658587 0.570864 -0.428382 0.567926 -0.409954
0.424407 0.191244 1.658419 0.567230 -0.433020 0.564441 -0.414909
0.424550 0.191515 1.658328 0.564296 -0.436657 0.561636 -0.418885
0.424780 0.191982 1.658285 0.560030 -0.441538 0.557644 -0.424787
0.425071 0.192360 1.658060 0.556121 -0.446054 0.553914 -0.430053
0.425319 0.192615 1.657862 0.552909 -0.449735 0.550858 -0.434264
0.425531 0.192843 1.657745 0.550351 -0.452576 0.548444 -0.437604
0.425787 0.193293 1.657739 0.546400 -0.456680 0.544847 -0.442754
0.426106 0.193628 1.657522 0.542886 -0.460466 0.541603 -0.447115
0.426378 0.193836 1.657355 0.540027 -0.463505 0.539010 -0.450558
0.426612 0.194000 1.657258 0.537775 -0.465818 0.537006 -0.453251
0.426729 0.194370 1.657228 0.534748 -0.468727 0.534309 -0.457005
0.426812 0.194634 1.656998 0.532064 -0.471451 0.531891 -0.460144
0.426887 0.194827 1.656807 0.529797 -0.473704 0.529919 -0.462714
0.426956 0.194977 1.656673 0.527983 -0.475440 0.528398 -0.464743
0.427075 0.195192 1.656617 0.526134 -0.476937 0.527032 -0.466852
0.427249 0.195307 1.656423 0.524601 -0.478238 0.525942 -0.468473
0.427419 0.195332 1.656251 0.523336 -0.479291 0.525143 -0.469707
0.427569 0.195350 1.656127 0.522358 -0.480046 0.524579 -0.470654
0.427548 0.195423 1.656189 0.521972 -0.480217 0.524592 -0.470892
0.427497 0.195377 1.656168 0.521695 -0.480524 0.524795 -0.470660
0.427459 0.195297 1.656157 0.521465 -0.480758 0.525016 -0.470431
0.427421 0.195205 1.656168 0.521244 -0.480906 0.525220 -0.470296
0.427212 0.194947 1.656296 0.522597 -0.479743 0.526785 -0.468228
0.426986 0.194710 1.656374 0.524132 -0.478615 0.528418 -0.465820
0.426787 0.194490 1.656431 0.525308 -0.477729 0.529750 -0.463887
0.426608 0.194276 1.656493 0.526194 -0.476996 0.530824 -0.462407
0.425840 0.193746 1.656558 0.530222 -0.473469 0.534856 -0.456751
0.424793 0.193517 1.656833 0.533862 -0.470057 0.538405 -0.451838
0.423838 0.193253 1.656959 0.536644 -0.467497 0.541134 -0.447922
0.423023 0.192958 1.657018 0.538823 -0.465469 0.543290 -0.444797
0.421621 0.192785 1.657137 0.545242 -0.459304 0.550425 -0.434492
0.420026 0.192966 1.657290 0.550384 -0.454515 0.557107 -0.424411
0.418655 0.193115 1.657360 0.554174 -0.450968 0.562419 -0.416178
0.417430 0.193319 1.657489 0.557237 -0.447826 0.566504 -0.409894
0.415554 0.193303 1.657753 0.562357 -0.441872 0.574878 -0.397514
