-0.040046 0.384165 1.471471 0.688265 -0.044289 0.723463 0.030520
-0.040511 0.384286 1.471541 0.688315 -0.044660 0.723423 0.029761
-0.040941 0.384413 1.471605 0.688368 -0.044902 0.723386 0.029079
-0.041315 0.384526 1.471657 0.688412 -0.045068 0.723357 0.028500
-0.041619 0.384544 1.471704 0.688527 -0.044979 0.723263 0.028257
-0.041906 0.384422 1.471743 0.688652 -0.044776 0.723154 0.028314
-0.042178 0.384319 1.471769 0.688746 -0.044579 0.723076 0.028339
-0.042418 0.384239 1.471787 0.688824 -0.044398 0.723013 0.028338
-0.042597 0.384152 1.471792 0.688934 -0.044325 0.722918 0.028187
-0.042548 0.383872 1.471667 0.689123 -0.044551 0.722732 0.027990
-0.042395 0.383548 1.471517 0.689226 -0.044825 0.722614 0.028070
-0.042217 0.383250 1.471386 0.689288 -0.045091 0.722532 0.028219
-0.042046 0.382990 1.471286 0.689344 -0.045296 0.722459 0.028399
-0.041685 0.382787 1.471586 0.689633 -0.045900 0.722144 0.028414
-0.041157 0.382561 1.472062 0.689848 -0.046837 0.721876 0.028476
-0.040612 0.382324 1.472507 0.689994 -0.047765 0.721669 0.028633
-0.040113 0.382105 1.472889 0.690102 -0.048589 0.721504 0.028817
-0.039673 0.381750 1.473496 0.690617 -0.048773 0.720997 0.028850
-0.039305 0.381300 1.474338 0.691026 -0.049181 0.720581 0.028767
-0.039003 0.380913 1.475101 0.691335 -0.049594 0.720260 0.028657
-0.038751 0.380585 1.475749 0.691575 -0.049958 0.720009 0.028551
-0.038462 0.380265 1.476535 0.692222 -0.048969 0.719461 0.028398
-0.037984 0.379764 1.477793 0.692840 -0.047611 0.718964 0.028221
-0.037452 0.379238 1.478977 0.693268 -0.046850 0.718603 0.028178
-0.036943 0.378743 1.479996 0.693581 -0.046391 0.718331 0.028202
-0.036396 0.378256 1.481030 0.693914 -0.045597 0.718055 0.028287
-0.035141 0.377355 1.483012 0.694068 -0.045102 0.717918 0.028811
-0.033562 0.376280 1.485016 0.694055 -0.045715 0.717855 0.029713
-0.032007 0.375230 1.486757 0.693979 -0.046646 0.717826 0.030702
-0.030604 0.374283 1.488253 0.693902 -0.047436 0.717811 0.031604
-0.028829 0.373185 1.490555 0.693696 -0.046238 0.718058 0.032255
-0.026744 0.371844 1.492957 0.693347 -0.046378 0.718339 0.033306
-0.024736 0.370530 1.495052 0.692998 -0.047031 0.718579 0.034458
-0.022950 0.369335 1.496818 0.692677 -0.047824 0.718783 0.035529
-0.021117 0.368248 1.499120 0.691719 -0.046598 0.719755 0.036143
-0.018967 0.366901 1.501752 0.690532 -0.046046 0.720882 0.037061
-0.016881 0.365540 1.504060 0.689537 -0.046230 0.721766 0.038144
-0.015021 0.364288 1.506004 0.688714 -0.046684 0.722467 0.039179
-0.013208 0.363403 1.508103 0.687678 -0.045710 0.723471 0.040003
-0.010865 0.362654 1.510766 0.686402 -0.044508 0.724708 0.040868
-0.008448 0.361723 1.513167 0.685338 -0.044411 0.725653 0.042023
-0.006234 0.360775 1.515202 0.684447 -0.044761 0.726402 0.043223
-0.004212 0.359962 1.517155 0.683566 -0.044561 0.727192 0.044075
-0.001537 0.359045 1.520098 0.682267 -0.043766 0.728424 0.044671
0.001368 0.357796 1.522888 0.681157 -0.044415 0.729352 0.045816
0.004077 0.356499 1.525270 0.680224 -0.045541 0.730067 0.047141
0.006454 0.355319 1.527304 0.679410 -0.046590 0.730680 0.048338
0.009288 0.354640 1.530398 0.677638 -0.045477 0.732385 0.048464
0.012541 0.353575 1.533549 0.676149 -0.046013 0.733683 0.049126
0.015642 0.352343 1.536272 0.674905 -0.047245 0.734679 0.050183
0.018382 0.351141 1.538558 0.673870 -0.048631 0.735461 0.051292
0.021254 0.350374 1.541479 0.672389 -0.047304 0.736862 0.051862
0.024714 0.349281 1.544836 0.670956 -0.047092 0.738121 0.052698
0.028091 0.347918 1.547773 0.669759 -0.047943 0.739058 0.054015
0.031106 0.346553 1.550245 0.668765 -0.049123 0.739777 0.055413
0.033971 0.345596 1.552786 0.667568 -0.048292 0.740870 0.055960
0.037534 0.344552 1.555751 0.666131 -0.046985 0.742214 0.056391
0.041134 0.343110 1.558358 0.664920 -0.047119 0.743198 0.057600
0.044392 0.341613 1.560559 0.663899 -0.047816 0.743954 0.059036
0.047293 0.340400 1.562706 0.662964 -0.047429 0.744728 0.060067
0.050732 0.339467 1.566165 0.661900 -0.045215 0.745845 0.059664
0.054315 0.338028 1.569444 0.661010 -0.045022 0.746620 0.059976
0.057605 0.336455 1.572240 0.660229 -0.045613 0.747214 0.060734
0.060475 0.334987 1.574618 0.659551 -0.046261 0.747705 0.061561
0.063963 0.334061 1.578146 0.658456 -0.043920 0.748845 0.061142
0.067982 0.332436 1.581712 0.657498 -0.044028 0.749647 0.061537
0.071798 0.330529 1.584770 0.656654 -0.045165 0.750229 0.062623
0.075161 0.328667 1.587333 0.655931 -0.046604 0.750667 0.063882
0.078523 0.327654 1.590219 0.655404 -0.044854 0.751326 0.062792
0.082274 0.326528 1.593195 0.654958 -0.043843 0.751886 0.061450
0.085816 0.325092 1.595750 0.654506 -0.043957 0.752304 0.061064
0.088941 0.323628 1.597902 0.654069 -0.044532 0.752644 0.061142
0.092014 0.322617 1.600397 0.653583 -0.042754 0.753224 0.060450
0.096140 0.321296 1.603817 0.652992 -0.041064 0.753941 0.059051
0.100375 0.319288 1.606863 0.652396 -0.041408 0.754437 0.059078
0.104228 0.317144 1.609431 0.651815 -0.042485 0.754823 0.059793
0.107652 0.315345 1.611815 0.651289 -0.042546 0.755231 0.060315
0.111570 0.314311 1.614934 0.650743 -0.040332 0.755961 0.058575
0.115509 0.312817 1.617732 0.650186 -0.039823 0.756523 0.057829
0.119067 0.311161 1.620096 0.649628 -0.040109 0.756988 0.057831
0.122148 0.309592 1.622115 0.649106 -0.040498 0.757390 0.058147
0.125666 0.308417 1.625361 0.648629 -0.038646 0.758054 0.056035
0.129770 0.306442 1.628641 0.648109 -0.039427 0.758545 0.054845
0.133679 0.304115 1.631433 0.647544 -0.041187 0.758934 0.054846
0.137126 0.301846 1.633765 0.646971 -0.043141 0.759278 0.055370
0.140387 0.300526 1.636512 0.646547 -0.041414 0.759825 0.054109
0.144167 0.299353 1.639338 0.645984 -0.040061 0.760515 0.052126
0.148123 0.297639 1.641724 0.645352 -0.040177 0.761076 0.051673
0.151767 0.295720 1.643691 0.644707 -0.040994 0.761547 0.052135
0.155005 0.294282 1.645846 0.644060 -0.039271 0.762155 0.052579
0.158489 0.293273 1.648635 0.643251 -0.036809 0.763050 0.051270
0.162302 0.291727 1.651104 0.642372 -0.036170 0.763838 0.050998
0.165999 0.289813 1.653126 0.641530 -0.036582 0.764471 0.051813
0.169309 0.288086 1.654931 0.640725 -0.036116 0.765077 0.053143
0.172686 0.287237 1.657298 0.639435 -0.033028 0.766276 0.053419
0.176342 0.285980 1.659476 0.638124 -0.031705 0.767383 0.054001
0.179924 0.284330 1.661240 0.636993 -0.031533 0.768226 0.055445
0.183136 0.282657 1.662655 0.636057 -0.031655 0.768865 0.057241
0.186397 0.281930 1.664539 0.635148 -0.028558 0.769765 0.056852
0.190027 0.280797 1.666554 0.634151 -0.027677 0.770688 0.055915
0.193853 0.279070 1.668250 0.633275 -0.028138 0.771369 0.056219
0.197432 0.277107 1.669580 0.632619 -0.029255 0.771786 0.057307
0.200943 0.276159 1.670978 0.632173 -0.027405 0.772158 0.058116
0.204726 0.275656 1.672501 0.631665 -0.025599 0.772630 0.058203
0.208463 0.274677 1.673783 0.631254 -0.025017 0.772926 0.058971
0.211852 0.273495 1.674792 0.630998 -0.025096 0.773043 0.060128
0.215002 0.272701 1.675871 0.630518 -0.023936 0.773451 0.060400
0.218649 0.272003 1.677492 0.629616 -0.022719 0.774305 0.059329
0.222573 0.270531 1.678979 0.628875 -0.023098 0.774896 0.059323
0.226311 0.268659 1.680161 0.628429 -0.024335 0.775156 0.060149
0.229716 0.267011 1.681121 0.628025 -0.025119 0.775404 0.060837
0.233555 0.266449 1.682023 0.627101 -0.023744 0.776262 0.059976
0.237610 0.265389 1.682747 0.626354 -0.023336 0.776865 0.060139
0.241429 0.263926 1.683267 0.625933 -0.023778 0.777121 0.061043
0.244814 0.262436 1.683650 0.625697 -0.024487 0.777203 0.062133
0.248718 0.261658 1.684366 0.625358 -0.023921 0.777527 0.061695
0.252844 0.260284 1.685291 0.625232 -0.024784 0.777605 0.061648
0.256619 0.258570 1.686114 0.625283 -0.026377 0.777477 0.062081
0.259915 0.256876 1.686800 0.625411 -0.028086 0.777265 0.062692
0.263288 0.255936 1.687359 0.624924 -0.027968 0.777753 0.061549
0.266972 0.254954 1.687744 0.624523 -0.027738 0.778154 0.060638
0.270350 0.253684 1.688013 0.624394 -0.028164 0.778260 0.060424
0.273301 0.252398 1.688213 0.624396 -0.028846 0.778227 0.060501
0.276233 0.251573 1.688391 0.624106 -0.028307 0.778526 0.059902
0.279976 0.250545 1.688606 0.623709 -0.027117 0.778914 0.059547
0.283621 0.248843 1.688790 0.623672 -0.027294 0.778898 0.060056
0.286876 0.246998 1.688941 0.623792 -0.028047 0.778712 0.060864
0.289813 0.245462 1.689042 0.623897 -0.028619 0.778584 0.061156
0.293220 0.244729 1.688953 0.623996 -0.027507 0.778599 0.060465
0.296418 0.243722 1.688847 0.624292 -0.027070 0.778384 0.060368
0.299216 0.242629 1.688763 0.624638 -0.027083 0.778096 0.060503
0.301616 0.241616 1.688705 0.624963 -0.027288 0.777820 0.060612
0.304675 0.241164 1.688383 0.625093 -0.025882 0.777899 0.058844
0.307985 0.239969 1.687970 0.625581 -0.025364 0.777554 0.058432
0.311025 0.238423 1.687603 0.626178 -0.025655 0.777049 0.058635
0.313675 0.236872 1.687307 0.626754 -0.026268 0.776534 0.059029
0.316562 0.236059 1.686998 0.627145 -0.025891 0.776318 0.057869
0.319706 0.235134 1.686742 0.627567 -0.025407 0.776052 0.057070
0.322549 0.233917 1.686559 0.628030 -0.025605 0.775691 0.056807
0.325010 0.232684 1.686439 0.628457 -0.026088 0.775331 0.056767
0.327521 0.231900 1.686226 0.628842 -0.026206 0.775103 0.055558
0.330766 0.231019 1.685794 0.629461 -0.025876 0.774692 0.054425
0.333861 0.229579 1.685399 0.630178 -0.026421 0.774102 0.054256
0.336594 0.228018 1.685083 0.630843 -0.027330 0.773514 0.054460
0.339068 0.226737 1.684799 0.631388 -0.028179 0.773062 0.054126
0.342120 0.226210 1.684311 0.631851 -0.027698 0.772812 0.052524
0.345006 0.225372 1.683819 0.632395 -0.027629 0.772421 0.051768
0.347531 0.224421 1.683403 0.632909 -0.027871 0.772014 0.051423
0.349695 0.223525 1.683068 0.633353 -0.028238 0.771651 0.051185
0.352302 0.223420 1.682501 0.633972 -0.027158 0.771296 0.049457
0.354867 0.223056 1.681958 0.634646 -0.026184 0.770831 0.048562
0.357127 0.222488 1.681520 0.635249 -0.025713 0.770380 0.048090
0.359062 0.221885 1.681186 0.635752 -0.025508 0.769988 0.047813
0.361340 0.221529 1.680542 0.636319 -0.025517 0.769638 0.045875
0.364078 0.220626 1.679420 0.637287 -0.025657 0.768881 0.045041
0.366643 0.219328 1.678314 0.638301 -0.026238 0.768014 0.045141
0.368895 0.217981 1.677362 0.639196 -0.026987 0.767219 0.045551
0.371171 0.217123 1.676498 0.639929 -0.027162 0.766634 0.045015
0.373921 0.216580 1.675542 0.640566 -0.026012 0.766177 0.044407
0.376457 0.215705 1.674652 0.641210 -0.025418 0.765653 0.044472
0.378668 0.214752 1.673901 0.641777 -0.025170 0.765168 0.044790
0.380688 0.213974 1.673231 0.642312 -0.025396 0.764742 0.044278
0.383356 0.213501 1.672242 0.643283 -0.025793 0.764037 0.042064
0.385915 0.212597 1.671288 0.644261 -0.026486 0.763248 0.040974
0.388172 0.211555 1.670480 0.645108 -0.027340 0.762531 0.040433
0.390109 0.210562 1.669823 0.645803 -0.028204 0.761929 0.040083
0.392515 0.209833 1.669204 0.646377 -0.029529 0.761512 0.037744
0.394976 0.208591 1.668695 0.646869 -0.031103 0.761090 0.036539
0.397187 0.207159 1.668287 0.647290 -0.032798 0.760686 0.035998
0.399097 0.205787 1.667969 0.647626 -0.034366 0.760342 0.035766
0.401056 0.204931 1.667407 0.648155 -0.035927 0.759923 0.033479
0.403057 0.204223 1.666600 0.648909 -0.036896 0.759324 0.031360
0.404816 0.203467 1.665852 0.649601 -0.037768 0.758746 0.029941
0.406317 0.202760 1.665221 0.650181 -0.038533 0.758250 0.028922
0.407758 0.202267 1.664621 0.650650 -0.039240 0.757876 0.027151
0.409413 0.201731 1.663919 0.651080 -0.039522 0.757558 0.025282
0.410956 0.200954 1.663259 0.651503 -0.039995 0.757204 0.024221
0.412312 0.200139 1.662694 0.651871 -0.040528 0.756879 0.023593
0.413554 0.199420 1.662169 0.652221 -0.041377 0.756564 0.022529
0.415241 0.198419 1.661266 0.652901 -0.042819 0.755943 0.020907
0.416949 0.196948 1.660303 0.653633 -0.044419 0.755228 0.020516
0.418497 0.195392 1.659447 0.654278 -0.045996 0.754572 0.020646
0.419570 0.194538 1.658833 0.654628 -0.046012 0.754288 0.019873
0.420587 0.195151 1.658008 0.655243 -0.045340 0.753908 0.014942
0.421779 0.195319 1.657164 0.655957 -0.045484 0.753337 0.011629
0.422765 0.195413 1.656502 0.656457 -0.045402 0.752945 0.008793
0.423628 0.195424 1.655958 0.656879 -0.045447 0.752596 0.006635
0.424493 0.195103 1.655519 0.657364 -0.047215 0.752088 0.002690
0.425313 0.194219 1.655397 0.657575 -0.049148 0.751783 -0.001370
0.426188 0.193534 1.655275 0.657830 -0.050555 0.751453 -0.004680
0.427104 0.192906 1.655052 0.658230 -0.051850 0.750998 -0.006897
0.428088 0.192494 1.654719 0.658893 -0.054159 0.750215 -0.010191
0.429254 0.192030 1.654447 0.659664 -0.057031 0.749264 -0.013966
0.430258 0.191626 1.654316 0.660252 -0.059291 0.748507 -0.016973
0.431212 0.191273 1.654053 0.660973 -0.061020 0.747685 -0.018933
0.431739 0.190866 1.654009 0.661405 -0.063094 0.747051 -0.021816
0.431818 0.190748 1.654307 0.661841 -0.067751 0.746029 -0.028597
0.431841 0.190791 1.654542 0.662263 -0.071953 0.745004 -0.034646
0.431874 0.190933 1.654747 0.662612 -0.075499 0.744089 -0.039711
0.431913 0.191117 1.654930 0.662903 -0.078481 0.743284 -0.043922
0.431950 0.191502 1.655678 0.663485 -0.083348 0.741863 -0.049796
0.432046 0.191993 1.656314 0.664538 -0.088141 0.739983 -0.055183
0.432125 0.192497 1.656817 0.665016 -0.093526 0.738409 -0.061311
0.432171 0.192969 1.657224 0.665251 -0.098693 0.737015 -0.067154
0.432134 0.193473 1.657883 0.665586 -0.104514 0.735350 -0.073023
0.432094 0.193945 1.658573 0.666501 -0.110589 0.733095 -0.078221
0.432096 0.194364 1.659115 0.666800 -0.117213 0.731152 -0.084004
0.432092 0.194696 1.659571 0.666775 -0.123883 0.729362 -0.089978
0.432046 0.195043 1.660063 0.666597 -0.131091 0.727463 -0.096229
0.431951 0.195478 1.660710 0.666920 -0.138784 0.724975 -0.101819
0.431910 0.195891 1.661228 0.666801 -0.146673 0.722680 -0.107694
0.431877 0.196237 1.661662 0.666388 -0.154323 0.720542 -0.113707
0.431826 0.196562 1.662076 0.665780 -0.161990 0.718406 -0.119952
0.431675 0.197074 1.662890 0.665486 -0.170760 0.715678 -0.125596
0.431601 0.197609 1.663622 0.665295 -0.179038 0.712870 -0.130935
0.431552 0.198053 1.664189 0.664597 -0.187356 0.710318 -0.136593
0.431504 0.198437 1.664687 0.663690 -0.195190 0.707901 -0.142450
0.431340 0.198937 1.665293 0.662599 -0.204599 0.704944 -0.148844
0.431205 0.199312 1.665843 0.661503 -0.213922 0.701955 -0.154633
0.431115 0.199591 1.666276 0.660276 -0.222628 0.699089 -0.160456
0.431039 0.199758 1.666583 0.658870 -0.230897 0.696355 -0.166331
0.430874 0.200043 1.666992 0.657348 -0.239707 0.693327 -0.172427
0.430693 0.200319 1.667414 0.655855 -0.248878 0.690123 -0.177888
0.430566 0.200513 1.667750 0.654252 -0.257449 0.687063 -0.183355
0.430462 0.200635 1.667987 0.652540 -0.265472 0.684122 -0.188928
0.430335 0.200809 1.668223 0.650593 -0.273811 0.680958 -0.195070
0.430162 0.201097 1.668520 0.648455 -0.283131 0.677357 -0.201319
0.430028 0.201299 1.668735 0.646291 -0.291838 0.673924 -0.207280
0.429909 0.201494 1.668920 0.644019 -0.299926 0.670657 -0.213317
0.429776 0.201664 1.669073 0.641715 -0.307555 0.667500 -0.219213
0.429405 0.201889 1.669348 0.638989 -0.316666 0.663454 -0.226372
0.429104 0.201827 1.669644 0.635314 -0.326997 0.659252 -0.234171
0.428835 0.201836 1.670050 0.631835 -0.335906 0.655575 -0.241191
0.428642 0.201773 1.670312 0.629059 -0.343081 0.652522 -0.246567
0.428223 0.201990 1.670583 0.625677 -0.352189 0.648004 -0.254129
0.427841 0.202076 1.671192 0.621496 -0.361794 0.643883 -0.261270
0.427528 0.202212 1.671772 0.618104 -0.369481 0.640461 -0.266908
0.427269 0.202317 1.672226 0.615360 -0.375666 0.637611 -0.271402
0.426836 0.202593 1.672769 0.612572 -0.381711 0.634694 -0.276071
0.426336 0.202741 1.673662 0.608749 -0.388891 0.632018 -0.280610
0.425869 0.202980 1.674494 0.605784 -0.394433 0.629768 -0.284327
0.425444 0.203229 1.675220 0.603361 -0.398853 0.627878 -0.287474
0.425000 0.203510 1.675921 0.600978 -0.403035 0.626033 -0.290639
0.424498 0.203769 1.676808 0.597642 -0.408479 0.624064 -0.294130
0.424054 0.204109 1.677430 0.595437 -0.412457 0.622410 -0.296548
0.423680 0.204379 1.677841 0.593855 -0.415507 0.621055 -0.298297
0.423318 0.204648 1.678263 0.592421 -0.418022 0.619975 -0.299875
0.422882 0.204830 1.678784 0.590854 -0.420335 0.619435 -0.300850
0.422500 0.204853 1.679493 0.588732 -0.423073 0.618918 -0.302233
0.422208 0.204804 1.680223 0.586823 -0.425441 0.618538 -0.303397
0.421946 0.204858 1.680643 0.585807 -0.426840 0.618224 -0.304034
0.421649 0.204607 1.681392 0.584212 -0.428232 0.619719 -0.302098
0.421410 0.204123 1.682082 0.582102 -0.430443 0.621121 -0.300143
0.421241 0.203569 1.682621 0.580266 -0.432465 0.622288 -0.298367
0.421142 0.202944 1.683039 0.578584 -0.434440 0.623245 -0.296761
0.421015 0.202215 1.683640 0.577679 -0.434658 0.626206 -0.291936
0.420775 0.201767 1.684112 0.576704 -0.434638 0.629624 -0.286487
0.420458 0.201692 1.684359 0.576152 -0.434254 0.632348 -0.282150
0.420117 0.201815 1.684510 0.575835 -0.433694 0.634531 -0.278738
0.419589 0.201868 1.684797 0.576203 -0.431874 0.637617 -0.273716
0.418488 0.202376 1.685198 0.577065 -0.428579 0.641740 -0.267366
0.417291 0.203535 1.685413 0.578151 -0.425121 0.644972 -0.262724
0.416144 0.204900 1.685544 0.579229 -0.421855 0.647539 -0.259277
0.415028 0.206126 1.685709 0.580500 -0.418346 0.650178 -0.255489
0.413270 0.206859 1.686177 0.582054 -0.413470 0.654711 -0.248212
0.411507 0.208001 1.686474 0.583469 -0.408966 0.658353 -0.242654
0.409903 0.209274 1.686684 0.584733 -0.404929 0.661266 -0.238427
0.408495 0.210488 1.686856 0.585778 -0.401452 0.663624 -0.235169
0.406726 0.211245 1.686972 0.587815 -0.396054 0.667969 -0.226784
0.404863 0.212436 1.686625 0.589804 -0.390919 0.671643 -0.219565
0.403149 0.213848 1.686164 0.591660 -0.386181 0.674573 -0.213903
0.401632 0.215226 1.685742 0.593220 -0.382052 0.676934 -0.209491
0.399784 0.216497 1.685631 0.595494 -0.375999 0.680524 -0.202234
0.397413 0.218701 1.685491 0.598019 -0.368811 0.684212 -0.195463
0.395094 0.221400 1.685259 0.600393 -0.361966 0.687132 -0.190680
0.392983 0.224060 1.685032 0.602417 -0.355899 0.689479 -0.187208
0.390835 0.226149 1.685048 0.604533 -0.349480 0.692241 -0.182223
0.388234 0.227590 1.685554 0.606719 -0.342297 0.695824 -0.174797
0.385867 0.229055 1.686096 0.608429 -0.336135 0.698735 -0.169109
0.383809 0.230407 1.686599 0.609722 -0.331010 0.701086 -0.164773
0.381955 0.231485 1.687115 0.610812 -0.326338 0.703298 -0.160572
0.379452 0.232128 1.687773 0.611641 -0.320746 0.706707 -0.153568
0.377018 0.233243 1.688085 0.612523 -0.315376 0.709536 -0.148028
0.374838 0.234508 1.688261 0.613325 -0.310564 0.711832 -0.143804
0.372945 0.235706 1.688387 0.613964 -0.306451 0.713710 -0.140548
0.370843 0.236653 1.689126 0.615156 -0.300221 0.716546 -0.134212
0.368739 0.237869 1.690065 0.616078 -0.294393 0.719087 -0.129206
0.366842 0.239143 1.690924 0.616751 -0.289431 0.721163 -0.125586
0.365194 0.240317 1.691657 0.617237 -0.285295 0.722863 -0.122858
0.363352 0.240850 1.692844 0.617577 -0.280122 0.725442 -0.117748
0.361311 0.240972 1.694430 0.617614 -0.274650 0.728468 -0.111599
0.359516 0.241156 1.695836 0.617550 -0.270046 0.730977 -0.106672
0.357979 0.241349 1.697025 0.617398 -0.266302 0.733031 -0.102805
0.356651 0.241492 1.698252 0.617407 -0.262078 0.735162 -0.098288
0.355540 0.241647 1.699769 0.617565 -0.256632 0.737719 -0.092328
0.354601 0.241805 1.701066 0.617674 -0.251913 0.739871 -0.087232
0.353811 0.241943 1.702132 0.617674 -0.248114 0.741623 -0.083147
0.353089 0.242024 1.703118 0.617703 -0.244444 0.743240 -0.079279
0.352037 0.241622 1.705030 0.617437 -0.239141 0.745741 -0.073848
0.351099 0.241106 1.706981 0.617210 -0.234201 0.748009 -0.068441
0.350313 0.240611 1.708678 0.616899 -0.230282 0.749873 -0.064006
0.349660 0.240169 1.710094 0.616550 -0.227207 0.751392 -0.060438
0.348894 0.240181 1.712095 0.616399 -0.221290 0.753649 -0.055647
0.348056 0.240555 1.714270 0.616224 -0.214894 0.755960 -0.051124
0.347269 0.241011 1.716171 0.616031 -0.209307 0.757930 -0.047319
0.346577 0.241452 1.717757 0.615770 -0.204777 0.759556 -0.044359
0.345905 0.241848 1.719412 0.616083 -0.198487 0.761213 -0.039990
0.345258 0.241985 1.721461 0.616525 -0.191735 0.762836 -0.034883
