0.291168 0.212454 1.823667 0.517367 -0.127732 0.846135 -0.008373
0.289747 0.211767 1.827275 0.515490 -0.122220 0.848132 -0.002138
0.288606 0.210836 1.830502 0.513616 -0.118036 0.849854 0.003834
0.287700 0.209916 1.833132 0.511954 -0.115061 0.851229 0.008593
0.286692 0.209139 1.836075 0.510222 -0.110445 0.852798 0.014529
0.285623 0.208168 1.839657 0.507807 -0.105902 0.854676 0.021095
0.284734 0.207145 1.842715 0.505581 -0.102805 0.856226 0.026357
0.284016 0.206222 1.845193 0.503696 -0.100570 0.857464 0.030537
0.283056 0.205278 1.848719 0.501426 -0.096418 0.859032 0.036610
0.282141 0.204010 1.852353 0.498779 -0.094445 0.860596 0.040914
0.281382 0.202760 1.855399 0.496488 -0.093344 0.861872 0.044307
0.280781 0.201724 1.858101 0.494699 -0.091430 0.862902 0.048084
0.280481 0.200508 1.861467 0.492789 -0.088879 0.864025 0.052154
0.280361 0.198960 1.864440 0.490968 -0.087865 0.864957 0.055497
0.280327 0.197465 1.866861 0.489454 -0.087431 0.865673 0.058309
0.280303 0.196403 1.869603 0.487840 -0.084774 0.866527 0.062891
0.280349 0.195402 1.872738 0.485701 -0.082597 0.867653 0.066708
0.280427 0.194362 1.875356 0.483859 -0.081307 0.868561 0.069790
0.280520 0.193432 1.877479 0.482373 -0.080299 0.869262 0.072459
0.280949 0.192401 1.880410 0.480865 -0.077145 0.870024 0.076650
0.281611 0.190626 1.883258 0.479267 -0.076208 0.870683 0.080037
0.282289 0.188727 1.885599 0.477959 -0.076112 0.871128 0.083060
0.282948 0.187102 1.887795 0.476849 -0.075025 0.871502 0.086427
0.283858 0.185314 1.890745 0.475246 -0.073472 0.872197 0.089532
0.284791 0.183187 1.893322 0.473806 -0.073292 0.872705 0.092312
0.285637 0.181170 1.895411 0.472655 -0.073551 0.873045 0.094766
0.286764 0.179552 1.898060 0.471276 -0.072399 0.873502 0.098251
0.288172 0.177528 1.901182 0.469487 -0.072506 0.874137 0.101040
0.289462 0.175343 1.903789 0.468036 -0.073350 0.874546 0.103589
0.290593 0.173383 1.905928 0.466913 -0.073992 0.874787 0.106137
0.292041 0.172017 1.909172 0.465006 -0.071597 0.875463 0.110489
0.293470 0.170272 1.912205 0.463107 -0.070811 0.876103 0.113846
0.294731 0.168516 1.914678 0.461599 -0.070633 0.876528 0.116772
0.295976 0.167122 1.917077 0.460283 -0.069643 0.876900 0.119729
0.297475 0.165638 1.920345 0.458444 -0.068681 0.877647 0.121848
0.298804 0.163787 1.923231 0.456828 -0.068891 0.878209 0.123735
0.299946 0.162005 1.925596 0.455547 -0.069415 0.878591 0.125442
0.301434 0.160381 1.928259 0.454156 -0.069055 0.879099 0.127116
0.303260 0.157991 1.931024 0.452737 -0.069984 0.879539 0.128619
0.304946 0.155369 1.933291 0.451692 -0.071538 0.879698 0.130335
0.306468 0.153018 1.935175 0.450950 -0.072811 0.879681 0.132303
0.308743 0.151555 1.937855 0.450118 -0.071980 0.879672 0.135609
0.310792 0.149993 1.940286 0.449285 -0.071903 0.879713 0.138124
0.312511 0.148521 1.942272 0.448642 -0.072081 0.879691 0.140246
0.314441 0.147471 1.944262 0.448040 -0.071421 0.879725 0.142276
0.317372 0.146202 1.946574 0.447328 -0.070693 0.879856 0.144063
0.320129 0.144401 1.948375 0.446974 -0.070894 0.879676 0.146146
0.322508 0.142590 1.949789 0.446816 -0.071385 0.879384 0.148129
0.325300 0.141128 1.951517 0.446658 -0.070524 0.879172 0.150266
0.328262 0.139160 1.953217 0.446542 -0.070420 0.878898 0.152246
0.330851 0.137014 1.954573 0.446584 -0.070914 0.878489 0.154244
0.333165 0.135096 1.955734 0.446710 -0.071360 0.878082 0.155980
0.336861 0.132944 1.957394 0.447005 -0.071391 0.877723 0.157140
0.340490 0.129822 1.958697 0.447550 -0.072774 0.876991 0.159030
0.343634 0.126605 1.959707 0.448163 -0.074551 0.876153 0.161085
0.346874 0.124050 1.960916 0.448640 -0.075592 0.875536 0.162617
0.350703 0.121906 1.962497 0.448838 -0.076063 0.875237 0.163461
0.354022 0.119690 1.963725 0.449131 -0.076833 0.874815 0.164547
0.356777 0.117696 1.964702 0.449431 -0.077587 0.874396 0.165604
0.360455 0.116059 1.965841 0.449709 -0.077806 0.874095 0.166327
0.364554 0.113848 1.966502 0.450384 -0.078493 0.873426 0.167687
0.368171 0.111484 1.966828 0.451233 -0.079429 0.872571 0.169412
0.371388 0.109394 1.967086 0.452085 -0.080160 0.871772 0.170903
0.375632 0.107420 1.967469 0.453323 -0.080189 0.870988 0.171605
0.379548 0.104983 1.967548 0.454674 -0.080828 0.869970 0.172891
0.382861 0.102599 1.967533 0.455907 -0.081665 0.868971 0.174272
0.386150 0.100625 1.967818 0.456820 -0.081694 0.868397 0.174724
0.389861 0.098142 1.968360 0.457506 -0.081817 0.868023 0.174725
0.393107 0.095251 1.968728 0.458245 -0.082713 0.867407 0.175424
0.395808 0.092506 1.969019 0.458911 -0.083801 0.866775 0.176294
0.399687 0.090263 1.969207 0.459787 -0.084316 0.866201 0.176586
0.403991 0.087793 1.968635 0.461267 -0.084776 0.865138 0.177714
0.407794 0.085395 1.967826 0.462844 -0.085268 0.863937 0.179211
0.411138 0.083402 1.967156 0.464238 -0.085440 0.862915 0.180446
0.414809 0.081875 1.967058 0.465265 -0.084644 0.862397 0.180650
0.417950 0.080205 1.966952 0.466158 -0.084346 0.861854 0.181079
0.420537 0.078649 1.966860 0.466916 -0.084270 0.861345 0.181584
0.422953 0.077371 1.966912 0.467103 -0.084280 0.861408 0.180798
0.425500 0.076376 1.966725 0.467119 -0.083675 0.861838 0.178978
0.427833 0.075315 1.966311 0.467430 -0.083415 0.861854 0.178211
0.429766 0.074242 1.965940 0.467690 -0.083561 0.861770 0.177869
0.431494 0.072812 1.966219 0.467299 -0.084410 0.862366 0.175589
0.433399 0.071246 1.966431 0.467164 -0.084948 0.862750 0.173792
0.435353 0.069732 1.966124 0.467657 -0.085105 0.862626 0.173007
0.436777 0.068332 1.966201 0.467529 -0.085673 0.862886 0.171772
0.438711 0.066616 1.966223 0.467491 -0.085778 0.863055 0.170971
0.440874 0.064595 1.965670 0.468196 -0.085923 0.862572 0.171402
0.442337 0.062602 1.965569 0.468155 -0.086903 0.862512 0.171322
0.443828 0.060796 1.965803 0.467947 -0.087508 0.862743 0.170421
0.445740 0.058816 1.965884 0.468121 -0.087496 0.862784 0.169737
0.447394 0.056816 1.965887 0.468299 -0.087781 0.862713 0.169456
0.448776 0.054994 1.965905 0.468436 -0.088243 0.862604 0.169398
0.450387 0.052796 1.966049 0.468399 -0.088475 0.862673 0.169023
0.451981 0.049854 1.966148 0.468382 -0.089613 0.862490 0.169407
0.453371 0.046855 1.966208 0.468399 -0.091076 0.862187 0.170120
0.454623 0.044002 1.966301 0.468434 -0.092250 0.861915 0.170773
0.456104 0.040173 1.966389 0.468640 -0.092896 0.861581 0.171538
0.457435 0.035668 1.966478 0.468821 -0.094743 0.860960 0.173142
0.458518 0.031304 1.966614 0.468924 -0.096956 0.860293 0.174949
0.459580 0.027094 1.966876 0.468882 -0.099130 0.859866 0.175935
0.460367 0.022321 1.967371 0.468510 -0.101998 0.859566 0.176749
0.460870 0.017560 1.967888 0.468090 -0.105118 0.859166 0.177978
0.461257 0.013249 1.968380 0.467702 -0.108045 0.858732 0.179333
0.461916 0.008447 1.968917 0.467333 -0.109844 0.858040 0.182486
0.462576 0.003117 1.969481 0.466772 -0.112507 0.857289 0.185803
0.463115 -0.001963 1.970029 0.466176 -0.115532 0.856535 0.188893
0.463604 -0.006621 1.970538 0.465603 -0.118345 0.855969 0.191115
0.464212 -0.011861 1.971065 0.464919 -0.121199 0.855713 0.192135
0.464748 -0.017116 1.971564 0.464182 -0.124518 0.855350 0.193409
0.465193 -0.021840 1.972013 0.463526 -0.127678 0.854931 0.194773
0.465742 -0.026572 1.972519 0.463170 -0.129798 0.854349 0.196759
0.466331 -0.032185 1.973160 0.462769 -0.132392 0.853607 0.199181
0.466823 -0.037666 1.973748 0.462327 -0.135481 0.852794 0.201595
0.467242 -0.042520 1.974257 0.461927 -0.138393 0.852022 0.203786
0.467875 -0.048285 1.974690 0.461243 -0.141377 0.851309 0.206255
0.468449 -0.054526 1.975083 0.460354 -0.145133 0.850562 0.208698
0.468904 -0.060231 1.975424 0.459549 -0.148779 0.849800 0.210999
0.469333 -0.065319 1.975724 0.458950 -0.151685 0.849035 0.213298
0.469838 -0.070875 1.976053 0.458482 -0.154201 0.848160 0.215964
0.470260 -0.076128 1.976326 0.458042 -0.156855 0.847276 0.218444
0.470608 -0.080639 1.976542 0.457689 -0.159223 0.846463 0.220612
0.471030 -0.085417 1.976999 0.457312 -0.161386 0.845721 0.222656
0.471586 -0.091058 1.977497 0.456978 -0.164081 0.844838 0.224715
0.472045 -0.096283 1.977865 0.456641 -0.166787 0.843986 0.226604
0.472428 -0.100749 1.978167 0.456349 -0.169128 0.843221 0.228296
0.473011 -0.105827 1.978459 0.455870 -0.171839 0.842374 0.230347
0.473510 -0.110877 1.978693 0.455378 -0.174670 0.841513 0.232328
0.473911 -0.115274 1.978860 0.455002 -0.177171 0.840696 0.234124
0.474343 -0.119324 1.979095 0.454744 -0.179368 0.839815 0.236105
0.474917 -0.124196 1.979519 0.454572 -0.181923 0.838648 0.238619
0.475405 -0.128748 1.979819 0.454493 -0.184350 0.837498 0.240935
0.475805 -0.132592 1.980035 0.454474 -0.186349 0.836486 0.242938
0.476290 -0.136852 1.980336 0.454154 -0.188621 0.835581 0.244887
0.476790 -0.141677 1.980578 0.453716 -0.191145 0.834720 0.246671
0.477191 -0.145976 1.980730 0.453379 -0.193387 0.833907 0.248291
0.477539 -0.149658 1.980870 0.453088 -0.195373 0.833152 0.249795
0.478146 -0.154397 1.981275 0.452428 -0.198657 0.832134 0.251787
0.478730 -0.158983 1.981502 0.451988 -0.201584 0.831114 0.253613
0.479201 -0.162885 1.981640 0.451686 -0.203979 0.830187 0.255268
0.479691 -0.166586 1.981857 0.451464 -0.206243 0.829108 0.257340
0.480241 -0.171000 1.982200 0.451309 -0.208815 0.827720 0.259993
0.480695 -0.174939 1.982417 0.451286 -0.210925 0.826475 0.262280
0.481065 -0.178222 1.982569 0.451311 -0.212659 0.825391 0.264244
0.481633 -0.182088 1.982880 0.450939 -0.215265 0.824171 0.266568
0.482241 -0.186206 1.983090 0.450604 -0.217746 0.823025 0.268650
0.482735 -0.189746 1.983204 0.450396 -0.219757 0.822012 0.270455
0.483135 -0.192816 1.983334 0.450207 -0.221544 0.821128 0.271993
0.483485 -0.196940 1.983763 0.449945 -0.223930 0.820276 0.273044
0.483823 -0.200838 1.983981 0.449999 -0.225754 0.819433 0.273981
0.484098 -0.204126 1.984114 0.450093 -0.227257 0.818660 0.274891
0.484402 -0.207245 1.984329 0.450083 -0.228918 0.817814 0.276048
0.484746 -0.210650 1.984616 0.450081 -0.230665 0.816869 0.277390
0.485034 -0.213564 1.984806 0.450170 -0.232005 0.816046 0.278551
0.485265 -0.215970 1.984952 0.450268 -0.233110 0.815321 0.279589
0.485689 -0.218726 1.985156 0.450073 -0.234775 0.814215 0.281723
0.486116 -0.221480 1.985275 0.449879 -0.236326 0.813163 0.283770
0.486456 -0.223806 1.985343 0.449765 -0.237558 0.812256 0.285513
0.486733 -0.225825 1.985410 0.449683 -0.238618 0.811465 0.287004
0.486942 -0.228301 1.985543 0.449674 -0.239668 0.810715 0.288260
0.487108 -0.230577 1.985586 0.449791 -0.240448 0.810041 0.289321
0.487238 -0.232501 1.985598 0.449903 -0.241130 0.809441 0.290257
0.487329 -0.234447 1.985650 0.449851 -0.242110 0.808924 0.290960
0.487365 -0.236723 1.985672 0.449770 -0.243276 0.808444 0.291448
0.487374 -0.238760 1.985629 0.449757 -0.244272 0.807969 0.291952
0.487357 -0.240505 1.985574 0.449754 -0.245164 0.807513 0.292468
0.487475 -0.242303 1.985587 0.449688 -0.246161 0.806920 0.293368
0.487579 -0.243942 1.985618 0.449629 -0.246990 0.806404 0.294180
0.487657 -0.245314 1.985633 0.449604 -0.247671 0.805955 0.294877
0.487720 -0.246507 1.985648 0.449615 -0.248237 0.805522 0.295566
0.487729 -0.247863 1.985705 0.449745 -0.248609 0.804994 0.296492
0.487699 -0.249107 1.985742 0.449882 -0.248928 0.804525 0.297290
0.487656 -0.250180 1.985765 0.449983 -0.249257 0.804110 0.297982
0.487746 -0.251331 1.985745 0.449974 -0.249683 0.803534 0.299191
0.487896 -0.252658 1.985695 0.449766 -0.250233 0.802923 0.300680
0.487992 -0.253814 1.985653 0.449574 -0.250703 0.802443 0.301853
0.488062 -0.254780 1.985610 0.449426 -0.251093 0.802043 0.302813
0.487942 -0.255634 1.985469 0.449584 -0.251024 0.801893 0.303033
0.487715 -0.256507 1.985379 0.449666 -0.251104 0.801784 0.303133
0.487488 -0.257345 1.985285 0.449714 -0.251341 0.801624 0.303289
0.487250 -0.258036 1.985166 0.449805 -0.251395 0.801434 0.303612
0.487051 -0.258196 1.985034 0.449971 -0.250744 0.801417 0.303947
0.486994 -0.258104 1.984924 0.450133 -0.250051 0.801504 0.304049
0.487049 -0.257889 1.984789 0.450350 -0.249345 0.801603 0.304048
0.486729 -0.257521 1.984774 0.449947 -0.248692 0.801897 0.304403
0.486307 -0.256930 1.984856 0.449180 -0.248190 0.802414 0.304583
0.486053 -0.256286 1.984894 0.448631 -0.247640 0.802869 0.304642
0.485865 -0.255684 1.984889 0.448245 -0.247085 0.803202 0.304782
0.483835 -0.255019 1.985227 0.446937 -0.246417 0.802878 0.308077
0.481672 -0.254367 1.986055 0.445229 -0.246231 0.802953 0.310495
0.479711 -0.253851 1.986963 0.443589 -0.246246 0.803155 0.312302
0.477409 -0.253347 1.987862 0.441779 -0.246213 0.803323 0.314454
0.473893 -0.252246 1.989401 0.438761 -0.246322 0.804079 0.316655
0.470759 -0.251001 1.991156 0.435836 -0.246403 0.805143 0.317927
0.468100 -0.249891 1.992732 0.433311 -0.246501 0.806131 0.318795
0.464259 -0.248589 1.994072 0.430686 -0.246500 0.807022 0.320098
0.459658 -0.246999 1.996042 0.427427 -0.246751 0.808405 0.320782
0.455510 -0.245629 1.998124 0.424222 -0.247213 0.809867 0.320994
0.452524 -0.244081 1.999364 0.422882 -0.245943 0.810606 0.321870
0.447524 -0.241241 2.000508 0.420111 -0.244883 0.811944 0.322932
0.442729 -0.238025 2.002482 0.416571 -0.244183 0.814105 0.322607
0.438595 -0.235121 2.004434 0.413292 -0.243609 0.816214 0.321930
0.434277 -0.232195 2.005918 0.410621 -0.242804 0.818045 0.321309
0.428529 -0.227363 2.008084 0.407752 -0.240329 0.820786 0.319829
0.423371 -0.222332 2.010839 0.404362 -0.237834 0.824155 0.317325
0.418984 -0.217928 2.013346 0.401239 -0.235770 0.827201 0.314895
0.413607 -0.213375 2.014816 0.399035 -0.233805 0.829430 0.313291
0.407851 -0.207980 2.016696 0.396640 -0.231240 0.832012 0.311384
0.402858 -0.202988 2.018721 0.394039 -0.228948 0.834747 0.309052
0.398536 -0.198761 2.020394 0.391743 -0.227189 0.837103 0.306892
0.393107 -0.193269 2.021308 0.390549 -0.224471 0.839072 0.305029
