0.344716 0.241945 1.723388 0.616695 -0.186464 0.764183 -0.030702
0.344279 0.241829 1.725045 0.616707 -0.182426 0.765272 -0.027397
0.343954 0.241818 1.726589 0.616954 -0.177506 0.766358 -0.023544
0.343780 0.242054 1.728442 0.617393 -0.170818 0.767653 -0.018847
0.343641 0.242183 1.730167 0.617560 -0.165580 0.768747 -0.015183
0.343537 0.242235 1.731638 0.617596 -0.161528 0.769632 -0.012303
0.343481 0.242282 1.732906 0.617721 -0.157466 0.770415 -0.009244
0.343696 0.242320 1.734609 0.618040 -0.150543 0.771588 -0.003970
0.344028 0.241945 1.736342 0.617997 -0.145680 0.772564 0.000135
0.344390 0.241391 1.737864 0.617852 -0.142196 0.773321 0.003483
0.344740 0.240809 1.739144 0.617687 -0.139613 0.773908 0.006227
0.345377 0.240603 1.740491 0.617991 -0.134063 0.774594 0.010835
0.346131 0.240209 1.741895 0.618111 -0.129665 0.775185 0.014622
0.346838 0.239661 1.743149 0.618122 -0.126520 0.775632 0.017689
0.347473 0.239092 1.744217 0.618095 -0.124199 0.775968 0.020185
0.348228 0.238748 1.745358 0.618008 -0.120979 0.776476 0.022721
0.349170 0.238293 1.746704 0.617691 -0.118187 0.777096 0.024722
0.350062 0.237643 1.747926 0.617363 -0.116389 0.777574 0.026390
0.350863 0.236965 1.748966 0.617074 -0.115171 0.777934 0.027800
0.351702 0.236505 1.749990 0.616817 -0.113074 0.778377 0.029673
0.352794 0.236273 1.751461 0.616202 -0.109822 0.779247 0.031746
0.353808 0.235821 1.752875 0.615554 -0.107653 0.779995 0.033356
0.354707 0.235300 1.754102 0.614986 -0.106158 0.780589 0.034696
0.355548 0.234837 1.755154 0.614519 -0.104793 0.781087 0.035860
0.356971 0.234203 1.756438 0.614016 -0.102773 0.781715 0.036667
0.358525 0.232885 1.757741 0.613530 -0.102201 0.782126 0.037628
0.359993 0.231342 1.758890 0.613133 -0.102369 0.782363 0.038675
0.361304 0.229845 1.759860 0.612821 -0.102816 0.782499 0.039676
0.363322 0.228909 1.760761 0.612681 -0.101737 0.782701 0.040621
0.365631 0.227606 1.761505 0.612646 -0.101265 0.782727 0.041829
0.367766 0.226080 1.762096 0.612686 -0.101418 0.782601 0.043198
0.369641 0.224594 1.762577 0.612751 -0.101823 0.782425 0.044491
0.371644 0.223682 1.763160 0.612911 -0.100577 0.782396 0.045630
0.373775 0.222815 1.764127 0.612923 -0.098993 0.782544 0.046368
0.375657 0.221715 1.765137 0.612843 -0.098314 0.782656 0.046976
0.377280 0.220606 1.766056 0.612748 -0.098080 0.782728 0.047507
0.378984 0.219882 1.766796 0.612804 -0.097305 0.782770 0.047691
0.381399 0.219590 1.767167 0.613328 -0.095256 0.782603 0.047813
0.383669 0.218963 1.767378 0.613894 -0.093950 0.782287 0.048320
0.385665 0.218213 1.767533 0.614410 -0.093170 0.781938 0.048913
0.387462 0.217564 1.767650 0.614886 -0.092543 0.781617 0.049239
0.389915 0.217221 1.767691 0.615728 -0.090794 0.781185 0.048840
0.392301 0.216292 1.767808 0.616503 -0.090027 0.780657 0.048928
0.394428 0.215120 1.767964 0.617157 -0.089925 0.780134 0.049218
0.396263 0.213947 1.768134 0.617697 -0.090123 0.779663 0.049544
0.398631 0.213225 1.768211 0.618468 -0.089308 0.779197 0.048717
0.401138 0.211935 1.768367 0.619228 -0.089129 0.778632 0.048421
0.403406 0.210334 1.768569 0.619873 -0.089647 0.778055 0.048495
0.405381 0.208734 1.768784 0.620406 -0.090426 0.777527 0.048700
0.407621 0.207852 1.768715 0.621187 -0.090506 0.776966 0.047538
0.410214 0.207377 1.768233 0.622337 -0.089770 0.776212 0.046188
0.412518 0.206764 1.767706 0.623417 -0.089337 0.775442 0.045390
0.414492 0.206140 1.767241 0.624352 -0.089119 0.774747 0.044842
0.416337 0.205704 1.766773 0.625268 -0.088866 0.774083 0.044028
0.418441 0.205238 1.766138 0.626451 -0.088385 0.773223 0.043290
0.420366 0.204468 1.765571 0.627504 -0.088375 0.772383 0.043031
0.422040 0.203620 1.765113 0.628386 -0.088619 0.771642 0.042963
0.423503 0.202871 1.764740 0.629123 -0.088904 0.771018 0.042789
0.425180 0.202644 1.764235 0.630139 -0.088253 0.770300 0.042134
0.426674 0.202396 1.763779 0.631052 -0.087709 0.769638 0.041688
0.427942 0.202136 1.763407 0.631811 -0.087346 0.769076 0.041344
0.429004 0.201900 1.763114 0.632429 -0.087098 0.768610 0.041050
0.429891 0.202037 1.762790 0.632592 -0.086618 0.768670 0.038363
0.430357 0.202861 1.762616 0.632480 -0.084629 0.769141 0.035072
0.430680 0.203833 1.762483 0.632406 -0.082839 0.769521 0.032195
0.430953 0.204722 1.762358 0.632361 -0.081381 0.769811 0.029775
0.431205 0.205487 1.762114 0.632428 -0.080508 0.769949 0.027065
0.431448 0.206112 1.761800 0.632452 -0.079664 0.770109 0.024302
0.431633 0.206459 1.761566 0.632439 -0.079445 0.770212 0.021988
0.431771 0.206235 1.761469 0.632378 -0.080098 0.770238 0.020350
0.431853 0.206097 1.761395 0.632490 -0.081009 0.770104 0.018297
0.431870 0.206065 1.761301 0.632708 -0.083198 0.769771 0.014563
0.431875 0.206069 1.761215 0.632784 -0.085216 0.769545 0.011079
0.431884 0.206059 1.761139 0.632817 -0.087035 0.769352 0.008086
0.431898 0.206032 1.761071 0.632895 -0.088863 0.769103 0.005316
0.431952 0.205997 1.760938 0.633298 -0.092467 0.768365 0.000022
0.431990 0.205944 1.760832 0.633436 -0.095842 0.767820 -0.005145
0.432015 0.205842 1.760770 0.633469 -0.098886 0.767364 -0.009610
0.432036 0.205748 1.760711 0.633484 -0.101509 0.766952 -0.013368
0.432047 0.205800 1.760662 0.633564 -0.105936 0.766175 -0.018717
0.432058 0.205889 1.760618 0.633452 -0.110594 0.765462 -0.023991
0.432069 0.205957 1.760579 0.633300 -0.114596 0.764844 -0.028485
0.432079 0.206017 1.760536 0.633159 -0.117973 0.764298 -0.032268
0.432072 0.206092 1.760540 0.633104 -0.122727 0.763348 -0.037645
0.432074 0.206157 1.760549 0.632962 -0.128444 0.762177 -0.044110
0.432079 0.206118 1.760569 0.632716 -0.133553 0.761161 -0.049679
0.432080 0.206052 1.760578 0.632475 -0.137908 0.760264 -0.054365
0.432054 0.206033 1.760616 0.632238 -0.142805 0.759159 -0.059664
0.432018 0.206090 1.760679 0.631834 -0.149853 0.757516 -0.067085
0.432005 0.206045 1.760721 0.631327 -0.156263 0.756045 -0.073513
0.431995 0.205940 1.760746 0.630823 -0.161782 0.754756 -0.078945
0.431976 0.205871 1.760772 0.630353 -0.166802 0.753516 -0.083942
0.431931 0.206050 1.761001 0.629507 -0.175425 0.751287 -0.092283
0.431906 0.206186 1.761237 0.628655 -0.183393 0.749181 -0.099430
0.431891 0.206295 1.761439 0.627905 -0.190093 0.747321 -0.105410
0.431875 0.206378 1.761603 0.627240 -0.195712 0.745700 -0.110444
0.431831 0.206623 1.761867 0.626262 -0.202840 0.743607 -0.117049
0.431800 0.206871 1.762181 0.625212 -0.209840 0.741566 -0.123116
0.431783 0.207077 1.762476 0.624286 -0.215713 0.739796 -0.128201
0.431769 0.207258 1.762738 0.623483 -0.220624 0.738265 -0.132510
0.431675 0.207531 1.763087 0.622469 -0.226618 0.736300 -0.137981
0.431516 0.207784 1.763643 0.621190 -0.233961 0.733948 -0.143897
0.431369 0.208017 1.764196 0.619970 -0.240419 0.731818 -0.149257
0.431305 0.208101 1.764672 0.618702 -0.246723 0.729763 -0.154210
0.431194 0.208114 1.765112 0.617347 -0.253038 0.727630 -0.159398
0.430792 0.208009 1.765814 0.615035 -0.261916 0.724791 -0.166761
0.430341 0.207836 1.766758 0.612693 -0.269552 0.722437 -0.173303
0.430031 0.207672 1.767396 0.611000 -0.275731 0.720341 -0.178213
0.429725 0.207563 1.768005 0.609475 -0.280923 0.718529 -0.182583
0.429281 0.207680 1.768969 0.607160 -0.289094 0.715728 -0.188451
0.428791 0.207851 1.770066 0.604892 -0.296583 0.713175 -0.193713
0.428313 0.207959 1.771125 0.602814 -0.302812 0.711051 -0.198310
0.427867 0.208045 1.772158 0.600984 -0.307770 0.709349 -0.202287
0.427421 0.208281 1.773128 0.598326 -0.315337 0.706370 -0.208829
0.426863 0.208424 1.774375 0.595004 -0.323398 0.703348 -0.216068
0.426392 0.208579 1.775400 0.592393 -0.329826 0.700781 -0.221790
0.425962 0.208659 1.776354 0.590067 -0.335208 0.698627 -0.226667
0.425339 0.208712 1.777306 0.587367 -0.341542 0.695831 -0.232736
0.424341 0.208733 1.778485 0.583640 -0.349791 0.692206 -0.240544
0.423502 0.208678 1.779565 0.580392 -0.357040 0.688934 -0.247057
0.422890 0.208628 1.780275 0.578067 -0.362781 0.686154 -0.251836
0.422325 0.208661 1.780865 0.575808 -0.368412 0.683164 -0.256913
0.421749 0.208557 1.781457 0.572311 -0.377246 0.678458 -0.264271
0.421164 0.208334 1.782231 0.568853 -0.384798 0.674455 -0.271013
0.420714 0.208204 1.782794 0.566205 -0.390754 0.671135 -0.276225
0.420339 0.208087 1.783243 0.564020 -0.395790 0.668249 -0.280490
0.419909 0.208329 1.783767 0.561175 -0.403117 0.664040 -0.285709
0.419414 0.208267 1.784455 0.557687 -0.410720 0.659930 -0.291178
0.418981 0.208309 1.785116 0.554891 -0.416514 0.656662 -0.295645
0.418635 0.208373 1.785629 0.552760 -0.420968 0.654050 -0.299100
0.418284 0.208646 1.785998 0.550379 -0.426214 0.650851 -0.303014
0.417924 0.208902 1.786222 0.547934 -0.431572 0.647627 -0.306746
0.417588 0.209128 1.786420 0.545790 -0.436016 0.644898 -0.310016
0.417312 0.209244 1.786596 0.544003 -0.439666 0.642663 -0.312633
0.417051 0.209444 1.786765 0.542246 -0.443406 0.640267 -0.315306
0.416759 0.209712 1.786902 0.540398 -0.447582 0.637572 -0.318027
0.416497 0.209924 1.787006 0.538832 -0.451067 0.635300 -0.320300
0.416243 0.210203 1.787105 0.537552 -0.453829 0.633385 -0.322337
0.416031 0.210416 1.787206 0.536369 -0.456363 0.631706 -0.324018
0.415827 0.210703 1.787372 0.535209 -0.458931 0.630129 -0.325377
0.415648 0.210950 1.787489 0.534308 -0.461073 0.628796 -0.326409
0.415488 0.211180 1.787584 0.533587 -0.462774 0.627705 -0.327281
0.415348 0.211436 1.787674 0.533020 -0.464101 0.626869 -0.327925
0.415329 0.212192 1.787420 0.532923 -0.465428 0.626539 -0.326831
0.415359 0.213076 1.786643 0.533200 -0.466663 0.626130 -0.325400
0.415409 0.213969 1.785674 0.533789 -0.467560 0.625778 -0.323821
0.415446 0.214812 1.784744 0.534431 -0.468167 0.625514 -0.322392
0.415416 0.215636 1.784153 0.535911 -0.467994 0.626917 -0.317420
0.415265 0.216699 1.783459 0.537472 -0.467565 0.628409 -0.312427
0.415063 0.217869 1.782699 0.538968 -0.466894 0.629686 -0.308252
0.414829 0.219014 1.782030 0.540248 -0.466092 0.630811 -0.304905
0.414339 0.219671 1.781605 0.541600 -0.464733 0.633538 -0.298867
0.413503 0.220304 1.780987 0.542789 -0.462641 0.637422 -0.291610
0.412683 0.221256 1.780212 0.543998 -0.460349 0.640779 -0.285565
0.411905 0.222296 1.779507 0.545041 -0.458115 0.643644 -0.280685
0.411014 0.223113 1.779031 0.546431 -0.455204 0.647233 -0.274395
0.409509 0.223843 1.778629 0.548217 -0.450577 0.652844 -0.265015
0.408020 0.225060 1.778056 0.549837 -0.446003 0.657645 -0.257419
0.406632 0.226430 1.777529 0.551179 -0.441800 0.661687 -0.251367
0.405320 0.227680 1.777158 0.552453 -0.437702 0.665454 -0.245730
0.403133 0.228098 1.777165 0.554360 -0.431008 0.672315 -0.234327
0.400987 0.228934 1.776916 0.555809 -0.424784 0.678257 -0.224947
0.399053 0.229981 1.776639 0.556941 -0.419253 0.683209 -0.217416
0.397338 0.231034 1.776441 0.557733 -0.414486 0.687338 -0.211428
0.394673 0.231478 1.776902 0.559351 -0.406822 0.693695 -0.201018
0.391609 0.232476 1.777462 0.560483 -0.398989 0.699827 -0.192119
0.388773 0.233904 1.777948 0.561318 -0.391936 0.704961 -0.185308
0.386242 0.235405 1.778399 0.561862 -0.385825 0.709246 -0.180054
0.383192 0.236193 1.779138 0.562514 -0.378517 0.714607 -0.172156
0.379452 0.236732 1.779933 0.563179 -0.369883 0.720844 -0.162479
0.376081 0.237651 1.780542 0.563706 -0.362084 0.726112 -0.154568
0.373124 0.238663 1.781076 0.563942 -0.355451 0.730489 -0.148353
0.370129 0.239282 1.781801 0.563984 -0.348785 0.734948 -0.141851
0.366060 0.239046 1.783187 0.563396 -0.340525 0.740857 -0.133265
0.362353 0.239084 1.784492 0.563032 -0.332703 0.746023 -0.125510
0.359119 0.239263 1.785662 0.562482 -0.326194 0.750306 -0.119391
0.356260 0.239411 1.786730 0.561872 -0.320629 0.753976 -0.114093
0.352269 0.239022 1.788241 0.560994 -0.313608 0.758778 -0.105794
0.348350 0.239249 1.789642 0.560412 -0.306252 0.763209 -0.098287
0.344842 0.239820 1.790875 0.559770 -0.299771 0.766973 -0.092448
0.341784 0.240470 1.791946 0.559049 -0.294331 0.770130 -0.087943
0.338054 0.240433 1.793746 0.557590 -0.286975 0.774860 -0.079570
0.334211 0.240334 1.795714 0.555884 -0.279194 0.779753 -0.070907
0.330839 0.240398 1.797428 0.554350 -0.272404 0.783869 -0.063574
0.327935 0.240522 1.798896 0.552850 -0.266885 0.787269 -0.057770
0.324774 0.240286 1.800499 0.551148 -0.260497 0.791092 -0.050504
0.321136 0.239845 1.802280 0.549054 -0.253140 0.795412 -0.042181
0.317915 0.239644 1.803818 0.547093 -0.246902 0.799045 -0.035437
0.315134 0.239564 1.805127 0.545270 -0.241812 0.802060 -0.030103
0.312505 0.239341 1.806520 0.543559 -0.236690 0.804944 -0.024176
0.309285 0.238428 1.808867 0.541151 -0.230490 0.808561 -0.016099
0.306376 0.237492 1.811146 0.539039 -0.225039 0.811615 -0.008718
0.303871 0.236662 1.813134 0.537082 -0.220801 0.814114 -0.002841
0.301689 0.235909 1.814880 0.535289 -0.217288 0.816239 0.002157
0.298868 0.234263 1.817709 0.532096 -0.213169 0.819367 0.008337
0.296324 0.232357 1.820488 0.529228 -0.209508 0.822075 0.014722
0.294192 0.230571 1.822868 0.526818 -0.206602 0.824233 0.020445
0.292409 0.229013 1.824848 0.524714 -0.204444 0.825982 0.025112
0.290138 0.227315 1.827744 0.521828 -0.200816 0.828496 0.031023
0.287631 0.225413 1.831202 0.518677 -0.197288 0.831090 0.036623
0.285663 0.223450 1.834372 0.516820 -0.194095 0.832732 0.042206
0.284152 0.221308 1.837280 0.515603 -0.192196 0.833679 0.046835
0.282722 0.219225 1.840785 0.513778 -0.189927 0.835068 0.051196
0.280998 0.216916 1.845443 0.510690 -0.187338 0.837280 0.055338
0.279361 0.214651 1.849610 0.508070 -0.184771 0.839098 0.060319
