0.468001 0.940985 1.117676
0.472750 0.939189 1.119893
0.477457 0.937310 1.122073
0.482120 0.935350 1.124217
0.486006 0.935034 1.127649
0.489886 0.934640 1.131063
0.493035 0.935924 1.131063
0.496184 0.937161 1.126323
0.499372 0.938297 1.121621
0.502596 0.939334 1.116958
0.505854 0.940271 1.112336
0.509141 0.941109 1.107755
0.512457 0.941848 1.103217
0.516293 0.940995 1.102105
0.520104 0.940087 1.101013
0.524360 0.937610 1.103266
0.528562 0.935059 1.105483
0.532259 0.934001 1.104411
0.535928 0.932891 1.103359
0.539568 0.931729 1.102328
0.543180 0.930516 1.101318
0.546761 0.929252 1.100328
0.550312 0.927939 1.099359
0.553832 0.926576 1.098411
0.557319 0.925165 1.097483
0.560773 0.923705 1.096577
0.564193 0.922199 1.095692
0.564575 0.920107 1.094828
0.567575 0.920646 1.094828
0.570580 0.921154 1.094828
0.573266 0.923734 1.095691
0.576001 0.926282 1.096576
0.579061 0.926706 1.096575
0.582126 0.927100 1.096575
0.585195 0.927462 1.096575
0.588267 0.927794 1.096574
0.591343 0.928096 1.096574
0.594421 0.928367 1.096574
0.597502 0.928607 1.096573
0.600585 0.928816 1.096573
0.603670 0.928994 1.096573
0.606757 0.929142 1.096572
0.609845 0.929259 1.096572
0.612934 0.929345 1.096572
0.616023 0.929400 1.096571
0.619113 0.929424 1.096571
0.622204 0.929417 1.096571
0.625294 0.929380 1.096570
0.625290 0.929380 1.096570
0.625286 0.929380 1.096570
0.625341 0.932211 1.098196
0.625396 0.935058 1.099794
0.625451 0.937921 1.101364
0.625507 0.940800 1.102905
0.625562 0.943694 1.104417
0.625617 0.946602 1.105900
0.625672 0.949526 1.107354
0.625726 0.952464 1.108779
0.625781 0.955416 1.110174
0.625836 0.958382 1.111539
0.625891 0.961361 1.112875
0.625945 0.964354 1.114181
0.626000 0.967359 1.115457
0.626054 0.970377 1.116702
0.626108 0.973408 1.117918
0.626162 0.976450 1.119103
0.626216 0.979504 1.120257
0.626270 0.982570 1.121381
0.626323 0.985646 1.122475
0.626377 0.988734 1.123537
0.626430 0.991831 1.124569
0.626483 0.994939 1.125569
0.626536 0.998057 1.126538
0.626589 1.001184 1.127476
0.626642 1.004321 1.128383
0.626694 1.007466 1.129258
0.626746 1.010620 1.130102
0.626798 1.014589 1.127070
0.626850 1.018527 1.123999
0.626901 1.022435 1.120888
0.626952 1.026311 1.117738
0.627002 1.030155 1.114550
0.627052 1.033967 1.111323
0.627102 1.037746 1.108059
0.627151 1.041493 1.104756
0.627199 1.045207 1.101416
0.627246 1.048886 1.098040
0.627249 1.050417 1.093744
0.627295 1.054028 1.090294
0.627340 1.057605 1.086808
0.627384 1.061147 1.083287
0.627427 1.064653 1.079730
0.627468 1.068124 1.076139
0.627509 1.071558 1.072512
0.627548 1.074957 1.068852
0.627585 1.078318 1.065158
0.627621 1.081642 1.061430
0.627655 1.084929 1.057669
0.627687 1.088177 1.053875
0.627718 1.091388 1.050049
0.627746 1.094560 1.046190
0.627773 1.097694 1.042301
0.627798 1.100788 1.038380
0.627821 1.103843 1.034428
0.627841 1.106858 1.030445
0.627860 1.109834 1.026433
0.627876 1.112769 1.022391
0.627891 1.115663 1.018320
0.627903 1.118516 1.014220
0.627914 1.121329 1.010092
0.627922 1.124100 1.005935
0.627929 1.126829 1.001751
0.627934 1.129516 0.997540
0.627937 1.132160 0.993302
0.627939 1.134763 0.989038
0.627940 1.137322 0.984748
0.627940 1.139838 0.980433
0.627940 1.142311 0.976092
0.627938 1.144741 0.971727
0.627936 1.147126 0.967338
0.627934 1.149468 0.962926
0.627932 1.151765 0.958490
0.627931 1.154018 0.954031
0.627931 1.156225 0.949550
0.627931 1.158388 0.945047
0.627932 1.160506 0.940522
0.627935 1.162578 0.935977
0.627939 1.164606 0.931411
0.627946 1.166587 0.926825
0.627955 1.168522 0.922220
0.627830 1.168501 0.922192
0.627813 1.168510 0.922201
0.627804 1.168506 0.922196
0.627800 1.168501 0.922191
0.627799 1.168495 0.922185
0.627789 1.168494 0.922184
0.627776 1.168494 0.922184
0.627761 1.168494 0.922183
0.627746 1.168494 0.922183
0.627764 1.168674 0.927669
0.627764 1.168797 0.933154
0.627752 1.168868 0.938643
0.627716 1.165695 0.939414
0.627659 1.162514 0.940154
0.627558 1.157226 0.939935
0.627450 1.151922 0.939705
0.627338 1.146603 0.939464
0.627223 1.141268 0.939213
0.627107 1.135919 0.938950
0.626991 1.130556 0.938677
0.626874 1.125180 0.938394
0.626757 1.119791 0.938099
0.626641 1.114390 0.937794
0.626525 1.108976 0.937478
0.626409 1.103552 0.937152
0.626295 1.098116 0.936815
0.626201 1.095965 0.940906
0.626130 1.093774 0.944975
0.626066 1.091541 0.949023
0.626004 1.089268 0.953047
0.625943 1.086956 0.957049
0.625884 1.084603 0.961028
0.625803 1.079147 0.960487
0.625704 1.073680 0.959934
0.625604 1.068206 0.959370
0.625504 1.062726 0.958795
0.625406 1.057240 0.958210
0.625310 1.051748 0.957614
0.625215 1.046251 0.957009
0.625122 1.040750 0.956392
0.625030 1.035245 0.955766
0.624940 1.029737 0.955130
0.624850 1.024226 0.954483
0.624762 1.018713 0.953826
0.624675 1.013198 0.953160
0.624588 1.007682 0.952483
0.624503 1.002166 0.951797
0.624418 0.996650 0.951101
0.624334 0.991134 0.950395
0.624328 0.991042 0.954106
0.624335 0.991706 0.961663
0.624344 0.992217 0.969241
0.624350 0.992576 0.976837
0.624355 0.992781 0.984448
0.624320 0.990093 0.987752
0.624281 0.987371 0.991028
0.624242 0.984616 0.994276
0.624203 0.981829 0.997497
0.624163 0.979010 1.000689
0.624124 0.976159 1.003854
0.624084 0.973277 1.006989
0.624044 0.970363 1.010096
0.624004 0.967418 1.013173
0.623964 0.964442 1.016220
0.623924 0.961435 1.019238
0.623884 0.958398 1.022224
0.623844 0.955331 1.025181
0.623804 0.952234 1.028106
0.623772 0.949973 1.027705
0.623764 0.949108 1.031000
0.623756 0.948209 1.034286
0.623778 0.949525 1.038030
0.623801 0.950794 1.041833
0.623792 0.949787 1.045135
0.623783 0.948748 1.048427
0.623773 0.947675 1.051708
0.623763 0.946570 1.054978
0.623753 0.945432 1.058237
0.623743 0.944261 1.061485
0.623733 0.943058 1.064720
0.623722 0.941823 1.067944
0.623711 0.940556 1.071155
0.623700 0.939257 1.074353
0.623688 0.937925 1.077537
0.623676 0.936562 1.080709
0.623664 0.935168 1.083866
0.623652 0.933742 1.087010
0.623639 0.932284 1.090139
0.623626 0.930795 1.093253
0.623612 0.929276 1.096352
0.623599 0.927725 1.099436
0.623600 0.927723 1.099435
0.623600 0.927722 1.099433
0.620524 0.927740 1.099432
0.617447 0.927728 1.099430
0.614371 0.927686 1.099429
0.611295 0.927612 1.099427
0.608221 0.927508 1.099426
0.605147 0.927373 1.099424
0.602075 0.927207 1.099423
0.599005 0.927011 1.099421
0.595812 0.928328 1.096335
0.592490 0.930891 1.097960
0.589114 0.933433 1.099557
0.585682 0.935955 1.101126
0.582195 0.938454 1.102665
0.578652 0.940930 1.104176
0.575054 0.943381 1.105657
0.571400 0.945808 1.107110
0.567690 0.948207 1.108533
0.563926 0.950579 1.109927
0.560106 0.952921 1.111291
0.556231 0.955232 1.112626
0.552302 0.957512 1.113930
0.548318 0.959759 1.115204
0.544279 0.961972 1.116448
0.540185 0.964151 1.117663
0.536038 0.966293 1.118847
0.531837 0.968398 1.120000
0.527582 0.970463 1.121122
0.523275 0.972489 1.122214
0.518914 0.974473 1.123275
0.514502 0.976416 1.124305
0.510036 0.978315 1.125304
0.505520 0.980170 1.126272
0.500952 0.981978 1.127209
0.496333 0.983740 1.128114
0.491665 0.985453 1.128988
0.486946 0.987117 1.129830
0.482179 0.988731 1.130640
0.477363 0.990293 1.131419
0.472499 0.991803 1.132167
0.467587 0.993258 1.132882
0.462629 0.994659 1.133565
0.457625 0.996003 1.134217
0.452576 0.997290 1.134836
0.447148 0.999251 1.131579
0.441675 1.001110 1.128282
0.436162 1.002867 1.124946
0.430610 1.004522 1.121570
0.425023 1.006072 1.118154
0.419402 1.007519 1.114701
0.413748 1.008860 1.111208
0.408065 1.010095 1.107678
0.402353 1.011225 1.104111
0.396615 1.012249 1.100506
0.390853 1.013166 1.096866
0.385069 1.013975 1.093189
0.379265 1.014676 1.089476
0.373444 1.015269 1.085727
