0.416563 0.917999 1.097798
0.421499 0.917095 1.100179
0.426409 0.916102 1.102525
0.431292 0.915022 1.104835
0.436146 0.913854 1.107110
0.440970 0.912600 1.109349
0.445761 0.911260 1.111552
0.450519 0.909835 1.113719
0.455241 0.908326 1.115848
0.459926 0.906733 1.117942
0.463731 0.906597 1.116742
0.465790 0.909661 1.113469
0.467001 0.914443 1.111337
0.468301 0.919211 1.109169
0.469692 0.923962 1.106964
0.472735 0.925447 1.106964
0.474959 0.928686 1.108142
0.477238 0.931901 1.109340
0.479572 0.935089 1.110557
0.481961 0.938251 1.111794
0.485147 0.939613 1.111793
0.487621 0.942722 1.113049
0.490851 0.944028 1.113048
0.494094 0.945301 1.113047
0.497349 0.946542 1.113047
0.500617 0.947750 1.113046
0.503896 0.948926 1.113045
0.507187 0.950068 1.113044
0.510489 0.951178 1.113044
0.514383 0.950424 1.111786
0.518254 0.949613 1.110548
0.522101 0.948746 1.109329
0.525925 0.947824 1.108130
0.529723 0.946847 1.106950
0.533495 0.945815 1.105791
0.537241 0.944730 1.104651
0.540959 0.943592 1.103531
0.544648 0.942401 1.102431
0.548308 0.941159 1.101352
0.551937 0.939865 1.100292
0.555536 0.938521 1.099253
0.559103 0.937127 1.098235
0.562637 0.935684 1.097237
0.566138 0.934192 1.096261
0.569605 0.932652 1.095304
0.573037 0.931066 1.094369
0.576146 0.931519 1.094369
0.579258 0.931941 1.094368
0.582375 0.932332 1.094367
0.585496 0.932691 1.094367
0.588620 0.933020 1.094366
0.591747 0.933317 1.094365
0.595039 0.931484 1.093451
0.598293 0.929607 1.092558
0.601508 0.927688 1.091687
0.604682 0.925727 1.090836
0.607815 0.923725 1.090007
0.610849 0.923832 1.090006
0.613882 0.923908 1.090006
0.616901 0.926094 1.090834
0.619957 0.926109 1.090833
0.623014 0.926094 1.090833
0.623009 0.926094 1.090832
0.623004 0.926093 1.090831
0.623014 0.927556 1.087763
0.623045 0.930411 1.089346
0.623075 0.933282 1.090901
0.623106 0.936169 1.092427
0.623137 0.939071 1.093925
0.623168 0.941987 1.095393
0.623199 0.944918 1.096832
0.623230 0.947863 1.098241
0.623262 0.950822 1.099621
0.623293 0.953795 1.100972
0.623325 0.956781 1.102292
0.623356 0.959781 1.103583
0.623388 0.962793 1.104843
0.623419 0.965817 1.106073
0.623451 0.968854 1.107273
0.623483 0.971902 1.108443
0.623514 0.974962 1.109582
0.623546 0.978033 1.110690
0.623578 0.981115 1.111767
0.623610 0.984208 1.112814
0.623642 0.987311 1.113829
0.623674 0.990424 1.114814
0.623706 0.993547 1.115767
0.623738 0.996679 1.116689
0.623770 0.999820 1.117579
0.623802 1.002970 1.118438
0.623834 1.006128 1.119265
0.623866 1.009294 1.120061
0.623898 1.012468 1.120825
0.623930 1.015650 1.121557
0.623961 1.018838 1.122257
0.623993 1.022034 1.122925
0.624024 1.025236 1.123561
0.624055 1.028444 1.124165
0.624086 1.031658 1.124737
0.624117 1.034878 1.125276
0.624147 1.038103 1.125783
0.624176 1.041332 1.126258
0.624206 1.044566 1.126700
0.624234 1.047805 1.127110
0.624262 1.051047 1.127487
0.624274 1.052870 1.123167
0.624297 1.056118 1.123477
0.624322 1.059370 1.123757
0.624347 1.062625 1.124004
0.624370 1.065882 1.124218
0.624392 1.069141 1.124400
0.624413 1.072401 1.124548
0.624422 1.074194 1.120015
0.624422 1.075940 1.115461
0.624446 1.079812 1.111631
0.624470 1.083645 1.107763
0.624492 1.087439 1.103856
0.624512 1.091195 1.099912
0.624530 1.094910 1.095930
0.624545 1.098585 1.091911
0.624558 1.102220 1.087855
0.624570 1.105814 1.083763
0.624579 1.109367 1.079635
0.624585 1.112878 1.075471
0.624590 1.116347 1.071273
0.624594 1.119774 1.067039
0.624595 1.123158 1.062772
0.624595 1.126499 1.058471
0.624593 1.129798 1.054136
0.624589 1.133052 1.049768
0.624585 1.136262 1.045368
0.624580 1.139429 1.040936
0.624574 1.142550 1.036473
0.624567 1.145627 1.031978
0.624561 1.148658 1.027452
0.624554 1.151644 1.022897
0.624549 1.154584 1.018311
0.624523 1.155307 1.012957
0.624497 1.155975 1.007594
0.624473 1.156589 1.002225
0.624451 1.157150 0.996851
0.624434 1.157661 0.991475
0.624420 1.158118 0.986095
0.624409 1.158522 0.980711
0.624401 1.158872 0.975323
0.624396 1.159167 0.969932
0.624394 1.159409 0.964538
0.624395 1.159595 0.959141
0.624400 1.159726 0.953742
0.624521 1.159589 0.959137
0.624581 1.159400 0.964532
0.624609 1.159157 0.969924
0.624621 1.158860 0.975314
0.624621 1.158509 0.980700
0.624615 1.158103 0.986081
0.624588 1.154950 0.986932
0.624550 1.151788 0.987750
0.624480 1.146405 0.987928
0.624404 1.141009 0.988096
0.624324 1.135600 0.988254
0.624242 1.130178 0.988403
0.624158 1.124744 0.988543
0.624073 1.119298 0.988672
0.623986 1.113841 0.988792
0.623899 1.108375 0.988903
0.623790 1.103334 0.984172
0.623720 1.097849 0.984318
0.623640 1.092355 0.984454
0.623556 1.086853 0.984581
0.623472 1.081343 0.984698
0.623388 1.075825 0.984806
0.623305 1.070301 0.984904
0.623224 1.064771 0.984992
0.623144 1.059236 0.985070
0.623065 1.053695 0.985139
0.622988 1.048150 0.985198
0.622913 1.042601 0.985248
0.622839 1.037048 0.985288
0.622768 1.031493 0.985318
0.622698 1.025935 0.985339
0.622629 1.020376 0.985349
0.622574 1.017638 0.989285
0.622554 1.017155 0.993259
0.622560 1.018926 0.997339
0.622567 1.020652 1.001483
0.622560 1.019676 1.001576
0.622524 1.016412 1.001457
0.622488 1.013150 1.001305
0.622453 1.009889 1.001120
0.622420 1.006630 1.000903
0.622387 1.003374 1.000653
0.622354 1.000121 1.000371
0.622323 0.996870 1.000056
0.622293 0.993623 0.999709
0.622263 0.990379 0.999329
0.622233 0.987139 0.998917
0.622205 0.983904 0.998472
0.622176 0.980673 0.997995
0.622148 0.977447 0.997486
0.622119 0.974226 0.996945
0.622091 0.971011 0.996371
0.622063 0.967802 0.995766
0.622035 0.964599 0.995128
0.622007 0.961403 0.994458
0.621980 0.958213 0.993756
0.621953 0.955030 0.993023
0.621946 0.954513 0.996371
0.621939 0.953962 0.999713
0.621951 0.955912 1.007240
0.621962 0.957701 1.014836
0.621953 0.956967 1.018210
0.621944 0.956196 1.021575
0.621936 0.955391 1.024932
