0.296474 1.208030 0.881503
0.296232 1.208549 0.888205
0.296024 1.209009 0.894912
0.295848 1.209411 0.901624
0.295705 1.209754 0.908339
0.295593 1.210038 0.915058
0.295514 1.210264 0.921779
0.295467 1.210430 0.928502
0.295453 1.210537 0.935226
0.295470 1.210586 0.941951
0.295518 1.210575 0.948676
0.295599 1.210505 0.955399
0.295710 1.210375 0.962122
0.295853 1.210186 0.968842
0.296027 1.209938 0.975559
0.296232 1.209630 0.982273
0.296467 1.209263 0.988983
0.296733 1.208836 0.995688
0.297029 1.208349 1.002387
0.297355 1.207802 1.009080
0.297711 1.207196 1.015767
0.299194 1.204551 1.016979
0.300682 1.201884 1.018143
0.302170 1.199204 1.019277
0.302558 1.198490 1.025850
0.302974 1.197728 1.032431
0.303421 1.196907 1.039002
0.303898 1.196028 1.045564
0.304404 1.195090 1.052115
0.304938 1.194094 1.058655
0.305501 1.193038 1.065183
0.306092 1.191924 1.071699
0.309249 1.192125 1.078171
0.314730 1.191486 1.078994
0.321690 1.189877 1.078046
0.329055 1.188395 1.077083
0.333955 1.185599 1.076140
0.337527 1.182089 1.075167
0.340390 1.178190 1.074170
0.342883 1.174077 1.073154
0.345186 1.169844 1.072119
0.347397 1.165538 1.071068
0.349567 1.161188 1.070001
0.351721 1.156805 1.068919
0.353872 1.152399 1.067821
0.356027 1.147971 1.066708
0.357427 1.145044 1.067119
0.359593 1.140597 1.065961
0.361766 1.136130 1.064786
0.363947 1.131648 1.063596
0.366137 1.127149 1.062391
0.368337 1.122636 1.061172
0.370545 1.118109 1.059938
0.372763 1.113567 1.058690
0.374989 1.109012 1.057428
0.377224 1.104445 1.056151
0.379468 1.099865 1.054861
0.381720 1.095273 1.053556
0.383980 1.090670 1.052237
0.386249 1.086055 1.050905
0.388524 1.081430 1.049560
0.390808 1.076795 1.048200
0.393098 1.072150 1.046828
0.395395 1.067496 1.045442
0.397699 1.062833 1.044043
0.400008 1.058162 1.042631
0.402324 1.053482 1.041206
0.404645 1.048795 1.039768
0.406971 1.044101 1.038318
0.409302 1.039400 1.036855
0.415584 1.036647 1.035373
0.422001 1.033908 1.033885
0.428357 1.031083 1.032386
0.434639 1.028167 1.030875
0.440845 1.025163 1.029353
0.446975 1.022070 1.027818
0.453027 1.018892 1.026273
0.458999 1.015630 1.024716
0.464891 1.012285 1.023147
0.470701 1.008860 1.021568
0.476427 1.005356 1.019978
0.482069 1.001775 1.018377
0.487625 0.998119 1.016765
0.493094 0.994390 1.015143
0.497073 0.994935 1.019092
0.500824 0.996143 1.019091
0.504818 0.996569 1.023032
0.509412 0.994881 1.026080
0.513969 0.993110 1.029099
0.518487 0.991256 1.032087
0.522966 0.989322 1.035046
0.527403 0.987306 1.037974
0.531796 0.985211 1.040871
0.536145 0.983037 1.043738
0.540449 0.980785 1.046573
0.544704 0.978456 1.049376
0.548910 0.976051 1.052148
0.553067 0.973571 1.054887
0.557171 0.971017 1.057594
0.561222 0.968390 1.060269
0.565218 0.965691 1.062910
0.569159 0.962921 1.065519
0.573042 0.960082 1.068093
0.576867 0.957175 1.070634
0.580632 0.954200 1.073141
0.584336 0.951160 1.075614
0.587977 0.948055 1.078053
0.591556 0.944886 1.080456
0.595069 0.941655 1.082825
0.598517 0.938363 1.085159
0.601899 0.935012 1.087457
0.605212 0.931602 1.089719
0.608456 0.928136 1.091946
0.611630 0.924614 1.094136
0.614671 0.924682 1.094136
0.617714 0.924720 1.094135
0.620756 0.924727 1.094134
0.623798 0.924704 1.094134
0.623794 0.924704 1.094133
0.623789 0.924704 1.094133
0.623784 0.924703 1.094132
0.623828 0.927519 1.095785
0.623872 0.930352 1.097409
0.623915 0.933200 1.099005
0.623959 0.936065 1.100572
0.627192 0.938889 1.102110
0.630482 0.941694 1.103620
0.633830 0.944481 1.105101
0.637235 0.947247 1.106552
0.640697 0.949991 1.107974
0.644217 0.952713 1.109367
0.647794 0.955411 1.110730
0.648046 0.958381 1.112063
0.648299 0.961364 1.113366
0.648553 0.964361 1.114640
0.648807 0.967369 1.115883
0.649063 0.970390 1.117096
0.649319 0.973423 1.118279
0.649576 0.976468 1.119431
0.649834 0.979523 1.120552
0.650092 0.982590 1.121643
0.650351 0.985668 1.122703
0.650611 0.988756 1.123732
0.650871 0.991854 1.124730
0.651132 0.994962 1.125696
0.651394 0.998080 1.126632
0.651656 1.001207 1.127536
0.651918 1.004342 1.128409
0.652181 1.007486 1.129250
0.652445 1.010639 1.130059
0.652709 1.013799 1.130837
0.652973 1.016967 1.131583
0.653237 1.020142 1.132298
0.653502 1.023324 1.132980
0.653766 1.026513 1.133630
0.654031 1.029708 1.134248
0.654296 1.032909 1.134834
0.654561 1.036116 1.135388
0.654826 1.039329 1.135910
0.655090 1.042546 1.136399
0.655355 1.045768 1.136856
0.655501 1.047680 1.132574
0.655641 1.049548 1.128272
0.655777 1.051373 1.123951
0.655913 1.053155 1.119613
0.656041 1.054894 1.115257
0.656350 1.058749 1.111639
0.656657 1.062567 1.107983
0.656960 1.066349 1.104289
0.657259 1.070094 1.100557
0.657432 1.072245 1.101333
0.657602 1.074389 1.102130
0.657895 1.078097 1.098362
0.658185 1.081767 1.094555
0.658471 1.085399 1.090711
0.658752 1.088992 1.086832
0.659029 1.092546 1.082916
0.659301 1.096061 1.078965
0.659568 1.099537 1.074979
0.659830 1.102973 1.070957
0.660088 1.106369 1.066902
0.660340 1.109724 1.062813
0.660588 1.113038 1.058690
0.660831 1.116311 1.054533
0.661069 1.119543 1.050345
0.661303 1.122732 1.046124
0.661532 1.125880 1.041871
0.661756 1.128984 1.037586
0.661916 1.131118 1.038402
0.662065 1.133246 1.039241
0.662210 1.135366 1.040101
0.662353 1.137477 1.040982
0.662493 1.139579 1.041884
0.662633 1.141672 1.042807
0.662931 1.145960 1.048641
0.663137 1.149196 1.048252
0.663352 1.152425 1.047827
0.663412 1.153445 1.042480
0.663453 1.154410 1.037119
0.663652 1.157623 1.036592
0.663862 1.160832 1.036038
0.664076 1.164035 1.035451
0.664292 1.167232 1.034832
0.664341 1.168122 1.029337
0.664376 1.168954 1.023829
0.664404 1.169731 1.018313
0.664604 1.172572 1.013651
0.664786 1.174675 1.014526
0.664970 1.177475 1.009841
0.665161 1.180223 1.005123
0.665341 1.182316 1.006018
0.665514 1.184405 1.006939
0.665511 1.185019 1.001275
0.665509 1.185571 0.995598
0.665692 1.188175 0.990798
0.665891 1.190266 0.991692
0.665895 1.190727 0.985971
0.665905 1.191124 0.980238
0.665919 1.191463 0.974501
0.665967 1.191457 0.974498
0.665991 1.191455 0.974497
0.666002 1.191453 0.974496
0.666034 1.191104 0.980225
0.666030 1.190701 0.985951
0.666003 1.190243 0.991673
0.665961 1.189729 0.997391
0.665908 1.189158 1.003102
0.665846 1.188530 1.008808
0.665774 1.187847 1.014507
0.665695 1.187106 1.020198
0.665607 1.186309 1.025882
0.665512 1.185456 1.031558
0.665410 1.184547 1.037225
0.665301 1.183581 1.042882
0.665185 1.182559 1.048529
0.665063 1.181481 1.054165
0.664935 1.180347 1.059791
0.664801 1.179157 1.065404
0.664663 1.177911 1.071006
0.664519 1.176610 1.076594
0.664371 1.175252 1.082169
0.664218 1.173840 1.087730
0.664061 1.172372 1.093277
0.663901 1.170848 1.098808
0.659780 1.169578 1.104349
0.654562 1.168288 1.109855
0.649048 1.166909 1.115340
0.643337 1.162057 1.114190
0.637685 1.157130 1.113024
0.632129 1.152131 1.111844
0.626676 1.147061 1.110650
0.621330 1.141922 1.109443
0.616092 1.136717 1.108223
0.610962 1.131447 1.106990
0.605941 1.126115 1.105743
0.601031 1.120722 1.104484
0.596230 1.115272 1.103212
0.591541 1.109766 1.101927
0.586963 1.104207 1.100629
0.586956 1.098923 1.099311
0.591722 1.093938 1.097980
0.596683 1.088915 1.096646
0.601559 1.083835 1.095299
0.606333 1.078696 1.093941
0.611003 1.073503 1.092571
0.615567 1.068256 1.091189
0.620026 1.062958 1.089795
0.624378 1.057611 1.088390
0.624366 1.052282 1.086975
0.624288 1.046948 1.085547
0.624210 1.041612 1.084108
0.624133 1.036272 1.082659
0.624055 1.030930 1.081198
0.623978 1.025585 1.079727
0.623900 1.020239 1.078246
0.623823 1.014892 1.076753
0.623746 1.009545 1.075251
0.623669 1.004197 1.073738
0.623593 0.998850 1.072215
0.623517 0.993503 1.070682
0.623441 0.988159 1.069140
0.623366 0.982817 1.067588
0.623291 0.977477 1.066027
0.623216 0.972140 1.064457
0.623172 0.968691 1.067370
0.623161 0.967428 1.070850
0.623120 0.964337 1.069788
0.623111 0.963467 1.069318
0.623102 0.962601 1.068840
0.623061 0.959543 1.067685
0.623020 0.956496 1.066500
0.622979 0.953462 1.065285
0.622939 0.950440 1.064040
0.622898 0.947431 1.062764
0.622857 0.944435 1.061459
0.622817 0.941452 1.060124
0.622776 0.938483 1.058759
0.622766 0.937308 1.061937
0.622756 0.936101 1.065103
0.622774 0.936505 1.072880
0.622791 0.936738 1.080693
0.622791 0.936740 1.080694
0.622779 0.935345 1.083854
0.622766 0.933919 1.086999
0.622754 0.932462 1.090130
0.622741 0.930973 1.093246
0.622728 0.929454 1.096346
0.622715 0.927903 1.099432
0.622701 0.926322 1.102502
