0.318342 1.140391 0.886881
0.317329 1.142268 0.887726
0.317371 1.142291 0.887725
0.317411 1.142313 0.887723
0.317450 1.142334 0.887722
0.317489 1.142355 0.887720
0.316470 1.144219 0.888586
0.315456 1.146076 0.889474
0.312746 1.150881 0.895013
0.310072 1.155623 0.900650
0.310270 1.155215 0.894467
0.308847 1.157723 0.892935
0.307445 1.160227 0.891377
0.306057 1.162721 0.889789
0.304680 1.165202 0.888173
0.303313 1.167671 0.886529
0.302605 1.168985 0.881157
0.301932 1.170255 0.875768
0.301289 1.171480 0.870365
0.300674 1.172659 0.864949
0.300086 1.173790 0.859519
0.299525 1.174875 0.854077
0.299625 1.174927 0.854072
0.299686 1.174959 0.854069
0.299099 1.175969 0.848618
0.298576 1.176949 0.843153
0.298091 1.177888 0.837677
0.297635 1.178781 0.832190
0.297726 1.178828 0.832185
0.301609 1.181061 0.832200
0.306791 1.183971 0.832202
0.308480 1.184891 0.832183
0.308972 1.185155 0.832176
0.309630 1.184216 0.825731
0.310268 1.183188 0.819295
0.309361 1.185077 0.820219
0.308415 1.186938 0.821168
0.308009 1.187672 0.815658
0.308082 1.187707 0.815652
0.308705 1.186562 0.809184
0.309390 1.185372 0.802724
0.309470 1.185410 0.802718
0.308514 1.187275 0.803646
0.307554 1.189128 0.804595
0.306596 1.190972 0.805565
0.305642 1.192806 0.806556
0.304693 1.194632 0.807567
0.303747 1.196448 0.808599
0.303420 1.197036 0.803066
0.302510 1.198856 0.804116
0.301580 1.200657 0.805188
0.302249 1.199415 0.798574
0.302979 1.198129 0.791971
0.303045 1.198159 0.791966
0.303080 1.198176 0.791964
0.303110 1.198190 0.791961
0.303139 1.198203 0.791959
0.302162 1.197641 0.791957
0.302003 1.197567 0.791972
0.301873 1.197511 0.791989
0.301751 1.197459 0.792007
0.301751 1.197470 0.792016
0.301754 1.197483 0.792026
0.301127 1.198794 0.798603
0.300504 1.200050 0.805208
0.299903 1.201242 0.811827
0.299331 1.202375 0.818459
0.298790 1.203450 0.825103
0.298282 1.204467 0.831759
0.297806 1.205425 0.838426
0.297362 1.206325 0.845103
0.296951 1.207167 0.851789
0.296572 1.207950 0.858484
0.296225 1.208675 0.865188
0.295911 1.209341 0.871899
0.295629 1.209948 0.878617
0.295380 1.210497 0.885341
0.295162 1.210986 0.892071
0.294977 1.211416 0.898805
0.294823 1.211787 0.905544
0.294702 1.212099 0.912286
0.294612 1.212351 0.919032
0.294554 1.212544 0.925779
0.294528 1.212677 0.932528
0.294532 1.212751 0.939277
0.295951 1.210239 0.940808
0.297380 1.207704 0.942295
0.298815 1.205155 0.943753
0.300254 1.202593 0.945183
0.301698 1.200018 0.946584
0.303147 1.197429 0.947955
0.304599 1.194827 0.949298
0.306056 1.192213 0.950611
0.307516 1.189586 0.951895
0.308980 1.186947 0.953149
0.310447 1.184296 0.954373
0.311917 1.181632 0.955567
0.313390 1.178957 0.956731
0.314865 1.176270 0.957865
0.316342 1.173572 0.958968
0.320310 1.172207 0.960023
0.326516 1.170006 0.959602
0.330969 1.166837 0.959191
0.334409 1.163093 0.958761
0.337307 1.159032 0.958315
0.339071 1.156416 0.959235
0.340681 1.153710 0.960124
0.340815 1.153545 0.966138
0.340944 1.153314 0.972154
0.341082 1.153020 0.978167
0.341238 1.152667 0.984176
0.341414 1.152257 0.990181
0.341613 1.151791 0.996181
0.343090 1.148956 0.996852
0.345357 1.144554 0.995997
0.347619 1.140125 0.995127
0.349884 1.135674 0.994243
0.351329 1.132791 0.994779
0.351500 1.132257 1.000557
0.351719 1.131686 1.006334
0.351974 1.131069 1.012103
0.352259 1.130403 1.017866
0.354553 1.125989 1.016741
0.360059 1.123204 1.015562
0.366677 1.120948 1.014390
0.373676 1.118818 1.013211
0.380773 1.116661 1.012020
0.387862 1.114424 1.010817
0.394906 1.112088 1.009599
0.401890 1.109648 1.008367
0.408807 1.107104 1.007120
0.415663 1.104461 1.005860
0.422448 1.101715 1.004586
0.429162 1.098871 1.003299
0.435802 1.095928 1.001997
0.442371 1.092889 1.000683
0.448866 1.089757 0.999354
0.455285 1.086532 0.998013
0.461626 1.083216 0.996659
0.467888 1.079810 0.995291
0.474070 1.076317 0.993911
0.480170 1.072738 0.992518
0.486187 1.069075 0.991112
0.492120 1.065330 0.989694
0.497968 1.061505 0.988264
0.503728 1.057600 0.986822
0.509401 1.053619 0.985367
0.513830 1.054264 0.989838
0.518171 1.055302 0.989837
0.522520 1.056295 0.989836
0.526879 1.057245 0.989835
0.531732 1.055679 0.993230
0.536552 1.054026 0.996599
0.541337 1.052288 0.999943
0.546084 1.050465 1.003261
0.550792 1.048558 1.006552
0.555460 1.046568 1.009817
0.560085 1.044495 1.013055
0.564667 1.042341 1.016266
0.569203 1.040106 1.019448
0.573692 1.037791 1.022603
0.578133 1.035398 1.025730
0.582524 1.032927 1.028828
0.586864 1.030379 1.031897
0.591151 1.027756 1.034936
0.595384 1.025058 1.037947
0.599561 1.022286 1.040927
0.603682 1.019443 1.043877
0.607744 1.016527 1.046797
0.611746 1.013542 1.049686
0.615688 1.010488 1.052544
0.619568 1.007367 1.055371
0.623437 1.007351 1.055371
0.623412 1.006208 1.059237
0.623354 1.003008 1.062001
0.619498 0.999793 1.064732
0.619471 0.996538 1.067431
0.619445 0.993255 1.070097
0.619418 0.989946 1.072730
0.619391 0.986611 1.075330
0.619364 0.983251 1.077897
0.619336 0.979864 1.080429
0.619309 0.976453 1.082928
0.619281 0.973016 1.085393
0.619253 0.969556 1.087823
0.619225 0.966071 1.090218
0.619197 0.962562 1.092578
0.619168 0.959030 1.094904
0.619139 0.955475 1.097193
