0.620000 0.930184 1.111316
0.620001 0.930182 1.111314
0.620002 0.930180 1.111312
0.616901 0.930163 1.111310
0.613801 0.930114 1.111309
0.610701 0.930035 1.111307
0.607602 0.929924 1.111305
0.604505 0.929783 1.111303
0.601409 0.929610 1.111302
0.598315 0.929407 1.111300
0.595223 0.929173 1.111298
0.592134 0.928907 1.111296
0.589047 0.928611 1.111295
0.585964 0.928285 1.111293
0.582884 0.927927 1.111291
0.579808 0.927538 1.111289
0.576736 0.927119 1.111288
0.573668 0.926669 1.111286
0.570605 0.926189 1.111284
0.567547 0.925678 1.111282
0.564494 0.925136 1.111281
0.561447 0.924564 1.111279
0.558405 0.923961 1.111277
0.555370 0.923329 1.111275
0.552342 0.922665 1.111273
0.549320 0.921972 1.111272
0.546305 0.921248 1.111270
0.543298 0.920494 1.111268
0.540298 0.919711 1.111266
0.537306 0.918897 1.111265
0.534323 0.918053 1.111263
0.531348 0.917180 1.111261
0.528383 0.916277 1.111259
0.525426 0.915345 1.111258
0.522479 0.914382 1.111256
0.519001 0.914968 1.108145
0.515512 0.915484 1.105017
0.512014 0.915930 1.101873
0.508979 0.915053 1.094002
0.506014 0.913983 1.086156
0.502556 0.914142 1.082994
0.498275 0.916228 1.080597
0.493950 0.918236 1.078165
0.489582 0.920164 1.075697
0.485174 0.922012 1.073195
0.480726 0.923778 1.070658
0.476241 0.925461 1.068087
0.471719 0.927062 1.065481
0.467163 0.928579 1.062841
0.462573 0.930012 1.060169
0.457952 0.931360 1.057463
0.453301 0.932622 1.054725
0.448622 0.933798 1.051953
0.443916 0.934887 1.049149
0.439186 0.935888 1.046313
0.434432 0.936801 1.043445
0.429658 0.937625 1.040545
0.424863 0.938360 1.037613
0.420050 0.939006 1.034651
0.415222 0.939562 1.031657
0.410378 0.940027 1.028633
0.405521 0.940402 1.025580
0.400653 0.940687 1.022497
0.395775 0.940880 1.019385
0.390890 0.940983 1.016243
0.385998 0.940994 1.013073
0.381102 0.940914 1.009874
0.376204 0.940743 1.006648
0.371305 0.940480 1.003393
0.366407 0.940125 1.000111
0.363217 0.937572 1.000111
0.360053 0.934986 1.000111
0.356915 0.932369 1.000111
0.353802 0.929721 1.000111
0.349298 0.928660 1.000910
0.344793 0.927533 1.001731
0.340290 0.926340 1.002573
0.335789 0.925081 1.003436
0.331291 0.923757 1.004321
0.326798 0.922367 1.005227
0.322310 0.920910 1.006153
0.317829 0.919387 1.007101
0.313355 0.917798 1.008070
0.308890 0.916142 1.009059
0.303961 0.914863 1.005750
0.299051 0.913492 1.002414
0.294161 0.912029 0.999051
0.289294 0.910476 0.995663
0.284452 0.908832 0.992248
0.279636 0.907098 0.988807
0.274847 0.905274 0.985342
0.270088 0.903361 0.981851
0.265360 0.901359 0.978336
0.260665 0.899269 0.974797
0.256004 0.897091 0.971234
0.251379 0.894824 0.967647
0.246792 0.892472 0.964037
0.242245 0.890034 0.960405
0.237739 0.887511 0.956750
0.233276 0.884903 0.953073
0.228857 0.882212 0.949374
0.224484 0.879438 0.945654
0.220159 0.876582 0.941913
0.215884 0.873645 0.938152
0.211659 0.870628 0.934370
0.207486 0.867532 0.930569
0.203368 0.864357 0.926748
0.199305 0.861106 0.922908
0.195299 0.857779 0.919050
0.191351 0.854378 0.915173
0.187464 0.850903 0.911278
0.183638 0.847355 0.907366
0.179875 0.843737 0.903437
0.176176 0.840048 0.899491
0.172543 0.836292 0.895529
0.168977 0.832468 0.891550
0.165480 0.828579 0.887557
0.163947 0.823790 0.882559
0.162508 0.818964 0.877567
0.160543 0.814385 0.877567
0.158616 0.809765 0.877566
0.156733 0.805119 0.877566
0.155524 0.800195 0.872580
0.154422 0.795268 0.867601
0.153421 0.790327 0.862630
0.152520 0.785371 0.857667
0.151720 0.780400 0.852713
0.151019 0.775416 0.847768
0.150419 0.770421 0.842832
0.148944 0.765737 0.842832
0.147510 0.761016 0.842832
0.147101 0.755970 0.837906
0.146799 0.750938 0.832990
0.146600 0.745911 0.828086
0.145371 0.741195 0.828086
0.146036 0.738984 0.823181
0.147032 0.737908 0.818296
0.148188 0.737280 0.813427
0.149436 0.736824 0.808571
0.150749 0.736431 0.803729
0.152116 0.736058 0.798901
0.152120 0.736075 0.798901
0.149977 0.736611 0.799526
0.149241 0.736756 0.795315
0.147108 0.737304 0.795962
0.144978 0.737839 0.796631
0.144283 0.737976 0.792413
0.143633 0.738118 0.788188
0.141515 0.738670 0.788879
0.140904 0.738796 0.784647
0.140337 0.738922 0.780410
0.141937 0.738518 0.775477
0.143586 0.738104 0.770560
0.143598 0.738133 0.770556
0.143602 0.738150 0.770556
0.143605 0.738161 0.770556
0.141476 0.738699 0.771225
0.139353 0.739235 0.771916
0.138907 0.739317 0.767663
0.138894 0.739325 0.767679
0.138881 0.739329 0.767695
0.138867 0.739334 0.767710
0.138854 0.739338 0.767726
0.138842 0.739343 0.767741
0.138829 0.739349 0.767756
0.138816 0.739354 0.767771
0.138965 0.739761 0.767729
0.138977 0.739858 0.767737
0.138985 0.739943 0.767743
0.138990 0.740029 0.767748
0.138992 0.740111 0.767753
0.138991 0.740193 0.767757
0.137315 0.740650 0.772721
0.135717 0.741101 0.777692
0.134136 0.741500 0.782691
0.133296 0.744642 0.787705
0.132855 0.749025 0.792734
0.132645 0.753923 0.797779
0.132595 0.759038 0.802839
0.132675 0.764243 0.807913
0.132870 0.769484 0.813000
0.133176 0.774736 0.818100
0.133589 0.779987 0.823213
0.134107 0.785230 0.828338
0.134731 0.790462 0.833474
0.135465 0.795697 0.838620
0.136291 0.800881 0.843777
0.136193 0.803382 0.848957
0.136735 0.807330 0.854125
0.137618 0.811925 0.859307
0.138712 0.816798 0.864499
0.138829 0.819101 0.869716
0.139693 0.822970 0.874915
0.140929 0.827508 0.880126
0.142384 0.832314 0.885345
0.145772 0.836394 0.889379
0.149266 0.840486 0.893399
0.152837 0.844525 0.897405
0.156479 0.848502 0.901395
0.160189 0.852411 0.905370
0.163967 0.856252 0.909329
0.167819 0.860022 0.913268
0.171735 0.863722 0.917191
0.175713 0.867348 0.921097
0.179751 0.870900 0.924986
0.183849 0.874375 0.928857
0.188005 0.877774 0.932710
0.192209 0.881092 0.936547
0.196468 0.884331 0.940366
0.200781 0.887490 0.944164
0.205147 0.890569 0.947943
0.209563 0.893566 0.951702
0.214029 0.896481 0.955440
0.218543 0.899314 0.959157
0.223103 0.902062 0.962853
0.227708 0.904727 0.966527
0.232356 0.907305 0.970180
0.237045 0.909798 0.973810
0.241774 0.912204 0.977417
0.246541 0.914523 0.981001
0.251345 0.916753 0.984561
0.256183 0.918895 0.988098
0.261054 0.920947 0.991611
0.265956 0.922910 0.995099
0.270888 0.924782 0.998562
0.275848 0.926563 1.002000
0.280834 0.928253 1.005413
0.285844 0.929851 1.008799
0.290876 0.931356 1.012160
0.295929 0.932769 1.015494
0.301001 0.934089 1.018801
0.306090 0.935316 1.022081
0.311194 0.936450 1.025333
0.316311 0.937489 1.028557
0.321441 0.938435 1.031753
0.326580 0.939287 1.034921
0.331727 0.940044 1.038060
0.336880 0.940707 1.041170
0.342037 0.941276 1.044250
0.347198 0.941751 1.047301
0.352359 0.942131 1.050321
0.357519 0.942418 1.053311
0.362676 0.942610 1.056271
0.367829 0.942708 1.059199
0.372975 0.942713 1.062096
0.378113 0.942624 1.064962
0.383241 0.942442 1.067796
0.388358 0.942167 1.070598
0.393461 0.941799 1.073367
0.398549 0.941339 1.076104
0.403620 0.940788 1.078808
0.408673 0.940144 1.081478
0.413705 0.939410 1.084115
0.418715 0.938586 1.086718
0.423700 0.937671 1.089288
0.428661 0.936667 1.091823
0.433594 0.935574 1.094323
0.438499 0.934393 1.096789
0.443372 0.933124 1.099220
0.448214 0.931768 1.101615
0.453022 0.930326 1.103975
0.457795 0.928799 1.106299
0.462530 0.927187 1.108587
0.467227 0.925491 1.110839
0.471884 0.923712 1.113055
0.476499 0.921851 1.115233
0.481071 0.919909 1.117375
0.484791 0.919674 1.120672
0.487790 0.921010 1.120672
0.490117 0.923936 1.117375
0.492501 0.926816 1.114061
0.494943 0.929647 1.110730
0.498173 0.930559 1.106270
0.501999 0.929873 1.105178
0.506361 0.927604 1.107393
0.510673 0.925257 1.109572
0.514391 0.924416 1.108500
0.518085 0.923521 1.107448
0.521754 0.922573 1.106417
0.525397 0.921572 1.105407
0.529012 0.920520 1.104417
0.532599 0.919416 1.103447
0.536158 0.918261 1.102499
0.539687 0.917055 1.101571
0.543186 0.915800 1.100665
0.546653 0.914497 1.099779
0.550089 0.913145 1.098915
0.553019 0.913828 1.098914
0.555506 0.916560 1.099777
0.558043 0.919263 1.100662
0.560629 0.921937 1.101567
0.563647 0.922514 1.101567
0.566670 0.923061 1.101566
0.569698 0.923578 1.101566
0.572732 0.924065 1.101565
0.575770 0.924521 1.101564
0.578813 0.924947 1.101564
