0.618409 0.923878 1.094674
0.618404 0.923877 1.094673
0.618399 0.923877 1.094673
0.618397 0.926007 1.095528
0.618395 0.928127 1.096404
0.618391 0.928127 1.096404
0.618386 0.928127 1.096403
0.618381 0.928126 1.096403
0.618373 0.930955 1.098034
0.618365 0.933801 1.099636
0.618357 0.936662 1.101210
0.618348 0.939538 1.102755
0.618340 0.942430 1.104271
0.618332 0.945337 1.105759
0.618324 0.948259 1.107217
0.618316 0.951195 1.108646
0.618308 0.954145 1.110045
0.618300 0.957109 1.111415
0.621692 0.960087 1.112755
0.625145 0.963043 1.114065
0.628657 0.965978 1.115346
0.632229 0.968888 1.116596
0.632347 0.971915 1.117816
0.632460 0.974954 1.119006
0.632574 0.978004 1.120165
0.632689 0.981066 1.121293
0.632804 0.984139 1.122391
0.632919 0.987223 1.123458
0.633035 0.990318 1.124494
0.633151 0.993422 1.125499
0.633267 0.996537 1.126473
0.633384 0.999661 1.127416
0.633501 1.002794 1.128327
0.633619 1.005937 1.129207
0.633737 1.009087 1.130056
0.633855 1.012247 1.130873
0.633973 1.015414 1.131658
0.634092 1.018589 1.132411
0.634176 1.020699 1.133308
0.634259 1.022800 1.134227
0.634416 1.026792 1.131105
0.634573 1.030752 1.127944
0.634728 1.034681 1.124743
0.634881 1.038577 1.121503
0.635034 1.042441 1.118224
0.635185 1.046271 1.114906
0.635334 1.050068 1.111550
0.635482 1.053832 1.108156
0.635628 1.057561 1.104725
0.635772 1.061256 1.101257
0.635914 1.064917 1.097751
0.636054 1.068541 1.094209
0.636192 1.072131 1.090631
0.636328 1.075684 1.087017
0.636461 1.079201 1.083368
0.636592 1.082681 1.079684
0.636721 1.086125 1.075964
0.636846 1.089531 1.072211
0.636969 1.092899 1.068424
0.637090 1.096229 1.064602
0.637184 1.099491 1.064674
0.637286 1.102753 1.064715
0.637387 1.106016 1.064723
0.637488 1.109279 1.064698
0.637586 1.112541 1.064640
0.637683 1.115803 1.064549
0.637777 1.119063 1.064426
0.637898 1.122353 1.060344
0.638004 1.125601 1.056228
0.638104 1.128807 1.052079
0.638171 1.130897 1.053014
0.638227 1.132978 1.053971
0.638310 1.136145 1.049792
0.638397 1.139268 1.045579
0.638485 1.142349 1.041336
0.638571 1.145387 1.037061
0.638654 1.148382 1.032756
0.638735 1.151334 1.028422
0.638813 1.154242 1.024058
0.638882 1.156311 1.025033
0.638935 1.158373 1.026031
0.638990 1.161240 1.021641
0.639055 1.164061 1.017219
0.639124 1.166837 1.012769
0.639189 1.168885 1.013784
0.639240 1.171619 1.009310
0.639301 1.174306 1.004805
0.639366 1.176947 1.000274
0.639433 1.179542 0.995716
0.639500 1.182092 0.991133
0.639569 1.184595 0.986524
0.639586 1.184594 0.986523
0.639578 1.184594 0.986522
0.639559 1.184594 0.986521
0.639534 1.184594 0.986520
0.639507 1.184594 0.986519
0.639504 1.184130 0.992164
0.639474 1.183610 0.997805
0.639428 1.183034 1.003441
0.639374 1.182403 1.009070
0.639314 1.181715 1.014693
0.635904 1.181087 1.020332
0.631134 1.180404 1.025950
0.625810 1.179628 1.031553
0.620295 1.176428 1.032033
0.614735 1.173167 1.032477
0.612826 1.170765 1.027360
0.612178 1.167511 1.027763
0.611959 1.164262 1.028140
0.615658 1.161045 1.028461
0.616680 1.157808 1.028792
0.616959 1.154557 1.029079
0.617019 1.151302 1.029330
0.617017 1.148043 1.029548
0.616997 1.142803 1.028570
0.616973 1.137550 1.027578
0.616950 1.132284 1.026574
0.616929 1.127006 1.025557
0.616911 1.121717 1.024528
0.616895 1.116416 1.023487
0.616882 1.111105 1.022434
0.616871 1.105784 1.021368
0.616863 1.100453 1.020290
0.616856 1.095113 1.019201
0.616852 1.089765 1.018100
0.616850 1.084409 1.016987
0.616850 1.079046 1.015862
0.616852 1.073676 1.014726
0.616855 1.068299 1.013579
0.616860 1.062917 1.012420
0.616866 1.057530 1.011250
0.616874 1.052137 1.010070
0.616883 1.046741 1.008878
0.616892 1.041341 1.007676
0.616903 1.035938 1.006463
0.616914 1.030533 1.005239
0.616927 1.025125 1.004005
0.616939 1.019716 1.002761
0.616952 1.014306 1.001506
0.616965 1.008896 1.000242
0.616978 1.003486 0.998967
0.616991 0.998076 0.997683
0.617005 0.992668 0.996389
0.617022 0.989490 0.995634
0.617039 0.986321 0.994848
0.617021 0.986147 1.002419
0.617003 0.985818 1.009995
0.616985 0.985334 1.017571
0.616968 0.984696 1.025145
0.616967 0.981660 1.028129
0.616967 0.978590 1.031080
0.616967 0.975491 1.034001
0.616968 0.972363 1.036890
0.616969 0.969206 1.039748
0.616971 0.966020 1.042574
0.616973 0.962805 1.045368
0.616975 0.959563 1.048130
0.616977 0.956294 1.050859
0.616980 0.952998 1.053555
0.616983 0.949675 1.056219
0.616986 0.946325 1.058849
0.616989 0.942950 1.061446
0.616993 0.939549 1.064009
0.616995 0.938321 1.067197
0.616996 0.937061 1.070373
0.616998 0.935770 1.073536
0.617000 0.934447 1.076686
0.617002 0.933093 1.079823
0.617004 0.931707 1.082945
0.617006 0.930291 1.086054
0.617008 0.928843 1.089149
0.617010 0.927364 1.092229
0.617011 0.925855 1.095293
0.617013 0.924315 1.098343
0.617016 0.922745 1.101377
0.617016 0.922744 1.101376
0.617017 0.922742 1.101375
0.617016 0.924309 1.098338
