0.624095 1.145981 0.966143
0.624082 1.148301 0.961771
0.624066 1.150576 0.957376
0.624070 1.152678 0.958284
0.624040 1.154912 0.953868
0.623993 1.154994 0.948517
0.623950 1.155021 0.943165
0.623935 1.157118 0.938682
0.623898 1.157047 0.933309
0.623866 1.156922 0.927938
0.623839 1.156742 0.922566
0.623838 1.158658 0.918003
0.623840 1.160528 0.913422
0.623844 1.162352 0.908821
0.623865 1.162348 0.908817
0.623937 1.162459 0.908922
0.623955 1.162453 0.908916
0.623962 1.162445 0.908909
0.623964 1.162439 0.908902
0.623957 1.162438 0.908902
0.623945 1.162438 0.908901
0.623932 1.162438 0.908901
0.623918 1.162438 0.908901
0.623905 1.162437 0.908900
0.623891 1.162437 0.908900
0.623877 1.162437 0.908900
0.623864 1.162437 0.908899
0.623894 1.162750 0.914325
0.623900 1.163009 0.919753
0.623895 1.163214 0.925184
0.623882 1.163365 0.930617
0.623864 1.163462 0.936051
0.623841 1.163504 0.941485
0.623816 1.163491 0.946920
0.623787 1.163425 0.952354
0.623756 1.163304 0.957787
0.623722 1.163129 0.963219
0.623686 1.162899 0.968649
0.623648 1.162615 0.974076
0.623609 1.162277 0.979499
0.623568 1.161885 0.984919
0.623526 1.161438 0.990335
0.623483 1.160938 0.995747
0.623440 1.160383 1.001152
0.623397 1.159774 1.006552
0.623353 1.159111 1.011946
0.623310 1.158395 1.017333
0.623267 1.157624 1.022712
0.623224 1.156800 1.028083
0.623183 1.155922 1.033446
0.623142 1.154991 1.038799
0.623102 1.154006 1.044143
0.623063 1.152967 1.049477
0.623025 1.151876 1.054801
0.622988 1.150731 1.060113
0.622952 1.149533 1.065413
0.622918 1.148282 1.070701
0.622893 1.145017 1.070630
0.622847 1.143714 1.075872
0.622821 1.140451 1.075735
0.622786 1.137189 1.075565
0.622750 1.133930 1.075362
0.622717 1.130672 1.075127
0.622670 1.125616 1.073436
0.622623 1.120549 1.071730
0.622577 1.115472 1.070010
0.622533 1.110383 1.068277
0.622491 1.105286 1.066529
0.622450 1.100178 1.064767
0.622409 1.095063 1.062992
0.622370 1.089938 1.061204
0.622342 1.085947 1.054749
0.622304 1.080790 1.052985
0.622266 1.075626 1.051209
0.622229 1.070456 1.049421
0.622202 1.066304 1.043162
0.622165 1.061105 1.041400
0.622128 1.055901 1.039627
0.622092 1.050692 1.037842
0.622056 1.045479 1.036044
0.622037 1.042300 1.035293
0.622027 1.041356 1.039512
0.622016 1.040369 1.043719
0.621983 1.035202 1.041778
0.621948 1.030028 1.039822
0.621914 1.024852 1.037854
0.621880 1.019674 1.035875
0.621852 1.016676 1.038828
0.621826 1.013648 1.041750
0.621805 1.012642 1.049607
0.621783 1.011480 1.057453
0.621755 1.008292 1.060286
0.621728 1.005071 1.063083
0.621701 1.001822 1.065848
0.621673 0.998546 1.068580
0.621646 0.995243 1.071280
0.621618 0.991913 1.073946
0.621591 0.988557 1.076579
0.621563 0.985175 1.079179
0.621536 0.981766 1.081744
0.621508 0.978331 1.084274
0.621480 0.974871 1.086771
0.621452 0.971387 1.089232
0.621424 0.967878 1.091659
0.621395 0.964346 1.094051
0.621367 0.960790 1.096407
0.621338 0.957210 1.098728
0.621309 0.953607 1.101013
0.621280 0.949982 1.103262
0.621250 0.946335 1.105475
0.621221 0.942666 1.107651
0.621207 0.941002 1.110868
0.621208 0.941000 1.110866
0.621208 0.940998 1.110865
0.621194 0.938969 1.109785
0.621194 0.938571 1.105549
0.621194 0.938110 1.101358
0.621179 0.936030 1.100382
0.621164 0.933940 1.099426
0.621149 0.931840 1.098492
0.621134 0.929732 1.097578
0.621119 0.927615 1.096686
0.621120 0.927613 1.096685
0.621121 0.927611 1.096683
0.621122 0.927609 1.096682
0.618047 0.927603 1.096681
0.614972 0.927566 1.096679
0.611897 0.927499 1.096678
0.608823 0.927401 1.096676
0.605751 0.927272 1.096675
0.602680 0.927113 1.096674
0.599611 0.926922 1.096672
0.596543 0.926701 1.096671
0.593355 0.927966 1.093586
0.590007 0.930517 1.095184
0.586604 0.933048 1.096753
0.583145 0.935556 1.098294
0.579632 0.938041 1.099806
0.576063 0.940502 1.101288
0.572439 0.942938 1.102741
0.568759 0.945348 1.104166
0.565025 0.947730 1.105561
0.561235 0.950083 1.106926
0.557391 0.952406 1.108261
0.553492 0.954698 1.109567
0.549539 0.956958 1.110842
0.545531 0.959183 1.112087
0.541469 0.961374 1.113302
0.537353 0.963530 1.114487
0.533183 0.965649 1.115641
0.528961 0.967729 1.116765
0.524685 0.969769 1.117858
0.520356 0.971769 1.118920
0.515976 0.973727 1.119951
0.511544 0.975642 1.120950
0.507059 0.977514 1.121919
0.502524 0.979340 1.122857
0.497938 0.981119 1.123764
0.493302 0.982851 1.124638
0.488617 0.984534 1.125482
0.483883 0.986167 1.126293
0.479100 0.987749 1.127073
0.474269 0.989279 1.127821
0.469391 0.990755 1.128538
0.464466 0.992177 1.129222
0.459495 0.993544 1.129875
0.454479 0.994853 1.130495
0.449418 0.996105 1.131083
0.444313 0.997299 1.131640
0.439165 0.998432 1.132164
0.433975 0.999504 1.132656
0.428743 1.000515 1.133115
0.427237 1.003381 1.133542
0.425443 1.006976 1.130088
0.423665 1.010540 1.126594
0.421902 1.014071 1.123061
0.420154 1.017571 1.119488
0.418421 1.021038 1.115876
0.416703 1.024472 1.112225
0.415001 1.027873 1.108536
0.413315 1.031240 1.104809
0.411841 1.034151 1.104945
0.410370 1.037064 1.105048
0.408898 1.039979 1.105118
0.407424 1.042893 1.105155
0.405950 1.045807 1.105160
0.404474 1.048720 1.105132
0.402997 1.051632 1.105072
0.401519 1.054542 1.104979
0.400040 1.057451 1.104853
0.398561 1.060358 1.104694
0.397842 1.061779 1.099757
0.397136 1.063150 1.094803
0.396448 1.064475 1.089834
0.394815 1.067684 1.085633
0.393201 1.070856 1.081396
0.391605 1.073989 1.077123
0.390027 1.077083 1.072816
0.388468 1.080138 1.068474
0.386927 1.083154 1.064098
0.385406 1.086130 1.059688
0.383903 1.089066 1.055245
0.382421 1.091962 1.050769
0.380959 1.094819 1.046261
0.379517 1.097634 1.041721
0.378097 1.100410 1.037150
0.376698 1.103145 1.032548
0.375321 1.105839 1.027915
0.373966 1.108492 1.023252
0.372634 1.111105 1.018560
0.368665 1.112335 1.013854
0.363519 1.112880 1.009110
0.357828 1.113041 1.004335
0.354442 1.114334 0.999518
0.352161 1.116163 0.994680
0.350420 1.118229 0.989819
0.348954 1.120388 0.984932
0.347635 1.122570 0.980020
0.346401 1.124743 0.975082
0.345222 1.126890 0.970121
0.344085 1.129001 0.965134
0.342981 1.131075 0.960124
0.341907 1.133108 0.955090
0.340862 1.135099 0.950034
0.339845 1.137048 0.944956
0.338855 1.138954 0.939856
0.337892 1.140816 0.934735
0.336957 1.142634 0.929592
0.336049 1.144408 0.924430
0.335167 1.146138 0.919248
0.334312 1.147824 0.914047
0.333483 1.149464 0.908827
0.332681 1.151059 0.903588
0.331906 1.152609 0.898333
0.331003 1.154561 0.899132
