0.299382 1.188633 0.834826
0.298460 1.190488 0.835800
0.297981 1.191335 0.830240
0.297562 1.192146 0.824665
0.297177 1.192912 0.819081
0.296820 1.193630 0.813489
0.296490 1.194298 0.807889
0.296187 1.194917 0.802283
0.295910 1.195487 0.796669
0.295659 1.196007 0.791050
0.295734 1.196042 0.791043
0.295775 1.196062 0.791040
0.295809 1.196078 0.791037
0.295842 1.196093 0.791034
0.295874 1.196108 0.791031
0.296397 1.196358 0.791002
0.297516 1.196885 0.790953
0.297696 1.196979 0.790947
0.297843 1.197022 0.790929
0.297983 1.197074 0.790917
0.298117 1.197130 0.790911
0.298246 1.197189 0.790909
0.298365 1.197256 0.790912
0.298477 1.197322 0.790917
0.298458 1.197316 0.790921
0.297811 1.198625 0.797509
0.297161 1.199876 0.804128
0.296541 1.201069 0.810760
0.295952 1.202203 0.817405
0.295397 1.203279 0.824063
0.294875 1.204298 0.830732
0.294385 1.205259 0.837412
0.293929 1.206161 0.844102
0.293505 1.207006 0.850802
0.293115 1.207792 0.857511
0.292757 1.208520 0.864228
0.292433 1.209189 0.870953
0.292141 1.209800 0.877684
0.291882 1.210352 0.884422
0.291657 1.210846 0.891166
0.291464 1.211280 0.897914
0.291303 1.211656 0.904667
0.291175 1.211972 0.911423
0.291080 1.212230 0.918182
0.291017 1.212428 0.924944
0.290987 1.212567 0.931707
0.290988 1.212646 0.938470
0.291022 1.212666 0.945235
0.291087 1.212627 0.951998
0.291185 1.212528 0.958760
0.291314 1.212369 0.965521
0.293613 1.208301 0.965510
0.295932 1.204194 0.965466
0.298264 1.200061 0.965411
0.300607 1.195903 0.965345
0.302962 1.191721 0.965268
0.303114 1.191490 0.971776
0.303291 1.191213 0.978298
0.303499 1.190879 0.984816
0.303736 1.190486 0.991329
0.304002 1.190035 0.997837
0.304297 1.189526 1.004340
0.304621 1.188958 1.010836
0.304973 1.188332 1.017326
0.305352 1.187648 1.023808
0.305760 1.186905 1.030281
0.306196 1.186104 1.036746
0.310179 1.184731 1.037701
0.316374 1.182636 1.037045
0.323334 1.180882 1.036377
0.330697 1.179261 1.035698
0.338260 1.177656 1.035007
0.345907 1.176001 1.034303
0.353575 1.174265 1.033587
0.361226 1.172428 1.032857
0.366165 1.169268 1.032142
0.369684 1.165410 1.031400
0.372467 1.161185 1.030637
0.374876 1.156764 1.029856
0.377100 1.152235 1.029060
0.379238 1.147645 1.028249
0.381338 1.143017 1.027425
0.381640 1.142186 1.033157
0.381974 1.141312 1.038887
0.382337 1.140388 1.044607
0.382726 1.139413 1.050317
0.383140 1.138387 1.056015
0.386907 1.138803 1.061670
0.393458 1.136194 1.060523
0.400380 1.133678 1.059363
0.407392 1.131127 1.058191
0.414390 1.128493 1.057007
0.421335 1.125764 1.055809
0.428214 1.122934 1.054597
0.435023 1.120005 1.053371
0.441759 1.116977 1.052132
0.444489 1.112480 1.050902
0.446406 1.107670 1.049640
0.448155 1.102785 1.048362
0.449536 1.098834 1.041992
0.450943 1.094798 1.035703
0.452677 1.089842 1.034487
0.453613 1.087070 1.038308
0.454579 1.084270 1.042101
0.455561 1.081436 1.045865
0.460684 1.080010 1.049586
0.466912 1.076583 1.048229
0.473094 1.073080 1.046860
0.479197 1.069493 1.045478
0.485216 1.065823 1.044084
0.491151 1.062071 1.042678
0.496998 1.058239 1.041261
0.502758 1.054328 1.039831
0.508430 1.050342 1.038390
0.514011 1.046281 1.036937
0.519501 1.042147 1.035473
0.524900 1.037943 1.033997
0.530204 1.033670 1.032511
0.535415 1.029330 1.031014
0.540531 1.024926 1.029505
0.545550 1.020459 1.027986
0.550472 1.015931 1.026457
0.555296 1.011344 1.024917
0.560022 1.006700 1.023367
0.564648 1.002001 1.021807
0.569174 0.997250 1.020236
0.573600 0.992449 1.018657
0.577924 0.987598 1.017067
0.582146 0.982702 1.015468
0.585769 0.983061 1.015468
0.589396 0.983385 1.015467
0.592848 0.986045 1.020065
0.596354 0.988627 1.024685
0.600036 0.988844 1.024685
0.603721 0.989025 1.024684
0.607433 0.988334 1.028373
0.611131 0.987568 1.032054
0.614839 0.984564 1.034964
0.618486 0.981494 1.037842
0.622070 0.978359 1.040690
0.625592 0.975161 1.043506
0.625530 0.971973 1.046291
0.625467 0.968757 1.049043
0.621948 0.965551 1.051764
0.618494 0.962283 1.054451
0.618495 0.958986 1.057106
0.618497 0.955662 1.059728
0.618498 0.952312 1.062316
0.618500 0.948937 1.064871
0.618501 0.945536 1.067392
0.618502 0.942110 1.069878
0.618504 0.938660 1.072331
0.618505 0.935185 1.074748
0.618507 0.931686 1.077131
0.618508 0.928164 1.079479
0.618505 0.926783 1.082553
0.618502 0.925372 1.085614
0.618494 0.926072 1.089486
0.618486 0.926716 1.093408
0.618483 0.925196 1.096467
0.618479 0.925196 1.096466
0.618472 0.926715 1.093406
0.618466 0.928203 1.090331
0.618460 0.929660 1.087241
0.618454 0.931087 1.084137
0.618437 0.933958 1.085692
0.618420 0.936844 1.087219
0.618403 0.939745 1.088717
0.621613 0.942662 1.090186
0.624881 0.945560 1.091626
0.628208 0.948439 1.093037
0.631594 0.951298 1.094417
0.631696 0.954269 1.095769
0.631799 0.957253 1.097090
0.631903 0.960250 1.098382
0.632007 0.963261 1.099643
0.632111 0.966283 1.100874
0.632216 0.969318 1.102075
0.632322 0.972364 1.103246
0.632428 0.975423 1.104385
0.632535 0.978492 1.105495
0.632642 0.981572 1.106573
0.632749 0.984663 1.107621
0.632857 0.987764 1.108637
0.632966 0.990875 1.109623
0.633075 0.993996 1.110577
0.633184 0.997127 1.111500
0.633294 1.000266 1.112392
0.633404 1.003414 1.113252
0.633514 1.006571 1.114081
0.633625 1.009735 1.114878
0.633736 1.012908 1.115643
0.633848 1.016087 1.116376
0.633959 1.019275 1.117078
0.634084 1.022834 1.122613
0.634229 1.026740 1.119421
0.634372 1.030614 1.116189
0.634514 1.034455 1.112919
0.634655 1.038263 1.109610
0.634794 1.042038 1.106263
0.634869 1.044161 1.107131
0.635006 1.047903 1.103747
0.635142 1.051610 1.100325
0.635276 1.055283 1.096867
0.635408 1.058921 1.093371
0.635538 1.062524 1.089840
0.635666 1.066092 1.086272
0.635791 1.069624 1.082669
0.635915 1.073120 1.079031
0.636036 1.076579 1.075357
0.636154 1.080001 1.071650
0.636269 1.083386 1.067908
0.636395 1.087477 1.073631
0.636525 1.091493 1.079439
0.636652 1.095431 1.085328
0.636777 1.098897 1.081558
0.636891 1.102324 1.077752
0.637002 1.105713 1.073912
0.637110 1.109063 1.070038
0.637214 1.112374 1.066130
0.637315 1.115647 1.062189
0.637413 1.118879 1.058216
0.637508 1.122072 1.054210
0.637599 1.125224 1.050173
0.637687 1.128336 1.046104
0.637771 1.131408 1.042004
0.637852 1.134438 1.037874
0.637906 1.136492 1.038884
0.637974 1.139482 1.034725
0.638045 1.142429 1.030534
0.638116 1.145334 1.026314
0.638184 1.148196 1.022066
0.638249 1.151016 1.017788
0.638317 1.153793 1.013483
0.638380 1.156527 1.009150
0.638438 1.159217 1.004790
0.638495 1.161863 1.000403
0.638554 1.163906 1.001432
0.638597 1.165941 1.002484
0.638632 1.167966 1.003557
0.638664 1.169979 1.004649
0.638693 1.171982 1.005761
0.638651 1.171981 1.005758
0.638602 1.172582 1.000231
0.638572 1.172578 1.000224
0.638532 1.172576 1.000220
0.638488 1.172574 1.000216
0.638442 1.172573 1.000211
0.638395 1.172571 1.000207
0.638347 1.172569 1.000203
0.638293 1.173115 0.994671
0.638253 1.173603 0.989130
0.638219 1.174034 0.983585
0.638188 1.174410 0.978036
0.638181 1.174405 0.978029
0.641075 1.174285 0.978002
0.642398 1.174237 0.978010
0.643015 1.174212 0.978012
0.643292 1.174199 0.978011
0.643384 1.174518 0.972463
0.643447 1.174515 0.972463
0.643457 1.174514 0.972462
0.643444 1.174515 0.972462
0.643447 1.174191 0.978009
0.643418 1.173814 0.983553
0.643373 1.173382 0.989093
0.643319 1.172894 0.994629
0.643258 1.172352 1.000159
0.643192 1.171754 1.005683
0.643122 1.171102 1.011201
0.643048 1.170394 1.016712
0.639361 1.169781 1.022240
0.634433 1.169116 1.027745
0.629064 1.165987 1.028116
0.623565 1.160842 1.027257
0.618113 1.155626 1.026384
0.612750 1.150342 1.025498
0.611327 1.150309 1.025474
0.610918 1.150299 1.025466
0.610807 1.149445 1.030763
0.610761 1.148539 1.036052
0.614858 1.147629 1.041311
0.619849 1.146642 1.046576
0.625034 1.143354 1.046684
0.625886 1.140086 1.046777
0.625953 1.134873 1.045608
0.625883 1.129647 1.044423
0.625792 1.124411 1.043225
0.625699 1.119162 1.042013
0.625609 1.113903 1.040789
0.625521 1.108634 1.039552
0.625435 1.103355 1.038303
0.625350 1.098067 1.037042
0.625268 1.092771 1.035768
0.625188 1.087466 1.034482
0.625109 1.082154 1.033184
0.625045 1.079170 1.036787
0.625020 1.078209 1.041373
0.624979 1.074966 1.040993
0.624906 1.069668 1.039566
0.624834 1.064364 1.038127
0.624762 1.059054 1.036676
0.624692 1.053740 1.035214
0.624622 1.048422 1.033740
0.624552 1.043100 1.032256
0.624482 1.037775 1.030760
0.624413 1.032447 1.029253
0.624344 1.027117 1.027736
0.624276 1.021786 1.026208
0.624274 1.021786 1.026208
0.620265 1.021809 1.026209
0.616245 1.021790 1.026208
0.612235 1.020880 1.030221
0.608371 1.015469 1.028631
0.608365 1.015468 1.028631
0.612315 1.015565 1.028630
0.616269 1.015621 1.028630
0.616273 1.015621 1.028630
0.616271 1.015620 1.028629
0.616271 1.014743 1.032580
0.616299 1.011586 1.031752
0.616339 1.006293 1.030065
0.616379 1.000999 1.028368
0.616419 0.995707 1.026661
0.616459 0.991218 1.021236
0.616458 0.990415 1.024943
0.616459 0.989575 1.028641
0.616429 0.990878 1.037062
0.616401 0.992003 1.045537
0.616400 0.990960 1.049253
0.616413 0.987760 1.052067
0.616425 0.984532 1.054848
0.616438 0.981277 1.057597
0.616452 0.977994 1.060314
0.616465 0.974684 1.062998
0.616479 0.971348 1.065649
0.616492 0.967986 1.068266
0.616506 0.964598 1.070850
0.616520 0.961184 1.073399
0.616534 0.957745 1.075915
0.616548 0.954281 1.078396
0.616562 0.950791 1.080842
0.616577 0.947277 1.083252
0.616591 0.943739 1.085628
0.616606 0.940178 1.087968
0.616620 0.936594 1.090273
0.616635 0.932987 1.092542
0.616650 0.929358 1.094774
0.616665 0.925706 1.096971
0.616666 0.925704 1.096969
0.616666 0.925703 1.096968
