0.481515 0.968688 1.019006
0.483471 0.963681 1.017578
0.488813 0.960003 1.016139
0.494074 0.956258 1.014692
0.497691 0.956808 1.018278
0.501318 0.957286 1.021857
0.505657 0.955595 1.024813
0.509278 0.955926 1.028354
0.513564 0.954081 1.031249
0.517810 0.952156 1.034113
0.522015 0.950153 1.036946
0.526178 0.948072 1.039747
0.530296 0.945915 1.042517
0.534370 0.943682 1.045254
0.538396 0.941373 1.047960
0.542375 0.938991 1.050632
0.546303 0.936536 1.053272
0.550180 0.934009 1.055879
0.554005 0.931411 1.058452
0.557352 0.930908 1.061629
0.560687 0.930337 1.064794
0.564011 0.929700 1.067947
0.567321 0.928996 1.071088
0.570617 0.928227 1.074215
0.573897 0.927392 1.077330
0.577159 0.926491 1.080431
0.580403 0.925525 1.083518
0.583627 0.924495 1.086591
0.586829 0.923400 1.089650
0.590009 0.922242 1.092694
0.593166 0.921020 1.095723
0.596173 0.921273 1.095723
0.599182 0.921495 1.095722
0.602193 0.921688 1.095722
0.605129 0.923361 1.092691
0.608158 0.923494 1.092691
0.611189 0.923597 1.092690
0.614220 0.923669 1.092690
0.617252 0.923711 1.092689
0.620285 0.923723 1.092689
0.623317 0.923705 1.092688
0.626349 0.923657 1.092688
0.626344 0.923656 1.092687
0.626416 0.926470 1.094342
0.626488 0.929301 1.095968
0.626559 0.932148 1.097567
0.629781 0.934928 1.099136
0.633060 0.937691 1.100677
0.636395 0.940434 1.102189
0.639787 0.943157 1.103672
0.639977 0.946075 1.105126
0.640167 0.949007 1.106551
0.640358 0.951953 1.107946
0.640549 0.954913 1.109311
0.640741 0.957886 1.110647
0.640934 0.960873 1.111953
0.641128 0.963873 1.113229
0.641322 0.966885 1.114474
0.641516 0.969909 1.115690
0.641711 0.972946 1.116875
0.641907 0.975994 1.118030
0.645692 0.978815 1.119154
0.645920 0.981883 1.120247
0.646148 0.984962 1.121309
0.646376 0.988052 1.122341
0.646605 0.991152 1.123341
0.646835 0.994262 1.124311
0.647065 0.997381 1.125249
0.647295 1.000509 1.126155
0.647526 1.003647 1.127031
0.647757 1.006792 1.127874
0.647988 1.009947 1.128687
0.648220 1.013109 1.129467
0.648379 1.015224 1.130342
0.648666 1.019189 1.127245
0.648951 1.023123 1.124108
0.649233 1.027025 1.120931
0.649514 1.030895 1.117716
0.649792 1.034733 1.114462
0.650067 1.038538 1.111170
0.650340 1.042310 1.107840
0.650611 1.046049 1.104472
0.650879 1.049754 1.101067
0.651144 1.053424 1.097624
0.651406 1.057061 1.094145
0.651666 1.060662 1.090630
0.651922 1.064228 1.087078
0.652175 1.067758 1.083491
0.652424 1.071253 1.079869
0.652671 1.074711 1.076212
0.652913 1.078133 1.072520
0.653152 1.081517 1.068794
0.653387 1.084865 1.065034
0.653536 1.086971 1.065928
0.653683 1.089069 1.066844
0.653829 1.091157 1.067780
0.654059 1.094467 1.063988
0.654286 1.097739 1.060161
0.654509 1.100972 1.056302
0.654714 1.104229 1.056336
0.654928 1.107486 1.056339
0.655142 1.110744 1.056309
0.655355 1.114000 1.056247
0.655565 1.117256 1.056151
0.655773 1.120511 1.056023
0.655980 1.123765 1.055862
0.656045 1.124866 1.050806
0.656089 1.125916 1.045736
0.656283 1.129023 1.041552
0.656417 1.131119 1.042464
0.656544 1.133208 1.043399
0.656728 1.136275 1.039186
0.656913 1.139298 1.034940
0.657045 1.141375 1.035894
0.657221 1.144358 1.031620
0.657398 1.147295 1.027314
0.657565 1.150526 1.026890
0.657745 1.153753 1.026435
0.657930 1.156975 1.025948
0.658116 1.160192 1.025429
0.658301 1.163403 1.024877
0.658487 1.166609 1.024293
0.658684 1.169472 1.019768
0.658865 1.172289 1.015210
0.659038 1.175060 1.010624
0.659207 1.177785 1.006010
0.659373 1.180463 1.001369
0.659538 1.183096 0.996702
0.659701 1.185681 0.992008
0.659864 1.188219 0.987289
0.660026 1.190709 0.982544
0.660188 1.193152 0.977774
0.660201 1.193099 0.977676
0.660209 1.193098 0.977675
0.660206 1.193096 0.977673
0.660197 1.193096 0.977672
0.660185 1.193096 0.977671
0.660173 1.193096 0.977669
0.660160 1.193096 0.977668
0.660146 1.193096 0.977667
0.660133 1.193096 0.977666
0.660140 1.192718 0.983407
0.660118 1.192285 0.989145
0.660078 1.191796 0.994879
0.660025 1.191250 1.000607
0.656917 1.190862 1.006347
0.652349 1.190480 1.012072
0.647105 1.190035 1.017785
0.641554 1.189495 1.023489
0.635871 1.188847 1.029182
0.630113 1.185770 1.029794
0.624370 1.182629 1.030371
0.618622 1.182643 1.030369
0.612925 1.182599 1.030367
0.603897 1.182424 1.030394
0.593507 1.182035 1.030403
0.592726 1.181968 1.030329
0.595710 1.182093 1.030298
0.596824 1.182144 1.030309
0.597254 1.182163 1.030313
0.600811 1.182287 1.030289
0.605567 1.182425 1.030278
0.610811 1.182533 1.030273
0.612901 1.181669 1.035914
0.613700 1.180724 1.041533
0.617462 1.179730 1.047121
0.622394 1.178657 1.052709
0.627770 1.177481 1.058285
0.629595 1.177464 1.058310
0.630195 1.176275 1.063886
0.630337 1.173026 1.064242
0.630313 1.169776 1.064563
0.630258 1.168532 1.070052
0.630217 1.168533 1.070052
0.626164 1.168603 1.070084
0.620961 1.168640 1.070088
0.619448 1.168631 1.070061
0.619002 1.167330 1.075531
0.618847 1.165976 1.080994
0.618803 1.162715 1.081184
0.618764 1.159453 1.081340
0.618722 1.154308 1.080148
0.618680 1.149149 1.078942
0.618640 1.143976 1.077723
0.618603 1.138791 1.076490
0.618569 1.133593 1.075244
0.618539 1.128382 1.073985
0.618511 1.123161 1.072712
0.618485 1.117928 1.071427
0.618462 1.112685 1.070129
0.618442 1.107431 1.068818
0.618424 1.102169 1.067495
0.618408 1.096897 1.066159
0.618395 1.091617 1.064811
0.618383 1.086329 1.063451
0.618373 1.081034 1.062078
0.618364 1.075732 1.060694
0.618344 1.074532 1.065245
0.618328 1.073287 1.069783
0.618313 1.071996 1.074309
0.618309 1.066734 1.072757
0.618306 1.061465 1.071190
0.618303 1.056191 1.069612
0.618301 1.050912 1.068023
0.618300 1.045629 1.066422
0.618299 1.040343 1.064809
0.618299 1.035054 1.063186
0.618299 1.029763 1.061551
0.618299 1.024470 1.059906
0.618301 1.019175 1.058250
0.618302 1.013879 1.056583
0.618305 1.008583 1.054906
0.618308 1.003286 1.053219
0.618311 0.997991 1.051521
0.618316 0.992698 1.049815
0.618321 0.987405 1.048098
0.618326 0.982116 1.046372
0.618332 0.976829 1.044637
0.618338 0.971547 1.042894
0.618345 0.966268 1.041141
0.618352 0.960994 1.039380
0.618343 0.960011 1.042784
0.618335 0.958994 1.046177
0.618320 0.955751 1.048881
0.618304 0.952480 1.051553
0.618289 0.949183 1.054192
0.618273 0.945860 1.056798
0.618258 0.942511 1.059370
0.618242 0.939137 1.061909
0.618226 0.935738 1.064415
0.618209 0.932313 1.066886
0.618199 0.931057 1.070001
0.618188 0.929770 1.073104
0.618183 0.930623 1.076938
0.618178 0.931423 1.080823
0.618166 0.930028 1.083929
0.618154 0.928602 1.087021
0.618142 0.927144 1.090098
0.618129 0.925656 1.093161
0.618117 0.924138 1.096208
0.618104 0.922589 1.099240
0.618104 0.922588 1.099239
0.618119 0.924133 1.096204
0.618133 0.925649 1.093154
