0.620000 0.925054 1.087158
0.620001 0.925052 1.087157
0.616951 0.925035 1.087156
0.613902 0.924988 1.087154
0.610853 0.924910 1.087153
0.607748 0.926226 1.084094
0.604618 0.927481 1.081021
0.601463 0.928672 1.077934
0.598284 0.929800 1.074834
0.595084 0.930865 1.071721
0.591863 0.931865 1.068595
0.588623 0.932801 1.065456
0.585365 0.933671 1.062306
0.581827 0.936656 1.059814
0.578230 0.939575 1.057289
0.574573 0.942429 1.054731
0.570860 0.945216 1.052140
0.567090 0.947935 1.049516
0.563266 0.950584 1.046859
0.559388 0.953163 1.044169
0.555458 0.955670 1.041448
0.551478 0.958105 1.038695
0.547448 0.960466 1.035910
0.543370 0.962753 1.033094
0.539245 0.964964 1.030246
0.535075 0.967100 1.027369
0.530861 0.969159 1.024462
0.526605 0.971139 1.021524
0.522309 0.973040 1.018557
0.517973 0.974862 1.015560
0.513599 0.976602 1.012533
0.509190 0.978261 1.009478
0.504745 0.979838 1.006394
0.500267 0.981333 1.003283
0.495758 0.982745 1.000143
0.491219 0.984072 0.996976
0.486652 0.985316 0.993783
0.482058 0.986474 0.990562
0.477440 0.987547 0.987314
0.472798 0.988534 0.984041
0.468135 0.989434 0.980741
0.463452 0.990246 0.977416
0.458751 0.990971 0.974065
0.454033 0.991609 0.970689
0.449301 0.992158 0.967289
0.444556 0.992618 0.963864
0.439800 0.992990 0.960415
0.435033 0.993272 0.956943
0.430259 0.993465 0.953447
0.425478 0.993568 0.949929
0.420693 0.993582 0.946387
0.415904 0.993505 0.942824
0.411115 0.993339 0.939238
0.406326 0.993082 0.935631
0.401539 0.992735 0.932003
0.396756 0.992299 0.928354
0.393040 0.990045 0.928354
0.389341 0.987750 0.928354
0.385665 0.985419 0.928354
0.382013 0.983050 0.928353
0.378385 0.980646 0.928353
0.374780 0.978204 0.928353
0.371201 0.975727 0.928352
0.367647 0.973214 0.928352
0.364118 0.970666 0.928352
0.360614 0.968082 0.928351
0.357137 0.965463 0.928351
0.355804 0.960108 0.923953
0.354568 0.954717 0.919589
0.351213 0.952028 0.919588
0.347896 0.949315 0.919588
0.344608 0.946570 0.919588
0.341348 0.943792 0.919587
0.338115 0.940981 0.919587
0.334911 0.938139 0.919587
0.331736 0.935264 0.919587
0.328589 0.932358 0.919586
0.325472 0.929420 0.919586
0.322385 0.926451 0.919586
0.319327 0.923451 0.919585
0.316300 0.920421 0.919585
0.313303 0.917361 0.919585
0.310337 0.914270 0.919585
0.307402 0.911151 0.919584
0.304499 0.908001 0.919584
0.301627 0.904823 0.919584
0.298787 0.901617 0.919583
0.295980 0.898382 0.919583
0.293205 0.895118 0.919583
0.290463 0.891828 0.919582
0.287754 0.888510 0.919582
0.285079 0.885165 0.919582
0.282437 0.881793 0.919582
0.279830 0.878395 0.919581
0.277256 0.874971 0.919581
0.274717 0.871522 0.919581
0.272212 0.868047 0.919580
0.269743 0.864547 0.919580
0.267309 0.861022 0.919580
0.265122 0.857331 0.915309
0.263012 0.853600 0.911041
0.260976 0.849828 0.906776
0.259017 0.846015 0.902515
0.257133 0.842164 0.898258
0.255327 0.838275 0.894005
0.255478 0.837511 0.889747
0.253498 0.838565 0.890238
0.251560 0.839681 0.890753
0.249632 0.840804 0.891291
0.247710 0.841926 0.891851
0.246243 0.842771 0.888079
0.244810 0.843598 0.884291
0.244803 0.843586 0.884290
0.244793 0.843568 0.884290
0.244782 0.843550 0.884290
0.244772 0.843531 0.884289
0.244761 0.843513 0.884289
0.245270 0.843177 0.879924
0.245819 0.842822 0.875565
0.245811 0.842807 0.875565
0.245800 0.842789 0.875565
0.245789 0.842769 0.875564
0.245777 0.842750 0.875564
0.245766 0.842730 0.875563
0.245755 0.842710 0.875563
0.246019 0.843139 0.875553
0.246279 0.843677 0.875599
0.246595 0.844156 0.875607
0.246857 0.844636 0.875640
0.247100 0.845090 0.875676
0.247328 0.845519 0.875712
0.247376 0.845613 0.875718
0.247377 0.845630 0.875725
0.247373 0.845640 0.875733
0.246810 0.845961 0.880090
0.246279 0.846252 0.884454
0.247607 0.849475 0.888809
0.249371 0.853282 0.893181
0.248167 0.859157 0.901841
0.247214 0.865025 0.910616
0.248303 0.869643 0.918766
0.249578 0.874179 0.926958
0.253806 0.876715 0.930692
0.258071 0.879159 0.934406
0.262378 0.881521 0.938098
0.266725 0.883802 0.941769
0.271112 0.885999 0.945418
0.275535 0.888113 0.949046
0.279994 0.890144 0.952651
0.284488 0.892090 0.956233
0.289014 0.893951 0.959793
0.293570 0.895726 0.963329
0.298156 0.897414 0.966842
0.302770 0.899017 0.970330
0.307412 0.900533 0.973794
0.312075 0.901960 0.977233
0.316764 0.903300 0.980647
0.321470 0.904550 0.984036
0.326197 0.905713 0.987399
0.330939 0.906784 0.990735
0.335697 0.907768 0.994047
0.340468 0.908660 0.997330
0.345253 0.909464 1.000587
0.349644 0.910606 0.999850
0.354428 0.911254 1.003079
0.359221 0.911815 1.006280
0.364017 0.912282 1.009453
0.368819 0.912662 1.012598
0.373620 0.912949 1.015714
0.378418 0.913151 1.018807
0.383221 0.913259 1.021864
0.388018 0.913274 1.024892
0.392813 0.913201 1.027890
0.397597 0.913036 1.030858
0.402373 0.912782 1.033795
0.407139 0.912438 1.036701
0.411892 0.912005 1.039577
0.416632 0.911483 1.042421
0.421356 0.910872 1.045233
0.426063 0.910172 1.048013
0.430750 0.909385 1.050761
0.435417 0.908510 1.053476
0.440062 0.907548 1.056158
0.444683 0.906499 1.058808
0.449277 0.905365 1.061424
0.453845 0.904145 1.064006
0.458383 0.902840 1.066555
0.462891 0.901451 1.069069
0.467367 0.899978 1.071549
0.471808 0.898423 1.073995
0.475606 0.897955 1.073280
0.479382 0.897432 1.072587
0.483136 0.896856 1.071915
0.486473 0.897033 1.074996
0.488886 0.899117 1.078778
0.491344 0.901131 1.082612
0.493857 0.903076 1.086497
0.496412 0.904946 1.090432
0.499842 0.904793 1.093530
0.503269 0.904571 1.096612
0.506690 0.904281 1.099680
0.509533 0.905397 1.099679
0.512387 0.906485 1.099678
0.514720 0.909002 1.096610
0.517103 0.911472 1.093526
0.520018 0.912484 1.093525
0.523420 0.912023 1.096607
0.526340 0.912972 1.096607
0.529269 0.913892 1.096606
0.532207 0.914782 1.096605
0.535154 0.915643 1.096605
0.538109 0.916474 1.096604
0.541072 0.917276 1.096603
0.544043 0.918049 1.096603
0.547022 0.918791 1.096602
0.550008 0.919504 1.096601
0.553001 0.920187 1.096601
0.556001 0.920840 1.096600
0.559007 0.921463 1.096599
0.562019 0.922056 1.096599
0.565036 0.922619 1.096598
0.568060 0.923152 1.096597
0.571088 0.923655 1.096597
0.574121 0.924128 1.096596
0.577159 0.924570 1.096595
0.580201 0.924982 1.096594
0.583247 0.925364 1.096594
0.586297 0.925715 1.096593
0.589350 0.926036 1.096592
0.592406 0.926327 1.096592
0.595465 0.926586 1.096591
0.598526 0.926816 1.096590
0.601590 0.927015 1.096589
0.604655 0.927183 1.096589
0.607722 0.927320 1.096588
0.610790 0.927427 1.096587
0.613858 0.927504 1.096586
0.616928 0.927549 1.096586
0.619998 0.927564 1.096585
0.623068 0.927549 1.096584
0.626137 0.927502 1.096583
0.629206 0.927426 1.096583
0.632274 0.927318 1.096582
0.635341 0.927180 1.096581
0.638406 0.927011 1.096581
0.641469 0.926812 1.096580
0.644530 0.926582 1.096579
0.647589 0.926321 1.096578
0.650645 0.926030 1.096578
0.653865 0.927220 1.093494
0.657265 0.929684 1.095109
0.660721 0.932126 1.096697
0.664230 0.934546 1.098256
0.667795 0.936941 1.099785
0.671414 0.939311 1.101287
0.675088 0.941655 1.102758
0.678817 0.943972 1.104201
0.682600 0.946259 1.105614
0.686437 0.948517 1.106998
0.690329 0.950744 1.108352
0.694275 0.952939 1.109677
0.698275 0.955100 1.110971
0.702328 0.957226 1.112236
0.706435 0.959317 1.113470
0.710595 0.961371 1.114674
0.714807 0.963387 1.115847
0.719072 0.965363 1.116990
0.723390 0.967299 1.118102
0.727759 0.969193 1.119183
0.732180 0.971045 1.120234
0.736652 0.972853 1.121253
0.741174 0.974615 1.122242
0.745747 0.976332 1.123199
0.750369 0.978001 1.124125
0.755040 0.979621 1.125019
0.759760 0.981191 1.125882
0.764528 0.982711 1.126714
0.768829 0.982925 1.122796
0.772446 0.981420 1.122794
0.776047 0.979879 1.122793
0.779632 0.978302 1.122791
0.783202 0.976689 1.122790
0.786755 0.975041 1.122789
0.790292 0.973357 1.122787
0.793811 0.971638 1.122786
0.797313 0.969884 1.122785
0.800798 0.968095 1.122783
0.804264 0.966271 1.122782
0.807712 0.964413 1.122781
0.811141 0.962521 1.122780
0.814552 0.960595 1.122778
0.817942 0.958634 1.122777
0.822942 0.959364 1.123545
0.827979 0.960034 1.124281
0.833054 0.960643 1.124986
0.838166 0.961192 1.125659
0.843313 0.961676 1.126299
0.848494 0.962097 1.126907
0.853709 0.962453 1.127484
0.858957 0.962743 1.128027
0.864236 0.962967 1.128539
0.869546 0.963123 1.129018
0.874887 0.963212 1.129465
