0.500228 0.983893 0.910049
0.500647 0.982569 0.906374
0.501088 0.981215 0.902713
0.501540 0.979825 0.899067
0.502003 0.978401 0.895436
0.502477 0.976943 0.891820
0.502963 0.975450 0.888220
0.503461 0.973923 0.884635
0.503969 0.972363 0.881067
0.504489 0.970768 0.877515
0.505020 0.969140 0.873980
0.502099 0.966319 0.870463
0.501396 0.968370 0.871217
0.501394 0.968369 0.871216
0.501631 0.967672 0.867540
0.501630 0.967671 0.867540
0.501628 0.967670 0.867540
0.501626 0.967669 0.867540
0.500929 0.969722 0.868293
0.500233 0.971767 0.869069
0.499540 0.973805 0.869866
0.498508 0.976855 0.870410
0.497473 0.979910 0.870923
0.496437 0.982969 0.871404
0.495400 0.986033 0.871852
0.494360 0.989101 0.872267
0.492411 0.994842 0.877425
0.491946 0.996227 0.874309
0.491486 0.997580 0.871178
0.491036 0.998904 0.868033
0.490349 1.000917 0.868894
0.489909 1.002211 0.865735
0.490163 1.001460 0.861702
0.490157 1.001458 0.861702
0.490153 1.001456 0.861701
0.490148 1.001454 0.861701
0.490602 1.001508 0.861645
0.491018 1.001626 0.861664
0.491412 1.001739 0.861682
0.491785 1.001846 0.861700
0.491878 1.001870 0.861706
0.491962 1.001922 0.861736
0.492040 1.001974 0.861766
0.492055 1.002000 0.861786
0.491790 1.002744 0.865817
0.491538 1.003451 0.869856
0.495048 1.005350 0.873898
0.498694 1.007215 0.877951
0.502380 1.009008 0.882010
0.506102 1.010727 0.886076
0.509858 1.012371 0.890147
0.513647 1.013940 0.894223
0.517467 1.015433 0.898305
0.521317 1.016849 0.902390
0.525194 1.018189 0.906480
0.529098 1.019451 0.910574
0.533027 1.020634 0.914671
0.536979 1.021739 0.918770
0.540953 1.022765 0.922872
0.544947 1.023711 0.926976
0.548959 1.024577 0.931082
0.552989 1.025363 0.935189
0.557033 1.026068 0.939296
0.561091 1.026692 0.943404
0.565161 1.027235 0.947512
0.569241 1.027697 0.951619
0.573330 1.028077 0.955726
0.577426 1.028375 0.959831
0.581528 1.028592 0.963934
0.585633 1.028726 0.968036
0.589740 1.028778 0.972135
0.593689 1.031449 0.981468
0.597701 1.033884 0.990878
0.601768 1.036080 1.000360
0.605945 1.036315 1.008391
0.610129 1.036349 1.016435
0.614316 1.036184 1.024488
0.618500 1.035818 1.032548
0.622675 1.035251 1.040611
0.626837 1.034484 1.048675
0.630956 1.033317 1.052814
0.635051 1.032068 1.056942
0.630904 1.031038 1.061057
0.626777 1.029925 1.065161
0.622673 1.028729 1.069253
0.618595 1.027452 1.073333
0.618603 1.026128 1.077399
0.618613 1.024763 1.081452
0.618638 1.024734 1.091161
0.618664 1.024494 1.100896
0.618698 1.022624 1.108850
0.618733 1.020595 1.116778
0.618752 1.017435 1.118957
0.618754 1.016015 1.117152
0.618757 1.017347 1.117089
0.618759 1.018679 1.117014
0.618761 1.020010 1.116925
0.618763 1.021339 1.116823
0.618765 1.019831 1.115092
0.618767 1.018304 1.113375
0.618785 1.017876 1.117277
0.618803 1.017408 1.121175
0.618822 1.016902 1.125068
0.618840 1.016357 1.128956
0.618858 1.015773 1.132838
0.618877 1.015150 1.136714
0.618895 1.014489 1.140584
0.618897 1.012946 1.138884
0.618898 1.011385 1.137198
0.618900 1.009808 1.135528
0.618902 1.008215 1.133874
0.618920 1.007514 1.137737
0.618939 1.006776 1.141593
0.618940 1.005166 1.139956
0.618942 1.003539 1.138334
0.618944 1.001897 1.136728
0.618945 1.000238 1.135139
0.618947 0.998564 1.133567
0.618965 0.997787 1.137415
0.618983 0.996971 1.141256
0.618984 0.995282 1.139701
0.618986 0.993576 1.138162
0.618988 0.991856 1.136641
0.618989 0.990120 1.135137
0.618991 0.988369 1.133651
0.618993 0.986604 1.132182
0.618995 0.984824 1.130731
0.618997 0.983030 1.129298
0.618999 0.981221 1.127883
0.619001 0.979398 1.126486
0.619003 0.977562 1.125107
0.619005 0.975712 1.123747
0.619008 0.973848 1.122405
0.619010 0.971971 1.121083
0.619012 0.970081 1.119779
0.619015 0.968178 1.118494
0.619017 0.966262 1.117228
0.619020 0.964334 1.115981
0.619022 0.962393 1.114754
0.619025 0.960440 1.113546
0.619028 0.958475 1.112358
0.619030 0.956499 1.111189
0.619033 0.954511 1.110041
0.619036 0.952511 1.108912
0.619039 0.950501 1.107803
0.619042 0.948479 1.106715
0.619045 0.946447 1.105647
0.619048 0.944404 1.104599
0.619051 0.942350 1.103572
0.619055 0.940287 1.102565
0.619058 0.938213 1.101579
0.619061 0.936130 1.100614
0.619065 0.934037 1.099670
0.619068 0.931935 1.098746
0.619072 0.929824 1.097844
0.619076 0.927704 1.096963
0.619070 0.927704 1.096962
0.622141 0.927698 1.096962
0.625212 0.927661 1.096961
0.628314 0.929117 1.093876
0.631509 0.931870 1.095463
0.634760 0.934606 1.097022
0.638068 0.937322 1.098552
0.641433 0.940019 1.100053
0.644854 0.942695 1.101525
0.648332 0.945349 1.102967
0.651866 0.947980 1.104381
0.655457 0.950586 1.105764
0.659105 0.953166 1.107119
0.662809 0.955719 1.108443
0.666570 0.958245 1.109737
0.670387 0.960741 1.111002
0.674261 0.963206 1.112236
0.678190 0.965640 1.113440
0.681924 0.966704 1.109926
0.685679 0.967693 1.106395
0.689749 0.970031 1.107507
0.693874 0.972332 1.108589
0.698054 0.974596 1.109639
0.702289 0.976821 1.110659
0.706578 0.979007 1.111648
0.710921 0.981152 1.112605
0.715318 0.983254 1.113531
0.719768 0.985314 1.114426
