0.500838 1.011448 0.921037
0.501203 1.010213 0.917327
0.501580 1.008942 0.913629
0.501967 1.007637 0.909945
0.502365 1.006296 0.906274
0.502773 1.004920 0.902618
0.503193 1.003509 0.898976
0.503623 1.002064 0.895350
0.504065 1.000584 0.891738
0.500829 0.997930 0.888146
0.497550 0.995181 0.884566
0.497963 0.993574 0.880999
0.498476 0.991967 0.877452
0.499003 0.990326 0.873922
0.498317 0.992420 0.874567
0.497640 0.994509 0.875233
0.496965 0.996592 0.875922
0.496292 0.998668 0.876632
0.495836 1.000095 0.873363
0.495388 1.001491 0.870078
0.494950 1.002856 0.866779
0.494521 1.004189 0.863466
0.494514 1.004186 0.863466
0.494507 1.004184 0.863465
0.494969 1.004258 0.863426
0.495390 1.004377 0.863448
0.495788 1.004489 0.863468
0.495865 1.004501 0.863468
0.495930 1.004510 0.863468
0.495992 1.004520 0.863468
0.495988 1.004531 0.863479
0.495732 1.005260 0.867521
0.495489 1.005952 0.871571
0.495261 1.006606 0.875628
0.495046 1.007222 0.879692
0.498590 1.008982 0.883758
0.502304 1.010717 0.887834
0.505025 1.015968 0.896376
0.507893 1.021038 0.905034
0.511435 1.023905 0.912841
0.515062 1.026595 0.920693
0.518769 1.029105 0.928589
0.522552 1.031432 0.936526
0.526407 1.033575 0.944500
0.530329 1.035530 0.952509
0.534313 1.037296 0.960549
0.538354 1.038871 0.968618
0.542448 1.040252 0.976712
0.546589 1.041437 0.984828
0.550773 1.042426 0.992964
0.554995 1.043217 1.001115
0.559248 1.043808 1.009279
0.563530 1.044198 1.017453
0.567833 1.044387 1.025633
0.572153 1.044373 1.033817
0.576486 1.044156 1.042000
0.580824 1.043736 1.050181
0.585164 1.043112 1.058356
0.589501 1.042283 1.066521
0.593917 1.039454 1.069407
0.598276 1.036549 1.072261
0.602575 1.033571 1.075082
0.606813 1.030522 1.077872
0.610990 1.027401 1.080630
0.615103 1.024211 1.083356
0.619152 1.020952 1.086048
0.623136 1.017627 1.088708
0.627092 1.016098 1.092675
0.631017 1.014491 1.096628
0.630982 1.012934 1.100565
0.627032 1.011429 1.104486
0.623112 1.009845 1.108392
0.619225 1.008182 1.112280
0.619233 1.004691 1.114702
0.619241 1.001175 1.117088
0.619250 0.997635 1.119440
0.619259 0.994073 1.121755
0.619268 0.990487 1.124035
0.619278 0.986878 1.126279
0.619287 0.983248 1.128487
0.619297 0.979595 1.130659
0.619307 0.975921 1.132793
0.619298 0.974127 1.131360
0.619290 0.972319 1.129944
0.619281 0.970497 1.128547
0.619255 0.970485 1.123672
0.619247 0.968622 1.122330
0.619239 0.966745 1.121007
0.619231 0.964855 1.119702
0.619224 0.962953 1.118417
0.619216 0.961037 1.117150
0.619209 0.959109 1.115903
0.619202 0.957169 1.114675
0.619195 0.955216 1.113467
0.619188 0.953252 1.112278
0.619182 0.951276 1.111109
0.619175 0.949288 1.109960
0.619169 0.947288 1.108831
0.619163 0.945278 1.107722
0.619156 0.943257 1.106633
0.619151 0.941225 1.105564
0.619145 0.939182 1.104516
0.619139 0.937129 1.103488
0.619134 0.935066 1.102481
0.619129 0.932992 1.101494
0.619124 0.930909 1.100528
0.619119 0.928817 1.099583
0.619114 0.926715 1.098659
0.619110 0.924604 1.097757
0.619105 0.922484 1.096875
0.622124 0.922478 1.096874
0.625143 0.922441 1.096873
0.628192 0.923898 1.093840
0.631345 0.926625 1.095475
0.634553 0.929336 1.097081
0.637817 0.932029 1.098659
0.641137 0.934702 1.100208
0.644401 0.935757 1.104903
0.647817 0.938375 1.106424
0.651288 0.940971 1.107915
0.654815 0.943545 1.109377
0.658398 0.946094 1.110810
0.662037 0.948617 1.112214
0.665316 0.948181 1.112213
0.668589 0.947712 1.112212
0.671858 0.947210 1.112211
0.675122 0.946676 1.112210
0.678380 0.946109 1.112210
0.681633 0.945510 1.112209
0.684879 0.944878 1.112208
0.688740 0.947111 1.113582
0.692654 0.949312 1.114926
0.696621 0.951480 1.116240
0.700642 0.953614 1.117525
0.704716 0.955713 1.118779
0.708843 0.957775 1.120003
0.713022 0.959801 1.121197
0.717254 0.961787 1.122360
0.721537 0.963734 1.123493
0.725872 0.965639 1.124595
0.729849 0.966282 1.120971
0.733838 0.966845 1.117328
0.737838 0.967328 1.113668
0.741847 0.967731 1.109991
0.746384 0.969433 1.110938
0.750969 0.971088 1.111854
0.755603 0.972693 1.112738
0.760285 0.974250 1.113591
0.764441 0.974398 1.109772
0.769204 0.975857 1.110561
0.774012 0.977263 1.111319
0.778867 0.978616 1.112045
0.783766 0.979914 1.112739
0.788709 0.981155 1.113401
0.793696 0.982340 1.114031
0.798040 0.982109 1.110004
0.802377 0.981792 1.105959
0.807461 0.982813 1.106492
0.812586 0.983774 1.106994
0.817750 0.984672 1.107463
0.822952 0.985508 1.107899
0.828192 0.986280 1.108303
0.833468 0.986988 1.108675
0.837946 0.986251 1.104421
0.842404 0.985426 1.100149
0.847751 0.985954 1.100422
0.853135 0.986413 1.100664
0.858550 0.986804 1.100873
0.863995 0.987125 1.101049
0.869469 0.987376 1.101192
0.874971 0.987557 1.101303
0.880500 0.987667 1.101380
0.886054 0.987705 1.101426
0.889700 0.985037 1.101424
0.894251 0.983588 1.096876
0.898763 0.982054 1.092312
0.902341 0.979267 1.092308
0.905898 0.976441 1.092306
0.909429 0.973578 1.092304
0.912931 0.970680 1.092301
0.916405 0.967748 1.092299
0.919849 0.964781 1.092297
0.923263 0.961780 1.092294
0.926647 0.958745 1.092292
0.930001 0.955676 1.092290
0.933324 0.952575 1.092287
0.936616 0.949440 1.092285
0.939876 0.946273 1.092283
0.943105 0.943073 1.092280
0.946302 0.939842 1.092278
0.949467 0.936579 1.092276
0.952599 0.933285 1.092273
0.955698 0.929960 1.092271
0.958764 0.926604 1.092269
0.962889 0.924202 1.087691
0.966957 0.921726 1.083098
0.970971 0.919173 1.078490
0.974934 0.916539 1.073869
0.978839 0.913832 1.069235
0.982688 0.911049 1.064589
0.984331 0.910912 1.059944
0.985418 0.911389 1.055279
0.986315 0.912028 1.050600
0.986321 0.912020 1.050600
0.986310 0.912033 1.050599
0.986295 0.912052 1.050599
0.986278 0.912073 1.050598
0.985413 0.911394 1.055277
0.982322 0.913423 1.059960
0.978620 0.916068 1.064619
0.974719 0.918811 1.069264
0.970729 0.921515 1.073894
0.965230 0.922872 1.074042
0.959729 0.924157 1.074157
0.954236 0.925363 1.074239
0.948754 0.926487 1.074289
0.943285 0.927531 1.074306
0.937830 0.928494 1.074290
0.932391 0.929377 1.074242
0.926967 0.930182 1.074161
0.921561 0.930909 1.074048
0.916174 0.931559 1.073902
0.910806 0.932133 1.073723
0.905459 0.932631 1.073512
0.900133 0.933054 1.073268
0.894831 0.933404 1.072992
0.889552 0.933680 1.072683
0.884299 0.933885 1.072342
0.879071 0.934019 1.071969
0.873870 0.934082 1.071563
0.868696 0.934076 1.071125
0.863552 0.934002 1.070654
0.858437 0.933860 1.070151
0.853353 0.933652 1.069616
0.848299 0.933378 1.069049
0.843278 0.933040 1.068449
0.838290 0.932639 1.067818
0.833335 0.932174 1.067154
0.833326 0.932181 1.067154
0.832776 0.931386 1.067010
0.832227 0.930595 1.066858
0.831679 0.929805 1.066697
0.831132 0.929017 1.066525
0.828576 0.931883 1.070926
0.825948 0.934682 1.075378
0.823254 0.937409 1.079882
0.819342 0.938241 1.083643
0.815415 0.938995 1.087389
0.810363 0.937835 1.090305
0.808496 0.934714 1.093186
0.807381 0.932870 1.092390
0.806261 0.931019 1.091615
0.805138 0.929161 1.090863
0.804011 0.927297 1.090132
0.804011 0.927296 1.090131
0.804010 0.927294 1.090129
0.804009 0.927291 1.090127
0.804007 0.927289 1.090125
0.804006 0.927286 1.090123
0.803132 0.925882 1.085523
0.802234 0.924437 1.080939
0.798138 0.924830 1.076381
0.794070 0.925115 1.071820
0.791009 0.926841 1.071820
0.787931 0.928534 1.071818
0.784211 0.929050 1.075323
0.780481 0.929492 1.078815
0.776742 0.929859 1.082292
0.772997 0.930152 1.085756
0.769246 0.930369 1.089206
0.765491 0.930512 1.092641
0.761734 0.930580 1.096060
0.757976 0.930573 1.099465
0.754218 0.930491 1.102854
0.750463 0.930334 1.106226
0.746711 0.930102 1.109583
0.742964 0.929796 1.112923
0.738797 0.928258 1.111517
0.734680 0.926681 1.110082
0.730611 0.925066 1.108617
0.727555 0.926154 1.108615
0.723552 0.924463 1.107122
0.719599 0.922735 1.105599
0.715696 0.920974 1.104047
0.711843 0.919180 1.102467
0.708041 0.917355 1.100858
0.704289 0.915500 1.099221
0.700588 0.913615 1.097556
0.696937 0.911703 1.095863
0.694017 0.912455 1.095861
0.691089 0.913179 1.095860
0.688514 0.915344 1.092835
0.686163 0.918757 1.094497
0.683173 0.919402 1.094496
0.680176 0.920017 1.094495
0.677173 0.920602 1.094493
0.674165 0.921156 1.094492
0.671151 0.921681 1.094491
0.668133 0.922176 1.094489
0.665109 0.922640 1.094488
0.662081 0.923075 1.094487
0.659049 0.923478 1.094485
0.656013 0.923852 1.094484
0.652973 0.924195 1.094483
0.649930 0.924508 1.094482
0.646884 0.924790 1.094480
0.643835 0.925042 1.094479
0.640785 0.925263 1.094478
0.637732 0.925454 1.094476
0.634677 0.925615 1.094475
0.631621 0.925744 1.094474
0.628564 0.925844 1.094472
0.625505 0.925912 1.094471
0.622447 0.925950 1.094470
0.619388 0.925958 1.094469
0.616329 0.925935 1.094467
0.613271 0.925881 1.094466
0.613272 0.925880 1.094465
