0.724270 0.987329 1.115289
0.728825 0.989298 1.116121
0.733432 0.991220 1.116921
0.737642 0.991712 1.113030
0.741860 0.992119 1.109122
0.746086 0.992441 1.105197
0.750853 0.994180 1.105870
0.755668 0.995866 1.106511
0.760532 0.997500 1.107119
0.765444 0.999079 1.107696
0.770402 1.000603 1.108240
0.774800 1.000598 1.104139
0.779195 1.000505 1.100021
0.783587 1.000324 1.095887
0.788678 1.001636 1.096302
0.793179 1.001466 1.100881
0.798345 1.002659 1.101264
0.803551 1.003791 1.101614
0.808797 1.004860 1.101932
0.814082 1.005866 1.102217
0.818632 1.005311 1.097889
0.823165 1.004667 1.093545
0.828527 1.005496 1.093731
0.833930 1.006256 1.093885
0.839368 1.006949 1.094007
0.844839 1.007573 1.094096
0.850342 1.008128 1.094152
0.855876 1.008614 1.094175
0.861440 1.009029 1.094166
0.867033 1.009373 1.094124
0.871829 1.008351 1.098684
0.877473 1.008555 1.098610
0.883137 1.008688 1.098502
0.886987 1.006051 1.098500
0.890810 1.003377 1.098497
0.894607 1.000665 1.098494
0.898376 0.997915 1.098491
0.902118 0.995128 1.098489
0.905832 0.992304 1.098486
0.909517 0.989443 1.098483
0.913174 0.986545 1.098480
0.916802 0.983612 1.098477
0.920401 0.980642 1.098475
0.923969 0.977637 1.098472
0.927508 0.974597 1.098469
0.931016 0.971521 1.098466
0.934494 0.968411 1.098463
0.937941 0.965267 1.098461
0.941356 0.962088 1.098458
0.944739 0.958876 1.098455
0.948090 0.955630 1.098452
0.951409 0.952351 1.098449
0.954695 0.949039 1.098447
0.957947 0.945695 1.098444
0.961167 0.942318 1.098441
0.964353 0.938910 1.098438
0.967504 0.935470 1.098435
0.971757 0.933028 1.093733
0.975951 0.930509 1.089014
0.980092 0.927910 1.084280
0.984177 0.925231 1.079532
0.987181 0.921605 1.079528
0.990153 0.917948 1.079525
0.993086 0.914263 1.079522
0.997038 0.911380 1.074762
1.000924 0.908425 1.069987
1.002747 0.908089 1.065218
1.003964 0.908466 1.060425
1.004957 0.909057 1.055616
1.003182 0.907673 1.055150
1.001373 0.906327 1.054707
1.002221 0.907017 1.049932
1.002217 0.907022 1.049931
1.001344 0.906363 1.054705
1.000424 0.905689 1.059467
0.999462 0.904990 1.064218
0.998462 0.904263 1.068957
0.997424 0.903507 1.073683
0.996349 0.902723 1.078396
0.995237 0.901909 1.083096
0.994089 0.901065 1.087781
0.992904 0.900192 1.092452
0.991683 0.899290 1.097108
0.988101 0.901434 1.101761
0.984069 0.904021 1.106388
0.979916 0.906613 1.110997
0.975703 0.909133 1.115588
0.970272 0.910599 1.115562
0.964845 0.911990 1.115503
0.959427 0.913302 1.115411
0.955653 0.915972 1.116016
0.951857 0.918590 1.116610
0.948040 0.921157 1.117193
0.943722 0.923218 1.121636
0.939367 0.925189 1.126062
0.934976 0.927071 1.130470
0.930549 0.928863 1.134858
0.926089 0.930566 1.139228
0.921596 0.932177 1.143578
0.917073 0.933698 1.147908
0.912521 0.935127 1.152218
0.907942 0.936464 1.156507
0.903338 0.937709 1.160774
0.898711 0.938861 1.165020
0.894061 0.939920 1.169243
0.889392 0.940885 1.173443
0.884704 0.941756 1.177619
0.880001 0.942532 1.181772
0.875283 0.943213 1.185900
0.870553 0.943800 1.190005
0.865813 0.944291 1.194084
0.861065 0.944687 1.198139
0.856310 0.944988 1.202167
0.851551 0.945194 1.206170
0.846789 0.945304 1.210147
0.842026 0.945318 1.214097
0.837264 0.945237 1.218020
0.832505 0.945061 1.221915
0.827750 0.944789 1.225782
0.823003 0.944422 1.229621
0.818264 0.943961 1.233431
0.813536 0.943404 1.237212
0.808820 0.942753 1.240964
0.804118 0.942007 1.244686
0.799432 0.941168 1.248378
0.794765 0.940235 1.252039
0.790117 0.939208 1.255669
0.785491 0.938089 1.259268
0.780889 0.936877 1.262836
0.776312 0.935574 1.266371
0.771763 0.934179 1.269874
0.767243 0.932693 1.273344
0.762753 0.931117 1.276782
0.758297 0.929452 1.280186
0.753875 0.927697 1.283556
0.749489 0.925855 1.286892
0.745141 0.923925 1.290193
0.740833 0.921908 1.293460
0.736786 0.920455 1.291846
0.732786 0.918965 1.290199
0.731589 0.915687 1.293374
0.731590 0.915686 1.293372
0.728628 0.916786 1.293369
0.726786 0.921156 1.290189
0.725021 0.926053 1.282116
0.722986 0.930301 1.278862
0.720001 0.931787 1.273985
0.716044 0.930058 1.272366
0.712135 0.928297 1.270719
0.709142 0.929632 1.265838
0.706119 0.930891 1.260953
0.702288 0.929024 1.259278
0.699251 0.930168 1.254389
0.696146 0.930944 1.254387
0.696146 0.930943 1.254385
0.696854 0.933957 1.251166
0.697555 0.936940 1.247916
0.694382 0.937699 1.247914
0.691217 0.938624 1.243022
0.688032 0.939467 1.238124
0.684828 0.940231 1.233225
0.681606 0.940914 1.228325
0.678369 0.941516 1.223425
0.675117 0.942037 1.218524
0.671854 0.942477 1.213625
0.668580 0.942835 1.208726
0.665297 0.943111 1.203830
0.662007 0.943306 1.198936
0.658713 0.943419 1.194045
0.655415 0.943449 1.189157
0.652116 0.943396 1.184272
0.648818 0.943262 1.179392
0.645521 0.943046 1.174516
0.642229 0.942747 1.169646
0.638942 0.942366 1.164782
0.635663 0.941904 1.159924
0.632394 0.941359 1.155072
0.629136 0.940733 1.150227
0.625891 0.940025 1.145390
0.622661 0.939236 1.140561
0.619447 0.938367 1.135741
0.619426 0.937439 1.130930
0.619405 0.936462 1.126129
0.619384 0.935438 1.121337
0.619365 0.934366 1.116556
0.619345 0.933245 1.111785
0.619325 0.932077 1.107026
0.619306 0.930862 1.102280
0.619287 0.929599 1.097545
0.619268 0.928289 1.092824
0.619249 0.926932 1.088116
0.619250 0.926930 1.088115
