0.620000 0.928936 1.096307
0.620001 0.928934 1.096306
0.616912 0.928917 1.096304
0.613824 0.928869 1.096303
0.610737 0.928790 1.096302
0.607650 0.928680 1.096300
0.604565 0.928539 1.096299
0.601481 0.928368 1.096297
0.598293 0.929679 1.093199
0.595080 0.930927 1.090086
0.591842 0.932110 1.086958
0.588581 0.933228 1.083816
0.585299 0.934280 1.080660
0.581996 0.935267 1.077490
0.578674 0.936187 1.074306
0.575031 0.939192 1.071848
0.571327 0.942132 1.069355
0.567845 0.943273 1.062184
0.564551 0.943108 1.058274
0.561263 0.942871 1.054360
0.557981 0.942562 1.050442
0.554708 0.942181 1.046522
0.551444 0.941729 1.042600
0.548231 0.941026 1.042598
0.545025 0.940290 1.042597
0.541827 0.939523 1.042596
0.538637 0.938723 1.042595
0.535455 0.937892 1.042593
0.532282 0.937029 1.042592
0.528516 0.938223 1.043328
0.524720 0.939366 1.044087
0.520895 0.940457 1.044866
0.517640 0.939624 1.040942
0.514405 0.938720 1.037015
0.511190 0.937747 1.033088
0.507997 0.936703 1.029159
0.504551 0.936348 1.021867
0.501155 0.935813 1.014567
0.496965 0.937285 1.011926
0.492744 0.938680 1.009255
0.488493 0.939996 1.006557
0.484213 0.941235 1.003830
0.481009 0.939859 1.003829
0.477818 0.938451 1.003827
0.473739 0.938980 1.004584
0.469638 0.939451 1.005363
0.465517 0.939866 1.006164
0.461376 0.940222 1.006985
0.457217 0.940520 1.007828
0.453039 0.940760 1.008693
0.448844 0.940940 1.009579
0.444633 0.941060 1.010486
0.440407 0.941120 1.011415
0.436168 0.941119 1.012363
0.431915 0.941057 1.013333
0.427651 0.940934 1.014323
0.423375 0.940748 1.015334
0.418710 0.941106 1.012579
0.414033 0.941379 1.009797
0.409346 0.941566 1.006987
0.404650 0.941668 1.004150
0.399947 0.941685 1.001286
0.395239 0.941615 0.998395
0.390527 0.941459 0.995479
0.385813 0.941218 0.992538
0.381098 0.940891 0.989571
0.376383 0.940479 0.986579
0.371672 0.939980 0.983563
0.366965 0.939395 0.980522
0.362263 0.938724 0.977457
0.357570 0.937968 0.974368
0.354213 0.935550 0.970244
0.350906 0.933066 0.966116
0.347648 0.930516 0.961987
0.344443 0.927901 0.957855
0.341290 0.925223 0.953722
0.338191 0.922483 0.949589
0.335148 0.919681 0.945454
0.332161 0.916819 0.941319
0.329233 0.913897 0.937185
0.326363 0.910918 0.933051
0.323553 0.907882 0.928918
0.320804 0.904789 0.924786
0.318118 0.901643 0.920656
0.315494 0.898443 0.916529
0.312723 0.895381 0.916529
0.309981 0.892290 0.916528
0.307270 0.889172 0.916528
0.304591 0.886027 0.916528
0.301943 0.882856 0.916528
0.299327 0.879658 0.916528
0.296744 0.876434 0.916527
0.294193 0.873185 0.916527
0.289943 0.871225 0.917264
0.285707 0.869202 0.918022
0.281485 0.867115 0.918802
0.277277 0.864963 0.919603
0.273086 0.862747 0.920426
0.268911 0.860466 0.921270
0.264946 0.857994 0.917860
0.261025 0.855448 0.914431
0.257147 0.852829 0.910984
0.255538 0.853632 0.907513
0.254047 0.854562 0.904030
0.250380 0.852007 0.900536
0.246645 0.849192 0.897018
0.245074 0.849778 0.893476
0.245494 0.849472 0.889081
0.245964 0.849164 0.884691
0.246472 0.848834 0.880307
0.247017 0.848481 0.875929
0.250395 0.846422 0.871675
0.250377 0.846391 0.871674
0.250367 0.846374 0.871674
0.250359 0.846360 0.871674
0.250350 0.846345 0.871673
0.250342 0.846331 0.871673
0.250333 0.846317 0.871673
0.250325 0.846302 0.871672
0.250317 0.846288 0.871672
0.250308 0.846274 0.871672
0.250300 0.846259 0.871671
0.250502 0.846568 0.871663
0.250683 0.846951 0.871707
0.250685 0.846999 0.871730
0.250676 0.847029 0.871754
0.250687 0.847051 0.871753
0.250698 0.847072 0.871751
0.250709 0.847091 0.871748
0.250721 0.847110 0.871745
0.250127 0.847458 0.876082
0.249567 0.847781 0.880426
0.251068 0.851317 0.884764
0.252884 0.855226 0.889119
0.254812 0.859150 0.893481
0.253742 0.865077 0.902330
0.252908 0.870960 0.911295
0.254014 0.875595 0.919399
0.255302 0.880144 0.927548
0.256771 0.884601 0.935739
0.258418 0.888962 0.943968
0.260242 0.893221 0.952233
0.262241 0.897375 0.960530
0.264411 0.901417 0.968857
0.266751 0.905344 0.977210
0.269257 0.909150 0.985586
0.271928 0.912832 0.993983
0.274759 0.916384 1.002396
0.278202 0.919412 1.006942
0.283167 0.921064 1.010288
0.288155 0.922624 1.013607
0.293165 0.924092 1.016899
0.298195 0.925467 1.020164
0.302681 0.927296 1.018990
0.307727 0.928513 1.022227
0.312789 0.929639 1.025437
0.317864 0.930671 1.028619
0.322951 0.931611 1.031773
0.328047 0.932457 1.034898
0.333151 0.933210 1.037995
0.338262 0.933869 1.041062
0.343377 0.934434 1.044099
0.348494 0.934906 1.047107
0.353613 0.935284 1.050084
0.355592 0.932944 1.053032
0.360701 0.933183 1.055948
0.365810 0.933332 1.058833
0.370913 0.933388 1.061687
0.376009 0.933351 1.064509
0.381097 0.933222 1.067299
0.386173 0.933000 1.070057
0.391237 0.932685 1.072783
0.396287 0.932279 1.075476
0.401321 0.931782 1.078135
0.406338 0.931193 1.080762
0.411335 0.930514 1.083355
0.416311 0.929745 1.085914
0.421264 0.928886 1.088439
0.426192 0.927938 1.090930
0.431095 0.926902 1.093387
0.435970 0.925778 1.095808
0.440815 0.924566 1.098195
0.445629 0.923268 1.100546
0.450410 0.921884 1.102861
0.455157 0.920414 1.105141
0.459868 0.918861 1.107385
0.464542 0.917224 1.109593
0.469176 0.915504 1.111764
0.473019 0.915219 1.110608
0.476845 0.914876 1.109475
0.480654 0.914476 1.108360
0.484446 0.914020 1.107265
0.488220 0.913510 1.106192
0.491973 0.912941 1.105138
0.495706 0.912319 1.104106
0.499416 0.911641 1.103092
0.503105 0.910908 1.102100
0.506770 0.910122 1.101128
0.510411 0.909284 1.100177
0.514027 0.908392 1.099247
0.517617 0.907449 1.098338
0.521181 0.906455 1.097450
0.524717 0.905410 1.096584
0.528225 0.904314 1.095739
0.531704 0.903170 1.094915
0.535154 0.901977 1.094112
0.537972 0.902809 1.094111
0.540223 0.905686 1.094912
0.542524 0.908538 1.095734
0.544877 0.911363 1.096578
0.547280 0.914163 1.097443
0.549734 0.916934 1.098329
0.552238 0.919677 1.099236
0.555233 0.920338 1.099235
0.558234 0.920969 1.099234
0.561242 0.921571 1.099233
0.564255 0.922142 1.099232
0.567274 0.922683 1.099232
0.570298 0.923194 1.099231
0.573327 0.923674 1.099230
0.576361 0.924125 1.099229
0.579399 0.924545 1.099228
0.582441 0.924934 1.099227
0.585487 0.925293 1.099226
0.588536 0.925622 1.099226
0.591588 0.925921 1.099225
0.594644 0.926189 1.099224
0.597701 0.926426 1.099223
0.600761 0.926633 1.099222
0.603823 0.926809 1.099221
0.606886 0.926955 1.099221
0.609951 0.927070 1.099220
0.613017 0.927155 1.099219
0.616083 0.927209 1.099218
0.619150 0.927233 1.099217
0.622217 0.927225 1.099216
0.625283 0.927188 1.099215
0.628396 0.928665 1.096134
0.631582 0.931391 1.097769
0.634824 0.934100 1.099375
0.638123 0.936790 1.100953
0.641478 0.939461 1.102502
0.644889 0.942112 1.104022
0.648357 0.944742 1.105513
0.651881 0.947348 1.106975
0.655462 0.949931 1.108408
0.659100 0.952488 1.109811
0.662794 0.955019 1.111185
0.666545 0.957523 1.112529
0.670351 0.959998 1.113843
0.674214 0.962443 1.115127
0.677918 0.963564 1.111651
0.681644 0.964610 1.108157
0.685649 0.966964 1.109351
0.689709 0.969282 1.110514
0.693824 0.971566 1.111646
0.697994 0.973812 1.112748
0.702220 0.976020 1.113819
0.706499 0.978190 1.114859
0.710833 0.980319 1.115868
0.715220 0.982406 1.116846
0.719661 0.984450 1.117793
0.724155 0.986451 1.118709
0.728701 0.988406 1.119593
0.733300 0.990316 1.120445
0.737949 0.992177 1.121266
0.742650 0.993990 1.122055
0.746951 0.994422 1.118110
0.751260 0.994768 1.114146
0.755575 0.995027 1.110165
0.759894 0.995200 1.106168
0.764784 0.996774 1.106797
0.769723 0.998293 1.107395
0.774708 0.999756 1.107960
0.778491 0.998192 1.107959
0.782258 0.996590 1.107958
0.786010 0.994950 1.107956
0.790422 0.994755 1.103846
0.794829 0.994472 1.099720
0.799229 0.994101 1.095578
0.802953 0.992293 1.095576
0.806659 0.990447 1.095575
0.810346 0.988565 1.095573
0.814015 0.986646 1.095572
0.817664 0.984691 1.095570
0.821294 0.982699 1.095569
0.824903 0.980672 1.095567
0.828492 0.978608 1.095566
0.831267 0.975181 1.099704
0.834802 0.973054 1.099704
0.837472 0.969545 1.103826
0.840951 0.967356 1.103825
0.846168 0.967837 1.104326
0.851419 0.968251 1.104795
0.856703 0.968599 1.105231
0.862019 0.968880 1.105635
0.867365 0.969093 1.106007
0.872741 0.969237 1.106346
