0.490003 0.979930 0.954768
0.492865 0.983359 0.951678
0.495793 0.986737 0.948566
0.498785 0.990063 0.945432
0.498125 0.992139 0.942276
0.497464 0.994181 0.939098
0.500567 0.997401 0.935898
0.503746 1.000570 0.932678
0.506985 1.003683 0.929438
0.506453 1.005631 0.926178
0.505901 1.007538 0.922897
0.505962 1.007325 0.918858
0.506034 1.007073 0.914821
0.506117 1.006783 0.910788
0.502429 1.005323 0.906760
0.502451 1.004926 0.902730
0.502568 1.004520 0.898707
0.502699 1.004075 0.894689
0.502842 1.003593 0.890675
0.502996 1.003071 0.886667
0.503162 1.002512 0.882664
0.503338 1.001914 0.878668
0.503525 1.001277 0.874677
0.503724 1.000602 0.870694
0.503934 0.999889 0.866718
0.504154 0.999138 0.862749
0.504142 0.999134 0.862749
0.504131 0.999130 0.862749
0.504119 0.999126 0.862748
0.503455 1.001281 0.863175
0.502793 1.003432 0.863625
0.502782 1.003428 0.863625
0.503012 1.002647 0.859619
0.502999 1.002643 0.859619
0.502986 1.002639 0.859619
0.502973 1.002635 0.859618
0.502382 1.002530 0.859665
0.502215 1.002521 0.859676
0.502080 1.002523 0.859690
0.501954 1.002527 0.859704
0.501915 1.002526 0.859708
0.501655 1.003294 0.863714
0.501411 1.004026 0.867728
0.504612 1.005751 0.871739
0.508221 1.007530 0.875766
0.511910 1.009250 0.879801
0.515637 1.010898 0.883842
0.518451 1.016143 0.892092
0.521411 1.021212 0.900462
0.524991 1.023964 0.908250
0.528648 1.026536 0.916084
0.532380 1.028926 0.923961
0.536181 1.031132 0.931878
0.540048 1.033151 0.939832
0.543975 1.034982 0.947819
0.547958 1.036622 0.955838
0.551991 1.038070 0.963884
0.556071 1.039323 0.971955
0.560191 1.040380 0.980048
0.564707 1.038469 0.983402
0.569181 1.036475 0.986730
0.573612 1.034400 0.990032
0.578000 1.032247 0.993308
0.582112 1.032645 1.001340
0.586241 1.032844 1.009381
0.590382 1.032845 1.017429
0.594530 1.032645 1.025479
0.598679 1.032245 1.033530
0.602906 1.029445 1.036658
0.602917 1.029445 1.036658
0.602829 1.031644 1.041575
0.602744 1.033795 1.046515
0.602739 1.033794 1.046514
0.602814 1.031642 1.041572
0.602890 1.029440 1.036651
0.602969 1.027189 1.031752
0.603049 1.024888 1.026876
0.603132 1.022540 1.022023
0.603126 1.022538 1.022021
0.603121 1.022537 1.022019
0.603115 1.022536 1.022018
0.603110 1.022535 1.022016
0.607117 1.022682 1.022014
0.611156 1.021979 1.026037
0.615180 1.021196 1.030053
0.619176 1.018255 1.033086
0.623112 1.015243 1.036089
0.623072 1.012213 1.039062
0.623025 1.009154 1.042005
0.622978 1.006065 1.044917
0.622931 1.002948 1.047798
0.622884 0.999802 1.050647
0.622836 0.996627 1.053466
0.622788 0.993425 1.056252
0.622740 0.990194 1.059006
0.622692 0.986937 1.061727
0.622644 0.983652 1.064416
0.622595 0.980341 1.067072
0.622547 0.977004 1.069695
0.622498 0.973640 1.072284
0.622449 0.970250 1.074840
0.622400 0.966836 1.077361
0.622351 0.963396 1.079848
0.622302 0.959931 1.082301
0.622252 0.956443 1.084719
0.622203 0.952930 1.087102
0.622153 0.949393 1.089450
0.622103 0.945834 1.091762
0.622054 0.942251 1.094038
0.622004 0.938646 1.096279
0.621954 0.935018 1.098483
0.621904 0.931369 1.100652
0.621853 0.927698 1.102783
0.621818 0.925610 1.101830
0.621782 0.923512 1.100897
0.621761 0.922960 1.096964
0.621726 0.920835 1.096095
0.621720 0.920835 1.096094
0.621714 0.920835 1.096093
0.621752 0.924483 1.093923
0.621790 0.928110 1.091717
0.621784 0.928110 1.091716
0.624860 0.928077 1.091715
0.627934 0.928013 1.091714
0.631127 0.930756 1.093324
0.634376 0.933483 1.094906
0.637682 0.936190 1.096458
0.641044 0.938879 1.097983
0.644463 0.941546 1.099478
0.647938 0.944191 1.100944
0.651470 0.946813 1.102381
0.655059 0.949411 1.103788
0.658705 0.951983 1.105166
0.662407 0.954528 1.106514
0.666166 0.957045 1.107832
0.669981 0.959534 1.109121
0.673853 0.961992 1.110379
0.677780 0.964418 1.111607
0.681764 0.966812 1.112805
0.685803 0.969172 1.113972
0.689898 0.971496 1.115109
0.694048 0.973785 1.116215
0.698254 0.976036 1.117290
0.702514 0.978248 1.118335
0.706828 0.980420 1.119348
0.711196 0.982552 1.120330
0.715618 0.984641 1.121281
0.720094 0.986686 1.122201
0.724622 0.988687 1.123089
0.729202 0.990642 1.123946
0.733834 0.992550 1.124771
0.738518 0.994410 1.125565
0.743252 0.996221 1.126326
0.748037 0.997981 1.127056
0.752871 0.999690 1.127754
0.757753 1.001346 1.128420
0.762685 1.002948 1.129054
0.767663 1.004495 1.129656
0.772689 1.005986 1.130226
0.777761 1.007420 1.130763
0.782877 1.008797 1.131268
0.788039 1.010114 1.131741
0.793243 1.011370 1.132181
0.798491 1.012566 1.132589
0.803780 1.013700 1.132964
0.809110 1.014770 1.133306
0.814480 1.015777 1.133616
0.819888 1.016718 1.133894
0.825334 1.017594 1.134138
0.830817 1.018403 1.134350
0.836336 1.019145 1.134529
0.841889 1.019818 1.134676
0.847476 1.020422 1.134789
0.853094 1.020957 1.134870
0.858744 1.021420 1.134917
0.864424 1.021812 1.134932
0.870132 1.022133 1.134914
0.875868 1.022380 1.134863
0.881631 1.022554 1.134779
0.887418 1.022654 1.134662
0.892144 1.021068 1.139365
0.897226 1.019938 1.134512
0.902265 1.018713 1.129631
0.907273 1.017391 1.124730
0.912250 1.015972 1.119812
0.916153 1.013054 1.119802
0.920035 1.010095 1.119796
0.923890 1.007096 1.119790
0.928797 1.005428 1.114859
0.933659 1.003668 1.109906
0.938480 1.001815 1.104936
0.942238 0.998641 1.104926
0.945973 0.995427 1.104920
0.949677 0.992174 1.104915
0.953349 0.988884 1.104909
0.956989 0.985557 1.104904
0.960596 0.982195 1.104898
0.964169 0.978797 1.104893
0.967708 0.975364 1.104887
0.971213 0.971896 1.104882
0.972383 0.966100 1.105217
0.973470 0.960314 1.105519
0.974475 0.954540 1.105788
0.977775 0.951004 1.105783
0.981040 0.947436 1.105778
0.984270 0.943835 1.105774
0.987464 0.940202 1.105769
0.989373 0.935461 1.101161
0.991181 0.930690 1.096565
0.992893 0.925888 1.091987
0.994511 0.921054 1.087427
0.996035 0.916190 1.082885
0.997463 0.911299 1.078362
0.998795 0.906381 1.073859
0.997980 0.904199 1.069394
0.998177 0.903935 1.069394
0.998219 0.903876 1.069392
0.998216 0.903877 1.069390
0.998200 0.903895 1.069387
0.998180 0.903919 1.069384
0.999144 0.904699 1.064647
1.000075 0.905442 1.059897
1.000971 0.906152 1.055136
1.000966 0.906159 1.055135
1.000952 0.906177 1.055134
1.000936 0.906198 1.055134
1.000918 0.906220 1.055133
1.000901 0.906243 1.055132
0.999977 0.905565 1.059891
0.999008 0.904869 1.064637
0.995860 0.906982 1.069388
0.992113 0.909735 1.074114
0.988167 0.912592 1.078824
0.985412 0.913816 1.083505
0.982667 0.914948 1.088194
0.978588 0.917588 1.092861
0.974426 0.920183 1.097513
0.968935 0.921578 1.097558
0.963446 0.922899 1.097570
0.957967 0.924139 1.097550
0.952499 0.925299 1.097497
0.947045 0.926379 1.097412
0.941604 0.927380 1.097294
0.936179 0.928302 1.097143
0.930771 0.929147 1.096960
0.925380 0.929915 1.096744
0.920007 0.930606 1.096496
0.914655 0.931223 1.096215
0.909323 0.931764 1.095902
0.904013 0.932233 1.095556
0.898726 0.932629 1.095178
0.893463 0.932952 1.094768
0.888225 0.933205 1.094325
0.883013 0.933388 1.093850
0.880914 0.930938 1.093341
0.878854 0.928461 1.092801
0.876797 0.925989 1.092229
0.874745 0.923521 1.091625
0.872696 0.921058 1.090989
0.870651 0.918599 1.090320
0.868611 0.916146 1.089619
0.866575 0.913697 1.088886
0.866573 0.913698 1.088886
0.866571 0.913698 1.088885
0.866569 0.913698 1.088884
0.866566 0.913697 1.088882
0.866564 0.913696 1.088880
0.867477 0.914808 1.085038
0.868366 0.915890 1.081181
0.868363 0.915890 1.081180
0.865400 0.918352 1.081180
0.861533 0.919692 1.085035
0.856563 0.919585 1.084303
0.851623 0.919415 1.083539
0.846715 0.919182 1.082743
0.841840 0.918888 1.081915
0.836998 0.918532 1.081056
0.832191 0.918117 1.080165
0.827420 0.917643 1.079242
0.822684 0.917111 1.078288
0.817985 0.916522 1.077303
0.813325 0.915878 1.076286
0.808702 0.915179 1.075239
0.804119 0.914427 1.074161
0.799575 0.913623 1.073053
0.795072 0.912767 1.071913
0.790610 0.911860 1.070744
0.786189 0.910904 1.069543
0.781810 0.909899 1.068312
0.777474 0.908847 1.067051
0.773181 0.907749 1.065760
0.768932 0.906607 1.064439
0.764727 0.905420 1.063089
0.760566 0.904191 1.061709
0.757717 0.905580 1.061707
0.754855 0.906941 1.061706
0.751489 0.907174 1.064869
0.748119 0.907340 1.068020
0.745385 0.908913 1.075782
0.742568 0.910301 1.083577
0.739133 0.910189 1.086720
0.735701 0.910009 1.089848
0.732273 0.909761 1.092961
0.728852 0.909443 1.096060
0.725438 0.909057 1.099143
0.722033 0.908603 1.102210
0.722033 0.908601 1.102208
0.719142 0.909605 1.102207
0.716241 0.910580 1.102206
0.713795 0.913033 1.099136
0.711302 0.915436 1.096050
0.711302 0.915433 1.096048
0.711302 0.915431 1.096047
0.709272 0.916039 1.096040
0.707241 0.916647 1.096054
0.704271 0.917502 1.096052
0.701292 0.918328 1.096051
0.698305 0.919124 1.096049
0.695310 0.919890 1.096048
0.692308 0.920626 1.096047
0.689298 0.921332 1.096045
0.686282 0.922008 1.096044
0.683259 0.922654 1.096042
0.680230 0.923270 1.096041
0.677194 0.923855 1.096039
0.674154 0.924410 1.096038
0.671107 0.924934 1.096037
0.668056 0.925428 1.096035
0.665000 0.925891 1.096034
0.661939 0.926324 1.096032
0.658874 0.926726 1.096031
0.655806 0.927098 1.096030
0.652734 0.927439 1.096028
0.649658 0.927749 1.096027
0.646580 0.928028 1.096025
0.643499 0.928277 1.096024
0.640416 0.928495 1.096022
0.637331 0.928681 1.096021
0.634244 0.928837 1.096020
0.631155 0.928963 1.096018
0.628066 0.929057 1.096017
0.624976 0.929120 1.096015
0.621885 0.929153 1.096014
0.618795 0.929154 1.096013
