0.140119 -0.147968 1.959592 -0.233781 0.711774 -0.451918 -0.484247
0.137262 -0.142151 1.960828 -0.229768 0.708519 -0.457683 -0.485524
0.134974 -0.136698 1.961838 -0.227972 0.705480 -0.463454 -0.485323
0.132107 -0.130707 1.963193 -0.223203 0.702545 -0.468972 -0.486494
0.129320 -0.123878 1.964719 -0.217471 0.698626 -0.474931 -0.488946
0.127172 -0.117309 1.966043 -0.214289 0.694617 -0.481410 -0.489725
0.125372 -0.111181 1.967147 -0.213139 0.690938 -0.487876 -0.489034
0.122877 -0.104715 1.968383 -0.209502 0.688040 -0.493284 -0.489265
0.120644 -0.098373 1.969463 -0.207114 0.685105 -0.498732 -0.488878
0.118726 -0.092462 1.970365 -0.206578 0.682246 -0.504346 -0.487341
0.116918 -0.086898 1.971101 -0.207121 0.679654 -0.509757 -0.485098
0.114733 -0.080701 1.971519 -0.205551 0.677636 -0.513520 -0.484618
0.112973 -0.074688 1.971846 -0.205427 0.675041 -0.517977 -0.483548
0.111379 -0.069066 1.972124 -0.206649 0.672382 -0.522756 -0.481586
0.109879 -0.063432 1.972192 -0.208713 0.670154 -0.526667 -0.479536
0.109016 -0.056701 1.971996 -0.211050 0.667684 -0.530082 -0.478193
0.108279 -0.050107 1.971885 -0.214179 0.664528 -0.534580 -0.476188
0.107394 -0.043945 1.971814 -0.217940 0.661309 -0.539436 -0.473477
0.106398 -0.037625 1.971246 -0.222106 0.659133 -0.542314 -0.471283
0.105697 -0.030893 1.970423 -0.226402 0.656749 -0.545046 -0.469412
0.104873 -0.024535 1.969749 -0.231022 0.653865 -0.548621 -0.467017
0.103811 -0.018643 1.969202 -0.235924 0.650868 -0.552603 -0.464047
0.103359 -0.012612 1.967622 -0.242335 0.649582 -0.554471 -0.460301
0.103066 -0.006648 1.966091 -0.248823 0.647654 -0.556911 -0.456596
0.102431 -0.001065 1.964825 -0.255163 0.645236 -0.559921 -0.452826
0.101552 0.004217 1.963640 -0.261906 0.642722 -0.562851 -0.448903
0.101655 0.010326 1.961699 -0.271309 0.640429 -0.564408 -0.444619
0.101488 0.016432 1.960100 -0.280018 0.637186 -0.567156 -0.440360
0.100806 0.022184 1.958797 -0.288079 0.633636 -0.570433 -0.436029
0.100118 0.028010 1.957257 -0.297232 0.630522 -0.572813 -0.431253
0.100183 0.035114 1.955335 -0.308408 0.627268 -0.575001 -0.425198
0.099653 0.042076 1.953812 -0.318494 0.623174 -0.578294 -0.419276
0.098491 0.048555 1.952592 -0.327615 0.618834 -0.581994 -0.413516
0.097661 0.055647 1.951034 -0.339349 0.614365 -0.584195 -0.407571
0.097263 0.063662 1.949696 -0.351241 0.609090 -0.587267 -0.400943
0.096617 0.070894 1.948701 -0.360853 0.603871 -0.590736 -0.395165
0.095872 0.077026 1.947905 -0.368487 0.599232 -0.593878 -0.390446
0.096935 0.084061 1.946466 0.378866 -0.594676 0.595394 0.385134
0.098344 0.090911 1.945135 0.387606 -0.589851 0.597461 0.380626
0.099444 0.096698 1.943979 0.394327 -0.585527 0.599393 0.377350
0.100528 0.101752 1.942912 0.400332 -0.581741 0.600654 0.374869
0.103446 0.108539 1.941688 0.409438 -0.577378 0.601093 0.371056
0.106094 0.114666 1.940608 0.416657 -0.573115 0.602031 0.368095
0.108232 0.119768 1.939668 0.422186 -0.569418 0.602943 0.366036
0.110625 0.124834 1.938687 0.428406 -0.566036 0.602888 0.364139
0.114230 0.131113 1.937536 0.436098 -0.562316 0.602543 0.361332
0.117357 0.136483 1.936461 0.441876 -0.558859 0.602596 0.359583
0.119935 0.140893 1.935524 0.446230 -0.555908 0.602739 0.358538
0.123728 0.146076 1.934084 0.453652 -0.552897 0.601054 0.356706
0.128506 0.151448 1.932366 0.461356 -0.549949 0.599030 0.354782
0.132666 0.155680 1.930801 0.467011 -0.547510 0.597294 0.354081
0.136157 0.159010 1.929465 0.471241 -0.545544 0.595827 0.353982
0.141388 0.163772 1.927881 0.479681 -0.542873 0.592289 0.352687
0.146706 0.167792 1.926320 0.486495 -0.540793 0.589084 0.351917
0.151295 0.170773 1.924936 0.491450 -0.539260 0.586280 0.352066
0.155470 0.173430 1.923683 0.496156 -0.537819 0.583398 0.352458
0.161326 0.178095 1.922195 0.503992 -0.535663 0.579545 0.350978
0.166655 0.182099 1.920814 0.509880 -0.533655 0.576642 0.350312
0.171136 0.185267 1.919608 0.514206 -0.531976 0.574360 0.350292
0.175768 0.188717 1.918385 0.519664 -0.530167 0.571536 0.349599
0.181612 0.193178 1.917091 0.526700 -0.528375 0.568144 0.347303
0.186715 0.196767 1.915986 0.531930 -0.526894 0.565435 0.346000
0.190978 0.199568 1.915063 0.535811 -0.525705 0.563274 0.345345
0.195710 0.202926 1.914165 0.541346 -0.524932 0.559412 0.344165
0.200874 0.206251 1.913617 0.546536 -0.524838 0.555228 0.342878
0.205353 0.208864 1.913265 0.550413 -0.524825 0.551839 0.342167
0.209104 0.210906 1.913014 0.553361 -0.524819 0.549112 0.341807
0.213975 0.213800 1.912533 0.558125 -0.525643 0.544196 0.340656
0.219057 0.216197 1.912330 0.561483 -0.526825 0.539796 0.340313
0.223510 0.218222 1.912270 0.563878 -0.527714 0.536369 0.340393
0.227356 0.220042 1.912110 0.566053 -0.528718 0.532977 0.340552
0.232028 0.222226 1.911572 0.568772 -0.531317 0.527588 0.340369
0.236913 0.223968 1.911337 0.570104 -0.533681 0.523266 0.341114
0.241279 0.225654 1.911260 0.570824 -0.535391 0.520054 0.342142
0.245159 0.227404 1.911078 0.572064 -0.537256 0.516310 0.342816
0.249535 0.229163 1.911058 0.573301 -0.539873 0.512040 0.343045
0.253944 0.230707 1.911326 0.573596 -0.542043 0.508886 0.343820
0.257794 0.232521 1.911748 0.573572 -0.543424 0.506863 0.344668
0.261065 0.234312 1.912088 0.574000 -0.546075 0.503105 0.345271
0.264700 0.235500 1.912791 0.573976 -0.549472 0.499058 0.345795
0.268153 0.236631 1.913703 0.573549 -0.552248 0.495958 0.346539
0.271067 0.238201 1.914716 0.573149 -0.554038 0.494089 0.347013
0.274311 0.239842 1.915817 0.572845 -0.556850 0.491526 0.346652
0.278086 0.240896 1.917112 0.571900 -0.559580 0.489425 0.346790
0.281629 0.241957 1.918382 0.570739 -0.561728 0.487937 0.347327
0.284686 0.243232 1.919507 0.570042 -0.563266 0.486615 0.347834
0.288247 0.244455 1.920691 0.569822 -0.565260 0.484282 0.348217
0.291997 0.245331 1.921918 0.568988 -0.567064 0.482532 0.349078
0.295347 0.246219 1.923004 -0.568074 0.568327 -0.481458 -0.349992
0.298278 0.247274 1.923947 -0.566869 0.570491 -0.480094 -0.350300
0.301567 0.248301 1.924910 -0.565386 0.573345 -0.478421 -0.350324
0.304624 0.249133 1.925770 -0.563893 0.575532 -0.477297 -0.350679
0.307238 0.249772 1.926469 -0.562516 0.577188 -0.476591 -0.351128
0.309829 0.250834 1.928142 -0.559930 0.579509 -0.476787 -0.351173
0.312763 0.251374 1.930167 -0.557312 0.581746 -0.477193 -0.351088
0.315424 0.251287 1.931940 -0.554884 0.583921 -0.477238 -0.351261
0.317722 0.250996 1.933483 -0.552648 0.585995 -0.477078 -0.351550
0.320286 0.251455 1.934944 -0.550544 0.588957 -0.475939 -0.351443
0.322893 0.251355 1.936132 -0.548517 0.591536 -0.474902 -0.351685
0.325244 0.250965 1.937103 -0.546599 0.593773 -0.473965 -0.352165
0.327357 0.250757 1.938106 -0.544575 0.595928 -0.473302 -0.352553
0.329995 0.250789 1.939415 -0.542288 0.597977 -0.473358 -0.352533
0.332535 0.250310 1.940444 -0.540021 0.599904 -0.473187 -0.352969
0.334802 0.249633 1.941271 -0.537933 0.601630 -0.472915 -0.353583
0.336890 0.249212 1.942371 -0.535166 0.603761 -0.472841 -0.354249
0.339391 0.248379 1.943625 -0.531957 0.606101 -0.472814 -0.355120
0.341816 0.247046 1.944636 -0.528922 0.608453 -0.472336 -0.356266
0.344000 0.245586 1.945482 -0.526218 0.610607 -0.471708 -0.357414
0.346242 0.244412 1.946788 -0.523285 0.612780 -0.471772 -0.357916
0.348580 0.242910 1.948102 -0.520448 0.614833 -0.471843 -0.358441
0.350680 0.241261 1.949224 -0.517854 0.616808 -0.471618 -0.359098
0.352508 0.239754 1.950216 -0.515600 0.618559 -0.471284 -0.359767
0.354886 0.238734 1.951397 -0.514288 0.619493 -0.470982 -0.360432
0.357208 0.237343 1.952410 -0.512845 0.620563 -0.470510 -0.361263
0.359265 0.235858 1.953260 -0.511407 0.621702 -0.469902 -0.362137
0.361379 0.234763 1.954021 -0.510517 0.622485 -0.469332 -0.362783
0.364480 0.234015 1.954679 -0.510343 0.622397 -0.469341 -0.363168
0.367388 0.232899 1.955051 -0.509723 0.622623 -0.469050 -0.364026
0.369945 0.231695 1.955275 -0.508942 0.623007 -0.468615 -0.365021
0.373125 0.231160 1.955399 -0.510241 0.622202 -0.467846 -0.365564
0.376945 0.230472 1.955559 -0.512059 0.620952 -0.467241 -0.365923
0.380320 0.229322 1.955668 -0.513037 0.620392 -0.466357 -0.366630
0.383202 0.228034 1.955779 -0.513530 0.620223 -0.465420 -0.367417
0.387363 0.227491 1.955517 -0.517928 0.617745 -0.463769 -0.367505
0.391686 0.226452 1.955103 -0.521338 0.615598 -0.462382 -0.368035
0.395725 0.225789 1.955001 -0.523960 0.612854 -0.462984 -0.368132
0.398844 0.225479 1.954594 -0.526417 0.610698 -0.462754 -0.368500
0.402582 0.225578 1.953196 -0.531884 0.607769 -0.460545 -0.368257
0.405945 0.225734 1.952011 -0.535995 0.604961 -0.459583 -0.368126
0.408646 0.226239 1.951169 -0.539183 0.602171 -0.459699 -0.367896
0.411095 0.226812 1.950064 -0.542825 0.599617 -0.458967 -0.367625
0.414312 0.227306 1.948360 -0.547453 0.596701 -0.457954 -0.366770
0.417183 0.227550 1.946722 -0.550740 0.594332 -0.457223 -0.366607
0.419658 0.227767 1.945317 -0.553186 0.592343 -0.456954 -0.366480
0.421813 0.228183 1.943910 -0.556982 0.589767 -0.455724 -0.366416
0.423579 0.228395 1.942734 -0.560437 0.587766 -0.454163 -0.366302
0.424730 0.228411 1.942223 -0.562965 0.586411 -0.452940 -0.366111
0.425575 0.228539 1.941891 -0.565150 0.585157 -0.452003 -0.365909
0.427346 0.228656 1.940830 -0.570869 0.581861 -0.450325 -0.364356
0.429049 0.228735 1.939797 -0.575887 0.578876 -0.448990 -0.362855
0.430369 0.228826 1.938948 0.579721 -0.576589 0.447971 0.361650
0.431515 0.228912 1.938035 0.583480 -0.574475 0.446895 0.360297
0.432509 0.228905 1.936162 0.589521 -0.571599 0.444347 0.358183
0.433166 0.228802 1.934706 0.593865 -0.569616 0.442354 0.356629
0.433638 0.228658 1.933528 0.597073 -0.568233 0.440758 0.355453
0.434443 0.228350 1.932072 0.601922 -0.565768 0.438857 0.353556
0.435529 0.227568 1.930232 0.608165 -0.562190 0.436537 0.351444
0.436410 0.226709 1.928769 0.612540 -0.559617 0.434891 0.349989
0.437086 0.225891 1.927607 0.615656 -0.557782 0.433685 0.348948
0.437951 0.225252 1.926030 0.621242 -0.554265 0.431667 0.347148
0.438609 0.224173 1.924423 0.626023 -0.551289 0.429547 0.345927
0.439163 0.222983 1.923014 0.629549 -0.549277 0.427969 0.344679
0.439528 0.221742 1.921932 0.631919 -0.548018 0.426779 0.343821
0.440315 0.221209 1.920305 0.638632 -0.543449 0.424380 0.341633
0.440774 0.220943 1.918667 0.643997 -0.539696 0.422637 0.339668
0.440939 0.220767 1.917294 0.648000 -0.536796 0.421612 0.337919
0.441108 0.220761 1.915986 0.652247 -0.533724 0.420655 0.335800
0.442031 0.220974 1.914018 0.659687 -0.528526 0.418383 0.332308
0.442798 0.220975 1.912250 0.665276 -0.524597 0.416757 0.329423
0.443254 0.220955 1.910809 0.669430 -0.521576 0.415775 0.327037
0.443757 0.221300 1.909382 0.675128 -0.517001 0.414463 0.324240
0.444141 0.221576 1.907736 0.681894 -0.511487 0.411947 0.322028
0.444450 0.221545 1.906405 0.686707 -0.507335 0.410386 0.320355
0.444594 0.221430 1.905417 0.690118 -0.504135 0.409672 0.318989
0.444921 0.221972 1.903950 0.696789 -0.498366 0.407658 0.316120
0.444903 0.222257 1.902488 0.702951 -0.492854 0.405113 0.314386
0.444847 0.222290 1.901311 0.707360 -0.488725 0.403513 0.312996
0.444682 0.222248 1.900388 0.710617 -0.485566 0.402580 0.311734
0.444850 0.223289 1.898511 0.718996 -0.478031 0.399440 0.308185
0.444771 0.223655 1.896768 0.725252 -0.472436 0.396386 0.306090
0.444684 0.223812 1.895387 0.729701 -0.468269 0.394575 0.304255
0.444620 0.224272 1.894105 0.734480 -0.463632 0.393107 0.301747
0.444245 0.225448 1.892161 0.743308 -0.455257 0.389096 0.298058
0.443600 0.225969 1.890580 0.750113 -0.448479 0.385358 0.296136
0.442991 0.226231 1.889288 0.755063 -0.443472 0.382790 0.294425
0.442446 0.227069 1.887861 0.761217 -0.437147 0.380211 0.291360
0.441484 0.227979 1.886288 0.768814 -0.429078 0.376104 0.288726
0.440476 0.228353 1.885029 0.774543 -0.422730 0.372675 0.287222
0.439548 0.228529 1.884028 0.778713 -0.418058 0.370363 0.285769
0.438929 0.229592 1.882493 0.785489 -0.410553 0.367561 0.281696
0.437970 0.230424 1.881053 0.792564 -0.401961 0.363804 0.279135
0.437043 0.230757 1.879845 0.797832 -0.395337 0.360810 0.277467
0.436159 0.230959 1.878838 0.801830 -0.390322 0.358704 0.275769
0.435113 0.232275 1.877109 0.809150 -0.381377 0.355398 0.271147
0.433683 0.232896 1.875626 0.815074 -0.373861 0.351780 0.268577
0.432389 0.233164 1.874366 0.819415 -0.368425 0.349118 0.266344
0.431196 0.233601 1.873188 0.823573 -0.363215 0.347034 0.263383
0.429576 0.234479 1.871864 0.829639 -0.354628 0.343794 0.260274
0.427985 0.234678 1.870680 0.834150 -0.348184 0.340819 0.258465
0.426547 0.234663 1.869690 0.837444 -0.343543 0.338747 0.256741
0.425309 0.235200 1.868527 0.841874 -0.337251 0.336732 0.253221
0.423834 0.235751 1.867244 0.847009 -0.329398 0.333923 0.250136
0.422485 0.235852 1.866099 0.850748 -0.323764 0.331737 0.247701
0.421164 0.235782 1.865158 0.853528 -0.319745 0.330153 0.245460
0.419377 0.236141 1.864187 0.857007 -0.314323 0.328478 0.242573
0.417246 0.236060 1.863183 0.860105 -0.309701 0.326074 0.240793
0.415461 0.235729 1.862462 0.862562 -0.306315 0.323959 0.239182
0.413929 0.235448 1.862696 0.864862 -0.302964 0.322227 0.237479
0.412247 0.235952 1.863394 0.869324 -0.295340 0.319809 0.234037
0.410236 0.235995 1.864411 0.872974 -0.289290 0.317408 0.231257
0.408377 0.235787 1.865342 0.875823 -0.285079 0.315482 0.228331
0.406693 0.235657 1.866074 0.878565 -0.281154 0.313836 0.224906
0.404844 0.235693 1.866652 0.881922 -0.275597 0.311815 0.221431
0.403076 0.235423 1.867316 0.884522 -0.271555 0.310187 0.218319
0.401448 0.235018 1.867966 0.886557 -0.268748 0.308934 0.215291
0.399328 0.234410 1.868303 0.888287 -0.266634 0.307514 0.212811
0.396777 0.233485 1.868441 0.889761 -0.264365 0.305853 0.211873
0.394506 0.232466 1.868711 0.890931 -0.262634 0.304570 0.210956
0.392449 0.231416 1.869022 0.891887 -0.261562 0.303595 0.209649
0.389635 0.229901 1.869104 0.892201 -0.262155 0.302458 0.209214
0.386715 0.228324 1.869269 0.892460 -0.262676 0.301408 0.208971
0.384071 0.226750 1.869495 0.892750 -0.263259 0.300533 0.208262
0.381601 0.225113 1.869711 0.892958 -0.264202 0.299795 0.207234
0.378409 0.222792 1.869638 0.892211 -0.266972 0.298965 0.208097
0.375551 0.220611 1.869663 0.891628 -0.269074 0.298418 0.208676
0.372998 0.218511 1.869745 0.891216 -0.270921 0.298025 0.208606
0.370311 0.216241 1.869818 0.890675 -0.273153 0.297592 0.208625
0.366857 0.213599 1.869895 0.889950 -0.275432 0.296833 0.209798
0.363736 0.211017 1.870035 0.889449 -0.277329 0.296183 0.210343
0.360946 0.208508 1.870186 0.889108 -0.279124 0.295686 0.210112
0.357594 0.205396 1.870424 0.887835 -0.282800 0.295090 0.211414
0.353846 0.202055 1.870738 0.886258 -0.286947 0.294387 0.213409
0.350500 0.198867 1.871044 0.885094 -0.290434 0.293794 0.214338
0.347520 0.195759 1.871355 0.884204 -0.293525 0.293373 0.214382
0.343594 0.191895 1.871822 0.882338 -0.298186 0.292659 0.216600
0.339646 0.188172 1.872262 0.880840 -0.302142 0.291814 0.218345
0.336124 0.184560 1.872701 0.879717 -0.305578 0.291164 0.218959
0.332851 0.180822 1.873195 0.878564 -0.309238 0.290715 0.219050
0.328580 0.176304 1.874177 0.876006 -0.315463 0.290183 0.221115
0.324581 0.171987 1.875165 0.874085 -0.320731 0.289751 0.221703
0.321093 0.167418 1.876094 0.872504 -0.325733 0.289353 0.221154
0.317408 0.162481 1.877110 0.870128 -0.331782 0.289255 0.221655
0.312959 0.157067 1.878039 0.866764 -0.339494 0.288565 0.224041
0.309021 0.151823 1.878821 0.864114 -0.346065 0.287920 0.225051
0.305608 0.146511 1.879453 0.861927 -0.352060 0.287298 0.224933
0.301606 0.140432 1.880367 0.858069 -0.360764 0.286795 0.226528
0.297236 0.134479 1.881323 0.854066 -0.369555 0.286304 0.228101
0.293352 0.128708 1.882076 0.850864 -0.377075 0.285826 0.228358
0.289960 0.122903 1.882611 0.848204 -0.383852 0.285270 0.227658
0.285218 0.116072 1.883772 0.842877 -0.394284 0.284633 0.230396
0.280465 0.109668 1.884797 0.838467 -0.403222 0.283830 0.232001
0.276244 0.103482 1.885517 0.834970 -0.410861 0.282983 0.232247
0.272410 0.097130 1.885956 0.831602 -0.418291 0.281958 0.232315
0.267947 0.090329 1.886497 0.826633 -0.427589 0.281018 0.234251
0.263952 0.083864 1.886798 0.822651 -0.435457 0.280174 0.234787
0.260443 0.077451 1.886828 0.819343 -0.442406 0.279255 0.234461
0.256899 0.070693 1.886860 0.815212 -0.450037 0.278374 0.235382
0.253069 0.064419 1.886975 0.810211 -0.458475 0.278121 0.236661
0.250086 0.059246 1.886651 0.806330 -0.465244 0.278212 0.236600
0.247970 0.055004 1.886048 0.803243 -0.470520 0.278621 0.236184
0.245932 0.051376 1.885533 0.799767 -0.475439 0.279218 0.237418
0.243980 0.048438 1.885029 0.796595 -0.479763 0.279868 0.238614
0.242370 0.046011 1.884446 0.794189 -0.483067 0.280550 0.239170
0.241066 0.043928 1.883829 0.792289 -0.485601 0.281234 0.239537
0.239482 0.041920 1.883434 0.789999 -0.488229 0.281770 0.241123
0.238077 0.040145 1.882987 0.788134 -0.490443 0.282248 0.242170
0.236895 0.038598 1.882497 0.786714 -0.492105 0.282747 0.242838
0.235799 0.037205 1.882032 0.785573 -0.493316 0.283229 0.243506
0.234472 0.035861 1.881680 0.784357 -0.494394 0.283615 0.244789
0.233239 0.034770 1.881315 0.783613 -0.494930 0.284118 0.245503
0.232148 0.033664 1.880958 0.783013 -0.495264 0.284493 0.246308
0.231304 0.032675 1.880460 0.782824 -0.495225 0.284855 0.246569
0.230587 0.031880 1.879864 0.783208 -0.494434 0.285231 0.246501
0.229858 0.031115 1.879341 0.783606 -0.493478 0.285571 0.246758
0.229146 0.030338 1.878854 0.783955 -0.492550 0.285898 0.247125
0.228873 0.029792 1.878075 0.785266 -0.490842 0.286273 0.245925
0.228623 0.029301 1.877304 0.786973 -0.488419 0.286633 0.244873
0.228230 0.028709 1.876667 0.788357 -0.486168 0.286922 0.244558
0.227767 0.028032 1.876105 0.789440 -0.484246 0.287193 0.244560
0.227796 0.027687 1.874998 0.791463 -0.481608 0.287560 0.242795
0.227679 0.027356 1.874012 0.793257 -0.478913 0.288010 0.241732
0.227400 0.027066 1.873074 0.794789 -0.476637 0.288615 0.240478
0.227139 0.026624 1.872202 0.796309 -0.474513 0.289165 0.238982
0.227274 0.026363 1.871063 0.798944 -0.471144 0.289658 0.236241
0.227142 0.025864 1.870127 0.801105 -0.467958 0.290004 0.234828
0.226830 0.025195 1.869336 0.802816 -0.465259 0.290306 0.233973
0.226582 0.025208 1.868130 0.805456 -0.462134 0.290983 0.230219
0.225926 0.025959 1.867098 0.809260 -0.457690 0.292468 0.223786
0.224493 0.025785 1.866951 0.812895 -0.452760 0.294151 0.218370
0.222517 0.024007 1.867409 0.815862 -0.448200 0.295892 0.214321
0.221400 0.021386 1.867061 0.819055 -0.443971 0.297109 0.209201
0.220725 0.018007 1.866436 0.821482 -0.440482 0.298429 0.205142
