0.337907 -0.375511 1.952128 -0.207942 0.783442 -0.335782 -0.479821
0.335740 -0.373176 1.951326 -0.211460 0.783371 -0.336308 -0.478030
0.334080 -0.370940 1.950735 -0.214461 0.783175 -0.337135 -0.476429
0.332736 -0.368935 1.950258 -0.216932 0.782953 -0.337974 -0.475079
0.330249 -0.366391 1.948952 -0.221480 0.782433 -0.338083 -0.473756
0.327936 -0.363022 1.947768 -0.226130 0.781809 -0.339061 -0.471887
0.326356 -0.359582 1.947023 -0.230357 0.781008 -0.340781 -0.469926
0.325197 -0.356404 1.946493 -0.234000 0.780188 -0.342634 -0.468137
0.323031 -0.353082 1.946051 -0.237055 0.779001 -0.343966 -0.467599
0.319817 -0.348955 1.945552 -0.239942 0.777758 -0.345445 -0.467106
0.317158 -0.344647 1.945099 -0.242965 0.776769 -0.347249 -0.465850
0.315165 -0.340529 1.944899 -0.245824 0.775772 -0.349445 -0.464367
0.313113 -0.336706 1.944872 -0.247886 0.774653 -0.351793 -0.463365
0.309555 -0.332371 1.944883 -0.248850 0.773042 -0.354721 -0.463307
0.306479 -0.327894 1.944728 -0.250379 0.771770 -0.357574 -0.462409
0.304192 -0.323304 1.944592 -0.252471 0.770612 -0.360445 -0.460971
0.302551 -0.318862 1.944636 -0.254677 0.769374 -0.363554 -0.459381
0.298812 -0.314063 1.944747 -0.254360 0.767500 -0.365952 -0.460787
0.295529 -0.309166 1.944567 -0.254730 0.765687 -0.368180 -0.461822
0.293145 -0.304195 1.944342 -0.255991 0.763956 -0.370581 -0.462070
0.291523 -0.299137 1.944119 -0.258015 0.762265 -0.373192 -0.461635
0.288661 -0.293697 1.944108 -0.257589 0.760789 -0.375672 -0.462296
0.285303 -0.288151 1.943980 -0.256553 0.759506 -0.377923 -0.463149
0.282782 -0.282667 1.943815 -0.256665 0.758198 -0.380399 -0.463202
0.280982 -0.277214 1.943662 -0.257758 0.756843 -0.383116 -0.462570
0.278742 -0.271481 1.943828 -0.258067 0.755366 -0.385659 -0.462699
0.275132 -0.265081 1.944375 -0.256502 0.753747 -0.388049 -0.464209
0.272469 -0.258654 1.944868 -0.256266 0.751950 -0.391122 -0.464675
0.270568 -0.252305 1.945320 -0.257129 0.750060 -0.394605 -0.464308
0.269072 -0.246034 1.945743 -0.258435 0.748218 -0.398271 -0.463423
0.266001 -0.239469 1.946044 -0.256677 0.747200 -0.400941 -0.463740
0.263527 -0.233049 1.946188 -0.256089 0.745987 -0.403841 -0.463502
0.261692 -0.226800 1.946310 -0.256653 0.744580 -0.407064 -0.462633
0.260349 -0.220714 1.946422 -0.258156 0.743052 -0.410504 -0.461210
0.257537 -0.214175 1.946446 -0.256655 0.742481 -0.412675 -0.461032
0.254851 -0.207410 1.946280 -0.255366 0.741669 -0.414986 -0.460980
0.252900 -0.200742 1.946169 -0.255419 0.740332 -0.417998 -0.460378
0.251452 -0.194248 1.946112 -0.256540 0.738733 -0.421428 -0.459195
0.249457 -0.187651 1.946072 -0.256038 0.737591 -0.424637 -0.458353
0.246982 -0.180714 1.945789 -0.254204 0.736500 -0.427555 -0.458415
0.245180 -0.173865 1.945543 -0.253786 0.734788 -0.431109 -0.458067
0.243809 -0.167213 1.945365 -0.254527 0.732814 -0.435019 -0.457120
0.242403 -0.160645 1.945248 -0.255368 0.731078 -0.438821 -0.455795
0.240047 -0.153269 1.945024 -0.253974 0.730453 -0.441873 -0.454625
0.238336 -0.145739 1.944911 -0.253982 0.728949 -0.445995 -0.453006
0.237011 -0.138369 1.944897 -0.255146 0.726966 -0.450635 -0.450943
0.235891 -0.131276 1.944931 -0.257189 0.724786 -0.455426 -0.448471
0.234110 -0.123845 1.944883 -0.257419 0.723556 -0.458791 -0.446894
0.232638 -0.116387 1.944807 -0.258425 0.721830 -0.462567 -0.445208
0.231402 -0.109162 1.944783 -0.260343 0.719709 -0.466766 -0.443137
0.230270 -0.102237 1.944791 -0.262980 0.717426 -0.471117 -0.440670
0.229047 -0.095227 1.944227 -0.266014 0.716433 -0.473780 -0.437598
0.228095 -0.087770 1.943302 -0.269352 0.715591 -0.476216 -0.434278
0.227338 -0.080378 1.942579 -0.273232 0.713851 -0.479532 -0.431055
0.227022 -0.073763 1.942156 -0.278681 0.711624 -0.482835 -0.427549
0.226847 -0.067944 1.941425 -0.286945 0.710238 -0.483724 -0.423361
0.227883 -0.061502 1.939859 -0.299312 0.709383 -0.482494 -0.417597
0.228786 -0.055016 1.938684 -0.310767 0.707578 -0.482548 -0.412195
0.229288 -0.048663 1.937758 -0.321162 0.705296 -0.483361 -0.407153
0.229435 -0.042419 1.936971 -0.330990 0.702643 -0.484471 -0.402526
0.230155 -0.035176 1.935620 -0.344724 0.699218 -0.482924 -0.398802
0.230903 -0.027652 1.934618 -0.357382 0.694876 -0.483079 -0.395045
0.231236 -0.020340 1.933859 -0.368775 0.690284 -0.484131 -0.391318
0.231125 -0.013318 1.933261 -0.379034 0.685702 -0.485723 -0.387582
0.230890 -0.005687 1.932746 -0.388742 0.681036 -0.486918 -0.384681
0.230849 0.002621 1.932408 -0.398073 0.675404 -0.489280 -0.382064
0.230494 0.010710 1.932191 -0.406784 0.669560 -0.492301 -0.379283
0.229723 0.018397 1.932034 -0.414873 0.663904 -0.495525 -0.376254
0.228168 0.026121 1.932426 -0.419921 0.659380 -0.499256 -0.373667
0.226014 0.034727 1.933564 -0.422611 0.655119 -0.504221 -0.371457
0.223730 0.043262 1.934641 -0.426043 0.650284 -0.509688 -0.368561
0.221241 0.051393 1.935605 -0.429962 0.645355 -0.515069 -0.365174
0.218483 0.059112 1.936637 -0.433132 0.640971 -0.520420 -0.361545
0.215276 0.067703 1.938244 -0.432397 0.637741 -0.526703 -0.359032
0.212529 0.076014 1.939776 -0.432508 0.633635 -0.533356 -0.356334
0.210080 0.083359 1.941137 -0.433017 0.629679 -0.539396 -0.353629
0.207900 0.089607 1.942287 -0.433651 0.626223 -0.544530 -0.351111
0.206006 0.096401 1.943181 -0.432934 0.624178 -0.549113 -0.348490
0.204667 0.103560 1.943947 -0.432871 0.621031 -0.554289 -0.345987
0.203523 0.110001 1.944625 -0.433167 0.617726 -0.559142 -0.343715
0.202492 0.115525 1.945194 -0.433580 0.614762 -0.563313 -0.341693
0.201706 0.120944 1.945669 -0.434008 0.612500 -0.566568 -0.339825
0.201505 0.126980 1.946024 -0.434837 0.609765 -0.570045 -0.337863
0.201426 0.132447 1.946294 -0.435698 0.606822 -0.573453 -0.336283
0.201352 0.137140 1.946502 -0.436474 0.604162 -0.576421 -0.334989
0.201284 0.141463 1.946521 -0.437405 0.602142 -0.578344 -0.334097
0.201800 0.147369 1.945946 -0.439480 0.599948 -0.579541 -0.333245
0.202487 0.153182 1.945394 -0.441528 0.596818 -0.581587 -0.332593
0.203077 0.158309 1.944920 -0.443319 0.593775 -0.583639 -0.332063
0.203548 0.162707 1.944509 -0.444835 0.591104 -0.585443 -0.331623
0.205193 0.168047 1.943983 -0.447657 0.588604 -0.586182 -0.330968
0.207238 0.172984 1.943254 0.449914 -0.585912 0.587207 0.330866
0.209157 0.177159 1.942443 0.451502 -0.583446 0.588181 0.331331
0.210877 0.180653 1.941658 0.452660 -0.581290 0.589037 0.332020
0.213082 0.184576 1.940816 0.454522 -0.580310 0.588382 0.332351
0.215998 0.188829 1.939978 0.456696 -0.579515 0.587409 0.332477
0.218706 0.192435 1.939153 0.458299 -0.578593 0.586761 0.333022
0.221095 0.195444 1.938389 0.459482 -0.577694 0.586304 0.333756
0.223396 0.198329 1.937686 0.460390 -0.577766 0.585202 0.334315
0.226531 0.201461 1.937126 0.461641 -0.579301 0.582636 0.334413
0.229619 0.204284 1.936771 -0.228312 0.286489 -0.286380 -0.165286
0.232369 0.206727 1.936477 -0.463295 0.581173 -0.578847 -0.335459
0.234793 0.208879 1.936226 -0.463981 0.581714 -0.577396 -0.336072
0.238422 0.211202 1.935998 -0.465939 0.583513 -0.573798 -0.336407
0.242418 0.212873 1.935882 -0.467223 0.585415 -0.570186 -0.337461
0.246201 0.214526 1.935847 -0.468021 0.586826 -0.567242 -0.338863
0.249551 0.216203 1.935817 -0.468626 0.587581 -0.565178 -0.340166
0.253440 0.217946 1.935492 -0.470356 0.589581 -0.561602 -0.340240
0.257801 0.219032 1.935335 -0.471952 0.592192 -0.557363 -0.340464
0.261890 0.220000 1.935371 -0.473012 0.594389 -0.553701 -0.341141
0.265521 0.221370 1.935532 -0.473832 0.595761 -0.551061 -0.341883
0.268980 0.223140 1.935790 -0.474646 0.597117 -0.548902 -0.341860
0.273139 0.224212 1.936357 -0.475170 0.599408 -0.546165 -0.341509
0.277296 0.224797 1.937004 -0.475153 0.601627 -0.543473 -0.341923
0.281120 0.225565 1.937647 -0.474950 0.603264 -0.541376 -0.342648
0.284563 0.226873 1.938193 -0.474860 0.604505 -0.539862 -0.342974
0.288380 0.227912 1.938508 -0.475281 0.607289 -0.537078 -0.341842
0.292077 0.228607 1.938998 -0.475357 0.609825 -0.534439 -0.341356
0.295418 0.229558 1.939565 -0.475314 0.611622 -0.532513 -0.341213
0.298306 0.231031 1.940128 -0.475352 0.612473 -0.531547 -0.341138
0.301953 0.232717 1.940811 -0.476868 0.613061 -0.530397 -0.339753
0.305754 0.233755 1.941743 -0.477980 0.613901 -0.529027 -0.338809
0.309231 0.234699 1.942711 -0.478708 0.614558 -0.527905 -0.338339
0.312232 0.235578 1.943576 -0.479239 0.614896 -0.527217 -0.338048
0.315582 0.236737 1.944153 -0.480503 0.615252 -0.526067 -0.337394
0.319652 0.237665 1.944589 -0.481842 0.615678 -0.524551 -0.337068
0.323504 0.238338 1.944930 -0.482643 0.615994 -0.523256 -0.337356
0.326908 0.238769 1.945152 -0.483116 0.616211 -0.522220 -0.337890
0.330290 0.239362 1.945307 -0.483964 0.616278 -0.521183 -0.338156
0.334900 0.240096 1.945627 -0.485746 0.616014 -0.520053 -0.337820
0.339319 0.240347 1.945969 -0.486831 0.615964 -0.518890 -0.338139
0.343244 0.240245 1.946238 -0.487475 0.616047 -0.517797 -0.338735
0.346678 0.240022 1.946462 -0.487896 0.616217 -0.516760 -0.339400
0.351089 0.240303 1.946835 -0.489352 0.616307 -0.515320 -0.339330
0.355470 0.240161 1.947351 -0.490261 0.616520 -0.513937 -0.339730
0.359400 0.239926 1.947838 -0.490825 0.616666 -0.512808 -0.340356
0.362769 0.239620 1.948249 -0.491173 0.616768 -0.511912 -0.341017
0.366853 0.239833 1.948184 -0.493334 0.616601 -0.510182 -0.340790
0.371403 0.239845 1.947974 -0.495459 0.616390 -0.508339 -0.340843
0.375565 0.239714 1.947727 -0.496930 0.616149 -0.506827 -0.341392
0.379181 0.239476 1.947443 -0.497968 0.615912 -0.505608 -0.342113
0.382636 0.239583 1.947072 -0.499142 0.615865 -0.504337 -0.342360
0.386455 0.239919 1.946684 -0.500665 0.615738 -0.503168 -0.342086
0.389858 0.239880 1.946349 -0.501665 0.615715 -0.502127 -0.342192
0.392806 0.239651 1.946072 -0.502324 0.615762 -0.501208 -0.342490
0.395455 0.239468 1.945797 -0.503195 0.615654 -0.500271 -0.342773
0.398852 0.239669 1.945172 -0.505838 0.614569 -0.499135 -0.342486
0.402021 0.239514 1.944476 -0.507682 0.613728 -0.498142 -0.342710
0.404832 0.239168 1.943787 -0.508953 0.613124 -0.497231 -0.343230
0.407269 0.238759 1.943163 -0.509848 0.612664 -0.496451 -0.343853
0.410095 0.238661 1.942213 -0.512324 0.611656 -0.495475 -0.343374
0.412899 0.238467 1.941090 -0.514310 0.610646 -0.494762 -0.343231
0.415403 0.238185 1.939957 -0.515664 0.609820 -0.494173 -0.343516
0.417581 0.237892 1.938900 -0.516598 0.609127 -0.493716 -0.343999
0.419779 0.237650 1.937461 -0.519884 0.607753 -0.491812 -0.344207
0.421460 0.236814 1.936364 -0.523281 0.607239 -0.488649 -0.344470
0.423114 0.235882 1.935598 -0.526360 0.606922 -0.485960 -0.344144
0.424717 0.235224 1.934795 -0.529217 0.606379 -0.483860 -0.343676
0.425982 0.234418 1.933999 -0.532074 0.606037 -0.481396 -0.343328
0.427821 0.234140 1.932868 -0.537646 0.603485 -0.479513 -0.341773
0.428947 0.234245 1.931927 -0.541955 0.601283 -0.478104 -0.340822
0.429738 0.234216 1.931158 -0.545047 0.599808 -0.476814 -0.340298
0.430419 0.234113 1.930476 -0.547495 0.598712 -0.475742 -0.339799
0.431125 0.233659 1.928573 -0.554446 0.596371 -0.472416 -0.337275
0.431281 0.233375 1.926991 -0.560059 0.594266 -0.469446 -0.335861
0.431249 0.233111 1.925676 -0.564418 0.592716 -0.466901 -0.334849
0.431163 0.232758 1.924603 -0.567806 0.591649 -0.464666 -0.334115
0.431274 0.232246 1.922594 -0.575403 0.588732 -0.460357 -0.332231
0.431044 0.231712 1.920160 -0.284492 0.285316 -0.221954 -0.161369
0.430677 0.231269 1.918098 0.591224 -0.581815 0.450956 0.329522
0.430190 0.230718 1.916353 0.596659 -0.579491 0.447786 0.328141
0.429631 0.230221 1.914392 0.602879 -0.576964 0.444062 0.326279
0.428445 0.230296 1.911367 0.612643 -0.572222 0.437675 0.325070
0.426987 0.230478 1.908582 0.620547 -0.568185 0.432381 0.324241
0.425585 0.230394 1.906229 0.626791 -0.565109 0.428161 0.323205
0.424267 0.230223 1.904125 0.632356 -0.562476 0.424601 0.321655
0.422614 0.230760 1.900941 0.642340 -0.556790 0.418330 0.319973
0.420780 0.231327 1.897894 0.651447 -0.551168 0.412467 0.318907
0.419014 0.231628 1.895315 0.658688 -0.546678 0.407857 0.317688
0.417342 0.231694 1.893157 0.664426 -0.543275 0.404290 0.316130
0.415376 0.232239 1.889985 0.673224 -0.537890 0.398747 0.313758
0.413137 0.233557 1.885996 0.683011 -0.531042 0.392560 0.312069
0.410956 0.234447 1.882627 0.690868 -0.525379 0.387619 0.310530
0.408914 0.235025 1.879750 0.696963 -0.520882 0.383967 0.309023
0.406830 0.235658 1.876727 0.704231 -0.515300 0.379729 0.307133
0.404117 0.237010 1.872731 0.713538 -0.507982 0.373425 0.305567
0.401430 0.237910 1.869341 0.721378 -0.501541 0.367989 0.304395
0.398924 0.238333 1.866676 0.727588 -0.496372 0.363810 0.303105
0.396646 0.238489 1.864290 0.733237 -0.491731 0.360256 0.301296
0.394040 0.239065 1.861008 0.741259 -0.484333 0.354897 0.300008
0.391361 0.239509 1.857795 0.748030 -0.477592 0.350009 0.299751
0.389007 0.239553 1.855165 0.753262 -0.472308 0.346358 0.299261
0.387222 0.239163 1.854150 0.758073 -0.467540 0.343340 0.298076
0.384416 0.238222 1.853704 0.762632 -0.462688 0.339912 0.297947
0.381263 0.237272 1.853902 0.766623 -0.458600 0.336703 0.297668
0.378182 0.236273 1.854407 0.770265 -0.455448 0.333914 0.296244
0.375252 0.235139 1.855001 0.773344 -0.453251 0.331621 0.294159
0.371860 0.233540 1.855045 0.774980 -0.452277 0.329491 0.293747
0.368150 0.232019 1.854831 0.775740 -0.451422 0.327770 0.294981
0.364841 0.230539 1.854723 0.776552 -0.450767 0.326368 0.295398
0.361883 0.229030 1.854681 0.777462 -0.450321 0.325155 0.295023
0.359080 0.227343 1.854487 0.778394 -0.449921 0.323996 0.294451
0.356208 0.225559 1.853966 0.779074 -0.449016 0.323155 0.294956
0.353601 0.223873 1.853599 0.779822 -0.448130 0.322536 0.295004
0.351219 0.222140 1.853324 0.780592 -0.447535 0.321949 0.294512
0.349054 0.220285 1.853085 0.781359 -0.447213 0.321361 0.293608
0.346947 0.218384 1.852334 0.782726 -0.445894 0.320685 0.292710
0.344919 0.216587 1.851693 0.783959 -0.444712 0.320137 0.291806
0.343016 0.214714 1.851195 0.785058 -0.443935 0.319596 0.290625
0.341257 0.212663 1.850812 0.785960 -0.443650 0.319025 0.289251
0.340004 0.210710 1.850095 0.789176 -0.440327 0.317868 0.286832
0.338666 0.208853 1.849371 0.792613 -0.436522 0.316460 0.284722
0.337328 0.206846 1.848819 0.795352 -0.433864 0.315234 0.282497
0.336036 0.204574 1.848437 0.797476 -0.432236 0.314125 0.280232
0.335277 0.202540 1.847496 0.801739 -0.428159 0.312171 0.276483
0.334866 0.200857 1.846009 0.807701 -0.421740 0.309665 0.271775
0.334275 0.199165 1.844922 0.812389 -0.416652 0.307955 0.267562
0.333516 0.197192 1.844103 0.816043 -0.413126 0.306426 0.263637
0.332966 0.195024 1.843308 0.820013 -0.409257 0.304704 0.259312
0.333327 0.193485 1.841558 0.828487 -0.398778 0.301180 0.252736
0.333478 0.191631 1.840256 0.835240 -0.390071 0.298480 0.247239
0.333287 0.189649 1.839270 0.840531 -0.383401 0.296276 0.242345
0.332888 0.187231 1.838453 0.844581 -0.379017 0.294091 0.237780
0.333066 0.185508 1.837021 0.851682 -0.369470 0.291392 0.230694
0.333148 0.183984 1.835552 0.859087 -0.359187 0.288386 0.223133
0.333022 0.183041 1.834187 0.866285 -0.348487 0.285879 0.215357
0.332541 0.182296 1.833064 0.872670 -0.338322 0.283754 0.208491
0.331971 0.181745 1.831937 0.878859 -0.328299 0.281794 0.201048
0.331349 0.181379 1.830824 0.885468 -0.316802 0.279797 0.193124
0.330760 0.180941 1.829864 0.891685 -0.305429 0.278002 0.185269
0.330188 0.180459 1.829032 0.897554 -0.294200 0.276367 0.177380
0.329596 0.179920 1.828334 0.903086 -0.283087 0.274906 0.169478
0.328931 0.179296 1.827803 0.908296 -0.272049 0.273661 0.161547
0.328274 0.178608 1.827407 0.913194 -0.261081 0.272634 0.153567
0.327642 0.177861 1.827119 0.917791 -0.250198 0.271813 0.145526
0.327028 0.177052 1.826937 0.922090 -0.239393 0.271206 0.137432
0.326071 0.176052 1.826986 0.926147 -0.228631 0.270568 0.129512
0.325044 0.174947 1.827136 0.930009 -0.217875 0.269982 0.121340
0.324105 0.173693 1.827346 0.933584 -0.207256 0.269613 0.113019
0.323264 0.172295 1.827613 0.936861 -0.196783 0.269511 0.104557
0.322269 0.170651 1.828094 0.939856 -0.186439 0.269540 0.096227
0.321110 0.168804 1.828730 0.942673 -0.176088 0.269582 0.087670
0.320088 0.166732 1.829344 0.945216 -0.165962 0.269821 0.078866
0.319215 0.164433 1.829935 0.947468 -0.155977 0.270324 0.069994
0.318351 0.161817 1.830664 0.949421 -0.146080 0.271080 0.061447
0.317287 0.158772 1.831729 0.951140 -0.136347 0.271934 0.052867
0.316345 0.155350 1.832788 0.952578 -0.126986 0.273006 0.044004
0.315640 0.151585 1.833705 0.953713 -0.118069 0.274347 0.034993
0.315128 0.147473 1.834531 0.954540 -0.109590 0.275979 0.026032
0.314242 0.142985 1.835862 0.955148 -0.101483 0.277678 0.016975
0.313282 0.138347 1.837029 0.955678 -0.093436 0.279094 0.007490
0.312636 0.133501 1.837793 0.955969 -0.085269 0.280805 -0.001093
0.312156 0.128794 1.838310 0.956020 -0.077097 0.282828 -0.009498
0.311218 0.125693 1.839022 0.955975 -0.066870 0.285196 -0.017417
0.310077 0.124135 1.839704 0.955966 -0.054847 0.287283 -0.024249
0.309176 0.123792 1.840176 0.955926 -0.041847 0.289070 -0.029884
0.308428 0.124260 1.840580 0.955680 -0.028398 0.290910 -0.035227
0.307513 0.125225 1.841197 0.955206 -0.014402 0.292809 -0.040431
0.306282 0.126612 1.842005 0.954533 0.000456 0.294590 -0.045634
0.305228 0.128357 1.842699 0.953588 0.015512 0.296386 -0.050839
0.304303 0.130290 1.843392 0.952261 0.030489 0.298481 -0.056367
0.303395 0.132364 1.844175 0.950534 0.045498 0.300888 -0.062296
0.302186 0.134674 1.845158 0.948419 0.061023 0.303433 -0.068597
0.300914 0.137106 1.846177 0.945889 0.076827 0.306149 -0.075259
0.299629 0.139545 1.847252 0.942908 0.092701 0.309134 -0.082254
0.298228 0.141946 1.848442 0.939494 0.108781 0.312279 -0.089440
0.296499 0.144578 1.849914 0.935584 0.125692 0.315472 -0.096753
0.294617 0.147373 1.851443 0.931185 0.143188 0.318685 -0.104075
0.292729 0.150116 1.852992 0.926225 0.160689 0.322218 -0.111633
0.290960 0.152669 1.854561 0.920725 0.177916 0.326133 -0.119368
0.289050 0.155236 1.856065 0.914709 0.194978 0.330247 -0.127385
0.286865 0.157939 1.857567 0.908108 0.211981 0.334490 -0.136087
0.284619 0.160256 1.859063 0.901310 0.228150 0.338764 -0.144309
0.282240 0.162183 1.860467 0.894746 0.242959 0.342769 -0.151358
0.279271 0.164084 1.861843 0.888380 0.256569 0.346369 -0.158056
0.275926 0.165881 1.863224 0.881848 0.269549 0.349906 -0.165087
0.272601 0.166981 1.864379 0.876026 0.280318 0.353057 -0.171319
0.269384 0.167381 1.865374 0.871018 0.288631 0.355771 -0.177329
0.266496 0.167111 1.866136 0.866918 0.294650 0.357943 -0.183059
0.263505 0.166811 1.866597 0.863047 0.299403 0.360005 -0.189486
0.260917 0.165583 1.866904 0.859940 0.302092 0.362182 -0.195111
0.258752 0.163231 1.867152 0.857630 0.302750 0.364572 -0.199750
