0.334662 0.328092 1.436397 0.709447 0.009610 0.702714 0.052768
0.329732 0.328614 1.442706 0.707344 0.011555 0.704706 0.054039
0.325002 0.329293 1.449968 0.704472 0.012547 0.707499 0.054831
0.320158 0.329606 1.456617 0.701768 0.012745 0.710174 0.054897
0.315175 0.329474 1.462276 0.699495 0.012692 0.712430 0.054669
0.310281 0.329580 1.468546 0.697452 0.013015 0.714366 0.055437
0.305491 0.329837 1.475776 0.694897 0.013205 0.716770 0.056443
0.300587 0.329690 1.482299 0.692560 0.013628 0.718929 0.057596
0.295575 0.329067 1.487754 0.690684 0.013717 0.720678 0.058226
0.290861 0.328591 1.494185 0.688192 0.012405 0.723021 0.058969
0.286256 0.327999 1.501155 0.685268 0.011013 0.725720 0.060141
0.281539 0.326967 1.507208 0.682824 0.011153 0.727811 0.062597
0.276726 0.325504 1.512151 0.680960 0.011705 0.729330 0.065072
0.272214 0.324098 1.518368 0.678338 0.010069 0.731637 0.066806
0.267768 0.322463 1.524754 0.675552 0.008678 0.734015 0.069113
0.263233 0.320488 1.530135 0.673333 0.008898 0.735712 0.072604
0.258821 0.318736 1.534502 0.671656 0.009877 0.736905 0.075828
0.254563 0.316899 1.540355 0.668950 0.008266 0.739158 0.077994
0.250204 0.315707 1.546020 0.666082 0.008144 0.741455 0.080696
0.245955 0.315223 1.550682 0.663992 0.010112 0.742966 0.083748
0.242130 0.314900 1.554624 0.662443 0.012166 0.744013 0.086403
0.238126 0.314108 1.559887 0.659910 0.011808 0.745992 0.088740
0.234485 0.313589 1.564762 0.657687 0.012673 0.747573 0.091774
0.231378 0.313160 1.568765 0.656009 0.014645 0.748553 0.095423
0.228657 0.312668 1.572366 0.654663 0.015982 0.749328 0.098333
0.225620 0.312327 1.577347 0.652582 0.016189 0.750810 0.100796
0.222765 0.312335 1.581890 0.650797 0.017652 0.751920 0.103774
0.220284 0.312397 1.585624 0.649433 0.019556 0.752651 0.106639
0.218040 0.312323 1.589117 0.648231 0.020802 0.753315 0.109008
0.215531 0.312293 1.593374 0.646275 0.021672 0.754543 0.111909
0.213172 0.312492 1.597051 0.644631 0.023822 0.755367 0.115345
0.211124 0.312702 1.600045 0.643348 0.025804 0.755976 0.118055
0.209342 0.312678 1.603241 0.642234 0.027461 0.756499 0.120379
0.207996 0.311997 1.607532 0.640219 0.028151 0.757599 0.123975
0.206998 0.311156 1.611280 0.638361 0.028547 0.758562 0.127533
0.206211 0.310326 1.614358 0.636830 0.028639 0.759363 0.130366
0.205425 0.309718 1.617738 0.635542 0.029929 0.759860 0.133430
0.204566 0.309429 1.621893 0.633906 0.030900 0.760736 0.135973
0.203760 0.309229 1.625498 0.632464 0.031357 0.761619 0.137630
0.203051 0.309052 1.628471 0.631247 0.031650 0.762402 0.138810
0.202542 0.308838 1.631785 0.630591 0.032563 0.762742 0.139712
0.202512 0.308220 1.635480 0.629843 0.031880 0.763303 0.140179
0.202647 0.307412 1.638643 0.629063 0.030803 0.763876 0.140794
0.202816 0.306604 1.641248 0.628344 0.029762 0.764394 0.141419
0.203175 0.305750 1.644419 0.627787 0.030340 0.764651 0.142380
0.204031 0.304363 1.647777 0.626857 0.029488 0.765217 0.143609
0.204947 0.302843 1.650611 0.625919 0.028245 0.765761 0.145047
0.205770 0.301432 1.652940 0.625061 0.027040 0.766247 0.146405
0.206805 0.300458 1.656105 0.624964 0.026560 0.766468 0.145744
0.208128 0.299273 1.659410 0.624598 0.024620 0.767003 0.144834
0.209364 0.298004 1.662203 0.624103 0.022643 0.767535 0.144474
0.210433 0.296832 1.664510 0.623602 0.020988 0.768002 0.144402
0.212287 0.295470 1.667299 0.624158 0.020338 0.767890 0.142679
0.214798 0.293154 1.669846 0.624323 0.017945 0.767852 0.142487
0.217213 0.290640 1.671942 0.624264 0.015322 0.767815 0.143248
0.219349 0.288374 1.673703 0.624228 0.013261 0.767720 0.144119
0.222393 0.286688 1.675856 0.625375 0.012747 0.767166 0.142126
0.225772 0.284362 1.677723 0.626087 0.010929 0.766709 0.141614
0.228844 0.281911 1.679238 0.626484 0.008880 0.766329 0.142055
0.231550 0.279783 1.680570 0.626918 0.007563 0.765939 0.142316
0.235339 0.277903 1.682471 0.628056 0.007101 0.765450 0.139932
0.239810 0.274899 1.684167 0.628733 0.004800 0.764943 0.139760
0.244044 0.271477 1.685506 0.629132 0.001885 0.764396 0.141028
0.247826 0.268531 1.686634 0.629753 -0.000035 0.763742 0.141807
0.252148 0.266667 1.687902 0.631262 -0.000696 0.763036 0.138868
0.256684 0.264166 1.689008 0.632287 -0.002441 0.762417 0.137579
0.260838 0.261356 1.689853 0.633003 -0.004656 0.761797 0.137666
0.264639 0.259094 1.690597 0.633815 -0.005604 0.761130 0.137577
0.269081 0.257609 1.691486 0.634798 -0.005265 0.760593 0.136022
0.273776 0.255327 1.692227 0.635458 -0.006082 0.760038 0.136009
0.278241 0.252494 1.692750 0.635956 -0.007764 0.759376 0.137293
0.282452 0.250300 1.693157 0.636898 -0.008189 0.758544 0.137491
0.287129 0.248929 1.693703 0.638309 -0.007546 0.757749 0.135356
0.291811 0.246814 1.694205 0.639353 -0.008119 0.756987 0.134651
0.296031 0.244359 1.694552 0.640195 -0.009387 0.756194 0.135033
0.300226 0.242710 1.694653 0.641327 -0.009397 0.755358 0.134334
0.305106 0.241497 1.694385 0.642733 -0.008605 0.754436 0.132834
0.309903 0.239466 1.694015 0.643913 -0.008909 0.753416 0.132890
0.314161 0.237152 1.693605 0.644929 -0.009831 0.752375 0.133799
0.318458 0.235737 1.693436 0.645752 -0.009055 0.751682 0.133777
0.323126 0.234507 1.693559 0.646248 -0.008197 0.751356 0.133271
0.327338 0.232842 1.693623 0.646666 -0.008255 0.750932 0.133624
0.330943 0.231158 1.693627 0.647034 -0.008631 0.750483 0.134343
0.334942 0.230123 1.693242 0.647878 -0.008612 0.750142 0.132164
0.339268 0.228650 1.692397 0.648982 -0.008976 0.749459 0.130587
0.343128 0.226841 1.691504 0.650006 -0.009760 0.748625 0.130220
0.346419 0.225086 1.690693 0.650897 -0.010634 0.747819 0.130335
0.350530 0.224354 1.689853 0.651890 -0.010168 0.747349 0.128083
0.354836 0.223234 1.688933 0.652837 -0.010142 0.746770 0.126634
0.358625 0.221804 1.688050 0.653700 -0.010576 0.746086 0.126176
0.361855 0.220416 1.687262 0.654458 -0.011157 0.745436 0.126033
0.365797 0.219975 1.685991 0.655801 -0.011858 0.744988 0.121566
0.369651 0.219159 1.684541 0.657180 -0.012529 0.744248 0.118546
0.372999 0.218121 1.683209 0.658403 -0.013329 0.743442 0.116707
0.375891 0.217166 1.682061 0.659444 -0.014205 0.742758 0.115075
0.379632 0.216733 1.680988 0.660295 -0.015592 0.742734 0.110065
0.383275 0.215665 1.679902 0.661087 -0.017288 0.742461 0.106853
0.386459 0.214359 1.678903 0.661810 -0.018984 0.742053 0.104901
0.389294 0.213213 1.677944 0.662558 -0.020631 0.741649 0.102708
0.392952 0.212314 1.676293 0.664096 -0.022119 0.740905 0.097704
0.396469 0.210739 1.674551 0.665613 -0.023825 0.739861 0.094855
0.399542 0.208995 1.672990 0.666941 -0.025555 0.738814 0.093222
0.402372 0.207610 1.671607 0.668058 -0.027559 0.738074 0.090471
0.405885 0.206855 1.670029 0.669068 -0.029732 0.737784 0.084489
0.409113 0.205718 1.668434 0.670048 -0.031720 0.737257 0.080516
0.411890 0.204500 1.667006 0.670926 -0.033474 0.736669 0.077826
0.414536 0.203695 1.665773 0.671683 -0.035003 0.736244 0.074572
0.417638 0.203448 1.664705 0.672263 -0.036107 0.736118 0.069921
0.420380 0.202945 1.663749 0.672767 -0.037195 0.735911 0.066603
0.422709 0.202375 1.662921 0.673211 -0.038151 0.735668 0.064223
0.424942 0.202173 1.662114 0.673671 -0.039985 0.735519 0.059834
0.427344 0.202364 1.661209 0.674222 -0.042132 0.735364 0.053758
0.429402 0.202399 1.660374 0.674726 -0.043809 0.735128 0.049118
0.430305 0.203265 1.660044 0.674947 -0.043296 0.735339 0.042998
0.430832 0.204897 1.660003 0.674920 -0.043089 0.735834 0.034255
0.431374 0.205987 1.659917 0.674944 -0.043410 0.736146 0.025604
0.431722 0.206596 1.659880 0.674995 -0.043627 0.736298 0.018512
0.431980 0.207635 1.659845 0.674997 -0.043310 0.736450 0.012005
0.432288 0.208759 1.660044 0.674892 -0.043932 0.736595 0.004388
0.432592 0.209977 1.660122 0.674833 -0.044465 0.736621 -0.003625
0.432777 0.211173 1.660178 0.674734 -0.044821 0.736622 -0.010578
0.432889 0.212244 1.660236 0.674609 -0.045187 0.736610 -0.016312
0.432973 0.213164 1.660729 0.674142 -0.048567 0.736599 -0.024407
0.433087 0.213736 1.660881 0.673867 -0.052641 0.736296 -0.031624
0.433153 0.213742 1.660903 0.673625 -0.056558 0.735965 -0.037229
0.433164 0.213631 1.660902 0.673391 -0.059860 0.735663 -0.041969
0.433160 0.213491 1.661475 0.672479 -0.066439 0.735383 -0.050686
0.433176 0.213416 1.661682 0.671821 -0.072790 0.734764 -0.058982
0.433156 0.213404 1.661768 0.671247 -0.078106 0.734168 -0.065756
0.433138 0.213445 1.661848 0.670704 -0.082649 0.733644 -0.071358
0.433042 0.213531 1.662618 0.669574 -0.090413 0.732883 -0.079876
0.433036 0.213587 1.663097 0.668681 -0.098126 0.731799 -0.087787
0.433053 0.213614 1.663337 0.667955 -0.104723 0.730717 -0.094451
0.433037 0.213648 1.663579 0.667231 -0.110478 0.729758 -0.100246
0.432982 0.213885 1.664375 0.666038 -0.118930 0.728464 -0.107649
0.433029 0.214034 1.664912 0.664958 -0.127343 0.726969 -0.114586
0.433054 0.214121 1.665350 0.663791 -0.135335 0.725454 -0.121584
0.433051 0.214216 1.665710 0.662681 -0.142525 0.723970 -0.128090
0.433020 0.214339 1.666470 0.661430 -0.151048 0.722081 -0.135254
0.433045 0.214352 1.667044 0.660216 -0.159344 0.720080 -0.142155
0.433053 0.214313 1.667533 0.658864 -0.167304 0.718089 -0.149184
0.433032 0.214269 1.667992 0.657324 -0.175547 0.715929 -0.156699
0.432964 0.214179 1.668569 0.655589 -0.185475 0.713199 -0.164771
0.432951 0.213935 1.668996 0.653842 -0.194994 0.710495 -0.172236
0.432942 0.213630 1.669310 0.652001 -0.203978 0.707843 -0.179571
0.432916 0.213361 1.669593 0.649994 -0.213119 0.705000 -0.187251
0.432878 0.213163 1.669964 0.647876 -0.223143 0.701729 -0.195037
0.432840 0.212906 1.670227 0.645715 -0.232604 0.698533 -0.202484
0.432769 0.212679 1.670442 0.643470 -0.241415 0.695420 -0.209897
0.432760 0.212468 1.670599 0.641022 -0.250469 0.692152 -0.217445
0.432698 0.212176 1.670692 0.638448 -0.259983 0.688659 -0.224816
0.432656 0.211808 1.670668 0.635863 -0.268994 0.685255 -0.231831
0.432619 0.211454 1.670581 0.633209 -0.277529 0.681925 -0.238752
0.432538 0.211185 1.670536 0.630407 -0.286510 0.678251 -0.245913
0.432444 0.210964 1.670511 0.627640 -0.295933 0.674306 -0.252595
0.432389 0.210730 1.670406 0.624808 -0.304851 0.670491 -0.259081
0.432339 0.210504 1.670264 0.621880 -0.313278 0.666780 -0.265568
0.432235 0.210437 1.670181 0.618699 -0.322375 0.662599 -0.272487
0.432137 0.210459 1.670134 0.615443 -0.331782 0.658237 -0.279060
0.432081 0.210482 1.670031 0.612209 -0.340461 0.654165 -0.285227
0.432033 0.210501 1.669864 0.609405 -0.347761 0.650651 -0.290413
0.431940 0.210683 1.669741 0.606711 -0.354590 0.647350 -0.295136
0.431879 0.210961 1.669593 0.604275 -0.360737 0.644520 -0.298854
0.431844 0.211190 1.669452 0.602171 -0.365891 0.642147 -0.301932
0.431812 0.211381 1.669327 0.600397 -0.370143 0.640147 -0.304515
0.431746 0.211750 1.669057 0.598229 -0.374847 0.638107 -0.307297
0.431692 0.212119 1.668704 0.596217 -0.379183 0.636451 -0.309314
0.431665 0.212377 1.668365 0.594613 -0.382715 0.635086 -0.310855
0.431633 0.212498 1.668090 0.593492 -0.385336 0.633912 -0.312151
0.431475 0.212714 1.667652 0.593710 -0.386115 0.633961 -0.310673
0.431339 0.212884 1.667188 0.593832 -0.387007 0.634114 -0.309012
0.431237 0.212984 1.666683 0.593885 -0.387952 0.634280 -0.307382
0.431131 0.213110 1.666146 0.593816 -0.388996 0.634677 -0.305369
0.430766 0.213717 1.665704 0.594510 -0.388709 0.636600 -0.300339
0.430568 0.214167 1.665306 0.594164 -0.390000 0.638623 -0.295008
0.430460 0.214328 1.664909 0.593858 -0.391198 0.640349 -0.290260
0.430233 0.214283 1.664565 0.593974 -0.391555 0.642282 -0.285226
0.429484 0.213463 1.664747 0.594125 -0.390955 0.646925 -0.275058
0.428803 0.212685 1.665141 0.594231 -0.390242 0.650767 -0.266650
0.428319 0.211720 1.665513 0.593850 -0.390404 0.653857 -0.259610
0.427749 0.210514 1.666153 0.593440 -0.390004 0.657492 -0.251853
0.426273 0.209197 1.667487 0.592831 -0.388259 0.663008 -0.241304
0.424709 0.208731 1.668622 0.592505 -0.386382 0.667159 -0.233548
0.423255 0.208709 1.669567 0.592352 -0.384563 0.670319 -0.227821
0.421505 0.208628 1.670637 0.592535 -0.381640 0.674030 -0.221217
0.418614 0.209082 1.671953 0.593004 -0.376844 0.678876 -0.213223
0.415778 0.210504 1.672958 0.593803 -0.371997 0.682517 -0.207812
0.413231 0.212184 1.673759 0.594619 -0.367597 0.685316 -0.204064
0.410235 0.213247 1.674773 0.595530 -0.362192 0.689191 -0.197932
0.406144 0.214241 1.675985 0.596560 -0.355346 0.694197 -0.189563
0.402380 0.215858 1.676960 0.597613 -0.349023 0.698071 -0.183678
0.399105 0.217541 1.677784 0.598474 -0.343589 0.701114 -0.179485
0.395565 0.218587 1.679041 0.598972 -0.337613 0.705269 -0.172756
0.391423 0.219860 1.680641 0.599326 -0.330765 0.710045 -0.165044
0.387663 0.221599 1.682013 0.599723 -0.324530 0.713801 -0.159685
0.384408 0.223315 1.683179 0.600004 -0.319241 0.716786 -0.155881
0.380421 0.224218 1.684804 0.599841 -0.312839 0.721383 -0.148087
0.375689 0.225631 1.686553 0.599921 -0.304906 0.726446 -0.139295
0.371380 0.227590 1.688036 0.600275 -0.297243 0.730550 -0.132715
0.367645 0.229523 1.689304 0.600465 -0.290773 0.733827 -0.128024
