0.315746 0.349076 1.465791 0.723086 0.046990 0.688731 0.024278
0.311385 0.350555 1.473411 0.718509 0.044447 0.693731 0.022513
0.306924 0.351746 1.481070 0.714409 0.042162 0.698134 0.021258
0.302210 0.352440 1.487946 0.711439 0.040942 0.701240 0.021010
0.297293 0.352658 1.493888 0.709562 0.040785 0.703127 0.021694
0.292937 0.353132 1.501149 0.705967 0.036492 0.707026 0.019863
0.288687 0.353401 1.508836 0.702227 0.031806 0.711010 0.018201
0.284228 0.353164 1.515654 0.699670 0.028532 0.713676 0.017720
0.279598 0.352459 1.521408 0.698280 0.026713 0.715091 0.018342
0.275294 0.351623 1.527608 0.696083 0.022628 0.717378 0.018051
0.271238 0.350604 1.534426 0.693436 0.017285 0.720098 0.017512
0.267082 0.349147 1.540386 0.691578 0.013704 0.721941 0.018270
0.262843 0.347281 1.545181 0.690374 0.012098 0.723062 0.020458
0.258705 0.345210 1.549819 0.689287 0.009771 0.724078 0.022338
0.254833 0.343070 1.555635 0.687646 0.005312 0.725659 0.023112
0.250940 0.340618 1.560785 0.686378 0.002384 0.726810 0.025041
0.246975 0.337882 1.564836 0.685679 0.001323 0.727356 0.028207
0.243032 0.334952 1.568408 0.685115 0.000709 0.727744 0.031705
0.239439 0.331868 1.573365 0.683270 -0.002494 0.729356 0.034294
0.235845 0.328568 1.577778 0.681766 -0.004527 0.730581 0.037752
0.232169 0.325101 1.581186 0.680883 -0.004872 0.731162 0.042160
0.228416 0.321588 1.583847 0.680488 -0.003918 0.731238 0.047035
0.224736 0.318461 1.587731 0.679407 -0.004182 0.732012 0.050474
0.220926 0.316188 1.591484 0.678235 -0.003192 0.732856 0.053947
0.216804 0.314868 1.594606 0.677374 -0.000261 0.733399 0.057361
0.212345 0.314438 1.597147 0.676794 0.004457 0.733662 0.060574
0.207607 0.314648 1.600523 0.676163 0.008216 0.734153 0.061277
0.202718 0.315360 1.603845 0.675280 0.012739 0.734831 0.062114
0.197688 0.316559 1.606642 0.674526 0.018703 0.735298 0.063266
0.193004 0.317954 1.608925 0.673945 0.025584 0.735479 0.064910
0.188866 0.319502 1.612158 0.673548 0.031332 0.735668 0.064384
0.185375 0.320963 1.615955 0.672667 0.036107 0.736279 0.064093
0.182451 0.322111 1.619282 0.671768 0.040086 0.736900 0.064018
0.180030 0.322961 1.622071 0.670953 0.043168 0.737483 0.063855
0.178279 0.323386 1.625244 0.670450 0.046959 0.737688 0.064087
0.177681 0.322857 1.629126 0.669612 0.048579 0.738284 0.064778
0.177598 0.321883 1.632576 0.668698 0.048886 0.738998 0.065837
0.177696 0.320810 1.635476 0.667860 0.048740 0.739666 0.066945
0.178037 0.319782 1.638375 0.667240 0.049669 0.740057 0.068106
0.179494 0.318129 1.641942 0.666291 0.049420 0.740777 0.069732
0.181289 0.316052 1.645099 0.665242 0.047989 0.741603 0.071943
0.182989 0.313997 1.647742 0.664273 0.046365 0.742355 0.074166
0.184483 0.312167 1.650183 0.663542 0.045828 0.742848 0.076086
0.186380 0.310057 1.653479 0.662747 0.045985 0.743392 0.077591
0.188446 0.307668 1.656515 0.661785 0.044825 0.744116 0.079520
0.190328 0.305389 1.659086 0.660868 0.043423 0.744802 0.081465
0.191956 0.303395 1.661301 0.660099 0.042363 0.745367 0.083087
0.194355 0.301397 1.664382 0.659516 0.041141 0.745989 0.082738
0.197214 0.298815 1.667333 0.658658 0.038249 0.746818 0.083487
0.199886 0.296192 1.669828 0.657795 0.035258 0.747578 0.084793
0.202197 0.293807 1.671901 0.656991 0.032582 0.748247 0.086188
0.204825 0.291605 1.674167 0.656819 0.032461 0.748412 0.086107
0.208025 0.288745 1.676188 0.656463 0.030926 0.748663 0.087193
0.211056 0.285772 1.677853 0.656023 0.028957 0.748913 0.089014
0.213699 0.283041 1.679229 0.655568 0.027040 0.749153 0.090935
0.216429 0.280945 1.680976 0.655429 0.026942 0.749322 0.090574
0.219885 0.278544 1.682817 0.655104 0.025754 0.749678 0.090323
0.223200 0.275880 1.684337 0.654658 0.023969 0.750022 0.091189
0.226112 0.273353 1.685582 0.654184 0.022184 0.750336 0.092451
0.228738 0.271321 1.687141 0.653853 0.022286 0.750639 0.092307
0.232065 0.269047 1.689148 0.653245 0.021957 0.751279 0.091477
0.235509 0.266240 1.690821 0.652521 0.020520 0.751864 0.092174
0.238617 0.263434 1.692168 0.651814 0.018856 0.752351 0.093546
0.241339 0.261200 1.693559 0.651272 0.018493 0.752783 0.093922
0.244495 0.259654 1.695641 0.650692 0.018892 0.753570 0.091513
0.248071 0.257465 1.697535 0.649944 0.018033 0.754344 0.090620
0.251698 0.254756 1.699075 0.649213 0.016335 0.754943 0.091192
0.254981 0.252146 1.700366 0.648577 0.014844 0.755427 0.091967
0.258478 0.250301 1.701741 0.648047 0.014206 0.756153 0.089810
0.262320 0.247946 1.702847 0.647471 0.012895 0.756750 0.089126
0.266333 0.244982 1.703699 0.646941 0.010860 0.757137 0.089965
0.270073 0.241850 1.704315 0.646506 0.008525 0.757342 0.091605
0.273804 0.239921 1.704838 0.646030 0.007715 0.757944 0.090036
0.277755 0.237875 1.705090 0.645545 0.006911 0.758440 0.089401
0.281864 0.235226 1.705200 0.645129 0.005516 0.758712 0.090183
0.285830 0.232174 1.705191 0.644811 0.003523 0.758774 0.092026
0.289710 0.230185 1.704906 0.645007 0.002467 0.758844 0.090087
0.293777 0.228368 1.704417 0.645331 0.001907 0.758802 0.088113
0.297885 0.225952 1.703903 0.645611 0.000727 0.758611 0.087729
0.301662 0.223280 1.703373 0.645885 -0.000902 0.758299 0.088398
0.305439 0.221633 1.702597 0.646489 -0.001766 0.758015 0.086385
0.309668 0.220607 1.701415 0.647394 -0.001593 0.757578 0.083393
0.313991 0.218842 1.700245 0.648214 -0.001979 0.757011 0.082156
0.318163 0.216440 1.699154 0.648951 -0.003167 0.756352 0.082368
0.322102 0.214520 1.698054 0.649576 -0.004200 0.755951 0.081067
0.326379 0.213600 1.696465 0.650179 -0.003917 0.755799 0.077592
0.330657 0.212085 1.694762 0.650851 -0.003869 0.755388 0.075947
0.334587 0.210139 1.693148 0.651529 -0.004380 0.754829 0.075646
0.338186 0.208504 1.691720 0.652181 -0.004677 0.754336 0.074924
0.342330 0.208001 1.690612 0.652623 -0.003791 0.754332 0.071081
0.346437 0.206883 1.689600 0.652969 -0.003611 0.754256 0.068677
0.350138 0.205388 1.688636 0.653333 -0.003958 0.754042 0.067542
0.353411 0.203972 1.687744 0.653708 -0.004323 0.753785 0.066739
0.357431 0.203791 1.686778 0.654153 -0.003100 0.753744 0.062806
0.361359 0.203248 1.685707 0.654614 -0.002291 0.753567 0.060105
0.364821 0.202441 1.684652 0.655108 -0.001840 0.753263 0.058518
0.367796 0.201591 1.683689 0.655584 -0.001562 0.752923 0.057566
0.371400 0.201685 1.682915 0.655898 -0.000532 0.752919 0.053951
0.375024 0.201591 1.682203 0.656082 0.000089 0.752973 0.050871
0.378209 0.201219 1.681494 0.656315 0.000413 0.752903 0.048851
0.380944 0.200760 1.680831 0.656570 0.000621 0.752769 0.047494
0.384230 0.200919 1.679995 0.656959 0.001411 0.752584 0.044939
0.387985 0.200923 1.678749 0.657509 0.002222 0.752218 0.042971
0.391363 0.200520 1.677414 0.658174 0.002739 0.751683 0.042105
0.394288 0.199977 1.676172 0.658828 0.003097 0.751126 0.041780
0.397233 0.199983 1.675179 0.659413 0.003368 0.750707 0.040017
0.400317 0.200697 1.674660 0.659595 0.003643 0.750715 0.036722
0.402940 0.201327 1.674279 0.659680 0.003867 0.750767 0.034011
0.405246 0.201746 1.673992 0.659652 0.003624 0.750866 0.032328
0.407561 0.202165 1.673679 0.659635 0.002913 0.750952 0.030724
0.410409 0.202754 1.672973 0.659819 0.002127 0.750868 0.028826
0.412959 0.203071 1.672093 0.660167 0.001598 0.750607 0.027679
0.415146 0.203242 1.671226 0.660565 0.001264 0.750283 0.026965
0.417108 0.203417 1.670411 0.660974 0.000658 0.749962 0.025880
0.419620 0.203817 1.669277 0.661479 -0.000980 0.749600 0.023307
0.421950 0.203955 1.667966 0.662105 -0.002204 0.749094 0.021721
0.424001 0.203610 1.666814 0.662588 -0.003732 0.748678 0.021088
0.425853 0.202699 1.665880 0.663035 -0.005483 0.748277 0.020887
0.428101 0.202007 1.665098 0.663352 -0.009044 0.748031 0.018216
0.430202 0.201240 1.664224 0.663771 -0.011756 0.747665 0.016343
0.431920 0.200502 1.663448 0.664168 -0.013767 0.747309 0.014834
0.432376 0.200435 1.663275 0.664300 -0.014288 0.747238 0.011721
0.432451 0.201035 1.663535 0.664212 -0.017538 0.747314 0.005999
0.432563 0.201982 1.663558 0.664223 -0.020702 0.747247 0.000820
0.432678 0.202962 1.663533 0.664191 -0.023358 0.747190 -0.003515
0.432770 0.203889 1.663508 0.664127 -0.025542 0.747148 -0.007219
0.432830 0.204665 1.663919 0.663752 -0.029768 0.747248 -0.012930
0.432905 0.205431 1.664183 0.663578 -0.034822 0.747045 -0.019386
0.432980 0.206094 1.664268 0.663461 -0.039182 0.746768 -0.024915
0.433032 0.206647 1.664326 0.663324 -0.042868 0.746515 -0.029648
0.433017 0.207062 1.664674 0.662940 -0.047601 0.746333 -0.035108
0.432970 0.207271 1.665112 0.662634 -0.053971 0.745849 -0.041380
0.432979 0.207264 1.665417 0.662322 -0.060488 0.745261 -0.047508
0.432999 0.207131 1.665641 0.661951 -0.066942 0.744626 -0.053589
0.432970 0.206979 1.665820 0.661565 -0.073166 0.743956 -0.059215
0.432846 0.206842 1.666122 0.661150 -0.080891 0.743093 -0.064423
0.432810 0.206477 1.666302 0.660676 -0.088706 0.742178 -0.069348
0.432786 0.205999 1.666417 0.660104 -0.096354 0.741229 -0.074551
0.432738 0.205526 1.666492 0.659472 -0.103780 0.740225 -0.079960
0.432560 0.205213 1.666708 0.658967 -0.111770 0.738998 -0.084566
0.432469 0.204774 1.666839 0.658391 -0.119780 0.737741 -0.088949
0.432407 0.204279 1.666905 0.657688 -0.127555 0.736470 -0.093740
0.432349 0.203793 1.666931 0.656863 -0.135086 0.735184 -0.098932
0.432127 0.203568 1.667343 0.656366 -0.143339 0.733433 -0.103508
0.431995 0.203286 1.667752 0.655926 -0.151609 0.731575 -0.107582
0.431914 0.202933 1.668049 0.655293 -0.159616 0.729747 -0.112174
0.431846 0.202581 1.668279 0.654450 -0.167340 0.727971 -0.117259
0.431665 0.202445 1.668715 0.653677 -0.175522 0.725924 -0.122200
0.431525 0.202308 1.669183 0.652964 -0.183866 0.723768 -0.126451
0.431444 0.202126 1.669588 0.651999 -0.191911 0.721700 -0.131211
0.431384 0.201891 1.669905 0.650854 -0.199656 0.719673 -0.136372
0.431269 0.201866 1.670374 0.649682 -0.207986 0.717295 -0.141930
0.431190 0.201931 1.670948 0.648743 -0.216819 0.714573 -0.146651
0.431168 0.201888 1.671409 0.647616 -0.225234 0.711942 -0.151661
0.431141 0.201808 1.671798 0.646282 -0.233243 0.709387 -0.157117
0.431078 0.201822 1.672233 0.644781 -0.241413 0.706676 -0.163054
0.431002 0.201991 1.672859 0.643367 -0.250186 0.703603 -0.168609
0.430990 0.202043 1.673387 0.641792 -0.258555 0.700645 -0.174204
0.430984 0.202067 1.673886 0.639965 -0.266549 0.697812 -0.180158
0.430967 0.202094 1.674339 0.637933 -0.274550 0.694898 -0.186492
0.430905 0.202275 1.674940 0.635880 -0.283948 0.691183 -0.193121
0.430909 0.202271 1.675481 0.633816 -0.293119 0.687438 -0.199471
0.430922 0.202201 1.675966 0.631565 -0.301764 0.683864 -0.205899
0.430930 0.202128 1.676368 0.629214 -0.309934 0.680353 -0.212484
0.430857 0.202081 1.676922 0.626534 -0.319258 0.676076 -0.220117
0.430794 0.201881 1.677391 0.623919 -0.328084 0.671915 -0.227192
0.430747 0.201630 1.677805 0.621222 -0.336340 0.667936 -0.234138
0.430714 0.201364 1.678124 0.618523 -0.343985 0.664194 -0.240728
0.430686 0.201190 1.678510 0.615403 -0.352728 0.659669 -0.248391
0.430673 0.201059 1.678821 0.612329 -0.361145 0.655260 -0.255461
0.430667 0.200960 1.679090 0.609494 -0.368378 0.651506 -0.261449
0.430664 0.200884 1.679372 0.606957 -0.374505 0.648284 -0.266602
0.430604 0.200832 1.679780 0.604602 -0.380506 0.644931 -0.271544
0.430527 0.200681 1.680253 0.602535 -0.386179 0.641769 -0.275589
0.430483 0.200467 1.680720 0.600660 -0.391057 0.639079 -0.279033
0.430455 0.200252 1.681167 0.599006 -0.395194 0.636773 -0.282017
0.430363 0.200078 1.681550 0.597285 -0.399119 0.634666 -0.284877
0.430151 0.199985 1.681813 0.595539 -0.402897 0.632774 -0.287410
0.429982 0.199879 1.682013 0.593914 -0.406327 0.631043 -0.289742
0.429925 0.199521 1.682241 0.592081 -0.409687 0.629818 -0.291420
0.429815 0.199284 1.682445 0.590939 -0.411927 0.629180 -0.291959
0.429695 0.198684 1.682840 0.588940 -0.414543 0.630394 -0.289667
0.429691 0.197823 1.683275 0.586590 -0.417449 0.631729 -0.287343
0.429724 0.196926 1.683635 0.584532 -0.420017 0.632868 -0.285282
0.429723 0.195999 1.683936 0.582830 -0.422002 0.634229 -0.282802
0.429034 0.194866 1.684108 0.581876 -0.421968 0.637958 -0.276356
0.428314 0.194012 1.683993 0.580891 -0.422156 0.641217 -0.270537
0.427676 0.193333 1.683788 0.580072 -0.422343 0.643846 -0.265716
0.427103 0.192821 1.683590 0.579457 -0.422432 0.645908 -0.261886
0.425279 0.192084 1.683423 0.579296 -0.420746 0.650565 -0.253287
0.423006 0.192435 1.682984 0.579686 -0.418529 0.654414 -0.246052
0.420853 0.193364 1.682481 0.580447 -0.416111 0.657259 -0.240713
0.418927 0.194458 1.682047 0.581240 -0.413848 0.659415 -0.236776
0.416117 0.195196 1.681567 0.581729 -0.410618 0.663734 -0.229000
0.412281 0.197450 1.680590 0.583047 -0.406112 0.667794 -0.221766
0.408390 0.200947 1.679587 0.585130 -0.400931 0.670565 -0.217302
0.404815 0.204671 1.678736 0.587263 -0.395930 0.672531 -0.214623
0.400931 0.207300 1.678191 0.589535 -0.389586 0.676163 -0.208507
0.396322 0.209272 1.677578 0.591468 -0.382895 0.680809 -0.200143
0.391723 0.211970 1.676978 0.593480 -0.376594 0.684286 -0.194192
