0.371880 -0.404144 1.905154 -0.452023 0.770717 -0.214421 -0.394583
0.371105 -0.402339 1.905140 -0.455430 0.769261 -0.215952 -0.392664
0.368672 -0.399713 1.905227 -0.459444 0.766951 -0.218216 -0.391255
0.367032 -0.396787 1.905826 -0.463199 0.764771 -0.221353 -0.389327
0.365863 -0.394039 1.906488 -0.466425 0.762838 -0.224393 -0.387522
0.364665 -0.391592 1.906963 -0.469380 0.761017 -0.226738 -0.386168
0.361521 -0.388764 1.906949 -0.473384 0.758657 -0.227926 -0.385221
0.359049 -0.385598 1.907184 -0.477235 0.756707 -0.229576 -0.383324
0.357244 -0.382560 1.907582 -0.480629 0.754920 -0.231538 -0.381420
0.355626 -0.379875 1.907952 -0.483350 0.753356 -0.233319 -0.379986
0.351185 -0.377166 1.908514 -0.484362 0.751725 -0.235582 -0.380530
0.347091 -0.374297 1.908817 -0.485669 0.750646 -0.237714 -0.379671
0.343939 -0.371100 1.908982 -0.487489 0.749644 -0.239599 -0.378129
0.341689 -0.367554 1.909121 -0.489723 0.748409 -0.241531 -0.376455
0.337067 -0.364191 1.909898 -0.489891 0.746736 -0.243897 -0.378028
0.332112 -0.360986 1.910604 -0.489851 0.745757 -0.246044 -0.378623
0.327610 -0.357709 1.911627 -0.490030 0.745211 -0.248192 -0.378063
0.324055 -0.354189 1.912653 -0.490915 0.744696 -0.250518 -0.376392
0.318547 -0.350531 1.913480 -0.488874 0.744896 -0.252333 -0.377438
0.312988 -0.346898 1.913866 -0.487084 0.745090 -0.253731 -0.378432
0.308038 -0.343166 1.914612 -0.485916 0.745234 -0.255351 -0.378562
0.304007 -0.339237 1.915625 -0.485636 0.745219 -0.257530 -0.377471
0.298186 -0.334908 1.916252 -0.483495 0.745711 -0.258668 -0.378467
0.292422 -0.330387 1.916515 -0.481528 0.745907 -0.259863 -0.379768
0.287491 -0.325752 1.917224 -0.480385 0.745778 -0.261706 -0.380205
0.283625 -0.321002 1.918108 -0.480302 0.745358 -0.264201 -0.379408
0.277877 -0.315921 1.918314 -0.477945 0.746559 -0.264597 -0.379744
0.272166 -0.310687 1.918412 -0.475675 0.747721 -0.265026 -0.380010
0.267768 -0.305409 1.918651 -0.474812 0.748124 -0.266365 -0.379359
0.264535 -0.300102 1.918901 -0.475185 0.747813 -0.268279 -0.378156
0.259513 -0.294250 1.918768 -0.474202 0.748648 -0.267387 -0.378369
0.254737 -0.287920 1.918518 -0.473393 0.749302 -0.266911 -0.378425
0.251331 -0.281553 1.918455 -0.473895 0.748845 -0.267801 -0.378070
0.248954 -0.275276 1.918496 -0.475438 0.747607 -0.269558 -0.377334
0.245276 -0.268619 1.917992 -0.475978 0.747351 -0.268874 -0.377651
0.241604 -0.261392 1.917213 -0.476248 0.746924 -0.268322 -0.378545
0.239147 -0.254170 1.916740 -0.477645 0.745294 -0.269374 -0.379248
0.237511 -0.247153 1.916471 -0.479915 0.742969 -0.271413 -0.379491
0.234779 -0.239881 1.915803 -0.481426 0.741995 -0.271065 -0.379731
0.231736 -0.232218 1.914951 -0.482654 0.741511 -0.270462 -0.379548
0.229600 -0.224747 1.914447 -0.484813 0.739968 -0.271475 -0.379085
0.228093 -0.217597 1.914153 -0.487700 0.737746 -0.273451 -0.378291
0.225941 -0.210252 1.913445 -0.490026 0.736574 -0.273760 -0.377345
0.223620 -0.202280 1.912452 -0.491949 0.735625 -0.273892 -0.376596
0.222075 -0.194429 1.911855 -0.494675 0.733424 -0.275678 -0.376017
0.220993 -0.186911 1.911499 -0.498024 0.730529 -0.278371 -0.375245
0.219659 -0.179400 1.910550 -0.502241 0.728027 -0.279202 -0.373868
0.218140 -0.171556 1.908896 -0.506657 0.725873 -0.278711 -0.372461
0.217077 -0.163962 1.907641 -0.511280 0.722796 -0.279635 -0.371435
0.216269 -0.156735 1.906700 -0.516102 0.719213 -0.281459 -0.370340
0.215216 -0.149440 1.905666 -0.521227 0.715901 -0.282023 -0.369149
0.214075 -0.141343 1.904530 -0.526349 0.712655 -0.281969 -0.368201
0.213292 -0.133330 1.903830 -0.531562 0.708456 -0.283676 -0.367504
0.212638 -0.125654 1.903387 -0.536856 0.703826 -0.286311 -0.366662
0.211653 -0.118074 1.902685 -0.542546 0.699684 -0.287919 -0.364951
0.210148 -0.109928 1.901497 -0.548493 0.696512 -0.288397 -0.361737
0.208851 -0.101947 1.900748 -0.554401 0.692459 -0.290423 -0.358879
0.207633 -0.094344 1.900266 -0.560252 0.687922 -0.293238 -0.356221
0.206372 -0.086857 1.899681 -0.566467 0.683344 -0.295349 -0.353446
0.205223 -0.078545 1.898748 -0.573142 0.678739 -0.296388 -0.350679
0.204173 -0.070357 1.898165 -0.579485 0.673338 -0.298863 -0.348559
0.203059 -0.062557 1.897790 -0.585605 0.667629 -0.302018 -0.346589
0.201913 -0.054936 1.897264 -0.592243 0.661825 -0.304740 -0.344048
0.201043 -0.046308 1.896164 -0.600075 0.655811 -0.306701 -0.340231
0.200084 -0.037743 1.895453 -0.607266 0.649105 -0.310058 -0.337276
0.198912 -0.029586 1.894970 -0.613997 0.642223 -0.313948 -0.334655
0.197508 -0.021731 1.894533 -0.620731 0.635366 -0.317432 -0.332024
0.196102 -0.012881 1.894046 -0.192753 0.193399 -0.098180 -0.101201
0.194533 -0.004112 1.893887 0.635345 -0.620534 0.323887 0.326147
0.192709 0.004202 1.893860 0.641904 -0.612827 0.328195 0.323559
0.190695 0.012146 1.893782 0.648401 -0.605258 0.332131 0.320825
0.189060 0.021389 1.893279 0.656164 -0.597327 0.334586 0.317332
0.187207 0.030511 1.893030 0.663195 -0.588921 0.338278 0.314501
0.185019 0.039100 1.892892 0.669670 -0.580558 0.342371 0.311894
0.182609 0.047202 1.892725 0.675955 -0.572370 0.346304 0.309115
0.180975 0.056809 1.891882 0.683957 -0.563488 0.349015 0.304752
0.179013 0.066256 1.891264 0.691076 -0.554226 0.352771 0.301330
0.176659 0.075039 1.890849 0.697388 -0.545217 0.356940 0.298298
0.174304 0.082918 1.890681 0.702836 -0.536909 0.361170 0.295475
0.173268 0.092109 1.890445 0.709887 -0.527132 0.364192 0.292498
0.172366 0.100664 1.890397 0.715523 -0.517974 0.367864 0.290528
0.171429 0.108034 1.890330 0.719981 -0.510045 0.371304 0.289160
0.170532 0.114241 1.890227 0.723552 -0.503366 0.374240 0.288166
0.170711 0.121773 1.890246 0.727373 -0.496592 0.376988 0.286713
0.171033 0.129007 1.890325 0.730272 -0.489960 0.380449 0.286184
0.171214 0.135285 1.890298 0.732481 -0.484154 0.383666 0.286122
0.171301 0.140601 1.890207 0.734227 -0.479221 0.386424 0.286241
0.172566 0.147042 1.889479 0.736999 -0.474659 0.387584 0.285150
0.174143 0.152987 1.888590 0.739159 -0.470453 0.388607 0.285139
0.175553 0.157929 1.887659 0.740748 -0.466938 0.389401 0.285705
0.176768 0.162010 1.886783 0.741991 -0.464016 0.389985 0.286442
0.178971 0.167347 1.886080 0.744201 -0.460631 0.390201 0.285880
0.181445 0.172498 1.885530 0.746133 -0.457214 0.390679 0.285674
0.183590 0.176741 1.884949 0.747619 -0.454382 0.390988 0.285888
0.185407 0.180233 1.884400 0.748808 -0.452034 0.391164 0.286256
0.187817 0.184740 1.884073 0.749521 -0.451244 0.391327 0.285411
0.190707 0.189239 1.883752 0.749868 -0.450456 0.391744 0.285174
0.193328 0.192864 1.883275 0.749975 -0.449843 0.391926 0.285613
0.195609 0.195800 1.882776 0.750005 -0.449336 0.391961 0.286279
0.198496 0.199691 1.882204 0.750311 -0.449364 0.391362 0.286252
0.201992 0.203818 1.881555 0.750541 -0.449159 0.390676 0.286909
0.205181 0.207095 1.880782 0.750542 -0.449044 0.389920 0.288111
0.207962 0.209719 1.880025 0.750488 -0.448956 0.389165 0.289408
0.211234 0.213091 1.879326 0.751039 -0.449197 0.387739 0.289519
0.215292 0.216834 1.878777 0.751728 -0.449385 0.386015 0.289742
0.219010 0.219984 1.878230 0.752141 -0.449472 0.384520 0.290522
0.222217 0.222529 1.877697 0.752406 -0.449507 0.383261 0.291444
0.225794 0.225621 1.877146 0.753663 -0.448719 0.381540 0.291667
0.230185 0.229090 1.876645 0.755176 -0.447542 0.379591 0.292107
0.234194 0.232266 1.876177 0.756261 -0.446411 0.377979 0.293120
0.237607 0.235000 1.875723 0.757062 -0.445297 0.376839 0.294211
0.241293 0.238076 1.875398 0.758247 -0.443955 0.375864 0.294435
0.245989 0.241221 1.875370 0.759595 -0.442714 0.374624 0.294409
0.250338 0.243956 1.875413 0.760625 -0.441772 0.373257 0.294902
0.254062 0.246430 1.875488 0.761450 -0.440762 0.372305 0.295486
0.257621 0.248937 1.875704 0.762093 -0.440113 0.371452 0.295871
0.262109 0.251271 1.876090 0.762366 -0.440124 0.370258 0.296644
0.266428 0.253222 1.876360 0.762400 -0.440308 0.368872 0.298009
0.270205 0.255038 1.876569 0.762362 -0.440245 0.367885 0.299413
0.273792 0.256977 1.876877 0.762424 -0.440180 0.367161 0.300240
0.278321 0.258906 1.877650 0.762516 -0.440434 0.366439 0.300516
0.282639 0.260392 1.878419 0.762463 -0.440879 0.365461 0.301187
0.286403 0.261583 1.879096 0.762355 -0.441223 0.364684 0.301901
0.289930 0.262896 1.879762 0.762365 -0.441443 0.364093 0.302267
0.294399 0.264597 1.880615 0.762429 -0.441459 0.363806 0.302425
0.298632 0.266073 1.881316 0.762299 -0.441509 0.363387 0.303184
0.302289 0.267484 1.881875 0.762125 -0.441319 0.363243 0.304067
0.305534 0.268965 1.882381 0.761904 -0.441356 0.363119 0.304715
0.309804 0.270423 1.883341 0.761511 -0.442259 0.362667 0.304928
0.314429 0.271032 1.884386 0.760775 -0.443606 0.361950 0.305658
0.318752 0.271052 1.885239 0.759951 -0.445111 0.360991 0.306654
0.322689 0.270901 1.886047 0.759017 -0.446818 0.360050 0.307588
0.327343 0.271093 1.887649 0.757744 -0.448682 0.360017 0.308054
0.332196 0.270818 1.889403 0.756326 -0.450551 0.360082 0.308734
0.336687 0.270323 1.890939 0.754975 -0.452268 0.359991 0.309634
0.340616 0.269751 1.892344 0.753503 -0.454102 0.359964 0.310562
0.344928 0.269313 1.894940 0.751102 -0.456560 0.361261 0.311272
0.349436 0.268405 1.897768 0.748817 -0.458932 0.362500 0.311847
0.353638 0.267239 1.900315 0.746759 -0.461161 0.363349 0.312505
0.357300 0.265982 1.902535 0.744634 -0.463663 0.363999 0.313116
0.361297 0.264985 1.905128 0.740720 -0.468157 0.365628 0.313814
0.365513 0.263722 1.907490 0.737147 -0.472015 0.366954 0.314899
0.369358 0.262677 1.909476 0.734120 -0.475063 0.367995 0.316169
0.372636 0.261870 1.911129 0.731458 -0.477579 0.369091 0.317266
0.376440 0.261356 1.913597 0.727380 -0.481408 0.372099 0.317344
0.380500 0.260331 1.916121 0.723679 -0.484749 0.374692 0.317667
0.384209 0.259085 1.918309 0.720495 -0.487673 0.376591 0.318184
0.387416 0.257781 1.920162 0.717759 -0.490247 0.378016 0.318723
0.390952 0.256765 1.922859 0.713195 -0.493901 0.381204 0.319528
0.394524 0.255547 1.925445 0.709173 -0.496922 0.383918 0.320546
0.397662 0.254437 1.927673 0.705844 -0.499318 0.386139 0.321500
0.400297 0.253461 1.929537 0.703123 -0.501210 0.387979 0.322302
0.403672 0.253338 1.931251 0.700434 -0.503162 0.390720 0.321804
0.407121 0.252935 1.932606 0.697996 -0.504711 0.393098 0.321781
0.410193 0.252278 1.933595 0.695855 -0.506128 0.394803 0.322106
0.412846 0.251569 1.934350 0.694039 -0.507334 0.396079 0.322558
0.415962 0.251710 1.934965 0.692439 -0.508203 0.397481 0.322902
0.419188 0.251675 1.935262 0.690898 -0.508753 0.398811 0.323698
0.422081 0.251404 1.935298 0.689492 -0.509288 0.399718 0.324734
0.424587 0.251066 1.935222 0.688285 -0.509729 0.400383 0.325782
0.427511 0.251264 1.934694 0.688759 -0.508950 0.400267 0.326143
0.430612 0.251109 1.933833 0.689154 -0.508256 0.399903 0.326833
0.433443 0.250631 1.932888 0.689222 -0.507926 0.399352 0.327875
0.435931 0.250037 1.931998 0.689135 -0.507779 0.398776 0.328985
0.438642 0.249887 1.930865 0.690818 -0.506469 0.397601 0.328896
0.441185 0.249287 1.929901 0.692277 -0.505796 0.396053 0.328731
0.443504 0.248342 1.929225 0.693401 -0.505502 0.394545 0.328628
0.445475 0.247403 1.928795 0.694152 -0.505326 0.393441 0.328637
0.447321 0.246763 1.928068 0.696772 -0.503820 0.391341 0.327911
0.448799 0.246294 1.927452 0.699620 -0.502322 0.389170 0.326728
0.449789 0.246285 1.927072 0.702025 -0.500892 0.387767 0.325431
0.450453 0.246435 1.926820 0.703988 -0.499663 0.386706 0.324341
0.451409 0.247440 1.925174 0.709859 -0.495494 0.384322 0.320752
0.451906 0.248088 1.923454 0.716059 -0.490541 0.381165 0.318344
0.452315 0.248382 1.922167 0.720696 -0.486739 0.378710 0.316641
0.452639 0.248510 1.921146 0.724182 -0.483891 0.376792 0.315339
0.452859 0.249045 1.919117 0.730878 -0.478631 0.373114 0.312274
0.452468 0.249385 1.916670 0.738883 -0.472220 0.368106 0.309127
0.452020 0.249644 1.914502 0.745310 -0.467161 0.364192 0.306004
0.451436 0.249482 1.912695 0.750218 -0.463626 0.360770 0.303429
0.450789 0.249535 1.910624 0.756547 -0.458570 0.356492 0.300438
0.449436 0.250246 1.907676 0.765605 -0.450405 0.349696 0.297821
0.448201 0.251205 1.904884 0.774006 -0.442480 0.344003 0.294595
0.446965 0.251713 1.902571 0.780679 -0.436502 0.339287 0.291360
0.445541 0.252334 1.900295 0.787327 -0.430234 0.334893 0.287854
0.443436 0.253563 1.897258 0.795752 -0.421472 0.328764 0.284699
0.441575 0.255169 1.894279 0.804183 -0.411916 0.323491 0.281011
0.439852 0.256182 1.891762 0.811540 -0.403630 0.318643 0.277403
0.437967 0.257192 1.889297 0.818113 -0.396297 0.314374 0.273512
0.435527 0.258720 1.886102 0.825889 -0.387239 0.308902 0.269320
0.433318 0.260364 1.882878 0.833743 -0.377242 0.303609 0.265297
0.431186 0.261617 1.880032 0.840446 -0.368153 0.299042 0.262080
0.428981 0.262635 1.877409 0.846230 -0.360324 0.295122 0.258774
0.426063 0.264253 1.874143 0.853369 -0.350524 0.289805 0.254768
0.423096 0.266015 1.870814 0.860118 -0.340464 0.284568 0.251599
0.420365 0.267161 1.868054 0.865267 -0.332571 0.280624 0.248918
0.417729 0.268052 1.865620 0.869723 -0.325734 0.277431 0.245990
0.414064 0.269288 1.862596 0.875306 -0.316639 0.272457 0.243611
0.410554 0.270149 1.859921 0.879561 -0.309442 0.268569 0.241845
0.407418 0.270485 1.857675 0.882793 -0.304156 0.265574 0.240076
0.404467 0.270657 1.855679 0.885695 -0.299400 0.263045 0.238140
0.400616 0.270933 1.853346 0.889327 -0.292875 0.259192 0.236942
0.397055 0.270956 1.851139 0.892086 -0.288036 0.256054 0.235911
0.393826 0.270777 1.849190 0.894158 -0.284508 0.253765 0.234818
0.390858 0.270356 1.847497 0.895899 -0.281722 0.251939 0.233505
0.387256 0.269986 1.845480 0.898060 -0.277738 0.249406 0.232697
0.383857 0.269600 1.843280 0.899694 -0.274866 0.247149 0.232200
0.380817 0.268968 1.841278 0.900906 -0.273032 0.245351 0.231572
0.378074 0.268112 1.839569 0.901878 -0.271842 0.243970 0.230646
0.374480 0.267080 1.838010 0.903241 -0.269152 0.242103 0.230432
0.370832 0.266123 1.836308 0.904430 -0.266943 0.239939 0.230600
0.367521 0.265015 1.834790 0.905389 -0.265634 0.238087 0.230271
0.364511 0.263806 1.833549 0.906180 -0.264982 0.236679 0.229358
0.360996 0.262502 1.832363 0.907130 -0.263818 0.235126 0.228540
0.357779 0.261151 1.831826 0.908430 -0.262305 0.232778 0.227521
0.354781 0.259691 1.832718 0.910138 -0.260754 0.230546 0.224734
0.351889 0.257729 1.834341 0.911827 -0.260345 0.228447 0.220462
0.348087 0.254713 1.836138 0.912336 -0.261232 0.226469 0.219347
0.344392 0.251942 1.837766 0.912757 -0.262116 0.224933 0.218116
0.341097 0.249245 1.839242 0.913157 -0.263233 0.223779 0.216279
0.338277 0.246445 1.840469 0.913502 -0.264782 0.222729 0.213999
0.334886 0.242837 1.841461 0.912475 -0.268665 0.221786 0.214520
0.331633 0.239467 1.842355 0.911499 -0.272111 0.221077 0.215056
0.328787 0.236192 1.843249 0.910777 -0.275238 0.220584 0.214644
0.326305 0.233034 1.844070 0.910278 -0.278013 0.220264 0.213508
0.322985 0.229660 1.844796 0.909302 -0.281228 0.219530 0.214211
0.319484 0.226334 1.845652 0.908444 -0.283952 0.218816 0.214991
0.316363 0.223032 1.846580 0.907809 -0.286482 0.218365 0.214771
0.313666 0.219561 1.847535 0.907277 -0.289138 0.218109 0.213717
0.310734 0.215856 1.848286 0.906798 -0.291574 0.217371 0.213192
0.307757 0.212189 1.849099 0.906386 -0.293539 0.216808 0.212821
0.305141 0.208462 1.849915 0.906040 -0.295685 0.216442 0.211693
0.302899 0.204549 1.850714 0.905679 -0.298128 0.216233 0.210020
0.300541 0.200306 1.851636 0.905725 -0.299118 0.215878 0.208778
0.297808 0.196375 1.852506 0.906107 -0.299317 0.215308 0.207417
0.295166 0.192645 1.853181 0.906582 -0.299748 0.214492 0.205558
0.292785 0.188729 1.853943 0.906895 -0.300725 0.213954 0.203297
0.290888 0.184812 1.854811 0.907957 -0.299372 0.214239 0.200229
0.288933 0.180934 1.855669 0.909411 -0.297135 0.214295 0.196876
0.287013 0.176999 1.856140 0.910688 -0.296253 0.213558 0.193064
0.285318 0.172759 1.856550 0.911559 -0.296493 0.212910 0.189265
0.284137 0.168559 1.857236 0.913486 -0.293382 0.213204 0.184432
0.282651 0.164502 1.858089 0.916178 -0.288527 0.213167 0.178688
0.281082 0.160171 1.858861 0.918191 -0.285633 0.213118 0.172978
0.279550 0.155681 1.859295 0.919728 -0.284412 0.212612 0.167353
0.278607 0.151767 1.859542 0.922715 -0.279202 0.212561 0.159561
0.277333 0.148224 1.860173 0.927234 -0.268816 0.212508 0.151046
0.275752 0.144371 1.860626 0.930876 -0.260932 0.211932 0.143073
0.274230 0.140094 1.860919 0.933522 -0.255542 0.211487 0.136045
0.273323 0.136182 1.860852 0.936556 -0.248964 0.211388 0.127255
0.272511 0.132994 1.860890 0.941021 -0.237080 0.211631 0.116120
0.271758 0.129790 1.860969 0.945079 -0.225111 0.212423 0.105008
0.271011 0.126272 1.861000 0.948377 -0.214670 0.213421 0.094600
0.270237 0.122589 1.860891 0.951135 -0.205425 0.214460 0.084554
0.269458 0.119532 1.860578 0.954330 -0.193203 0.215686 0.073527
0.268859 0.116659 1.860190 0.957212 -0.180588 0.217294 0.062583
0.268636 0.114475 1.859645 0.959788 -0.167392 0.219437 0.051329
0.268755 0.112935 1.859110 0.961965 -0.153901 0.221945 0.040955
0.268891 0.112308 1.858742 0.963957 -0.139227 0.224670 0.030429
0.269175 0.112506 1.858337 0.965675 -0.123792 0.227477 0.019999
0.269433 0.113536 1.858068 0.967047 -0.107582 0.230563 0.009301
0.269462 0.114986 1.857984 0.968047 -0.091300 0.233556 -0.000209
0.269688 0.116828 1.857962 0.968708 -0.074223 0.236619 -0.010313
0.269857 0.118752 1.858003 0.968953 -0.057037 0.239747 -0.019912
0.269779 0.120398 1.858088 0.968860 -0.040898 0.242613 -0.027869
0.269478 0.121910 1.858250 0.968482 -0.025519 0.245257 -0.035199
0.269257 0.124177 1.858603 0.967545 -0.008302 0.248504 -0.045084
0.268874 0.126157 1.858965 0.966360 0.008056 0.251548 -0.052979
0.268312 0.127749 1.859312 0.965033 0.023080 0.254261 -0.059418
0.267064 0.129608 1.859768 0.963436 0.037383 0.256958 -0.066065
0.265453 0.132460 1.860542 0.960938 0.054000 0.260423 -0.076553
0.263309 0.134691 1.861372 0.958271 0.069269 0.263857 -0.085422
0.261045 0.135953 1.862038 0.955856 0.081640 0.266591 -0.092752
0.258795 0.136492 1.862557 0.953688 0.091241 0.268678 -0.099830
0.256671 0.137273 1.863143 0.950878 0.101439 0.271139 -0.109652
0.254597 0.136865 1.863504 0.948378 0.109060 0.273380 -0.118105
0.252708 0.135116 1.863674 0.946385 0.113519 0.275184 -0.125463
0.250964 0.132248 1.863785 0.944730 0.115556 0.276981 -0.131958
0.249429 0.129563 1.864038 0.942083 0.119591 0.280459 -0.139715
0.248142 0.125631 1.863738 0.940025 0.121639 0.283316 -0.145907
0.247297 0.120639 1.862915 0.938543 0.121457 0.285638 -0.150983
0.246931 0.115377 1.861685 0.937536 0.119568 0.287314 -0.155502
