-0.082633 0.156813 1.520398 0.462753 -0.522563 0.509950 0.502731
-0.083009 0.156843 1.520299 0.462458 -0.522989 0.510026 0.502483
-0.083309 0.156839 1.519942 0.462226 -0.523116 0.509822 0.502770
-0.083497 0.156781 1.519567 0.461831 -0.523224 0.509659 0.503186
-0.083624 0.156715 1.519255 0.461440 -0.523329 0.509522 0.503574
-0.083754 0.156671 1.519049 0.460946 -0.523448 0.509556 0.503868
-0.083963 0.156707 1.518995 0.460316 -0.523407 0.510046 0.503990
-0.084160 0.156767 1.518930 0.459909 -0.523276 0.510517 0.504023
-0.084334 0.156833 1.518865 0.459639 -0.523124 0.510915 0.504022
-0.084562 0.156930 1.518801 0.459213 -0.523121 0.511425 0.503898
-0.084871 0.157165 1.518663 0.458821 -0.523049 0.512195 0.503546
-0.085158 0.157405 1.518520 0.458646 -0.522858 0.512903 0.503184
-0.085409 0.157619 1.518395 0.458566 -0.522652 0.513498 0.502864
-0.085661 0.157708 1.518322 0.458483 -0.522171 0.513922 0.503006
-0.085937 0.157649 1.518223 0.458134 -0.521552 0.514418 0.503459
-0.086172 0.157591 1.518103 0.457829 -0.521019 0.514859 0.503837
-0.086365 0.157545 1.517991 0.457596 -0.520579 0.515226 0.504130
-0.086226 0.157469 1.517853 0.456643 -0.520084 0.516028 0.504684
-0.085743 0.157172 1.517584 0.454908 -0.519894 0.516637 0.505822
-0.085229 0.156805 1.517334 0.453146 -0.519956 0.516913 0.507056
-0.084759 0.156463 1.517124 0.451604 -0.520101 0.517035 0.508158
-0.084554 0.156485 1.516957 0.448129 -0.520322 0.518368 0.509647
-0.084245 0.156544 1.516581 0.445079 -0.520332 0.519518 0.511136
-0.083949 0.156577 1.516219 0.442581 -0.520334 0.520391 0.512414
-0.083672 0.156634 1.515883 0.440330 -0.520344 0.521277 0.513441
-0.082749 0.156829 1.515091 0.436161 -0.520110 0.523759 0.514708
-0.081638 0.156761 1.514174 0.431935 -0.520031 0.525536 0.516538
-0.080620 0.156597 1.513378 0.428231 -0.520111 0.526727 0.518325
-0.079918 0.156492 1.512466 0.424556 -0.520387 0.527520 0.520262
-0.079547 0.156547 1.510371 0.419851 -0.520385 0.528170 0.523413
-0.079110 0.156515 1.508336 0.415708 -0.520074 0.528859 0.526325
-0.078713 0.156472 1.506611 0.412314 -0.519726 0.529427 0.528762
-0.078312 0.156662 1.504716 0.409073 -0.519559 0.529772 0.531093
-0.077303 0.157029 1.502167 0.405589 -0.519359 0.529598 0.534125
-0.076209 0.157146 1.499997 0.402143 -0.519363 0.529174 0.537138
-0.075224 0.157168 1.498225 0.399121 -0.519445 0.528688 0.539786
-0.074375 0.157694 1.495765 0.395151 -0.519953 0.528490 0.542404
-0.072942 0.158405 1.492414 0.391016 -0.519894 0.528249 0.545682
-0.071552 0.158802 1.489552 0.387107 -0.519851 0.527839 0.548899
-0.070347 0.159063 1.487208 0.383761 -0.519812 0.527394 0.551705
-0.069652 0.160045 1.484401 0.378380 -0.520878 0.527415 0.554389
-0.068633 0.161079 1.481456 0.373617 -0.521549 0.527123 0.557260
-0.067650 0.161848 1.479013 0.369531 -0.522047 0.526726 0.559887
-0.066801 0.162484 1.477002 0.366090 -0.522421 0.526389 0.562112
-0.065455 0.163982 1.473762 0.361646 -0.522969 0.526634 0.564244
-0.063620 0.165096 1.470590 0.357635 -0.523176 0.526277 0.566937
-0.061951 0.165848 1.467995 0.353928 -0.523435 0.525664 0.569585
-0.060619 0.166623 1.465807 0.350023 -0.523829 0.525388 0.571888
-0.059060 0.168520 1.462613 0.345020 -0.523853 0.525833 0.574489
-0.057301 0.169991 1.459679 0.340839 -0.523602 0.525849 0.577193
-0.055752 0.171104 1.457267 0.337249 -0.523388 0.525641 0.579680
-0.054532 0.172505 1.454980 0.332996 -0.523340 0.526132 0.581734
-0.052497 0.174988 1.451382 0.328950 -0.522190 0.527392 0.583924
-0.050390 0.176880 1.448192 0.325489 -0.521071 0.527984 0.586323
-0.048560 0.178328 1.445578 0.322476 -0.520187 0.528197 0.588577
-0.047249 0.180060 1.442890 0.318599 -0.519746 0.528064 0.591191
-0.045542 0.182053 1.439431 0.315081 -0.519134 0.526781 0.594748
-0.043814 0.183511 1.436547 0.311803 -0.518671 0.525347 0.598139
-0.042287 0.184633 1.434209 0.308956 -0.518305 0.523989 0.601117
-0.040901 0.186290 1.431691 0.304871 -0.518045 0.523547 0.603806
-0.038964 0.187941 1.428837 0.301384 -0.517410 0.522842 0.606705
-0.037159 0.189152 1.426492 0.298230 -0.516932 0.521909 0.609467
-0.035601 0.190098 1.424589 0.295573 -0.516539 0.520987 0.611879
-0.034039 0.191487 1.422119 0.291876 -0.516270 0.520182 0.614561
-0.032011 0.192513 1.419560 0.288587 -0.515908 0.518770 0.617604
-0.030148 0.193189 1.417495 0.285472 -0.515711 0.517243 0.620490
-0.028557 0.193725 1.415823 0.282696 -0.515565 0.515859 0.623030
-0.027007 0.194698 1.413758 0.278872 -0.515508 0.513978 0.626345
-0.025176 0.195303 1.411911 0.275387 -0.515571 0.511752 0.629649
-0.023495 0.195687 1.410450 0.272217 -0.515715 0.509647 0.632610
-0.022014 0.196075 1.409218 0.269309 -0.515741 0.508002 0.635152
-0.020037 0.196761 1.407521 0.266547 -0.514928 0.507192 0.637620
-0.018131 0.197160 1.406004 0.264096 -0.514211 0.506163 0.640030
-0.016498 0.197422 1.404768 0.261952 -0.513662 0.505138 0.642159
-0.014978 0.197699 1.403588 0.260138 -0.513113 0.504096 0.644151
-0.012854 0.197823 1.402132 0.258513 -0.512616 0.502227 0.646655
-0.010787 0.197691 1.401011 0.256493 -0.512478 0.500155 0.649170
-0.008973 0.197489 1.400152 0.254523 -0.512493 0.498223 0.651416
-0.007147 0.197433 1.399317 0.252186 -0.512225 0.497259 0.653270
-0.004978 0.197207 1.398260 0.249470 -0.511614 0.496564 0.655317
-0.003051 0.196822 1.397378 0.246782 -0.511206 0.495581 0.657394
-0.001423 0.196443 1.396667 0.244449 -0.510920 0.494594 0.659228
0.000754 0.196269 1.395707 0.243010 -0.510349 0.494256 0.660455
0.003458 0.196010 1.394737 0.241884 -0.509909 0.493510 0.661764
0.005863 0.195650 1.394053 0.240466 -0.509797 0.492450 0.663156
0.007899 0.195289 1.393541 0.239086 -0.509814 0.491389 0.664428
0.010524 0.194847 1.392750 0.238411 -0.508995 0.491305 0.665360
0.013056 0.194171 1.391935 0.237402 -0.508157 0.490887 0.666668
0.015173 0.193487 1.391285 0.236207 -0.507579 0.490236 0.668011
0.016992 0.192876 1.390731 0.235131 -0.507154 0.489754 0.669066
0.019792 0.192233 1.389780 0.235122 -0.506580 0.490712 0.668802
0.022379 0.191543 1.389052 0.234794 -0.506274 0.490971 0.668959
0.024545 0.190895 1.388531 0.234215 -0.506170 0.490896 0.669295
0.026681 0.190240 1.387984 0.233998 -0.505973 0.491148 0.669335
0.030163 0.188880 1.386766 0.234681 -0.504911 0.492332 0.669029
0.033204 0.187293 1.385773 0.234091 -0.504196 0.492485 0.669661
0.035722 0.185817 1.385032 0.233064 -0.503779 0.492188 0.670551
0.038386 0.184458 1.384361 0.232421 -0.503294 0.492724 0.670746
0.041899 0.182900 1.383803 0.231890 -0.502667 0.494064 0.670413
0.044933 0.181367 1.383506 0.230698 -0.502471 0.494482 0.670663
0.047455 0.179994 1.383338 0.229366 -0.502478 0.494505 0.671097
0.050674 0.178575 1.382782 0.229748 -0.501962 0.495318 0.670754
0.054669 0.176816 1.382006 0.230638 -0.501139 0.496108 0.670480
0.058029 0.175089 1.381514 0.230520 -0.500763 0.496081 0.670821
0.060785 0.173553 1.381186 0.230020 -0.500618 0.495755 0.671341
0.064322 0.172055 1.380547 0.231094 -0.499884 0.495968 0.671362
0.068132 0.170427 1.379996 0.231909 -0.499322 0.495623 0.671753
0.071348 0.168863 1.379703 0.231860 -0.499182 0.494806 0.672477
0.073991 0.167475 1.379529 0.231471 -0.499217 0.493903 0.673248
0.077889 0.165842 1.379135 0.232663 -0.498443 0.495071 0.672552
0.081576 0.164115 1.378942 0.233064 -0.497950 0.495549 0.672427
0.084623 0.162513 1.378906 0.232829 -0.497800 0.495475 0.672675
0.087214 0.161081 1.378909 0.232502 -0.497729 0.495385 0.672906
0.090573 0.159165 1.378946 0.232340 -0.496936 0.496935 0.672405
0.093429 0.157140 1.379085 0.231185 -0.496446 0.497555 0.672706
0.095761 0.155303 1.379263 0.229792 -0.496209 0.497681 0.673265
0.097937 0.153714 1.379473 0.228747 -0.495934 0.498026 0.673569
0.100937 0.152257 1.380040 0.228356 -0.495522 0.499290 0.673069
0.103575 0.150890 1.380735 0.227561 -0.495599 0.499783 0.672915
0.105754 0.149721 1.381398 0.226699 -0.495804 0.500006 0.672890
0.107777 0.148847 1.382001 0.227071 -0.495732 0.500399 0.672525
0.109793 0.147910 1.382827 0.227539 -0.495835 0.500465 0.672241
0.111460 0.146982 1.383698 0.227407 -0.496335 0.500007 0.672259
0.112825 0.146269 1.384363 0.227467 -0.496760 0.499671 0.672173
0.114456 0.145556 1.385159 0.228326 -0.497319 0.499842 0.671341
0.115732 0.144705 1.386136 0.228489 -0.498549 0.498988 0.671008
0.116794 0.143855 1.387187 0.227850 -0.499705 0.498078 0.671042
0.117691 0.143056 1.388110 0.227032 -0.500759 0.497219 0.671171
0.118739 0.141897 1.389329 0.227348 -0.501882 0.495703 0.671346
0.119685 0.140752 1.390967 0.226846 -0.503224 0.494107 0.671688
0.120533 0.139708 1.392489 0.226001 -0.504576 0.492677 0.672009
0.121265 0.138797 1.393806 0.225173 -0.505749 0.491441 0.672310
0.122647 0.137264 1.395990 0.225535 -0.506596 0.491069 0.671823
0.123861 0.135851 1.398502 0.224722 -0.507723 0.490734 0.671489
0.124888 0.134581 1.400745 0.223615 -0.508934 0.490240 0.671303
0.125871 0.133397 1.402741 0.222702 -0.509957 0.489902 0.671076
0.127936 0.132031 1.405519 0.223340 -0.510324 0.491237 0.669608
0.129755 0.130940 1.408298 0.223439 -0.511135 0.492212 0.668240
0.131255 0.130008 1.410730 0.223272 -0.512048 0.492854 0.667122
0.132907 0.129084 1.413073 0.223100 -0.512513 0.494214 0.665815
0.135760 0.127841 1.416515 0.222369 -0.512370 0.497560 0.663674
0.138230 0.126520 1.419855 0.220759 -0.513013 0.499511 0.662248
0.140245 0.125220 1.422791 0.218829 -0.513875 0.500624 0.661378
0.142867 0.123909 1.425668 0.217246 -0.513677 0.503314 0.660011
0.146699 0.122282 1.428850 0.216009 -0.512552 0.507344 0.658204
0.149875 0.120574 1.431703 0.214158 -0.512196 0.509778 0.657205
0.152424 0.118950 1.434148 0.212111 -0.512178 0.511279 0.656717
0.156147 0.117800 1.437145 0.209410 -0.510391 0.516528 0.654864
0.160840 0.116659 1.440661 0.206765 -0.508533 0.522170 0.652671
0.164759 0.115379 1.443787 0.204036 -0.507748 0.525836 0.651196
0.167924 0.114120 1.446411 0.201439 -0.507421 0.528307 0.650260
0.172589 0.113371 1.450323 0.196752 -0.504258 0.537003 0.647024
0.177361 0.112386 1.454453 0.192067 -0.501663 0.544608 0.644086
0.181243 0.111251 1.458015 0.187754 -0.500102 0.549841 0.642123
0.184402 0.110154 1.461004 0.183864 -0.498966 0.553757 0.640766
0.189924 0.110149 1.465019 0.178100 -0.494294 0.564167 0.636922
0.195338 0.109824 1.468881 0.173030 -0.490342 0.572612 0.633830
0.199743 0.109218 1.472139 0.168521 -0.487580 0.578591 0.631742
0.203719 0.108753 1.475022 0.164078 -0.485003 0.584527 0.629426
0.210456 0.108996 1.478966 0.158735 -0.479977 0.595634 0.624215
0.216705 0.108822 1.483142 0.153045 -0.475358 0.604824 0.620322
0.221848 0.108432 1.487130 0.147018 -0.471101 0.612166 0.617821
0.226778 0.108299 1.490692 0.140488 -0.466996 0.620507 0.614123
0.233690 0.108501 1.494043 0.134246 -0.461859 0.631948 0.607705
0.240125 0.108452 1.497468 0.128457 -0.456551 0.641988 0.602421
0.245462 0.108439 1.500933 0.122364 -0.450779 0.650525 0.598867
0.250917 0.109038 1.504350 0.115073 -0.444708 0.660851 0.593522
0.257950 0.109847 1.507785 0.109090 -0.438716 0.672406 0.586086
0.264134 0.110462 1.511312 0.103271 -0.432737 0.682282 0.580143
0.269296 0.111099 1.514792 0.097359 -0.426338 0.690907 0.575677
0.274932 0.112756 1.518052 0.089653 -0.419396 0.702038 0.568517
0.281618 0.114079 1.521034 0.082912 -0.413143 0.713071 0.560328
0.287774 0.114746 1.523951 0.076677 -0.406798 0.722259 0.554055
0.292988 0.115229 1.526864 0.070393 -0.399974 0.730132 0.549520
0.299088 0.117309 1.529759 0.062308 -0.392494 0.741024 0.541248
0.305650 0.119193 1.532669 0.056100 -0.385870 0.750799 0.533157
0.311349 0.120812 1.535601 0.050330 -0.379060 0.759260 0.526598
0.316222 0.122480 1.538456 0.044651 -0.371659 0.767056 0.521058
0.322496 0.125303 1.541080 0.037706 -0.363865 0.777937 0.510876
0.328924 0.127200 1.543639 0.032412 -0.356780 0.787014 0.502260
0.334509 0.128625 1.546212 0.027177 -0.349400 0.794716 0.495588
0.339534 0.130315 1.548700 0.021401 -0.341224 0.802501 0.488979
0.346018 0.133144 1.551017 0.015226 -0.333170 0.812425 0.478259
0.352467 0.135067 1.553388 0.010439 -0.325665 0.820596 0.469526
0.358195 0.136343 1.555725 0.005731 -0.317916 0.827478 0.462793
0.363479 0.138080 1.557852 -0.000205 -0.309282 0.834918 0.455254
0.369496 0.140768 1.559468 -0.006828 -0.300965 0.843022 0.445744
0.375468 0.142826 1.560974 -0.011739 -0.292921 0.849857 0.437953
0.380736 0.144455 1.562462 -0.016118 -0.284565 0.855780 0.431744
0.385989 0.146684 1.563758 -0.021351 -0.275403 0.862863 0.423278
0.392062 0.149249 1.564916 -0.026216 -0.266808 0.869995 0.413805
0.397859 0.151514 1.566074 -0.030193 -0.258385 0.876132 0.405854
0.402848 0.153533 1.567262 -0.033731 -0.249880 0.881469 0.399291
0.407755 0.156117 1.567879 -0.039079 -0.240904 0.888065 0.389588
0.413159 0.158467 1.568181 -0.044254 -0.232158 0.894147 0.380323
0.418440 0.160531 1.568300 -0.048061 -0.224136 0.899224 0.372626
0.422927 0.162200 1.568321 -0.050789 -0.218078 0.903081 0.366480
0.427641 0.164734 1.567505 -0.054752 -0.209380 0.908425 0.357668
0.432820 0.166174 1.566066 -0.057193 -0.201935 0.912611 0.350845
0.438082 0.166767 1.564360 -0.057955 -0.196482 0.915716 0.345689
0.442729 0.167227 1.562756 -0.058222 -0.192200 0.918222 0.341376
0.447686 0.168432 1.560937 -0.059393 -0.185909 0.921538 0.335675
0.452838 0.168703 1.559159 -0.059800 -0.181444 0.923870 0.331611
0.457748 0.168640 1.557493 -0.059773 -0.178256 0.925607 0.328487
0.462106 0.169023 1.555855 -0.059770 -0.175708 0.927131 0.325551
0.466396 0.169117 1.553641 -0.060659 -0.173218 0.928357 0.323218
0.471075 0.168251 1.551411 -0.060395 -0.171847 0.929076 0.321931
0.475697 0.167112 1.549344 -0.059609 -0.171172 0.929570 0.321008
0.479923 0.166495 1.547225 -0.058861 -0.170535 0.930010 0.320209
0.484250 0.165594 1.544580 -0.058036 -0.169453 0.930085 0.320717
0.488927 0.163923 1.542004 -0.056231 -0.169174 0.929942 0.321598
0.493440 0.162180 1.539698 -0.054248 -0.169437 0.929792 0.322235
0.497454 0.160861 1.537283 -0.052803 -0.170197 0.929361 0.323316
0.501423 0.159055 1.534757 -0.051966 -0.171161 0.928421 0.325633
0.505638 0.156747 1.532540 -0.050651 -0.172547 0.927504 0.327718
0.509552 0.154770 1.530687 -0.049378 -0.174091 0.926789 0.329116
0.513229 0.153353 1.528318 -0.048105 -0.175078 0.926063 0.330819
0.517131 0.151263 1.525530 -0.046062 -0.175871 0.925133 0.333281
0.520946 0.149164 1.523015 -0.043389 -0.177135 0.924335 0.335180
0.524299 0.147895 1.520921 -0.040804 -0.178696 0.923839 0.336043
0.527710 0.146782 1.518368 -0.037945 -0.180459 0.923055 0.337587
0.531095 0.145252 1.515883 -0.034971 -0.182203 0.922224 0.339238
0.534240 0.144194 1.514159 -0.032157 -0.184284 0.921506 0.340341
0.536872 0.144232 1.513075 -0.030178 -0.186420 0.921138 0.340355
0.539474 0.144832 1.511853 -0.028577 -0.187317 0.920970 0.340457
0.541948 0.145348 1.510834 -0.026915 -0.188596 0.920872 0.340148
0.544122 0.146364 1.510100 -0.025325 -0.190160 0.920987 0.339090
0.545971 0.147994 1.509457 -0.023815 -0.191774 0.921448 0.337031
0.547888 0.149670 1.508306 -0.021835 -0.192916 0.922295 0.334184
0.549579 0.151019 1.507298 -0.019631 -0.194296 0.922926 0.331772
0.550941 0.152251 1.506624 -0.017778 -0.195656 0.923440 0.329636
0.552269 0.153153 1.505943 -0.015760 -0.196716 0.923891 0.327841
0.553807 0.153833 1.504905 -0.012488 -0.197184 0.924540 0.325864
0.555165 0.154362 1.503745 -0.009082 -0.197492 0.925119 0.324145
0.556208 0.154895 1.502870 -0.006375 -0.197943 0.925536 0.322739
0.557105 0.155586 1.502142 -0.003908 -0.198045 0.926362 0.320338
0.557776 0.156379 1.501521 -0.001809 -0.198010 0.927268 0.317747
0.558288 0.157125 1.500959 0.000045 -0.198074 0.928001 0.315566
0.558709 0.157780 1.500441 0.001724 -0.198150 0.928599 0.313746
0.558894 0.158012 1.499830 0.003434 -0.197941 0.929013 0.312637
0.559033 0.157979 1.498938 0.005344 -0.197582 0.929288 0.312018
0.559263 0.157845 1.498057 0.007412 -0.197291 0.929494 0.311549
0.559383 0.157708 1.497432 0.008827 -0.197118 0.929605 0.311290
0.559184 0.157129 1.497329 0.010314 -0.196206 0.930016 0.310593
0.558787 0.156850 1.497216 0.011011 -0.195023 0.930456 0.309995
0.558395 0.156633 1.496957 0.011637 -0.193952 0.930813 0.309572
0.557971 0.156221 1.496709 0.012394 -0.193110 0.931100 0.309204
0.556737 0.155396 1.496435 0.013551 -0.191552 0.931626 0.308540
0.555407 0.155246 1.495792 0.014952 -0.190046 0.932180 0.307732
0.554162 0.155432 1.495130 0.016413 -0.188860 0.932658 0.306939
0.552731 0.155600 1.494748 0.017497 -0.187388 0.933436 0.305413
0.550273 0.156060 1.494548 0.017756 -0.183908 0.934974 0.302798
0.547907 0.156615 1.494060 0.018395 -0.180828 0.936194 0.300839
0.545846 0.157172 1.493584 0.019111 -0.178363 0.937141 0.299312
0.543632 0.157674 1.493386 0.019815 -0.175665 0.938391 0.296938
0.540598 0.159041 1.493138 0.020867 -0.172077 0.940038 0.293741
0.537546 0.160327 1.492609 0.022210 -0.168892 0.941315 0.291389
0.534794 0.160960 1.492041 0.023311 -0.165980 0.942199 0.290120
0.532056 0.161841 1.491848 0.024055 -0.161722 0.944144 0.286109
0.528612 0.163988 1.491801 0.024847 -0.156754 0.946480 0.281044
0.525058 0.166177 1.491607 0.025833 -0.152568 0.948338 0.276967
0.521780 0.167540 1.491369 0.026658 -0.148914 0.949655 0.274352
0.518563 0.168893 1.491551 0.027683 -0.144631 0.951687 0.269457
0.514797 0.171169 1.492123 0.028542 -0.140816 0.953581 0.264650
0.510781 0.173722 1.492889 0.029184 -0.137720 0.955129 0.260594
0.507057 0.175705 1.493765 0.029762 -0.135206 0.956323 0.257450
0.503941 0.178606 1.495528 0.031530 -0.129875 0.958984 0.249977
0.500336 0.181968 1.497909 0.032482 -0.125502 0.961178 0.243580
0.496277 0.185411 1.500471 0.032658 -0.122009 0.962959 0.238237
0.492231 0.188686 1.502977 0.032776 -0.118784 0.964747 0.232547
0.488580 0.192509 1.506167 0.033677 -0.114171 0.967529 0.222975
0.484470 0.196234 1.509771 0.033490 -0.110679 0.969679 0.215295
0.480332 0.198099 1.513218 0.031334 -0.106800 0.971118 0.211051
0.476498 0.200484 1.516397 0.031078 -0.102821 0.972834 0.205075
0.473116 0.203141 1.520352 0.031864 -0.097787 0.974724 0.198330
0.469480 0.205376 1.524541 0.031652 -0.093901 0.976168 0.193073
0.465477 0.207280 1.528565 0.030739 -0.090768 0.977264 0.189134
0.461778 0.209408 1.532503 0.031315 -0.087026 0.978278 0.185523
0.458269 0.211899 1.537064 0.032423 -0.083082 0.979373 0.181313
0.454111 0.214613 1.541781 0.032457 -0.080517 0.980330 0.177247
0.449479 0.217287 1.546217 0.031905 -0.078618 0.981127 0.173757
0.445284 0.220090 1.550791 0.033267 -0.076401 0.981851 0.170366
0.441026 0.222982 1.556280 0.034189 -0.074787 0.982460 0.167364
0.436298 0.225661 1.561770 0.033871 -0.073881 0.982947 0.164955
0.431234 0.228064 1.566787 0.032990 -0.073216 0.983352 0.163006
0.426741 0.230531 1.571812 0.034302 -0.071741 0.983752 0.160962
0.421990 0.232853 1.577088 0.034793 -0.070675 0.984082 0.159298
0.416888 0.234883 1.582028 0.034444 -0.069988 0.984366 0.157923
0.411608 0.236615 1.586433 0.033920 -0.069417 0.984617 0.156715
0.407081 0.238140 1.591719 0.035972 -0.069718 0.984648 0.155927
0.402101 0.239605 1.597753 0.036328 -0.070921 0.984611 0.155534
0.396760 0.240890 1.603507 0.035762 -0.072294 0.984587 0.155188
0.391409 0.241930 1.608746 0.035587 -0.073552 0.984450 0.155502
0.386473 0.242969 1.615045 0.036509 -0.074913 0.984021 0.157345
0.381122 0.243803 1.621552 0.035896 -0.076806 0.983730 0.158389
0.375519 0.244394 1.627465 0.034740 -0.078658 0.983531 0.158974
0.370092 0.244519 1.632886 0.034829 -0.081061 0.982815 0.162144
0.364824 0.244346 1.639267 0.035598 -0.084838 0.981545 0.167640
0.359206 0.244089 1.645554 0.035201 -0.088646 0.980535 0.171621
0.353414 0.243707 1.651126 0.034431 -0.091976 0.979746 0.174508
0.347889 0.242608 1.656427 0.035476 -0.096882 0.977999 0.181313
0.342316 0.241178 1.662727 0.036687 -0.103630 0.975814 0.188949
0.336472 0.239805 1.668779 0.036948 -0.109843 0.974024 0.194542
0.330540 0.238419 1.674029 0.036909 -0.115063 0.972588 0.198672
0.324740 0.236214 1.679431 0.038190 -0.122497 0.969710 0.207842
0.318646 0.233854 1.685994 0.038139 -0.130984 0.966745 0.216316
0.312414 0.231523 1.692261 0.037355 -0.138662 0.964266 0.222639
0.306223 0.229216 1.697623 0.036571 -0.145083 0.962242 0.227384
0.300104 0.225833 1.703179 0.037564 -0.154764 0.958112 0.238031
