0.395120 -0.351544 1.914627 -0.473521 0.746859 -0.275060 -0.377255
0.392977 -0.348043 1.914734 -0.478980 0.744542 -0.277025 -0.373487
0.390316 -0.344372 1.915439 -0.484395 0.741296 -0.279278 -0.371276
0.386511 -0.340906 1.916770 -0.488995 0.738180 -0.282534 -0.368983
0.382608 -0.337629 1.917552 -0.492946 0.736222 -0.285041 -0.365696
0.379193 -0.334323 1.917921 -0.496664 0.734826 -0.286838 -0.362048
0.375487 -0.330831 1.918749 -0.500188 0.732616 -0.288614 -0.360263
0.370721 -0.327388 1.920284 -0.502922 0.729951 -0.291557 -0.359494
0.366246 -0.324008 1.921204 -0.505532 0.728114 -0.293976 -0.357581
0.362578 -0.320466 1.921759 -0.508338 0.726571 -0.295927 -0.355126
0.358782 -0.316705 1.922503 -0.510519 0.724882 -0.297707 -0.353960
0.353507 -0.313165 1.923698 -0.511291 0.723403 -0.299960 -0.353967
0.348920 -0.309624 1.924540 -0.512532 0.722352 -0.301969 -0.352608
0.345301 -0.305841 1.925146 -0.514383 0.721241 -0.303841 -0.350574
0.341590 -0.301803 1.925853 -0.515551 0.720131 -0.305613 -0.349598
0.335981 -0.297819 1.926999 -0.514482 0.719402 -0.307899 -0.350668
0.331446 -0.293611 1.927935 -0.514439 0.718495 -0.310353 -0.350426
0.327985 -0.289125 1.928678 -0.515368 0.717237 -0.312841 -0.349426
0.324716 -0.284390 1.929314 -0.516418 0.715848 -0.314789 -0.348975
0.319484 -0.279585 1.929789 -0.515758 0.715098 -0.315203 -0.351107
0.315396 -0.274575 1.930100 -0.516125 0.713887 -0.316199 -0.352134
0.312349 -0.269368 1.930345 -0.517431 0.712198 -0.317656 -0.352327
0.309725 -0.263985 1.930543 -0.519079 0.710367 -0.319120 -0.352275
0.305223 -0.258286 1.930503 -0.518879 0.709835 -0.319524 -0.353276
0.301788 -0.252312 1.930513 -0.519657 0.708520 -0.320973 -0.353459
0.299281 -0.246212 1.930591 -0.521332 0.706542 -0.323038 -0.353070
0.297296 -0.240045 1.930657 -0.523576 0.704275 -0.325153 -0.352337
0.293746 -0.233411 1.929976 -0.524674 0.704010 -0.324160 -0.352149
0.291100 -0.226552 1.929408 -0.526531 0.702762 -0.324419 -0.351630
0.289212 -0.219678 1.929038 -0.529095 0.700666 -0.325647 -0.350827
0.287822 -0.212869 1.928787 -0.532196 0.698051 -0.327400 -0.349716
0.285599 -0.205272 1.927716 -0.534738 0.696764 -0.326703 -0.349058
0.284264 -0.197162 1.926787 -0.537769 0.694061 -0.327538 -0.349004
0.283497 -0.189022 1.926142 -0.541287 0.690391 -0.329501 -0.348995
0.283023 -0.181063 1.925699 -0.545168 0.686242 -0.332115 -0.348660
0.281394 -0.172524 1.924141 -0.549510 0.684106 -0.331229 -0.346879
0.280172 -0.163647 1.922774 -0.553978 0.681144 -0.331756 -0.345092
0.279309 -0.154909 1.921807 -0.558625 0.677264 -0.333525 -0.343529
0.278609 -0.146485 1.921109 -0.563394 0.672905 -0.335988 -0.341902
0.277098 -0.137619 1.919643 -0.568823 0.669631 -0.335510 -0.339807
0.275850 -0.128341 1.918279 -0.574202 0.665602 -0.336143 -0.338044
0.274854 -0.119223 1.917299 -0.579522 0.660737 -0.338058 -0.336596
0.273925 -0.110466 1.916583 -0.584786 0.655503 -0.340664 -0.335096
0.272497 -0.101176 1.915268 -0.590119 0.651803 -0.341538 -0.332059
0.271255 -0.091152 1.914067 -0.595428 0.647336 -0.343654 -0.329124
0.270130 -0.081247 1.913257 -0.600675 0.641866 -0.346994 -0.326792
0.268955 -0.071765 1.912686 -0.605858 0.635986 -0.350838 -0.324608
0.267244 -0.062123 1.911556 -0.611423 0.631121 -0.352599 -0.321750
0.265484 -0.052007 1.910298 -0.616986 0.625884 -0.354664 -0.319080
0.263748 -0.042140 1.909375 0.622345 -0.619866 0.357798 0.316911
0.261923 -0.032763 1.908680 0.627561 -0.613563 0.361387 0.314812
0.259920 -0.023268 1.907283 0.633715 -0.607830 0.363273 0.311419
0.257954 -0.013162 1.905446 0.640056 -0.601751 0.365164 0.308025
0.255921 -0.003288 1.903981 0.645910 -0.594949 0.368139 0.305467
0.253724 0.006086 1.902813 0.651440 -0.587932 0.371577 0.303136
0.251100 0.015261 1.901734 0.656588 -0.581445 0.374359 0.301113
0.248264 0.024875 1.900736 0.661366 -0.574679 0.377482 0.299743
0.245420 0.034260 1.899986 0.666036 -0.567301 0.381407 0.298485
0.243037 0.042634 1.899730 0.671642 -0.559491 0.384629 0.296525
0.239766 0.049389 1.900125 0.674027 -0.555868 0.386821 0.295075
0.235579 0.055382 1.900810 0.673068 -0.555154 0.388768 0.296045
0.231590 0.061280 1.901282 0.673098 -0.553298 0.391038 0.296463
0.227721 0.067081 1.901655 0.674025 -0.550515 0.393555 0.296205
0.223406 0.072627 1.902389 0.672349 -0.549929 0.397051 0.296437
0.218305 0.078137 1.903760 0.665646 -0.552335 0.402372 0.299900
0.213582 0.083840 1.904843 0.660840 -0.552549 0.407844 0.302727
0.209103 0.089486 1.905716 0.657952 -0.551284 0.413040 0.304274
0.204534 0.095072 1.906556 0.654884 -0.550697 0.418234 0.304861
0.199769 0.101391 1.907413 0.649085 -0.552226 0.424604 0.305689
0.195270 0.107867 1.908076 0.645193 -0.551660 0.431062 0.305913
0.190906 0.114099 1.908679 0.643027 -0.549766 0.437126 0.305278
0.186881 0.120031 1.909336 0.641416 -0.547993 0.442632 0.303918
0.183699 0.127431 1.909609 0.639056 -0.546685 0.447974 0.303418
0.181259 0.134473 1.909759 0.637202 -0.544101 0.453549 0.303677
0.179243 0.140511 1.909816 0.635838 -0.541481 0.458374 0.303976
0.177534 0.145685 1.909781 0.634696 -0.539449 0.462240 0.304121
0.176427 0.151975 1.909544 0.633369 -0.538035 0.465730 0.304069
0.175718 0.157951 1.909251 0.632296 -0.535727 0.469541 0.304516
0.175161 0.163090 1.908935 0.631475 -0.533440 0.472898 0.305041
0.174704 0.167482 1.908620 0.630813 -0.531562 0.475617 0.305458
0.175178 0.173300 1.908259 0.630339 -0.530631 0.477495 0.305126
0.176010 0.178697 1.907732 0.629686 -0.529144 0.479719 0.305570
0.176827 0.183302 1.907110 0.628973 -0.527660 0.481741 0.306420
0.177579 0.187192 1.906498 0.628336 -0.526318 0.483459 0.307329
0.179471 0.192452 1.905712 0.628556 -0.525544 0.484147 0.307117
0.181746 0.197215 1.904792 0.628511 -0.524443 0.485014 0.307725
0.183869 0.201120 1.903817 0.628234 -0.523469 0.485711 0.308845
0.185757 0.204320 1.902903 0.627909 -0.522623 0.486258 0.310077
0.188008 0.208452 1.902411 0.627692 -0.522721 0.485460 0.311598
0.190580 0.212675 1.902136 0.627579 -0.522377 0.484917 0.313247
0.192890 0.216351 1.901851 0.627394 -0.521804 0.484724 0.314864
0.194866 0.219459 1.901574 0.627201 -0.521173 0.484708 0.316318
0.197431 0.223148 1.901449 0.626541 -0.522211 0.484203 0.316687
0.200663 0.226756 1.901354 0.625836 -0.523194 0.483489 0.317547
0.203715 0.229903 1.901176 0.625079 -0.523789 0.482997 0.318803
0.206391 0.232512 1.900946 0.624355 -0.524151 0.482677 0.320110
0.209176 0.235322 1.901099 0.623192 -0.525974 0.481496 0.321162
0.212647 0.237825 1.901478 0.622017 -0.528153 0.479762 0.322454
0.215994 0.239701 1.901764 0.620842 -0.530075 0.478125 0.323996
0.218984 0.241071 1.901969 0.619736 -0.531736 0.476675 0.325522
0.222300 0.242942 1.902187 0.618955 -0.533890 0.474737 0.326315
0.226428 0.244974 1.902426 0.618287 -0.535954 0.472614 0.327278
0.230337 0.246896 1.902585 0.617499 -0.537480 0.470914 0.328709
0.233751 0.248584 1.902649 0.616727 -0.538493 0.469762 0.330146
0.237092 0.250507 1.902824 0.616071 -0.540016 0.468138 0.331189
0.241335 0.252199 1.903357 0.615380 -0.542033 0.466009 0.332179
0.245538 0.253487 1.903861 0.614493 -0.543897 0.463943 0.333663
0.249306 0.254460 1.904252 0.613592 -0.545400 0.462273 0.335184
0.252732 0.255557 1.904914 0.612274 -0.547390 0.460789 0.336391
0.256748 0.256681 1.906234 0.610666 -0.549677 0.459591 0.337220
0.260671 0.257574 1.907487 0.609095 -0.551655 0.458465 0.338365
0.264144 0.258297 1.908536 0.607677 -0.553182 0.457658 0.339510
0.267413 0.259222 1.909475 0.606453 -0.554914 0.456639 0.340245
0.271576 0.260146 1.910747 0.605480 -0.557066 0.455103 0.340517
0.275697 0.260618 1.911993 0.604380 -0.559124 0.453492 0.341248
0.279387 0.260774 1.913059 0.603298 -0.560913 0.452082 0.342097
0.282896 0.261117 1.914089 0.602519 -0.562492 0.450867 0.342477
0.287438 0.261854 1.915659 0.602268 -0.563631 0.450249 0.341862
0.291805 0.262179 1.917163 0.601744 -0.564775 0.449548 0.341818
0.295651 0.262176 1.918434 0.601107 -0.565866 0.448861 0.342040
0.299040 0.262242 1.919702 0.599966 -0.567275 0.448476 0.342212
0.303015 0.262761 1.921652 0.597999 -0.568939 0.449153 0.342006
0.306791 0.262977 1.923424 0.596175 -0.570360 0.449640 0.342182
0.310088 0.262934 1.924906 0.594535 -0.571621 0.449952 0.342522
0.312961 0.262959 1.926277 0.592542 -0.573233 0.450456 0.342619
0.316538 0.263547 1.928298 0.589297 -0.575721 0.452306 0.341603
0.320014 0.263578 1.930146 0.586417 -0.577905 0.453655 0.341082
0.323102 0.263224 1.931715 0.583889 -0.579924 0.454482 0.340895
0.325814 0.262837 1.933093 -0.581511 0.581900 -0.455070 -0.340806
0.329438 0.263095 1.934639 -0.578614 0.584071 -0.456290 -0.340392
0.333161 0.262606 1.935827 -0.575809 0.586136 -0.456967 -0.340691
0.336599 0.261691 1.936714 -0.573215 0.588160 -0.457103 -0.341392
0.339651 0.260678 1.937439 -0.570772 0.590135 -0.457039 -0.342161
0.343218 0.260300 1.938487 -0.567192 0.592891 -0.458062 -0.341983
0.346772 0.259354 1.939380 -0.563955 0.595348 -0.458673 -0.342249
0.349985 0.258111 1.940103 -0.561082 0.597642 -0.458804 -0.342797
0.352794 0.256818 1.940716 -0.558613 0.599658 -0.458718 -0.343422
0.356187 0.256260 1.941278 -0.555577 0.602079 -0.459190 -0.343483
0.359706 0.255256 1.941574 -0.552796 0.604136 -0.459393 -0.344085
0.362934 0.254007 1.941688 -0.550272 0.606040 -0.459220 -0.345013
0.365779 0.252735 1.941728 -0.548083 0.607697 -0.458898 -0.346008
0.369253 0.252170 1.942142 -0.545155 0.609520 -0.459973 -0.345999
0.372948 0.251093 1.942536 -0.542371 0.611106 -0.460913 -0.346326
0.376317 0.249650 1.942800 -0.539812 0.612748 -0.461227 -0.347005
0.379278 0.248119 1.943013 -0.537568 0.614287 -0.461211 -0.347787
0.382454 0.247445 1.943021 -0.535774 0.615620 -0.461152 -0.348276
0.385752 0.246942 1.942681 -0.534224 0.616341 -0.461393 -0.349064
0.388709 0.246432 1.942135 -0.532782 0.616846 -0.461574 -0.350134
0.391272 0.245997 1.941536 -0.531532 0.617156 -0.461758 -0.351243
0.394123 0.245999 1.940495 -0.531776 0.617125 -0.461223 -0.351629
0.397238 0.245797 1.939136 -0.532175 0.617012 -0.460476 -0.352205
0.400097 0.245338 1.937783 -0.532175 0.617033 -0.459700 -0.353181
0.402616 0.244788 1.936549 -0.531983 0.617103 -0.458988 -0.354270
0.405329 0.244453 1.935073 -0.533165 0.616832 -0.457879 -0.354400
0.408310 0.244010 1.933294 -0.534492 0.616482 -0.456746 -0.354474
0.411035 0.243396 1.931561 -0.535187 0.616291 -0.455720 -0.355077
0.413432 0.242743 1.929992 -0.535510 0.616184 -0.454846 -0.355895
0.415782 0.242263 1.928409 -0.537210 0.615358 -0.453681 -0.356249
0.417992 0.242040 1.926906 -0.539464 0.614089 -0.452770 -0.356195
0.419425 0.241622 1.925822 -0.540614 0.613646 -0.451599 -0.356700
0.420278 0.241041 1.925493 -0.541255 0.613753 -0.450573 -0.356837
0.421629 0.241068 1.924993 -0.544451 0.611972 -0.450270 -0.355415
0.423161 0.241270 1.924166 -0.549418 0.609134 -0.449580 -0.353518
0.424267 0.241454 1.923444 -0.553318 0.607009 -0.448813 -0.352061
0.425107 0.241574 1.922845 -0.556296 0.605450 -0.448131 -0.350920
0.425954 0.241570 1.921957 -0.560644 0.603197 -0.446750 -0.349636
0.426637 0.241587 1.920525 -0.566481 0.600256 -0.444430 -0.348244
0.427030 0.241564 1.919300 -0.570817 0.598176 -0.442443 -0.347273
0.427301 0.241463 1.918301 -0.574104 0.596649 -0.440789 -0.346581
0.427645 0.241222 1.917029 -0.579182 0.593988 -0.438439 -0.345684
0.427506 0.241065 1.914589 -0.587901 0.589600 -0.433869 -0.344239
0.426983 0.240797 1.912327 0.594610 -0.586582 0.429791 0.342988
0.426412 0.240349 1.910528 0.599688 -0.584504 0.426423 0.341896
0.425986 0.239877 1.908761 0.605363 -0.581889 0.422832 0.340812
0.425531 0.239862 1.905857 0.615657 -0.576095 0.416864 0.339566
0.424725 0.239842 1.903145 0.623761 -0.571747 0.411790 0.338314
0.423900 0.239563 1.900890 0.630186 -0.568467 0.407718 0.336864
0.423093 0.239207 1.898818 0.636319 -0.565322 0.404002 0.335102
0.421654 0.239599 1.895442 0.646765 -0.559079 0.397098 0.333824
0.419977 0.240213 1.892186 0.655456 -0.553588 0.391350 0.332809
0.418360 0.240335 1.889683 0.662240 -0.549438 0.386867 0.331497
0.416852 0.240279 1.887512 0.668022 -0.546058 0.383241 0.329688
0.414803 0.241160 1.884072 0.678425 -0.539311 0.376644 0.327142
0.412301 0.242253 1.880760 0.688083 -0.532408 0.370245 0.325579
0.409957 0.242867 1.878173 0.695789 -0.526795 0.365302 0.323914
0.407794 0.243161 1.876017 0.702050 -0.522383 0.361409 0.321908
0.404954 0.243993 1.872935 0.711092 -0.515432 0.355403 0.319947
0.401819 0.245296 1.869390 0.719520 -0.508356 0.349413 0.319023
0.398918 0.246162 1.866365 0.725935 -0.502934 0.344891 0.318006
0.396325 0.246513 1.863969 0.730947 -0.498783 0.341479 0.316740
0.393533 0.246958 1.861095 0.738160 -0.492561 0.336801 0.314750
0.390400 0.247642 1.857900 0.744537 -0.486856 0.331998 0.313710
0.387589 0.247893 1.855184 0.749426 -0.482589 0.328349 0.312499
0.385057 0.247781 1.852908 0.753234 -0.479520 0.325536 0.311008
0.381892 0.247611 1.850618 0.758274 -0.474442 0.321388 0.310863
0.378688 0.247297 1.849563 0.763114 -0.469547 0.317152 0.310802
0.375684 0.246714 1.850183 0.767980 -0.465512 0.313532 0.308550
0.372719 0.245649 1.851533 0.772375 -0.462891 0.310136 0.304935
0.368568 0.243876 1.852377 0.774642 -0.461975 0.306684 0.304062
0.364083 0.242468 1.853041 0.775997 -0.461080 0.304010 0.304650
0.360136 0.241016 1.853734 0.777388 -0.460490 0.301731 0.304262
0.356644 0.239523 1.854487 0.778827 -0.460063 0.299953 0.302984
0.352520 0.237426 1.854618 0.777697 -0.462166 0.298686 0.303936
0.348120 0.235509 1.854540 0.775673 -0.464089 0.298125 0.306714
0.344149 0.233740 1.854651 0.774472 -0.465424 0.297625 0.308210
0.340676 0.231903 1.854807 0.773813 -0.466557 0.297121 0.308637
0.336563 0.229611 1.854843 0.771371 -0.469614 0.296627 0.310583
0.331688 0.227161 1.855103 0.767476 -0.473476 0.296754 0.314227
0.327028 0.225017 1.855417 0.764750 -0.476336 0.296840 0.316460
0.322850 0.222940 1.855689 0.762956 -0.478629 0.296698 0.317461
0.318472 0.220557 1.855883 0.760451 -0.481593 0.296461 0.319208
0.313536 0.218022 1.856141 0.757103 -0.484855 0.296427 0.322244
0.309070 0.215677 1.856456 0.754817 -0.487136 0.296456 0.324136
0.305182 0.213299 1.856758 0.753258 -0.488983 0.296433 0.324997
0.301243 0.210590 1.857036 0.751067 -0.491500 0.296500 0.326210
0.296645 0.207853 1.857426 0.748204 -0.493948 0.296904 0.328715
0.292522 0.205151 1.857846 0.746203 -0.495794 0.297130 0.330277
0.288981 0.202360 1.858233 0.744853 -0.497277 0.297255 0.330981
0.285465 0.199364 1.858708 0.743360 -0.498951 0.297391 0.331695
0.281096 0.196239 1.859430 0.741462 -0.500985 0.297338 0.332922
0.277085 0.193281 1.860348 0.740287 -0.502429 0.297773 0.332976
0.273518 0.190271 1.861488 0.739458 -0.503511 0.298742 0.332314
0.270123 0.187085 1.862304 0.738772 -0.504923 0.298963 0.331497
0.266264 0.183596 1.863295 0.737853 -0.506348 0.298907 0.331419
0.262739 0.180108 1.864699 0.737139 -0.507317 0.299842 0.330679
0.259596 0.176518 1.865688 0.736775 -0.508601 0.299978 0.329393
0.256808 0.172661 1.866778 0.736678 -0.509367 0.300272 0.328159
0.253473 0.168852 1.867610 0.737774 -0.508712 0.299599 0.327324
0.250293 0.165156 1.868697 0.738823 -0.508039 0.299696 0.325912
0.247383 0.161388 1.869910 0.739703 -0.507613 0.300240 0.324077
0.244826 0.157560 1.870666 0.740953 -0.507388 0.300071 0.321719
0.242096 0.153789 1.871659 0.744542 -0.503675 0.299556 0.319742
0.239372 0.150078 1.872836 0.747441 -0.500684 0.299759 0.317478
0.236887 0.146126 1.873497 0.749782 -0.499152 0.299104 0.314976
0.234823 0.141989 1.873742 0.752003 -0.498312 0.297957 0.312087
0.233330 0.138229 1.873580 0.758535 -0.492831 0.295569 0.307214
0.231766 0.134146 1.873816 0.763475 -0.488514 0.294193 0.303166
0.230293 0.129860 1.873851 0.767240 -0.485725 0.292815 0.299453
0.228982 0.125350 1.873785 0.770170 -0.484078 0.291512 0.295848
0.228585 0.121960 1.872390 0.779961 -0.475143 0.287758 0.288262
0.227824 0.118280 1.871522 0.788207 -0.466877 0.284781 0.282236
0.226973 0.114255 1.870816 0.794462 -0.460775 0.282477 0.276990
0.226120 0.109911 1.870121 0.799106 -0.456764 0.280553 0.272188
0.226391 0.106546 1.868174 0.808348 -0.447067 0.277473 0.264031
0.226795 0.103172 1.866334 0.817171 -0.436952 0.274856 0.256434
0.226959 0.099290 1.864774 0.823875 -0.429351 0.272741 0.249997
0.226912 0.094962 1.863351 0.828799 -0.424242 0.270940 0.244340
0.227149 0.091414 1.861062 0.836525 -0.415099 0.268269 0.236539
0.227322 0.088307 1.858764 0.844745 -0.404450 0.265863 0.228348
0.227494 0.085124 1.856554 0.852474 -0.394272 0.263553 0.219947
0.227573 0.081652 1.854349 0.858853 -0.386483 0.261362 0.211403
0.227687 0.078257 1.852033 0.865552 -0.377346 0.259381 0.202854
0.227723 0.075123 1.849594 0.872559 -0.367362 0.257139 0.193815
0.227745 0.071912 1.847133 0.879252 -0.357765 0.254762 0.184431
0.227771 0.068572 1.844588 0.885520 -0.348890 0.252215 0.174695
0.227751 0.065830 1.841903 0.891689 -0.339464 0.250509 0.164017
0.227487 0.063620 1.839282 0.897859 -0.329006 0.249287 0.153164
0.227182 0.061362 1.836717 0.903723 -0.318742 0.247930 0.142187
0.226906 0.058922 1.834186 0.909226 -0.308779 0.246523 0.131110
0.226674 0.056615 1.831577 0.914470 -0.298381 0.245501 0.120171
0.226415 0.054612 1.828818 0.919509 -0.287489 0.244697 0.109434
0.226183 0.052388 1.826073 0.924178 -0.276954 0.243784 0.098803
0.225963 0.049671 1.823218 0.928404 -0.267270 0.242501 0.088464
0.225579 0.046657 1.820255 0.932254 -0.258230 0.240930 0.078563
0.225089 0.043828 1.816744 0.936490 -0.248226 0.238256 0.067852
0.224595 0.040616 1.813152 0.940312 -0.238935 0.235409 0.057500
0.224032 0.036836 1.809576 0.943154 -0.232482 0.232648 0.047821
0.223494 0.033282 1.806086 0.945763 -0.226436 0.229932 0.037287
0.222895 0.031196 1.803184 0.949219 -0.215761 0.227522 0.025729
0.222464 0.029835 1.800698 0.952124 -0.205667 0.225735 0.014278
0.222173 0.028801 1.798468 0.954308 -0.197612 0.224129 0.003262
0.221937 0.028254 1.796417 0.956523 -0.188657 0.222320 -0.006773
0.221684 0.029725 1.795031 0.959269 -0.174088 0.221800 -0.017340
0.221520 0.031809 1.794349 0.961265 -0.159691 0.222982 -0.027332
0.221430 0.033959 1.794051 0.962453 -0.147499 0.224900 -0.036700
0.221314 0.036126 1.793971 0.963421 -0.135487 0.226853 -0.044724
0.221182 0.039943 1.794496 0.964538 -0.118286 0.229831 -0.053408
0.221053 0.043961 1.795399 0.964902 -0.102618 0.233700 -0.061777
0.220862 0.047469 1.796341 0.964814 -0.089747 0.237347 -0.068876
0.220726 0.050577 1.797220 0.964632 -0.077826 0.240403 -0.075050
0.220641 0.054890 1.798525 0.964127 -0.061999 0.244251 -0.083406
0.220421 0.058739 1.799925 0.963274 -0.048831 0.247921 -0.090850
