0.480374 -0.192198 1.948038 0.459861 -0.191247 0.807615 0.315768
0.481117 -0.198551 1.948038 0.459576 -0.193201 0.805486 0.320397
0.481757 -0.203938 1.947987 0.459418 -0.194845 0.803582 0.324385
0.482758 -0.210204 1.947851 0.459125 -0.196553 0.800748 0.330717
0.483491 -0.216242 1.947732 0.458713 -0.198103 0.798368 0.336076
0.484048 -0.221438 1.947587 0.458404 -0.199400 0.796374 0.340432
0.484521 -0.225810 1.947430 0.458194 -0.200465 0.794650 0.344096
0.485265 -0.230666 1.947378 0.457836 -0.201982 0.792408 0.348827
0.485878 -0.235168 1.947314 0.457563 -0.203153 0.790472 0.352874
0.486365 -0.238991 1.947228 0.457376 -0.204094 0.788851 0.356185
0.486770 -0.242187 1.947138 0.457243 -0.204855 0.787472 0.358957
0.487149 -0.245526 1.947101 0.457180 -0.205150 0.785955 0.362180
0.487483 -0.248606 1.946980 0.457302 -0.205066 0.784621 0.364956
0.487763 -0.251223 1.946844 0.457424 -0.204981 0.783494 0.367264
0.487996 -0.253403 1.946710 0.457528 -0.204920 0.782541 0.369196
0.488171 -0.255260 1.946418 0.457595 -0.204752 0.781654 0.371081
0.488301 -0.256865 1.946120 0.457582 -0.204703 0.780937 0.372630
0.488410 -0.258205 1.945862 0.457552 -0.204692 0.780362 0.373875
0.488499 -0.259309 1.945622 0.457538 -0.204652 0.779889 0.374900
0.488320 -0.259982 1.945138 0.457875 -0.203739 0.779554 0.375680
0.488201 -0.260468 1.944618 0.458334 -0.202771 0.779193 0.376395
0.488192 -0.260834 1.944073 0.458851 -0.201881 0.778814 0.377027
0.488278 -0.261128 1.943440 0.459475 -0.201048 0.778365 0.377637
0.487746 -0.260834 1.942783 0.459941 -0.199493 0.778169 0.378299
0.487305 -0.260223 1.942355 0.460275 -0.197891 0.778189 0.378692
0.486978 -0.259534 1.942073 0.460487 -0.196480 0.778324 0.378892
0.486685 -0.258855 1.941856 0.460638 -0.195252 0.778484 0.379014
0.484978 -0.257267 1.941282 0.461286 -0.192984 0.778493 0.379369
0.483389 -0.255159 1.941211 0.461601 -0.190637 0.778969 0.379197
0.482051 -0.253106 1.941395 0.461598 -0.188721 0.779645 0.378769
0.480873 -0.251292 1.941623 0.461480 -0.187208 0.780291 0.378333
0.477842 -0.248852 1.941286 0.461892 -0.185279 0.780455 0.378441
0.474964 -0.246005 1.941500 0.461918 -0.183281 0.781120 0.378010
0.472493 -0.243305 1.941980 0.461601 -0.181626 0.782047 0.377278
0.470347 -0.240944 1.942482 0.461179 -0.180330 0.782948 0.376547
0.466163 -0.237544 1.942332 0.461613 -0.177978 0.783430 0.376130
0.461917 -0.233793 1.942792 0.461485 -0.175732 0.784501 0.375110
0.458187 -0.230390 1.943566 0.460888 -0.174024 0.785832 0.373853
0.454940 -0.227514 1.944347 0.460154 -0.172820 0.787074 0.372700
0.450111 -0.223403 1.944803 0.459937 -0.170789 0.787482 0.373046
0.445143 -0.218573 1.945799 0.458988 -0.168636 0.788851 0.372299
0.440761 -0.214252 1.947021 0.457586 -0.167289 0.790394 0.371358
0.436952 -0.210982 1.948292 0.455779 -0.167797 0.791430 0.371144
0.431890 -0.207068 1.948975 0.454395 -0.168536 0.791225 0.372938
0.426802 -0.202472 1.949699 0.452670 -0.169487 0.791676 0.373650
0.422168 -0.198283 1.950403 0.450812 -0.170541 0.792448 0.373779
0.418180 -0.194747 1.951049 0.449105 -0.171482 0.793246 0.373711
0.413072 -0.190731 1.951316 0.448270 -0.171762 0.792662 0.375817
0.407732 -0.186219 1.951824 0.446953 -0.172518 0.792921 0.376492
0.403057 -0.181501 1.952455 0.445597 -0.173105 0.793853 0.375866
0.399178 -0.177004 1.953148 0.444232 -0.173348 0.795087 0.374761
0.393994 -0.172175 1.953302 0.443370 -0.172937 0.794852 0.376464
0.388516 -0.167061 1.953637 0.442011 -0.172992 0.795263 0.377170
0.383754 -0.161751 1.954105 0.440686 -0.172913 0.796382 0.376393
0.379824 -0.156322 1.954631 0.439481 -0.172416 0.797958 0.374691
0.374969 -0.150693 1.954558 0.439118 -0.171002 0.797822 0.376048
0.370126 -0.144530 1.955005 0.438249 -0.169329 0.798318 0.376767
0.365885 -0.138036 1.955780 0.437061 -0.167568 0.799826 0.375737
0.362325 -0.131350 1.956571 0.435986 -0.165569 0.801910 0.373421
0.358077 -0.124684 1.956525 0.436324 -0.163060 0.802193 0.373523
0.353772 -0.118039 1.956715 0.436356 -0.160705 0.802735 0.373341
0.349962 -0.111331 1.957118 0.436086 -0.158380 0.804116 0.371675
0.346689 -0.104560 1.957558 0.435805 -0.155890 0.806045 0.368868
0.342976 -0.097304 1.957567 0.436347 -0.152489 0.806781 0.368040
0.339182 -0.089529 1.958055 0.436168 -0.148769 0.808117 0.366840
0.335731 -0.081623 1.958778 0.435583 -0.145059 0.810302 0.364193
0.332657 -0.073769 1.959506 0.434976 -0.141295 0.812929 0.360526
0.328878 -0.065889 1.959397 0.435109 -0.138049 0.814387 0.358325
0.325042 -0.057675 1.959292 0.435098 -0.134050 0.816098 0.355956
0.321550 -0.049430 1.959348 0.434881 -0.129808 0.818435 0.352409
0.318357 -0.041341 1.959493 0.434581 -0.125570 0.821115 0.348055
0.314844 -0.033569 1.959469 0.434240 -0.123696 0.822057 0.346925
0.311366 -0.025337 1.959470 0.433750 -0.120802 0.823204 0.345836
0.308083 -0.016975 1.959593 0.433099 -0.117231 0.825129 0.343284
0.304953 -0.008740 1.959789 0.432415 -0.113373 0.827523 0.339662
0.301096 -0.000930 1.959692 0.431425 -0.111882 0.829167 0.337398
0.297076 0.007031 1.959461 0.430666 -0.109348 0.830547 0.335800
0.293212 0.015011 1.959371 0.429816 -0.106166 0.832566 0.332898
0.289492 0.022832 1.959396 0.428947 -0.102679 0.835003 0.328985
0.285513 0.030357 1.959171 0.428018 -0.101253 0.837168 0.325113
0.281585 0.037942 1.958571 0.427998 -0.098320 0.838422 0.322800
0.277832 0.045384 1.957909 0.428319 -0.094561 0.839702 0.320158
0.274142 0.052649 1.957437 0.428432 -0.090639 0.841451 0.316530
0.270162 0.059870 1.957281 0.427465 -0.089061 0.843481 0.312861
0.266051 0.067481 1.957046 0.426819 -0.085978 0.845047 0.310370
0.262009 0.075001 1.956686 0.426617 -0.081898 0.846532 0.307691
0.257975 0.082337 1.956459 0.426284 -0.077642 0.848438 0.303984
0.253635 0.089271 1.956355 0.424794 -0.076041 0.850650 0.300271
0.249175 0.096242 1.956017 0.423706 -0.073218 0.852166 0.298202
0.244836 0.102960 1.955419 0.423433 -0.069277 0.853182 0.296622
0.240525 0.109463 1.954927 0.423171 -0.065140 0.854534 0.294029
0.236032 0.115968 1.954873 0.421660 -0.063383 0.856794 0.289982
0.231268 0.122803 1.954838 0.420141 -0.060581 0.858899 0.286538
0.226559 0.129394 1.954581 0.419489 -0.056605 0.860447 0.283646
0.222023 0.135060 1.954825 0.419733 -0.053048 0.862127 0.278833
0.217795 0.139893 1.955609 0.419213 -0.052629 0.864288 0.272944
0.213588 0.144541 1.956281 0.418899 -0.051676 0.866014 0.268092
0.209419 0.148896 1.956534 0.419293 -0.049480 0.866933 0.264900
0.205264 0.153092 1.956561 0.419981 -0.046581 0.867618 0.262076
0.201832 0.157987 1.956684 0.419375 -0.045352 0.869195 0.258007
0.198720 0.163497 1.956475 0.419295 -0.043170 0.870866 0.252826
0.195470 0.168658 1.955967 0.419887 -0.040272 0.872089 0.248059
0.192050 0.173367 1.955259 0.420923 -0.036513 0.872655 0.244872
0.189155 0.178941 1.954964 0.419992 -0.033818 0.874041 0.241898
0.186332 0.185347 1.954559 0.419175 -0.030260 0.875799 0.237387
0.183197 0.191310 1.953908 0.419002 -0.026623 0.877438 0.232015
0.179763 0.196665 1.953082 0.419243 -0.023155 0.878897 0.226363
0.177311 0.203147 1.952524 0.418157 -0.018908 0.880293 0.223321
0.175089 0.210869 1.951488 0.417121 -0.013269 0.881917 0.219217
0.172375 0.218272 1.950043 0.416683 -0.007394 0.883405 0.214282
0.169163 0.224983 1.948482 0.416619 -0.001867 0.884773 0.208810
0.166018 0.232480 1.947199 0.416899 0.005259 0.885742 0.204029
0.162408 0.240896 1.946110 0.416900 0.013222 0.887010 0.198072
0.158182 0.248758 1.944902 0.416885 0.020638 0.888330 0.191440
0.153726 0.255591 1.943739 0.416843 0.027101 0.889555 0.184928
0.149754 0.262547 1.942252 0.418521 0.035695 0.889371 0.180509
0.146528 0.270041 1.940418 0.420096 0.044972 0.888831 0.177417
0.143694 0.276789 1.938507 0.421254 0.052947 0.888372 0.174748
0.141414 0.282098 1.936814 0.422758 0.059072 0.887784 0.172123
0.140095 0.286426 1.935490 0.426767 0.065475 0.885597 0.171173
0.139946 0.290451 1.934194 0.430152 0.071201 0.883275 0.172407
0.140071 0.294264 1.932959 0.432721 0.076063 0.881281 0.174103
0.140219 0.297397 1.931897 0.434897 0.079460 0.879718 0.175065
0.140613 0.300174 1.931019 0.438367 0.082733 0.877389 0.176574
0.141596 0.303342 1.930196 0.441075 0.085482 0.875522 0.177784
0.142511 0.307136 1.929496 0.442889 0.087722 0.874542 0.177005
0.143154 0.311193 1.928958 0.444129 0.089252 0.874368 0.173965
0.143670 0.315182 1.928909 0.445575 0.090192 0.874332 0.169919
0.144292 0.319457 1.929142 0.445809 0.090872 0.874943 0.165742
0.144724 0.324131 1.929266 0.445610 0.091599 0.875951 0.160471
0.144984 0.328522 1.929318 0.445505 0.091681 0.877200 0.153754
0.145423 0.333173 1.929618 0.445712 0.091585 0.878424 0.146023
0.146496 0.338473 1.929710 0.445247 0.091868 0.879900 0.138172
0.147667 0.343571 1.929459 0.445134 0.091931 0.881243 0.129670
0.148767 0.347890 1.929130 0.445357 0.091198 0.882471 0.120771
0.149825 0.352360 1.929082 0.446003 0.090714 0.883298 0.112416
0.151300 0.357306 1.928858 0.446115 0.090650 0.884253 0.104216
0.152859 0.361652 1.928399 0.446544 0.090455 0.884934 0.096472
0.154317 0.365219 1.927940 0.446933 0.090536 0.885345 0.090664
0.155676 0.369094 1.928041 0.446997 0.092016 0.885462 0.087656
0.157522 0.373173 1.928184 0.446009 0.094439 0.885829 0.086398
0.159484 0.376592 1.928041 0.445304 0.096996 0.885903 0.086439
0.161324 0.379359 1.927825 0.444721 0.099485 0.885820 0.087457
0.162966 0.382577 1.928090 0.444067 0.103151 0.885397 0.090754
0.165071 0.386445 1.928307 0.442244 0.107650 0.885357 0.094737
0.167277 0.389831 1.928165 0.440960 0.111672 0.885126 0.098154
0.169335 0.392582 1.927943 0.439974 0.115046 0.884837 0.101243
0.171152 0.395579 1.927947 0.439545 0.118975 0.884042 0.105424
0.173736 0.398543 1.927908 0.438639 0.122780 0.883431 0.109863
0.176819 0.400736 1.927595 0.438101 0.125752 0.882738 0.114138
0.179873 0.402350 1.927183 0.437827 0.128095 0.882018 0.118082
0.182560 0.404557 1.926994 0.437483 0.131294 0.881071 0.122812
0.185650 0.407171 1.926916 0.436095 0.134770 0.880616 0.127175
0.189007 0.409198 1.926903 0.434175 0.137497 0.880556 0.131179
0.192195 0.410735 1.926936 0.432145 0.139651 0.880661 0.134849
0.195441 0.412908 1.927321 0.428118 0.142900 0.881218 0.140531
0.199156 0.415621 1.926673 0.425587 0.146942 0.880937 0.145720
0.202805 0.417914 1.925622 0.424326 0.150465 0.880255 0.149865
0.206111 0.419740 1.924641 0.423375 0.153368 0.879604 0.153387
0.209536 0.422021 1.924318 0.420473 0.157481 0.879106 0.159923
0.213414 0.424481 1.923403 0.418597 0.161944 0.877999 0.166338
0.217181 0.426551 1.922026 0.417796 0.165772 0.876663 0.171549
0.220586 0.428313 1.920612 0.417240 0.169056 0.875447 0.175850
0.224402 0.430315 1.920006 0.414852 0.173451 0.874187 0.183330
0.229338 0.431907 1.919270 0.413640 0.177772 0.872196 0.191241
0.234379 0.432788 1.918209 0.413730 0.181033 0.870033 0.197730
0.239062 0.433284 1.917170 0.414065 0.183592 0.868093 0.203121
0.243849 0.433981 1.917128 0.412150 0.187126 0.866276 0.211382
0.249260 0.434313 1.917310 0.411015 0.190710 0.863798 0.220339
0.254464 0.434241 1.917151 0.411121 0.193486 0.861237 0.227626
0.259132 0.433991 1.916910 0.411442 0.195658 0.859005 0.233545
0.263755 0.433916 1.917680 0.408967 0.198684 0.857040 0.242388
0.268969 0.433291 1.918663 0.407214 0.201558 0.854336 0.252312
0.274044 0.432791 1.919143 0.406541 0.204339 0.851470 0.260711
0.278567 0.432589 1.919139 0.406313 0.206962 0.848912 0.267253
0.282895 0.432482 1.920054 0.403056 0.210151 0.846767 0.276349
0.287664 0.431427 1.921487 0.400327 0.212807 0.843827 0.287068
0.292308 0.430388 1.922566 0.398758 0.215278 0.840743 0.296310
0.296497 0.430016 1.923117 0.397414 0.218188 0.837891 0.303965
0.300380 0.430001 1.924224 0.393405 0.221563 0.835661 0.312747
0.304547 0.429153 1.925513 0.389981 0.224430 0.832573 0.323063
0.308630 0.428468 1.926242 0.387744 0.227350 0.829280 0.332055
0.312361 0.428538 1.926343 0.385713 0.230887 0.826192 0.339591
0.315989 0.429145 1.926935 0.381161 0.235083 0.823843 0.347469
0.320248 0.428414 1.928051 0.377640 0.238251 0.820684 0.356513
0.324603 0.427317 1.928926 0.375562 0.240987 0.817275 0.364610
0.328686 0.426686 1.929338 0.373766 0.244083 0.814047 0.371550
0.332663 0.426758 1.930012 0.370024 0.247845 0.811841 0.377585
0.337070 0.426132 1.930655 0.367456 0.251176 0.809020 0.383893
0.341440 0.425452 1.930751 0.365979 0.254503 0.805819 0.389799
0.344733 0.425844 1.930569 0.364547 0.258048 0.803685 0.393200
0.346347 0.427815 1.931182 0.361173 0.261810 0.803818 0.393556
0.347779 0.429541 1.931969 0.358972 0.265028 0.804028 0.392988
0.349110 0.431075 1.932447 0.357381 0.268196 0.803692 0.392975
0.350346 0.432663 1.932581 0.355662 0.271612 0.803022 0.393557
0.351949 0.434443 1.932905 0.351867 0.275910 0.802489 0.395063
0.353866 0.435900 1.933049 0.349058 0.280250 0.801495 0.396515
0.355156 0.437182 1.933034 0.347432 0.283789 0.800450 0.397536
0.356287 0.438214 1.932870 0.345796 0.286959 0.799208 0.399182
0.357962 0.439358 1.932546 0.342899 0.290991 0.797795 0.401580
0.359774 0.440523 1.931790 0.340513 0.295027 0.796355 0.403519
0.361323 0.441580 1.930734 0.338842 0.298678 0.794710 0.405479
0.362794 0.442522 1.929524 0.337282 0.302097 0.792972 0.407644
0.364547 0.443427 1.928250 0.335461 0.305579 0.791474 0.409457
0.366582 0.444097 1.926920 0.334117 0.308807 0.790165 0.410661
0.368556 0.444589 1.925575 0.333089 0.311697 0.788855 0.411831
0.370427 0.444953 1.924218 0.332343 0.314269 0.787559 0.412957
0.372441 0.445272 1.922650 0.331882 0.316785 0.786336 0.413737
0.374970 0.445437 1.920308 0.332545 0.319301 0.784843 0.414104
0.377281 0.446008 1.918129 0.332170 0.321971 0.784050 0.413838
0.379344 0.446476 1.916025 0.331986 0.324284 0.783204 0.413783
0.381114 0.446904 1.914249 0.331636 0.326300 0.782560 0.413699
0.382986 0.447068 1.912558 0.331538 0.327994 0.781916 0.413653
0.384047 0.447128 1.911535 0.331315 0.328929 0.781400 0.414065
0.384612 0.447219 1.910910 0.331256 0.329468 0.781141 0.414173
0.384905 0.447252 1.910547 0.331333 0.329736 0.780972 0.414218
0.385286 0.447125 1.910297 0.331182 0.329909 0.780747 0.414623
0.385602 0.447011 1.910145 0.330976 0.330033 0.780615 0.414938
0.385825 0.446936 1.910052 0.330799 0.330132 0.780534 0.415153
0.385960 0.446988 1.909914 0.330549 0.330526 0.780248 0.415574
0.386295 0.446945 1.909619 0.329997 0.331097 0.779604 0.416768
0.386627 0.446929 1.909333 0.329472 0.331545 0.779177 0.417622
0.386880 0.446938 1.909088 0.329074 0.331881 0.778889 0.418206
0.387135 0.446974 1.908841 0.328708 0.332284 0.778610 0.418695
0.387660 0.446937 1.908521 0.328016 0.332808 0.778296 0.419405
0.388134 0.446906 1.908260 0.327380 0.333202 0.778145 0.419869
0.388497 0.446891 1.908077 0.326858 0.333489 0.778091 0.420148
0.388744 0.446931 1.907930 0.326388 0.333842 0.777977 0.420441
0.389067 0.446899 1.907767 0.325748 0.334256 0.777683 0.421154
0.389357 0.446870 1.907635 0.325150 0.334584 0.777486 0.421719
0.389575 0.446862 1.907547 0.324628 0.334851 0.777361 0.422139
0.389680 0.446936 1.907469 0.324288 0.335181 0.777274 0.422298
0.389908 0.446861 1.907443 0.323824 0.335546 0.777010 0.422850
0.390120 0.446792 1.907455 0.323313 0.335874 0.776808 0.423353
0.390268 0.446749 1.907482 0.322840 0.336170 0.776618 0.423827
0.390295 0.446813 1.907457 0.322493 0.336554 0.776428 0.424132
0.390444 0.446759 1.907376 0.321876 0.337012 0.775971 0.425074
0.390602 0.446715 1.907314 0.321218 0.337415 0.775612 0.425907
0.390720 0.446713 1.907253 0.320631 0.337783 0.775341 0.426549
0.390729 0.446853 1.907124 0.320141 0.338313 0.775054 0.427018
0.390838 0.446888 1.907000 0.319479 0.338929 0.774536 0.427966
0.390952 0.446922 1.906902 0.318840 0.339451 0.774151 0.428724
0.391021 0.446982 1.906828 0.318287 0.339904 0.773862 0.429299
0.390997 0.447094 1.906826 0.317829 0.340424 0.773583 0.429728
0.391060 0.447118 1.906915 0.317366 0.341020 0.773201 0.430284
0.391132 0.447140 1.907002 0.316932 0.341558 0.772886 0.430742
0.391168 0.447179 1.907084 0.316535 0.342053 0.772596 0.431163
0.391187 0.447231 1.907146 0.315977 0.342633 0.772109 0.431984
0.391158 0.447403 1.907007 0.315344 0.343348 0.771430 0.433091
0.391139 0.447605 1.906784 0.314796 0.344004 0.770839 0.434019
0.391140 0.447806 1.906541 0.314296 0.344609 0.770327 0.434807
0.391214 0.447966 1.906260 0.313827 0.345099 0.769896 0.435522
0.391219 0.448192 1.905956 0.313487 0.345476 0.769639 0.435923
0.391208 0.448406 1.905659 0.313127 0.345901 0.769279 0.436479
0.391229 0.448601 1.905350 0.312703 0.346376 0.768837 0.437183
0.391364 0.448728 1.904988 0.312363 0.346669 0.768546 0.437707
0.391389 0.448938 1.904646 0.312172 0.346781 0.768556 0.437739
0.391377 0.449129 1.904329 0.311860 0.347022 0.768315 0.438192
0.391419 0.449298 1.903990 0.311416 0.347377 0.767925 0.438908
0.391531 0.449464 1.903424 0.311184 0.347436 0.767826 0.439197
0.391362 0.449770 1.902555 0.310883 0.347231 0.767707 0.439782
0.391172 0.450037 1.901685 0.310410 0.347194 0.767219 0.440996
0.391087 0.450292 1.900815 0.309872 0.347305 0.766682 0.442219
0.391009 0.450538 1.899805 0.309988 0.346911 0.766826 0.442198
0.390503 0.450768 1.898758 0.310357 0.345970 0.767058 0.442274
0.389993 0.450897 1.897809 0.310502 0.345282 0.766751 0.443241
0.389624 0.451034 1.896892 0.310520 0.344858 0.766361 0.444231
0.389188 0.451213 1.895787 0.311261 0.343990 0.766578 0.444010
0.387989 0.451407 1.894408 0.313231 0.342161 0.766960 0.443378
0.386663 0.451369 1.893116 0.315710 0.340117 0.766964 0.443186
0.385669 0.451179 1.892057 0.319003 0.337848 0.767690 0.441303
0.384704 0.451023 1.891049 0.322397 0.335333 0.769013 0.438440
0.383549 0.450831 1.889454 0.327790 0.331831 0.771077 0.433454
0.382426 0.450483 1.887962 0.333148 0.328216 0.772977 0.428710
0.381461 0.450063 1.886682 0.338385 0.324782 0.774762 0.423977
0.380448 0.449659 1.885418 0.343705 0.321278 0.776671 0.418842
0.378620 0.449385 1.883556 0.350526 0.317276 0.778121 0.413516
0.376822 0.449122 1.881870 0.356252 0.313726 0.779209 0.409259
0.375785 0.448763 1.880923 0.359042 0.310984 0.780720 0.406023
0.375147 0.448186 1.880129 0.361670 0.308365 0.782261 0.402708
0.374228 0.448027 1.879100 0.364468 0.305824 0.784397 0.397941
0.373116 0.447971 1.878470 0.366159 0.303459 0.786638 0.393751
0.371937 0.447566 1.878375 0.367498 0.300773 0.788761 0.390304
0.370621 0.446813 1.878353 0.369805 0.297632 0.790517 0.386965
0.368497 0.446964 1.877758 0.372257 0.294856 0.792762 0.382117
0.365972 0.447625 1.877336 0.373391 0.292593 0.795281 0.377485
0.363382 0.448070 1.877281 0.374178 0.290160 0.797720 0.373417
0.360864 0.447898 1.877285 0.376100 0.287125 0.799635 0.369720
0.358273 0.448032 1.876777 0.378326 0.284388 0.801597 0.365288
0.355759 0.448290 1.876465 0.379520 0.281924 0.803813 0.361065
0.353444 0.448133 1.876512 0.380549 0.279167 0.805932 0.357383
0.351292 0.447451 1.876698 0.382323 0.275927 0.807717 0.353957
0.348770 0.447145 1.876521 0.384317 0.272837 0.809676 0.349693
0.346144 0.446984 1.876564 0.385447 0.269973 0.811805 0.345711
0.343667 0.446549 1.876961 0.386248 0.267030 0.813808 0.342379
0.341353 0.445737 1.877263 0.387958 0.263883 0.815247 0.339450
0.338652 0.445035 1.877221 0.389996 0.260575 0.816793 0.335936
0.335944 0.444821 1.877416 0.390599 0.258053 0.818589 0.332796
0.333443 0.444788 1.877629 0.390874 0.256059 0.820162 0.330130
0.331148 0.444442 1.877543 0.392285 0.253961 0.821021 0.327934
