0.260643 0.027728 1.740996 -0.242059 0.678980 -0.556186 -0.413583
0.254733 0.028427 1.742639 -0.244567 0.679623 -0.550796 -0.418239
0.249880 0.029358 1.744097 -0.248312 0.679678 -0.546153 -0.422014
0.245905 0.030264 1.745352 -0.251534 0.679693 -0.542713 -0.424513
0.241238 0.030646 1.747242 -0.254309 0.680035 -0.538401 -0.427788
0.236443 0.030898 1.749319 -0.257660 0.680657 -0.533459 -0.430975
0.232461 0.031250 1.751118 -0.262184 0.680650 -0.528684 -0.434129
0.229172 0.031595 1.752647 -0.266290 0.680484 -0.524784 -0.436616
0.225519 0.031596 1.754798 -0.269688 0.680765 -0.520609 -0.439083
0.221786 0.031459 1.757122 -0.273527 0.681482 -0.515763 -0.441308
0.218655 0.031412 1.759118 -0.278349 0.681548 -0.510925 -0.443812
0.216053 0.031407 1.760806 -0.283619 0.681031 -0.506287 -0.446576
0.213786 0.031312 1.763430 -0.288331 0.680663 -0.502754 -0.448108
0.211728 0.031082 1.766401 -0.293636 0.680953 -0.498717 -0.448734
0.209931 0.030854 1.768952 -0.299495 0.680756 -0.494344 -0.449998
0.208391 0.030665 1.771106 -0.305340 0.680073 -0.490112 -0.451728
0.207248 0.030040 1.773862 -0.311320 0.679960 -0.486607 -0.451607
0.206117 0.028754 1.776924 -0.317624 0.681070 -0.481900 -0.450590
0.205007 0.027400 1.779541 -0.323994 0.681716 -0.476622 -0.450691
0.203999 0.026180 1.781743 -0.330483 0.681572 -0.471273 -0.451821
0.203699 0.025135 1.784718 -0.337144 0.680936 -0.467682 -0.451589
0.203815 0.024071 1.788025 -0.344190 0.680673 -0.464271 -0.450188
0.203771 0.023040 1.790846 -0.351173 0.679931 -0.460319 -0.449976
0.203637 0.022137 1.793226 -0.358126 0.678542 -0.456131 -0.450856
0.204080 0.021124 1.796273 -0.365388 0.676868 -0.453179 -0.450522
0.204764 0.019539 1.799637 -0.372870 0.676192 -0.449569 -0.449021
0.205132 0.017820 1.802472 -0.380036 0.675366 -0.445023 -0.448784
0.205314 0.016236 1.804849 -0.386653 0.674186 -0.440425 -0.449442
0.206168 0.014690 1.807695 -0.393513 0.672690 -0.437363 -0.448720
0.207448 0.012722 1.810740 -0.400765 0.671608 -0.433944 -0.447239
0.208340 0.010656 1.813266 -0.406242 0.671132 -0.430482 -0.446358
0.209008 0.008755 1.815348 -0.410255 0.670989 -0.427542 -0.445727
0.210673 0.006700 1.817636 -0.416660 0.669899 -0.424523 -0.444307
0.212751 0.003741 1.820074 -0.422737 0.670223 -0.420791 -0.441621
0.214233 0.000578 1.822023 -0.426711 0.671457 -0.416854 -0.439654
0.215326 -0.002342 1.823614 -0.429359 0.672845 -0.413349 -0.438262
0.217441 -0.004803 1.825457 -0.434592 0.672506 -0.410275 -0.436509
0.220479 -0.007369 1.827580 -0.440597 0.672130 -0.407415 -0.433738
0.222851 -0.010041 1.829315 -0.444793 0.672532 -0.404416 -0.431633
0.224693 -0.012507 1.830747 -0.447721 0.673194 -0.401722 -0.430088
0.227496 -0.014341 1.832676 -0.452729 0.672224 -0.399434 -0.428488
0.231541 -0.016182 1.835260 -0.458516 0.671103 -0.397597 -0.425793
0.234795 -0.018392 1.837365 -0.462526 0.671014 -0.395271 -0.423758
0.237368 -0.020567 1.839080 -0.465292 0.671353 -0.392987 -0.422314
0.240821 -0.022200 1.841348 -0.470213 0.669821 -0.391244 -0.420913
0.245558 -0.023919 1.844589 -0.476227 0.667860 -0.390296 -0.418138
0.249415 -0.026248 1.847291 -0.480367 0.667333 -0.388560 -0.415856
0.252459 -0.028671 1.849472 -0.483202 0.667476 -0.386550 -0.414211
0.256279 -0.030510 1.852040 -0.487758 0.665877 -0.385039 -0.412850
0.261466 -0.032236 1.855569 -0.493259 0.663428 -0.384663 -0.410600
0.265818 -0.034699 1.858579 -0.496828 0.662491 -0.383569 -0.408829
0.269287 -0.037399 1.860951 -0.499139 0.662424 -0.381884 -0.407701
0.273169 -0.039536 1.863776 -0.501813 0.661179 -0.380825 -0.407429
0.278293 -0.041425 1.867670 -0.504892 0.658916 -0.381088 -0.407044
0.282533 -0.043881 1.870908 -0.506821 0.657981 -0.380491 -0.406719
0.285918 -0.046427 1.873506 -0.508025 0.657777 -0.379386 -0.406579
0.289606 -0.048558 1.876425 -0.509397 0.656715 -0.378949 -0.406986
0.294445 -0.050938 1.880157 -0.510946 0.654953 -0.379334 -0.407526
0.298393 -0.054056 1.883142 -0.511670 0.654607 -0.378407 -0.408034
0.301510 -0.057269 1.885493 -0.511923 0.654991 -0.376859 -0.408533
0.304946 -0.059980 1.888233 -0.511908 0.654920 -0.376403 -0.409086
0.309620 -0.062722 1.892034 -0.511700 0.654243 -0.377567 -0.409356
0.313489 -0.066207 1.895169 -0.510830 0.654715 -0.377539 -0.409714
0.316533 -0.069824 1.897603 -0.509747 0.655786 -0.376618 -0.410198
0.319794 -0.072962 1.899992 -0.508242 0.656984 -0.376440 -0.410312
0.324133 -0.075845 1.902630 -0.506423 0.657864 -0.377342 -0.410321
0.327717 -0.078837 1.904635 -0.504635 0.658955 -0.377367 -0.410752
0.330625 -0.081620 1.906210 -0.503036 0.660059 -0.376997 -0.411278
0.333690 -0.083987 1.908066 -0.501132 0.661026 -0.377453 -0.411632
0.337641 -0.086714 1.910536 -0.498711 0.662043 -0.378653 -0.411835
0.340790 -0.089892 1.912393 -0.496341 0.663580 -0.378579 -0.412292
0.343278 -0.093003 1.913834 -0.494206 0.665222 -0.377932 -0.412803
0.345927 -0.095677 1.915495 -0.491920 0.666684 -0.378197 -0.412933
0.349564 -0.098192 1.917774 -0.489427 0.667729 -0.379963 -0.412587
0.352530 -0.100810 1.919551 -0.487149 0.668909 -0.380827 -0.412574
0.354917 -0.103248 1.920966 -0.485171 0.670053 -0.381200 -0.412705
0.357460 -0.105378 1.922441 -0.482992 0.671125 -0.382335 -0.412467
0.360923 -0.107896 1.924104 -0.480316 0.672117 -0.384319 -0.412134
0.363704 -0.110782 1.925208 -0.477747 0.673395 -0.384965 -0.412429
0.365911 -0.113590 1.925993 -0.475467 0.674713 -0.384951 -0.412923
0.368104 -0.116030 1.926658 -0.473277 0.676119 -0.385129 -0.412972
0.370970 -0.118180 1.927214 -0.471176 0.677437 -0.385755 -0.412631
0.373377 -0.120232 1.927516 -0.469347 0.678543 -0.385902 -0.412762
0.375366 -0.122048 1.927703 -0.467826 0.679453 -0.385844 -0.413047
0.377414 -0.123653 1.927887 -0.466410 0.680289 -0.386242 -0.412899
0.380115 -0.125852 1.927837 -0.464676 0.681283 -0.386866 -0.412631
0.382277 -0.128454 1.927426 -0.462843 0.682473 -0.386382 -0.413177
0.383982 -0.131018 1.926922 -0.461152 0.683677 -0.385445 -0.413954
0.385756 -0.133301 1.926698 -0.459370 0.684703 -0.385041 -0.414615
0.388436 -0.135625 1.927023 -0.457294 0.685210 -0.385767 -0.415395
0.390614 -0.138091 1.927088 -0.455357 0.685870 -0.385740 -0.416457
0.392501 -0.140270 1.927194 -0.453802 0.686207 -0.385976 -0.417381
0.394525 -0.142062 1.927324 -0.452616 0.686428 -0.386409 -0.417903
0.397401 -0.144829 1.927112 -0.451360 0.687193 -0.386462 -0.417955
0.399422 -0.148208 1.926912 -0.449974 0.688824 -0.385854 -0.417328
0.401024 -0.151611 1.926531 -0.448318 0.690107 -0.384213 -0.418501
0.402511 -0.154846 1.926027 -0.447615 0.691067 -0.382971 -0.418807
0.403824 -0.158995 1.925449 -0.447437 0.693633 -0.381177 -0.416386
0.404452 -0.163681 1.925047 -0.446687 0.696647 -0.378679 -0.414434
0.404739 -0.168287 1.924794 -0.445723 0.699418 -0.376105 -0.413147
0.405079 -0.172637 1.924449 -0.445187 0.702058 -0.373272 -0.411814
0.405931 -0.178183 1.924082 -0.445508 0.704847 -0.369307 -0.410275
0.406169 -0.184472 1.923829 -0.444695 0.708330 -0.364823 -0.409170
0.405983 -0.190684 1.923575 -0.443300 0.712001 -0.360203 -0.408404
0.405816 -0.196447 1.923313 -0.442375 0.715050 -0.355531 -0.408171
0.406090 -0.202733 1.923144 -0.442509 0.717427 -0.350084 -0.408566
0.405922 -0.209646 1.923195 -0.441255 0.720391 -0.344832 -0.409173
0.405429 -0.216560 1.923269 -0.439299 0.723521 -0.339812 -0.409951
0.404979 -0.222920 1.923278 -0.437693 0.726210 -0.334957 -0.410909
0.404921 -0.229461 1.923241 -0.437092 0.728578 -0.329087 -0.412101
0.404517 -0.236258 1.923393 -0.435445 0.731221 -0.323626 -0.413484
0.403966 -0.242592 1.923578 -0.433475 0.733693 -0.318830 -0.414898
0.403508 -0.248199 1.923838 -0.431731 0.735654 -0.314688 -0.416405
0.403044 -0.254484 1.924624 -0.429738 0.737543 -0.309921 -0.418695
0.402248 -0.261306 1.925484 -0.426787 0.739688 -0.305406 -0.421238
0.401325 -0.267720 1.926213 -0.423719 0.741797 -0.301340 -0.423549
0.400516 -0.273404 1.926790 -0.421132 0.743583 -0.297657 -0.425595
0.399811 -0.279462 1.927348 -0.419044 0.745454 -0.292491 -0.427961
0.398887 -0.285532 1.928033 -0.416535 0.747293 -0.287922 -0.430295
0.397986 -0.290914 1.928697 -0.414122 0.748865 -0.284063 -0.432448
0.397268 -0.295525 1.929271 -0.411846 0.750445 -0.280849 -0.433982
0.396536 -0.300932 1.930169 -0.408940 0.752735 -0.276615 -0.435479
0.395602 -0.306446 1.931330 -0.405847 0.754578 -0.272744 -0.437620
0.394759 -0.311330 1.932367 -0.402970 0.756156 -0.269635 -0.439478
0.394053 -0.315439 1.933340 -0.400370 0.757560 -0.266985 -0.441051
0.393216 -0.319867 1.934862 -0.396476 0.760152 -0.263475 -0.442217
0.392375 -0.324179 1.936566 -0.392933 0.761922 -0.260363 -0.444172
0.391692 -0.327872 1.938066 -0.389880 0.763327 -0.257954 -0.445854
0.391181 -0.330921 1.939375 -0.387279 0.764567 -0.255962 -0.447141
0.390806 -0.334433 1.940668 -0.383795 0.766917 -0.253393 -0.447583
0.390353 -0.338065 1.941916 -0.380536 0.768641 -0.251164 -0.448665
0.389920 -0.341275 1.943006 -0.377754 0.769959 -0.249319 -0.449785
0.389579 -0.343989 1.943952 -0.375455 0.771071 -0.247768 -0.450659
0.389346 -0.347010 1.944963 -0.373172 0.772694 -0.245627 -0.450949
0.389058 -0.349960 1.946045 -0.371040 0.773854 -0.243739 -0.451741
0.388802 -0.352515 1.946968 -0.369235 0.774720 -0.242216 -0.452553
0.388592 -0.354657 1.947757 -0.367712 0.775503 -0.240930 -0.453140
0.388325 -0.357150 1.948561 -0.365633 0.777186 -0.239326 -0.452788
0.388007 -0.359623 1.949533 -0.363815 0.778273 -0.237859 -0.453160
0.387769 -0.361729 1.950403 -0.362300 0.779076 -0.236773 -0.453560
0.387635 -0.363452 1.951135 -0.361206 0.779689 -0.235908 -0.453832
0.387793 -0.365288 1.951430 -0.361289 0.780301 -0.234771 -0.453302
0.387809 -0.367093 1.951720 -0.361185 0.780835 -0.233797 -0.452968
0.387764 -0.368681 1.951994 -0.361021 0.781291 -0.232983 -0.452732
0.387725 -0.370023 1.952223 -0.360921 0.781703 -0.232279 -0.452464
0.388105 -0.371403 1.951988 -0.361684 0.782452 -0.231285 -0.451066
0.388354 -0.372764 1.951816 -0.362182 0.783079 -0.230467 -0.449996
0.388510 -0.373967 1.951714 -0.362500 0.783588 -0.229814 -0.449187
0.388625 -0.374994 1.951640 -0.362861 0.783970 -0.229240 -0.448522
0.388860 -0.376146 1.951292 -0.365488 0.783665 -0.228173 -0.447465
0.388944 -0.377266 1.951110 -0.367482 0.783464 -0.227464 -0.446544
0.388923 -0.378261 1.951024 -0.368978 0.783378 -0.226922 -0.445737
0.388846 -0.379135 1.950983 -0.370222 0.783354 -0.226476 -0.444971
0.389197 -0.379967 1.950309 -0.373920 0.783252 -0.226610 -0.441983
0.389580 -0.380548 1.949821 -0.376948 0.783087 -0.227100 -0.439443
0.389932 -0.380942 1.949453 -0.379357 0.782884 -0.227584 -0.437477
0.390247 -0.381212 1.949137 -0.381411 0.782635 -0.227964 -0.435936
0.390358 -0.381105 1.947525 -0.388498 0.781805 -0.226817 -0.431745
0.390572 -0.380603 1.946227 -0.394329 0.781119 -0.226331 -0.427939
0.390864 -0.379970 1.945253 -0.399025 0.780390 -0.226237 -0.424956
0.391157 -0.379328 1.944480 -0.402811 0.779683 -0.226289 -0.422649
0.390742 -0.378087 1.942402 -0.412592 0.777779 -0.225667 -0.417018
0.390602 -0.376183 1.941053 -0.420951 0.776251 -0.226542 -0.410990
0.390633 -0.374176 1.940277 -0.427746 0.774750 -0.227984 -0.405977
0.390698 -0.372307 1.939769 -0.433173 0.773396 -0.229450 -0.401962
0.390307 -0.369927 1.937735 -0.445397 0.769748 -0.229578 -0.395478
0.390266 -0.366908 1.936335 -0.456006 0.766512 -0.231080 -0.388742
0.390410 -0.363908 1.935494 -0.464612 0.763528 -0.233076 -0.383191
0.390566 -0.361199 1.934897 -0.471483 0.760942 -0.234972 -0.378761
0.389767 -0.358413 1.933022 -0.483419 0.755471 -0.236388 -0.373752
0.388906 -0.354945 1.931190 -0.493987 0.750645 -0.238021 -0.368584
0.388556 -0.350881 1.929704 -0.503205 0.746245 -0.239805 -0.363863
0.388687 -0.346570 1.928627 -0.511140 0.742075 -0.241954 -0.359887
0.387557 -0.342854 1.927788 -0.520160 0.735779 -0.244671 -0.358048
0.385661 -0.339428 1.926801 -0.527735 0.730890 -0.246896 -0.355439
0.383961 -0.335920 1.925798 -0.534375 0.727042 -0.248503 -0.352277
0.382766 -0.332072 1.924866 -0.540497 0.723630 -0.249904 -0.348957
0.380342 -0.328539 1.924687 -0.546134 0.718499 -0.252723 -0.348753
0.377441 -0.325291 1.924172 -0.550856 0.714272 -0.255318 -0.348118
0.374852 -0.322001 1.923308 -0.555244 0.710954 -0.257029 -0.346676
0.372924 -0.318374 1.922400 -0.559601 0.707950 -0.258413 -0.344787
0.369712 -0.314886 1.922208 -0.562193 0.704604 -0.261135 -0.345369
0.366234 -0.311554 1.921763 -0.564429 0.701819 -0.263842 -0.345337
0.363391 -0.308030 1.921125 -0.567000 0.699403 -0.265926 -0.344424
0.361317 -0.304126 1.920465 -0.569987 0.696963 -0.267793 -0.342993
0.357926 -0.300264 1.919531 -0.572597 0.694328 -0.268695 -0.343285
0.354427 -0.296578 1.918042 -0.575062 0.692143 -0.269086 -0.343270
0.351720 -0.292673 1.916554 -0.577898 0.689962 -0.269378 -0.342669
0.349799 -0.288407 1.915220 -0.581132 0.687550 -0.269909 -0.341629
0.346260 -0.284030 1.913692 -0.583294 0.685820 -0.269451 -0.341784
0.342899 -0.279504 1.912048 -0.585407 0.684173 -0.269270 -0.341612
0.340440 -0.274677 1.910624 -0.588046 0.682075 -0.269572 -0.341036
0.338750 -0.269549 1.909438 -0.591155 0.679530 -0.270363 -0.340114
0.336503 -0.264113 1.907725 -0.595060 0.676800 -0.269852 -0.339153
0.334648 -0.258391 1.905817 -0.599051 0.673840 -0.269567 -0.338248
0.333494 -0.252435 1.904197 -0.603237 0.670375 -0.269926 -0.337403
0.332863 -0.246300 1.902877 -0.607597 0.666544 -0.270861 -0.336422
0.331441 -0.239620 1.901135 -0.612424 0.663459 -0.270311 -0.334203
0.330289 -0.232409 1.899512 -0.617189 0.660173 -0.270694 -0.331622
0.329698 -0.225030 1.898300 -0.622032 0.656146 -0.272017 -0.329478
