0.265155 0.215484 1.718413 0.063259 -0.171612 0.950793 0.250079
0.259604 0.212639 1.722977 0.065541 -0.177099 0.948725 0.253500
0.254400 0.208803 1.727460 0.070732 -0.185191 0.944563 0.261730
0.248944 0.204785 1.732705 0.075429 -0.194177 0.940068 0.269957
0.243360 0.200793 1.737631 0.079010 -0.202456 0.936216 0.276169
0.237871 0.196861 1.741732 0.082006 -0.209483 0.933033 0.280787
0.232713 0.191723 1.745748 0.088126 -0.219909 0.927432 0.289385
0.227373 0.186490 1.750316 0.093742 -0.230647 0.921569 0.297867
0.222520 0.181216 1.754274 0.098766 -0.240023 0.916232 0.305211
0.218553 0.175528 1.757369 0.103106 -0.247994 0.911334 0.311990
0.215076 0.168229 1.760294 0.110578 -0.259407 0.903578 0.322532
0.211957 0.160793 1.763148 0.117814 -0.270188 0.895504 0.333452
0.209404 0.153246 1.765353 0.124161 -0.279045 0.887650 0.344666
0.207351 0.145659 1.766949 0.129231 -0.286407 0.880401 0.355195
0.204846 0.137576 1.768862 0.135128 -0.296263 0.870956 0.367971
0.202517 0.130717 1.770816 0.140988 -0.304977 0.861875 0.379843
0.200592 0.125066 1.772344 0.146274 -0.311934 0.854062 0.389716
0.199010 0.120164 1.773407 0.151368 -0.318001 0.847021 0.398144
0.197280 0.114686 1.774322 0.159514 -0.327065 0.837321 0.408016
0.195695 0.110215 1.775309 0.166908 -0.334879 0.828817 0.416005
0.194391 0.106598 1.776088 0.173092 -0.341119 0.821932 0.422023
0.193308 0.103378 1.776619 0.179124 -0.346537 0.815302 0.427912
0.192126 0.099716 1.777420 0.187491 -0.353792 0.805923 0.436081
0.191071 0.096642 1.778321 0.194633 -0.360275 0.797981 0.442206
0.190215 0.094129 1.779065 0.200500 -0.365465 0.791564 0.446836
0.189549 0.091640 1.779491 0.206792 -0.370241 0.784799 0.451939
0.188892 0.088190 1.779774 0.214696 -0.376443 0.775166 0.459688
0.188328 0.085070 1.780129 0.220777 -0.381659 0.767025 0.466119
0.187879 0.082420 1.780433 0.225526 -0.385796 0.760425 0.471224
0.187628 0.079881 1.780647 0.231229 -0.389679 0.753296 0.476685
0.187452 0.076963 1.781246 0.238494 -0.395686 0.744370 0.482147
0.187249 0.074432 1.781936 0.244250 -0.401130 0.736939 0.486167
0.187078 0.072335 1.782548 0.248791 -0.405501 0.730973 0.489234
0.187298 0.070324 1.783072 0.254400 -0.409263 0.724631 0.492640
0.187929 0.067843 1.783841 0.260212 -0.414278 0.717268 0.496177
0.188424 0.065449 1.784615 0.264305 -0.418818 0.710998 0.499214
0.188818 0.063363 1.785305 0.267299 -0.422516 0.705911 0.501718
0.189756 0.061225 1.785837 0.272305 -0.425820 0.700033 0.504461
0.191125 0.058459 1.786539 0.277474 -0.430454 0.693162 0.507192
0.192201 0.055741 1.787255 0.280867 -0.434711 0.687230 0.509760
0.193052 0.053357 1.787909 0.283202 -0.438214 0.682391 0.511964
0.194728 0.050955 1.788020 0.288851 -0.441488 0.676292 0.514084
0.196950 0.048181 1.787908 0.295035 -0.445618 0.669489 0.515912
0.198726 0.045521 1.787932 0.299223 -0.449270 0.663720 0.517782
0.200134 0.043195 1.788027 0.302146 -0.452256 0.659041 0.519459
0.202416 0.040807 1.787880 0.308251 -0.455578 0.652775 0.520877
0.204974 0.037817 1.787862 0.313828 -0.460705 0.645592 0.521989
0.207002 0.034864 1.787986 0.317418 -0.465329 0.639383 0.523358
0.208614 0.032261 1.788171 0.319808 -0.469110 0.634323 0.524683
0.211399 0.030075 1.787913 0.325697 -0.472387 0.628230 0.525450
0.214445 0.027906 1.787642 0.330824 -0.476255 0.622285 0.525830
0.216905 0.025814 1.787518 0.334212 -0.479567 0.617324 0.526524
0.218887 0.023979 1.787490 0.336502 -0.482223 0.613347 0.527288
0.222401 0.022143 1.786941 0.342672 -0.484263 0.608481 0.527082
0.226004 0.019616 1.786432 0.347449 -0.487152 0.603308 0.527240
0.228872 0.016943 1.786079 0.350374 -0.489901 0.598617 0.528103
0.231166 0.014511 1.785840 0.352240 -0.492216 0.594687 0.529148
0.235134 0.012685 1.785160 0.358014 -0.493505 0.589861 0.529473
0.239054 0.010536 1.784579 0.362387 -0.495445 0.585141 0.529925
0.242205 0.008289 1.784143 0.365183 -0.497341 0.580920 0.530872
0.244764 0.006252 1.783816 0.367083 -0.498935 0.577388 0.531918
0.249262 0.005001 1.783053 0.371797 -0.499520 0.574549 0.531169
0.253460 0.003498 1.782360 0.375181 -0.500502 0.571789 0.530843
0.256856 0.001900 1.781806 0.377369 -0.501495 0.569244 0.531090
0.259700 0.000453 1.781336 0.379045 -0.502290 0.567036 0.531507
0.264284 -0.000672 1.780082 0.382666 -0.502705 0.564864 0.530833
0.268385 -0.002392 1.778823 0.384659 -0.503415 0.562343 0.531395
0.271696 -0.004284 1.777740 0.385671 -0.504151 0.559862 0.532582
0.274608 -0.005975 1.776785 0.386593 -0.504663 0.557698 0.533699
0.279439 -0.007255 1.775393 0.389698 -0.504702 0.556068 0.533104
0.283726 -0.009227 1.774107 0.391337 -0.505333 0.553897 0.533565
0.287166 -0.011406 1.773004 0.392046 -0.506119 0.551597 0.534681
0.290337 -0.013294 1.772029 0.392847 -0.506571 0.549668 0.535650
0.295496 -0.014593 1.770912 0.395875 -0.505911 0.548673 0.535065
0.299951 -0.016509 1.769921 0.397643 -0.506019 0.547073 0.535289
0.303523 -0.018574 1.769082 0.398570 -0.506403 0.545290 0.536056
0.306977 -0.020235 1.768289 0.399484 -0.506643 0.543999 0.536460
0.312291 -0.020954 1.767217 0.401721 -0.506400 0.543727 0.535295
0.316800 -0.021937 1.766246 0.403189 -0.506484 0.543091 0.534756
0.320479 -0.022972 1.765427 0.404141 -0.506621 0.542356 0.534655
0.324236 -0.023705 1.764546 0.405140 -0.506738 0.542353 0.533789
0.329622 -0.024327 1.763000 0.406517 -0.506834 0.543314 0.531670
0.334115 -0.025627 1.761483 0.406879 -0.507059 0.543353 0.531139
0.337752 -0.027108 1.760152 0.406795 -0.507297 0.542983 0.531354
0.341493 -0.028317 1.758870 0.406797 -0.507419 0.543188 0.531028
0.346140 -0.029550 1.757225 0.406876 -0.507471 0.543759 0.530332
0.349955 -0.031150 1.755680 0.406411 -0.507575 0.543660 0.530689
0.353056 -0.032747 1.754342 0.405801 -0.507667 0.543305 0.531431
0.356522 -0.033871 1.753148 0.405563 -0.507488 0.543925 0.531150
0.360768 -0.034723 1.751879 0.405821 -0.507194 0.545174 0.529951
0.364258 -0.035747 1.750749 0.405760 -0.507039 0.545854 0.529446
0.367107 -0.036743 1.749789 0.405586 -0.506915 0.546238 0.529302
0.369836 -0.037576 1.748904 0.405200 -0.507262 0.547255 0.528215
0.372506 -0.038444 1.747969 0.404594 -0.507951 0.548417 0.526810
0.374690 -0.039344 1.747139 0.403914 -0.508451 0.549171 0.526063
0.376479 -0.040160 1.746436 0.403285 -0.508796 0.549696 0.525663
0.378554 -0.040765 1.745814 0.402506 -0.509181 0.551356 0.524149
0.380737 -0.041475 1.745130 0.401656 -0.509526 0.553105 0.522618
0.382503 -0.042279 1.744506 0.400764 -0.509781 0.554297 0.521791
0.383938 -0.043036 1.743976 0.399954 -0.509961 0.555148 0.521332
0.385738 -0.043824 1.743720 0.398977 -0.510400 0.557611 0.519017
0.388159 -0.044078 1.743612 0.399687 -0.509889 0.561376 0.514899
0.389614 -0.044635 1.743648 0.399505 -0.509863 0.563924 0.512275
0.390710 -0.045406 1.743686 0.398980 -0.510147 0.565452 0.510713
0.391880 -0.046230 1.743746 0.397107 -0.511525 0.568213 0.507723
0.393046 -0.046964 1.743727 0.395565 -0.512648 0.570869 0.504807
0.394008 -0.047585 1.743719 0.394408 -0.513460 0.572966 0.502505
0.394629 -0.048201 1.743766 0.393394 -0.514011 0.574527 0.500951
0.395159 -0.048983 1.743837 0.390101 -0.516309 0.577936 0.497229
0.395768 -0.049604 1.743788 0.387520 -0.518044 0.581094 0.493749
0.396187 -0.050181 1.743783 0.385401 -0.519367 0.583443 0.491242
0.396494 -0.050726 1.743777 0.383626 -0.520454 0.585199 0.489389
0.396639 -0.051224 1.744275 0.378147 -0.523260 0.590064 0.484796
0.396719 -0.051627 1.744613 0.373435 -0.525757 0.593934 0.481007
0.396800 -0.051892 1.744878 0.369739 -0.527638 0.596991 0.478009
0.396825 -0.052141 1.745144 0.366593 -0.529121 0.599515 0.475630
0.396438 -0.052639 1.745847 0.359579 -0.532839 0.604970 0.469891
0.396102 -0.053145 1.746435 0.353046 -0.536434 0.610139 0.464032
0.395849 -0.053557 1.746923 0.347928 -0.539250 0.614203 0.459249
0.395652 -0.053839 1.747331 0.343646 -0.541571 0.617671 0.455073
0.395032 -0.054267 1.747568 0.337148 -0.545452 0.622477 0.448704
0.394518 -0.054771 1.747821 0.330851 -0.549192 0.627259 0.442121
0.394087 -0.055222 1.748022 0.324593 -0.552652 0.631987 0.435669
0.393663 -0.055619 1.748092 0.318927 -0.555921 0.636080 0.429696
0.392760 -0.055561 1.747689 0.312211 -0.559831 0.639994 0.423700
0.391860 -0.055473 1.747260 0.305209 -0.563799 0.643938 0.417519
0.391133 -0.055357 1.746909 0.298378 -0.567542 0.647957 0.411119
0.390513 -0.055200 1.746523 0.291820 -0.571135 0.651945 0.404493
0.389522 -0.054874 1.745937 0.285276 -0.574888 0.655482 0.398075
0.388610 -0.054565 1.745468 0.278688 -0.578407 0.659111 0.391602
0.387902 -0.054261 1.745089 0.272296 -0.581631 0.662866 0.384927
0.387304 -0.053911 1.744726 0.266043 -0.584795 0.666462 0.378236
0.386628 -0.053378 1.744405 0.259654 -0.588080 0.669554 0.372073
0.386100 -0.052941 1.744109 0.253215 -0.591137 0.672891 0.365591
0.385699 -0.052592 1.743869 0.246873 -0.593970 0.676321 0.358948
0.385335 -0.052262 1.743509 0.240735 -0.596770 0.679590 0.352234
0.384762 -0.051841 1.742890 0.234444 -0.599738 0.682555 0.345641
0.384252 -0.051498 1.742344 0.228049 -0.602485 0.685646 0.338963
0.383851 -0.051237 1.741907 0.221732 -0.604976 0.688799 0.332256
0.383479 -0.050873 1.741283 0.215681 -0.607660 0.691675 0.325296
0.382877 -0.050349 1.740686 0.209663 -0.610668 0.693948 0.318690
0.382475 -0.049759 1.740305 0.203965 -0.613319 0.696428 0.311812
0.382224 -0.049167 1.740013 0.198436 -0.615665 0.699099 0.304698
0.382171 -0.048602 1.739534 0.193061 -0.617997 0.701767 0.297204
0.382219 -0.048123 1.738866 0.187563 -0.620394 0.704308 0.289625
0.382299 -0.047730 1.738346 0.182067 -0.622536 0.706872 0.282192
0.382429 -0.047334 1.737920 0.176627 -0.624448 0.709504 0.274720
0.382529 -0.046938 1.737163 0.171587 -0.626939 0.711416 0.267194
0.382528 -0.046506 1.736345 0.166473 -0.629706 0.712996 0.259603
0.382496 -0.046138 1.735631 0.161441 -0.632187 0.714515 0.252477
0.382441 -0.045829 1.734968 0.157265 -0.634358 0.715566 0.246624
0.382545 -0.045412 1.734666 0.152874 -0.635952 0.717331 0.240064
0.382514 -0.045125 1.734361 0.148331 -0.637401 0.718961 0.234120
0.382475 -0.044895 1.734039 0.144593 -0.638721 0.720131 0.229213
0.382443 -0.044684 1.733761 0.141644 -0.639825 0.720983 0.225264
0.382606 -0.044368 1.733405 0.138077 -0.641235 0.722281 0.219235
0.382555 -0.044214 1.732872 0.134137 -0.642866 0.723233 0.213691
0.382538 -0.044037 1.732342 0.130864 -0.644406 0.723882 0.208831
0.382474 -0.043912 1.731900 0.128192 -0.645664 0.724313 0.205078
0.382678 -0.043605 1.731709 0.124479 -0.646693 0.725623 0.199408
0.382735 -0.043402 1.731360 0.120526 -0.647774 0.726660 0.194493
0.382835 -0.043120 1.730935 0.117226 -0.648829 0.727429 0.190071
0.382867 -0.042949 1.730591 0.114581 -0.649638 0.727981 0.186781
0.382970 -0.042575 1.730143 0.111086 -0.651110 0.728591 0.181301
0.382804 -0.042327 1.729613 0.107443 -0.652615 0.728875 0.176890
0.382705 -0.042030 1.729087 0.104422 -0.654030 0.728998 0.172924
0.382597 -0.041809 1.728642 0.101943 -0.655180 0.729064 0.169740
0.382655 -0.041533 1.728297 0.098472 -0.656177 0.729770 0.164839
0.382618 -0.041330 1.727863 0.095192 -0.657172 0.730211 0.160799
0.382596 -0.041123 1.727463 0.092496 -0.658068 0.730489 0.157406
0.382626 -0.040889 1.727152 0.090205 -0.658825 0.730759 0.154282
0.382827 -0.040452 1.727193 0.086258 -0.659225 0.731938 0.149155
0.382978 -0.040115 1.727072 0.082621 -0.659765 0.732745 0.144807
0.383153 -0.039825 1.726945 0.079761 -0.660298 0.733303 0.141108
0.383363 -0.039503 1.726790 0.077467 -0.660936 0.733621 0.137704
0.383434 -0.038948 1.725990 0.074418 -0.662501 0.733309 0.133465
0.383403 -0.038326 1.725116 0.071402 -0.664044 0.732886 0.129712
0.383375 -0.037765 1.724360 0.068919 -0.665403 0.732436 0.126596
0.383385 -0.037262 1.723585 0.066914 -0.666849 0.731789 0.123768
0.383446 -0.036811 1.722200 0.064889 -0.669402 0.730206 0.120369
0.383490 -0.036310 1.720997 0.063292 -0.671676 0.728705 0.117626
0.383488 -0.035818 1.720017 0.062102 -0.673537 0.727404 0.115650
0.383455 -0.035370 1.718994 0.061295 -0.675428 0.725950 0.114179
0.383328 -0.034756 1.717445 0.060820 -0.678289 0.723552 0.112685
0.383151 -0.034085 1.716159 0.060533 -0.680741 0.721430 0.111654
0.382981 -0.033521 1.715161 0.060396 -0.682693 0.719688 0.111046
0.382807 -0.033000 1.714182 0.060337 -0.684644 0.717929 0.110454
0.382524 -0.032414 1.713053 0.060207 -0.687052 0.715756 0.109676
0.382252 -0.031841 1.712184 0.060066 -0.689105 0.713894 0.109000
0.382020 -0.031324 1.711516 0.059923 -0.690823 0.712337 0.108392
0.381814 -0.030850 1.710741 0.059821 -0.692709 0.710622 0.107668
0.381579 -0.030414 1.709746 0.059839 -0.695033 0.708466 0.106881
0.381368 -0.030016 1.708970 0.059946 -0.696996 0.706616 0.106289
0.381188 -0.029657 1.708363 0.060067 -0.698623 0.705070 0.105802
0.381143 -0.029250 1.707482 0.060140 -0.700586 0.703215 0.105126
0.381256 -0.028738 1.706262 -0.060189 0.702920 -0.700996 -0.104335
0.381350 -0.028265 1.705258 -0.060274 0.704826 -0.699162 -0.103737
0.381428 -0.027840 1.704440 -0.060361 0.706357 -0.697677 -0.103263
0.381447 -0.027519 1.703724 -0.060374 0.707744 -0.696339 -0.102781
0.381410 -0.027333 1.703131 -0.060303 0.709060 -0.695085 -0.102242
0.381381 -0.027170 1.702670 -0.060218 0.710166 -0.694039 -0.101725
0.381357 -0.027018 1.702308 -0.060122 0.711088 -0.693174 -0.101244
0.381167 -0.026708 1.702224 -0.060216 0.711444 -0.692815 -0.101135
0.380744 -0.026181 1.702273 -0.060422 0.711501 -0.692687 -0.101490
0.380350 -0.025670 1.702345 -0.060615 0.711591 -0.692522 -0.101864
0.380018 -0.025216 1.702438 -0.060774 0.711700 -0.692355 -0.102150
0.379471 -0.024653 1.703296 -0.061496 0.710213 -0.693544 -0.103988
0.378683 -0.024067 1.704458 -0.061682 0.708660 -0.694759 -0.106333
0.378096 -0.023546 1.705338 -0.062052 0.707242 -0.695895 -0.108106
