0.396019 0.319506 1.374126 0.728041 -0.052406 0.682617 0.035278
0.391526 0.321566 1.379596 0.727086 -0.050475 0.683728 0.036273
0.386939 0.323261 1.384573 0.726051 -0.048994 0.684904 0.036831
0.382233 0.324634 1.389008 0.725331 -0.047406 0.685738 0.037553
0.377558 0.326510 1.394358 0.725513 -0.045630 0.685611 0.038559
0.372934 0.328360 1.400055 0.725180 -0.043407 0.686034 0.039836
0.368241 0.329868 1.405328 0.724630 -0.041532 0.686678 0.040748
0.363454 0.330949 1.409912 0.724056 -0.040027 0.687338 0.041329
0.358869 0.332219 1.415337 0.723595 -0.038409 0.687853 0.042344
0.354519 0.333510 1.421585 0.722409 -0.036820 0.689106 0.043611
0.350117 0.334454 1.427447 0.721153 -0.034347 0.690407 0.045782
0.345598 0.334975 1.432541 0.720029 -0.031731 0.691548 0.048088
0.341086 0.335475 1.437749 0.719309 -0.030617 0.692266 0.049239
0.336827 0.336353 1.444479 0.718199 -0.030948 0.693396 0.049349
0.332541 0.336977 1.451056 0.716908 -0.030410 0.694685 0.050315
0.328133 0.337189 1.456817 0.715796 -0.028769 0.695756 0.052270
0.323671 0.337084 1.461940 0.714886 -0.027949 0.696611 0.053754
0.319543 0.337267 1.468441 0.713526 -0.030450 0.697926 0.053408
0.315407 0.337230 1.474884 0.712064 -0.031973 0.699310 0.053918
0.311148 0.336799 1.480488 0.710899 -0.031938 0.700360 0.055664
0.306769 0.335981 1.485119 0.710084 -0.030428 0.701017 0.058570
0.302780 0.335144 1.490808 0.708482 -0.033391 0.702426 0.059461
0.298904 0.334132 1.496809 0.706632 -0.036143 0.704037 0.060805
0.294915 0.332795 1.502039 0.705200 -0.037240 0.705198 0.063271
0.290793 0.331152 1.506306 0.704238 -0.036654 0.705861 0.066826
0.286795 0.329430 1.510862 0.703324 -0.038329 0.706473 0.069018
0.283028 0.327696 1.516354 0.702007 -0.041848 0.707453 0.070324
0.279181 0.325718 1.521244 0.701014 -0.043761 0.708084 0.072666
0.275215 0.323493 1.525218 0.700450 -0.043884 0.708274 0.076105
0.271216 0.321123 1.528857 0.700110 -0.043497 0.708254 0.079556
0.267489 0.318748 1.533815 0.699083 -0.045178 0.708930 0.081609
0.263756 0.316182 1.538371 0.698212 -0.045871 0.709406 0.084494
0.259946 0.313552 1.542097 0.697647 -0.044966 0.709544 0.088391
0.256024 0.311525 1.545167 0.697268 -0.042357 0.709529 0.092688
0.252200 0.309899 1.549722 0.696251 -0.042203 0.710274 0.094684
0.248351 0.308871 1.554342 0.695096 -0.041359 0.711169 0.096794
0.244251 0.308592 1.558310 0.694285 -0.038694 0.711800 0.099052
0.239858 0.309040 1.561585 0.693795 -0.034342 0.712191 0.101253
0.235350 0.310018 1.565988 0.692506 -0.030346 0.713530 0.101929
0.230870 0.311325 1.571379 0.690374 -0.027022 0.715666 0.102348
0.226165 0.313032 1.576148 0.688586 -0.022733 0.717479 0.102743
0.221286 0.315106 1.580138 0.687166 -0.018352 0.719070 0.102007
0.216693 0.317265 1.584119 0.686056 -0.013535 0.720415 0.100725
0.212829 0.319070 1.589271 0.684440 -0.009592 0.722145 0.099781
0.209615 0.320445 1.593960 0.682898 -0.006940 0.723770 0.098783
0.206936 0.321454 1.597941 0.681542 -0.005008 0.725189 0.097859
0.204705 0.322167 1.601444 0.680372 -0.002919 0.726354 0.097442
0.203138 0.322296 1.606127 0.678736 -0.000375 0.727797 0.098126
0.202124 0.321954 1.610566 0.677009 0.000371 0.729316 0.098777
0.201390 0.321430 1.614365 0.675466 0.000544 0.730656 0.099430
0.200821 0.320858 1.617547 0.674124 0.000492 0.731813 0.100027
0.200687 0.320151 1.621664 0.672234 0.002410 0.733364 0.101355
0.201172 0.318912 1.625984 0.669894 0.002469 0.735288 0.102895
0.201799 0.317499 1.629710 0.667773 0.001853 0.736985 0.104546
0.202396 0.316143 1.632842 0.665919 0.001084 0.738442 0.106084
0.203063 0.314835 1.636251 0.664295 0.001679 0.739659 0.107764
0.204308 0.312932 1.640556 0.662445 0.000930 0.741070 0.109457
0.205678 0.310797 1.644426 0.660702 -0.000798 0.742350 0.111301
0.206935 0.308764 1.647701 0.659155 -0.002609 0.743454 0.113074
0.208066 0.307030 1.650712 0.657841 -0.003549 0.744394 0.114498
0.209800 0.305477 1.654869 0.656088 -0.004476 0.745937 0.114489
0.211711 0.303602 1.658677 0.654262 -0.006537 0.747444 0.115005
0.213459 0.301724 1.661894 0.652586 -0.008642 0.748754 0.115861
0.214964 0.300015 1.664580 0.651088 -0.010522 0.749889 0.116790
0.216966 0.298253 1.667787 0.650355 -0.010891 0.750516 0.116815
0.219495 0.295747 1.670860 0.649500 -0.013092 0.751107 0.117543
0.221938 0.293071 1.673461 0.648633 -0.015665 0.751591 0.118918
0.224097 0.290569 1.675620 0.647815 -0.018088 0.751998 0.120444
0.226462 0.288793 1.678251 0.647339 -0.017985 0.752275 0.121290
0.229584 0.287006 1.681481 0.646716 -0.018870 0.752806 0.121183
0.232598 0.284875 1.684286 0.645975 -0.020557 0.753290 0.121848
0.235271 0.282766 1.686615 0.645229 -0.022312 0.753710 0.122893
0.237727 0.281072 1.688825 0.644695 -0.022384 0.753997 0.123920
0.241071 0.279644 1.691765 0.644280 -0.021757 0.754503 0.123107
0.244695 0.277465 1.694435 0.643677 -0.022940 0.754955 0.123274
0.248054 0.275033 1.696640 0.643047 -0.024632 0.755274 0.124275
0.251010 0.272739 1.698470 0.642476 -0.026055 0.755482 0.125672
0.254452 0.271375 1.700972 0.642358 -0.024934 0.755675 0.125339
0.258346 0.269475 1.703623 0.641978 -0.025970 0.756095 0.124540
0.262286 0.266951 1.705886 0.641515 -0.027989 0.756346 0.124964
0.265873 0.264280 1.707713 0.641082 -0.030274 0.756435 0.126104
0.269517 0.262516 1.709558 0.641020 -0.030266 0.756432 0.126445
0.273569 0.261044 1.711459 0.640835 -0.030268 0.756685 0.125868
0.277530 0.259074 1.713028 0.640590 -0.031121 0.756789 0.126278
0.281088 0.256963 1.714263 0.640379 -0.032328 0.756750 0.127275
0.284482 0.255219 1.715290 0.640463 -0.032496 0.756560 0.127938
0.288650 0.253417 1.716366 0.640847 -0.032172 0.756256 0.127895
0.293054 0.250723 1.717304 0.641132 -0.033251 0.755773 0.129035
0.297186 0.247631 1.718012 0.641429 -0.035126 0.755105 0.130961
0.300906 0.244754 1.718518 0.641821 -0.036870 0.754373 0.132767
0.305358 0.243271 1.718575 0.643123 -0.036689 0.753536 0.131264
0.309651 0.241614 1.718479 0.644345 -0.036915 0.752627 0.130424
0.313429 0.239860 1.718325 0.645407 -0.037516 0.751723 0.130206
0.316670 0.238213 1.718157 0.646318 -0.038227 0.750894 0.130268
0.320435 0.237324 1.717612 0.647524 -0.036902 0.750176 0.128794
0.324600 0.236018 1.716667 0.648877 -0.035749 0.749178 0.128118
0.328416 0.234308 1.715690 0.650148 -0.035417 0.748042 0.128399
0.331749 0.232566 1.714801 0.651275 -0.035502 0.746950 0.129021
0.335233 0.231416 1.713830 0.652562 -0.035295 0.745985 0.128151
0.339506 0.230352 1.712597 0.654224 -0.034974 0.744829 0.126481
0.343468 0.228772 1.711430 0.655757 -0.035434 0.743555 0.125907
0.346938 0.227086 1.710401 0.657103 -0.036231 0.742338 0.125850
0.350124 0.225732 1.709439 0.658322 -0.036945 0.741332 0.125197
0.354396 0.225220 1.707909 0.659868 -0.036531 0.740519 0.121946
0.358531 0.224113 1.706253 0.661415 -0.036599 0.739411 0.120258
0.362193 0.222746 1.704735 0.662821 -0.037064 0.738257 0.119460
0.365344 0.221394 1.703422 0.664043 -0.037671 0.737191 0.119067
0.369261 0.221237 1.701534 0.665706 -0.037109 0.736125 0.116522
0.373184 0.221069 1.699295 0.667494 -0.036092 0.734823 0.114815
0.376620 0.220673 1.697197 0.669132 -0.035366 0.733512 0.113890
0.379558 0.220214 1.695368 0.670559 -0.034875 0.732320 0.113325
0.382763 0.220372 1.693590 0.671848 -0.034443 0.731601 0.110426
0.386514 0.220591 1.691606 0.673154 -0.033782 0.730941 0.107000
0.389921 0.220298 1.689727 0.674394 -0.033568 0.730115 0.104878
0.392891 0.219794 1.688074 0.675501 -0.033612 0.729286 0.103494
0.395704 0.219485 1.686500 0.676607 -0.033933 0.728594 0.101004
0.399339 0.219410 1.684361 0.678216 -0.034072 0.727735 0.096247
0.402797 0.218656 1.682231 0.679793 -0.034618 0.726620 0.093310
0.405861 0.217618 1.680331 0.681203 -0.035416 0.725498 0.091444
0.408528 0.216584 1.678695 0.682423 -0.036300 0.724483 0.090029
0.411778 0.216550 1.676964 0.683709 -0.036811 0.723736 0.085993
0.414848 0.216402 1.675300 0.684898 -0.037106 0.722964 0.082829
0.417511 0.216096 1.673821 0.685951 -0.037465 0.722207 0.080525
0.419783 0.215754 1.672556 0.686855 -0.037823 0.721522 0.078777
0.422497 0.216103 1.671271 0.687826 -0.037808 0.720978 0.075210
0.425544 0.216458 1.669930 0.688803 -0.037565 0.720427 0.071587
0.428266 0.216416 1.668703 0.689686 -0.037620 0.719826 0.069053
0.429817 0.216665 1.667979 0.690120 -0.036478 0.719825 0.065226
0.430187 0.217019 1.667815 0.690277 -0.034829 0.720150 0.060739
0.430770 0.218141 1.667608 0.690396 -0.032098 0.720702 0.053953
0.431325 0.220081 1.667313 0.690367 -0.028692 0.721387 0.046590
0.431862 0.222203 1.667025 0.690284 -0.025606 0.721976 0.040044
0.432275 0.223453 1.666824 0.690193 -0.024081 0.722376 0.035021
0.432659 0.222920 1.667014 0.690189 -0.025614 0.722571 0.029566
0.432855 0.222019 1.667022 0.690197 -0.027197 0.722705 0.024188
0.432944 0.221225 1.666975 0.690148 -0.028507 0.722850 0.019246
0.433000 0.220587 1.666909 0.690067 -0.029616 0.722988 0.014808
0.433156 0.219800 1.667220 0.689928 -0.031965 0.723122 0.008456
0.433338 0.219014 1.667318 0.689819 -0.034225 0.723172 0.001109
0.433443 0.218327 1.667291 0.689654 -0.036039 0.723221 -0.005493
0.433503 0.217681 1.667238 0.689459 -0.037663 0.723257 -0.011233
0.433366 0.216875 1.667548 0.689080 -0.039888 0.723365 -0.017879
0.433465 0.216111 1.667783 0.688752 -0.043178 0.723264 -0.025409
0.433605 0.215424 1.667765 0.688479 -0.045765 0.723110 -0.031866
0.433608 0.214837 1.667722 0.688207 -0.047856 0.722971 -0.037333
0.433458 0.214244 1.667926 0.687756 -0.050250 0.722919 -0.043071
0.433365 0.213781 1.668810 0.686994 -0.056816 0.722552 -0.052246
0.433353 0.213399 1.669098 0.686633 -0.062590 0.721829 -0.059837
0.433324 0.213128 1.669272 0.686364 -0.067354 0.721116 -0.066024
0.433275 0.212971 1.669413 0.686170 -0.071346 0.720441 -0.071036
0.433198 0.212831 1.670316 0.685317 -0.079097 0.719539 -0.079668
0.433210 0.212696 1.670996 0.684637 -0.087216 0.718247 -0.088237
0.433249 0.212571 1.671573 0.683983 -0.094734 0.716884 -0.096285
0.433272 0.212502 1.671977 0.683459 -0.101350 0.715482 -0.103433
0.433271 0.212436 1.672554 0.682727 -0.108582 0.713937 -0.111301
0.433265 0.212365 1.673238 0.681773 -0.116880 0.712118 -0.120054
0.433268 0.212314 1.673827 0.680864 -0.124624 0.710272 -0.128082
0.433271 0.212286 1.674359 0.679932 -0.131969 0.708430 -0.135662
0.433277 0.212271 1.674877 0.678905 -0.139368 0.706503 -0.143238
0.433281 0.212222 1.675594 0.677802 -0.147511 0.704193 -0.151449
0.433277 0.212160 1.676240 0.676706 -0.155226 0.701867 -0.159236
0.433235 0.212090 1.676804 0.675556 -0.162412 0.699595 -0.166768
0.433268 0.212110 1.677331 0.674361 -0.169497 0.697359 -0.173774
0.433305 0.212061 1.678003 0.672878 -0.177904 0.694572 -0.182086
0.433280 0.211988 1.678686 0.671420 -0.185896 0.691740 -0.190087
0.433248 0.211973 1.679299 0.669974 -0.193432 0.688990 -0.197514
0.433240 0.212018 1.679852 0.668504 -0.200692 0.686323 -0.204418
0.433312 0.211990 1.680405 0.666650 -0.208821 0.683301 -0.212301
0.433369 0.211904 1.681037 0.664629 -0.216980 0.680103 -0.220561
0.433390 0.211821 1.681601 0.662630 -0.224544 0.677010 -0.228385
0.433399 0.211748 1.682088 0.660627 -0.231660 0.674022 -0.235797
0.433414 0.211675 1.682509 0.658548 -0.238805 0.670903 -0.243260
0.433425 0.211507 1.683155 0.656005 -0.247081 0.667199 -0.251902
0.433436 0.211355 1.683709 0.653608 -0.254721 0.663603 -0.259896
0.433450 0.211261 1.684072 0.651558 -0.261327 0.660264 -0.266894
0.433448 0.211182 1.684365 0.649722 -0.266961 0.657257 -0.273137
0.433458 0.210958 1.685005 0.646967 -0.274286 0.653575 -0.281141
0.433437 0.210740 1.685390 0.644528 -0.280938 0.649917 -0.288557
0.433433 0.210630 1.685617 0.642627 -0.286314 0.646664 -0.294756
0.433457 0.210676 1.685803 0.640960 -0.291044 0.643816 -0.299940
0.433486 0.210580 1.686253 0.638265 -0.297367 0.640391 -0.306742
0.433494 0.210530 1.686557 0.635836 -0.303343 0.636907 -0.313121
0.433490 0.210562 1.686762 0.633701 -0.308431 0.633889 -0.318557
0.433477 0.210613 1.686924 0.631867 -0.312684 0.631276 -0.323210
0.433392 0.210557 1.687086 0.629905 -0.316675 0.628735 -0.328067
0.433334 0.210545 1.687298 0.628149 -0.320450 0.626175 -0.332634
0.433373 0.210616 1.687446 0.626802 -0.323730 0.623907 -0.336241
0.433392 0.210689 1.687532 0.625690 -0.326425 0.621932 -0.339351
0.433398 0.210779 1.687569 0.624757 -0.328675 0.620192 -0.342073
0.433381 0.210881 1.687500 0.623780 -0.330638 0.618654 -0.344737
0.433303 0.211038 1.687463 0.622998 -0.332223 0.617339 -0.346978
0.433220 0.211242 1.687414 0.622402 -0.333612 0.616172 -0.348785
0.433186 0.211457 1.687338 0.621947 -0.334805 0.615141 -0.350272
0.433158 0.211946 1.686849 0.622314 -0.334436 0.615026 -0.350174
0.433124 0.212417 1.686542 0.622258 -0.334046 0.615284 -0.350190
0.433175 0.212805 1.686294 0.622139 -0.333780 0.615521 -0.350239
0.433233 0.213167 1.686059 0.622060 -0.333523 0.615703 -0.350303
0.433226 0.213901 1.685407 0.623349 -0.331511 0.616814 -0.347961
0.433199 0.214905 1.684816 0.624521 -0.329111 0.618930 -0.344362
0.433222 0.215808 1.684433 0.625238 -0.327491 0.620801 -0.341225
