0.412977 0.212905 1.654492 0.547184 -0.449285 0.573310 -0.412370
0.412702 0.213341 1.654810 0.545859 -0.450199 0.572607 -0.414103
0.412460 0.213728 1.655116 0.544770 -0.450904 0.572051 -0.415533
0.412336 0.214163 1.655330 0.543418 -0.451936 0.571205 -0.417344
0.412366 0.214699 1.655413 0.541780 -0.453218 0.570173 -0.419489
0.412394 0.215183 1.655479 0.540458 -0.454210 0.569377 -0.421200
0.412414 0.215614 1.655525 0.539401 -0.454998 0.568734 -0.422569
0.412385 0.215937 1.655589 0.538401 -0.455753 0.568125 -0.423847
0.412300 0.216123 1.655735 0.537396 -0.456482 0.567544 -0.425115
0.412220 0.216284 1.655897 0.536531 -0.457089 0.567039 -0.426228
0.412145 0.216434 1.656053 0.535792 -0.457595 0.566603 -0.427193
0.411922 0.216746 1.656182 0.535571 -0.457575 0.566604 -0.427491
0.411547 0.217265 1.656280 0.535631 -0.457268 0.567002 -0.427217
0.411212 0.217765 1.656421 0.535656 -0.456960 0.567433 -0.426944
0.410924 0.218210 1.656591 0.535647 -0.456684 0.567807 -0.426752
0.410602 0.218752 1.656647 0.537151 -0.455275 0.569334 -0.424327
0.410318 0.219269 1.656949 0.538376 -0.454080 0.571304 -0.421395
0.410030 0.219750 1.657052 0.539620 -0.452993 0.572713 -0.419056
0.409786 0.220149 1.657234 0.540437 -0.452167 0.573863 -0.417317
0.409453 0.220528 1.657191 0.543935 -0.449190 0.578169 -0.409980
0.409102 0.220566 1.657456 0.546199 -0.447395 0.582783 -0.402329
0.408912 0.220209 1.657846 0.547278 -0.446591 0.586671 -0.396056
0.408827 0.219641 1.658278 0.547739 -0.446289 0.589859 -0.390991
0.408447 0.219321 1.658197 0.551843 -0.442785 0.596487 -0.378963
0.407629 0.219676 1.658060 0.555595 -0.439480 0.601966 -0.368521
0.406814 0.220145 1.658015 0.558454 -0.436763 0.606143 -0.360497
0.406059 0.220649 1.658058 0.560682 -0.434481 0.609321 -0.354387
0.404768 0.220341 1.657846 0.566240 -0.428202 0.617542 -0.338611
0.403179 0.220476 1.657738 0.570926 -0.422602 0.623965 -0.325757
0.401676 0.220929 1.657791 0.574596 -0.417867 0.628710 -0.316149
0.400317 0.221426 1.657934 0.577595 -0.413733 0.632537 -0.308392
0.398205 0.220949 1.657664 0.582797 -0.406310 0.640264 -0.292103
0.395960 0.220952 1.657319 0.587326 -0.399614 0.646232 -0.278821
0.393934 0.221270 1.657107 0.590901 -0.394011 0.650647 -0.268793
0.392129 0.221568 1.657009 0.593886 -0.389008 0.654520 -0.259953
0.389480 0.221141 1.656840 0.598054 -0.381215 0.661983 -0.242456
0.386675 0.221568 1.656804 0.602475 -0.372772 0.668034 -0.227585
0.384126 0.222391 1.656895 0.606122 -0.365429 0.672535 -0.216278
0.381748 0.223064 1.657102 0.609019 -0.358991 0.676479 -0.206388
0.378192 0.222726 1.657513 0.611753 -0.351092 0.682612 -0.191136
0.374726 0.223057 1.657945 0.614936 -0.342593 0.687639 -0.177867
0.371682 0.223685 1.658385 0.617771 -0.334945 0.691512 -0.167280
0.368818 0.223987 1.659034 0.619628 -0.328359 0.695317 -0.157403
0.364690 0.223348 1.660786 0.619666 -0.321293 0.701630 -0.143174
0.360699 0.223592 1.662572 0.620427 -0.313582 0.706769 -0.131198
0.357184 0.224202 1.664162 0.621514 -0.306149 0.710833 -0.121276
0.353866 0.224460 1.665871 0.621840 -0.299592 0.714861 -0.111950
0.349851 0.223756 1.668553 0.620479 -0.292826 0.720638 -0.099700
0.346214 0.223491 1.671021 0.619867 -0.285790 0.725404 -0.088763
0.343086 0.223445 1.673131 0.619868 -0.278796 0.729251 -0.078924
0.339951 0.222952 1.675590 0.619098 -0.272447 0.733230 -0.069731
0.336073 0.221419 1.679654 0.616298 -0.266625 0.738630 -0.059271
0.332622 0.220242 1.683430 0.614228 -0.260847 0.743111 -0.049687
0.329668 0.219349 1.686628 0.612983 -0.254955 0.746722 -0.040689
0.326819 0.218363 1.690102 0.611115 -0.249022 0.750669 -0.031995
0.323729 0.217149 1.694743 0.607736 -0.243086 0.755679 -0.022687
0.320981 0.216274 1.698850 0.605219 -0.237096 0.759804 -0.013835
0.318611 0.215635 1.702277 0.603596 -0.230880 0.763112 -0.005124
0.316110 0.214787 1.706093 0.601822 -0.224263 0.766491 0.002586
0.313376 0.213269 1.711158 0.598975 -0.218469 0.770324 0.010035
0.311013 0.211818 1.715684 0.596689 -0.213060 0.773468 0.017703
0.309003 0.210562 1.719459 0.595109 -0.207581 0.775952 0.025572
0.307080 0.209531 1.723684 0.592826 -0.201511 0.779012 0.033027
0.305215 0.208633 1.728588 0.589652 -0.195665 0.782556 0.040403
0.303568 0.207902 1.732786 0.587216 -0.189794 0.785392 0.048098
0.302142 0.207320 1.736245 0.585221 -0.184649 0.787658 0.054913
0.300781 0.206713 1.740693 0.582874 -0.177705 0.790563 0.060734
0.299748 0.205290 1.746034 0.579650 -0.171947 0.793693 0.067026
0.298950 0.203622 1.750605 0.576794 -0.167369 0.796162 0.073640
0.298288 0.202066 1.754363 0.574237 -0.164049 0.798172 0.079126
0.297715 0.201067 1.758808 0.571550 -0.158279 0.800706 0.084549
0.297342 0.200101 1.763426 0.568555 -0.152881 0.803274 0.090122
0.297035 0.199127 1.767275 0.565841 -0.148805 0.805397 0.094957
0.296766 0.198259 1.770421 0.563458 -0.145685 0.807155 0.098958
0.296759 0.197740 1.774745 0.560875 -0.140006 0.809477 0.102789
0.297075 0.196678 1.779289 0.557735 -0.136615 0.811846 0.105707
0.297421 0.195385 1.783081 0.554896 -0.134516 0.813772 0.108492
0.297735 0.194148 1.786172 0.552449 -0.133048 0.815337 0.111019
0.298737 0.193341 1.790272 0.550118 -0.128169 0.817184 0.114690
0.300143 0.191848 1.794186 0.547551 -0.125535 0.818850 0.117958
0.301471 0.190093 1.797380 0.545290 -0.124067 0.820104 0.121226
0.302634 0.188440 1.799997 0.543370 -0.122970 0.821081 0.124316
0.304025 0.187220 1.804317 0.540515 -0.120096 0.823092 0.126256
0.305439 0.185473 1.808638 0.537325 -0.119578 0.825096 0.127277
0.306688 0.183610 1.812229 0.534564 -0.119711 0.826670 0.128562
0.307779 0.181959 1.815239 0.532269 -0.119432 0.827918 0.130299
0.309454 0.180917 1.819656 0.529189 -0.115752 0.830094 0.132306
0.311326 0.179121 1.823734 0.526045 -0.114315 0.832003 0.134087
0.313045 0.177082 1.827044 0.523403 -0.113792 0.833394 0.136214
0.314644 0.175291 1.829891 0.521243 -0.112944 0.834444 0.138752
0.317121 0.174348 1.834313 0.518572 -0.110266 0.836209 0.140284
0.319488 0.172783 1.838466 0.515917 -0.109451 0.837760 0.141450
0.321552 0.171027 1.841906 0.513686 -0.109357 0.838905 0.142848
0.323453 0.169545 1.844986 0.511771 -0.108506 0.839827 0.144936
0.326063 0.168494 1.849360 0.508921 -0.105835 0.841540 0.147000
0.328634 0.166619 1.853272 0.506256 -0.104993 0.842880 0.149115
0.330927 0.164508 1.856466 0.504094 -0.104944 0.843772 0.151408
0.333147 0.162837 1.859532 0.502139 -0.104120 0.844553 0.154092
0.335852 0.162114 1.864240 0.499030 -0.102123 0.846424 0.155265
0.338115 0.161064 1.868569 0.496100 -0.101349 0.848107 0.155973
0.340001 0.159951 1.872196 0.493643 -0.101024 0.849436 0.156742
0.342017 0.159240 1.875608 0.491597 -0.099390 0.850610 0.157851
0.344987 0.158454 1.879837 0.489370 -0.096739 0.852118 0.158285
0.347705 0.156775 1.883556 0.487449 -0.095873 0.853155 0.159147
0.350067 0.154862 1.886650 0.485902 -0.095773 0.853837 0.160277
0.352601 0.153385 1.889900 0.484226 -0.095170 0.854531 0.162001
0.355706 0.152103 1.894164 0.481648 -0.094769 0.855827 0.163076
0.358390 0.150407 1.897882 0.479433 -0.095221 0.856808 0.164189
0.360661 0.148701 1.900971 0.477639 -0.095886 0.857513 0.165344
0.363151 0.147518 1.904168 0.475760 -0.095557 0.858349 0.166609
0.366121 0.146296 1.907874 0.473422 -0.095119 0.859542 0.167368
0.368723 0.144643 1.911027 0.471508 -0.095441 0.860359 0.168384
0.370942 0.142975 1.913632 0.469981 -0.095977 0.860918 0.169485
0.373612 0.141581 1.916307 0.468604 -0.095546 0.861470 0.170738
0.376955 0.139361 1.919085 0.467348 -0.095669 0.861848 0.172194
0.379991 0.136521 1.921377 0.466474 -0.096771 0.861810 0.174125
0.382605 0.133693 1.923259 0.465841 -0.098133 0.861603 0.176074
0.385388 0.131460 1.925506 0.464634 -0.098886 0.861837 0.177694
0.388261 0.129308 1.927903 0.463069 -0.099653 0.862343 0.178889
0.390745 0.127135 1.929872 0.461852 -0.100603 0.862612 0.180200
0.392839 0.125182 1.931479 0.460897 -0.101478 0.862759 0.181447
0.395301 0.123509 1.933485 0.459632 -0.101804 0.863205 0.182351
0.397878 0.121156 1.935626 0.458297 -0.102833 0.863579 0.183360
0.400123 0.118502 1.937445 0.457259 -0.104363 0.863665 0.184677
0.402020 0.115985 1.938966 0.456437 -0.105903 0.863626 0.186008
0.404646 0.113855 1.940482 0.456110 -0.106881 0.863299 0.187763
0.407459 0.111523 1.941666 0.456118 -0.107923 0.862716 0.189815
0.409923 0.109204 1.942554 0.456245 -0.109053 0.862054 0.191858
0.411999 0.107132 1.943260 0.456387 -0.110076 0.861447 0.193658
0.414850 0.105248 1.943833 0.456837 -0.110776 0.861004 0.194163
0.417854 0.102831 1.944024 0.457618 -0.111741 0.860197 0.195348
0.420515 0.100307 1.944051 0.458431 -0.112929 0.859271 0.196826
0.422773 0.097992 1.944047 0.459147 -0.114082 0.858420 0.198206
0.425896 0.096184 1.944384 0.460034 -0.114543 0.858032 0.197562
0.428852 0.094067 1.944647 0.460921 -0.115286 0.857513 0.197316
0.431368 0.091925 1.944841 0.461718 -0.116242 0.856930 0.197420
0.433497 0.089998 1.945025 0.462399 -0.117087 0.856395 0.197651
0.436112 0.088045 1.945623 0.462977 -0.116558 0.856066 0.198033
0.438380 0.085927 1.946222 0.463361 -0.115976 0.855872 0.198316
0.439997 0.083301 1.946901 0.463433 -0.117073 0.855489 0.199154
0.441305 0.080846 1.947718 0.463283 -0.118330 0.855297 0.199588
0.443823 0.077886 1.948475 0.463122 -0.119519 0.855351 0.199017
0.446521 0.074267 1.948641 0.463488 -0.120898 0.854815 0.199636
0.448886 0.070514 1.948655 0.463941 -0.122828 0.853996 0.200904
0.450693 0.067044 1.949002 0.463884 -0.124509 0.853598 0.201690
0.453452 0.063064 1.949512 0.464177 -0.125676 0.853083 0.202469
0.455866 0.058488 1.949862 0.464434 -0.127511 0.852327 0.203916
0.457677 0.053946 1.950435 0.464341 -0.130015 0.851691 0.205200
0.459744 0.049724 1.950790 0.464719 -0.132128 0.850725 0.206989
0.462288 0.044574 1.951601 0.464591 -0.134222 0.849982 0.208977
0.464082 0.038683 1.952493 0.464135 -0.137227 0.849160 0.211366
0.465131 0.032611 1.953423 0.463398 -0.141411 0.848318 0.213590
0.466048 0.026734 1.954344 0.462717 -0.145241 0.847397 0.216140
0.467261 0.019626 1.955631 0.461590 -0.150125 0.846440 0.218946
0.468290 0.012221 1.956873 0.460534 -0.155099 0.845315 0.222026
0.469139 0.005254 1.958002 0.459620 -0.160062 0.844100 0.225001
0.470088 -0.001271 1.959142 0.458646 -0.164729 0.842907 0.228072
0.471346 -0.008991 1.960687 0.457017 -0.170748 0.841674 0.231444
0.472444 -0.016685 1.962033 0.455676 -0.176210 0.840284 0.235015
0.473345 -0.023675 1.963203 0.454508 -0.181313 0.838948 0.238144
0.474364 -0.030233 1.964287 0.453575 -0.185484 0.837490 0.241817
0.475589 -0.038243 1.965524 0.452415 -0.190288 0.835681 0.246471
0.476618 -0.046259 1.966548 0.451477 -0.194685 0.833802 0.251080
0.477452 -0.053456 1.967405 0.450687 -0.198683 0.832066 0.255096
0.478464 -0.060310 1.968420 0.449804 -0.202754 0.830262 0.259289
0.479663 -0.068054 1.969710 0.448669 -0.207581 0.828263 0.263792
0.480687 -0.075286 1.970745 0.447829 -0.211626 0.826351 0.267971
0.481553 -0.081446 1.971557 0.447189 -0.214792 0.824720 0.271519
0.482686 -0.087458 1.972609 0.446634 -0.217679 0.822583 0.276569
0.483869 -0.094292 1.973972 0.445873 -0.220820 0.820242 0.282202
0.484877 -0.100566 1.975102 0.445311 -0.223407 0.818158 0.287062
0.485742 -0.105868 1.975987 0.444918 -0.225413 0.816387 0.291117
0.486868 -0.111397 1.977083 0.444391 -0.227555 0.814285 0.296101
0.488003 -0.117851 1.978230 0.443771 -0.229842 0.812070 0.301302
0.488921 -0.123843 1.979110 0.443330 -0.231767 0.810052 0.305872
0.489653 -0.128982 1.979810 0.442979 -0.233360 0.808329 0.309705
0.490579 -0.134129 1.980794 0.442047 -0.235825 0.806759 0.313243
0.491531 -0.139335 1.981761 0.441059 -0.238130 0.805403 0.316366
0.492323 -0.143873 1.982503 0.440311 -0.239861 0.804222 0.319092
0.492961 -0.147672 1.983113 0.439702 -0.241253 0.803221 0.321396
0.493713 -0.151939 1.983948 0.438758 -0.243595 0.802301 0.323212
0.494417 -0.156509 1.984663 0.437996 -0.245636 0.801360 0.325029
0.494994 -0.160581 1.985188 0.437444 -0.247215 0.800486 0.326726
0.495456 -0.164010 1.985621 0.436997 -0.248480 0.799743 0.328182
0.496171 -0.167514 1.986330 0.436322 -0.249938 0.798747 0.330389
0.496752 -0.170871 1.987066 0.435636 -0.251136 0.797923 0.332371
0.497211 -0.173730 1.987699 0.435070 -0.252028 0.797252 0.334044
0.497575 -0.176133 1.988263 0.434579 -0.252792 0.796665 0.335502
0.498167 -0.179064 1.989172 0.433792 -0.254288 0.795521 0.338095
0.498546 -0.182062 1.990121 0.432987 -0.255654 0.794520 0.340443
0.498856 -0.184584 1.990961 0.432337 -0.256543 0.793768 0.342349
0.499142 -0.186603 1.991698 0.431823 -0.257062 0.793210 0.343898
0.499371 -0.188732 1.992544 0.431311 -0.257341 0.792705 0.345495
0.499421 -0.190753 1.993428 0.430716 -0.257503 0.792425 0.346754
0.499442 -0.192366 1.994260 0.430165 -0.257373 0.792364 0.347671
0.499477 -0.193603 1.995032 0.429700 -0.257078 0.792436 0.348303
0.499545 -0.194865 1.995897 0.429358 -0.256953 0.792507 0.348653
0.499537 -0.196006 1.996725 0.429001 -0.256856 0.792629 0.348888
0.499506 -0.196931 1.997472 0.428662 -0.256713 0.792794 0.349035
0.499410 -0.197664 1.998135 0.428287 -0.256409 0.793075 0.349080
