-0.071803 0.133801 1.534621 0.429731 -0.523247 0.527017 0.513611
-0.071269 0.134065 1.534854 0.428898 -0.523711 0.527135 0.513714
-0.070476 0.134567 1.535046 0.428081 -0.524178 0.527413 0.513634
-0.069735 0.134944 1.535213 0.427290 -0.524691 0.527457 0.513723
-0.069100 0.135226 1.535354 0.426569 -0.525183 0.527401 0.513877
-0.068496 0.135510 1.535487 0.425927 -0.525532 0.527436 0.514017
-0.067726 0.135849 1.535599 0.425200 -0.525597 0.527799 0.514180
-0.067039 0.136087 1.535669 0.424463 -0.525715 0.528010 0.514453
-0.066461 0.136262 1.535721 0.423808 -0.525854 0.528117 0.514740
-0.065959 0.136475 1.535729 0.423327 -0.526050 0.528032 0.515022
-0.065273 0.136982 1.535668 0.423388 -0.526485 0.527259 0.515319
-0.064584 0.137389 1.535670 0.423360 -0.527033 0.526398 0.515661
-0.063983 0.137693 1.535693 0.423230 -0.527579 0.525609 0.516017
-0.063395 0.137918 1.535704 0.423181 -0.527971 0.524929 0.516348
-0.062426 0.137927 1.535732 0.423015 -0.528200 0.524326 0.516859
-0.061505 0.137780 1.535782 0.422433 -0.528685 0.523572 0.517605
-0.060699 0.137593 1.535836 0.421769 -0.529223 0.522826 0.518350
-0.060031 0.137423 1.535864 0.421108 -0.529741 0.522167 0.519022
-0.059584 0.137416 1.535680 0.420251 -0.530127 0.521798 0.519695
-0.059218 0.137462 1.535456 0.419614 -0.530286 0.521626 0.520219
-0.058925 0.137521 1.535256 0.419133 -0.530363 0.521530 0.520625
-0.058658 0.137580 1.535071 0.418839 -0.530363 0.521439 0.520953
-0.058177 0.137570 1.534761 0.419118 -0.530281 0.520982 0.521268
-0.057739 0.137516 1.534518 0.419214 -0.530328 0.520495 0.521629
-0.057363 0.137449 1.534330 0.419211 -0.530420 0.520064 0.521969
-0.057044 0.137385 1.534180 0.419158 -0.530500 0.519699 0.522293
-0.056532 0.137428 1.534055 0.418189 -0.530311 0.520032 0.522929
-0.055955 0.137399 1.533872 0.417030 -0.530189 0.520285 0.523726
-0.055440 0.137323 1.533706 0.415944 -0.530165 0.520392 0.524506
-0.055005 0.137239 1.533557 0.415023 -0.530179 0.520406 0.525208
-0.054992 0.136751 1.532775 0.413938 -0.530782 0.518256 0.527577
-0.054884 0.136120 1.531975 0.412337 -0.531604 0.516144 0.530068
-0.054718 0.135532 1.531314 0.410782 -0.532369 0.514361 0.532236
-0.054540 0.135035 1.530776 0.409442 -0.533010 0.512904 0.534029
-0.054816 0.134400 1.529485 0.407721 -0.533860 0.510547 0.536748
-0.055029 0.133763 1.528042 0.405827 -0.534400 0.508697 0.539396
-0.055167 0.133226 1.526814 0.404167 -0.534748 0.507293 0.541615
-0.055260 0.132795 1.525799 0.402811 -0.534971 0.506214 0.543412
-0.056164 0.132499 1.524145 0.399388 -0.536014 0.504775 0.546242
-0.056944 0.132231 1.522197 0.395814 -0.536581 0.503783 0.549196
-0.057530 0.132005 1.520511 0.392807 -0.536870 0.503115 0.551678
-0.057980 0.131837 1.519103 0.390381 -0.537005 0.502648 0.553691
-0.059264 0.132031 1.516725 0.386133 -0.538338 0.501694 0.556234
-0.060466 0.132417 1.513759 0.382291 -0.538906 0.501020 0.558939
-0.061418 0.132774 1.511193 0.379202 -0.539006 0.500759 0.561177
-0.062183 0.133102 1.509052 0.376754 -0.538905 0.500683 0.562988
-0.063175 0.133917 1.506288 0.372174 -0.539863 0.500970 0.564858
-0.063586 0.134853 1.502978 0.367430 -0.540409 0.501082 0.567337
-0.063755 0.135526 1.500155 0.363206 -0.540746 0.501071 0.569740
-0.063829 0.136050 1.497818 0.359651 -0.540946 0.501016 0.571849
-0.064193 0.136942 1.494785 0.354440 -0.541907 0.501371 0.573878
-0.064127 0.137909 1.490781 0.349089 -0.542177 0.501675 0.576631
-0.063915 0.138584 1.487308 0.344355 -0.542151 0.501879 0.579319
-0.063684 0.139103 1.484421 0.340382 -0.542008 0.502017 0.581675
-0.063743 0.140119 1.481428 0.335303 -0.542282 0.502621 0.583845
-0.063449 0.141510 1.477844 0.330520 -0.541987 0.503220 0.586324
-0.063054 0.142599 1.474755 0.326478 -0.541519 0.503640 0.588656
-0.062682 0.143475 1.472186 0.323131 -0.541028 0.503938 0.590695
-0.062367 0.144753 1.469497 0.319511 -0.540657 0.504504 0.592519
-0.061450 0.146505 1.466080 0.316774 -0.539635 0.504950 0.594537
-0.060514 0.147892 1.463144 0.314397 -0.538645 0.505158 0.596517
-0.059703 0.149004 1.460716 0.312350 -0.537786 0.505227 0.598306
-0.058973 0.150411 1.458280 0.309852 -0.536964 0.505558 0.600061
-0.057463 0.152287 1.454973 0.307952 -0.535392 0.505669 0.602345
-0.055957 0.153713 1.452116 0.306074 -0.534055 0.505440 0.604678
-0.054650 0.154822 1.449761 0.304309 -0.532990 0.505073 0.606811
-0.053509 0.156127 1.447565 0.301877 -0.532055 0.505150 0.608778
-0.051559 0.157903 1.444611 0.299305 -0.530496 0.505285 0.611292
-0.049595 0.159177 1.442043 0.296716 -0.529258 0.504893 0.613946
-0.047878 0.160128 1.439935 0.294293 -0.528323 0.504295 0.616403
-0.046390 0.161172 1.437965 0.291951 -0.527455 0.503829 0.618639
-0.044407 0.162902 1.435060 0.291096 -0.525644 0.503207 0.621083
-0.042530 0.164312 1.432480 0.290500 -0.523974 0.502525 0.623322
-0.040951 0.165443 1.430345 0.289889 -0.522601 0.501847 0.625302
-0.039532 0.166508 1.428481 0.289053 -0.521447 0.501621 0.626831
-0.037314 0.167930 1.426284 0.288401 -0.519933 0.502025 0.628065
-0.035162 0.169006 1.424439 0.287623 -0.518795 0.501877 0.629480
-0.033306 0.169822 1.422954 0.286718 -0.517987 0.501499 0.630858
-0.031618 0.170504 1.421614 0.285755 -0.517371 0.501341 0.631924
-0.028833 0.170952 1.419279 0.284851 -0.516418 0.501587 0.632916
-0.026119 0.170912 1.417196 0.283142 -0.515775 0.501018 0.634656
-0.023778 0.170691 1.415522 0.281177 -0.515419 0.500129 0.636516
-0.021727 0.170470 1.414126 0.279360 -0.515127 0.499367 0.638150
-0.018809 0.170387 1.412353 0.278458 -0.513930 0.499347 0.639523
-0.016072 0.170085 1.410809 0.277226 -0.513011 0.498846 0.641185
-0.013754 0.169716 1.409569 0.275851 -0.512391 0.498138 0.642823
-0.011768 0.169374 1.408529 0.274555 -0.511927 0.497586 0.644173
-0.008410 0.169048 1.406351 0.274114 -0.510526 0.498939 0.644426
-0.005184 0.168367 1.404220 0.273174 -0.509215 0.499364 0.645532
-0.002478 0.167603 1.402489 0.271855 -0.508285 0.499276 0.646888
-0.000214 0.166895 1.401078 0.270551 -0.507592 0.499051 0.648151
0.003608 0.166062 1.399294 0.270281 -0.506117 0.500620 0.648209
0.007397 0.164882 1.397782 0.269113 -0.505062 0.501076 0.649163
0.010619 0.163649 1.396639 0.267427 -0.504495 0.500854 0.650471
0.013310 0.162519 1.395742 0.265729 -0.504168 0.500406 0.651764
0.017511 0.161314 1.394293 0.265544 -0.502775 0.502339 0.651429
0.021652 0.159821 1.392944 0.264787 -0.501466 0.503461 0.651880
0.025100 0.158332 1.391910 0.263498 -0.500630 0.503808 0.652775
0.027936 0.156996 1.391094 0.262160 -0.500061 0.503826 0.653737
0.032022 0.155742 1.389375 0.262578 -0.498879 0.505464 0.653208
0.036213 0.154277 1.387565 0.262852 -0.497732 0.506316 0.653312
0.039702 0.152814 1.386164 0.262407 -0.497032 0.506453 0.653917
0.042570 0.151497 1.385056 0.261727 -0.496579 0.506300 0.654651
0.046831 0.150231 1.383627 0.262759 -0.495259 0.507299 0.654464
0.051635 0.148606 1.382431 0.263200 -0.494360 0.507288 0.654976
0.055752 0.146876 1.381677 0.262520 -0.494145 0.506436 0.656069
0.059183 0.145258 1.381156 0.261458 -0.494210 0.505350 0.657280
0.063856 0.143751 1.380159 0.262366 -0.492802 0.506438 0.657138
0.069024 0.141976 1.378922 0.263594 -0.490870 0.507468 0.657298
0.073297 0.140169 1.378003 0.263797 -0.489589 0.507620 0.658055
0.076789 0.138523 1.377294 0.263576 -0.488709 0.507409 0.658960
0.081120 0.137249 1.376542 0.264058 -0.487050 0.509317 0.658522
0.086170 0.135978 1.375860 0.264872 -0.485425 0.511126 0.657994
0.090452 0.134626 1.375491 0.264839 -0.484577 0.511838 0.658079
0.093995 0.133347 1.375266 0.264422 -0.484117 0.512042 0.658426
0.098338 0.132219 1.375083 0.265071 -0.482489 0.514252 0.657637
0.103578 0.130918 1.375056 0.266263 -0.480184 0.517104 0.656607
0.107957 0.129513 1.375205 0.266508 -0.478747 0.518654 0.656332
0.111549 0.128182 1.375395 0.266323 -0.477810 0.519521 0.656404
0.115255 0.127063 1.375611 0.266248 -0.476594 0.521508 0.655744
0.119509 0.126259 1.376051 0.266956 -0.475078 0.524401 0.654246
0.123167 0.125409 1.376403 0.267491 -0.474162 0.526186 0.653259
0.126183 0.124532 1.376773 0.267498 -0.473619 0.527310 0.652744
0.128911 0.123675 1.377112 0.267631 -0.473256 0.527928 0.652453
0.131995 0.122702 1.377349 0.268499 -0.473126 0.527928 0.652191
0.134600 0.121614 1.377779 0.268418 -0.473519 0.527361 0.652398
0.136758 0.120737 1.378317 0.268172 -0.473967 0.526894 0.652551
0.138849 0.119735 1.378696 0.268511 -0.474395 0.526090 0.652748
0.141300 0.117857 1.379291 0.268385 -0.475232 0.524067 0.653818
0.143362 0.115599 1.380184 0.266447 -0.476473 0.521496 0.655760
0.145083 0.113325 1.381123 0.263864 -0.477795 0.518896 0.657902
0.146717 0.111087 1.382127 0.261699 -0.478954 0.516442 0.659852
0.148648 0.108668 1.383990 0.259581 -0.479960 0.514215 0.661694
0.150305 0.106370 1.385921 0.256873 -0.481373 0.511915 0.663506
0.151705 0.104291 1.387629 0.254255 -0.482795 0.509779 0.665122
0.153172 0.102381 1.389270 0.252254 -0.483848 0.508154 0.666362
0.156033 0.100057 1.391959 0.250996 -0.484664 0.507189 0.666979
0.158655 0.097635 1.394860 0.248625 -0.486462 0.505462 0.667868
0.160858 0.095301 1.397527 0.245872 -0.488474 0.503505 0.668897
0.162895 0.093175 1.400040 0.243152 -0.489990 0.502189 0.669771
0.166283 0.091128 1.403747 0.240471 -0.489706 0.503740 0.669782
0.169284 0.089080 1.407350 0.237452 -0.490275 0.504258 0.670052
0.171741 0.087139 1.410505 0.234435 -0.491178 0.504183 0.670511
0.173895 0.085411 1.413305 0.231580 -0.491855 0.504342 0.670886
0.177809 0.083833 1.417068 0.228465 -0.491013 0.507990 0.669818
0.181487 0.082081 1.420727 0.225380 -0.491351 0.510078 0.669028
0.184522 0.080333 1.424000 0.222225 -0.492140 0.511163 0.668675
0.187065 0.078724 1.426861 0.219202 -0.492850 0.511983 0.668523
0.191256 0.077387 1.430526 0.215927 -0.491490 0.517125 0.666630
0.195161 0.075928 1.433912 0.213180 -0.491167 0.520694 0.664971
0.198363 0.074509 1.436874 0.210544 -0.491314 0.523079 0.663829
0.200975 0.073215 1.439399 0.208108 -0.491549 0.524809 0.663058
0.205938 0.072480 1.443439 0.204711 -0.488455 0.531945 0.660712
0.210848 0.071290 1.447516 0.201640 -0.487038 0.536888 0.658701
0.214865 0.069892 1.451194 0.198348 -0.486608 0.540032 0.657446
0.218104 0.068472 1.454325 0.195215 -0.486574 0.542085 0.656720
0.223262 0.068310 1.458645 0.189548 -0.482781 0.550767 0.653950
0.228644 0.067940 1.462677 0.185253 -0.480019 0.558074 0.651012
0.233084 0.067387 1.466191 0.181480 -0.478240 0.563295 0.648884
0.236693 0.066745 1.469122 0.178193 -0.477080 0.567152 0.647287
0.241730 0.066908 1.473051 0.172231 -0.473037 0.576975 0.643174
0.247148 0.066782 1.477128 0.166559 -0.468892 0.586546 0.639032
0.251600 0.066373 1.480839 0.161234 -0.465457 0.593648 0.636344
0.255184 0.065744 1.483944 0.156529 -0.462930 0.598860 0.634477
0.260293 0.066210 1.487593 0.149902 -0.458228 0.609228 0.629601
0.266281 0.066576 1.491387 0.144150 -0.453443 0.619808 0.624058
0.271480 0.066861 1.495101 0.138622 -0.448412 0.628929 0.619805
0.275718 0.067009 1.498468 0.133487 -0.443712 0.636127 0.616963
0.280749 0.068116 1.502111 0.126487 -0.438464 0.646930 0.610926
0.286482 0.069516 1.506180 0.120000 -0.433384 0.658105 0.603885
0.291523 0.070776 1.510097 0.114091 -0.428251 0.667943 0.597859
0.295792 0.072124 1.513897 0.108524 -0.422454 0.676581 0.593291
0.300419 0.073943 1.517674 0.101345 -0.416363 0.687181 0.586646
0.305690 0.075429 1.521536 0.094296 -0.410962 0.697692 0.579174
0.310266 0.076600 1.525387 0.087455 -0.405268 0.706622 0.573407
0.314225 0.077637 1.528907 0.081252 -0.399320 0.714582 0.568607
0.318608 0.079411 1.532259 0.074354 -0.392625 0.724458 0.561675
0.323773 0.081085 1.535507 0.067939 -0.386492 0.734587 0.553524
0.328309 0.082580 1.538812 0.061962 -0.380135 0.743269 0.547000
0.332113 0.084045 1.542157 0.056007 -0.373035 0.750723 0.542331
0.336198 0.085909 1.545290 0.049482 -0.365498 0.759316 0.536098
0.341266 0.087798 1.548500 0.043411 -0.358689 0.768250 0.528440
0.345696 0.089444 1.551879 0.037484 -0.351836 0.775850 0.522363
0.349461 0.090903 1.555074 0.031928 -0.344942 0.782370 0.517583
0.353240 0.092761 1.557918 0.026292 -0.337898 0.789219 0.512119
0.357878 0.095374 1.560820 0.020832 -0.330314 0.796898 0.505383
0.361983 0.097761 1.563683 0.016011 -0.322932 0.803621 0.499652
0.365392 0.099697 1.566129 0.011984 -0.316769 0.808953 0.495084
0.368836 0.101931 1.568295 0.007986 -0.310359 0.814765 0.489663
0.373416 0.104765 1.570743 0.003834 -0.303154 0.821756 0.482493
0.377321 0.106715 1.573063 0.000159 -0.297961 0.826961 0.476818
0.380541 0.108108 1.575068 -0.003066 -0.294045 0.830904 0.472362
0.383702 0.109855 1.576765 -0.006421 -0.289536 0.835255 0.467413
0.387949 0.112673 1.578040 -0.010004 -0.283528 0.841021 0.460646
0.391707 0.114656 1.579003 -0.012363 -0.279168 0.845418 0.455170
0.394869 0.116162 1.579716 -0.014066 -0.275812 0.848850 0.450760
0.397915 0.117946 1.580271 -0.015820 -0.271995 0.852546 0.446020
0.402092 0.121088 1.580956 -0.018966 -0.266450 0.857785 0.439146
0.405717 0.123296 1.581798 -0.021681 -0.262720 0.861638 0.433692
0.408746 0.124934 1.582586 -0.024035 -0.259924 0.864585 0.429366
0.411577 0.126583 1.583236 -0.026283 -0.256868 0.867608 0.424951
0.416062 0.129761 1.583698 -0.029415 -0.250953 0.872868 0.417443
0.420237 0.132234 1.584104 -0.031823 -0.246892 0.876873 0.411249
0.423761 0.134148 1.584458 -0.033621 -0.243885 0.879976 0.406241
0.426849 0.135879 1.584695 -0.035150 -0.241092 0.882799 0.401627
0.431082 0.138740 1.584414 -0.037811 -0.235535 0.887322 0.394654
0.435194 0.140928 1.583941 -0.039650 -0.231458 0.890783 0.389052
0.438763 0.142664 1.583458 -0.040740 -0.228456 0.893490 0.384477
0.441819 0.144152 1.582977 -0.041457 -0.225963 0.895829 0.380412
0.445873 0.146597 1.582007 -0.043836 -0.220716 0.899971 0.373382
0.449918 0.148244 1.580963 -0.045680 -0.216903 0.903100 0.367801
0.453602 0.149804 1.579934 -0.046813 -0.213982 0.905610 0.363168
0.456703 0.151203 1.579048 -0.047436 -0.211873 0.907655 0.359196
0.460424 0.153097 1.577449 -0.049288 -0.207861 0.910632 0.353713
0.464258 0.154015 1.575698 -0.050691 -0.204966 0.912784 0.349636
0.467862 0.154799 1.574030 -0.051282 -0.202778 0.914495 0.346338
0.470921 0.155471 1.572606 -0.051412 -0.201330 0.915886 0.343478
0.474415 0.156562 1.570601 -0.052451 -0.198693 0.917992 0.339207
0.478008 0.156912 1.568527 -0.053332 -0.196985 0.919562 0.335795
0.481425 0.157316 1.566585 -0.053411 -0.195857 0.920868 0.332850
0.484326 0.157918 1.564949 -0.053159 -0.195219 0.921971 0.330203
0.487613 0.158811 1.562737 -0.053128 -0.193558 0.923415 0.327135
0.491190 0.158863 1.560346 -0.052769 -0.192440 0.924503 0.324771
0.494641 0.158884 1.558119 -0.051734 -0.191854 0.925397 0.322731
0.497650 0.159356 1.556206 -0.050589 -0.191630 0.926222 0.320674
0.500592 0.159837 1.553547 -0.049745 -0.191477 0.926727 0.319436
0.503785 0.159321 1.550338 -0.048521 -0.191505 0.926788 0.319430
0.507019 0.158633 1.547323 -0.046407 -0.191925 0.926824 0.319388
0.509881 0.158325 1.544755 -0.044165 -0.192681 0.926939 0.318914
0.512475 0.158528 1.541756 -0.042658 -0.192679 0.927319 0.318018
0.515074 0.158404 1.538366 -0.041142 -0.192653 0.927556 0.317541
0.517674 0.158329 1.535321 -0.038703 -0.193161 0.927743 0.316994
0.519877 0.158496 1.532835 -0.036252 -0.194016 0.927953 0.316143
0.521952 0.159035 1.529725 -0.034021 -0.194494 0.928209 0.315346
0.524220 0.159071 1.525771 -0.031274 -0.194754 0.928226 0.315418
0.526595 0.158691 1.522174 -0.027375 -0.195664 0.928117 0.315540
0.528684 0.158332 1.519197 -0.023546 -0.196791 0.928009 0.315465
0.530355 0.158740 1.516518 -0.020798 -0.197489 0.927908 0.315520
0.531615 0.159008 1.513537 -0.018755 -0.197951 0.927643 0.316137
0.532764 0.158733 1.510994 -0.016927 -0.198500 0.927208 0.317170
0.533822 0.158246 1.509017 -0.015494 -0.199088 0.926758 0.318189
0.534899 0.157706 1.506960 -0.014061 -0.199155 0.926549 0.318821
0.535933 0.157041 1.504045 -0.011977 -0.198400 0.926646 0.319094
0.536931 0.156368 1.501432 -0.009257 -0.198160 0.926634 0.319367
0.537954 0.155786 1.499109 -0.006087 -0.198083 0.926652 0.319441
0.538710 0.155386 1.497120 -0.003358 -0.197667 0.926685 0.319643
0.539166 0.154922 1.495000 -0.000802 -0.196588 0.926655 0.320411
0.539568 0.154401 1.493073 0.001620 -0.195778 0.926554 0.321197
0.539901 0.153937 1.491499 0.003625 -0.195207 0.926431 0.321879
0.540035 0.153457 1.490221 0.005130 -0.194575 0.926508 0.322020
0.539735 0.153006 1.488823 0.006303 -0.193368 0.926856 0.321726
0.539441 0.152691 1.487434 0.007710 -0.192409 0.927115 0.321522
0.539161 0.152514 1.486264 0.008999 -0.191700 0.927313 0.321340
0.538844 0.152180 1.485445 0.010511 -0.190888 0.927748 0.320522
0.538195 0.151993 1.485216 0.012101 -0.188522 0.929030 0.318146
0.537423 0.152142 1.484787 0.013375 -0.186313 0.930172 0.316050
0.536680 0.152360 1.484252 0.014644 -0.184492 0.931085 0.314371
0.535796 0.152409 1.483940 0.015795 -0.182695 0.932108 0.312325
0.533656 0.152708 1.483989 0.016112 -0.178613 0.934113 0.308659
0.531494 0.153536 1.483619 0.016985 -0.175112 0.935829 0.305403
0.529506 0.154569 1.483169 0.018095 -0.172356 0.937234 0.302588
0.527663 0.155602 1.482897 0.019189 -0.169830 0.938766 0.299177
0.524986 0.157428 1.483403 0.019909 -0.164788 0.941855 0.292161
0.521712 0.159941 1.483787 0.020424 -0.160073 0.944530 0.286046
0.518375 0.162262 1.483928 0.021104 -0.155973 0.946661 0.281177
0.515344 0.163906 1.483992 0.021725 -0.152067 0.948573 0.276789
0.512479 0.166294 1.484550 0.022962 -0.146245 0.952087 0.267611
0.509132 0.169137 1.485393 0.023871 -0.141299 0.954950 0.259877
0.505403 0.172142 1.486413 0.024332 -0.137104 0.957277 0.253440
0.501663 0.174934 1.487476 0.024703 -0.133536 0.959241 0.247818
0.498598 0.178182 1.489243 0.026896 -0.128932 0.962274 0.238078
0.495178 0.181752 1.491834 0.028245 -0.125504 0.964684 0.229860
0.491346 0.185372 1.494709 0.028690 -0.122860 0.966618 0.223004
0.487198 0.188895 1.497542 0.028599 -0.120610 0.968220 0.217223
0.483528 0.192375 1.500789 0.029918 -0.118836 0.970263 0.208740
0.479586 0.195518 1.504717 0.029817 -0.117605 0.971753 0.202423
0.475956 0.196684 1.508243 0.028372 -0.114911 0.972701 0.199605
0.472085 0.198295 1.511555 0.027438 -0.113405 0.973507 0.196649
0.468595 0.199740 1.515144 0.028164 -0.111950 0.974146 0.194199
0.465097 0.201048 1.519258 0.028287 -0.111066 0.974616 0.192322
0.461345 0.202167 1.523327 0.027669 -0.110321 0.974950 0.191146
0.457298 0.203295 1.527181 0.026681 -0.109752 0.975199 0.190341
0.453641 0.203933 1.531460 0.027156 -0.110714 0.974939 0.191044
0.449788 0.205256 1.536759 0.027219 -0.112778 0.974587 0.191626
0.445435 0.207090 1.542207 0.026539 -0.115054 0.974324 0.191704
0.440736 0.209084 1.547272 0.025559 -0.117050 0.974174 0.191391
0.435987 0.210634 1.552478 0.025209 -0.120577 0.973365 0.193353
0.431047 0.212239 1.558465 0.023957 -0.124815 0.972479 0.195272
0.425890 0.213888 1.564289 0.022140 -0.128581 0.971851 0.196172
0.420589 0.215452 1.569508 0.020272 -0.131622 0.971416 0.196509
0.415383 0.216676 1.574740 0.019663 -0.135079 0.970039 0.200975
0.410109 0.217937 1.580968 0.018515 -0.139188 0.968539 0.205466
0.404658 0.219172 1.587087 0.016802 -0.143071 0.967308 0.208719
0.399111 0.220280 1.592555 0.015069 -0.146317 0.966341 0.211068
0.393584 0.220702 1.597702 0.014674 -0.150919 0.964021 0.218339
0.387962 0.220904 1.603455 0.013987 -0.156588 0.961299 0.226250
0.382247 0.221135 1.608963 0.012870 -0.161605 0.959053 0.232241
0.376510 0.221320 1.613803 0.011745 -0.165683 0.957259 0.236784
0.370979 0.220903 1.618321 0.012331 -0.170812 0.954288 0.244960
0.365459 0.220217 1.623603 0.012945 -0.177170 0.950649 0.254380
0.359831 0.219596 1.628736 0.012838 -0.182791 0.947624 0.261591
0.354177 0.218986 1.633266 0.012513 -0.187377 0.945188 0.267120
0.348695 0.217896 1.637453 0.013681 -0.192643 0.941810 0.275127
0.343230 0.216487 1.642529 0.015435 -0.199403 0.937183 0.285812
0.337641 0.215176 1.647550 0.016419 -0.205479 0.933091 0.294704
0.332029 0.213907 1.651982 0.017010 -0.210501 0.929763 0.301562
0.326572 0.212220 1.656053 0.018733 -0.216024 0.925827 0.309561
0.321068 0.210051 1.661293 0.020815 -0.223709 0.920380 0.320034
0.315441 0.207954 1.666551 0.022360 -0.230768 0.914991 0.330209
