0.339529 0.240623 1.639913 0.005386 -0.105050 0.980362 0.166807
0.333731 0.237192 1.643719 0.007535 -0.120421 0.976427 0.178973
0.327808 0.233810 1.647251 0.009701 -0.135399 0.972193 0.190822
0.321872 0.230914 1.650349 0.011649 -0.147826 0.968379 0.200632
0.316171 0.227459 1.653434 0.014959 -0.161501 0.963790 0.211661
0.310385 0.223704 1.656757 0.018396 -0.176438 0.958531 0.223045
0.304545 0.220118 1.659758 0.021801 -0.190216 0.953162 0.234146
0.298739 0.217034 1.662402 0.025094 -0.201131 0.948116 0.244934
0.293117 0.213270 1.665336 0.029407 -0.213980 0.942309 0.255737
0.287314 0.209261 1.669037 0.033281 -0.228374 0.935873 0.266232
0.281477 0.205703 1.672624 0.036824 -0.240414 0.929742 0.276450
0.275719 0.202488 1.675768 0.040328 -0.249947 0.924006 0.286554
0.270117 0.198264 1.678568 0.045400 -0.262334 0.917021 0.296973
0.264432 0.193661 1.681596 0.050868 -0.276598 0.909169 0.307114
0.258765 0.189538 1.684442 0.056065 -0.288390 0.901780 0.316985
0.253206 0.185786 1.686882 0.061119 -0.297585 0.894945 0.326772
0.247851 0.181210 1.689220 0.067719 -0.309188 0.886935 0.336396
0.242393 0.176329 1.692082 0.074471 -0.322494 0.878076 0.345592
0.236962 0.171854 1.694790 0.080813 -0.333453 0.869758 0.354681
0.231647 0.167704 1.697072 0.086917 -0.341937 0.862072 0.363805
0.226448 0.162812 1.699267 0.094213 -0.352701 0.853198 0.372530
0.221079 0.157616 1.702060 0.101339 -0.365114 0.843455 0.380796
0.215786 0.152750 1.704625 0.108135 -0.375298 0.834295 0.389113
0.210642 0.148184 1.706726 0.114737 -0.383091 0.825840 0.397572
0.205659 0.143115 1.708696 0.122427 -0.392325 0.816579 0.405327
0.200502 0.137819 1.711254 0.129772 -0.402840 0.806668 0.412510
0.195435 0.132770 1.713524 0.136859 -0.411416 0.797299 0.419905
0.190528 0.127973 1.715328 0.143788 -0.417862 0.788611 0.427561
0.186026 0.122803 1.716758 0.152617 -0.425033 0.779334 0.434389
0.181572 0.117517 1.718334 0.162018 -0.432922 0.769567 0.440563
0.177151 0.112578 1.719676 0.170838 -0.439010 0.760425 0.447032
0.172858 0.108631 1.720793 0.179138 -0.443122 0.752290 0.453444
0.169041 0.104802 1.721592 0.190012 -0.448069 0.743807 0.458126
0.165248 0.101201 1.722625 0.201593 -0.453906 0.734927 0.461748
0.161562 0.098679 1.723581 0.212716 -0.457997 0.727017 0.465227
0.158399 0.096964 1.724352 0.223460 -0.460347 0.719916 0.468900
0.156271 0.094810 1.725172 0.235644 -0.463109 0.712506 0.471525
0.154586 0.091843 1.726439 0.247124 -0.467263 0.703995 0.474327
0.153136 0.089023 1.727639 0.257069 -0.470415 0.695555 0.478361
0.151917 0.086518 1.728681 0.265957 -0.472340 0.687462 0.483277
0.151671 0.083782 1.729616 0.276742 -0.474608 0.679171 0.486710
0.151825 0.080563 1.730799 0.287746 -0.478377 0.669899 0.489482
0.151863 0.077595 1.731937 0.297317 -0.481185 0.660835 0.493315
0.151838 0.075017 1.732947 0.305893 -0.482764 0.652250 0.497934
0.152960 0.072670 1.734094 0.316080 -0.483699 0.644503 0.500744
0.154816 0.070110 1.735554 0.326337 -0.485633 0.636404 0.502648
0.156253 0.067582 1.736922 0.335025 -0.486994 0.628218 0.505902
0.157353 0.065320 1.738151 0.342044 -0.487864 0.621026 0.509236
0.159522 0.062864 1.739112 0.351411 -0.488740 0.613697 0.510901
0.162469 0.059185 1.740124 0.361631 -0.491434 0.603943 0.512805
0.164773 0.055286 1.741130 0.369072 -0.494350 0.594649 0.515554
0.166564 0.051723 1.742047 0.374336 -0.497069 0.586936 0.517978
0.169282 0.048683 1.742783 0.381933 -0.498167 0.579491 0.519756
0.172999 0.045508 1.743460 0.389934 -0.499324 0.571697 0.521334
0.175984 0.042193 1.744104 0.395153 -0.501054 0.564793 0.523268
0.178341 0.039151 1.744708 0.398671 -0.502765 0.559053 0.525117
0.181484 0.036642 1.744964 0.405369 -0.503134 0.552897 0.526152
0.185879 0.034238 1.745109 0.414027 -0.503945 0.546195 0.525635
0.189647 0.031430 1.745350 0.419917 -0.505701 0.539914 0.525765
0.192655 0.028637 1.745614 0.423853 -0.507618 0.534433 0.526359
0.196036 0.026195 1.745635 0.429769 -0.508249 0.528900 0.526542
0.200272 0.023680 1.745570 0.436661 -0.508912 0.523317 0.525809
0.203893 0.020743 1.745586 0.441062 -0.510418 0.517981 0.525960
0.206775 0.017823 1.745629 0.443831 -0.512123 0.513213 0.526646
0.210150 0.015579 1.745559 0.448044 -0.512352 0.509086 0.526862
0.214813 0.013958 1.745473 0.453490 -0.511582 0.505894 0.526024
0.219029 0.011814 1.745480 0.456922 -0.511739 0.502662 0.526000
0.222547 0.009255 1.745476 0.458753 -0.512620 0.499249 0.526798
0.226244 0.007121 1.745336 0.461472 -0.512702 0.496076 0.527341
0.231007 0.005648 1.745185 0.465434 -0.512044 0.493670 0.526757
0.235328 0.003657 1.745138 0.467868 -0.512246 0.491114 0.526792
0.239095 0.001088 1.745104 0.468911 -0.513217 0.488197 0.527633
0.242958 -0.001223 1.744890 0.470643 -0.513622 0.485378 0.528294
0.247900 -0.002714 1.744613 0.473946 -0.512888 0.483619 0.527669
0.252381 -0.004664 1.744455 0.475960 -0.512891 0.481707 0.527603
0.256208 -0.007155 1.744306 0.476763 -0.513651 0.479324 0.528306
0.260057 -0.009204 1.744177 0.477324 -0.514248 0.477605 0.528776
0.265174 -0.010057 1.744286 0.478744 -0.514021 0.477478 0.527827
0.269857 -0.011405 1.744466 0.479466 -0.514403 0.476964 0.527264
0.273942 -0.013456 1.744618 0.479298 -0.515445 0.475747 0.527498
0.277949 -0.015416 1.744482 0.479067 -0.516455 0.474784 0.527588
0.283048 -0.016576 1.743936 0.479506 -0.516015 0.475279 0.527174
0.287676 -0.018285 1.743407 0.479212 -0.515822 0.475235 0.527670
0.291513 -0.020493 1.742873 0.478320 -0.516220 0.474377 0.528860
0.295345 -0.022282 1.742334 0.477204 -0.516768 0.474268 0.529432
0.300625 -0.022999 1.741742 0.476491 -0.516652 0.475973 0.528655
0.305421 -0.024314 1.741193 0.475436 -0.516825 0.476895 0.528605
0.309367 -0.026132 1.740646 0.474036 -0.517456 0.476871 0.529266
0.313252 -0.027704 1.740035 0.472891 -0.518044 0.477239 0.529385
0.318508 -0.028752 1.739223 0.472647 -0.517952 0.478809 0.528274
0.323106 -0.030495 1.738455 0.471871 -0.518324 0.479366 0.528098
0.326812 -0.032543 1.737736 0.470783 -0.519026 0.479142 0.528582
0.330409 -0.034285 1.737055 0.469419 -0.519859 0.479683 0.528485
0.335161 -0.035734 1.736072 0.467612 -0.520332 0.481753 0.527739
0.339137 -0.037628 1.734998 0.465548 -0.520782 0.482733 0.528223
0.342363 -0.039558 1.734006 0.463601 -0.521218 0.483112 0.529159
0.345686 -0.041091 1.733162 0.461866 -0.521570 0.484295 0.529248
0.350531 -0.042391 1.732373 0.460495 -0.521975 0.487098 0.527467
0.354528 -0.044190 1.731600 0.458865 -0.522761 0.488619 0.526701
0.357755 -0.046046 1.730911 0.457275 -0.523570 0.489436 0.526523
0.360842 -0.047536 1.730348 0.455732 -0.524128 0.490642 0.526183
0.364950 -0.048316 1.729711 0.454494 -0.523838 0.493116 0.525229
0.368431 -0.049140 1.729028 0.453362 -0.523468 0.494916 0.524883
0.371301 -0.049923 1.728403 0.452385 -0.523110 0.496234 0.524838
0.373880 -0.050541 1.727934 0.450970 -0.523097 0.498065 0.524334
0.376772 -0.051070 1.727558 0.448567 -0.523685 0.501111 0.522905
0.379176 -0.051779 1.727136 0.446419 -0.524161 0.503285 0.522177
0.381148 -0.052495 1.726744 0.444600 -0.524518 0.504882 0.521829
0.383036 -0.053019 1.726479 0.442599 -0.524846 0.507008 0.521137
0.385770 -0.053050 1.726324 0.440493 -0.524575 0.511082 0.519212
0.388611 -0.052331 1.726223 0.440063 -0.523550 0.515650 0.516087
0.390776 -0.051668 1.726138 0.439471 -0.522814 0.518932 0.514043
0.392795 -0.050947 1.726140 0.438165 -0.522632 0.522758 0.511460
0.395287 -0.050211 1.726070 0.434741 -0.523459 0.528224 0.507907
0.397546 -0.049551 1.725865 0.432229 -0.523740 0.532779 0.504998
0.399182 -0.049237 1.725709 0.430002 -0.524267 0.536232 0.502690
0.400226 -0.049420 1.725902 0.427597 -0.525344 0.539706 0.499891
0.401499 -0.049236 1.726407 0.424356 -0.526813 0.545340 0.494969
0.402780 -0.048684 1.726731 0.422120 -0.527738 0.550269 0.490420
0.403834 -0.047926 1.726974 0.420344 -0.528493 0.554292 0.486587
0.404520 -0.046977 1.727346 0.417833 -0.529828 0.558088 0.482945
0.405065 -0.045798 1.728195 0.412610 -0.532754 0.563970 0.477350
0.405536 -0.044601 1.728842 0.407663 -0.535489 0.569337 0.472142
0.405964 -0.043490 1.729294 0.403662 -0.537749 0.573757 0.467639
0.406372 -0.042482 1.729676 0.400095 -0.540018 0.577735 0.463170
0.406761 -0.041441 1.730060 0.395224 -0.543694 0.582622 0.456887
0.407108 -0.040482 1.730371 0.390243 -0.547311 0.587406 0.450683
0.407422 -0.039628 1.730651 0.385199 -0.550936 0.592121 0.444392
0.407662 -0.038832 1.730884 0.380284 -0.554473 0.596510 0.438313
0.407378 -0.037692 1.731289 0.374555 -0.558526 0.600389 0.432770
0.407013 -0.036691 1.731672 0.368551 -0.562562 0.604092 0.427512
0.406734 -0.035853 1.732004 0.362626 -0.566484 0.607861 0.422022
0.406500 -0.035113 1.732226 0.356863 -0.570431 0.611515 0.416301
0.405811 -0.034186 1.732125 0.351156 -0.575318 0.613844 0.410968
0.405052 -0.033464 1.732087 0.345098 -0.580037 0.616129 0.406017
0.404424 -0.032917 1.732054 0.339082 -0.584486 0.618643 0.400849
0.403888 -0.032434 1.732039 0.333139 -0.588748 0.621287 0.395470
0.402968 -0.031478 1.732371 0.326946 -0.593105 0.623339 0.390871
0.402104 -0.030635 1.732756 0.320576 -0.597173 0.625480 0.386510
0.401416 -0.029956 1.733059 0.314289 -0.601067 0.627859 0.381751
0.400850 -0.029404 1.733240 0.308181 -0.604923 0.630285 0.376607
0.400173 -0.028842 1.733065 0.302772 -0.609633 0.631505 0.371318
0.399574 -0.028419 1.733015 0.297235 -0.613941 0.632954 0.366191
0.399110 -0.028103 1.732981 0.291667 -0.617943 0.634709 0.360861
0.398743 -0.027871 1.732909 0.286115 -0.621799 0.636597 0.355315
0.398271 -0.027565 1.732518 0.280998 -0.626383 0.637473 0.349732
0.397837 -0.027334 1.732259 0.275677 -0.630596 0.638599 0.344300
0.397497 -0.027164 1.732042 0.270241 -0.634524 0.640026 0.338698
0.397228 -0.027032 1.731799 0.264778 -0.638319 0.641568 0.332915
0.396751 -0.026722 1.730924 -0.259944 0.643292 -0.641488 -0.327260
0.396247 -0.026469 1.730235 -0.254760 0.647808 -0.641705 -0.321958
0.395816 -0.026261 1.729635 -0.249325 0.652007 -0.642305 -0.316493
0.395453 -0.026097 1.729117 -0.243757 0.655915 -0.643192 -0.310904
0.394927 -0.025931 1.728692 -0.238358 0.659897 -0.643654 -0.305668
0.394428 -0.025875 1.728380 -0.232742 0.663468 -0.644411 -0.300625
0.394049 -0.025876 1.728109 -0.227026 0.666792 -0.645464 -0.295338
0.393753 -0.025912 1.727832 -0.221242 0.669968 -0.646680 -0.289827
0.393452 -0.025962 1.726980 -0.216122 0.674306 -0.646486 -0.284004
0.393178 -0.026053 1.726317 -0.210836 0.678191 -0.646632 -0.278338
0.392972 -0.026160 1.725769 -0.205368 0.681715 -0.647137 -0.272583
0.392811 -0.026247 1.725273 -0.199911 0.684927 -0.647821 -0.266907
0.392674 -0.026223 1.724765 -0.194444 0.688425 -0.648169 -0.261033
0.392552 -0.026151 1.724357 -0.188879 0.691613 -0.648702 -0.255308
0.392438 -0.026015 1.723907 -0.184059 0.694424 -0.649011 -0.250366
0.392355 -0.025862 1.723467 -0.180056 0.696949 -0.649056 -0.246106
0.392280 -0.025668 1.722662 -0.175947 0.700479 -0.648258 -0.241108
0.392135 -0.025409 1.721887 -0.172419 0.703489 -0.647390 -0.237194
0.392008 -0.025165 1.721198 -0.169470 0.706084 -0.646525 -0.233944
0.391901 -0.024937 1.720595 -0.167028 0.708319 -0.645697 -0.231215
0.391727 -0.024541 1.719929 -0.165153 0.710571 -0.644462 -0.229089
0.391535 -0.024111 1.719376 -0.163509 0.712573 -0.643267 -0.227402
0.391365 -0.023715 1.718910 -0.162099 0.714315 -0.642190 -0.225987
0.391221 -0.023359 1.718516 -0.160902 0.715817 -0.641238 -0.224792
0.390474 -0.022508 1.718205 -0.161406 0.716527 -0.639762 -0.226369
0.389289 -0.021732 1.718026 -0.160687 0.717718 -0.637828 -0.228554
0.388206 -0.021306 1.717954 -0.159617 0.719031 -0.635892 -0.230563
0.387343 -0.021042 1.717919 -0.158758 0.720113 -0.634298 -0.232164
0.385057 -0.021099 1.718202 -0.158391 0.720882 -0.631059 -0.238759
0.382839 -0.021115 1.718739 -0.157495 0.722266 -0.627736 -0.243875
0.381070 -0.021031 1.719286 -0.156848 0.723528 -0.624999 -0.247550
0.379660 -0.020901 1.719778 -0.156388 0.724571 -0.622820 -0.250268
0.376591 -0.020920 1.720888 -0.157015 0.723909 -0.620027 -0.258590
0.373698 -0.020389 1.721838 -0.157656 0.722879 -0.618166 -0.265445
0.371414 -0.019551 1.722592 -0.158532 0.721860 -0.616985 -0.270400
0.369597 -0.018654 1.723209 -0.159406 0.720962 -0.616214 -0.274016
0.365878 -0.017843 1.724275 -0.162295 0.719074 -0.613434 -0.283360
0.362321 -0.016276 1.725273 -0.165210 0.717063 -0.611544 -0.290758
0.359512 -0.014392 1.726102 -0.168082 0.715237 -0.610475 -0.295812
0.357262 -0.012558 1.726798 -0.170613 0.713680 -0.609870 -0.299349
0.353149 -0.011017 1.727743 -0.173988 0.711376 -0.607184 -0.308222
0.349117 -0.008992 1.728591 -0.177132 0.708985 -0.605246 -0.315661
0.345898 -0.006753 1.729346 -0.180150 0.706984 -0.604092 -0.320614
0.343299 -0.004652 1.729996 -0.182786 0.705329 -0.603407 -0.324036
0.338548 -0.003159 1.730640 -0.186572 0.703392 -0.600219 -0.331914
0.333727 -0.001129 1.731186 -0.190708 0.700937 -0.597831 -0.338992
0.329845 0.001140 1.731629 -0.194587 0.698628 -0.596547 -0.343782
0.326688 0.003258 1.732008 -0.197913 0.696662 -0.595835 -0.347093
0.321366 0.004855 1.732401 -0.201062 0.695080 -0.592082 -0.354792
0.315725 0.007191 1.732731 -0.204798 0.693069 -0.588803 -0.361972
0.311165 0.009968 1.733038 -0.208704 0.691008 -0.587051 -0.366499
0.307467 0.012626 1.733326 -0.212235 0.689184 -0.586118 -0.369387
0.302005 0.014570 1.733947 -0.215488 0.687500 -0.582685 -0.376013
0.296110 0.016897 1.734588 -0.219444 0.685499 -0.579177 -0.382738
0.291232 0.019637 1.735182 -0.223691 0.683444 -0.577108 -0.387055
0.287261 0.022267 1.735720 -0.227517 0.681643 -0.575957 -0.389706
0.281518 0.023772 1.736662 -0.230538 0.680725 -0.572151 -0.395107
0.275419 0.024967 1.737749 -0.233811 0.680026 -0.567570 -0.400950
0.270398 0.026171 1.738723 -0.237378 0.679222 -0.563834 -0.405463
0.266279 0.027222 1.739563 -0.240290 0.678617 -0.561052 -0.408607
