0.304810 0.338209 1.507421 0.699823 0.016798 0.707648 0.095921
0.300629 0.336821 1.513465 0.697724 0.017171 0.709304 0.098868
0.296327 0.335150 1.518598 0.696021 0.017327 0.710629 0.101298
0.291910 0.333252 1.522832 0.694763 0.017470 0.711562 0.103332
0.287790 0.331449 1.528654 0.692725 0.017079 0.713187 0.105854
0.283784 0.329461 1.534890 0.690300 0.016526 0.715119 0.108713
0.279707 0.327703 1.540341 0.688108 0.016109 0.716895 0.110947
0.275397 0.326753 1.544855 0.686306 0.016258 0.718460 0.111959
0.270865 0.325916 1.550280 0.685114 0.017128 0.719429 0.112903
0.266429 0.325354 1.556110 0.683335 0.018461 0.720848 0.114417
0.262063 0.325363 1.561210 0.681836 0.020242 0.722089 0.115229
0.258128 0.325618 1.565414 0.680766 0.021821 0.723064 0.115155
0.254323 0.325697 1.570534 0.679736 0.022904 0.724031 0.114952
0.250845 0.325772 1.576265 0.678143 0.023902 0.725412 0.115445
0.247853 0.325823 1.581284 0.676747 0.025049 0.726564 0.116145
0.245336 0.325771 1.585463 0.675612 0.025809 0.727536 0.116510
0.242927 0.325523 1.590275 0.674468 0.026477 0.728470 0.117148
0.240575 0.325310 1.596018 0.672791 0.026884 0.729820 0.118291
0.238491 0.325167 1.601107 0.671298 0.027969 0.730878 0.119973
0.236706 0.324997 1.605356 0.670076 0.028766 0.731770 0.121178
0.235053 0.324716 1.609927 0.668983 0.029648 0.732588 0.122056
0.233558 0.324294 1.615754 0.667284 0.029731 0.733959 0.123092
0.232284 0.323842 1.621004 0.665711 0.029391 0.735269 0.123872
0.231204 0.323371 1.625416 0.664380 0.028900 0.736408 0.124366
0.230231 0.322800 1.629660 0.663250 0.029279 0.737241 0.125373
0.229479 0.321828 1.634725 0.661747 0.029355 0.738262 0.127272
0.228933 0.320769 1.639236 0.660343 0.028743 0.739274 0.128824
0.228505 0.319753 1.643013 0.659142 0.027998 0.740154 0.130074
0.228107 0.318856 1.646527 0.658137 0.028307 0.740778 0.131533
0.227741 0.318069 1.651274 0.656767 0.028659 0.741802 0.132534
0.227445 0.317293 1.655692 0.655420 0.028081 0.742935 0.132984
0.227189 0.316564 1.659432 0.654231 0.027391 0.743954 0.133283
0.226970 0.315899 1.662689 0.653343 0.027328 0.744680 0.133597
0.227208 0.314840 1.666423 0.652814 0.027709 0.745145 0.133510
0.227793 0.313370 1.669728 0.652131 0.026990 0.745683 0.133994
0.228435 0.311850 1.672486 0.651460 0.026017 0.746169 0.134743
0.229037 0.310450 1.674824 0.650899 0.025311 0.746530 0.135582
0.230264 0.308821 1.678103 0.650882 0.024472 0.746662 0.135094
0.231930 0.306605 1.681268 0.650642 0.022021 0.746918 0.135251
0.233566 0.304306 1.683942 0.650334 0.019411 0.747137 0.135922
0.235018 0.302188 1.686142 0.650014 0.017047 0.747321 0.136756
0.236835 0.300335 1.689233 0.650095 0.016409 0.747249 0.136843
0.239005 0.298079 1.692400 0.649915 0.014030 0.747433 0.136958
0.241046 0.295754 1.695084 0.649649 0.011463 0.747596 0.137570
0.242829 0.293614 1.697288 0.649358 0.009138 0.747733 0.138369
0.244780 0.291681 1.699996 0.649484 0.009366 0.747605 0.138450
0.247222 0.289121 1.702951 0.649510 0.008032 0.747578 0.138561
0.249583 0.286363 1.705483 0.649430 0.006022 0.747522 0.139337
0.251673 0.283782 1.707568 0.649302 0.004013 0.747456 0.140356
0.253862 0.281686 1.709732 0.649270 0.004001 0.747335 0.141149
0.256549 0.279390 1.711863 0.649210 0.003453 0.747236 0.141962
0.259105 0.276929 1.713605 0.649116 0.002284 0.747061 0.143328
0.261351 0.274623 1.715009 0.649007 0.001012 0.746870 0.144824
0.263476 0.272850 1.716648 0.648813 0.000967 0.746981 0.145122
0.265935 0.271222 1.718864 0.648355 0.000498 0.747601 0.143974
0.268246 0.269405 1.720798 0.647886 -0.000622 0.748096 0.143513
0.270272 0.267663 1.722385 0.647455 -0.001822 0.748470 0.143499
0.272187 0.266217 1.723716 0.647154 -0.002346 0.748828 0.142977
0.274644 0.264662 1.724703 0.647018 -0.002719 0.749148 0.141908
0.277086 0.262779 1.725352 0.646956 -0.003613 0.749185 0.141973
0.279274 0.260918 1.725806 0.646928 -0.004648 0.749099 0.142527
0.281330 0.259430 1.726148 0.647048 -0.005168 0.748940 0.142798
0.284016 0.258593 1.726418 0.647615 -0.004873 0.748668 0.141661
0.286585 0.257519 1.726585 0.648143 -0.005106 0.748299 0.141187
0.288847 0.256401 1.726672 0.648606 -0.005558 0.747902 0.141147
0.290864 0.255467 1.726683 0.649063 -0.005891 0.747565 0.140813
0.293605 0.255093 1.726056 0.650043 -0.005240 0.747183 0.138325
0.296386 0.254316 1.725123 0.651060 -0.004904 0.746498 0.137251
0.298886 0.253361 1.724201 0.651988 -0.004892 0.745747 0.136927
0.301069 0.252456 1.723375 0.652801 -0.005023 0.745071 0.136733
0.304165 0.251925 1.722636 0.653515 -0.005497 0.744991 0.133705
0.307512 0.250658 1.721845 0.654252 -0.006772 0.744600 0.132212
0.310578 0.249084 1.721080 0.654969 -0.008347 0.744038 0.131735
0.313240 0.247542 1.720391 0.655611 -0.009869 0.743458 0.131711
0.316306 0.246899 1.719037 0.656664 -0.010131 0.743113 0.128351
0.319492 0.246147 1.717124 0.657926 -0.009828 0.742356 0.126271
0.322343 0.245209 1.715280 0.659118 -0.009720 0.741469 0.125272
0.324794 0.244276 1.713664 0.660168 -0.009752 0.740619 0.124769
0.327736 0.243784 1.711981 0.661342 -0.009817 0.740115 0.121483
0.331201 0.242713 1.710096 0.662702 -0.010265 0.739281 0.119095
0.334418 0.241190 1.708346 0.663990 -0.011227 0.738277 0.118064
0.337232 0.239623 1.706825 0.665128 -0.012322 0.737298 0.117660
0.340179 0.238571 1.705335 0.666045 -0.013817 0.736887 0.114856
0.343515 0.237541 1.703504 0.666965 -0.015229 0.736447 0.112120
0.346545 0.236277 1.701709 0.667892 -0.016582 0.735792 0.110701
0.349162 0.235026 1.700116 0.668735 -0.017812 0.735113 0.109933
0.351712 0.234120 1.698709 0.669421 -0.018701 0.734875 0.107164
0.354770 0.232879 1.697280 0.670062 -0.019741 0.734790 0.103494
0.357681 0.231135 1.695919 0.670730 -0.021250 0.734418 0.101496
0.360254 0.229334 1.694709 0.671355 -0.022820 0.733950 0.100393
0.362762 0.227955 1.693596 0.671931 -0.023975 0.733632 0.098583
0.365842 0.226874 1.692365 0.672572 -0.024480 0.733393 0.095824
0.368708 0.225451 1.691188 0.673220 -0.025347 0.732966 0.094309
0.371213 0.223998 1.690144 0.673817 -0.026312 0.732489 0.093476
0.373579 0.222876 1.689233 0.674308 -0.027185 0.732183 0.092073
0.376834 0.222209 1.688363 0.674642 -0.027967 0.732272 0.088618
0.379939 0.221051 1.687515 0.675004 -0.029175 0.732142 0.086530
0.382671 0.219749 1.686739 0.675368 -0.030470 0.731897 0.085298
0.385130 0.218624 1.686037 0.675694 -0.031670 0.731684 0.084101
0.388568 0.218173 1.685218 0.675894 -0.032580 0.731801 0.081077
0.391882 0.217267 1.684332 0.676160 -0.033712 0.731697 0.079311
0.394792 0.216181 1.683493 0.676460 -0.034887 0.731468 0.078360
0.397307 0.215163 1.682745 0.676747 -0.035936 0.731221 0.077702
0.400592 0.214866 1.681990 0.676903 -0.035822 0.731323 0.075406
0.403823 0.214128 1.681212 0.677073 -0.036039 0.731291 0.074071
0.406672 0.213161 1.680476 0.677284 -0.036505 0.731134 0.073460
0.409113 0.212197 1.679826 0.677494 -0.037008 0.730942 0.073196
0.411977 0.211875 1.679016 0.677734 -0.037543 0.730946 0.070599
0.414836 0.211379 1.678052 0.678066 -0.037973 0.730801 0.068662
0.417344 0.210707 1.677122 0.678429 -0.038466 0.730545 0.067513
0.419488 0.210031 1.676298 0.678771 -0.038928 0.730270 0.066785
0.421822 0.209730 1.675346 0.679420 -0.040060 0.729788 0.064756
0.424164 0.209391 1.674386 0.680153 -0.041137 0.729199 0.062994
0.426194 0.208937 1.673557 0.680780 -0.042134 0.728659 0.061802
0.427918 0.208486 1.672863 0.681301 -0.042990 0.728193 0.060944
0.429778 0.208464 1.671904 0.681938 -0.045125 0.727713 0.057957
0.430918 0.208519 1.671166 0.682213 -0.046859 0.727683 0.053545
0.431201 0.209018 1.670958 0.682267 -0.047105 0.727945 0.048880
0.431392 0.210065 1.670801 0.682321 -0.046701 0.728198 0.044549
0.431654 0.211244 1.670805 0.682476 -0.047462 0.728299 0.039431
0.432061 0.212803 1.670809 0.682687 -0.049469 0.728321 0.032250
0.432381 0.214306 1.670780 0.682822 -0.051107 0.728331 0.026006
0.432615 0.215710 1.670762 0.682905 -0.052420 0.728332 0.020620
0.432801 0.216869 1.670947 0.682935 -0.054865 0.728269 0.014605
0.433020 0.218076 1.671275 0.682979 -0.059345 0.728001 0.005550
0.433155 0.218592 1.671391 0.683010 -0.064043 0.727594 -0.001306
0.433191 0.218555 1.671446 0.682980 -0.068537 0.727184 -0.006733
0.433158 0.218367 1.671606 0.682836 -0.073335 0.726775 -0.012426
0.433081 0.218153 1.672091 0.682396 -0.081547 0.726087 -0.021994
0.433044 0.217978 1.672418 0.681972 -0.089233 0.725258 -0.030853
0.433033 0.217875 1.672581 0.681513 -0.096048 0.724439 -0.038754
0.433024 0.217784 1.672713 0.681003 -0.102205 0.723659 -0.045897
0.432986 0.217430 1.673183 0.680192 -0.110637 0.722484 -0.055803
0.432954 0.217103 1.673539 0.679378 -0.118634 0.721192 -0.065229
0.432938 0.216804 1.673829 0.678476 -0.126253 0.719888 -0.074100
0.432936 0.216572 1.673986 0.677549 -0.133327 0.718601 -0.082239
0.432835 0.216148 1.674474 0.676334 -0.143140 0.716613 -0.092461
0.432763 0.215617 1.674900 0.675194 -0.152761 0.714437 -0.101774
0.432731 0.215044 1.675169 0.674029 -0.161789 0.712276 -0.110329
0.432706 0.214473 1.675338 0.672768 -0.170357 0.710166 -0.118433
0.432612 0.213778 1.675547 0.671425 -0.180183 0.707473 -0.127296
0.432515 0.212996 1.675722 0.670146 -0.189850 0.704621 -0.135538
0.432418 0.212206 1.675773 0.668774 -0.198971 0.701860 -0.143333
0.432357 0.211484 1.675740 0.667297 -0.207618 0.699201 -0.150756
0.432304 0.210684 1.675728 0.665603 -0.217330 0.696003 -0.159122
0.432216 0.209808 1.675757 0.663871 -0.227159 0.692571 -0.167389
0.432138 0.208974 1.675690 0.662080 -0.236362 0.689284 -0.175128
0.432065 0.208235 1.675562 0.660211 -0.244985 0.686132 -0.182555
0.431964 0.207598 1.675503 0.657988 -0.254294 0.682672 -0.190642
0.431833 0.206980 1.675487 0.655693 -0.263991 0.678931 -0.198568
0.431729 0.206390 1.675395 0.653416 -0.272999 0.675344 -0.205982
0.431633 0.205862 1.675264 0.651110 -0.281371 0.671906 -0.213137
0.431524 0.205404 1.675153 0.648586 -0.290010 0.668238 -0.220652
0.431368 0.204952 1.675090 0.645960 -0.299207 0.664189 -0.228174
0.431246 0.204499 1.674950 0.643392 -0.307774 0.660309 -0.235187
0.431142 0.204100 1.674778 0.640801 -0.315757 0.656597 -0.241976
0.431054 0.203752 1.674604 0.637985 -0.323788 0.652762 -0.249076
0.430960 0.203453 1.674530 0.634857 -0.332413 0.648484 -0.256761
0.430880 0.203195 1.674442 0.631798 -0.340428 0.644390 -0.264008
0.430813 0.202986 1.674345 0.628736 -0.347927 0.640469 -0.270991
0.430758 0.202822 1.674247 0.625529 -0.355296 0.636535 -0.278033
0.430694 0.202644 1.674168 0.621993 -0.363307 0.632092 -0.285644
0.430631 0.202471 1.674051 0.618575 -0.370808 0.627809 -0.292782
0.430576 0.202335 1.673909 0.615191 -0.377860 0.623706 -0.299589
0.430527 0.202259 1.673746 0.612023 -0.384241 0.619979 -0.305635
0.430453 0.202330 1.673601 0.608804 -0.390684 0.616179 -0.311525
0.430400 0.202447 1.673463 0.605939 -0.396350 0.612909 -0.316365
0.430360 0.202554 1.673349 0.603459 -0.401137 0.610133 -0.320411
0.430324 0.202655 1.673256 0.601345 -0.405144 0.607785 -0.323789
0.430194 0.203099 1.673250 0.599805 -0.408569 0.606038 -0.325613
0.430102 0.203611 1.673260 0.598279 -0.412022 0.604568 -0.326800
0.430047 0.204025 1.673249 0.596913 -0.415089 0.603351 -0.327664
0.430004 0.204361 1.673236 0.595725 -0.417702 0.602331 -0.328378
0.429525 0.204989 1.673220 0.595784 -0.418556 0.603449 -0.325120
0.429228 0.205370 1.672851 0.595562 -0.420831 0.605124 -0.319426
0.429028 0.205607 1.672383 0.595542 -0.422805 0.606533 -0.314137
0.428759 0.205821 1.671790 0.595492 -0.424640 0.607516 -0.309830
0.428093 0.205571 1.671659 0.595689 -0.425042 0.611108 -0.301731
0.427288 0.205252 1.671849 0.595566 -0.425407 0.615367 -0.292668
0.426591 0.204919 1.671946 0.595255 -0.426148 0.618698 -0.285100
0.425993 0.204564 1.671990 0.594919 -0.426901 0.621332 -0.278880
0.424974 0.203645 1.672602 0.594872 -0.426391 0.626115 -0.268881
0.423197 0.203091 1.673284 0.595661 -0.424201 0.631907 -0.256779
0.421423 0.203229 1.673655 0.596661 -0.421844 0.636364 -0.247151
0.419776 0.203698 1.673926 0.597617 -0.419511 0.639848 -0.239707
0.417894 0.203764 1.674697 0.598345 -0.416787 0.644471 -0.230067
0.415086 0.204074 1.676438 0.598721 -0.412979 0.650620 -0.218348
0.412272 0.205359 1.678096 0.599972 -0.407793 0.655826 -0.208881
0.409681 0.206979 1.679564 0.601114 -0.402930 0.659978 -0.201835
0.407044 0.208263 1.681093 0.601996 -0.398364 0.664212 -0.194239
0.403309 0.209474 1.683155 0.602611 -0.393167 0.669684 -0.183855
0.399636 0.211605 1.684995 0.604229 -0.386447 0.674460 -0.175125
0.396304 0.213971 1.686586 0.605890 -0.379895 0.678419 -0.168302
0.393148 0.215957 1.688111 0.607015 -0.374125 0.682149 -0.161972
0.388549 0.217295 1.689981 0.606988 -0.368376 0.687549 -0.152125
0.383825 0.219881 1.691412 0.608209 -0.360795 0.692290 -0.143671
0.379491 0.222906 1.692604 0.609656 -0.353109 0.696282 -0.137203
0.375598 0.225700 1.693722 0.610753 -0.346240 0.699792 -0.131874
0.370514 0.227324 1.695982 0.610278 -0.339346 0.705377 -0.121853
0.365318 0.229782 1.698178 0.610418 -0.331446 0.710390 -0.113484
