-0.038233 0.125755 1.511057 0.455898 -0.497317 0.542260 0.500786
-0.038564 0.126212 1.511234 0.455697 -0.497389 0.542421 0.500725
-0.038861 0.126615 1.511353 0.455546 -0.497467 0.542520 0.500675
-0.039149 0.127056 1.511344 0.455430 -0.497937 0.542060 0.500813
-0.039325 0.127418 1.511359 0.455345 -0.498428 0.541543 0.500961
-0.039447 0.127704 1.511384 0.455244 -0.498863 0.541091 0.501108
-0.039577 0.127973 1.511423 0.454903 -0.499289 0.540881 0.501220
-0.039779 0.128477 1.511348 0.453864 -0.499618 0.541386 0.501289
-0.039919 0.128946 1.511214 0.453093 -0.499732 0.541881 0.501338
-0.040035 0.129346 1.511087 0.452508 -0.499780 0.542285 0.501381
-0.040095 0.129674 1.510932 0.452363 -0.499652 0.542402 0.501514
-0.039958 0.129888 1.510668 0.452978 -0.499180 0.542018 0.501844
-0.039823 0.130026 1.510456 0.453358 -0.498858 0.541678 0.502187
-0.039704 0.130124 1.510288 0.453609 -0.498634 0.541393 0.502491
-0.039777 0.130226 1.510263 0.453353 -0.498733 0.541183 0.502851
-0.040159 0.130439 1.510534 0.452773 -0.499418 0.540647 0.503267
-0.040452 0.130659 1.510801 0.452467 -0.500029 0.540138 0.503483
-0.040683 0.130855 1.511024 0.452266 -0.500517 0.539722 0.503626
-0.040923 0.131064 1.511208 0.451858 -0.500996 0.539657 0.503584
-0.041205 0.131411 1.511345 0.451351 -0.501262 0.540190 0.503203
-0.041464 0.131760 1.511428 0.451102 -0.501337 0.540705 0.502798
-0.041691 0.132071 1.511483 0.450976 -0.501341 0.541144 0.502436
-0.042054 0.132311 1.511339 0.450909 -0.501324 0.541034 0.502630
-0.042550 0.132511 1.510799 0.450830 -0.501073 0.540593 0.503424
-0.042958 0.132695 1.510297 0.450741 -0.500732 0.540388 0.504065
-0.043295 0.132859 1.509872 0.450684 -0.500403 0.540269 0.504569
-0.043850 0.132978 1.509593 0.449596 -0.500510 0.540378 0.505317
-0.044542 0.132974 1.509324 0.447664 -0.500817 0.540625 0.506463
-0.045081 0.132961 1.509062 0.446057 -0.501020 0.540868 0.507419
-0.045502 0.132959 1.508829 0.444788 -0.501152 0.541078 0.508177
-0.046084 0.133190 1.508530 0.442564 -0.501949 0.541372 0.509020
-0.046458 0.133577 1.508098 0.439963 -0.503095 0.541386 0.510127
-0.046650 0.133840 1.507737 0.437706 -0.504116 0.541244 0.511210
-0.046764 0.134037 1.507437 0.435850 -0.504955 0.541055 0.512167
-0.047404 0.134558 1.506658 0.432991 -0.506153 0.540860 0.513613
-0.048159 0.135438 1.505272 0.430448 -0.506620 0.540953 0.515190
-0.048770 0.136254 1.504025 0.428551 -0.506670 0.541265 0.516394
-0.049271 0.136973 1.502968 0.427126 -0.506561 0.541602 0.517327
-0.049986 0.138100 1.501560 0.423326 -0.507552 0.542833 0.518187
-0.050230 0.139327 1.499766 0.419241 -0.508354 0.544000 0.519497
-0.050284 0.140253 1.498232 0.415692 -0.508993 0.544804 0.520879
-0.050270 0.140990 1.496957 0.412770 -0.509481 0.545374 0.522127
-0.051145 0.141916 1.494995 0.407143 -0.511173 0.545718 0.524527
-0.051842 0.142772 1.492493 0.401531 -0.512260 0.545980 0.527512
-0.052305 0.143438 1.490321 0.396843 -0.512918 0.546245 0.530140
-0.052633 0.143997 1.488502 0.393086 -0.513309 0.546469 0.532324
-0.053467 0.145077 1.485742 0.387089 -0.514828 0.546794 0.534912
-0.053829 0.146112 1.482543 0.381687 -0.515602 0.546965 0.537865
-0.054001 0.146893 1.479825 0.377117 -0.516041 0.547075 0.540550
-0.054088 0.147532 1.477570 0.373416 -0.516264 0.547147 0.542828
-0.054354 0.148830 1.474725 0.368279 -0.517295 0.546562 0.545936
-0.053962 0.149984 1.471911 0.363811 -0.518116 0.545378 0.549327
-0.053445 0.150821 1.469612 0.359822 -0.518852 0.544169 0.552449
-0.052936 0.151482 1.467734 0.356487 -0.519419 0.543095 0.555129
-0.052767 0.152659 1.465161 0.350952 -0.520232 0.542316 0.558645
-0.052161 0.153541 1.462515 0.346049 -0.520532 0.541356 0.562342
-0.051527 0.154167 1.460296 0.341798 -0.520734 0.540420 0.565647
-0.050960 0.154691 1.458448 0.338204 -0.520867 0.539649 0.568414
-0.050341 0.155802 1.455789 0.333794 -0.521528 0.538972 0.571050
-0.049379 0.156681 1.453276 0.330116 -0.521920 0.537973 0.573767
-0.048473 0.157327 1.451218 0.326898 -0.522236 0.536980 0.576246
-0.047680 0.157891 1.449499 0.324142 -0.522443 0.536150 0.578384
-0.046283 0.158999 1.446740 0.322258 -0.521501 0.535217 0.581145
-0.044719 0.159790 1.444092 0.320527 -0.520430 0.534228 0.583966
-0.043364 0.160341 1.441902 0.318833 -0.519577 0.533259 0.586533
-0.042196 0.160839 1.440046 0.317144 -0.518920 0.532587 0.588636
-0.040386 0.161809 1.437565 0.315167 -0.518059 0.532215 0.590789
-0.038466 0.162431 1.435371 0.313127 -0.517412 0.531396 0.593174
-0.036786 0.162824 1.433600 0.311112 -0.517004 0.530458 0.595425
-0.035207 0.163186 1.432032 0.309258 -0.516676 0.529930 0.597143
-0.032421 0.163753 1.429652 0.307818 -0.515654 0.530317 0.598426
-0.029738 0.163917 1.427574 0.305939 -0.514934 0.530011 0.600278
-0.027448 0.163897 1.425907 0.303970 -0.514508 0.529424 0.602158
-0.025256 0.163892 1.424375 0.302258 -0.514167 0.529261 0.603453
-0.021795 0.163908 1.422208 0.301388 -0.513487 0.529759 0.604030
-0.018621 0.163601 1.420453 0.299856 -0.513227 0.529456 0.605277
-0.015942 0.163189 1.419081 0.298148 -0.513209 0.528845 0.606669
-0.013355 0.162883 1.417772 0.296661 -0.513000 0.528733 0.607672
-0.009652 0.162548 1.415858 0.295688 -0.511890 0.529196 0.608678
-0.006347 0.161893 1.414277 0.293986 -0.511233 0.528896 0.610313
-0.003583 0.161184 1.413029 0.292149 -0.510872 0.528301 0.612011
-0.000754 0.160615 1.411604 0.290764 -0.510412 0.528459 0.612916
0.003319 0.159944 1.409123 0.290331 -0.509081 0.529287 0.613514
0.006860 0.158979 1.407044 0.289064 -0.508166 0.529282 0.614874
0.009787 0.158007 1.405384 0.287577 -0.507568 0.528925 0.616370
0.012760 0.157084 1.403622 0.286706 -0.506994 0.529020 0.617167
0.016447 0.155772 1.401323 0.286097 -0.506240 0.529121 0.617981
0.019592 0.154296 1.399479 0.284640 -0.505850 0.528582 0.619434
0.022190 0.152923 1.398024 0.283029 -0.505663 0.527850 0.620945
0.025235 0.151762 1.396457 0.282712 -0.504965 0.527722 0.621766
0.029375 0.150477 1.394689 0.283182 -0.503858 0.527559 0.622589
0.032941 0.149055 1.393395 0.282616 -0.503376 0.526692 0.623969
0.035899 0.147719 1.392420 0.281686 -0.503197 0.525653 0.625407
0.039261 0.146509 1.391035 0.282178 -0.502393 0.525377 0.626064
0.043136 0.145151 1.389071 0.283556 -0.500803 0.525329 0.626755
0.046300 0.143774 1.387470 0.284053 -0.499623 0.524877 0.627849
0.048864 0.142539 1.386183 0.284157 -0.498757 0.524324 0.628952
0.052223 0.141467 1.384677 0.285356 -0.497158 0.524889 0.629203
0.056402 0.140094 1.383055 0.286506 -0.495277 0.525276 0.629841
0.059915 0.138571 1.381868 0.286480 -0.494147 0.524866 0.631082
0.062804 0.137145 1.380967 0.286011 -0.493435 0.524199 0.632405
0.066350 0.135891 1.379892 0.286393 -0.492241 0.524990 0.632505
0.070232 0.134504 1.378842 0.286739 -0.491045 0.525693 0.632695
0.073451 0.133104 1.378094 0.286401 -0.490375 0.525725 0.633341
0.076081 0.131838 1.377527 0.285840 -0.489974 0.525500 0.634090
0.079773 0.130762 1.376793 0.286558 -0.488618 0.527064 0.633515
0.083867 0.129505 1.376197 0.287232 -0.487335 0.528322 0.633149
0.087269 0.128198 1.375857 0.287128 -0.486681 0.528742 0.633349
0.090057 0.126992 1.375634 0.286724 -0.486331 0.528810 0.633743
0.093487 0.125944 1.375233 0.286342 -0.485219 0.530479 0.633374
0.096944 0.124565 1.374801 0.285380 -0.484234 0.531561 0.633655
0.099798 0.123127 1.374538 0.283972 -0.483697 0.531906 0.634408
0.102131 0.121820 1.374352 0.282583 -0.483386 0.531927 0.635247
0.105348 0.120923 1.374803 0.281655 -0.481943 0.534063 0.634964
0.108602 0.120045 1.375586 0.280661 -0.481028 0.535710 0.634709
0.111325 0.119169 1.376351 0.279526 -0.480645 0.536607 0.634743
0.113557 0.118367 1.377004 0.278448 -0.480485 0.537118 0.634905
0.116298 0.117738 1.378009 0.278293 -0.479439 0.538092 0.634939
0.118871 0.117091 1.379113 0.277983 -0.478952 0.538503 0.635095
0.121025 0.116581 1.380070 0.277797 -0.478671 0.538780 0.635153
0.122758 0.116214 1.380702 0.277923 -0.478488 0.538974 0.635069
0.125334 0.115551 1.381960 0.278113 -0.477648 0.541357 0.633591
0.127670 0.114798 1.383615 0.277450 -0.477233 0.542980 0.632805
0.129580 0.113952 1.385196 0.276224 -0.477221 0.543872 0.632585
0.131178 0.113099 1.386561 0.274965 -0.477380 0.544409 0.632552
0.133236 0.111946 1.388331 0.274737 -0.477077 0.545599 0.631853
0.134973 0.110868 1.390095 0.274126 -0.477199 0.546389 0.631343
0.136403 0.109924 1.391632 0.273474 -0.477457 0.546842 0.631038
0.137629 0.109071 1.392991 0.272844 -0.477671 0.547242 0.630803
0.140174 0.107971 1.395514 0.273088 -0.476335 0.549168 0.630034
0.142469 0.106702 1.398204 0.272243 -0.476014 0.550151 0.629784
0.144357 0.105397 1.400603 0.270934 -0.476258 0.550493 0.629865
0.146041 0.104182 1.402804 0.269554 -0.476416 0.550983 0.629909
0.148877 0.103105 1.406331 0.268704 -0.474973 0.554286 0.628463
0.151317 0.102138 1.409738 0.267633 -0.474511 0.556536 0.627279
0.153296 0.101229 1.412663 0.266491 -0.474542 0.558047 0.626399
0.155179 0.100507 1.415446 0.265079 -0.474139 0.560231 0.625353
0.158500 0.100351 1.419921 0.262602 -0.471449 0.566659 0.622634
0.161391 0.100089 1.424053 0.260353 -0.470137 0.571178 0.620439
0.163727 0.099721 1.427566 0.258261 -0.469525 0.574398 0.618801
0.166081 0.099491 1.430989 0.255807 -0.468324 0.578513 0.616894
0.170283 0.099578 1.436003 0.252176 -0.465543 0.586351 0.613082
0.173981 0.099221 1.440645 0.248698 -0.464622 0.591536 0.610213
0.176978 0.098617 1.444662 0.245343 -0.464463 0.595075 0.608249
0.179974 0.098172 1.448673 0.241427 -0.463304 0.599943 0.605913
0.184454 0.098063 1.454086 0.235921 -0.459645 0.609181 0.601636
0.188269 0.097580 1.458949 0.230872 -0.457289 0.615823 0.598622
0.191306 0.096874 1.463071 0.226317 -0.455777 0.620519 0.596661
0.194417 0.096477 1.467169 0.221138 -0.453344 0.626657 0.594036
0.198973 0.096386 1.472307 0.214525 -0.449217 0.636086 0.589557
0.202980 0.096088 1.477263 0.207889 -0.445365 0.643817 0.586457
0.206172 0.095526 1.481548 0.201862 -0.442357 0.649422 0.584656
0.209469 0.095298 1.485638 0.195117 -0.438800 0.656600 0.581601
0.214061 0.095334 1.490027 0.187696 -0.434000 0.666210 0.576696
0.218131 0.095261 1.494202 0.180621 -0.428998 0.674421 0.573144
0.221403 0.095012 1.497882 0.174184 -0.424458 0.680707 0.571081
0.224880 0.095146 1.501548 0.166751 -0.419619 0.689002 0.566912
0.229480 0.095382 1.505571 0.158793 -0.414496 0.699152 0.560503
0.233509 0.095529 1.509514 0.151263 -0.409097 0.707669 0.555845
0.236840 0.095751 1.513363 0.143789 -0.402938 0.715067 0.552851
0.240795 0.096709 1.517070 0.136149 -0.396337 0.724369 0.547422
0.245944 0.098026 1.521057 0.128752 -0.390610 0.734646 0.539576
0.250552 0.099067 1.524780 0.122079 -0.384927 0.743541 0.532986
0.254402 0.100220 1.528378 0.115792 -0.378532 0.751233 0.528161
0.258798 0.101951 1.531717 0.108993 -0.371574 0.760582 0.521121
0.264073 0.103566 1.535041 0.102108 -0.365541 0.770550 0.512061
0.268682 0.104863 1.538339 0.095466 -0.359784 0.779213 0.504250
0.272500 0.106187 1.541645 0.089017 -0.353150 0.786521 0.498743
0.277038 0.108050 1.544765 0.082121 -0.345690 0.795350 0.491093
0.282288 0.109521 1.547839 0.075136 -0.338916 0.804470 0.481993
0.286856 0.110601 1.550869 0.067841 -0.332190 0.813037 0.473305
0.290745 0.111709 1.553762 0.061298 -0.324925 0.820343 0.466587
0.295326 0.113724 1.556444 0.054639 -0.316645 0.828874 0.457952
0.300263 0.115663 1.559084 0.048186 -0.308943 0.837538 0.448066
0.304553 0.117374 1.561625 0.042131 -0.301340 0.845397 0.439002
0.308214 0.119126 1.564039 0.036832 -0.293235 0.852165 0.431823
0.312834 0.121955 1.566136 0.031281 -0.284177 0.860409 0.421853
0.317745 0.124526 1.568143 0.025991 -0.275866 0.868530 0.410948
0.322007 0.126801 1.570124 0.021149 -0.267551 0.875618 0.401573
0.325655 0.129019 1.572017 0.016928 -0.258859 0.881724 0.394041
0.330378 0.132069 1.573535 0.012096 -0.249414 0.889224 0.383309
0.335328 0.134375 1.574913 0.007989 -0.241031 0.895556 0.373925
0.339651 0.136304 1.576332 0.004213 -0.232499 0.900922 0.366424
0.343338 0.138196 1.577769 0.000717 -0.223503 0.905519 0.360667
0.348202 0.141052 1.578878 -0.003179 -0.213502 0.912065 0.350064
0.353027 0.143260 1.580084 -0.006636 -0.204751 0.917506 0.340905
0.357214 0.145272 1.581329 -0.009705 -0.195757 0.922081 0.333695
0.360806 0.147251 1.582549 -0.012487 -0.186482 0.926078 0.327791
0.365670 0.150379 1.582946 -0.015721 -0.176184 0.931374 0.318203
0.370398 0.152640 1.583273 -0.018460 -0.167068 0.935629 0.310395
0.374581 0.154622 1.583620 -0.020569 -0.157811 0.939236 0.304150
0.378260 0.156654 1.583978 -0.022375 -0.148182 0.942504 0.298710
0.383360 0.159976 1.583904 -0.024698 -0.137967 0.946861 0.289497
0.388100 0.162503 1.584267 -0.027276 -0.129168 0.950314 0.281910
0.392211 0.164756 1.584795 -0.029629 -0.120350 0.953258 0.275568
0.395817 0.166976 1.585285 -0.031747 -0.111457 0.955831 0.270102
0.400779 0.170370 1.584626 -0.034418 -0.101468 0.959232 0.261520
0.405680 0.172747 1.583943 -0.036521 -0.092818 0.961905 0.254538
0.409988 0.174271 1.583333 -0.037870 -0.085553 0.963862 0.249432
0.413836 0.175553 1.582703 -0.038863 -0.078961 0.965535 0.244941
0.418815 0.178133 1.581140 -0.040241 -0.070371 0.968043 0.237320
0.423450 0.179725 1.579667 -0.041221 -0.064430 0.969827 0.231484
0.427437 0.180708 1.578403 -0.041632 -0.059927 0.971151 0.227028
0.431046 0.181680 1.577127 -0.041656 -0.055911 0.972322 0.223000
0.435577 0.183248 1.575074 -0.042563 -0.051495 0.973584 0.218335
0.439916 0.184031 1.573312 -0.043455 -0.048798 0.974472 0.214789
0.443675 0.184378 1.571880 -0.043909 -0.046983 0.975136 0.212069
0.447160 0.184874 1.570436 -0.043975 -0.045034 0.975722 0.209773
0.451630 0.185854 1.568094 -0.044122 -0.042117 0.976327 0.207523
0.455969 0.185918 1.565983 -0.043949 -0.040480 0.976726 0.206003
0.459778 0.185524 1.564194 -0.043410 -0.039384 0.977014 0.204961
0.463328 0.185264 1.562349 -0.042776 -0.038336 0.977262 0.204105
0.467139 0.185422 1.559719 -0.043142 -0.037768 0.977421 0.203373
0.470563 0.185271 1.557486 -0.043120 -0.038028 0.977496 0.202969
0.473508 0.185036 1.555603 -0.042592 -0.038502 0.977572 0.202622
0.476452 0.185092 1.553627 -0.041746 -0.038897 0.977709 0.202065
0.480079 0.185100 1.551282 -0.041513 -0.040104 0.977762 0.201619
0.483362 0.184574 1.549487 -0.041328 -0.041641 0.977727 0.201515
0.486204 0.183900 1.548051 -0.041048 -0.042946 0.977694 0.201458
0.489083 0.183551 1.546330 -0.040558 -0.043942 0.977703 0.201298
0.492352 0.183444 1.543854 -0.040208 -0.045383 0.977652 0.201300
0.495328 0.183036 1.541720 -0.039240 -0.047172 0.977596 0.201345
0.497897 0.182603 1.539887 -0.037930 -0.048841 0.977599 0.201188
0.500567 0.182519 1.537776 -0.036455 -0.050339 0.977657 0.200804
0.503492 0.181963 1.535472 -0.035720 -0.052433 0.977598 0.200693
0.506246 0.180781 1.533621 -0.034708 -0.054533 0.977464 0.200962
0.508688 0.179512 1.532141 -0.033701 -0.056188 0.977298 0.201480
0.511318 0.178917 1.530768 -0.032543 -0.057114 0.977133 0.202211
0.513657 0.178614 1.528874 -0.032095 -0.058354 0.976961 0.202757
0.515640 0.178053 1.527241 -0.031667 -0.059670 0.976782 0.203306
0.517324 0.177524 1.525981 -0.031288 -0.060899 0.976629 0.203737
0.519393 0.177598 1.524455 -0.030594 -0.061825 0.976646 0.203478
0.521573 0.177602 1.522628 -0.029931 -0.062868 0.976609 0.203438
0.523552 0.177169 1.521092 -0.029127 -0.063962 0.976537 0.203560
0.525280 0.176654 1.519859 -0.028329 -0.065005 0.976469 0.203667
0.527234 0.176319 1.518248 -0.027193 -0.066317 0.976292 0.204246
0.529216 0.175654 1.516356 -0.025785 -0.067898 0.975977 0.205411
0.530841 0.174958 1.514686 -0.024725 -0.069088 0.975662 0.206637
0.532362 0.174342 1.513313 -0.023235 -0.070282 0.975439 0.207458
0.533959 0.174069 1.511346 -0.021855 -0.071231 0.975179 0.208504
0.535771 0.173045 1.508850 -0.019405 -0.072525 0.974807 0.210038
0.537383 0.171952 1.506871 -0.017224 -0.073697 0.974408 0.211662
0.538876 0.170807 1.505199 -0.015120 -0.074642 0.974055 0.213112
0.540365 0.169774 1.503410 -0.013405 -0.075575 0.973659 0.214703
0.542043 0.168467 1.501648 -0.010834 -0.076894 0.973282 0.216080
0.543313 0.167257 1.500233 -0.009299 -0.077813 0.972896 0.217558
0.544509 0.166082 1.499025 -0.007718 -0.078571 0.972567 0.218819
0.545414 0.165120 1.497349 -0.006163 -0.078756 0.972242 0.220238
0.546239 0.164142 1.495297 -0.003645 -0.079155 0.971927 0.221539
0.546845 0.163220 1.493572 -0.001681 -0.079560 0.971578 0.222941
0.547393 0.162316 1.492159 -0.000040 -0.079919 0.971259 0.224205
0.547539 0.161580 1.491096 0.001343 -0.079689 0.971230 0.224409
0.547467 0.161380 1.490153 0.002605 -0.079305 0.971307 0.224206
0.547308 0.161450 1.489300 0.003754 -0.079045 0.971403 0.223860
0.547109 0.161644 1.488550 0.004768 -0.078874 0.971502 0.223471
0.546511 0.161478 1.487900 0.006415 -0.078385 0.971719 0.222658
0.545828 0.161685 1.487100 0.008138 -0.077738 0.971964 0.221758
0.545166 0.162045 1.486325 0.009731 -0.077252 0.972178 0.220922
0.544521 0.162401 1.485700 0.011089 -0.076877 0.972391 0.220053
0.542592 0.162459 1.485452 0.011643 -0.074444 0.973110 0.217666
0.540496 0.163272 1.485082 0.012052 -0.072214 0.973793 0.215330
0.538722 0.164153 1.484497 0.013277 -0.070426 0.974326 0.213431
0.537176 0.164834 1.483852 0.014856 -0.068789 0.974878 0.211328
0.534341 0.166273 1.484236 0.015707 -0.063981 0.976647 0.204499
0.531282 0.167916 1.484425 0.016338 -0.059471 0.978071 0.198933
0.528516 0.169380 1.484435 0.016987 -0.055604 0.979108 0.194853
0.526147 0.170515 1.484439 0.018042 -0.052352 0.979789 0.192215
0.523262 0.172595 1.485439 0.020119 -0.046997 0.980627 0.189098
0.519761 0.175332 1.486343 0.021380 -0.041800 0.981443 0.185918
0.516226 0.177685 1.486955 0.022469 -0.037332 0.982023 0.183660
0.513054 0.179219 1.487535 0.023640 -0.032933 0.982346 0.182627
0.509796 0.181944 1.488861 0.025008 -0.025952 0.982861 0.180790
0.505992 0.185061 1.490394 0.025264 -0.019779 0.983359 0.178817
0.501817 0.188178 1.491844 0.024971 -0.014353 0.983786 0.177020
0.497758 0.191166 1.493254 0.025374 -0.009342 0.984130 0.175381
0.494420 0.194636 1.495649 0.027314 -0.003534 0.984529 0.173041
0.490592 0.198049 1.498365 0.027407 0.001679 0.984913 0.170859
0.486439 0.201227 1.501044 0.026764 0.006170 0.985235 0.168991
0.482273 0.204345 1.503645 0.026381 0.010630 0.985516 0.167177
0.478449 0.207711 1.506749 0.026750 0.015771 0.985763 0.165249
0.474288 0.210891 1.510148 0.025987 0.019991 0.985973 0.163653
0.469832 0.213867 1.513502 0.024596 0.023543 0.986160 0.162261
0.465419 0.216617 1.516689 0.023834 0.026645 0.986318 0.160930
0.461274 0.219225 1.519956 0.024325 0.029374 0.986444 0.159604
0.456803 0.221743 1.523252 0.023968 0.031675 0.986588 0.158326
0.452063 0.224129 1.526402 0.023047 0.033721 0.986737 0.157105
0.447452 0.226138 1.529546 0.022741 0.034866 0.986891 0.155926
0.442976 0.227908 1.533230 0.022396 0.035109 0.987052 0.154898
0.438220 0.229672 1.536989 0.021134 0.035414 0.987205 0.154031
0.433244 0.231381 1.540580 0.019414 0.035846 0.987350 0.153229
0.428461 0.232269 1.544148 0.018861 0.033949 0.987501 0.152754
0.423793 0.232624 1.548118 0.018978 0.029595 0.987637 0.152762
0.418812 0.233319 1.552102 0.018218 0.026108 0.987758 0.152709
0.413608 0.234176 1.555872 0.016962 0.023469 0.987877 0.152515
0.408598 0.234140 1.559625 0.016757 0.018259 0.988004 0.152426
0.403584 0.233693 1.563638 0.016645 0.011173 0.988088 0.152582
0.398322 0.233643 1.567539 0.015804 0.005579 0.988142 0.152625
0.392898 0.233811 1.571185 0.014553 0.001293 0.988200 0.152474
0.387861 0.233090 1.574839 0.015008 -0.005516 0.988203 0.152313
0.382889 0.232217 1.578925 0.015784 -0.013648 0.988117 0.152282
0.377618 0.231788 1.582998 0.015602 -0.020237 0.988030 0.152134
0.372163 0.231589 1.586823 0.014868 -0.025415 0.987974 0.151790
0.366972 0.230700 1.590725 0.015258 -0.032575 0.987848 0.151206
0.361704 0.229836 1.595164 0.015321 -0.040420 0.987681 0.150391
0.356189 0.229285 1.599537 0.014592 -0.046904 0.987554 0.149413
0.350544 0.228870 1.603583 0.013483 -0.052077 0.987474 0.148327
0.345202 0.227653 1.607663 0.013916 -0.059576 0.986717 0.150487
0.339736 0.226507 1.612236 0.014118 -0.067592 0.985753 0.153371
0.334066 0.225615 1.616669 0.013678 -0.074302 0.984944 0.155493
