0.368163 0.012778 1.672986 -0.390255 0.686344 -0.473005 -0.391023
0.361659 0.013985 1.673402 -0.389333 0.686885 -0.466432 -0.398810
0.355164 0.015992 1.673858 -0.388190 0.688410 -0.460197 -0.404498
0.349256 0.018884 1.674642 -0.387438 0.690623 -0.454695 -0.407658
0.343892 0.021825 1.675415 -0.386545 0.692923 -0.449687 -0.410150
0.337741 0.023997 1.676190 -0.387479 0.694862 -0.442623 -0.413655
0.331051 0.026248 1.676800 -0.388907 0.696390 -0.435221 -0.417583
0.324862 0.028815 1.677250 -0.389944 0.697677 -0.428940 -0.420952
0.319664 0.031305 1.677666 -0.391045 0.698547 -0.424247 -0.423239
0.314435 0.033278 1.678096 -0.393041 0.699272 -0.418878 -0.425532
0.308283 0.034962 1.678517 -0.396218 0.699877 -0.412217 -0.428089
0.303132 0.036876 1.678956 -0.400155 0.699429 -0.407181 -0.429975
0.298885 0.038731 1.679416 -0.403610 0.698822 -0.403719 -0.430997
0.295155 0.040355 1.679888 -0.406925 0.698254 -0.400586 -0.431723
0.290346 0.041815 1.680658 -0.411745 0.698803 -0.394258 -0.432090
0.286210 0.043510 1.681592 -0.417756 0.698449 -0.388714 -0.431914
0.282785 0.045192 1.682543 -0.423515 0.697646 -0.384439 -0.431431
0.279937 0.046707 1.683433 -0.428277 0.696893 -0.381369 -0.430670
0.276179 0.047636 1.685409 -0.432580 0.696683 -0.376997 -0.430559
0.272568 0.048450 1.687634 -0.437605 0.696471 -0.372441 -0.429787
0.269533 0.049264 1.689664 -0.442961 0.695656 -0.368413 -0.429092
0.266990 0.050012 1.691449 -0.447355 0.694961 -0.365448 -0.428195
0.264404 0.050602 1.693727 -0.451507 0.694237 -0.362329 -0.427663
0.261760 0.051115 1.696897 -0.456451 0.693686 -0.358841 -0.426244
0.259493 0.051664 1.699879 -0.462254 0.692549 -0.355310 -0.424796
0.257554 0.052202 1.702500 -0.467500 0.691344 -0.352432 -0.423413
0.255826 0.052651 1.705088 -0.471945 0.690080 -0.350299 -0.422313
0.254195 0.052824 1.708835 -0.476711 0.688287 -0.348855 -0.421079
0.252782 0.052944 1.712222 -0.482032 0.686158 -0.347018 -0.420013
0.251534 0.053050 1.715133 -0.486668 0.684223 -0.345456 -0.419111
0.250448 0.053153 1.717602 -0.490260 0.682732 -0.344412 -0.418214
0.249705 0.053333 1.721008 -0.495618 0.680438 -0.342140 -0.417501
0.249161 0.053284 1.724447 -0.501358 0.678469 -0.339413 -0.416075
0.248628 0.053117 1.727451 -0.506021 0.677114 -0.337043 -0.414562
0.248131 0.052928 1.730015 -0.509625 0.676180 -0.335215 -0.413152
0.248117 0.052638 1.732931 -0.514620 0.673967 -0.333315 -0.412112
0.248536 0.051871 1.736101 -0.519438 0.672196 -0.331461 -0.410452
0.248849 0.050858 1.738780 -0.523020 0.671294 -0.329507 -0.408950
0.249185 0.049777 1.740970 -0.526090 0.670736 -0.327265 -0.407725
0.249764 0.048733 1.742992 -0.530225 0.669624 -0.324338 -0.406534
0.251135 0.047543 1.745439 -0.536055 0.668089 -0.320907 -0.404130
0.252231 0.046091 1.747621 -0.540310 0.667590 -0.317737 -0.401787
0.253082 0.044665 1.749463 -0.543387 0.667520 -0.315036 -0.399874
0.253812 0.043400 1.751056 -0.545926 0.667412 -0.312767 -0.398374
0.255839 0.042327 1.753764 -0.551279 0.665272 -0.311101 -0.395878
0.257686 0.040945 1.756409 -0.555257 0.664343 -0.309692 -0.392974
0.259139 0.039523 1.758655 -0.558066 0.664018 -0.308374 -0.390574
0.260306 0.038221 1.760546 -0.560081 0.663947 -0.307277 -0.388672
0.262541 0.036903 1.763123 -0.564102 0.662346 -0.306686 -0.386043
0.265126 0.034783 1.766003 -0.567333 0.661859 -0.306031 -0.382651
0.267157 0.032347 1.768371 -0.569168 0.662352 -0.304856 -0.380000
0.268776 0.030007 1.770306 -0.570180 0.663164 -0.303640 -0.378036
0.270754 0.028076 1.772415 -0.572549 0.662696 -0.302497 -0.376187
0.273918 0.026095 1.775518 -0.575986 0.661583 -0.302350 -0.373005
0.276568 0.023701 1.778196 -0.577959 0.661607 -0.301800 -0.370345
0.278690 0.021329 1.780385 -0.579007 0.662114 -0.301056 -0.368403
0.280591 0.019218 1.782325 -0.580080 0.662278 -0.300367 -0.366979
0.284009 0.017173 1.785576 -0.583451 0.660301 -0.301030 -0.364649
0.287182 0.014398 1.788689 -0.585514 0.659806 -0.301101 -0.362172
0.289746 0.011318 1.791225 -0.586572 0.660297 -0.300292 -0.360231
0.291801 0.008348 1.793293 -0.587025 0.661203 -0.299172 -0.358760
0.294852 0.006048 1.796541 -0.589630 0.659912 -0.298903 -0.357084
0.298190 0.003503 1.800364 -0.591829 0.659155 -0.299357 -0.354456
0.300925 0.000640 1.803642 -0.593096 0.659391 -0.299104 -0.352104
0.303110 -0.002160 1.806363 -0.593757 0.660099 -0.298463 -0.350200
0.305836 -0.004410 1.809405 -0.595464 0.659584 -0.298332 -0.348380
0.309596 -0.006632 1.813496 -0.597657 0.658475 -0.299495 -0.345716
0.312865 -0.009511 1.817181 -0.598699 0.658564 -0.300027 -0.343272
0.315512 -0.012645 1.820185 -0.599002 0.659414 -0.299720 -0.341376
0.318018 -0.015516 1.822892 -0.599438 0.659950 -0.299216 -0.340015
0.322180 -0.017825 1.826905 -0.601100 0.658461 -0.300397 -0.338924
0.325885 -0.020647 1.830608 -0.601891 0.657971 -0.301161 -0.337792
0.328886 -0.023634 1.833641 -0.602137 0.658242 -0.301115 -0.336864
0.331320 -0.026466 1.836140 -0.602091 0.658848 -0.300709 -0.336123
0.335026 -0.028995 1.840048 -0.602133 0.657730 -0.302306 -0.336807
0.338600 -0.032034 1.843869 -0.601709 0.657222 -0.303584 -0.337406
0.341476 -0.035235 1.846985 -0.601040 0.657502 -0.303865 -0.337799
0.343802 -0.038268 1.849544 -0.600298 0.658132 -0.303673 -0.338065
0.346838 -0.040797 1.852842 -0.598511 0.658753 -0.305156 -0.338685
0.350653 -0.043598 1.856859 -0.596053 0.659255 -0.307791 -0.339660
0.353802 -0.046774 1.860119 -0.593633 0.660363 -0.309137 -0.340522
0.356352 -0.049903 1.862747 -0.591432 0.661717 -0.309663 -0.341244
0.358790 -0.052723 1.865300 -0.588516 0.663498 -0.310502 -0.342063
0.362183 -0.055762 1.868595 -0.583999 0.665579 -0.312503 -0.343935
0.365049 -0.059245 1.871169 -0.579860 0.667908 -0.313201 -0.345784
0.367377 -0.062695 1.873171 -0.576247 0.670249 -0.313100 -0.347383
0.369332 -0.065839 1.874811 -0.573071 0.672464 -0.312754 -0.348664
0.372889 -0.068614 1.877082 -0.568630 0.675159 -0.313894 -0.349700
0.376162 -0.071848 1.878888 -0.564582 0.677726 -0.314093 -0.351115
0.378840 -0.075132 1.880216 -0.561026 0.680227 -0.313549 -0.352461
0.381041 -0.078178 1.881253 -0.558011 0.682478 -0.312739 -0.353613
0.384422 -0.080742 1.882548 -0.554613 0.684836 -0.313390 -0.353824
0.388276 -0.083604 1.883671 -0.551220 0.686928 -0.314015 -0.354516
0.391477 -0.086614 1.884335 -0.548143 0.688976 -0.313771 -0.355529
0.394124 -0.089459 1.884762 -0.545496 0.690837 -0.313150 -0.356533
0.396993 -0.091948 1.885094 -0.543688 0.692284 -0.312876 -0.356729
0.400627 -0.094551 1.885364 -0.542539 0.693363 -0.312981 -0.356290
0.403617 -0.097324 1.885394 -0.541303 0.694609 -0.312389 -0.356262
0.406056 -0.099972 1.885317 -0.540147 0.695854 -0.311489 -0.356374
0.408280 -0.102309 1.885175 -0.539602 0.696766 -0.310552 -0.356238
0.412149 -0.104377 1.884871 -0.541982 0.696319 -0.310102 -0.353881
0.415397 -0.106698 1.884535 -0.543643 0.696306 -0.309235 -0.352116
0.418016 -0.108994 1.884177 -0.544801 0.696577 -0.308100 -0.350780
0.420148 -0.111097 1.883851 -0.545647 0.696948 -0.306946 -0.349737
0.423174 -0.113171 1.883648 -0.549040 0.695709 -0.306730 -0.347074
0.425607 -0.115598 1.883615 -0.552464 0.694870 -0.306534 -0.343477
0.427264 -0.118178 1.883633 -0.554903 0.695078 -0.305741 -0.339811
0.428403 -0.120800 1.883501 -0.556767 0.695345 -0.304245 -0.337553
0.430255 -0.123307 1.883043 -0.560428 0.694723 -0.302498 -0.334329
0.432510 -0.126708 1.882693 -0.564886 0.694184 -0.300494 -0.329719
0.434149 -0.130640 1.882646 -0.567827 0.694560 -0.298469 -0.325693
0.435352 -0.134630 1.882742 -0.569786 0.695263 -0.296528 -0.322529
0.436624 -0.138420 1.882721 -0.572101 0.695351 -0.294596 -0.319999
0.438827 -0.143067 1.882522 -0.576760 0.694093 -0.292430 -0.316333
0.440375 -0.148445 1.882569 -0.579603 0.694117 -0.290232 -0.313092
0.441456 -0.153843 1.882699 -0.581291 0.694804 -0.288103 -0.310395
0.442233 -0.158877 1.882882 -0.582314 0.695629 -0.286170 -0.308410
0.444059 -0.164317 1.882897 -0.586659 0.693688 -0.283992 -0.306554
0.445399 -0.170775 1.883223 -0.589661 0.692955 -0.281795 -0.304476
0.446232 -0.177386 1.883696 -0.591400 0.693220 -0.279579 -0.302535
0.446725 -0.183582 1.884252 -0.592310 0.693960 -0.277525 -0.300945
0.447448 -0.189864 1.884824 -0.594063 0.693282 -0.275524 -0.300891
0.448017 -0.197523 1.885652 -0.595240 0.692563 -0.273674 -0.301908
0.448204 -0.205389 1.886472 -0.595505 0.692817 -0.271734 -0.302555
0.448122 -0.212841 1.887274 -0.595383 0.693612 -0.269680 -0.302811
0.447887 -0.219853 1.888217 -0.594875 0.694400 -0.267899 -0.303584
0.447515 -0.228151 1.889742 -0.593193 0.694808 -0.266962 -0.306749
0.446915 -0.236593 1.891012 -0.591118 0.695803 -0.265577 -0.309688
0.446187 -0.244454 1.892116 -0.589181 0.697068 -0.263946 -0.311920
0.445388 -0.251412 1.893113 -0.587324 0.698465 -0.262277 -0.313701
0.444147 -0.259535 1.894887 -0.582766 0.701171 -0.261401 -0.316877
0.442668 -0.268479 1.896543 -0.577537 0.704115 -0.260099 -0.320970
0.441101 -0.276844 1.897850 -0.572670 0.706935 -0.258486 -0.324772
0.439647 -0.284129 1.898897 -0.568493 0.709396 -0.256907 -0.327981
0.437854 -0.291560 1.900394 -0.563042 0.712513 -0.255822 -0.331456
0.435517 -0.300220 1.902339 -0.556030 0.715844 -0.254549 -0.337050
0.433254 -0.308292 1.903934 -0.549673 0.718723 -0.252942 -0.342516
0.431255 -0.315244 1.905205 -0.544326 0.721125 -0.251348 -0.347150
0.429509 -0.321556 1.906437 -0.539353 0.723495 -0.250098 -0.350863
0.427382 -0.329449 1.908324 -0.532693 0.726294 -0.249074 -0.355946
0.425190 -0.337204 1.909981 -0.526348 0.728668 -0.247701 -0.361448
0.423255 -0.344001 1.911314 -0.520934 0.730614 -0.246483 -0.366165
0.421658 -0.349757 1.912424 -0.516422 0.732221 -0.245551 -0.369952
0.419887 -0.356499 1.913802 -0.510592 0.734701 -0.244415 -0.373861
0.417877 -0.363665 1.915192 -0.504560 0.736775 -0.242939 -0.378894
0.416031 -0.370154 1.916343 -0.499271 0.738415 -0.241682 -0.383486
0.414435 -0.375657 1.917254 -0.494885 0.739751 -0.240502 -0.387319
0.412807 -0.381309 1.918265 -0.489282 0.742224 -0.239409 -0.390371
0.410939 -0.387537 1.919263 -0.483082 0.744579 -0.237797 -0.394572
0.409195 -0.393256 1.920007 -0.477714 0.746442 -0.236497 -0.398349
0.407589 -0.398198 1.920519 -0.473195 0.748085 -0.235126 -0.401461
0.406072 -0.402720 1.921059 -0.468725 0.749969 -0.233371 -0.404204
0.404366 -0.407619 1.921854 -0.463592 0.751995 -0.230939 -0.407742
0.402700 -0.412136 1.922427 -0.459064 0.753707 -0.228646 -0.410984
0.401151 -0.416068 1.922808 -0.455198 0.755248 -0.226416 -0.413680
0.399750 -0.419519 1.923140 -0.451581 0.756845 -0.224483 -0.415774
0.398144 -0.423706 1.923877 -0.446200 0.759014 -0.222743 -0.418555
0.396680 -0.427852 1.924585 -0.441518 0.760341 -0.221695 -0.421657
0.395332 -0.431494 1.925100 -0.437566 0.761500 -0.220674 -0.424214
0.394078 -0.434605 1.925420 -0.434199 0.762674 -0.219498 -0.426169
0.392893 -0.437442 1.925822 -0.430208 0.764262 -0.218740 -0.427759
0.391736 -0.439949 1.925902 -0.426442 0.765978 -0.217372 -0.429155
0.390799 -0.442141 1.925979 -0.423408 0.767219 -0.216396 -0.430434
0.389998 -0.443972 1.926003 -0.420895 0.768309 -0.215489 -0.431409
0.389205 -0.445561 1.926173 -0.417899 0.769628 -0.215100 -0.432163
0.388468 -0.446981 1.926299 -0.414519 0.771228 -0.214965 -0.432633
0.387833 -0.448204 1.926352 -0.411767 0.772540 -0.214737 -0.433035
0.387275 -0.449241 1.926379 -0.409512 0.773633 -0.214446 -0.433365
0.386775 -0.450145 1.926396 -0.407592 0.774554 -0.214226 -0.433639
0.386325 -0.451098 1.926400 -0.405731 0.775267 -0.214540 -0.433955
0.385958 -0.451947 1.926346 -0.404212 0.775802 -0.214781 -0.434296
0.385635 -0.452672 1.926254 -0.402965 0.776275 -0.214893 -0.434555
0.385364 -0.453286 1.926160 -0.401983 0.776636 -0.214929 -0.434802
0.385152 -0.453562 1.925877 -0.402669 0.776279 -0.214553 -0.434989
0.385074 -0.453510 1.925641 -0.403404 0.775937 -0.214066 -0.435159
0.385143 -0.453328 1.925347 -0.404082 0.775568 -0.213539 -0.435445
0.385329 -0.453098 1.924974 -0.404721 0.775145 -0.213015 -0.435862
0.385665 -0.452654 1.924176 -0.407485 0.774047 -0.212686 -0.435398
0.386301 -0.451735 1.923447 -0.411033 0.772698 -0.213057 -0.434275
0.386957 -0.450723 1.922898 -0.414068 0.771600 -0.213436 -0.433157
0.387650 -0.449746 1.922487 -0.416667 0.770558 -0.214009 -0.432238
0.388041 -0.448708 1.922082 -0.419780 0.769272 -0.214293 -0.431374
0.388011 -0.447163 1.921951 -0.423793 0.767835 -0.214927 -0.429694
0.388179 -0.445540 1.922201 -0.427255 0.766562 -0.216164 -0.427912
0.388372 -0.444036 1.922532 -0.430118 0.765507 -0.217410 -0.426299
0.388442 -0.442719 1.922756 -0.432786 0.764541 -0.218214 -0.424918
0.387814 -0.441106 1.922765 -0.438322 0.762407 -0.219183 -0.422573
0.387402 -0.439367 1.923182 -0.442963 0.760612 -0.220897 -0.420068
0.387105 -0.437735 1.923714 -0.446746 0.759107 -0.222652 -0.417853
0.386843 -0.436298 1.924210 -0.449777 0.757878 -0.224190 -0.416005
0.385464 -0.434469 1.923992 -0.454440 0.756093 -0.224754 -0.413876
0.384179 -0.432123 1.923907 -0.459046 0.754326 -0.226032 -0.411313
0.383331 -0.429789 1.924054 -0.462946 0.752672 -0.227666 -0.409064
0.382710 -0.427654 1.924234 -0.466158 0.751216 -0.229221 -0.407220
0.381171 -0.425386 1.924304 -0.469509 0.749567 -0.230000 -0.405969
0.378774 -0.421997 1.924905 -0.473413 0.747861 -0.231576 -0.403680
0.377225 -0.418245 1.926118 -0.477120 0.746143 -0.234408 -0.400848
0.376173 -0.414672 1.927449 -0.480354 0.744478 -0.237518 -0.398243
0.375021 -0.411452 1.928623 -0.482878 0.742986 -0.240289 -0.396308
0.371634 -0.408159 1.929487 -0.484307 0.741799 -0.242623 -0.395367
