0.187642 0.154215 1.763524 0.096238 -0.302609 0.894283 0.315314
0.183962 0.150784 1.765321 0.100749 -0.310790 0.887295 0.325524
0.179546 0.147194 1.767692 0.105069 -0.321419 0.879468 0.334940
0.175801 0.144485 1.769738 0.110201 -0.329988 0.872170 0.343923
0.172783 0.142359 1.771344 0.115491 -0.336420 0.865572 0.352516
0.169812 0.139488 1.772790 0.120945 -0.344780 0.857945 0.361149
0.166685 0.136264 1.774623 0.126224 -0.354376 0.849352 0.370251
0.164119 0.133620 1.776205 0.131537 -0.361852 0.841450 0.379109
0.162074 0.131466 1.777475 0.136039 -0.367607 0.835023 0.386126
0.159903 0.128508 1.778510 0.142191 -0.375690 0.826286 0.394829
0.157760 0.125778 1.779712 0.148369 -0.383465 0.817540 0.403199
0.156009 0.123611 1.780745 0.153561 -0.389602 0.810482 0.409571
0.154610 0.121834 1.781581 0.157985 -0.394422 0.804706 0.414631
0.152960 0.119151 1.782959 0.163387 -0.401312 0.796378 0.421941
0.151352 0.116609 1.784474 0.166983 -0.407893 0.789260 0.427560
0.150046 0.114476 1.785762 0.169750 -0.413193 0.783553 0.431857
0.149047 0.112580 1.786809 0.172863 -0.417627 0.778163 0.436083
0.148076 0.110311 1.787991 0.177357 -0.423606 0.770693 0.441739
0.147201 0.108340 1.789134 0.180643 -0.428902 0.764530 0.445988
0.146486 0.106723 1.790113 0.183150 -0.433124 0.759654 0.449204
0.146307 0.105065 1.790926 0.187140 -0.436655 0.754656 0.452552
0.146758 0.102732 1.791861 0.192100 -0.440734 0.748661 0.456461
0.147120 0.100455 1.792751 0.195367 -0.444389 0.743536 0.459896
0.147404 0.098470 1.793532 0.197634 -0.447385 0.739380 0.462715
0.148286 0.096150 1.794286 0.202047 -0.450296 0.734563 0.465648
0.149393 0.093054 1.795253 0.205741 -0.454139 0.729067 0.468925
0.150260 0.090086 1.796145 0.207832 -0.457604 0.724285 0.472034
0.150931 0.087513 1.796926 0.209099 -0.460484 0.720369 0.474658
0.152364 0.084654 1.797851 0.213525 -0.463811 0.715652 0.476581
0.153610 0.081547 1.799010 0.216814 -0.468191 0.710788 0.478089
0.154537 0.078772 1.800072 0.218843 -0.472005 0.706694 0.479482
0.155249 0.076430 1.801001 0.220200 -0.475115 0.703387 0.480650
0.157711 0.073607 1.801897 0.226104 -0.477710 0.698859 0.481940
0.159872 0.070423 1.802778 0.229445 -0.480828 0.694316 0.483823
0.161557 0.067442 1.803573 0.231279 -0.483594 0.690375 0.485829
0.163186 0.064810 1.804250 0.233523 -0.485704 0.686805 0.487707
0.166538 0.061850 1.804868 0.239985 -0.487606 0.682216 0.489110
0.169282 0.058741 1.805480 0.243935 -0.489943 0.677798 0.490961
0.171419 0.055905 1.806057 0.246373 -0.492038 0.674038 0.492819
0.173860 0.053316 1.806390 0.250277 -0.493666 0.670437 0.494135
0.177639 0.050309 1.806335 0.256377 -0.495711 0.666119 0.494800
0.180682 0.047209 1.806345 0.260035 -0.497855 0.662037 0.496215
0.183066 0.044402 1.806418 0.262288 -0.499733 0.658566 0.497759
0.186276 0.041994 1.806202 0.267422 -0.501049 0.654729 0.498764
0.190506 0.039560 1.805744 0.273518 -0.502782 0.650431 0.499337
0.193914 0.037061 1.805419 0.277347 -0.504503 0.646540 0.500540
0.196612 0.034798 1.805219 0.279814 -0.505976 0.643290 0.501865
0.200530 0.032894 1.804643 0.285411 -0.506558 0.639913 0.502446
0.204887 0.030742 1.803921 0.290134 -0.507281 0.636477 0.503374
0.208395 0.028431 1.803334 0.292902 -0.508103 0.633247 0.505013
0.211189 0.026303 1.802890 0.294578 -0.508851 0.630488 0.506734
0.215537 0.024017 1.801863 0.300919 -0.509347 0.626199 0.507826
0.219583 0.021159 1.800923 0.305232 -0.510646 0.621687 0.509490
0.222789 0.018278 1.800170 0.307814 -0.511992 0.617568 0.511590
0.225569 0.015753 1.799485 0.310052 -0.513038 0.613966 0.513522
0.230804 0.014024 1.797931 0.316357 -0.512926 0.610622 0.513776
0.235483 0.011988 1.796512 0.320579 -0.513064 0.607363 0.514884
0.239237 0.009908 1.795339 0.323294 -0.513319 0.604375 0.516444
0.242812 0.008074 1.794235 0.326284 -0.513429 0.601791 0.517472
0.247678 0.006233 1.792833 0.330778 -0.513771 0.599374 0.517085
0.251675 0.004093 1.791623 0.333490 -0.514415 0.596805 0.517674
0.254870 0.002040 1.790637 0.335173 -0.515033 0.594473 0.518654
0.258524 0.000308 1.789653 0.337911 -0.515175 0.592548 0.518939
0.263309 -0.001931 1.788541 0.341138 -0.515677 0.590281 0.518912
0.267174 -0.004750 1.787561 0.342652 -0.516732 0.587446 0.520081
0.270238 -0.007495 1.786743 0.343325 -0.517794 0.584732 0.521638
0.274304 -0.009764 1.785618 0.346071 -0.517969 0.582747 0.521871
0.278787 -0.012090 1.784268 0.348834 -0.517936 0.580904 0.522117
0.282381 -0.014451 1.783098 0.350442 -0.518047 0.578976 0.523072
0.285259 -0.016580 1.782132 0.351438 -0.518193 0.577231 0.524188
0.289713 -0.018327 1.780914 0.353509 -0.517913 0.577192 0.523113
0.294007 -0.020552 1.779567 0.354584 -0.517870 0.576614 0.523065
0.297421 -0.022901 1.778378 0.354839 -0.517971 0.575613 0.523894
0.300252 -0.025013 1.777370 0.354842 -0.518094 0.574679 0.524795
0.304707 -0.026397 1.776189 0.356334 -0.518207 0.575204 0.523096
0.308595 -0.027871 1.775111 0.357255 -0.518548 0.575268 0.522057
0.311726 -0.029294 1.774211 0.357726 -0.518864 0.575083 0.521624
0.314701 -0.030461 1.773399 0.358248 -0.518917 0.575268 0.521010
0.319153 -0.031583 1.772137 0.359454 -0.518180 0.576336 0.519729
0.322840 -0.033170 1.770869 0.359765 -0.517622 0.576541 0.519843
0.325789 -0.034801 1.769758 0.359682 -0.517217 0.576354 0.520511
0.329118 -0.035881 1.768995 0.359516 -0.516331 0.577582 0.520143
0.333692 -0.036368 1.768334 0.359705 -0.514796 0.580334 0.518469
0.337466 -0.037050 1.767671 0.359575 -0.513568 0.582227 0.517654
0.340524 -0.037757 1.767089 0.359323 -0.512571 0.583564 0.517311
0.343970 -0.038213 1.766435 0.359508 -0.511691 0.585359 0.516025
0.347654 -0.038822 1.765585 0.359731 -0.511054 0.586924 0.514720
0.350638 -0.039641 1.764804 0.359604 -0.510560 0.587863 0.514229
0.353055 -0.040450 1.764137 0.359364 -0.510150 0.588464 0.514116
0.356416 -0.040632 1.763484 0.359044 -0.509285 0.590651 0.512687
0.359824 -0.040793 1.762628 0.358745 -0.508190 0.592644 0.511681
0.362621 -0.041084 1.761822 0.358357 -0.507161 0.594078 0.511310
0.364926 -0.041380 1.761128 0.357948 -0.506279 0.595210 0.511155
0.367810 -0.041202 1.760470 0.357260 -0.505321 0.597781 0.509583
0.370369 -0.041051 1.759788 0.356781 -0.504350 0.599828 0.508474
0.372470 -0.040960 1.759188 0.356379 -0.503483 0.601403 0.507754
0.374372 -0.040820 1.758750 0.355683 -0.502785 0.603237 0.506756
0.377053 -0.040620 1.758497 0.354126 -0.502296 0.606562 0.504359
0.379279 -0.040837 1.758202 0.352634 -0.502041 0.608845 0.502903
0.381075 -0.041204 1.757932 0.351313 -0.501860 0.610471 0.502036
0.382701 -0.041412 1.757897 0.348787 -0.501897 0.612928 0.500766
0.384055 -0.041869 1.758081 0.344342 -0.502809 0.616038 0.499109
0.385623 -0.041630 1.758305 0.342159 -0.503174 0.619436 0.496026
0.386952 -0.041226 1.758473 0.340196 -0.503056 0.621878 0.494439
0.388251 -0.040651 1.759025 0.335418 -0.503394 0.626257 0.491824
0.389351 -0.039976 1.760068 0.329762 -0.504506 0.631045 0.488377
0.390282 -0.039451 1.760966 0.325339 -0.505342 0.634735 0.485691
0.391068 -0.038984 1.761719 0.321955 -0.505930 0.637632 0.483534
0.391646 -0.038269 1.762892 0.314984 -0.507984 0.642869 0.479016
0.392107 -0.037517 1.763972 0.307641 -0.510187 0.648379 0.473995
0.392507 -0.036914 1.764842 0.301920 -0.511833 0.652652 0.470017
0.392870 -0.036418 1.765532 0.297459 -0.513051 0.655956 0.466924
0.392788 -0.035589 1.767089 0.289428 -0.515625 0.661077 0.461887
0.392662 -0.034805 1.768580 0.281575 -0.518361 0.666268 0.456183
0.392478 -0.034350 1.769770 0.274276 -0.520763 0.671299 0.450485
0.392278 -0.033848 1.770738 0.268491 -0.522519 0.675778 0.445208
0.391558 -0.032648 1.772526 0.261372 -0.524008 0.680768 0.440062
0.390894 -0.031665 1.774171 0.254372 -0.525447 0.685502 0.435071
0.390467 -0.030887 1.775561 0.247896 -0.526966 0.690167 0.429562
0.390022 -0.030167 1.776621 0.241882 -0.528824 0.694399 0.423848
0.388713 -0.029334 1.777645 0.235197 -0.531207 0.697523 0.419480
0.387712 -0.028852 1.778416 0.228538 -0.533766 0.701082 0.413941
0.386934 -0.028669 1.778987 0.222002 -0.536485 0.704766 0.407681
0.386062 -0.028419 1.779477 0.215544 -0.539161 0.708260 0.401514
0.384656 -0.028121 1.780176 0.208460 -0.541972 0.711424 0.395837
0.383554 -0.027840 1.780806 0.201896 -0.544443 0.714822 0.389679
0.382725 -0.027693 1.781286 0.195677 -0.546698 0.718358 0.383135
0.381515 -0.027298 1.781647 0.189136 -0.549825 0.721199 0.376553
0.380050 -0.026778 1.782262 0.182582 -0.552774 0.723804 0.370423
0.378777 -0.026328 1.782835 0.176072 -0.555976 0.726580 0.363279
0.377807 -0.025953 1.783356 0.169982 -0.558748 0.729531 0.355936
0.376600 -0.025946 1.782845 0.164626 -0.563402 0.730961 0.348098
0.375482 -0.026055 1.782450 0.159528 -0.567119 0.732513 0.341104
0.374653 -0.026295 1.782071 0.154569 -0.570140 0.734460 0.334093
0.373942 -0.026546 1.781626 0.149522 -0.572988 0.736539 0.326860
0.372703 -0.026702 1.780635 0.144684 -0.576829 0.737564 0.319895
0.371423 -0.026847 1.779894 0.139293 -0.580429 0.738846 0.312739
0.370451 -0.026976 1.779340 0.134185 -0.583242 0.740449 0.305875
0.369664 -0.027108 1.778621 0.129653 -0.586227 0.741768 0.298844
0.368710 -0.027435 1.777718 0.125180 -0.590127 0.742510 0.291133
0.367622 -0.027826 1.777033 0.119538 -0.594530 0.743125 0.282858
0.366815 -0.028065 1.776470 0.115314 -0.597917 0.743544 0.276300
0.366224 -0.028255 1.775647 0.112140 -0.601221 0.743709 0.269918
0.365281 -0.028512 1.774462 0.107974 -0.605608 0.743230 0.263039
0.364527 -0.028820 1.773406 0.104437 -0.609596 0.742472 0.257332
0.363984 -0.028981 1.772563 0.102022 -0.612639 0.741790 0.253008
0.363553 -0.029347 1.771399 0.099830 -0.615808 0.741249 0.247719
0.362855 -0.029791 1.769835 0.096301 -0.620071 0.740313 0.241193
0.362215 -0.030055 1.768609 0.093290 -0.623826 0.739192 0.236077
0.361730 -0.030220 1.767658 0.091221 -0.626621 0.738267 0.232351
0.361527 -0.030631 1.766270 0.089115 -0.629866 0.737392 0.227115
0.361262 -0.030968 1.764711 0.086305 -0.633558 0.736268 0.221506
0.360945 -0.031272 1.763419 0.083673 -0.636872 0.735044 0.217033
0.360718 -0.031446 1.762400 0.081830 -0.639553 0.733956 0.213508
0.360587 -0.031868 1.760525 0.080291 -0.643400 0.732064 0.208979
0.360358 -0.032104 1.758820 0.078472 -0.646918 0.730317 0.204883
0.360089 -0.032267 1.757405 0.076698 -0.649934 0.728771 0.201483
0.359883 -0.032468 1.756056 0.075137 -0.652771 0.727277 0.198274
0.359857 -0.032797 1.753963 0.073166 -0.656760 0.725156 0.193552
0.359746 -0.032970 1.752179 0.071128 -0.660193 0.723278 0.189620
0.359614 -0.033097 1.750726 0.069350 -0.663002 0.721700 0.186460
0.359585 -0.033285 1.749476 0.067610 -0.665401 0.720489 0.183211
0.359736 -0.033497 1.748212 0.065418 -0.667938 0.719379 0.179093
0.359841 -0.033618 1.747177 0.063428 -0.670159 0.718350 0.175607
0.359912 -0.033702 1.746353 0.061741 -0.672015 0.717457 0.172741
0.359972 -0.033791 1.745424 0.059953 -0.674012 0.716524 0.169434
0.359881 -0.033756 1.744387 0.057702 -0.676220 0.715432 0.165996
0.359739 -0.033699 1.743534 0.055632 -0.678132 0.714432 0.163182
0.359607 -0.033633 1.742848 0.053886 -0.679749 0.713558 0.160845
0.359538 -0.033701 1.741516 0.052447 -0.682414 0.711745 0.158046
0.359467 -0.033689 1.740187 0.051133 -0.685059 0.709889 0.155359
0.359400 -0.033660 1.739136 0.050125 -0.687142 0.708406 0.153243
0.359330 -0.033624 1.738269 0.049290 -0.688837 0.707190 0.151511
0.359417 -0.033722 1.736426 0.048629 -0.692215 0.704430 0.149172
0.359502 -0.033742 1.734857 0.047965 -0.695167 0.701997 0.147113
0.359545 -0.033725 1.733591 0.047298 -0.697572 0.700005 0.145431
0.359566 -0.033700 1.732310 -0.046727 0.699966 -0.697947 -0.143993
0.359633 -0.033733 1.729907 -0.046807 0.704307 -0.693890 -0.142398
0.359694 -0.033704 1.727822 -0.046970 0.708124 -0.690272 -0.140995
0.359715 -0.033626 1.726134 -0.047065 0.711229 -0.687285 -0.139920
0.359575 -0.033556 1.724327 -0.046696 0.714484 -0.684109 -0.139019
0.359388 -0.033274 1.721976 -0.046487 0.718429 -0.680266 -0.137607
0.359089 -0.032912 1.719990 -0.046137 0.721687 -0.677006 -0.136756
0.358842 -0.032586 1.718388 -0.045858 0.724338 -0.674334 -0.136034
0.358630 -0.032273 1.716529 -0.045547 0.727430 -0.671127 -0.135498
0.358637 -0.031899 1.714631 -0.045736 0.730674 -0.667719 -0.134816
0.358639 -0.031537 1.713109 -0.045965 0.733271 -0.664946 -0.134341
0.358593 -0.031211 1.711848 -0.045949 0.735429 -0.662619 -0.134044
0.358477 -0.030861 1.710256 -0.045960 0.737979 -0.659892 -0.133480
0.358220 -0.030403 1.708698 -0.045548 0.740435 -0.657303 -0.132793
0.357973 -0.029988 1.707434 -0.045017 0.742469 -0.655170 -0.132162
0.357726 -0.029621 1.706393 -0.044349 0.744197 -0.653357 -0.131637
0.357569 -0.029253 1.705396 -0.044013 0.745862 -0.651592 -0.131071
0.357371 -0.028931 1.704552 -0.043430 0.747374 -0.649979 -0.130667
0.357246 -0.028639 1.703902 -0.043058 0.748578 -0.648709 -0.130207
0.357093 -0.028335 1.703384 -0.042807 0.749560 -0.647631 -0.130005
0.356445 -0.027790 1.703101 -0.043040 0.750189 -0.646575 -0.131542
0.355766 -0.027273 1.702881 -0.042829 0.750824 -0.645593 -0.132806
0.355235 -0.026824 1.702753 -0.042761 0.751335 -0.644817 -0.133706
0.354500 -0.026293 1.702663 -0.043043 0.751831 -0.643836 -0.135548
0.353008 -0.025247 1.702804 -0.044045 0.752198 -0.642388 -0.139984
0.351778 -0.024080 1.703081 -0.045071 0.752515 -0.641206 -0.143332
0.350729 -0.023151 1.703243 -0.045878 0.752581 -0.640430 -0.146170
0.348993 -0.022364 1.703887 -0.048419 0.751998 -0.639422 -0.152627
0.346505 -0.021138 1.705242 -0.051831 0.751191 -0.638121 -0.160707
0.344612 -0.019596 1.706471 -0.054981 0.750713 -0.637065 -0.165998
0.343146 -0.018089 1.707517 -0.057689 0.750364 -0.636283 -0.169616
0.340356 -0.016895 1.709372 -0.061104 0.748513 -0.635627 -0.178807
0.337157 -0.015496 1.711370 -0.064936 0.746159 -0.635073 -0.188977
