0.462685 -0.241505 1.956442 0.472904 -0.245811 0.779711 0.328617
0.460279 -0.238746 1.956803 0.471733 -0.245075 0.781752 0.325990
0.456497 -0.235549 1.956850 0.470060 -0.243953 0.783957 0.323947
0.452256 -0.231469 1.957127 0.468036 -0.242424 0.786702 0.321361
0.448753 -0.227417 1.957597 0.466166 -0.240731 0.789419 0.318678
0.445851 -0.223795 1.958025 0.464583 -0.239192 0.791780 0.316283
0.442295 -0.220142 1.958184 0.463493 -0.236833 0.793514 0.315309
0.437419 -0.215738 1.958503 0.462227 -0.233892 0.795480 0.314409
0.432926 -0.211298 1.958984 0.460871 -0.231824 0.797593 0.312572
0.429197 -0.206920 1.959542 0.459641 -0.229867 0.799722 0.310383
0.425568 -0.202747 1.959881 0.458825 -0.227380 0.801197 0.309613
0.420712 -0.198068 1.959948 0.458274 -0.223786 0.801992 0.310987
0.416030 -0.193469 1.960022 0.457520 -0.221230 0.803095 0.311080
0.412070 -0.188805 1.960135 0.456936 -0.219214 0.804338 0.310154
0.408648 -0.183980 1.960224 0.456531 -0.216983 0.805679 0.308834
0.403942 -0.178950 1.959953 0.456288 -0.213677 0.806508 0.309336
0.399005 -0.174185 1.960014 0.455540 -0.211329 0.807631 0.309121
0.394587 -0.169478 1.960344 0.454644 -0.209649 0.809065 0.307830
0.390837 -0.164603 1.960723 0.453918 -0.208126 0.810654 0.305747
0.386316 -0.159610 1.960125 0.454385 -0.205803 0.809914 0.308578
0.381728 -0.154606 1.959458 0.454776 -0.203521 0.809303 0.311105
0.377523 -0.149471 1.959285 0.454708 -0.201509 0.809473 0.312069
0.373893 -0.144129 1.959344 0.454492 -0.199568 0.810272 0.311560
0.369575 -0.138735 1.958791 0.454420 -0.197968 0.810118 0.313081
0.365187 -0.133123 1.958246 0.454279 -0.195991 0.809992 0.314853
0.361330 -0.127265 1.958035 0.453921 -0.193870 0.810651 0.314984
0.358029 -0.121221 1.957982 0.453577 -0.191571 0.811850 0.313796
0.354149 -0.115330 1.957559 0.452993 -0.190584 0.812189 0.314364
0.349946 -0.109359 1.956705 0.452320 -0.189857 0.812029 0.316180
0.346394 -0.103098 1.955965 0.451843 -0.188367 0.812530 0.316467
0.343346 -0.096663 1.955393 0.451495 -0.186356 0.813588 0.315434
0.340150 -0.090392 1.954780 0.451161 -0.185266 0.813913 0.315713
0.336367 -0.084112 1.953887 0.450546 -0.185042 0.813159 0.318655
0.333058 -0.077438 1.953145 0.449989 -0.183720 0.813324 0.319784
0.330127 -0.070596 1.952594 0.449507 -0.181693 0.814214 0.319353
0.327337 -0.063829 1.952046 0.448965 -0.180263 0.815247 0.318290
0.324412 -0.056944 1.950692 0.448345 -0.180145 0.815021 0.319805
0.321976 -0.049490 1.949272 0.448097 -0.178235 0.815469 0.320081
0.319759 -0.041875 1.948080 0.447946 -0.175402 0.816587 0.319007
0.317606 -0.034371 1.947095 0.447780 -0.172605 0.818081 0.316928
0.315118 -0.027454 1.945504 0.447410 -0.172700 0.817850 0.317993
0.312817 -0.020226 1.943874 0.447240 -0.171318 0.818122 0.318281
0.310590 -0.012897 1.942523 0.447099 -0.169003 0.819087 0.317233
0.308360 -0.005623 1.941468 0.446969 -0.166190 0.820578 0.315041
0.306326 0.001138 1.940195 0.446779 -0.165882 0.820986 0.314412
0.304398 0.008059 1.938842 0.446800 -0.164523 0.821548 0.313626
0.302426 0.015071 1.937706 0.446874 -0.162274 0.822684 0.311709
0.300360 0.022048 1.936816 0.446970 -0.159528 0.824262 0.308803
0.298305 0.028457 1.935711 0.446893 -0.158554 0.824924 0.307649
0.296383 0.034726 1.934236 0.447072 -0.157350 0.825183 0.307313
0.294422 0.041098 1.932909 0.447398 -0.155246 0.825938 0.305874
0.292336 0.047494 1.931823 0.447761 -0.152632 0.827150 0.303376
0.290396 0.053801 1.930871 0.448047 -0.150639 0.828060 0.301460
0.288730 0.060363 1.929785 0.448409 -0.148397 0.828723 0.300211
0.286922 0.067120 1.928782 0.448882 -0.145285 0.829853 0.297896
0.284898 0.073885 1.927950 0.449386 -0.141768 0.831353 0.294629
0.282704 0.080431 1.927288 0.449701 -0.138820 0.832830 0.291362
0.280429 0.086644 1.926663 0.449649 -0.137050 0.833957 0.289048
0.278017 0.092883 1.926073 0.449777 -0.134662 0.835358 0.285910
0.275439 0.099104 1.925572 0.450035 -0.131850 0.836995 0.281999
0.272734 0.105246 1.925164 0.450300 -0.128983 0.838632 0.278009
0.270191 0.111548 1.924581 0.450143 -0.126717 0.839760 0.275892
0.267589 0.118166 1.923839 0.450230 -0.123393 0.841161 0.272974
0.264800 0.124805 1.923143 0.450462 -0.119588 0.842794 0.269224
0.261817 0.131336 1.922545 0.450786 -0.115602 0.844538 0.264922
0.259049 0.137637 1.921926 0.451225 -0.112243 0.845468 0.262642
0.256235 0.143919 1.921196 0.451810 -0.108528 0.846548 0.259702
0.253229 0.150108 1.920510 0.452458 -0.104587 0.847826 0.255996
0.250013 0.156174 1.919911 0.453120 -0.100562 0.849268 0.251621
0.247268 0.162595 1.919469 0.453886 -0.097063 0.850074 0.248881
0.244564 0.169533 1.918879 0.454687 -0.092785 0.851102 0.245509
0.241546 0.176455 1.918251 0.455471 -0.088059 0.852374 0.241351
0.238215 0.183193 1.917672 0.456206 -0.083249 0.853806 0.236561
0.234956 0.190062 1.917492 0.456916 -0.079242 0.855048 0.232035
0.231617 0.197365 1.917555 0.457499 -0.075269 0.856551 0.226606
0.227916 0.204542 1.917535 0.458047 -0.070873 0.858188 0.220640
0.223912 0.211441 1.917463 0.458575 -0.066330 0.859861 0.214355
0.219858 0.218414 1.917499 0.459118 -0.061884 0.861362 0.208415
0.215776 0.226328 1.917551 0.459512 -0.056753 0.863041 0.201962
0.211303 0.234221 1.917418 0.459796 -0.050998 0.864828 0.195088
0.206514 0.241751 1.917217 0.460017 -0.045194 0.866594 0.188032
0.201649 0.249152 1.917123 0.460356 -0.039678 0.868210 0.180855
0.196945 0.257907 1.917391 0.460910 -0.033798 0.869974 0.171945
0.191754 0.266582 1.917481 0.461222 -0.027288 0.871800 0.162771
0.186203 0.274728 1.917451 0.461400 -0.020808 0.873512 0.153800
0.180437 0.282367 1.917425 0.461536 -0.014597 0.875034 0.145212
0.174534 0.291257 1.918020 0.461634 -0.008452 0.876616 0.135526
0.168185 0.300128 1.918543 0.461169 -0.001584 0.878399 0.125439
0.162077 0.308113 1.918947 0.460392 0.005024 0.880051 0.116290
0.156598 0.314961 1.919225 0.459577 0.010891 0.881427 0.108437
0.152277 0.322080 1.920168 0.459031 0.015579 0.882578 0.100521
0.148659 0.328631 1.920985 0.458502 0.019920 0.883581 0.093083
0.145627 0.334146 1.921523 0.458088 0.023739 0.884314 0.087067
0.143128 0.338722 1.921876 0.457794 0.026980 0.884834 0.082252
0.141587 0.343685 1.922758 0.457790 0.029543 0.885239 0.076865
0.140892 0.348653 1.923611 0.457927 0.031924 0.885550 0.071305
0.140590 0.352783 1.924104 0.458192 0.034038 0.885660 0.067145
0.140507 0.356180 1.924390 0.458521 0.035829 0.885650 0.064015
0.140916 0.360064 1.924969 0.459093 0.037329 0.885515 0.060848
0.141876 0.364997 1.925499 0.459699 0.039408 0.885388 0.056676
0.142890 0.369373 1.925564 0.460272 0.041698 0.885179 0.053572
0.143848 0.373098 1.925419 0.460816 0.043827 0.884929 0.051274
0.145022 0.376826 1.925425 0.461683 0.045736 0.884501 0.049148
0.146922 0.381794 1.925811 0.463037 0.047919 0.883862 0.045708
0.148683 0.386361 1.925921 0.464169 0.050299 0.883277 0.042888
0.150212 0.390267 1.925842 0.465149 0.052511 0.882736 0.040701
0.151638 0.393780 1.925841 0.466099 0.054310 0.882216 0.038692
0.153836 0.398195 1.926580 0.467354 0.055098 0.881672 0.034619
0.156075 0.402291 1.927066 0.468463 0.056131 0.881140 0.031356
0.158097 0.405756 1.927294 0.469461 0.057193 0.880625 0.028910
0.159902 0.408712 1.927415 0.470371 0.058172 0.880136 0.027007
0.163252 0.412415 1.928282 0.472123 0.058195 0.879297 0.023415
0.167374 0.415653 1.929086 0.474033 0.057870 0.878350 0.021086
0.171180 0.418736 1.929755 0.475688 0.057820 0.877493 0.019597
0.174323 0.421538 1.930235 0.476998 0.058141 0.876788 0.018310
0.178403 0.424551 1.931083 0.479169 0.057795 0.875685 0.015249
0.183641 0.427070 1.931835 0.481751 0.056748 0.874370 0.013136
0.188660 0.429408 1.932426 0.484098 0.055909 0.873142 0.012128
0.192850 0.431777 1.932885 0.485960 0.055665 0.872134 0.011275
0.197386 0.434130 1.933576 0.488288 0.054777 0.870897 0.010592
0.203363 0.435911 1.934314 0.491193 0.052720 0.869386 0.010843
0.209250 0.437418 1.934885 0.493910 0.050840 0.867944 0.011938
0.214270 0.439199 1.935397 0.496097 0.049710 0.866747 0.012941
0.218786 0.441319 1.936144 0.498279 0.048437 0.865570 0.012701
0.224621 0.442630 1.937298 0.500959 0.045401 0.864194 0.012107
0.230913 0.443338 1.938393 0.503369 0.042395 0.862935 0.012808
0.236736 0.444052 1.939371 0.505471 0.039916 0.861807 0.013929
0.241835 0.445154 1.940385 0.507467 0.037885 0.860718 0.014397
0.247803 0.445707 1.941855 0.510165 0.034313 0.859281 0.013861
0.254155 0.445685 1.943402 0.512382 0.030851 0.858082 0.014403
0.260216 0.445594 1.944829 0.514270 0.027868 0.857036 0.015493
0.265454 0.445932 1.946149 0.515880 0.025568 0.856123 0.016330
0.271352 0.446143 1.947481 0.518357 0.021908 0.854730 0.016193
0.277666 0.445955 1.948682 0.520381 0.018615 0.853559 0.017114
0.283929 0.445685 1.949733 0.521942 0.015960 0.852627 0.018696
0.289528 0.445706 1.950628 0.523212 0.014014 0.851845 0.020361
0.295147 0.445728 1.951737 0.524999 0.011212 0.850757 0.021508
0.301009 0.445507 1.952789 0.526397 0.008634 0.849882 0.023054
0.306760 0.445280 1.953690 0.527408 0.006692 0.849218 0.025026
0.311838 0.445408 1.954443 0.528198 0.005425 0.848676 0.026928
0.316665 0.445855 1.955332 0.529194 0.004241 0.848041 0.027596
0.321937 0.445872 1.956331 0.530007 0.002911 0.847512 0.028428
0.327264 0.445681 1.957260 0.530551 0.001840 0.847125 0.029854
0.332056 0.445716 1.958077 0.530981 0.001162 0.846802 0.031369
0.336504 0.446074 1.958997 0.531901 0.000313 0.846218 0.031586
0.341577 0.445788 1.960195 0.533066 -0.001386 0.845487 0.031447
0.346879 0.445100 1.961427 0.533825 -0.002906 0.844980 0.032134
0.351959 0.444394 1.962550 0.534409 -0.004139 0.844560 0.033287
0.356576 0.444070 1.963602 0.535111 -0.004898 0.844065 0.034430
0.361020 0.444213 1.964639 0.535202 -0.003888 0.844007 0.034585
0.364512 0.445408 1.965540 0.534301 -0.001099 0.844611 0.033951
0.368406 0.446148 1.966235 0.533994 0.000272 0.844773 0.034774
0.372463 0.446671 1.966735 0.534263 0.001033 0.844559 0.035792
0.377111 0.446661 1.967314 0.535920 0.000223 0.843527 0.035396
0.382025 0.446093 1.968035 0.537286 -0.000889 0.842633 0.035965
0.386426 0.445955 1.968788 0.537618 -0.000455 0.842413 0.036151
0.390853 0.445593 1.969422 0.538139 -0.000541 0.842039 0.037106
0.395096 0.445554 1.969936 0.539225 -0.001224 0.841336 0.037263
0.399605 0.445261 1.970215 0.540301 -0.002074 0.840604 0.038166
0.403707 0.445437 1.970340 0.540680 -0.001590 0.840319 0.039066
0.408189 0.445006 1.970268 0.541704 -0.002375 0.839542 0.041476
0.411985 0.444964 1.970686 0.542037 -0.002323 0.839326 0.041510
0.415843 0.444519 1.971400 0.542191 -0.002555 0.839212 0.041789
0.419141 0.444443 1.972133 0.541911 -0.001899 0.839404 0.041589
0.421997 0.444604 1.972778 0.541971 -0.001625 0.839324 0.042413
0.423995 0.445420 1.973442 0.541976 -0.000749 0.839338 0.042109
0.425273 0.446863 1.974037 0.542074 0.000263 0.839319 0.041228
0.425943 0.448811 1.974583 0.542068 0.001684 0.839363 0.040384
0.426134 0.451167 1.975064 0.541978 0.003444 0.839454 0.039547
0.425893 0.453850 1.975554 0.541850 0.005584 0.839611 0.037683
0.425479 0.456640 1.975969 0.541748 0.007833 0.839780 0.034915
0.424987 0.459373 1.976093 0.541540 0.010322 0.839980 0.032584
0.425106 0.461198 1.975966 0.541899 0.011027 0.839775 0.031654
0.425706 0.461635 1.976260 0.542409 0.010482 0.839475 0.031051
0.425861 0.462079 1.976419 0.542660 0.010990 0.839328 0.030492
0.425706 0.462869 1.976436 0.542729 0.011984 0.839295 0.029760
0.425479 0.463688 1.976379 0.542775 0.012899 0.839269 0.029277
0.425167 0.464238 1.976259 0.542868 0.013630 0.839238 0.028077
0.424183 0.464027 1.975541 0.542819 0.015356 0.839282 0.026796
0.423472 0.463791 1.974772 0.542835 0.016581 0.839248 0.026789
0.422892 0.463623 1.974066 0.542763 0.017536 0.839283 0.026531
0.422519 0.463468 1.973314 0.542712 0.018252 0.839299 0.026596
0.421103 0.462371 1.972481 0.542438 0.020189 0.839385 0.028047
0.419416 0.461537 1.971607 0.541856 0.022080 0.839651 0.029851
0.417915 0.460429 1.970996 0.541536 0.022617 0.839802 0.030971
0.416656 0.459301 1.970576 0.541213 0.022735 0.839967 0.032028
0.414644 0.458201 1.969990 0.540881 0.023729 0.840074 0.034073
0.412345 0.457426 1.968928 0.541118 0.025204 0.839727 0.037608
0.410200 0.456689 1.967788 0.541380 0.026163 0.839388 0.040629
0.408200 0.455735 1.966952 0.541302 0.026730 0.839308 0.042897
0.405665 0.454749 1.966193 0.541043 0.026706 0.839403 0.044300
0.402725 0.453882 1.965255 0.541105 0.027353 0.839154 0.047727
0.399793 0.453181 1.964328 0.541036 0.028418 0.838966 0.051082
0.397094 0.452388 1.963452 0.540833 0.028980 0.838916 0.053666
0.394262 0.451480 1.962647 0.540553 0.029387 0.838930 0.055982
0.390822 0.450691 1.961769 0.540772 0.030174 0.838526 0.059410
0.387413 0.450136 1.960814 0.540791 0.031388 0.838221 0.062821
0.384408 0.449227 1.960054 0.540770 0.031794 0.838006 0.065591
0.381518 0.448049 1.959463 0.540545 0.031605 0.838015 0.067397
0.378121 0.446868 1.958559 0.540467 0.031967 0.837757 0.070965
0.374963 0.445940 1.957384 0.540367 0.032797 0.837412 0.075289
0.372158 0.444837 1.956274 0.540174 0.033018 0.837216 0.078678
0.369567 0.443635 1.955250 0.539781 0.032926 0.837227 0.081267
0.366471 0.442324 1.954279 0.539542 0.033603 0.836912 0.085697
0.363558 0.441110 1.953190 0.539318 0.033994 0.836601 0.089886
0.360940 0.439750 1.952208 0.539035 0.033819 0.836436 0.093126
0.358586 0.438208 1.951393 0.538644 0.033195 0.836429 0.095643
0.355603 0.436611 1.950543 0.538268 0.033321 0.836182 0.099783
0.352683 0.435201 1.949385 0.538060 0.033399 0.835776 0.104182
0.350030 0.433744 1.948260 0.537800 0.033007 0.835522 0.107628
0.347617 0.432173 1.947284 0.537389 0.032320 0.835455 0.110378
0.344763 0.430412 1.946674 0.536441 0.032623 0.835527 0.114284
0.341966 0.428497 1.946061 0.536135 0.032792 0.835008 0.119350
0.339423 0.426633 1.945412 0.535799 0.032568 0.834642 0.123421
0.337125 0.424637 1.944899 0.535489 0.031800 0.834382 0.126681
0.334582 0.422547 1.944499 0.534641 0.031759 0.834352 0.130411
0.331900 0.420395 1.943831 0.534191 0.031877 0.833882 0.135150
0.329549 0.418287 1.943042 0.533851 0.031575 0.833451 0.139156
0.327427 0.416223 1.942226 0.533259 0.031062 0.833285 0.142499
0.325309 0.413962 1.941668 0.532561 0.030621 0.833170 0.145842
0.323032 0.411501 1.941105 0.531997 0.030815 0.832604 0.151003
0.321159 0.408910 1.940481 0.531528 0.030364 0.832105 0.155425
0.319403 0.406433 1.939911 0.530874 0.029746 0.831846 0.159124
0.317627 0.403921 1.939501 0.530215 0.028825 0.831748 0.161974
0.315539 0.401074 1.939051 0.529956 0.028697 0.831017 0.166532
0.313361 0.398647 1.938538 0.529594 0.028214 0.830634 0.169650
0.311315 0.396229 1.938110 0.529229 0.027338 0.830354 0.172284
0.309540 0.393704 1.937882 0.528830 0.026280 0.830148 0.174653
0.307534 0.390802 1.939201 0.527927 0.026183 0.830721 0.174668
0.305455 0.387508 1.941398 0.527526 0.025988 0.830556 0.176684
0.303592 0.383562 1.943952 0.527601 0.024480 0.830101 0.178800
0.302106 0.379084 1.946434 0.527800 0.021722 0.829723 0.180314
0.300788 0.373795 1.948929 0.527690 0.019500 0.829429 0.182243
0.299348 0.368913 1.951029 0.527495 0.017478 0.829272 0.183715
0.297363 0.365514 1.952616 0.527108 0.016310 0.829395 0.184376
0.295248 0.362623 1.954068 0.526701 0.015142 0.829629 0.184588
0.292843 0.359667 1.955591 0.526313 0.014828 0.829974 0.184165
0.290535 0.356567 1.956944 0.526107 0.015054 0.829989 0.184672
0.288439 0.353556 1.958197 0.525820 0.014691 0.830119 0.184936
0.286452 0.350649 1.959387 0.525474 0.013843 0.830359 0.184900
0.284252 0.347591 1.960719 0.525044 0.013193 0.830918 0.183656
0.281782 0.344174 1.962116 0.524702 0.013815 0.831167 0.183463
0.279548 0.340783 1.963451 0.524193 0.013926 0.831404 0.183833
0.277446 0.337447 1.964733 0.523600 0.013325 0.831763 0.183944
0.275424 0.334018 1.965952 0.523189 0.012100 0.832377 0.182415
0.273042 0.330075 1.967344 0.522654 0.011935 0.833303 0.179710
0.270841 0.326140 1.968648 0.521963 0.011992 0.833936 0.178777
0.268835 0.322322 1.969848 0.521212 0.011509 0.834510 0.178320
0.266912 0.318611 1.970987 0.520507 0.010368 0.835166 0.177372
0.264556 0.314351 1.972289 0.520003 0.009598 0.836121 0.174374
0.262248 0.309890 1.973582 0.519296 0.008995 0.837019 0.172197
0.260043 0.305270 1.974844 0.518514 0.008165 0.837946 0.170067
0.257908 0.300692 1.976070 0.517721 0.007473 0.838612 0.169228
0.255690 0.295880 1.977182 0.517063 0.006432 0.839401 0.167363
0.253457 0.290884 1.978249 0.516334 0.005184 0.840291 0.165174
0.251298 0.285729 1.979288 0.515544 0.003745 0.841205 0.163022
0.249206 0.280414 1.980286 0.514688 0.002110 0.842139 0.160918
0.246974 0.274881 1.981376 0.513904 0.000356 0.842939 0.159235
0.244612 0.268993 1.982588 0.513390 -0.001644 0.843569 0.157542
0.242375 0.262818 1.983697 0.512893 -0.003950 0.844185 0.155815
0.240264 0.256409 1.984684 0.512307 -0.006498 0.844830 0.154153
0.238132 0.249743 1.985583 0.511720 -0.009247 0.845432 0.152649
0.235905 0.242826 1.986376 0.511415 -0.012080 0.845853 0.151132
0.233856 0.235674 1.986999 0.511115 -0.015091 0.846225 0.149792
0.231993 0.228238 1.987457 0.510729 -0.018391 0.846596 0.148635
0.230218 0.220491 1.987830 0.510300 -0.021937 0.846927 0.147743
0.228331 0.212384 1.988249 0.510153 -0.025600 0.847053 0.146932
0.226644 0.204026 1.988411 0.510111 -0.029501 0.847096 0.146099
0.225193 0.195460 1.988290 0.510026 -0.033667 0.847120 0.145353
0.223918 0.186708 1.987949 0.509889 -0.038057 0.847121 0.144746
0.222590 0.177771 1.987626 0.510148 -0.042395 0.846918 0.143807
0.221447 0.168823 1.986953 0.510724 -0.046699 0.846564 0.142510
0.220507 0.160043 1.985973 0.511615 -0.050605 0.845784 0.142610
0.219850 0.151472 1.984725 0.513521 -0.053735 0.844116 0.144488
0.218759 0.142969 1.983605 0.515610 -0.056761 0.842719 0.144048
0.217267 0.135071 1.982585 0.517354 -0.059042 0.841439 0.144361
0.215677 0.128072 1.981666 0.518885 -0.060484 0.840253 0.145172
0.214352 0.122439 1.980769 0.520356 -0.060580 0.839193 0.146001
0.213288 0.117697 1.979999 0.521908 -0.059742 0.838444 0.145103
0.212282 0.113767 1.979348 0.523435 -0.057929 0.837811 0.143990
0.211352 0.110465 1.978710 0.524838 -0.055591 0.837173 0.143513
0.210462 0.107466 1.978068 0.526111 -0.053211 0.836576 0.143235
0.209553 0.104522 1.977463 0.527367 -0.050917 0.836143 0.141969
0.208638 0.101828 1.976902 0.528693 -0.048239 0.835808 0.139933
0.207772 0.099488 1.976293 0.529940 -0.045490 0.835333 0.138969
0.206506 0.097243 1.975736 0.530978 -0.043366 0.835056 0.137347
0.204992 0.094866 1.975255 0.532107 -0.041862 0.834861 0.134604
0.203736 0.092445 1.974761 0.533392 -0.040313 0.834645 0.131281
0.202847 0.090143 1.974085 0.534621 -0.039052 0.834267 0.129051
0.202130 0.087809 1.973319 0.535718 -0.038424 0.833921 0.126911
0.201503 0.085739 1.972574 0.536744 -0.037838 0.833675 0.124339
0.200659 0.084066 1.971689 0.537800 -0.036960 0.833595 0.120518
0.199734 0.082425 1.970819 0.538859 -0.036190 0.833406 0.117284
0.198843 0.080665 1.969959 0.539945 -0.035735 0.833113 0.114477
0.198025 0.079018 1.969134 0.541012 -0.035269 0.832785 0.111938
0.197144 0.077737 1.967862 0.542046 -0.035050 0.832624 0.108139
0.195528 0.076196 1.966767 0.542689 -0.035512 0.832811 0.103215
0.193924 0.074439 1.965780 0.543488 -0.036177 0.832812 0.098667
0.192729 0.072753 1.964812 0.544461 -0.036603 0.832553 0.095278
0.191161 0.071304 1.963349 0.544986 -0.037778 0.832643 0.090932
