0.376624 -0.365963 1.939329 -0.351941 0.781749 -0.279861 -0.432071
0.375453 -0.363617 1.936834 -0.359335 0.779944 -0.277855 -0.430538
0.373783 -0.360531 1.934360 -0.367288 0.778160 -0.275869 -0.428325
0.372663 -0.357438 1.932612 -0.373969 0.776454 -0.275108 -0.426125
0.371827 -0.354656 1.931263 -0.379422 0.774950 -0.274835 -0.424213
0.369698 -0.351797 1.929340 -0.386008 0.773127 -0.273099 -0.422716
0.366854 -0.348337 1.927045 -0.392531 0.771719 -0.271199 -0.420500
0.364680 -0.344545 1.925109 -0.398489 0.770412 -0.270063 -0.418016
0.363195 -0.340842 1.923685 -0.403685 0.768994 -0.269859 -0.415768
0.360665 -0.337374 1.922328 -0.410225 0.766327 -0.269127 -0.414762
0.357457 -0.333897 1.920883 -0.416356 0.764246 -0.268374 -0.412978
0.354798 -0.330242 1.919573 -0.421999 0.762638 -0.267837 -0.410564
0.352918 -0.326235 1.918453 -0.427452 0.761043 -0.267779 -0.407915
0.349821 -0.322166 1.917167 -0.433176 0.758662 -0.266900 -0.406885
0.346417 -0.318270 1.915313 -0.438201 0.756795 -0.265635 -0.405807
0.343741 -0.314249 1.913494 -0.443032 0.755089 -0.264555 -0.404442
0.341889 -0.309905 1.911888 -0.447907 0.753255 -0.264044 -0.402823
0.338438 -0.305647 1.910390 -0.452584 0.751267 -0.263317 -0.401782
0.334705 -0.301733 1.908742 -0.456689 0.750124 -0.262568 -0.399758
0.331674 -0.297757 1.907255 -0.460812 0.749100 -0.262045 -0.397283
0.329411 -0.293514 1.905971 -0.465166 0.747806 -0.261964 -0.394692
0.325526 -0.289164 1.904786 -0.469660 0.745636 -0.261340 -0.393888
0.322312 -0.284618 1.903627 -0.473970 0.743525 -0.261354 -0.392704
0.320015 -0.279793 1.902632 -0.478465 0.741194 -0.261957 -0.391257
0.318359 -0.274693 1.901776 -0.483255 0.738553 -0.262905 -0.389723
0.314764 -0.269654 1.900287 -0.487805 0.736435 -0.261943 -0.388710
0.311738 -0.264654 1.898805 -0.492194 0.734477 -0.261421 -0.387230
0.309503 -0.259537 1.897550 -0.496738 0.732266 -0.261556 -0.385522
0.307743 -0.254224 1.896459 -0.501460 0.729814 -0.262023 -0.383736
0.305060 -0.248364 1.894840 -0.505497 0.727972 -0.261695 -0.382159
0.303285 -0.242170 1.893404 -0.509773 0.725336 -0.262430 -0.380985
0.302212 -0.235813 1.892265 -0.514346 0.722123 -0.263957 -0.379886
0.301231 -0.229343 1.891212 -0.519006 0.718882 -0.265448 -0.378654
0.298880 -0.222602 1.889309 -0.522728 0.717179 -0.265261 -0.376889
0.297193 -0.215811 1.887665 -0.526735 0.714743 -0.266011 -0.375409
0.296046 -0.209045 1.886367 -0.531065 0.711721 -0.267520 -0.373973
0.294928 -0.202234 1.885121 -0.535760 0.708607 -0.268731 -0.372320
0.293221 -0.194989 1.883240 -0.540394 0.706199 -0.268669 -0.370236
0.292089 -0.187669 1.881708 -0.545191 0.702918 -0.269747 -0.368658
0.291329 -0.180421 1.880526 -0.550156 0.699093 -0.271609 -0.367186
0.290459 -0.173159 1.879278 -0.555386 0.695395 -0.272968 -0.365322
0.289200 -0.165557 1.877428 -0.560589 0.692338 -0.273265 -0.362952
0.288318 -0.157979 1.875937 -0.565829 0.688495 -0.274592 -0.361126
0.287646 -0.150540 1.874783 -0.571125 0.684192 -0.276609 -0.359423
0.286816 -0.143111 1.873462 -0.577338 0.679738 -0.277800 -0.357021
0.285702 -0.135476 1.871730 -0.584138 0.675531 -0.278222 -0.353601
0.284772 -0.127942 1.870389 -0.590640 0.670826 -0.279599 -0.350658
0.283931 -0.120580 1.869363 -0.596912 0.665830 -0.281583 -0.347962
0.283035 -0.113030 1.867913 -0.604170 0.660651 -0.282360 -0.344661
0.282243 -0.104905 1.865917 -0.611719 0.655129 -0.282684 -0.341609
0.281571 -0.096805 1.864315 -0.618699 0.649021 -0.284124 -0.339496
0.280862 -0.088905 1.863057 -0.625279 0.642726 -0.286234 -0.337637
0.280226 -0.080961 1.861532 -0.633358 0.635521 -0.287352 -0.335260
0.279642 -0.072903 1.859808 0.641702 -0.627906 0.288197 0.333008
0.278928 -0.065055 1.858401 0.649264 -0.620367 0.289737 0.331140
0.278045 -0.057459 1.857274 0.656249 -0.613013 0.291731 0.329309
0.277208 -0.049752 1.855477 0.665127 -0.604786 0.292166 0.326312
0.276309 -0.042014 1.853342 0.673928 -0.596503 0.292231 0.323428
0.275229 -0.034501 1.851566 0.681759 -0.588435 0.293008 0.321084
0.273949 -0.027223 1.850124 0.688883 -0.580629 0.294312 0.318890
0.273061 -0.019563 1.848099 0.697314 -0.572079 0.295038 0.315326
0.272204 -0.011703 1.845959 0.705254 -0.563355 0.296057 0.312406
0.271062 -0.004039 1.844165 0.712342 -0.554817 0.297622 0.310112
0.269628 0.003379 1.842695 0.718825 -0.546552 0.299538 0.307975
0.268616 0.011407 1.840706 0.726709 -0.537181 0.300616 0.304893
0.267522 0.019632 1.838744 0.733976 -0.527640 0.302074 0.302697
0.266065 0.027609 1.837090 0.740479 -0.518382 0.304003 0.300920
0.264258 0.035279 1.835724 0.746444 -0.509481 0.306198 0.299156
0.262907 0.043678 1.834143 0.753573 -0.499514 0.307860 0.296370
0.261350 0.052095 1.832809 0.760081 -0.489595 0.310004 0.294059
0.259685 0.059839 1.831920 0.765544 -0.480459 0.312742 0.292048
0.258108 0.066547 1.831295 0.770006 -0.472525 0.315463 0.290332
0.257170 0.074010 1.830361 0.774986 -0.464269 0.317489 0.288186
0.256180 0.081301 1.829772 0.779205 -0.456171 0.320220 0.286717
0.255169 0.087739 1.829369 0.782642 -0.448973 0.323020 0.285575
0.254252 0.093247 1.829031 0.785485 -0.442813 0.325440 0.284638
0.254261 0.099394 1.828658 0.788753 -0.436299 0.326777 0.284126
0.254293 0.104900 1.828379 0.791447 -0.430422 0.328088 0.284090
0.254264 0.109540 1.828114 0.793644 -0.425450 0.329232 0.284126
0.254304 0.113565 1.827863 0.795410 -0.421410 0.330190 0.284097
0.255377 0.119337 1.827843 0.796806 -0.417029 0.331810 0.284763
0.256290 0.124904 1.827820 0.797856 -0.412397 0.333936 0.286076
0.256968 0.129803 1.827745 0.798725 -0.408171 0.335984 0.287315
0.257560 0.134179 1.827801 0.799080 -0.405096 0.337938 0.288385
0.258956 0.139305 1.828843 0.798059 -0.403643 0.340679 0.290020
0.260296 0.143662 1.829692 0.797221 -0.402151 0.343027 0.291626
0.261438 0.147245 1.830318 0.796599 -0.400837 0.344859 0.292974
0.262579 0.150511 1.831033 0.795484 -0.400560 0.346743 0.294153
0.264737 0.155008 1.832495 0.792915 -0.401078 0.350030 0.296481
0.266767 0.159058 1.833559 0.790702 -0.400924 0.353015 0.299050
0.268493 0.162489 1.834306 0.788922 -0.400544 0.355486 0.301325
0.270189 0.165694 1.835168 0.786545 -0.401571 0.357967 0.303229
0.272941 0.169392 1.836626 0.783031 -0.404276 0.360567 0.305638
0.275674 0.172919 1.837838 0.780250 -0.406039 0.362555 0.308050
0.278027 0.176103 1.838820 0.778054 -0.407027 0.364395 0.310123
0.280405 0.179107 1.840056 0.775082 -0.409301 0.366951 0.311555
0.283960 0.181968 1.841842 0.771084 -0.413048 0.369913 0.313027
0.287461 0.184542 1.843301 0.767880 -0.415971 0.371856 0.314725
0.290562 0.187387 1.844607 0.765432 -0.417665 0.373687 0.316271
0.293414 0.190148 1.846322 0.761851 -0.420740 0.376497 0.317508
0.296984 0.192171 1.848531 0.757384 -0.425432 0.379069 0.318877
0.300464 0.193944 1.850438 0.753821 -0.429242 0.380677 0.320296
0.303554 0.196144 1.852182 0.751094 -0.431692 0.382245 0.321539
0.306612 0.198739 1.853908 0.748044 -0.435030 0.383973 0.322091
0.310402 0.200261 1.855463 0.744885 -0.439807 0.384101 0.322774
0.314114 0.201429 1.856839 0.742320 -0.443866 0.383594 0.323728
0.317429 0.203011 1.858158 0.740368 -0.446622 0.383399 0.324637
0.320412 0.204720 1.860161 0.736175 -0.451995 0.384870 0.324996
0.323878 0.205450 1.862537 0.731323 -0.458611 0.386018 0.325319
0.327243 0.206060 1.864690 0.727396 -0.463996 0.386569 0.325833
0.330228 0.207229 1.866687 0.724354 -0.467749 0.387346 0.326321
0.332868 0.208444 1.869007 0.719413 -0.473852 0.388527 0.327040
0.336073 0.208606 1.871339 0.714252 -0.480670 0.388661 0.328241
0.339281 0.208650 1.873410 0.709983 -0.486280 0.388378 0.329572
0.342173 0.209284 1.875312 0.706629 -0.490269 0.388468 0.330764
0.344992 0.210049 1.877380 0.701650 -0.496378 0.389046 0.331570
0.348541 0.209854 1.879438 0.696667 -0.502665 0.388950 0.332716
0.352175 0.209432 1.881246 0.692388 -0.507934 0.388494 0.334178
0.355482 0.209530 1.882873 0.688955 -0.511770 0.388333 0.335605
0.359223 0.210015 1.883866 0.686540 -0.515945 0.386825 0.335903
0.363519 0.209830 1.884918 0.684409 -0.519692 0.385321 0.336203
0.367193 0.211771 1.886950 0.683383 -0.519579 0.388670 0.334605
0.369526 0.215061 1.888884 0.683121 -0.518625 0.391678 0.333109
0.372075 0.218537 1.890832 0.682985 -0.517645 0.394119 0.332032
0.375098 0.221520 1.892687 0.682570 -0.516805 0.396607 0.331230
0.378094 0.224223 1.894207 0.682047 -0.516267 0.398581 0.330776
0.380752 0.226665 1.895236 0.681558 -0.516334 0.399233 0.330896
0.383669 0.228776 1.896106 0.681215 -0.517044 0.398732 0.331097
0.386855 0.230222 1.897027 0.680617 -0.518036 0.398045 0.331601
0.389876 0.231106 1.897586 0.679888 -0.519395 0.396258 0.333107
0.392656 0.231683 1.897704 0.679185 -0.521019 0.393413 0.335370
0.396213 0.231781 1.897629 0.679091 -0.522921 0.389741 0.336885
0.400171 0.231338 1.897887 0.678584 -0.524459 0.387175 0.338469
0.403601 0.231190 1.898122 0.678077 -0.525664 0.384852 0.340263
0.406592 0.231557 1.898372 0.677634 -0.526427 0.383140 0.341892
0.409615 0.231971 1.898897 0.677020 -0.527584 0.381729 0.342902
0.412397 0.232381 1.899637 0.676489 -0.528391 0.380699 0.343850
0.414756 0.233333 1.900473 0.676199 -0.528445 0.380416 0.344651
0.416711 0.235063 1.901354 0.676040 -0.527843 0.381036 0.345201
0.419102 0.236521 1.902253 0.675337 -0.527725 0.381923 0.345776
0.421513 0.237688 1.902976 0.674544 -0.527532 0.382654 0.346808
0.423652 0.239181 1.903577 0.673934 -0.526814 0.383686 0.347944
0.425428 0.241259 1.904151 0.673303 -0.525885 0.385273 0.348816
0.427269 0.243065 1.904981 0.672257 -0.525764 0.386869 0.349249
0.428971 0.244759 1.905893 0.671399 -0.525371 0.388418 0.349772
0.430370 0.246831 1.906778 0.670852 -0.524349 0.390284 0.350277
0.431500 0.249570 1.907520 0.670741 -0.522729 0.392684 0.350228
0.432561 0.252781 1.908062 0.671016 -0.520719 0.395495 0.349531
0.432828 0.254255 1.908697 0.669637 -0.521799 0.395683 0.350353
0.433567 0.255144 1.909352 0.668980 -0.522457 0.395837 0.350454
0.434530 0.256233 1.909662 0.669576 -0.521947 0.395986 0.349905
0.435852 0.257028 1.909695 0.671202 -0.520523 0.395599 0.349350
0.437021 0.257242 1.909745 0.672210 -0.519851 0.394876 0.349230
0.438140 0.257207 1.909819 0.672935 -0.519408 0.394266 0.349182
0.439280 0.257274 1.909537 0.674740 -0.518363 0.393262 0.348384
0.440164 0.257605 1.908984 0.677317 -0.516984 0.391845 0.347026
0.440750 0.257968 1.908553 0.679350 -0.515887 0.390691 0.345984
0.441140 0.258319 1.908249 0.680926 -0.514992 0.389817 0.345204
0.441638 0.258492 1.907394 0.684774 -0.512450 0.387869 0.343565
0.441943 0.258635 1.906269 0.689567 -0.509117 0.385173 0.341963
0.442054 0.258606 1.905349 0.693204 -0.506854 0.382677 0.340770
0.442124 0.258424 1.904652 0.695920 -0.505318 0.380591 0.339852
0.442411 0.257905 1.902937 0.702516 -0.500911 0.376613 0.337226
0.442208 0.258115 1.900735 0.709666 -0.495694 0.372865 0.334116
0.441739 0.257964 1.898964 0.714764 -0.492223 0.369468 0.332149
0.441346 0.257626 1.897534 0.718507 -0.489788 0.366756 0.330676
0.440845 0.257733 1.895079 0.726525 -0.483464 0.361942 0.327750
0.439540 0.258009 1.892681 0.734295 -0.477076 0.357034 0.325169
0.438093 0.258102 1.890762 0.740292 -0.472271 0.353333 0.322621
0.436592 0.257959 1.889029 0.745321 -0.468615 0.349740 0.320278
0.435276 0.258399 1.886334 0.753546 -0.462345 0.344610 0.315673
0.433404 0.259029 1.883650 0.761803 -0.454891 0.339031 0.312711
0.431520 0.259324 1.881310 0.768166 -0.449332 0.334507 0.310042
0.429762 0.259283 1.879331 0.773050 -0.445337 0.331006 0.307416
0.427646 0.259773 1.876732 0.780730 -0.437898 0.325787 0.304251
0.425075 0.260377 1.874136 0.787583 -0.430482 0.320714 0.302559
0.422624 0.260615 1.871857 0.792854 -0.425099 0.316554 0.300777
0.420414 0.260495 1.869958 0.796971 -0.421082 0.313336 0.298909
0.418141 0.261037 1.867541 0.804160 -0.412614 0.308891 0.296080
0.415715 0.261336 1.865036 0.809967 -0.406247 0.304482 0.293610
0.413478 0.261285 1.862907 0.814394 -0.401599 0.301101 0.291237
0.411433 0.260974 1.861066 0.817928 -0.398160 0.298466 0.288755
0.408942 0.260988 1.858703 0.822887 -0.392936 0.294727 0.285647
0.406436 0.260812 1.856402 0.826597 -0.388688 0.291632 0.283917
0.404125 0.260292 1.854411 0.829483 -0.385803 0.288982 0.282141
0.402011 0.259657 1.852660 0.831948 -0.383503 0.286956 0.280080
0.399364 0.259341 1.850452 0.835975 -0.378871 0.283634 0.277765
0.396696 0.258849 1.848300 0.839016 -0.375461 0.280664 0.276240
0.394303 0.258125 1.846429 0.841289 -0.373222 0.278424 0.274624
0.392141 0.257346 1.844755 0.843520 -0.371052 0.276582 0.272573
0.389843 0.256743 1.842494 0.847008 -0.366808 0.273687 0.270417
0.387788 0.255850 1.840225 0.849510 -0.363948 0.271251 0.268885
0.385959 0.254847 1.838160 0.851334 -0.362041 0.269493 0.267449
0.384195 0.253827 1.836353 0.853386 -0.359962 0.267833 0.265377
0.381978 0.252851 1.834167 0.856757 -0.356036 0.264454 0.263192
0.379835 0.251988 1.832301 0.859335 -0.353056 0.262139 0.261111
0.377766 0.250889 1.830795 0.861306 -0.351165 0.260228 0.259068
0.375902 0.249799 1.829302 0.863679 -0.348746 0.258302 0.256345
0.373891 0.248756 1.827362 0.866812 -0.344949 0.255591 0.253612
0.372077 0.247471 1.825442 0.869116 -0.342504 0.253215 0.251416
0.370626 0.245859 1.824092 0.870975 -0.340872 0.251043 0.249372
0.369570 0.244021 1.823885 0.874175 -0.337385 0.248207 0.245727
0.368377 0.242709 1.823814 0.878594 -0.331749 0.244995 0.240818
0.366860 0.241469 1.823923 0.882213 -0.328156 0.241999 0.235480
0.365383 0.240151 1.824180 0.885014 -0.325482 0.239936 0.230743
0.364078 0.238693 1.824210 0.887957 -0.322090 0.237951 0.226206
0.363061 0.237127 1.823835 0.890832 -0.318238 0.236156 0.222201
0.361890 0.236136 1.823540 0.893170 -0.314715 0.235188 0.218836
0.360592 0.235245 1.823402 0.895046 -0.311953 0.234518 0.215823
0.359305 0.234838 1.822947 0.898101 -0.307035 0.233469 0.211273
0.357904 0.234372 1.822304 0.901444 -0.301002 0.232151 0.207128
0.356603 0.233680 1.821820 0.904003 -0.296426 0.231198 0.203609
0.355311 0.232880 1.821489 0.906002 -0.293033 0.230523 0.200376
0.354357 0.232849 1.820553 0.909740 -0.286377 0.229516 0.194122
0.353438 0.232762 1.819412 0.913602 -0.278507 0.228556 0.188487
0.352551 0.232340 1.818537 0.916458 -0.272520 0.228047 0.183932
0.351594 0.231708 1.817895 0.918625 -0.268069 0.227776 0.179960
0.350834 0.232269 1.816744 0.923148 -0.258319 0.226753 0.172199
0.350020 0.232514 1.815538 0.927465 -0.248074 0.225639 0.165392
0.349222 0.232322 1.814590 0.930599 -0.240388 0.225048 0.159849
0.348332 0.231869 1.813909 0.932928 -0.234667 0.224786 0.155070
0.347339 0.232822 1.812803 0.937606 -0.222554 0.223627 0.146135
0.346170 0.233314 1.811804 0.942136 -0.209165 0.222276 0.138648
0.345010 0.233163 1.811047 0.945547 -0.198128 0.221296 0.133091
0.343895 0.232642 1.810472 0.947996 -0.189900 0.220799 0.128410
0.342577 0.233645 1.809647 0.952107 -0.176385 0.219735 0.118727
0.341098 0.234373 1.808974 0.956009 -0.161951 0.218652 0.109589
0.339578 0.234479 1.808585 0.959118 -0.148911 0.217791 0.102396
0.338139 0.234002 1.808357 0.961336 -0.138768 0.217348 0.096618
0.336402 0.234754 1.808043 0.964373 -0.124695 0.216652 0.086588
0.334581 0.235179 1.807888 0.967035 -0.110336 0.216122 0.077197
0.332740 0.235003 1.808001 0.969103 -0.097074 0.215783 0.069666
0.330965 0.234364 1.808218 0.970701 -0.085127 0.215590 0.063351
0.329071 0.234680 1.808431 0.972460 -0.070843 0.215509 0.053471
0.327131 0.234533 1.808842 0.973765 -0.057122 0.215691 0.044684
0.325232 0.233826 1.809393 0.974657 -0.044544 0.215998 0.037476
0.323410 0.232728 1.810006 0.975228 -0.033193 0.216448 0.031251
0.321302 0.232373 1.810705 0.975693 -0.019706 0.217149 0.021929
0.319161 0.231385 1.811568 0.975816 -0.006975 0.218020 0.014165
0.317191 0.229795 1.812444 0.975681 0.004228 0.219016 0.007775
0.315416 0.227872 1.813316 0.975353 0.013198 0.220244 0.001772
0.313327 0.226551 1.814331 0.974776 0.025109 0.221672 -0.006555
0.311462 0.224425 1.815279 0.974037 0.034925 0.223293 -0.013118
0.309867 0.221740 1.816181 0.973270 0.041606 0.225076 -0.018849
0.308306 0.218894 1.817153 0.972466 0.046959 0.226921 -0.024727
0.306465 0.216236 1.818173 0.971419 0.054101 0.228898 -0.032008
0.304912 0.212907 1.819073 0.970436 0.058681 0.230960 -0.038310
0.303604 0.209043 1.819936 0.969535 0.060972 0.233121 -0.044037
0.302328 0.205050 1.820844 0.968579 0.062998 0.235318 -0.050119
0.300892 0.201322 1.821637 0.967303 0.067375 0.237651 -0.057513
0.299797 0.196946 1.822216 0.966174 0.069420 0.240004 -0.063927
0.298951 0.191998 1.822703 0.965187 0.069434 0.242360 -0.069685
0.298121 0.186723 1.823175 0.964222 0.068929 0.244682 -0.075195
0.297047 0.181430 1.823572 0.963185 0.069068 0.246940 -0.080768
0.296064 0.175864 1.823659 0.962377 0.067804 0.248702 -0.085904
0.295177 0.170051 1.823346 0.961864 0.065357 0.249578 -0.090863
0.294031 0.164388 1.822550 0.961560 0.064118 0.248984 -0.096427
0.292604 0.159243 1.822125 0.960828 0.064359 0.249396 -0.102323
0.291120 0.154891 1.821660 0.960252 0.064337 0.249191 -0.108083
0.289788 0.151446 1.821263 0.959733 0.064475 0.248914 -0.113126
0.288506 0.148790 1.821342 0.958959 0.065806 0.249622 -0.117282
0.287079 0.146917 1.821609 0.958030 0.068956 0.250399 -0.121342
0.285870 0.145642 1.821650 0.957303 0.072004 0.250823 -0.124393
0.284801 0.144867 1.821630 0.956702 0.074696 0.251007 -0.127031
0.283621 0.144867 1.821923 0.955893 0.078538 0.251294 -0.130196
0.282130 0.145345 1.822332 0.954977 0.083868 0.251535 -0.133100
0.280685 0.145773 1.822558 0.954293 0.088873 0.251428 -0.134945
0.279398 0.146138 1.822659 0.953740 0.093138 0.251187 -0.136418
0.277969 0.146770 1.822976 0.952784 0.098039 0.251336 -0.139360
0.276286 0.147402 1.823366 0.951606 0.103771 0.251685 -0.142588
0.274706 0.147845 1.823573 0.950650 0.108842 0.251745 -0.145060
0.273306 0.148192 1.823678 0.949851 0.112954 0.251665 -0.147272
0.271796 0.149176 1.823838 0.948622 0.117884 0.251848 -0.150966
0.270227 0.150352 1.823966 0.947289 0.123239 0.252224 -0.154403
0.268881 0.151262 1.824044 0.946194 0.127893 0.252503 -0.156850
0.267727 0.151908 1.824068 0.945337 0.131785 0.252669 -0.158524
0.266287 0.152926 1.823949 0.944227 0.136109 0.252876 -0.161129
0.264658 0.153990 1.823858 0.943078 0.140542 0.253112 -0.163666
0.263136 0.154852 1.823777 0.942090 0.144323 0.253261 -0.165820
0.261587 0.155708 1.823793 0.941178 0.147436 0.253355 -0.168100
0.259804 0.156775 1.823257 0.940189 0.150656 0.253312 -0.170827
0.258040 0.157707 1.822707 0.939238 0.153782 0.253355 -0.173188
