0.270347 -0.394476 1.913209 -0.363648 0.763062 -0.272914 -0.459363
0.265286 -0.390704 1.913225 -0.361524 0.763631 -0.273563 -0.459709
0.261480 -0.386923 1.913378 -0.360462 0.764072 -0.274741 -0.459106
0.256438 -0.382951 1.913655 -0.356846 0.764376 -0.276494 -0.460370
0.250810 -0.378650 1.913791 -0.353081 0.764398 -0.277966 -0.462346
0.246333 -0.374288 1.914137 -0.350766 0.764404 -0.279874 -0.462947
0.243165 -0.369869 1.914463 -0.349907 0.764223 -0.282180 -0.462496
0.238268 -0.365033 1.915079 -0.346193 0.763679 -0.285012 -0.464448
0.233135 -0.359831 1.915882 -0.342534 0.762778 -0.287922 -0.466840
0.229216 -0.354623 1.916795 -0.340423 0.761970 -0.291256 -0.467636
0.226528 -0.349464 1.917579 -0.339827 0.761049 -0.294841 -0.467324
0.221833 -0.343832 1.918783 -0.335591 0.759853 -0.299269 -0.469512
0.217287 -0.338001 1.919942 -0.331908 0.758520 -0.303593 -0.471503
0.214060 -0.332295 1.920898 -0.330057 0.757121 -0.308008 -0.472188
0.211943 -0.326739 1.921678 -0.329754 0.755559 -0.312502 -0.471950
0.207268 -0.320461 1.923835 -0.322832 0.753408 -0.319366 -0.475564
0.203117 -0.313879 1.925955 -0.317351 0.751044 -0.326151 -0.478379
0.200226 -0.307476 1.927742 -0.314121 0.748722 -0.332753 -0.479603
0.198279 -0.301332 1.929237 -0.312567 0.746424 -0.339152 -0.479716
0.193525 -0.294490 1.931726 -0.303878 0.744728 -0.346697 -0.482534
0.189688 -0.287601 1.933972 -0.297687 0.742652 -0.354333 -0.484044
0.187020 -0.280995 1.935881 -0.293994 0.740426 -0.361794 -0.484191
0.185056 -0.274682 1.937536 -0.291455 0.738296 -0.369079 -0.483481
0.180671 -0.267251 1.939972 -0.280346 0.736356 -0.377288 -0.486662
0.177595 -0.259637 1.942115 -0.272562 0.733260 -0.385759 -0.489111
0.175576 -0.252352 1.943971 -0.267661 0.729961 -0.394119 -0.490087
0.173865 -0.245404 1.945712 -0.263516 0.726931 -0.402267 -0.490216
0.169129 -0.237606 1.948552 -0.251679 0.724088 -0.410057 -0.494173
0.165406 -0.230015 1.951026 -0.243190 0.720919 -0.417948 -0.496440
0.162637 -0.222907 1.953117 -0.237626 0.717870 -0.425695 -0.496970
0.160111 -0.216125 1.955067 -0.232263 0.715204 -0.433453 -0.496645
0.155773 -0.208426 1.957657 -0.219601 0.712444 -0.441926 -0.498898
0.152512 -0.200940 1.959879 -0.210463 0.709149 -0.450554 -0.499813
0.150053 -0.193949 1.961755 -0.204412 0.705970 -0.458856 -0.499272
0.147527 -0.187214 1.963547 -0.198026 0.703192 -0.466964 -0.498248
0.143167 -0.179652 1.965786 0.185072 -0.699756 0.474979 0.500484
0.139764 -0.172426 1.967705 0.175683 -0.695663 0.482978 0.501917
0.137094 -0.165750 1.969291 0.169390 -0.691931 0.490667 0.501781
0.134355 -0.159154 1.971025 0.162081 -0.688576 0.498457 0.501132
0.130713 -0.151454 1.973692 0.149156 -0.684036 0.507057 0.502732
0.127818 -0.144073 1.976131 0.139683 -0.678766 0.515656 0.503849
0.125480 -0.137290 1.978133 0.133326 -0.674133 0.523803 0.503388
0.123005 -0.130561 1.980161 0.125630 -0.669913 0.532099 0.502300
0.120130 -0.123138 1.982563 0.114603 -0.664530 0.540557 0.503054
0.117848 -0.116239 1.984531 0.106950 -0.659461 0.548685 0.502610
0.115919 -0.109922 1.986134 0.102042 -0.655147 0.556323 0.500872
0.113877 -0.103547 1.987705 -0.096181 0.651228 -0.563152 -0.499512
0.111983 -0.096877 1.989184 -0.088971 0.647011 -0.568904 -0.499809
0.110469 -0.090791 1.990329 -0.084365 0.643182 -0.574598 -0.499036
0.109129 -0.085207 1.991247 -0.081881 0.639904 -0.580197 -0.497182
0.107840 -0.079508 1.991874 -0.079159 0.637726 -0.584528 -0.495343
0.106935 -0.073558 1.992129 -0.076156 0.636350 -0.587603 -0.493945
0.106190 -0.068037 1.992287 -0.074971 0.634828 -0.591139 -0.491860
0.105441 -0.062894 1.992407 -0.075266 0.633322 -0.595015 -0.489076
0.105102 -0.057701 1.991748 -0.077892 0.633218 -0.596498 -0.486989
0.105636 -0.052127 1.990516 -0.081955 0.633132 -0.597428 -0.485290
0.106068 -0.046754 1.989449 -0.086453 0.632294 -0.599433 -0.483125
0.106211 -0.041664 1.988559 -0.091249 0.631162 -0.602109 -0.480389
0.106666 -0.036358 1.986917 -0.098647 0.631544 -0.602162 -0.478353
0.107705 -0.030431 1.984987 -0.107031 0.631658 -0.602451 -0.476031
0.108395 -0.024630 1.983380 -0.114979 0.630832 -0.604064 -0.473221
0.108629 -0.019124 1.982060 -0.122490 0.629566 -0.606457 -0.469950
0.109258 -0.013646 1.979819 -0.133278 0.630253 -0.606167 -0.466455
0.110149 -0.007805 1.977473 -0.144610 0.630742 -0.606325 -0.462193
0.110531 -0.002114 1.975556 -0.154855 0.630209 -0.607679 -0.457802
0.110392 0.003291 1.973997 -0.164158 0.629088 -0.609776 -0.453291
0.110982 0.009340 1.971792 -0.176656 0.628817 -0.609957 -0.448702
0.111824 0.016143 1.969724 -0.189323 0.627523 -0.611437 -0.443301
0.112013 0.022750 1.968044 -0.200617 0.625374 -0.613944 -0.437872
0.111575 0.028956 1.966677 -0.210717 0.622841 -0.616960 -0.432466
0.112050 0.036110 1.964807 -0.225343 0.620467 -0.618018 -0.426961
0.112470 0.043970 1.963233 0.239667 -0.617040 0.620586 0.420350
0.112312 0.051355 1.962108 0.251775 -0.613201 0.623898 0.413939
0.111868 0.057836 1.961261 0.261673 -0.609537 0.627122 0.408300
0.113149 0.064980 1.959210 0.275077 -0.606566 0.627699 0.402993
0.114873 0.072159 1.957061 0.286817 -0.603031 0.629040 0.397993
0.116229 0.078427 1.955214 0.296063 -0.599429 0.630603 0.394171
0.117280 0.083711 1.953646 0.303443 -0.596156 0.631981 0.391305
0.119735 0.090084 1.951815 0.315099 -0.592801 0.631353 0.388192
0.122095 0.096352 1.950226 0.325337 -0.589349 0.631619 0.384553
0.123923 0.101803 1.948919 0.333452 -0.586060 0.632236 0.381603
0.125421 0.106481 1.947813 0.340242 -0.583032 0.632728 0.379426
0.128957 0.112946 1.946217 0.351961 -0.578840 0.631860 0.376591
0.132440 0.119215 1.944517 0.362189 -0.574758 0.631718 0.373371
0.135264 0.124605 1.943056 0.370134 -0.570990 0.631938 0.370980
0.137653 0.129281 1.941792 0.376921 -0.567576 0.631895 0.369455
0.141413 0.135396 1.940157 0.387327 -0.564058 0.629957 0.367384
0.144951 0.141002 1.938495 0.396193 -0.560882 0.628610 0.365090
0.147860 0.145729 1.937083 0.403039 -0.557990 0.627755 0.363497
0.150517 0.149936 1.935872 0.409433 -0.555094 0.626665 0.362664
0.155036 0.155602 1.934656 0.419908 -0.551380 0.623989 0.360964
0.159206 0.160506 1.933574 0.428452 -0.548268 0.621830 0.359385
0.162693 0.164472 1.932663 0.435015 -0.545664 0.620115 0.358427
0.166016 0.168070 1.931768 0.441528 -0.543136 0.617891 0.358143
0.171468 0.172860 1.930219 0.451374 -0.540701 0.613378 0.357310
0.176616 0.177309 1.928872 0.459070 -0.538778 0.609630 0.356826
0.180954 0.181308 1.927833 0.465030 -0.536865 0.606962 0.356539
0.184961 0.184997 1.926843 0.471072 -0.534948 0.604026 0.356473
0.190469 0.188869 1.925551 0.479107 -0.534201 0.598952 0.355445
0.195690 0.192166 1.924575 0.485219 -0.534055 0.594445 0.354939
0.200093 0.195426 1.924072 0.489803 -0.533652 0.591228 0.354623
0.204277 0.198715 1.923354 0.495481 -0.532792 0.587489 0.354244
0.209800 0.201847 1.922176 0.502788 -0.532755 0.581667 0.353611
0.215312 0.204273 1.921511 0.507708 -0.533158 0.576804 0.353939
0.220206 0.206562 1.921221 0.511131 -0.533466 0.573035 0.354670
0.224650 0.209122 1.920781 0.515514 -0.533884 0.568640 0.354770
0.229562 0.211178 1.920143 0.520637 -0.535878 0.562528 0.354025
0.234534 0.212781 1.920115 0.523891 -0.537841 0.557708 0.353875
0.239406 0.214229 1.920489 0.525740 -0.539512 0.554150 0.354178
0.244152 0.215801 1.920351 0.529158 -0.541104 0.549334 0.354161
0.249145 0.217089 1.920054 -0.427756 0.435805 -0.435554 -0.283333
0.254107 0.218149 1.920357 -0.536073 0.545600 -0.538826 -0.353005
0.259011 0.219169 1.921049 -0.537451 0.547323 -0.535697 -0.353005
0.263661 0.220171 1.921195 -0.539904 0.549487 -0.530988 -0.353015
0.268245 0.220891 1.921280 -0.542547 0.552489 -0.525400 -0.352640
0.272856 0.221529 1.921880 -0.543952 0.554994 -0.521365 -0.352527
0.277378 0.222222 1.922738 -0.544435 0.556956 -0.518608 -0.352754
0.281754 0.223204 1.923121 -0.545909 0.559285 -0.515157 -0.351846
0.286280 0.224096 1.923566 -0.547314 0.561931 -0.511789 -0.350363
0.290853 0.224904 1.924377 -0.547716 0.564029 -0.509654 -0.349473
0.295355 0.225731 1.925343 -0.547394 0.565596 -0.508477 -0.349158
0.299808 0.226768 1.925950 -0.548751 0.566934 -0.506166 -0.348215
0.304365 0.227531 1.926885 -0.550057 0.568487 -0.503913 -0.346888
0.308821 0.228125 1.928100 -0.550503 0.569812 -0.502482 -0.346082
0.312752 0.228973 1.929345 -0.550556 0.570681 -0.501716 -0.345676
0.317066 0.230340 1.929771 -0.553525 0.570550 -0.499099 -0.344941
0.321881 0.231172 1.930159 -0.555911 0.570730 -0.496438 -0.344646
0.326760 0.231631 1.930733 -0.557044 0.571011 -0.494579 -0.345022
0.331216 0.232165 1.931330 -0.557526 0.571147 -0.493328 -0.345807
0.335929 0.233028 1.931113 -0.560620 0.570796 -0.489906 -0.346253
0.340944 0.233363 1.931030 -0.562830 0.570871 -0.486769 -0.346965
0.346011 0.233384 1.931219 -0.563860 0.571022 -0.484594 -0.348086
0.350695 0.233461 1.931487 -0.564237 0.571072 -0.483084 -0.349490
0.355568 0.233617 1.931330 -0.566497 0.570668 -0.479652 -0.351216
0.360617 0.233059 1.931610 -0.567815 0.570898 -0.476564 -0.352913
0.365645 0.232160 1.932196 -0.568228 0.571339 -0.474233 -0.354670
0.370187 0.231438 1.932846 -0.568236 0.571725 -0.472454 -0.356406
0.374666 0.230790 1.932853 -0.569019 0.573602 -0.468749 -0.357035
0.379318 0.229616 1.933212 -0.569076 0.575611 -0.465595 -0.357835
0.384030 0.228231 1.933831 -0.568473 0.577346 -0.463350 -0.358908
0.388353 0.227062 1.934479 -0.567512 0.578854 -0.461725 -0.360096
0.392308 0.225840 1.935217 -0.565260 0.582645 -0.459888 -0.359874
0.396387 0.224218 1.936401 -0.562903 0.586027 -0.458525 -0.359817
0.400375 0.222540 1.937714 -0.560504 0.588822 -0.457637 -0.360128
0.403927 0.221398 1.938948 -0.558485 0.590904 -0.457163 -0.360456
0.407988 0.220499 1.939796 -0.557489 0.592474 -0.456520 -0.360237
0.412154 0.219323 1.940568 -0.556036 0.593779 -0.456201 -0.360737
0.415902 0.218469 1.941229 -0.554554 0.594640 -0.456197 -0.361605
0.419124 0.218429 1.941815 -0.553405 0.594944 -0.456829 -0.362066
0.422412 0.218969 1.942357 -0.552467 0.595216 -0.458490 -0.360950
0.424846 0.220237 1.943202 -0.551900 0.594715 -0.460687 -0.359844
0.426468 0.222176 1.944149 -0.551684 0.593807 -0.462908 -0.358822
0.427671 0.224672 1.944984 -0.552306 0.592348 -0.464930 -0.357661
0.428953 0.227474 1.945457 -0.554278 0.590440 -0.466337 -0.355930
0.429967 0.230301 1.945989 -0.555793 0.588459 -0.467988 -0.354679
0.430757 0.233148 1.946487 -0.557054 0.586290 -0.469975 -0.353666
0.431800 0.236070 1.946367 -0.559403 0.583164 -0.471961 -0.352478
0.432282 0.237169 1.945615 -0.561649 0.582272 -0.470027 -0.352966
0.433165 0.237727 1.945271 -0.563795 0.581331 -0.468787 -0.352744
0.434005 0.238402 1.944967 -0.565855 0.580161 -0.468108 -0.352274
0.434897 0.239077 1.944279 -0.569067 0.578493 -0.466971 -0.351349
0.435764 0.239793 1.943118 -0.573941 0.576020 -0.464960 -0.350148
0.436323 0.240400 1.942207 0.577735 -0.574182 0.463247 0.349199
0.436746 0.240896 1.941473 0.580647 -0.572772 0.461911 0.348452
0.437428 0.241023 1.940231 0.585503 -0.570182 0.459924 0.347203
0.438203 0.241068 1.938420 0.591922 -0.566288 0.457665 0.345672
0.438688 0.241243 1.936798 0.596955 -0.563304 0.455793 0.344363
0.438974 0.241264 1.935422 0.600551 -0.561274 0.454200 0.343529
0.439391 0.240958 1.933186 0.607418 -0.557158 0.450537 0.342977
0.439278 0.240930 1.930028 0.616093 -0.551691 0.445681 0.342687
0.438922 0.240603 1.927276 0.622639 -0.547896 0.441486 0.342372
0.438525 0.240202 1.925161 0.627560 -0.545083 0.438291 0.341986
0.438065 0.239987 1.922381 0.635499 -0.540325 0.433277 0.341263
0.436909 0.240443 1.918493 0.645203 -0.534689 0.426383 0.340615
0.435668 0.240512 1.915437 0.652707 -0.530438 0.421045 0.339603
0.434455 0.240240 1.913045 0.658492 -0.527225 0.417030 0.338389
0.433111 0.240377 1.909660 0.666977 -0.522661 0.411071 0.336135
0.431020 0.241240 1.905401 0.676878 -0.516376 0.403432 0.335312
0.429022 0.241833 1.901842 0.684446 -0.511299 0.397846 0.334403
0.427193 0.242088 1.898856 0.690199 -0.507352 0.393788 0.333391
0.425137 0.242762 1.895207 0.698719 -0.501253 0.387784 0.331903
0.422524 0.243841 1.891311 0.707550 -0.494763 0.381107 0.330667
0.420041 0.244541 1.888144 0.714331 -0.489729 0.376153 0.329251
0.417769 0.244599 1.885611 0.719593 -0.486156 0.372066 0.327727
0.415196 0.245021 1.882398 0.727148 -0.480853 0.366324 0.325336
0.412152 0.245680 1.879027 0.733988 -0.475364 0.360691 0.324332
0.409383 0.245799 1.876156 0.739157 -0.471539 0.356171 0.323173
0.406950 0.245622 1.873722 0.743080 -0.468736 0.352894 0.321845
0.404044 0.245916 1.870614 0.750111 -0.462825 0.347338 0.320127
0.400697 0.246486 1.867292 0.756131 -0.457577 0.342094 0.319157
0.397686 0.246634 1.864514 0.760671 -0.453787 0.338162 0.317969
0.394994 0.246316 1.862216 0.764171 -0.451162 0.334996 0.316661
0.392045 0.246197 1.859731 0.769665 -0.446250 0.330872 0.314642
0.388780 0.246206 1.857068 0.774600 -0.442192 0.326301 0.313032
0.385793 0.245841 1.854859 0.778451 -0.439351 0.322592 0.311320
0.383117 0.245190 1.853039 0.781493 -0.437387 0.319707 0.309433
0.379796 0.244819 1.850731 0.786476 -0.433046 0.315349 0.307379
0.376380 0.244490 1.848442 0.790448 -0.429354 0.311539 0.306252
0.373273 0.243800 1.846508 0.793548 -0.426980 0.308333 0.304795
0.370534 0.242921 1.844856 0.796140 -0.425185 0.305863 0.303031
0.367416 0.242443 1.842687 0.801072 -0.420442 0.301990 0.300520
0.364312 0.241805 1.840463 0.804930 -0.416850 0.298351 0.298848
0.361495 0.241009 1.838577 0.807952 -0.414333 0.295564 0.296958
0.358943 0.239988 1.837008 0.810669 -0.412342 0.293183 0.294676
0.356380 0.238989 1.835518 0.815070 -0.407468 0.289832 0.292620
0.354333 0.237588 1.835463 0.819301 -0.402947 0.286536 0.290306
0.352319 0.235636 1.836672 0.823054 -0.399978 0.283681 0.286574
0.350204 0.232968 1.838256 0.826249 -0.398478 0.280791 0.282284
0.347376 0.230263 1.839320 0.828837 -0.396738 0.278017 0.279884
0.344633 0.227757 1.840277 0.830953 -0.395619 0.275729 0.277447
0.342188 0.225202 1.841216 0.832618 -0.395186 0.274016 0.274757
0.339876 0.222373 1.841966 0.833729 -0.395572 0.272484 0.272344
0.337086 0.219629 1.842102 0.834276 -0.395874 0.270800 0.271908
0.334502 0.217198 1.842282 0.834829 -0.395969 0.269549 0.271317
0.332183 0.214591 1.842591 0.835291 -0.396531 0.268406 0.270205
0.330023 0.211560 1.842876 0.835585 -0.397691 0.267179 0.268804
0.327560 0.208428 1.843067 0.835628 -0.398654 0.266137 0.268278
0.325334 0.205208 1.843402 0.835604 -0.399864 0.265344 0.267332
0.323315 0.202095 1.843725 0.835708 -0.401042 0.264698 0.265882
0.321482 0.198998 1.843915 0.836344 -0.401322 0.264101 0.264045
0.319644 0.196092 1.843664 0.837821 -0.400304 0.263056 0.261942
0.317899 0.193030 1.843486 0.838993 -0.400097 0.261909 0.259649
0.316335 0.189647 1.843404 0.839766 -0.400789 0.260837 0.257150
0.315047 0.186216 1.843195 0.841326 -0.400097 0.259642 0.254320
0.313665 0.183488 1.842805 0.843698 -0.397562 0.258716 0.251364
0.312131 0.181065 1.842510 0.845712 -0.395528 0.258012 0.248514
0.310579 0.178703 1.842279 0.847330 -0.394205 0.257451 0.245668
0.309406 0.176894 1.841734 0.851210 -0.389603 0.256418 0.240627
0.308173 0.175045 1.841121 0.856268 -0.382501 0.254926 0.235610
0.306934 0.172958 1.840632 0.860105 -0.377262 0.253809 0.231246
0.305674 0.170675 1.840293 0.863000 -0.373612 0.253029 0.227204
0.304897 0.169165 1.839625 0.868601 -0.365431 0.251719 0.220521
0.304303 0.167543 1.838719 0.874792 -0.355738 0.250048 0.213692
0.303603 0.165602 1.838017 0.879410 -0.348513 0.248913 0.207892
0.302761 0.163397 1.837542 0.882835 -0.343329 0.248219 0.202770
0.302346 0.162072 1.836810 0.888639 -0.333981 0.247164 0.194131
0.301995 0.160705 1.836147 0.895444 -0.321689 0.245885 0.185031
0.301427 0.158759 1.835723 0.900962 -0.311080 0.244782 0.177704
0.300743 0.156327 1.835452 0.904948 -0.303437 0.244149 0.171424
0.300102 0.154485 1.835162 0.910183 -0.293153 0.243259 0.162643
0.299481 0.152647 1.834825 0.915933 -0.281311 0.242168 0.152600
0.298945 0.150589 1.834577 0.921303 -0.269497 0.241307 0.142631
0.298373 0.148075 1.834480 0.926034 -0.258343 0.240666 0.133410
0.297761 0.145348 1.834499 0.930472 -0.247363 0.240219 0.123808
0.297155 0.142406 1.834666 0.934691 -0.236289 0.240068 0.113517
0.296714 0.139150 1.834786 0.938516 -0.225576 0.240178 0.103043
0.296452 0.135569 1.834851 0.941934 -0.215219 0.240581 0.092528
0.296067 0.131593 1.835091 0.944955 -0.205251 0.241209 0.082154
0.295676 0.127334 1.835328 0.947674 -0.195507 0.241994 0.071618
0.295476 0.122766 1.835395 0.950032 -0.186108 0.242990 0.061314
0.295453 0.117965 1.835239 0.952061 -0.177154 0.244107 0.051059
0.294850 0.113161 1.835387 0.953935 -0.168237 0.245054 0.040669
0.294103 0.109864 1.835491 0.955876 -0.157035 0.246429 0.030218
0.293691 0.107935 1.835385 0.957630 -0.144514 0.248204 0.021311
0.293564 0.107287 1.835253 0.959207 -0.131029 0.250158 0.013177
0.293489 0.107625 1.835328 0.960612 -0.116794 0.252084 0.006019
0.293397 0.108612 1.835448 0.961810 -0.102049 0.253981 -0.001057
0.293326 0.110035 1.835589 0.962723 -0.086965 0.255997 -0.008253
0.293260 0.111766 1.835789 0.963297 -0.071639 0.258227 -0.015663
0.292886 0.113800 1.836196 0.963584 -0.055776 0.260502 -0.023119
0.292476 0.116139 1.836656 0.963559 -0.039439 0.262795 -0.030612
0.292112 0.118642 1.837172 0.963155 -0.022887 0.265245 -0.038126
0.291739 0.121224 1.837768 0.962320 -0.006189 0.267953 -0.045857
0.291117 0.123955 1.838537 0.961062 0.010938 0.270819 -0.053829
0.290415 0.126762 1.839376 0.959335 0.028361 0.273879 -0.062140
0.289695 0.129574 1.840287 0.957092 0.045913 0.277228 -0.070788
0.288891 0.132385 1.841298 0.954317 0.063599 0.280853 -0.079729
0.287700 0.135374 1.842424 0.951030 0.081886 0.284477 -0.088934
0.286405 0.138534 1.843663 0.947136 0.100611 0.288326 -0.098376
0.285130 0.141610 1.844997 0.942644 0.119326 0.292475 -0.107897
0.283862 0.144534 1.846331 0.937664 0.137831 0.296794 -0.117051
0.282355 0.147662 1.847514 0.932105 0.156395 0.301199 -0.126492
0.280774 0.150404 1.848697 0.926296 0.174082 0.305642 -0.135105
0.279148 0.152450 1.849767 0.920729 0.190104 0.309708 -0.142123
0.277447 0.154067 1.850668 0.915438 0.204583 0.313211 -0.148380
0.275381 0.156102 1.851798 0.909227 0.219884 0.317082 -0.156254
0.273439 0.157542 1.852555 0.903743 0.233081 0.320307 -0.162247
0.271629 0.158574 1.853072 0.899037 0.244054 0.322912 -0.167029
0.269424 0.159665 1.853721 0.894332 0.253718 0.325411 -0.172927
0.267414 0.160637 1.854415 0.889416 0.262896 0.327998 -0.179560
0.265656 0.161083 1.854841 0.885237 0.270231 0.330208 -0.185185
0.263169 0.161526 1.855504 0.881108 0.276458 0.332432 -0.191597
