0.294275 0.203436 1.677005 0.077009 -0.269979 0.891518 0.355495
0.288247 0.199978 1.682440 0.078116 -0.278845 0.884291 0.366295
0.282426 0.196676 1.686973 0.079615 -0.285897 0.877668 0.376327
0.276045 0.192302 1.691403 0.080646 -0.296518 0.869108 0.387588
0.269645 0.187842 1.696371 0.081250 -0.307237 0.860277 0.398655
0.263510 0.183572 1.700821 0.082450 -0.316210 0.851771 0.409512
0.257651 0.179558 1.704435 0.084142 -0.323219 0.844050 0.419558
0.251448 0.174837 1.707841 0.085943 -0.332484 0.834853 0.430218
0.245158 0.169908 1.711716 0.087543 -0.342382 0.825000 0.441005
0.239162 0.165212 1.715090 0.089754 -0.350524 0.815574 0.451569
0.233459 0.160811 1.717755 0.092189 -0.356804 0.807266 0.460992
0.227480 0.156020 1.720335 0.094429 -0.364475 0.798030 0.470520
0.221197 0.150929 1.723599 0.095877 -0.373424 0.787795 0.480354
0.215204 0.146003 1.726502 0.097883 -0.380928 0.777934 0.490033
0.209528 0.141343 1.728784 0.099956 -0.386803 0.769464 0.498315
0.203763 0.136423 1.730737 0.102568 -0.393392 0.760218 0.506745
0.197689 0.131172 1.732973 0.105166 -0.401361 0.749424 0.515957
0.191926 0.126142 1.734842 0.107761 -0.407903 0.739822 0.524086
0.186484 0.121371 1.736216 0.110027 -0.413018 0.732019 0.530526
0.181203 0.116587 1.737416 0.113208 -0.417696 0.723881 0.537317
0.175737 0.111629 1.739010 0.116365 -0.423235 0.714845 0.544360
0.170490 0.106808 1.740287 0.118931 -0.427934 0.707328 0.549923
0.165498 0.102160 1.741162 0.121145 -0.431595 0.701241 0.554357
0.160710 0.097498 1.741972 0.124124 -0.434790 0.695087 0.558932
0.155644 0.092729 1.743650 0.127027 -0.439510 0.687824 0.563552
0.150757 0.088847 1.745223 0.129313 -0.443832 0.682117 0.566576
0.146181 0.086031 1.746527 0.131738 -0.447312 0.678164 0.568023
0.141909 0.084148 1.747783 0.134937 -0.450024 0.675393 0.568432
0.137485 0.083012 1.749929 0.138195 -0.453308 0.673001 0.567876
0.133131 0.082560 1.751850 0.141387 -0.456349 0.671766 0.566114
0.128959 0.082698 1.753453 0.144751 -0.458705 0.671666 0.563473
0.125018 0.083261 1.754872 0.148684 -0.460353 0.672399 0.560221
0.121133 0.083847 1.756998 0.153356 -0.461898 0.673465 0.556397
0.117108 0.084741 1.758908 0.157321 -0.463392 0.675083 0.552069
0.113139 0.085932 1.760518 0.161176 -0.464464 0.677258 0.547372
0.109427 0.087359 1.761920 0.165064 -0.465033 0.679975 0.542339
0.107471 0.088601 1.764657 0.168663 -0.464521 0.684115 0.536433
0.105783 0.089078 1.767218 0.170476 -0.465125 0.686649 0.532081
0.104315 0.089160 1.769389 0.171425 -0.465988 0.688346 0.528819
0.103049 0.089066 1.771209 0.171917 -0.466886 0.689564 0.526272
0.103463 0.089070 1.773666 0.172075 -0.466553 0.693360 0.521507
0.104038 0.088667 1.775886 0.171314 -0.466826 0.695909 0.518108
0.104466 0.088057 1.777753 0.170173 -0.467355 0.697590 0.515741
0.104771 0.087426 1.779318 0.168983 -0.467953 0.698773 0.513986
0.106636 0.086687 1.781453 0.168229 -0.467442 0.702584 0.509482
0.108653 0.085361 1.783491 0.166367 -0.467575 0.705287 0.506227
0.110261 0.083855 1.785211 0.164060 -0.468038 0.706920 0.504270
0.111524 0.082431 1.786659 0.161814 -0.468595 0.707986 0.502981
0.113940 0.081395 1.788589 0.159589 -0.467580 0.711366 0.499859
0.116767 0.080035 1.790409 0.156160 -0.466441 0.714235 0.497912
0.119088 0.078435 1.791899 0.152421 -0.465748 0.715956 0.497248
0.120946 0.076899 1.793144 0.148951 -0.465332 0.717053 0.497107
0.123666 0.075618 1.794790 0.146167 -0.464290 0.720286 0.494226
0.127126 0.073965 1.796605 0.142730 -0.463690 0.723370 0.491280
0.130035 0.071944 1.798113 0.138716 -0.463595 0.725002 0.490113
0.132372 0.069972 1.799387 0.134850 -0.463664 0.725934 0.489745
0.135153 0.068430 1.800875 0.132232 -0.463183 0.728239 0.487487
0.138820 0.067225 1.802634 0.130435 -0.462952 0.731180 0.483775
0.142148 0.065702 1.804134 0.127994 -0.463157 0.732807 0.481764
0.144881 0.064061 1.805406 0.125215 -0.463488 0.733658 0.480880
0.147740 0.062701 1.806723 0.123399 -0.463318 0.735452 0.478769
0.151717 0.062047 1.808209 0.123172 -0.462399 0.739052 0.474150
0.155442 0.061185 1.809460 0.122161 -0.461703 0.741535 0.471202
0.158896 0.059871 1.810543 0.120353 -0.461285 0.742885 0.469951
0.162229 0.058257 1.811405 0.119149 -0.461312 0.743607 0.469088
0.166507 0.057399 1.811940 0.121302 -0.461891 0.745269 0.465314
0.170531 0.056694 1.812415 0.122528 -0.462206 0.746629 0.462490
0.174257 0.055606 1.812883 0.122605 -0.462473 0.747279 0.461152
0.177908 0.054057 1.813288 0.122432 -0.462983 0.747096 0.460982
0.182564 0.053154 1.813604 0.126536 -0.465298 0.746894 0.457860
0.186901 0.052490 1.814046 0.129905 -0.467655 0.746699 0.454823
0.191302 0.051216 1.814279 0.133223 -0.469802 0.745647 0.453374
0.195609 0.049172 1.814426 0.136356 -0.471949 0.743393 0.453914
0.201158 0.047338 1.813047 0.146750 -0.474701 0.737160 0.457949
0.206729 0.045575 1.811374 0.156296 -0.477916 0.731669 0.460248
0.211837 0.043288 1.809731 0.164027 -0.482112 0.726259 0.461748
0.216492 0.040425 1.808136 0.170040 -0.487231 0.720777 0.462788
0.222042 0.038038 1.805858 0.180837 -0.489388 0.713195 0.468134
0.227704 0.035687 1.803303 0.191750 -0.490690 0.705586 0.473924
0.232898 0.032789 1.800871 0.201015 -0.492950 0.697928 0.479051
0.237602 0.029316 1.798605 0.208235 -0.496471 0.690601 0.482935
0.242913 0.026576 1.796130 0.217419 -0.498185 0.682642 0.488406
0.248549 0.024313 1.793421 0.227237 -0.498988 0.675090 0.493586
0.253740 0.021575 1.790858 0.235343 -0.500952 0.668055 0.497356
0.258428 0.018252 1.788489 0.241668 -0.504210 0.661325 0.500017
0.263355 0.015129 1.786070 0.248514 -0.506820 0.654505 0.502988
0.268556 0.012325 1.783482 0.255337 -0.508978 0.648571 0.505075
0.273339 0.009077 1.781033 0.260862 -0.512137 0.642910 0.506294
0.277660 0.005292 1.778762 0.265080 -0.516364 0.637296 0.506907
0.282033 0.001531 1.776407 0.268676 -0.520805 0.632179 0.506878
0.286762 -0.001915 1.773756 0.272299 -0.524728 0.627824 0.506312
0.291129 -0.005744 1.771224 0.275182 -0.529244 0.623403 0.505514
0.294822 -0.009836 1.768834 0.277221 -0.534524 0.618796 0.504503
0.298602 -0.013429 1.766592 0.279170 -0.539613 0.615200 0.502405
0.303263 -0.016652 1.764242 0.281477 -0.544111 0.612607 0.499427
0.307389 -0.020233 1.761980 0.283050 -0.548975 0.609608 0.496878
0.310710 -0.023703 1.760088 0.283729 -0.553235 0.606678 0.495348
0.314094 -0.026600 1.758530 0.284296 -0.556498 0.604772 0.493698
0.318631 -0.028897 1.757028 0.285353 -0.558930 0.604068 0.491195
0.322460 -0.031154 1.755682 0.285809 -0.560833 0.603211 0.489813
0.325604 -0.033218 1.754545 0.285932 -0.562294 0.602351 0.489123
0.328590 -0.034897 1.753604 0.285891 -0.563316 0.602099 0.488280
0.332628 -0.036050 1.752588 0.285952 -0.563627 0.603035 0.486729
0.336112 -0.037273 1.751565 0.285796 -0.563678 0.603577 0.486088
0.338997 -0.038456 1.750661 0.285533 -0.563640 0.603854 0.485943
0.341661 -0.039421 1.749942 0.285125 -0.563507 0.604499 0.485535
0.345850 -0.039937 1.749431 0.284787 -0.563001 0.607070 0.483107
0.349477 -0.040746 1.748867 0.284217 -0.562644 0.608849 0.481616
0.352457 -0.041654 1.748340 0.283562 -0.562338 0.610059 0.480829
0.354993 -0.042478 1.747896 0.282708 -0.562100 0.611177 0.480189
0.358634 -0.042546 1.747424 0.280388 -0.561349 0.614519 0.478159
0.361989 -0.042697 1.746735 0.278607 -0.560283 0.617177 0.477026
0.364807 -0.042944 1.746057 0.277162 -0.559258 0.619203 0.476445
0.367159 -0.043206 1.745456 0.276007 -0.558374 0.620768 0.476115
0.370214 -0.042467 1.745011 0.273868 -0.556565 0.624563 0.474502
0.373193 -0.041367 1.744383 0.272764 -0.554309 0.628095 0.473115
0.375755 -0.040295 1.743766 0.272167 -0.552240 0.631038 0.471961
0.377872 -0.039367 1.743250 0.272064 -0.550862 0.633495 0.470336
0.379892 -0.038056 1.743167 0.270826 -0.550976 0.638050 0.464726
0.381978 -0.036192 1.743131 0.270343 -0.550829 0.642533 0.458970
0.383893 -0.034223 1.743039 0.270265 -0.550517 0.646347 0.454009
0.385568 -0.032389 1.742909 0.270375 -0.550130 0.649524 0.449860
0.386914 -0.030336 1.743160 0.268023 -0.550616 0.654056 0.444067
0.387292 -0.029106 1.743475 0.264118 -0.551855 0.657512 0.439746
0.387603 -0.028241 1.743649 0.260899 -0.553199 0.660276 0.435819
0.388046 -0.027234 1.743771 0.258687 -0.554204 0.662718 0.432139
0.388242 -0.025906 1.744414 0.254686 -0.555578 0.666313 0.427193
0.388122 -0.024310 1.745245 0.249032 -0.557250 0.670383 0.421950
0.388037 -0.022984 1.745789 0.244099 -0.558770 0.673798 0.417358
0.388028 -0.021886 1.746179 0.240221 -0.559992 0.676601 0.413418
0.387869 -0.020749 1.746526 0.236063 -0.561977 0.679243 0.408761
0.387289 -0.019333 1.746956 0.230466 -0.564691 0.681809 0.403913
0.386793 -0.018171 1.747321 0.224805 -0.567194 0.684495 0.399024
0.386432 -0.017217 1.747517 0.219810 -0.569399 0.686992 0.394348
0.386083 -0.016319 1.747673 0.215440 -0.571723 0.689082 0.389725
0.385346 -0.015318 1.748059 0.210047 -0.574583 0.690943 0.385138
0.384704 -0.014580 1.748402 0.204515 -0.577140 0.693002 0.380565
0.384219 -0.014029 1.748685 0.199130 -0.579459 0.695332 0.375616
0.383734 -0.013484 1.748828 0.194391 -0.581764 0.697253 0.370945
0.382562 -0.012603 1.749202 0.189007 -0.584695 0.698185 0.367350
0.381509 -0.012004 1.749560 0.183357 -0.587310 0.699325 0.363856
0.380738 -0.011608 1.749851 0.177979 -0.589613 0.700883 0.359783
0.380115 -0.011404 1.749855 0.172912 -0.592162 0.702353 0.355171
0.379316 -0.011391 1.749059 0.168895 -0.596332 0.702049 0.350698
0.378626 -0.011519 1.748437 0.164822 -0.600020 0.702024 0.346370
0.378083 -0.011742 1.747891 0.160559 -0.603230 0.702516 0.341768
0.377640 -0.011986 1.747352 0.156210 -0.606153 0.703338 0.336887
0.376835 -0.012065 1.746587 0.152221 -0.609639 0.703137 0.332818
0.376131 -0.012257 1.745908 0.148330 -0.613018 0.702890 0.328867
0.375602 -0.012604 1.745216 0.144570 -0.616425 0.702675 0.324603
0.375232 -0.012989 1.744610 0.140817 -0.619711 0.702709 0.319888
0.374787 -0.013315 1.743386 0.137426 -0.624165 0.701676 0.314932
0.374324 -0.013687 1.742236 0.133930 -0.628471 0.700664 0.310092
0.373947 -0.014097 1.741167 0.130410 -0.632617 0.699784 0.305108
0.373666 -0.014517 1.740189 0.126884 -0.636620 0.699043 0.299925
0.373324 -0.014969 1.738424 0.123970 -0.641867 0.697057 0.294531
0.372957 -0.015401 1.736693 0.121029 -0.646965 0.695052 0.289293
0.372661 -0.015839 1.735154 0.117945 -0.651698 0.693299 0.284102
0.372467 -0.016271 1.733872 0.114623 -0.655858 0.692087 0.278797
0.372233 -0.016600 1.731883 0.111555 -0.661148 0.689986 0.272688
0.371897 -0.016887 1.729529 0.107575 -0.667003 0.687777 0.265514
0.371539 -0.017116 1.727610 0.103265 -0.672129 0.685961 0.258913
0.371163 -0.017273 1.726011 0.099622 -0.676477 0.684156 0.253739
0.370912 -0.017337 1.724085 -0.057094 0.402002 -0.401567 -0.146610
0.370629 -0.017340 1.722192 -0.094872 0.686552 -0.677946 -0.245020
0.370362 -0.017328 1.720658 -0.093218 0.690770 -0.674976 -0.241981
0.370138 -0.017293 1.719411 -0.091978 0.694283 -0.672395 -0.239573
0.370039 -0.017172 1.718148 -0.091227 0.697773 -0.669582 -0.237590
0.370103 -0.016948 1.716948 -0.090873 0.701279 -0.666570 -0.235869
0.370191 -0.016729 1.716010 -0.090664 0.704269 -0.663967 -0.234376
0.370283 -0.016519 1.715272 -0.090554 0.706799 -0.661741 -0.233096
0.370202 -0.016231 1.714438 -0.090917 0.709377 -0.659074 -0.232677
0.369874 -0.015783 1.713513 -0.092073 0.711961 -0.655911 -0.233270
0.369586 -0.015388 1.712772 -0.093123 0.714017 -0.653340 -0.233783
0.369343 -0.015045 1.712163 -0.093982 0.715717 -0.651215 -0.234169
0.368905 -0.014666 1.711697 -0.095054 0.717026 -0.649045 -0.235749
0.368114 -0.013731 1.711366 -0.096719 0.717797 -0.646826 -0.238808
0.367324 -0.012721 1.710982 -0.097818 0.718360 -0.645097 -0.241330
0.366706 -0.011773 1.710632 -0.098857 0.718699 -0.643840 -0.243244
0.365942 -0.010940 1.710455 -0.100252 0.718825 -0.642443 -0.245982
0.363983 -0.009865 1.710917 -0.101722 0.718874 -0.639990 -0.251566
0.362410 -0.008402 1.711357 -0.103330 0.718914 -0.638239 -0.255219
0.361189 -0.006880 1.711742 -0.104948 0.718879 -0.637039 -0.257643
0.360013 -0.005502 1.712137 -0.106837 0.718683 -0.635884 -0.260253
0.356681 -0.004284 1.713083 -0.109154 0.717458 -0.633495 -0.268373
0.353799 -0.002573 1.713788 -0.111386 0.716039 -0.632180 -0.274280
0.351503 -0.000739 1.714338 -0.113575 0.714689 -0.631509 -0.278420
0.349609 0.000973 1.714812 -0.115601 0.713492 -0.631100 -0.281563
0.346027 0.002415 1.716134 -0.118297 0.712044 -0.628781 -0.289194
0.342807 0.004196 1.717348 -0.120686 0.710783 -0.627157 -0.294784
0.340211 0.006036 1.718378 -0.122893 0.709675 -0.626179 -0.298595
0.338096 0.007729 1.719256 -0.124766 0.708738 -0.625599 -0.301247
0.333930 0.008670 1.720332 -0.127499 0.707855 -0.622725 -0.308054
0.329727 0.009883 1.721312 -0.130418 0.706664 -0.620349 -0.314301
0.326300 0.011277 1.722131 -0.133081 0.705524 -0.618863 -0.318645
0.323494 0.012603 1.722835 -0.135322 0.704549 -0.617905 -0.321700
0.318907 0.013430 1.723855 -0.137568 0.703629 -0.615156 -0.327969
0.313945 0.014686 1.724889 -0.140463 0.702339 -0.612535 -0.334352
0.309896 0.016256 1.725770 -0.143417 0.701046 -0.610936 -0.338708
0.306580 0.017792 1.726533 -0.145977 0.699940 -0.609964 -0.341640
0.302162 0.018919 1.727377 -0.148923 0.698919 -0.607454 -0.346891
0.297136 0.020370 1.728247 -0.152857 0.697459 -0.604616 -0.353020
0.293014 0.022115 1.729006 -0.157265 0.695864 -0.602602 -0.357646
0.289632 0.023791 1.729669 -0.161001 0.694502 -0.601320 -0.360777
0.285174 0.025011 1.730637 -0.163652 0.693449 -0.598912 -0.365583
0.279430 0.026352 1.731879 -0.166074 0.692409 -0.595740 -0.371595
0.274678 0.028019 1.732969 -0.168978 0.691287 -0.593620 -0.375742
0.270779 0.029644 1.733913 -0.171558 0.690344 -0.592289 -0.378400
0.266298 0.030815 1.734908 -0.173766 0.689725 -0.589904 -0.382228
