0.284170 0.030825 1.732381 -0.207282 0.678260 -0.597838 -0.373612
0.279703 0.032347 1.733546 -0.210567 0.675975 -0.596773 -0.377599
0.275995 0.033806 1.734554 -0.213356 0.674103 -0.596220 -0.380244
0.272179 0.034803 1.735569 -0.216082 0.672422 -0.595144 -0.383355
0.266630 0.035380 1.736843 -0.218868 0.670202 -0.593165 -0.388692
0.261866 0.036416 1.737926 -0.222585 0.667622 -0.591719 -0.393201
0.257918 0.037540 1.738858 -0.225842 0.665390 -0.590952 -0.396266
0.254452 0.038484 1.739683 -0.228811 0.663637 -0.590084 -0.398788
0.249634 0.038895 1.740806 -0.232228 0.663057 -0.586587 -0.402917
0.245352 0.039549 1.741896 -0.236615 0.662246 -0.583143 -0.406679
0.241786 0.040273 1.742873 -0.241613 0.661104 -0.579879 -0.410249
0.238814 0.040928 1.743729 -0.245773 0.660125 -0.577361 -0.412898
0.234766 0.040910 1.744454 -0.250426 0.661338 -0.572180 -0.415364
0.230821 0.041059 1.745289 -0.255608 0.662506 -0.566960 -0.417502
0.227523 0.041378 1.746087 -0.261562 0.662820 -0.562104 -0.419874
0.224777 0.041719 1.746810 -0.267946 0.662406 -0.557447 -0.422701
0.221552 0.041693 1.747671 -0.273592 0.662789 -0.552338 -0.425182
0.218072 0.041660 1.748689 -0.279296 0.663560 -0.546998 -0.427169
0.215135 0.041813 1.749643 -0.285666 0.663544 -0.541980 -0.429372
0.212684 0.042018 1.750493 -0.292391 0.662812 -0.537164 -0.432020
0.210417 0.041937 1.751478 -0.299120 0.662387 -0.532208 -0.434195
0.207987 0.041304 1.752790 -0.305672 0.663429 -0.526316 -0.435221
0.205857 0.040647 1.754001 -0.312431 0.663982 -0.520325 -0.436779
0.204053 0.040052 1.755060 -0.319313 0.663777 -0.514514 -0.438992
0.202491 0.039525 1.756151 -0.326210 0.663350 -0.508832 -0.441185
0.200969 0.039056 1.757805 -0.333420 0.664768 -0.502580 -0.440825
0.199611 0.038695 1.759390 -0.341000 0.665665 -0.496381 -0.440698
0.198436 0.038429 1.760802 -0.348637 0.665620 -0.490514 -0.441359
0.197425 0.038206 1.762087 -0.356228 0.664833 -0.484940 -0.442641
0.196306 0.037492 1.764040 -0.363933 0.666100 -0.478689 -0.441270
0.195174 0.036604 1.765926 -0.371798 0.667444 -0.471898 -0.439996
0.194154 0.035774 1.767592 -0.379581 0.667864 -0.465347 -0.439690
0.193264 0.035055 1.769035 -0.387246 0.667337 -0.459157 -0.440315
0.192576 0.034290 1.770742 -0.395449 0.667884 -0.452721 -0.438855
0.191912 0.033446 1.772489 -0.403946 0.668711 -0.445902 -0.436836
0.191280 0.032670 1.774054 -0.412267 0.668625 -0.439366 -0.435815
0.190710 0.032004 1.775426 -0.420362 0.667606 -0.433219 -0.435798
0.190954 0.031571 1.777086 -0.429162 0.666409 -0.427903 -0.434302
0.191775 0.031083 1.778970 -0.438393 0.665598 -0.422573 -0.431536
0.192390 0.030459 1.780628 -0.447083 0.664249 -0.417076 -0.430044
0.192839 0.029837 1.782066 -0.455327 0.662216 -0.411675 -0.429734
0.193567 0.029292 1.783813 -0.463630 0.659927 -0.406950 -0.428876
0.194895 0.028552 1.786276 -0.472704 0.658665 -0.402319 -0.425263
0.195902 0.027585 1.788468 -0.481364 0.657214 -0.397124 -0.422669
0.196646 0.026616 1.790362 -0.489555 0.655145 -0.391890 -0.421359
0.197511 0.025764 1.792282 -0.497632 0.652340 -0.387289 -0.420502
0.199746 0.024787 1.795327 -0.506822 0.649603 -0.384163 -0.416613
0.201584 0.023392 1.798023 -0.515517 0.647196 -0.379910 -0.413579
0.202992 0.021917 1.800306 -0.523615 0.644482 -0.375222 -0.411921
0.204155 0.020565 1.802272 -0.530949 0.641598 -0.370774 -0.411061
0.207514 0.019721 1.805067 -0.540801 0.638099 -0.367303 -0.406759
0.210664 0.018291 1.807680 -0.550141 0.635173 -0.362707 -0.402918
0.213167 0.016593 1.809873 -0.558504 0.632289 -0.357586 -0.400521
0.215165 0.014928 1.811728 -0.565068 0.630076 -0.353135 -0.398745
0.218558 0.013559 1.814478 -0.573616 0.625953 -0.350103 -0.395696
0.222266 0.011537 1.817466 -0.581999 0.622315 -0.346555 -0.392300
0.225252 0.009078 1.819899 -0.588346 0.620190 -0.342637 -0.389632
0.227640 0.006632 1.821889 -0.593035 0.619009 -0.339038 -0.387543
0.231019 0.004797 1.824351 -0.599905 0.615350 -0.336282 -0.385191
0.235392 0.002962 1.827544 -0.607280 0.611289 -0.334488 -0.381649
0.238968 0.000748 1.830214 0.612799 -0.608905 0.332284 0.378549
0.241842 -0.001474 1.832417 0.616906 -0.607494 0.330097 0.376050
0.244922 -0.003262 1.834971 0.621358 -0.605030 0.328543 0.374050
0.249444 -0.004854 1.839158 0.626839 -0.601375 0.328559 0.370770
0.253216 -0.007050 1.842797 0.630981 -0.599549 0.327760 0.367393
0.256233 -0.009394 1.845803 0.634032 -0.598752 0.326534 0.364521
0.258917 -0.011580 1.848559 0.636539 -0.597954 0.325603 0.362289
0.263099 -0.013936 1.852734 0.639345 -0.595444 0.326801 0.360396
0.266833 -0.017126 1.856230 0.641567 -0.594525 0.326363 0.358357
0.269819 -0.020627 1.859003 0.643162 -0.594780 0.324840 0.356453
0.272217 -0.023985 1.861249 0.644272 -0.595543 0.323047 0.354799
0.276216 -0.026641 1.864689 0.645454 -0.594466 0.323787 0.353782
0.280129 -0.029557 1.867756 0.646440 -0.593848 0.323885 0.352929
0.283314 -0.032599 1.870191 0.647102 -0.594027 0.323119 0.352113
0.285899 -0.035457 1.872157 0.647535 -0.594567 0.322071 0.351366
0.289379 -0.037962 1.875619 0.646581 -0.594359 0.323704 0.351976
0.293313 -0.040889 1.879333 0.645507 -0.594158 0.325347 0.352768
0.296555 -0.044204 1.882258 0.644633 -0.594822 0.325473 0.353134
0.299156 -0.047472 1.884598 0.643836 -0.595939 0.324909 0.353222
0.302277 -0.050435 1.887467 0.642207 -0.596835 0.326119 0.353562
0.306367 -0.053829 1.890764 0.640106 -0.597410 0.328142 0.354526
0.309759 -0.057692 1.893220 0.638293 -0.598752 0.328369 0.355322
0.312473 -0.061502 1.895104 0.636707 -0.600458 0.327745 0.355863
0.315151 -0.064944 1.897221 0.634181 -0.602429 0.328234 0.356590
0.319088 -0.068423 1.900457 0.630207 -0.603863 0.331049 0.358602
0.322411 -0.072234 1.902914 0.626912 -0.605650 0.332163 0.360330
0.325080 -0.075938 1.904800 0.624172 -0.607602 0.332340 0.361635
0.327433 -0.079253 1.906479 0.621505 -0.609621 0.332664 0.362531
0.331518 -0.082273 1.909425 0.617297 -0.611203 0.336446 0.363565
0.335072 -0.085612 1.911753 0.613788 -0.612884 0.338669 0.364612
0.337936 -0.088889 1.913529 -0.610887 0.614676 -0.339790 -0.365421
0.340264 -0.091864 1.914939 -0.608540 0.616351 -0.340352 -0.365995
0.343963 -0.094561 1.917633 -0.603254 0.618497 -0.344087 -0.367630
0.347601 -0.097631 1.919734 -0.598421 0.620294 -0.346584 -0.370145
0.350597 -0.100720 1.921181 -0.594365 0.622071 -0.347814 -0.372538
0.353060 -0.103555 1.922267 -0.591049 0.623681 -0.348427 -0.374544
0.356578 -0.106031 1.923862 -0.586211 0.625905 -0.351409 -0.375648
0.360522 -0.108898 1.925187 -0.581315 0.627977 -0.354052 -0.377312
0.363760 -0.111921 1.925946 -0.577173 0.630006 -0.355286 -0.379125
0.366407 -0.114761 1.926436 -0.573769 0.631847 -0.355829 -0.380715
0.369591 -0.117125 1.927373 -0.569534 0.633698 -0.358079 -0.381887
0.373902 -0.119304 1.928508 -0.564752 0.634699 -0.361651 -0.383953
0.377590 -0.121491 1.929049 -0.560769 0.635472 -0.363898 -0.386384
0.380680 -0.123489 1.929321 -0.557548 0.636095 -0.365393 -0.388601
0.383772 -0.125204 1.929693 -0.554278 0.636936 -0.367383 -0.390024
0.388207 -0.127415 1.930291 -0.550032 0.638188 -0.370554 -0.390986
0.391852 -0.130285 1.930293 -0.546233 0.639719 -0.371853 -0.392574
0.394774 -0.133250 1.930063 -0.542994 0.641318 -0.372171 -0.394156
0.397249 -0.136001 1.929838 -0.540040 0.642966 -0.372364 -0.395344
0.401352 -0.138739 1.929922 -0.535277 0.645067 -0.375352 -0.395572
0.404983 -0.141883 1.929342 -0.531036 0.646832 -0.376743 -0.397082
0.407959 -0.144976 1.928524 -0.527435 0.648407 -0.377170 -0.398902
0.410407 -0.147779 1.927720 -0.524470 0.649759 -0.377197 -0.400583
0.413838 -0.150593 1.927586 -0.520343 0.651314 -0.379944 -0.400843
0.417009 -0.153920 1.927389 -0.516792 0.652684 -0.382674 -0.400612
0.419217 -0.157061 1.927734 -0.514523 0.653974 -0.386396 -0.397847
0.420720 -0.159885 1.928323 -0.512696 0.655432 -0.389452 -0.394816
0.422671 -0.162591 1.928821 -0.510808 0.657458 -0.393244 -0.390107
0.424013 -0.165914 1.928742 -0.508461 0.661221 -0.394377 -0.385645
0.424838 -0.169596 1.928673 -0.506246 0.664740 -0.394302 -0.382572
0.425672 -0.173125 1.928781 -0.504290 0.667677 -0.394759 -0.379557
0.426476 -0.176589 1.928944 -0.502554 0.670338 -0.395067 -0.376841
0.427829 -0.181023 1.929313 -0.500485 0.672863 -0.396527 -0.373545
0.428331 -0.185887 1.929441 -0.498171 0.676186 -0.395961 -0.371231
0.428381 -0.190798 1.929440 -0.495762 0.679786 -0.394480 -0.369454
0.428470 -0.195501 1.929373 -0.493818 0.683003 -0.392911 -0.367792
0.428961 -0.201270 1.929109 -0.492539 0.685980 -0.391083 -0.365908
0.428893 -0.207914 1.928829 -0.490368 0.689747 -0.388525 -0.364468
0.428408 -0.214595 1.928480 -0.487852 0.693825 -0.385417 -0.363404
0.427775 -0.220822 1.928138 -0.485338 0.697704 -0.382288 -0.362647
0.427414 -0.227422 1.927727 -0.482911 0.701666 -0.378748 -0.361956
0.426773 -0.234564 1.927423 -0.479769 0.705937 -0.375141 -0.361584
0.425926 -0.241409 1.927142 -0.476542 0.710040 -0.371582 -0.361494
0.425029 -0.247543 1.926904 -0.473522 0.713691 -0.368245 -0.361686
0.424321 -0.253844 1.926693 -0.470966 0.716619 -0.364849 -0.362676
0.423224 -0.261238 1.926564 -0.467520 0.720015 -0.361263 -0.363996
0.421870 -0.268731 1.926459 -0.463684 0.723520 -0.357814 -0.365356
0.420496 -0.275549 1.926363 -0.460042 0.726701 -0.354628 -0.366750
0.419308 -0.281941 1.926261 -0.456751 0.729478 -0.351266 -0.368582
0.417995 -0.289000 1.926298 -0.452885 0.732429 -0.347658 -0.370914
0.416552 -0.295786 1.926382 -0.448958 0.735245 -0.344283 -0.373256
0.415247 -0.301756 1.926490 -0.445465 0.737534 -0.341457 -0.375514
0.414015 -0.307115 1.926567 -0.441887 0.740007 -0.338595 -0.377465
0.412606 -0.313351 1.926786 -0.437029 0.743260 -0.335341 -0.379626
0.411136 -0.319370 1.927030 -0.432342 0.746127 -0.332283 -0.382051
0.409737 -0.324653 1.927200 -0.428197 0.748596 -0.329360 -0.384414
0.408520 -0.329218 1.927316 -0.424569 0.750746 -0.326687 -0.386521
0.407249 -0.334597 1.927492 -0.420101 0.753542 -0.323663 -0.388500
0.405940 -0.339977 1.927765 -0.415738 0.755856 -0.321036 -0.390870
0.404663 -0.344714 1.927936 -0.411862 0.757896 -0.318388 -0.393184
0.403544 -0.348726 1.928047 -0.408597 0.759554 -0.315998 -0.395314
0.402345 -0.353276 1.928121 -0.404614 0.761856 -0.312754 -0.397553
0.400993 -0.358121 1.928300 -0.400449 0.763941 -0.309649 -0.400190
0.399750 -0.362451 1.928442 -0.396768 0.765604 -0.306918 -0.402774
0.398612 -0.366125 1.928477 -0.393589 0.767070 -0.304255 -0.405118
0.397408 -0.369987 1.928596 -0.390113 0.768710 -0.300952 -0.407830
0.395945 -0.374420 1.928913 -0.386133 0.770374 -0.297500 -0.410998
0.394596 -0.378474 1.929210 -0.382579 0.771616 -0.294565 -0.414094
0.393370 -0.381922 1.929353 -0.379477 0.772747 -0.291730 -0.416836
0.392209 -0.385038 1.929575 -0.376177 0.773996 -0.289069 -0.419356
0.391001 -0.388194 1.929969 -0.372356 0.775380 -0.286328 -0.422083
0.389918 -0.390979 1.930248 -0.369045 0.776485 -0.283775 -0.424676
0.388984 -0.393335 1.930432 -0.366272 0.777395 -0.281502 -0.426917
0.388102 -0.395447 1.930717 -0.363630 0.778117 -0.279734 -0.429018
0.386978 -0.397956 1.931387 -0.360225 0.778651 -0.278534 -0.431694
0.385915 -0.400305 1.931878 -0.357178 0.779091 -0.277225 -0.434267
0.385004 -0.402347 1.932229 -0.354660 0.779411 -0.276029 -0.436512
0.384222 -0.404062 1.932472 -0.352460 0.779782 -0.275031 -0.438257
0.383499 -0.405684 1.932381 -0.349804 0.780561 -0.274801 -0.439144
0.382891 -0.407124 1.932078 -0.347553 0.781228 -0.274416 -0.439983
0.382308 -0.408384 1.931676 -0.345623 0.781874 -0.273756 -0.440766
0.381815 -0.409469 1.931300 -0.344064 0.782356 -0.273121 -0.441525
0.381308 -0.410381 1.931089 -0.343110 0.782258 -0.272696 -0.442701
0.380804 -0.411151 1.930905 -0.342322 0.782190 -0.272241 -0.443711
0.380406 -0.411794 1.930763 -0.341714 0.782080 -0.271899 -0.444581
0.380049 -0.412317 1.930581 -0.341166 0.782079 -0.271475 -0.445264
0.379561 -0.412600 1.930190 -0.341157 0.781707 -0.270991 -0.446217
0.379215 -0.412540 1.929660 -0.341472 0.781138 -0.270664 -0.447170
0.379150 -0.412320 1.928895 -0.341761 0.780401 -0.270075 -0.448592
0.379201 -0.412054 1.928235 -0.342194 0.779742 -0.269740 -0.449606
0.378932 -0.411619 1.927108 -0.343849 0.778900 -0.268980 -0.450258
0.378342 -0.410665 1.925706 -0.346683 0.777995 -0.268399 -0.449995
0.378079 -0.409545 1.924673 -0.349230 0.777108 -0.268354 -0.449585
0.377984 -0.408438 1.923859 -0.351423 0.776295 -0.268520 -0.449183
0.377292 -0.407337 1.922915 -0.353623 0.775725 -0.268119 -0.448680
0.374906 -0.405442 1.921745 -0.356430 0.775494 -0.267515 -0.447217
0.373069 -0.403376 1.921206 -0.358999 0.775300 -0.267868 -0.445284
0.371620 -0.401442 1.920937 -0.361200 0.775122 -0.268537 -0.443406
0.370301 -0.399718 1.920698 -0.363279 0.774897 -0.269020 -0.441803
0.367017 -0.397220 1.919595 -0.367673 0.774247 -0.267817 -0.440036
0.364344 -0.394336 1.918978 -0.371731 0.773700 -0.267690 -0.437661
0.362316 -0.391580 1.918671 -0.375258 0.773122 -0.268192 -0.435358
0.360679 -0.389136 1.918453 -0.378203 0.772599 -0.268803 -0.433357
0.356952 -0.386380 1.918830 -0.380731 0.771330 -0.269520 -0.432959
0.352780 -0.383226 1.919410 -0.383161 0.770616 -0.270961 -0.431183
0.349206 -0.379918 1.919833 -0.385670 0.770281 -0.272343 -0.428668
0.346462 -0.376620 1.920302 -0.388135 0.769867 -0.273982 -0.426135
0.342725 -0.373341 1.921047 -0.389726 0.769031 -0.275241 -0.425378
0.337809 -0.369896 1.921970 -0.390595 0.768525 -0.276476 -0.424694
0.333059 -0.366590 1.922382 -0.391644 0.768652 -0.277438 -0.422867
