0.241968 -0.316552 1.966315 -0.178906 0.772665 -0.394250 -0.464273
0.236826 -0.310288 1.967312 -0.172494 0.771334 -0.397357 -0.466258
0.232632 -0.304114 1.967971 -0.167966 0.769880 -0.400487 -0.467635
0.229540 -0.298149 1.968483 -0.165299 0.768430 -0.403875 -0.468056
0.227326 -0.292389 1.968897 -0.164145 0.767041 -0.407441 -0.467650
0.223602 -0.285992 1.969713 -0.158937 0.765370 -0.411154 -0.468935
0.219400 -0.279194 1.970488 -0.153070 0.763417 -0.414835 -0.470825
0.216285 -0.272635 1.971143 -0.149347 0.761477 -0.418895 -0.471567
0.214010 -0.266365 1.971701 -0.147351 0.759661 -0.423142 -0.471332
0.211569 -0.260005 1.972425 -0.144232 0.757830 -0.427443 -0.471364
0.207354 -0.252570 1.973438 -0.136661 0.755342 -0.431096 -0.474277
0.204248 -0.245312 1.974280 -0.131531 0.752674 -0.435367 -0.476064
0.201993 -0.238395 1.975017 -0.128427 0.750135 -0.439998 -0.476661
0.200345 -0.231853 1.975652 -0.126933 0.747841 -0.444746 -0.476259
0.196654 -0.224333 1.976846 -0.118895 0.745072 -0.449475 -0.478229
0.193398 -0.216780 1.977850 -0.112424 0.742090 -0.454318 -0.479853
0.190959 -0.209602 1.978726 -0.108234 0.739259 -0.459502 -0.480250
0.189090 -0.202854 1.979480 -0.105862 0.736731 -0.464750 -0.479612
0.186517 -0.195829 1.980337 -0.100730 0.734490 -0.469296 -0.479728
0.183332 -0.188284 1.981087 -0.093567 0.732165 -0.472892 -0.481199
0.180920 -0.181114 1.981731 -0.088770 0.729766 -0.477073 -0.481625
0.179038 -0.174384 1.982294 -0.085911 0.727553 -0.481553 -0.481034
0.177341 -0.167936 1.982863 -0.083550 0.725566 -0.486215 -0.479758
0.174666 -0.160625 1.983715 -0.076578 0.723532 -0.490448 -0.479684
0.172595 -0.153526 1.984458 -0.071855 0.721359 -0.495145 -0.478862
0.170961 -0.146816 1.985123 -0.069109 0.719288 -0.500111 -0.477220
0.169609 -0.140516 1.985702 -0.067942 0.717426 -0.505116 -0.474912
0.167840 -0.133690 1.986028 -0.064476 0.715924 -0.508421 -0.474135
0.166510 -0.126586 1.986117 -0.061344 0.713848 -0.511682 -0.474171
0.165595 -0.119788 1.986196 -0.059879 0.711535 -0.515626 -0.473564
0.164842 -0.113376 1.986275 -0.059749 0.709348 -0.519878 -0.472210
0.164062 -0.107046 1.986292 -0.059574 0.707651 -0.523619 -0.470642
0.163567 -0.100240 1.986119 -0.058568 0.706276 -0.526476 -0.469645
0.163323 -0.093671 1.985972 -0.058861 0.704553 -0.530043 -0.468181
0.163077 -0.087436 1.985857 -0.060187 0.702812 -0.533965 -0.466171
0.162748 -0.081530 1.985772 -0.062326 0.701182 -0.538002 -0.463695
0.162376 -0.074997 1.985739 -0.064334 0.700352 -0.539652 -0.462758
0.162196 -0.068553 1.985754 -0.067085 0.699339 -0.542054 -0.461088
0.161935 -0.062396 1.985793 -0.070444 0.698165 -0.545040 -0.458840
0.161532 -0.056548 1.985842 -0.074261 0.696948 -0.548365 -0.456121
0.161235 -0.050676 1.985462 -0.079045 0.696667 -0.550068 -0.453686
0.161389 -0.044545 1.984775 -0.084397 0.696526 -0.551408 -0.451307
0.161466 -0.038569 1.984188 -0.089876 0.695783 -0.553601 -0.448702
0.161322 -0.032834 1.983700 -0.095415 0.694760 -0.556292 -0.445808
0.161090 -0.027305 1.983114 -0.101974 0.693885 -0.558488 -0.442962
0.161760 -0.021287 1.981877 -0.111629 0.693687 -0.558950 -0.440354
0.162367 -0.015125 1.980817 -0.120711 0.692550 -0.560728 -0.437479
0.162625 -0.009102 1.979928 -0.129172 0.690953 -0.563208 -0.434389
0.162500 -0.003315 1.979186 -0.137092 0.689165 -0.566073 -0.431066
0.162625 0.002973 1.978255 -0.146982 0.688009 -0.566998 -0.428431
0.162855 0.009666 1.977454 -0.156876 0.686395 -0.568797 -0.425115
0.162695 0.016225 1.976808 -0.166048 0.684304 -0.571396 -0.421500
0.162122 0.022508 1.976279 -0.174552 0.682012 -0.574402 -0.417676
0.161601 0.028728 1.975543 -0.184351 0.680057 -0.576316 -0.414001
0.161710 0.035470 1.974570 -0.195980 0.678248 -0.577625 -0.409780
0.161418 0.042107 1.973775 -0.206595 0.675866 -0.579804 -0.405402
0.160654 0.048462 1.973118 -0.216245 0.673221 -0.582428 -0.400986
0.159495 0.054504 1.972534 -0.225389 0.670489 -0.585074 -0.396650
0.158645 0.060870 1.971478 -0.237436 0.668261 -0.585577 -0.392621
0.157510 0.067248 1.970607 -0.248488 0.665582 -0.587027 -0.388140
0.155959 0.073382 1.969899 -0.258472 0.662617 -0.589060 -0.383585
0.154111 0.079174 1.969407 -0.267369 0.659545 -0.591513 -0.378981
0.152848 0.084943 1.968787 -0.278174 0.656686 -0.592383 -0.374786
0.152176 0.090724 1.968189 -0.288961 0.653872 -0.593098 -0.370388
0.151507 0.095879 1.967719 -0.297877 0.651056 -0.594138 -0.366600
0.150860 0.100319 1.967331 -0.305159 0.648459 -0.595201 -0.363475
0.150519 0.104329 1.966871 -0.312482 0.646036 -0.595421 -0.361201
0.151309 0.109190 1.966184 -0.322215 0.643295 -0.594724 -0.358682
0.152045 0.113822 1.965603 -0.330287 0.640314 -0.594880 -0.356406
0.152615 0.117937 1.965105 -0.336822 0.637476 -0.595363 -0.354568
0.153054 0.121490 1.964680 -0.342099 0.634933 -0.595939 -0.353107
0.155070 0.125522 1.963505 -0.352077 0.632289 -0.593614 -0.351957
0.157488 0.129318 1.962333 -0.360957 0.629737 -0.591625 -0.350886
0.159630 0.132493 1.961281 -0.367987 0.627441 -0.590030 -0.350384
0.161477 0.135126 1.960365 -0.373575 0.625456 -0.588722 -0.350217
0.163974 0.138202 1.959574 -0.381013 0.623178 -0.586298 -0.350333
0.167778 0.142071 1.959124 -0.390604 0.620478 -0.583438 -0.349339
0.171122 0.145220 1.958793 -0.398407 0.618206 -0.581003 -0.348609
0.173959 0.147765 1.958531 -0.404663 0.616333 -0.578923 -0.348179
0.176583 0.150006 1.958213 -0.410732 0.614499 -0.576624 -0.348129
0.181415 0.153653 1.957281 -0.422371 0.611408 -0.571698 -0.347771
0.186109 0.157280 1.956596 -0.431847 0.608387 -0.567903 -0.347649
0.190184 0.160486 1.955997 -0.439440 0.605573 -0.564999 -0.347779
0.193631 0.163229 1.955473 -0.445526 0.603082 -0.562729 -0.348045
0.198296 0.166541 1.954315 -0.456376 0.599058 -0.557763 -0.348928
0.203775 0.169924 1.953244 -0.467313 0.594955 -0.552512 -0.349823
0.208664 0.172987 1.952546 -0.476061 0.591443 -0.548157 -0.350834
0.212830 0.175686 1.952020 -0.483173 0.588345 -0.544726 -0.351664
0.217003 0.178363 1.951226 -0.491318 0.584910 -0.540668 -0.352371
0.222824 0.181467 1.949855 -0.502084 0.580829 -0.534902 -0.352746
0.228383 0.184075 1.948845 -0.510732 0.577393 -0.529798 -0.353671
0.233236 0.186566 1.948235 -0.517650 0.574447 -0.525648 -0.354603
0.237324 0.189296 1.947966 -0.523347 0.571591 -0.522672 -0.355255
0.242437 0.192133 1.947036 -0.532048 0.568333 -0.517342 -0.355359
0.247725 0.194109 1.946334 -0.539155 0.566109 -0.511966 -0.355980
0.252512 0.195712 1.946023 -0.544779 0.564479 -0.507228 -0.356790
0.256622 0.197465 1.946053 -0.549324 0.562954 -0.503556 -0.357431
0.260917 0.199651 1.945876 -0.554928 0.560977 -0.499583 -0.357458
0.265993 0.201218 1.945452 0.560494 -0.559616 0.494691 0.357711
0.270724 0.202339 1.945245 0.564667 -0.558823 0.490255 0.358494
0.274873 0.203595 1.945294 0.567949 -0.558039 0.486764 0.359288
0.278552 0.205343 1.945460 0.571127 -0.556929 0.483995 0.359710
0.283264 0.206850 1.945152 0.575274 -0.556441 0.479742 0.359557
0.288010 0.207576 1.944930 0.578095 -0.556643 0.475544 0.360296
0.292336 0.208222 1.944893 0.580112 -0.556903 0.471992 0.361321
0.296079 0.209236 1.945081 0.581701 -0.556816 0.469442 0.362220
0.300397 0.210711 1.944772 0.584645 -0.556920 0.466371 0.361289
0.305062 0.211596 1.944372 0.587027 -0.557575 0.463014 0.360733
0.309337 0.212332 1.944165 0.588655 -0.558204 0.460149 0.360772
0.313048 0.213385 1.944191 0.589906 -0.558426 0.458146 0.360933
0.316823 0.215152 1.943894 0.592602 -0.557752 0.456210 0.360011
0.321557 0.216955 1.942767 0.596656 -0.556867 0.453349 0.358296
0.325950 0.218518 1.941778 0.599574 -0.556120 0.450947 0.357614
0.329786 0.220278 1.941039 0.601833 -0.555157 0.449332 0.357350
0.333053 0.222510 1.940547 0.603894 -0.553700 0.448573 0.357085
0.337479 0.224950 1.939744 0.607886 -0.551419 0.447322 0.355407
0.341912 0.226603 1.939064 0.610719 -0.549874 0.445935 0.354688
0.345905 0.228067 1.938598 0.612782 -0.548598 0.444811 0.354517
0.349325 0.229766 1.938371 0.614432 -0.547192 0.444291 0.354486
0.353072 0.231978 1.937750 0.617648 -0.545160 0.443262 0.353315
0.357326 0.233702 1.936812 0.620814 -0.543522 0.441637 0.352322
0.361240 0.235160 1.936029 0.623077 -0.542181 0.440283 0.352089
0.364633 0.236803 1.935471 0.624844 -0.540733 0.439534 0.352119
0.367799 0.238987 1.934931 0.627211 -0.538537 0.439179 0.351718
0.372235 0.241152 1.933728 0.630940 -0.535574 0.438396 0.350551
0.376597 0.242733 1.932422 0.633404 -0.533259 0.437585 0.350647
0.380525 0.244281 1.931217 0.635162 -0.531143 0.437094 0.351291
0.383880 0.245897 1.930134 0.636556 -0.529015 0.437073 0.352004
0.387798 0.247775 1.928818 0.638721 -0.527065 0.436683 0.351491
0.391104 0.248220 1.928188 0.639548 -0.526702 0.434874 0.352772
0.394155 0.247904 1.928208 0.639680 -0.527113 0.433055 0.354153
0.396896 0.247575 1.928432 0.639865 -0.527523 0.431724 0.354831
0.399665 0.247390 1.928618 0.640518 -0.527738 0.430291 0.355078
0.403464 0.247196 1.928441 0.641823 -0.527461 0.429080 0.354596
0.407355 0.247120 1.927572 0.643110 -0.526836 0.428169 0.354294
0.410957 0.247246 1.926333 0.644034 -0.525813 0.427791 0.354592
0.413815 0.247027 1.925281 0.644322 -0.525683 0.426865 0.355377
0.417032 0.247483 1.923902 0.645543 -0.525431 0.425891 0.354701
0.419829 0.247645 1.922708 0.646138 -0.525275 0.425162 0.354724
0.422332 0.247567 1.921734 0.646571 -0.525251 0.424510 0.354751
0.424592 0.247680 1.920672 0.647019 -0.524911 0.424165 0.354852
0.426713 0.247939 1.919639 0.648086 -0.524389 0.423354 0.354644
0.428844 0.247901 1.918829 0.648995 -0.523953 0.422686 0.354423
0.430888 0.247778 1.918039 0.649633 -0.523488 0.422331 0.354365
0.432673 0.247583 1.917253 0.649976 -0.523186 0.421978 0.354601
0.434423 0.247420 1.916327 0.650827 -0.522646 0.421388 0.354539
0.436425 0.247241 1.914885 0.652811 -0.521505 0.419994 0.354226
0.438276 0.246860 1.913580 0.654168 -0.520708 0.418819 0.354286
0.439945 0.246485 1.912306 0.655134 -0.520089 0.417833 0.354573
0.441405 0.246115 1.911173 0.655824 -0.519614 0.417035 0.354934
0.442922 0.246129 1.909711 0.659314 -0.517311 0.415683 0.353416
0.443965 0.246217 1.908685 0.662340 -0.515393 0.414516 0.351926
0.444718 0.246297 1.907911 0.664731 -0.513966 0.413539 0.350653
0.445296 0.246343 1.907307 0.666570 -0.512893 0.412771 0.349635
0.446024 0.246223 1.906108 0.670723 -0.510356 0.410947 0.347550
0.446662 0.246062 1.904620 0.675812 -0.507088 0.408705 0.345110
0.447000 0.245790 1.903301 0.679869 -0.504903 0.406304 0.343176
0.447238 0.245388 1.902225 0.682975 -0.503430 0.404185 0.341671
0.447685 0.245351 1.900824 0.686973 -0.501307 0.402170 0.339145
0.447748 0.245667 1.897915 0.695525 -0.495642 0.397537 0.335482
0.447607 0.245369 1.895456 0.701970 -0.491460 0.393566 0.332882
0.447469 0.244831 1.893361 0.706926 -0.488349 0.390497 0.330581
0.447285 0.244104 1.891681 0.710682 -0.486197 0.387860 0.328799
0.447120 0.243767 1.889108 0.718292 -0.480735 0.382883 0.326113
0.446824 0.243434 1.886093 0.726417 -0.474711 0.377070 0.323707
0.446557 0.243246 1.883291 0.733304 -0.469747 0.372504 0.320691
0.446112 0.242871 1.880901 0.738680 -0.466051 0.368810 0.318005
0.445340 0.242554 1.878574 0.744396 -0.462021 0.364711 0.315271
0.443748 0.242531 1.875652 0.751916 -0.455986 0.358390 0.313459
0.442377 0.242842 1.872831 0.759209 -0.449638 0.353053 0.311096
0.440916 0.242904 1.870383 0.765094 -0.444884 0.348432 0.308712
0.439489 0.242716 1.868364 0.769831 -0.441059 0.344740 0.306565
0.437357 0.243194 1.866028 0.776841 -0.434456 0.339819 0.303791
0.435178 0.243757 1.863460 0.784247 -0.427514 0.334170 0.300862
0.433020 0.244237 1.861225 0.790739 -0.420984 0.329297 0.298441
0.430905 0.244361 1.859333 0.795889 -0.415961 0.325132 0.296355
0.428701 0.244902 1.857184 0.801807 -0.410353 0.321044 0.292654
0.426162 0.245608 1.854789 0.808932 -0.403004 0.315795 0.288944
0.423620 0.246257 1.852641 0.815079 -0.396251 0.311227 0.285954
0.421190 0.246518 1.850819 0.819917 -0.391034 0.307419 0.283412
0.418913 0.246789 1.849034 0.824448 -0.386270 0.304199 0.280256
0.416141 0.247514 1.846553 0.830800 -0.378882 0.299605 0.276507
0.413385 0.247969 1.844160 0.836106 -0.371951 0.295395 0.274446
0.410842 0.248095 1.842044 0.840131 -0.366719 0.292164 0.272648
0.408502 0.247934 1.840262 0.843278 -0.362746 0.289644 0.270932
0.405762 0.248226 1.838291 0.847801 -0.356746 0.286428 0.268187
0.402728 0.248176 1.836349 0.851736 -0.351449 0.282739 0.266622
0.399955 0.247968 1.834574 0.854753 -0.347481 0.279909 0.265151
0.397423 0.247454 1.833093 0.857095 -0.344754 0.277629 0.263543
0.395017 0.247329 1.831475 0.860487 -0.340272 0.275431 0.260606
0.392061 0.247248 1.829249 0.864835 -0.333914 0.271605 0.258441
0.389371 0.247018 1.827044 0.868115 -0.329036 0.268610 0.256826
0.386910 0.246543 1.825111 0.870582 -0.325565 0.266354 0.255245
0.384647 0.245895 1.823502 0.872696 -0.322804 0.264610 0.253340
0.381809 0.245562 1.821694 0.876192 -0.317143 0.261863 0.251268
0.379009 0.244882 1.819824 0.878912 -0.312832 0.259032 0.250105
0.376498 0.244037 1.818067 0.880947 -0.309752 0.256824 0.249053
0.374184 0.243054 1.816683 0.882629 -0.307535 0.254993 0.247725
0.372300 0.242293 1.816246 0.885580 -0.302923 0.253081 0.244818
0.370023 0.241229 1.816912 0.889009 -0.297685 0.250415 0.241534
0.367575 0.239854 1.817996 0.892170 -0.293873 0.247463 0.237557
0.365176 0.238437 1.819147 0.894839 -0.291107 0.245058 0.233380
0.362875 0.236822 1.820029 0.897129 -0.288870 0.243064 0.229417
0.360308 0.235143 1.820381 0.899256 -0.285663 0.241191 0.227072
0.357883 0.233391 1.820795 0.901016 -0.283264 0.239522 0.224857
0.355691 0.231451 1.821253 0.902439 -0.281867 0.238122 0.222382
0.353749 0.229194 1.821797 0.903531 -0.281340 0.236963 0.219838
0.351581 0.227028 1.822175 0.905369 -0.278320 0.235374 0.217815
0.349286 0.225175 1.822501 0.906947 -0.275587 0.234105 0.216087
0.347076 0.223441 1.822903 0.908270 -0.273460 0.233212 0.214192
0.344990 0.221725 1.823335 0.909367 -0.271976 0.232581 0.212098
0.343125 0.220527 1.823362 0.911603 -0.268222 0.231593 0.208327
0.341148 0.219314 1.823397 0.914353 -0.262567 0.230402 0.204773
0.339299 0.217891 1.823570 0.916490 -0.258311 0.229628 0.201475
0.337550 0.216375 1.823753 0.918193 -0.255131 0.229070 0.198385
0.336052 0.215070 1.823780 0.920086 -0.251837 0.228539 0.194398
0.334905 0.214608 1.823722 0.924049 -0.242917 0.227809 0.187692
0.333733 0.213591 1.823921 0.927002 -0.236042 0.227551 0.182132
0.332550 0.212355 1.824168 0.929282 -0.230834 0.227479 0.177212
0.331362 0.210959 1.824427 0.931032 -0.226994 0.227526 0.172870
0.330362 0.210871 1.824474 0.935054 -0.216920 0.226974 0.164625
0.329167 0.210532 1.824710 0.939227 -0.205259 0.226184 0.156724
0.327902 0.209662 1.825203 0.942491 -0.195449 0.225772 0.150121
0.326643 0.208463 1.825690 0.944953 -0.187898 0.225597 0.144442
0.325482 0.207670 1.826143 0.947620 -0.179567 0.225462 0.137612
0.324418 0.207479 1.826562 0.951218 -0.167435 0.225167 0.128255
0.323424 0.207165 1.827113 0.954487 -0.155155 0.225212 0.119000
0.322443 0.206601 1.827712 0.957269 -0.143492 0.225466 0.110506
0.321477 0.205559 1.828356 0.959290 -0.134310 0.226000 0.103188
0.320300 0.205069 1.829267 0.961697 -0.122544 0.226474 0.093973
0.319045 0.204369 1.830386 0.963859 -0.110444 0.227200 0.084602
0.317897 0.203500 1.831547 0.965696 -0.098433 0.228238 0.075173
0.316890 0.202520 1.832630 0.967233 -0.086581 0.229470 0.065643
0.315681 0.201302 1.833870 0.968473 -0.074873 0.230789 0.056469
0.314137 0.199948 1.835369 0.969511 -0.062909 0.232146 0.046880
0.312707 0.198386 1.836847 0.970253 -0.051123 0.233713 0.037059
0.311486 0.196603 1.838248 0.970671 -0.039617 0.235564 0.027138
0.310390 0.194568 1.839670 0.970761 -0.028350 0.237738 0.017289
0.309027 0.192201 1.841466 0.970557 -0.017152 0.240146 0.007364
0.307742 0.189582 1.843234 0.970053 -0.006170 0.242796 -0.002818
0.306695 0.186696 1.844862 0.969237 0.004443 0.245745 -0.013020
0.305897 0.183543 1.846355 0.968108 0.014671 0.249027 -0.023160
0.304992 0.180070 1.848155 0.966697 0.024679 0.252551 -0.033250
0.303992 0.176378 1.849993 0.965037 0.034538 0.256139 -0.043619
0.303209 0.172532 1.851559 0.963122 0.044054 0.259884 -0.053995
0.302633 0.168573 1.852882 0.960933 0.053319 0.263903 -0.064187
0.302002 0.164563 1.854290 0.958435 0.062611 0.268307 -0.074109
0.300587 0.160828 1.856005 0.955699 0.072640 0.272429 -0.084526
0.299174 0.157406 1.857395 0.952704 0.083353 0.276429 -0.094836
0.298044 0.153910 1.858445 0.949597 0.093803 0.280605 -0.103575
0.296810 0.151155 1.859488 0.946291 0.104603 0.284870 -0.111539
0.295155 0.150088 1.860964 0.942177 0.118426 0.289282 -0.120802
0.293425 0.149734 1.862226 0.938019 0.132897 0.293257 -0.128290
0.291727 0.149658 1.863298 0.933896 0.146874 0.296921 -0.134552
0.290118 0.149848 1.864252 0.929762 0.160242 0.300321 -0.140260
0.288463 0.150650 1.865475 0.925131 0.174292 0.303748 -0.146600
0.286609 0.151657 1.866825 0.920143 0.188760 0.307175 -0.152803
0.284483 0.152527 1.868113 0.915224 0.202627 0.310359 -0.158064
0.281859 0.153371 1.869385 0.910401 0.215400 0.313341 -0.163066
0.279609 0.153816 1.870394 0.906049 0.226119 0.315887 -0.167813
0.277461 0.154413 1.871624 0.901366 0.237088 0.318365 -0.173123
0.275668 0.154757 1.872473 0.897320 0.246753 0.320337 -0.176955
0.274093 0.154841 1.873077 0.893844 0.254859 0.321976 -0.180060
0.272572 0.154712 1.873552 0.890886 0.261663 0.323208 -0.182731
0.270777 0.154938 1.874095 0.887536 0.268733 0.324401 -0.186616
0.268938 0.155233 1.874529 0.884271 0.275334 0.325492 -0.190550
0.267241 0.155288 1.874846 0.881425 0.280716 0.326440 -0.194230
0.265657 0.155284 1.875152 0.878866 0.285414 0.327230 -0.197622
0.263990 0.155322 1.875530 0.876254 0.289972 0.328005 -0.201265
0.262005 0.155503 1.876031 0.873302 0.295103 0.328768 -0.205355
0.260050 0.155479 1.876387 0.870673 0.299561 0.329359 -0.209077
0.257358 0.155314 1.877020 0.867929 0.303562 0.330207 -0.213335
0.254501 0.154740 1.877589 0.865558 0.306500 0.330855 -0.217721
0.251487 0.154166 1.877890 0.863190 0.308928 0.331387 -0.222819
0.248833 0.152963 1.878010 0.861410 0.309942 0.331931 -0.227442
0.246631 0.150629 1.877991 0.860429 0.308853 0.332775 -0.231371
0.244875 0.147220 1.877824 0.860149 0.305823 0.333998 -0.234653
0.243297 0.143149 1.877780 0.859328 0.302794 0.337260 -0.236909
0.242116 0.138046 1.877338 0.858741 0.299088 0.341392 -0.237826
0.241609 0.131630 1.876303 0.858901 0.293659 0.345476 -0.238116
0.241387 0.124895 1.875080 0.859176 0.287558 0.349471 -0.238738
0.241347 0.118829 1.873804 0.858942 0.282210 0.354054 -0.239210
