0.295163 -0.350070 1.902940 -0.399393 0.759651 -0.253999 -0.445982
0.290339 -0.346887 1.903322 -0.399708 0.758645 -0.256827 -0.445792
0.286064 -0.343770 1.903051 -0.400622 0.758005 -0.258823 -0.444907
0.282740 -0.340510 1.902580 -0.402214 0.757335 -0.260502 -0.443628
0.277569 -0.336826 1.903160 -0.400791 0.756273 -0.262781 -0.445380
0.272448 -0.333160 1.903202 -0.399907 0.755481 -0.265041 -0.446179
0.267844 -0.329696 1.902534 -0.399892 0.754976 -0.266614 -0.446110
0.264151 -0.326232 1.901675 -0.400720 0.754437 -0.267890 -0.445514
0.258973 -0.322262 1.901584 -0.398477 0.754074 -0.269183 -0.447359
0.253504 -0.318087 1.901254 -0.396109 0.753714 -0.270733 -0.449128
0.249120 -0.313941 1.900696 -0.395096 0.753139 -0.272329 -0.450020
0.245847 -0.309736 1.900144 -0.395284 0.752270 -0.274187 -0.450179
0.241446 -0.305261 1.899803 -0.393190 0.751919 -0.275519 -0.451783
0.235888 -0.300766 1.899075 -0.389898 0.752059 -0.276009 -0.454099
0.231503 -0.296373 1.898290 -0.388163 0.751827 -0.276860 -0.455449
0.228215 -0.292001 1.897584 -0.387794 0.751210 -0.278229 -0.455947
0.224302 -0.287419 1.897059 -0.385485 0.751244 -0.279667 -0.456969
0.218551 -0.282489 1.896313 -0.380227 0.752316 -0.280418 -0.459145
0.214088 -0.277619 1.895607 -0.376967 0.752615 -0.281861 -0.460457
0.210756 -0.272831 1.895023 -0.375422 0.752314 -0.283928 -0.460941
0.207583 -0.267987 1.894656 -0.373609 0.752080 -0.286129 -0.461434
0.202426 -0.262678 1.894357 -0.368336 0.753114 -0.287143 -0.463353
0.198390 -0.257463 1.894080 -0.365047 0.753403 -0.288993 -0.464336
0.195384 -0.252404 1.893885 -0.363517 0.753070 -0.291515 -0.464501
0.192950 -0.247419 1.893773 -0.362781 0.752532 -0.294277 -0.464204
0.188599 -0.241443 1.893698 -0.357769 0.754134 -0.294928 -0.465082
0.185307 -0.235386 1.893754 -0.354643 0.754660 -0.296977 -0.465319
0.182951 -0.229526 1.893930 -0.353319 0.754323 -0.299998 -0.464934
0.181274 -0.223923 1.894144 -0.353425 0.753425 -0.303551 -0.464002
0.177771 -0.217775 1.893807 -0.349492 0.754394 -0.304553 -0.464749
0.174797 -0.211659 1.893342 -0.346658 0.754463 -0.306069 -0.465763
0.172617 -0.205831 1.893029 -0.345496 0.753723 -0.308532 -0.466200
0.171010 -0.200307 1.892822 -0.345702 0.752512 -0.311593 -0.465967
0.168395 -0.194167 1.892462 -0.343175 0.752984 -0.312805 -0.466260
0.166035 -0.187640 1.892168 -0.340877 0.753036 -0.314614 -0.466646
0.164365 -0.181348 1.892088 -0.340215 0.752148 -0.317643 -0.466508
0.163138 -0.175390 1.892110 -0.340872 0.750739 -0.321306 -0.465789
0.161510 -0.169233 1.891933 -0.341116 0.750193 -0.323446 -0.465007
0.159841 -0.162718 1.891690 -0.341279 0.749818 -0.325352 -0.464164
0.158638 -0.156456 1.891633 -0.342611 0.748617 -0.328372 -0.462992
0.157713 -0.150532 1.891665 -0.344881 0.746937 -0.331971 -0.461451
0.156827 -0.144607 1.891473 -0.347219 0.745577 -0.334971 -0.459727
0.156164 -0.138141 1.891031 -0.349123 0.744138 -0.337669 -0.458640
0.155781 -0.131842 1.890796 -0.351760 0.741836 -0.341370 -0.457615
0.155474 -0.125855 1.890671 -0.355048 0.739170 -0.345506 -0.456282
0.155041 -0.119961 1.890424 -0.358710 0.736699 -0.348991 -0.454759
0.154515 -0.113140 1.889804 -0.361884 0.734647 -0.351302 -0.453785
0.154238 -0.106336 1.889474 -0.365488 0.731611 -0.355053 -0.452880
0.153959 -0.099846 1.889292 -0.369535 0.728215 -0.359392 -0.451645
0.153644 -0.093642 1.889114 -0.374210 0.724722 -0.363573 -0.450066
0.154067 -0.086412 1.888682 -0.380651 0.721050 -0.366355 -0.448302
0.154594 -0.079095 1.888564 -0.387023 0.716558 -0.370623 -0.446538
0.154878 -0.072106 1.888557 -0.393285 0.711865 -0.375391 -0.444586
0.154905 -0.065541 1.888581 -0.399495 0.707182 -0.380240 -0.442397
0.155649 -0.058235 1.887813 -0.407030 0.702971 -0.382682 -0.440128
0.156661 -0.051078 1.887205 -0.414641 0.697981 -0.385741 -0.438291
0.157271 -0.044450 1.886689 -0.421912 0.693009 -0.388963 -0.436389
0.157439 -0.038260 1.886242 -0.428815 0.688179 -0.392304 -0.434309
0.157706 -0.031338 1.885465 -0.437174 0.683285 -0.394355 -0.431838
0.158204 -0.023826 1.884939 -0.445745 0.677464 -0.397664 -0.429204
0.158332 -0.016630 1.884596 -0.453843 0.671459 -0.401575 -0.426504
0.158018 -0.009880 1.884337 -0.461431 0.665609 -0.405626 -0.423690
0.157782 -0.002591 1.883691 -0.469922 0.659949 -0.408823 -0.420124
0.157987 0.005762 1.883119 -0.478954 0.653197 -0.413157 -0.416219
0.157798 0.013793 1.882759 -0.487412 0.646139 -0.418061 -0.412502
0.157096 0.021264 1.882481 -0.495246 0.639315 -0.422910 -0.408844
0.156175 0.028906 1.882109 -0.503358 0.632578 -0.427126 -0.405017
0.155619 0.038058 1.881903 -0.512190 0.624494 -0.432546 -0.400714
0.154672 0.046983 1.881887 -0.520482 0.616007 -0.438655 -0.396504
0.153200 0.055252 1.881903 -0.528151 0.607865 -0.444554 -0.392337
0.151506 0.063221 1.881691 -0.536175 0.599970 -0.449566 -0.387869
0.150297 0.072533 1.881135 -0.545846 0.591125 -0.454443 -0.382236
0.148558 0.081618 1.880797 -0.554469 0.582045 -0.460134 -0.376914
0.146496 0.089948 1.880687 -0.561888 0.573495 -0.465927 -0.371883
0.144506 0.097408 1.880637 0.568342 -0.565845 0.471021 0.367348
0.143706 0.106040 1.880409 0.575583 -0.557974 0.475117 0.362814
0.143067 0.113987 1.880231 0.581384 -0.550496 0.479481 0.359227
0.142399 0.120790 1.880020 0.585966 -0.544000 0.483352 0.356482
0.141752 0.126501 1.879785 0.589623 -0.538524 0.486581 0.354366
0.142679 0.133494 1.879547 0.594344 -0.533086 0.488704 0.351772
0.144069 0.139889 1.879284 0.598201 -0.528035 0.490764 0.349981
0.145314 0.145155 1.878927 0.601131 -0.523857 0.492358 0.348996
0.146390 0.149477 1.878547 0.603415 -0.520437 0.493566 0.348464
0.148599 0.154765 1.878315 0.606259 -0.517424 0.494351 0.346899
0.151560 0.160116 1.878120 0.608763 -0.514480 0.495185 0.345703
0.154256 0.164449 1.877793 0.610528 -0.512100 0.495717 0.345361
0.156606 0.167954 1.877430 0.611830 -0.510195 0.496023 0.345438
0.159612 0.171991 1.877048 0.614078 -0.508504 0.495412 0.344816
0.163570 0.176495 1.876817 0.616697 -0.506920 0.494304 0.344066
0.167187 0.180188 1.876562 0.618651 -0.505663 0.493229 0.343950
0.170321 0.183141 1.876292 0.620125 -0.504687 0.492226 0.344164
0.173671 0.186249 1.876200 0.621495 -0.504246 0.491347 0.343596
0.178371 0.189923 1.876385 0.622897 -0.504290 0.490324 0.342452
0.182802 0.193204 1.876565 0.623715 -0.504427 0.489230 0.342326
0.186657 0.196158 1.876724 0.624280 -0.504301 0.488521 0.342496
0.190189 0.198962 1.876825 0.624921 -0.504283 0.487737 0.342468
0.194884 0.202109 1.876998 0.625941 -0.504994 0.486047 0.341960
0.199552 0.204729 1.877186 0.626366 -0.505927 0.484204 0.342418
0.203698 0.207260 1.877406 0.626565 -0.506500 0.482810 0.343172
0.207375 0.209657 1.877536 0.627035 -0.506637 0.481725 0.343637
0.212443 0.212703 1.877514 0.629439 -0.506526 0.479651 0.342304
0.217788 0.215091 1.877772 0.630871 -0.506961 0.477664 0.341803
0.222838 0.217144 1.878078 0.631647 -0.507505 0.475875 0.342058
0.227264 0.218908 1.878316 0.632163 -0.507851 0.474465 0.342551
0.232344 0.221152 1.878356 0.634626 -0.508064 0.471474 0.341811
0.237605 0.222885 1.878778 0.636435 -0.508778 0.468612 0.341319
0.242394 0.224462 1.879312 0.637695 -0.509479 0.466133 0.341314
0.246489 0.225998 1.879851 0.638677 -0.509817 0.464368 0.341380
0.251082 0.228122 1.880046 0.641207 -0.509645 0.461851 0.340307
0.256263 0.230002 1.880350 0.643162 -0.509747 0.459556 0.339574
0.261248 0.231588 1.880674 0.644291 -0.509987 0.457613 0.339695
0.265640 0.233065 1.880939 0.645039 -0.510026 0.456188 0.340134
0.270062 0.234827 1.881132 0.646118 -0.510307 0.454635 0.339742
0.275119 0.236408 1.881629 0.647031 -0.510986 0.453066 0.339081
0.280135 0.237498 1.882241 0.647322 -0.511838 0.451705 0.339055
0.284649 0.238070 1.882706 0.647296 -0.512766 0.450387 0.339457
0.288851 0.238750 1.883288 0.647043 -0.514200 0.449165 0.339390
0.293544 0.239766 1.884452 0.646700 -0.515858 0.448489 0.338420
0.298118 0.240457 1.885665 0.646079 -0.517360 0.448009 0.337947
0.302167 0.240755 1.886669 0.645356 -0.518750 0.447502 0.337870
0.305791 0.241105 1.887727 0.644280 -0.520369 0.447263 0.337750
0.310033 0.241986 1.889447 0.642689 -0.522113 0.448132 0.336938
0.314301 0.242121 1.890971 0.640916 -0.523874 0.448799 0.336693
0.318194 0.241670 1.892161 0.639128 -0.525759 0.448923 0.336988
0.321732 0.241147 1.893191 0.637405 -0.527654 0.448898 0.337324
0.326282 0.241719 1.894714 0.635902 -0.528990 0.450259 0.336252
0.330906 0.241513 1.896032 0.634138 -0.530374 0.451425 0.335839
0.335148 0.240676 1.897003 0.632296 -0.532017 0.451873 0.336111
0.338899 0.239603 1.897769 0.630493 -0.533726 0.451966 0.336663
0.343224 0.239718 1.899327 0.627556 -0.535966 0.454023 0.335822
0.347554 0.239414 1.900686 0.624802 -0.537760 0.455992 0.335423
0.351416 0.238730 1.901708 0.622265 -0.539504 0.457296 0.335563
0.354766 0.237921 1.902511 0.620027 -0.541070 0.458205 0.335942
0.358501 0.237805 1.904086 0.617203 -0.542928 0.460246 0.335357
0.362465 0.237065 1.905855 0.614453 -0.544815 0.462107 0.334786
0.366051 0.235723 1.907388 0.611893 -0.546939 0.463078 0.334669
0.369196 0.234166 1.908719 0.609601 -0.549029 0.463547 0.334781
0.372457 0.233289 1.910372 0.606666 -0.551343 0.464938 0.334381
0.376010 0.232566 1.911985 0.603652 -0.553180 0.466908 0.334055
0.379206 0.231611 1.913198 0.600921 -0.554861 0.468308 0.334231
0.381988 0.230629 1.914138 0.598538 -0.556317 0.469345 0.334633
0.384736 0.230263 1.915274 0.596112 -0.557646 0.470647 0.334921
0.387960 0.230200 1.916698 0.593679 -0.558510 0.472604 0.335048
0.390894 0.229721 1.917827 0.591427 -0.559447 0.473985 0.335516
0.393470 0.229071 1.918737 0.589428 -0.560363 0.474965 0.336119
0.396067 0.228746 1.919626 0.587814 -0.560965 0.475955 0.336541
0.399761 0.228641 1.920688 0.586510 -0.560783 0.477652 0.336715
0.403294 0.227766 1.921423 0.584988 -0.561113 0.478570 0.337508
0.406485 0.226518 1.921947 0.583462 -0.561752 0.478938 0.338563
0.409387 0.225325 1.922321 0.582427 -0.562288 0.478783 0.339673
0.412799 0.224952 1.922375 0.583139 -0.561695 0.478048 0.340466
0.415916 0.224444 1.922219 0.583463 -0.561192 0.477486 0.341528
0.418632 0.223911 1.921963 0.583553 -0.560795 0.477019 0.342678
0.420972 0.223463 1.921677 0.583637 -0.560386 0.476625 0.343750
0.423928 0.223671 1.921073 0.586276 -0.558687 0.475489 0.343596
0.426658 0.223605 1.920506 0.588265 -0.557351 0.474583 0.343622
0.429019 0.223361 1.920004 0.589680 -0.556379 0.473784 0.343873
0.431029 0.223058 1.919584 0.590700 -0.555646 0.473126 0.344211
0.433621 0.223517 1.918447 0.595782 -0.552005 0.471648 0.343341
0.435771 0.224607 1.917288 0.600410 -0.548165 0.471107 0.342170
0.437238 0.224868 1.916449 0.603657 -0.546191 0.469656 0.341608
0.438561 0.224921 1.915841 0.606240 -0.544551 0.468494 0.341249
0.440442 0.225126 1.914419 0.612558 -0.540658 0.465840 0.339786
0.442356 0.225302 1.912811 0.619253 -0.536374 0.463072 0.338222
0.443929 0.225403 1.911497 0.624425 -0.532957 0.460942 0.337021
0.445204 0.225429 1.910424 0.628425 -0.530294 0.459228 0.336125
0.446538 0.225488 1.908306 0.635800 -0.526052 0.455603 0.333847
0.447594 0.225241 1.905027 0.645893 -0.520194 0.449100 0.332458
0.448524 0.225323 1.902350 0.653819 -0.515006 0.444674 0.330990
0.449183 0.225453 1.900118 0.659970 -0.510878 0.441218 0.329801
0.449674 0.225588 1.897656 0.666690 -0.506754 0.437553 0.327523
0.449460 0.225091 1.894149 0.676526 -0.500890 0.430550 0.325651
0.449490 0.225077 1.890988 0.686378 -0.494254 0.424445 0.323180
0.449461 0.225238 1.888205 0.695189 -0.488069 0.418970 0.320881
0.449267 0.225472 1.885611 0.702675 -0.482885 0.414225 0.318570
0.448127 0.225840 1.882087 0.711807 -0.476826 0.407864 0.315616
0.447143 0.226020 1.878574 0.720893 -0.470290 0.401405 0.313072
0.446380 0.226294 1.875243 0.729923 -0.463330 0.395443 0.310100
0.445517 0.226348 1.872362 0.737499 -0.457384 0.390309 0.307497
0.443542 0.227004 1.869054 0.745677 -0.451274 0.384153 0.304537
0.441482 0.227657 1.865516 0.754235 -0.444653 0.377154 0.301941
0.439789 0.228473 1.862381 0.762779 -0.437264 0.371261 0.298553
0.438126 0.229178 1.859712 0.770446 -0.430298 0.366131 0.295304
0.435569 0.230409 1.856867 0.778027 -0.423633 0.360894 0.291486
0.432808 0.231573 1.854007 0.786049 -0.416335 0.354997 0.287696
0.430405 0.232594 1.851316 0.794055 -0.408503 0.349346 0.283829
0.428127 0.233211 1.849027 0.800652 -0.401678 0.344574 0.280855
0.425505 0.234210 1.846542 0.807238 -0.394923 0.340140 0.276959
0.422583 0.235237 1.843680 0.814673 -0.387005 0.334511 0.273200
0.419887 0.235810 1.841122 0.820974 -0.379789 0.329521 0.270512
0.417395 0.236022 1.838939 0.825730 -0.374262 0.325709 0.268349
0.414859 0.236535 1.836825 0.830698 -0.368591 0.322335 0.264916
0.411599 0.236997 1.834761 0.836297 -0.361785 0.317681 0.262295
0.408535 0.236941 1.832980 0.840596 -0.356601 0.313631 0.260517
0.405725 0.236675 1.831461 0.843882 -0.352760 0.310495 0.258876
0.402978 0.236546 1.830018 0.847026 -0.349311 0.307929 0.256337
0.399581 0.236639 1.828420 0.850944 -0.344830 0.304565 0.253432
0.396320 0.236248 1.827004 0.854048 -0.341403 0.301277 0.251552
0.393354 0.235629 1.825766 0.856421 -0.338994 0.298620 0.249907
0.390573 0.234788 1.824806 0.858259 -0.337439 0.296349 0.248400
0.386999 0.233749 1.825073 0.860027 -0.335867 0.293750 0.247503
0.383238 0.232698 1.826166 0.862046 -0.334385 0.291004 0.245726
0.379625 0.231457 1.827458 0.863982 -0.333639 0.288294 0.243121
0.376158 0.229866 1.828814 0.865640 -0.334075 0.285614 0.239762
0.371750 0.227306 1.829595 0.864744 -0.337735 0.283548 0.240318
0.367820 0.225095 1.830308 0.863903 -0.340571 0.282398 0.240696
0.364393 0.222854 1.830902 0.863280 -0.343203 0.281319 0.240455
0.361360 0.220544 1.831493 0.862861 -0.345774 0.280299 0.239468
0.356827 0.217089 1.831840 0.859380 -0.353017 0.279401 0.242448
0.352365 0.214088 1.832273 0.856096 -0.358958 0.279409 0.245316
0.348335 0.211366 1.832694 0.853623 -0.363708 0.279368 0.246978
0.344730 0.208739 1.833069 0.851769 -0.367595 0.279219 0.247792
0.340115 0.205241 1.833467 0.847580 -0.374825 0.279147 0.251380
0.335020 0.201671 1.834095 0.842619 -0.382402 0.279620 0.256074
0.330455 0.198435 1.834626 0.838775 -0.388516 0.279905 0.259163
0.326420 0.195369 1.835029 0.835845 -0.393458 0.279990 0.261075
0.321820 0.191727 1.835611 0.831572 -0.399998 0.280074 0.264666
0.316303 0.187777 1.836553 0.825969 -0.407976 0.280415 0.269625
0.311287 0.184106 1.837413 0.821484 -0.414470 0.280636 0.273174
0.306928 0.180571 1.838162 0.817944 -0.419791 0.280909 0.275380
0.302565 0.176683 1.838974 0.813736 -0.425877 0.281439 0.277948
0.297173 0.172577 1.839901 0.808378 -0.432900 0.281816 0.282315
0.292313 0.168855 1.840691 0.804288 -0.438327 0.282154 0.285272
0.288126 0.165118 1.841259 0.801105 -0.442970 0.282179 0.287025
0.284223 0.161224 1.841796 0.798080 -0.447475 0.282147 0.288491
0.279432 0.156975 1.842401 0.794123 -0.452790 0.281945 0.291301
0.275060 0.152987 1.842881 0.791205 -0.456943 0.281659 0.293027
0.271219 0.149062 1.843241 0.789004 -0.460415 0.281313 0.293860
0.267845 0.145084 1.843509 0.787253 -0.463520 0.280932 0.294039
0.264133 0.140867 1.843912 0.785813 -0.466063 0.280183 0.294585
0.260670 0.136664 1.844408 0.784767 -0.468261 0.279692 0.294353
0.257601 0.132372 1.844816 0.783937 -0.470482 0.279228 0.293465
0.254911 0.127936 1.845084 0.783199 -0.472837 0.278677 0.292170
0.252327 0.123556 1.845080 0.784334 -0.472969 0.277159 0.290353
0.249791 0.119124 1.845204 0.785435 -0.473046 0.275936 0.288408
0.247491 0.114562 1.845235 0.786232 -0.473730 0.274786 0.286201
0.245428 0.109807 1.845142 0.786711 -0.475002 0.273611 0.283895
0.244144 0.105548 1.844253 0.790647 -0.472378 0.271427 0.279400
0.243076 0.101356 1.843337 0.794814 -0.469028 0.269678 0.274874
0.242006 0.096902 1.842459 0.797896 -0.467101 0.268080 0.270763
0.240941 0.092151 1.841587 0.800077 -0.466403 0.266549 0.267016
0.240447 0.087912 1.840064 0.805529 -0.462052 0.263758 0.260888
0.240075 0.083867 1.838562 0.812535 -0.455343 0.260873 0.253761
0.239490 0.079489 1.837278 0.817777 -0.450779 0.258557 0.247361
0.238761 0.074791 1.836021 0.821602 -0.448132 0.256451 0.241623
0.238355 0.070290 1.834320 0.826386 -0.444298 0.254018 0.234863
0.238407 0.066407 1.832163 0.833991 -0.435833 0.251243 0.226683
0.238472 0.062457 1.830110 0.841198 -0.427423 0.248702 0.218730
0.238464 0.058430 1.828112 0.847193 -0.420185 0.246730 0.211739
0.238413 0.054584 1.826178 0.852207 -0.414148 0.245389 0.204959
0.239056 0.051713 1.823859 0.858880 -0.405510 0.244262 0.195502
0.239810 0.049391 1.821657 0.865129 -0.396366 0.243507 0.187486
0.240762 0.047711 1.819629 0.870889 -0.387104 0.243037 0.180654
0.241660 0.047123 1.817695 0.876457 -0.377485 0.243192 0.173741
0.242553 0.047486 1.815736 0.882472 -0.366750 0.243567 0.165565
0.243302 0.047948 1.814109 0.888021 -0.356100 0.244128 0.158154
0.244111 0.048075 1.812626 0.892925 -0.346171 0.244362 0.152111
0.244893 0.048107 1.811225 0.897366 -0.336736 0.244553 0.146751
0.245958 0.048309 1.809688 0.902383 -0.326173 0.244223 0.140255
0.246972 0.048480 1.808491 0.906946 -0.315442 0.244581 0.134630
0.247772 0.048677 1.807428 0.911018 -0.305217 0.245101 0.129672
0.248425 0.049057 1.806464 0.914770 -0.295343 0.245601 0.125097
0.249431 0.050611 1.805658 0.919230 -0.283652 0.245745 0.119022
0.250479 0.052809 1.805356 0.923789 -0.270470 0.246147 0.113456
0.251263 0.054894 1.805220 0.927950 -0.257479 0.246576 0.108688
0.251619 0.057382 1.805053 0.931881 -0.244511 0.247333 0.103137
0.251713 0.061181 1.805216 0.936161 -0.229911 0.248343 0.095228
0.251837 0.065366 1.806004 0.940560 -0.213564 0.249180 0.087438
0.251750 0.069193 1.806897 0.944497 -0.197355 0.250130 0.080074
0.251621 0.072475 1.807802 0.947972 -0.181587 0.251104 0.072946
0.251692 0.075392 1.808823 0.951037 -0.166339 0.252012 0.065956
0.251807 0.078614 1.810190 0.953956 -0.151105 0.252372 0.058687
0.251983 0.081500 1.811397 0.956505 -0.136705 0.252644 0.050801
0.252188 0.084124 1.812531 0.958640 -0.122902 0.253203 0.042332
0.252352 0.086600 1.813656 0.960399 -0.109535 0.253979 0.033617
0.252010 0.089557 1.815023 0.962034 -0.096252 0.254269 0.023939
0.251667 0.092447 1.816305 0.963391 -0.082954 0.254568 0.013902
0.251447 0.095119 1.817490 0.964365 -0.069841 0.255161 0.003804
0.251313 0.097605 1.818604 0.964955 -0.056954 0.256084 -0.006247
0.250687 0.100052 1.819661 0.965255 -0.044875 0.256890 -0.016628
0.250183 0.102423 1.820606 0.965242 -0.032557 0.257945 -0.026709
0.249857 0.104693 1.821494 0.964885 -0.020137 0.259343 -0.036507
