0.409990 0.202087 1.669357 0.590715 -0.427158 0.625028 -0.279162
0.408330 0.203163 1.669230 0.591865 -0.425757 0.627952 -0.272218
0.406296 0.203844 1.669433 0.593660 -0.422192 0.633064 -0.261826
0.403597 0.205069 1.669067 0.595772 -0.417994 0.638438 -0.250469
0.401104 0.206471 1.668300 0.597859 -0.414194 0.642511 -0.241218
0.398956 0.207674 1.667365 0.599754 -0.410938 0.645649 -0.233586
0.396262 0.208471 1.667267 0.601952 -0.404916 0.652068 -0.220238
0.393054 0.210280 1.667324 0.604015 -0.398310 0.658033 -0.208587
0.390046 0.212599 1.667369 0.605938 -0.392142 0.662533 -0.200284
0.387392 0.214853 1.667472 0.607508 -0.386793 0.666044 -0.194193
0.383545 0.216647 1.668921 0.608580 -0.379018 0.672842 -0.182365
0.379276 0.219800 1.670559 0.609689 -0.371025 0.678428 -0.174229
0.375328 0.223324 1.672025 0.610761 -0.363741 0.682697 -0.169081
0.371762 0.226427 1.673387 0.611608 -0.357162 0.686518 -0.164513
0.367102 0.228395 1.675168 0.611384 -0.349580 0.693117 -0.153596
0.362504 0.231120 1.676511 0.612147 -0.341013 0.698676 -0.144351
0.358417 0.233930 1.677612 0.612870 -0.333427 0.703032 -0.137709
0.354636 0.236084 1.678913 0.612960 -0.326822 0.707359 -0.130810
0.350011 0.237381 1.681408 0.611391 -0.320538 0.713404 -0.120467
0.345667 0.239207 1.683718 0.610651 -0.313739 0.718409 -0.112078
0.341866 0.241067 1.685698 0.610013 -0.307938 0.722363 -0.106069
0.338238 0.242333 1.687953 0.608689 -0.302619 0.726804 -0.098361
0.334038 0.243516 1.690972 0.606497 -0.296817 0.732286 -0.088419
0.330130 0.245205 1.693611 0.605451 -0.290014 0.736858 -0.079766
0.326710 0.246916 1.695820 0.604690 -0.283939 0.740533 -0.073079
0.323036 0.248022 1.698783 0.602596 -0.278676 0.745028 -0.064428
0.318634 0.249503 1.702661 0.599884 -0.273160 0.749938 -0.055812
0.314517 0.251466 1.706090 0.598365 -0.266565 0.754037 -0.048270
0.310904 0.253406 1.708954 0.597487 -0.260001 0.757413 -0.041644
0.307138 0.254513 1.712812 0.594600 -0.254767 0.761859 -0.033394
0.303331 0.255510 1.716980 0.591521 -0.249744 0.766217 -0.025361
0.299959 0.256597 1.720517 0.589545 -0.244007 0.769799 -0.017520
0.297067 0.257612 1.723434 0.588354 -0.237986 0.772727 -0.009788
0.293756 0.258002 1.727695 0.585147 -0.233052 0.776717 -0.000946
0.290478 0.258509 1.731972 0.582349 -0.228183 0.780226 0.006999
0.287575 0.259133 1.735597 0.580524 -0.222690 0.783057 0.014887
0.285014 0.259685 1.738779 0.579032 -0.217124 0.785533 0.022744
0.281913 0.259502 1.743769 0.574914 -0.213008 0.789385 0.031192
0.278998 0.259354 1.748429 0.571531 -0.208908 0.792575 0.039159
0.276452 0.259329 1.752320 0.569163 -0.204191 0.795061 0.047295
0.274151 0.259419 1.755938 0.566821 -0.199376 0.797446 0.055158
0.271513 0.259858 1.760759 0.563218 -0.194072 0.800727 0.062910
0.269022 0.260488 1.765021 0.560456 -0.188446 0.803380 0.070413
0.266825 0.261156 1.768549 0.558439 -0.182632 0.805428 0.077957
0.264693 0.261586 1.772311 0.556044 -0.177632 0.807556 0.084352
0.262372 0.261265 1.777411 0.552844 -0.174160 0.809897 0.089995
0.260347 0.260744 1.781913 0.550423 -0.170678 0.811557 0.096327
0.258640 0.260252 1.785623 0.548466 -0.167557 0.812818 0.102159
0.257164 0.260008 1.789840 0.546055 -0.164254 0.814399 0.107699
0.255886 0.259747 1.794680 0.543442 -0.160996 0.816054 0.113173
0.254814 0.259373 1.798766 0.541521 -0.157429 0.817117 0.119545
0.253921 0.259022 1.802098 0.539894 -0.154445 0.817932 0.125096
0.253062 0.258859 1.806558 0.537419 -0.150322 0.819452 0.130704
0.252488 0.258251 1.811408 0.535392 -0.146733 0.820545 0.136132
0.252238 0.257201 1.815625 0.534180 -0.144273 0.820922 0.141155
0.252116 0.256021 1.819183 0.533146 -0.142900 0.821133 0.145181
0.251952 0.254679 1.824657 0.531174 -0.139970 0.822211 0.149101
0.251768 0.252689 1.830156 0.528853 -0.138863 0.823249 0.152617
0.251625 0.250737 1.834715 0.526720 -0.138588 0.824095 0.155646
0.251537 0.249128 1.838620 0.524832 -0.137931 0.824820 0.158740
0.251736 0.248158 1.844172 0.521877 -0.134594 0.826514 0.162489
0.251981 0.246866 1.849160 0.518921 -0.132917 0.828071 0.165383
0.252224 0.245598 1.853235 0.516351 -0.131952 0.829310 0.167973
0.252525 0.244601 1.857090 0.513889 -0.130128 0.830481 0.171130
0.253408 0.243260 1.862463 0.510222 -0.127780 0.832456 0.174249
0.254554 0.241136 1.867088 0.507142 -0.127407 0.833757 0.177269
0.255690 0.238915 1.870860 0.504636 -0.127780 0.834595 0.180183
0.256832 0.237184 1.874801 0.502010 -0.126199 0.835737 0.183310
0.258404 0.235086 1.880016 0.498620 -0.124157 0.837647 0.185231
0.260030 0.232247 1.884567 0.495895 -0.124136 0.838823 0.187226
0.261520 0.229398 1.888330 0.493704 -0.124869 0.839553 0.189249
0.263389 0.227479 1.892421 0.491414 -0.122827 0.840826 0.190887
0.266119 0.225253 1.897034 0.488734 -0.120653 0.842484 0.191842
0.268940 0.222216 1.900863 0.486725 -0.120371 0.843293 0.193560
0.271513 0.219107 1.903966 0.485225 -0.120925 0.843625 0.195528
0.274442 0.216808 1.907955 0.483325 -0.118317 0.844558 0.197787
0.277622 0.213700 1.912372 0.481294 -0.117049 0.845510 0.199424
0.280534 0.210078 1.916141 0.479820 -0.117446 0.845856 0.201266
0.283064 0.206610 1.919266 0.478709 -0.118418 0.845916 0.203080
0.286515 0.204170 1.923124 0.476999 -0.116178 0.846973 0.203991
0.290118 0.200952 1.926699 0.475675 -0.115501 0.847557 0.205034
0.293345 0.197472 1.929663 0.474824 -0.115997 0.847640 0.206384
0.296191 0.194321 1.932202 0.474086 -0.116504 0.847678 0.207632
0.300020 0.191653 1.935302 0.472076 -0.114553 0.848972 0.208013
0.304011 0.188007 1.937832 0.470804 -0.114313 0.849366 0.209415
0.307622 0.184162 1.939837 0.470102 -0.115074 0.849207 0.211213
0.311014 0.180822 1.941699 0.469467 -0.115358 0.849166 0.212631
0.315274 0.177627 1.944183 0.468452 -0.114246 0.849733 0.213200
0.319228 0.173683 1.946327 0.467979 -0.114776 0.849639 0.214327
0.322642 0.169752 1.948110 0.467806 -0.116024 0.849240 0.215610
0.326101 0.166688 1.949945 0.467479 -0.116015 0.849268 0.216212
0.330265 0.164055 1.952109 0.466948 -0.114520 0.849727 0.216354
0.333964 0.161035 1.953915 0.466782 -0.114222 0.849712 0.216928
0.337095 0.158120 1.955414 0.466789 -0.114506 0.849497 0.217603
0.340430 0.155799 1.957243 0.466264 -0.114408 0.849982 0.216884
0.344109 0.152986 1.959339 0.465579 -0.114704 0.850523 0.216081
0.347352 0.149738 1.961117 0.465268 -0.115945 0.850562 0.215934
0.350088 0.146616 1.962610 0.465131 -0.117456 0.850398 0.216058
0.353799 0.144458 1.964251 0.464488 -0.116497 0.851056 0.215369
0.358081 0.141774 1.965485 0.464296 -0.115424 0.851199 0.215791
0.361930 0.138717 1.966352 0.464537 -0.115357 0.850817 0.216811
0.365197 0.135798 1.967045 0.464887 -0.115735 0.850302 0.217880
0.369876 0.133957 1.968040 0.465300 -0.114459 0.850502 0.216890
0.374506 0.131658 1.968692 0.466100 -0.113594 0.850183 0.216879
0.378493 0.129197 1.969144 0.467000 -0.113431 0.849607 0.217284
0.381977 0.127004 1.969607 0.467715 -0.113398 0.849177 0.217446
0.386749 0.124868 1.970763 0.467684 -0.111693 0.849579 0.216822
0.391248 0.121431 1.971684 0.468083 -0.111641 0.849222 0.217389
0.395104 0.117635 1.972457 0.468640 -0.112583 0.848534 0.218384
0.398829 0.114336 1.973276 0.469078 -0.113818 0.848141 0.218328
0.404117 0.112003 1.973900 0.469662 -0.113826 0.848168 0.216961
0.409016 0.109539 1.973927 0.470681 -0.113898 0.847637 0.216793
0.413197 0.107236 1.973787 0.471721 -0.114091 0.846973 0.217025
0.417456 0.105525 1.973886 0.472654 -0.113752 0.846610 0.216588
0.422492 0.103648 1.974154 0.473721 -0.112792 0.846230 0.216242
0.426884 0.101200 1.974261 0.474864 -0.112734 0.845502 0.216614
0.430542 0.098724 1.974360 0.475876 -0.113114 0.844738 0.217175
0.434151 0.096749 1.974704 0.476570 -0.113693 0.844497 0.216284
0.437729 0.094972 1.975072 0.477150 -0.114128 0.844411 0.215113
0.440746 0.093251 1.975328 0.477715 -0.114638 0.844200 0.214415
0.443232 0.091742 1.975545 0.478192 -0.115105 0.843987 0.213937
0.446196 0.090527 1.975531 0.478572 -0.114807 0.844404 0.211590
0.449491 0.088757 1.974941 0.479461 -0.114564 0.844273 0.210230
0.452454 0.086750 1.974207 0.480512 -0.114757 0.843771 0.209738
0.454970 0.084840 1.973540 0.481479 -0.115128 0.843211 0.209567
0.457977 0.082831 1.973228 0.481894 -0.115269 0.843281 0.208252
0.460846 0.080007 1.972837 0.482456 -0.116117 0.842910 0.207980
0.462285 0.077142 1.973048 0.481878 -0.117688 0.843313 0.206799
0.462858 0.074049 1.973794 0.480905 -0.121230 0.843838 0.204870
0.463798 0.069705 1.974722 0.479315 -0.126474 0.844798 0.201441
0.464784 0.064652 1.975564 0.477914 -0.130983 0.845275 0.199879
0.465613 0.059530 1.976381 0.476658 -0.135434 0.845482 0.199032
0.466414 0.054534 1.977152 0.475492 -0.139915 0.845592 0.198256
0.467502 0.048497 1.977945 0.474122 -0.145003 0.845634 0.197700
0.468451 0.042108 1.978734 0.472821 -0.150027 0.845449 0.197858
0.469259 0.036042 1.979457 0.471715 -0.154667 0.845093 0.198447
0.470131 0.030096 1.980060 0.470589 -0.159305 0.844741 0.198949
0.471125 0.022801 1.980631 0.468919 -0.164738 0.844482 0.199565
0.471968 0.015386 1.981148 0.467390 -0.169714 0.844039 0.200853
0.472672 0.008488 1.981620 0.466125 -0.174461 0.843429 0.202280
0.473506 0.001802 1.981954 0.465005 -0.178723 0.842821 0.203671
0.474302 -0.005691 1.982367 0.463721 -0.183377 0.842120 0.205354
0.474972 -0.012926 1.982720 0.462693 -0.187779 0.841218 0.207379
0.475566 -0.019275 1.982952 0.461913 -0.191372 0.840332 0.209419
0.476422 -0.025766 1.982899 0.461373 -0.194409 0.839156 0.212504
0.477125 -0.033053 1.982857 0.460638 -0.197734 0.837851 0.216147
0.477693 -0.040023 1.982784 0.460092 -0.201142 0.836437 0.219616
0.478212 -0.046128 1.982624 0.459777 -0.204071 0.835066 0.222769
0.479235 -0.052604 1.982369 0.459520 -0.206110 0.833396 0.227619
0.479975 -0.059512 1.982323 0.458952 -0.208488 0.831816 0.232334
0.480565 -0.065895 1.982250 0.458550 -0.210869 0.830252 0.236534
0.481140 -0.071480 1.982109 0.458390 -0.212866 0.828711 0.240428
0.482033 -0.078201 1.982110 0.458472 -0.214381 0.826497 0.246467
0.482699 -0.085336 1.982173 0.458497 -0.216346 0.824228 0.252237
0.483223 -0.091854 1.982162 0.458611 -0.218358 0.822067 0.257294
0.483724 -0.097712 1.982139 0.458656 -0.220376 0.820087 0.261775
0.484404 -0.104543 1.982158 0.458366 -0.222456 0.818015 0.266956
0.484935 -0.111209 1.982075 0.458172 -0.224414 0.815978 0.271838
0.485342 -0.117124 1.981910 0.458113 -0.226306 0.814054 0.276107
0.485808 -0.122659 1.981866 0.457909 -0.228554 0.812288 0.279769
0.486386 -0.129022 1.982053 0.457477 -0.231157 0.810464 0.283599
0.486793 -0.134965 1.982143 0.457157 -0.233344 0.808746 0.287208
0.487073 -0.140106 1.982182 0.456920 -0.235240 0.807210 0.290340
0.487529 -0.145009 1.982460 0.456693 -0.237199 0.805461 0.293940
0.488145 -0.150208 1.982853 0.456613 -0.239125 0.803410 0.298087
0.488616 -0.154886 1.983120 0.456603 -0.240833 0.801532 0.301760
0.488986 -0.158783 1.983305 0.456618 -0.241994 0.799977 0.304920
0.489417 -0.163445 1.983863 0.456135 -0.244233 0.798526 0.307647
0.489897 -0.169005 1.984318 0.455898 -0.246569 0.796729 0.310780
0.490241 -0.174050 1.984573 0.455772 -0.248322 0.795075 0.313792
0.490445 -0.178372 1.984780 0.455641 -0.249834 0.793645 0.316390
0.490833 -0.183128 1.985287 0.455053 -0.252549 0.792201 0.318690
0.491212 -0.187765 1.985629 0.454681 -0.254836 0.790711 0.321090
0.491482 -0.191766 1.985860 0.454413 -0.256606 0.789394 0.323294
0.491672 -0.195210 1.986094 0.454134 -0.258287 0.788262 0.325104
0.491962 -0.199286 1.986595 0.453677 -0.260933 0.787093 0.326460
0.492200 -0.203198 1.986932 0.453461 -0.263115 0.785845 0.328011
0.492339 -0.206599 1.987180 0.453301 -0.264945 0.784714 0.329466
0.492478 -0.209607 1.987471 0.453100 -0.266695 0.783614 0.330944
0.492718 -0.212898 1.987959 0.452711 -0.268727 0.782279 0.332983
0.492879 -0.215846 1.988332 0.452430 -0.270180 0.781108 0.334932
0.492954 -0.218376 1.988659 0.452161 -0.271481 0.780110 0.336566
0.493096 -0.220790 1.989042 0.451771 -0.272954 0.779137 0.338151
0.493354 -0.223592 1.989413 0.451292 -0.274396 0.778047 0.340126
0.493557 -0.226114 1.989638 0.450964 -0.275351 0.777078 0.342001
0.493690 -0.228268 1.989825 0.450674 -0.276165 0.776259 0.343581
0.493696 -0.230203 1.990106 0.450360 -0.276990 0.775467 0.345112
0.493516 -0.232041 1.990522 0.449917 -0.277843 0.774808 0.346483
0.493276 -0.233647 1.990959 0.449466 -0.278628 0.774285 0.347607
0.493000 -0.235019 1.991391 0.449013 -0.279386 0.773872 0.348503
0.492630 -0.236191 1.991677 0.448446 -0.279977 0.773694 0.349151
0.492198 -0.237050 1.991971 0.447565 -0.280109 0.774114 0.349245
0.491776 -0.237717 1.992320 0.446723 -0.280124 0.774592 0.349252
0.491412 -0.238261 1.992641 0.446018 -0.280136 0.774981 0.349279
0.490559 -0.238343 1.993328 0.445600 -0.278822 0.774986 0.350849
0.489615 -0.238115 1.994354 0.444814 -0.277789 0.775459 0.351619
0.488764 -0.237808 1.995375 0.444006 -0.276946 0.776030 0.352047
0.487892 -0.237473 1.996213 0.443371 -0.275901 0.776490 0.352652
0.485928 -0.236625 1.996669 0.442817 -0.273211 0.777139 0.354010
0.484218 -0.235651 1.997240 0.442136 -0.271049 0.777954 0.354733
