0.619459 0.932741 1.114107
0.619448 0.931600 1.109347
0.619437 0.930412 1.104600
0.619427 0.929176 1.099864
0.619416 0.927893 1.095141
0.619405 0.926563 1.090432
0.619401 0.926560 1.090429
0.622461 0.926549 1.090428
0.625494 0.925018 1.093484
0.628495 0.923427 1.096526
0.631464 0.921777 1.099552
0.634399 0.920067 1.102563
0.637301 0.918300 1.105558
0.640166 0.916474 1.108536
0.642994 0.914591 1.111497
0.645973 0.914695 1.115471
0.648952 0.914707 1.119489
0.651926 0.914629 1.123550
0.654650 0.912488 1.126504
0.657332 0.910292 1.129438
0.659970 0.908042 1.132354
0.662560 0.905741 1.135251
0.665105 0.903387 1.138128
0.667602 0.900984 1.140986
0.670051 0.898531 1.143824
0.672449 0.896030 1.146642
0.674798 0.893481 1.149440
0.677095 0.890886 1.152216
0.679339 0.888245 1.154972
0.681531 0.885560 1.157707
0.683668 0.882832 1.160420
0.685750 0.880062 1.163111
0.687776 0.877251 1.165781
0.689746 0.874399 1.168428
0.691658 0.871509 1.171052
0.693513 0.868582 1.173654
0.695308 0.865617 1.176232
0.697044 0.862618 1.178788
0.698719 0.859585 1.181319
0.700333 0.856518 1.183827
0.701886 0.853420 1.186311
0.703376 0.850292 1.188770
0.705671 0.849448 1.188769
0.707834 0.848237 1.193697
0.709963 0.846962 1.198624
0.712223 0.846053 1.198623
0.714304 0.844690 1.203543
0.716346 0.843265 1.208460
0.718569 0.842293 1.208460
0.720784 0.841296 1.208457
0.722988 0.840278 1.208455
0.725182 0.839238 1.208452
0.727365 0.838176 1.208450
0.729538 0.837092 1.208447
0.731700 0.835986 1.208445
0.733851 0.834859 1.208443
0.735990 0.833711 1.208440
0.738118 0.832541 1.208438
0.740234 0.831350 1.208435
0.742338 0.830138 1.208433
0.744429 0.828905 1.208430
0.746509 0.827651 1.208428
0.748575 0.826377 1.208425
0.750629 0.825081 1.208423
0.752670 0.823766 1.208420
0.754698 0.822430 1.208418
0.756712 0.821074 1.208415
0.758712 0.819698 1.208413
0.760699 0.818302 1.208411
0.762671 0.816887 1.208408
0.764630 0.815451 1.208406
0.766574 0.813996 1.208403
0.768503 0.812523 1.208401
0.770417 0.811030 1.208398
0.772316 0.809518 1.208396
0.774200 0.807987 1.208394
0.776068 0.806437 1.208391
0.777921 0.804869 1.208389
0.779758 0.803283 1.208387
0.781579 0.801678 1.208385
0.783382 0.800048 1.208379
0.785171 0.798407 1.208376
0.786943 0.796748 1.208373
0.788699 0.795071 1.208371
0.790438 0.793377 1.208368
0.792160 0.791666 1.208365
0.793864 0.789938 1.208363
0.795552 0.788193 1.208360
0.797221 0.786431 1.208358
0.798873 0.784653 1.208355
0.800507 0.782858 1.208353
0.802124 0.781047 1.208350
0.803721 0.779220 1.208348
0.805301 0.777378 1.208345
0.806862 0.775520 1.208343
0.808404 0.773646 1.208340
0.809927 0.771758 1.208338
0.811431 0.769854 1.208335
0.812917 0.767935 1.208333
0.814383 0.766002 1.208330
0.818329 0.765892 1.200964
0.822152 0.765616 1.193554
0.825846 0.765178 1.186110
0.829409 0.764583 1.178634
0.832837 0.763834 1.171131
0.836124 0.762935 1.163604
0.839270 0.761890 1.156057
0.842267 0.760704 1.148493
0.845113 0.759381 1.140917
0.848175 0.758141 1.138257
0.851213 0.756843 1.135580
0.852858 0.757813 1.132881
0.853980 0.758488 1.125254
0.855537 0.759411 1.122527
0.857069 0.760318 1.119780
0.858577 0.761211 1.117015
0.860064 0.762086 1.114233
0.860062 0.762084 1.114230
0.860061 0.762082 1.114228
0.860059 0.762080 1.114226
0.860058 0.762078 1.114224
0.860057 0.762076 1.114222
0.860055 0.762074 1.114220
0.860054 0.762073 1.114218
0.860053 0.762071 1.114216
0.860052 0.762069 1.114213
0.860073 0.765337 1.111414
0.860028 0.768604 1.108598
0.859918 0.771870 1.105764
0.859743 0.775132 1.102915
0.859502 0.778391 1.100049
0.860084 0.782232 1.101997
0.860628 0.786111 1.103918
0.859449 0.788856 1.104785
0.858247 0.791600 1.105647
0.857021 0.794342 1.106503
0.855770 0.797081 1.107353
0.854495 0.799818 1.108196
0.853976 0.803158 1.105231
0.853390 0.806488 1.102251
0.852737 0.809806 1.099254
0.852018 0.813109 1.096242
0.852871 0.817771 1.094053
0.852013 0.821065 1.090989
0.852704 0.825752 1.088728
0.852230 0.829489 1.089565
0.850123 0.831799 1.089564
0.846911 0.833077 1.092683
0.843674 0.834289 1.095786
0.841519 0.836514 1.095785
0.839342 0.838716 1.095784
0.837143 0.840897 1.095782
0.834923 0.843055 1.095781
0.832681 0.845191 1.095779
0.830418 0.847305 1.095778
0.828133 0.849396 1.095776
0.825829 0.851464 1.095775
0.823503 0.853509 1.095774
0.821157 0.855530 1.095772
0.818791 0.857528 1.095771
0.816406 0.859502 1.095769
0.814000 0.861452 1.095768
0.811576 0.863378 1.095766
0.809132 0.865280 1.095765
0.806669 0.867157 1.095763
0.804188 0.869009 1.095762
0.801688 0.870837 1.095761
0.799170 0.872639 1.095759
0.796635 0.874416 1.095758
0.794082 0.876168 1.095756
0.791511 0.877894 1.095755
0.788923 0.879594 1.095753
0.786318 0.881268 1.095752
0.783697 0.882917 1.095750
0.781060 0.884538 1.095749
0.778406 0.886134 1.095748
0.775737 0.887703 1.095746
0.773052 0.889244 1.095745
0.770351 0.890760 1.095743
0.767636 0.892248 1.095742
0.764906 0.893708 1.095740
0.762162 0.895142 1.095739
0.759403 0.896548 1.095737
0.756631 0.897926 1.095736
0.753845 0.899276 1.095735
0.751045 0.900599 1.095733
0.748233 0.901893 1.095732
0.745407 0.903159 1.095730
0.742570 0.904397 1.095729
0.739720 0.905607 1.095727
0.736858 0.906788 1.095726
0.733984 0.907940 1.095724
0.731099 0.909063 1.095723
0.728203 0.910158 1.095722
0.725296 0.911223 1.095720
0.722379 0.912260 1.095719
0.719451 0.913267 1.095717
0.716514 0.914245 1.095716
0.713567 0.915193 1.095714
0.710611 0.916112 1.095713
0.707645 0.917002 1.095712
0.704671 0.917861 1.095710
0.701689 0.918691 1.095709
0.698698 0.919491 1.095707
0.695700 0.920261 1.095706
0.692694 0.921001 1.095704
0.689680 0.921711 1.095703
0.686660 0.922391 1.095701
0.683633 0.923040 1.095700
0.680600 0.923660 1.095699
0.677561 0.924248 1.095697
0.674516 0.924807 1.095696
0.671466 0.925335 1.095694
0.668411 0.925832 1.095693
0.665351 0.926299 1.095691
0.662286 0.926736 1.095690
0.659217 0.927141 1.095688
0.656144 0.927516 1.095687
0.653068 0.927860 1.095686
0.649988 0.928174 1.095684
0.646906 0.928456 1.095683
0.643821 0.928708 1.095681
0.640733 0.928929 1.095680
0.637644 0.929119 1.095678
0.634552 0.929278 1.095677
0.631460 0.929406 1.095676
0.628366 0.929504 1.095674
0.625271 0.929570 1.095673
0.622176 0.929606 1.095671
0.619081 0.929610 1.095670
