0.767671 1.002315 1.132297
0.772679 1.003798 1.132899
0.777734 1.005226 1.133469
0.782834 1.006595 1.134007
0.787980 1.007906 1.134513
0.793169 1.009156 1.134987
0.794543 1.012087 1.135430
0.795866 1.015044 1.135838
0.801080 1.016250 1.136212
0.806412 1.017360 1.136556
0.811787 1.018405 1.136867
0.817202 1.019385 1.137146
0.818805 1.022225 1.137396
0.820259 1.025142 1.137610
0.821704 1.028065 1.137791
0.823148 1.030990 1.137939
0.824591 1.033917 1.138054
0.826034 1.036846 1.138137
0.827836 1.040479 1.134341
0.829615 1.044080 1.130503
0.831374 1.047647 1.126625
0.833115 1.051181 1.122708
0.834837 1.054680 1.118751
0.836540 1.058144 1.114756
0.838224 1.061572 1.110722
0.839888 1.064965 1.106650
0.841532 1.068322 1.102540
0.843157 1.071643 1.098393
0.844762 1.074927 1.094210
0.846168 1.077858 1.093899
0.847580 1.080782 1.093558
0.848992 1.083703 1.093183
0.850401 1.086621 1.092776
0.851808 1.089535 1.092337
0.853212 1.092445 1.091866
0.854614 1.095351 1.091361
0.856012 1.098253 1.090825
0.857409 1.101150 1.090256
0.858802 1.104041 1.089655
0.860194 1.106927 1.089022
0.861583 1.109806 1.088357
0.862970 1.112679 1.087659
0.864355 1.115545 1.086930
0.865738 1.118403 1.086169
0.867287 1.121576 1.081467
0.868817 1.124704 1.076728
0.870328 1.127789 1.071954
0.871708 1.130610 1.071063
0.873085 1.133425 1.070143
0.874460 1.136229 1.069192
0.875834 1.139024 1.068209
0.877313 1.142030 1.063278
0.878778 1.144985 1.058311
0.880227 1.147893 1.053311
0.881658 1.150753 1.048278
0.883072 1.153566 1.043213
0.884467 1.156331 1.038117
0.885843 1.159049 1.032990
0.884543 1.163019 1.027832
0.884454 1.166335 1.022646
0.885078 1.169244 1.017431
0.886036 1.171934 1.012187
0.887142 1.174493 1.006914
0.888418 1.177160 1.005529
0.889718 1.179803 1.004119
0.891025 1.182427 1.002679
0.892335 1.185033 1.001210
0.893643 1.187623 0.999710
0.894947 1.190197 0.998181
0.896247 1.192757 0.996623
0.897543 1.195301 0.995036
0.898833 1.197829 0.993419
0.900118 1.200341 0.991773
0.901397 1.202838 0.990099
0.901612 1.203222 0.983625
0.901820 1.203529 0.977135
0.901961 1.203442 0.977106
0.902054 1.203389 0.977094
0.902126 1.203347 0.977082
0.902191 1.203308 0.977070
0.901238 1.203737 0.977058
0.900999 1.203845 0.977054
0.900809 1.203931 0.977050
0.900804 1.203933 0.977049
0.900808 1.203931 0.977049
0.897740 1.204817 0.983373
0.893079 1.206458 0.989782
0.887655 1.208344 0.996192
0.882024 1.210901 0.996219
0.876241 1.213377 0.996167
0.870228 1.215189 1.002489
0.864123 1.216987 1.008886
0.857940 1.218682 1.015277
0.851703 1.220263 1.021659
0.845423 1.221724 1.028032
0.839107 1.223063 1.034395
0.832759 1.224279 1.040748
0.826384 1.225370 1.047091
0.819982 1.226337 1.053421
0.813559 1.227177 1.059739
0.807114 1.227892 1.066045
0.800652 1.228480 1.072337
0.794175 1.228941 1.078614
0.787684 1.229276 1.084878
0.781183 1.229483 1.091126
0.774673 1.229562 1.097358
0.768158 1.229514 1.103573
0.761640 1.229338 1.109771
0.755121 1.229034 1.115952
0.748604 1.228602 1.122115
0.742091 1.228042 1.128258
0.735586 1.227354 1.134382
0.729091 1.226539 1.140486
0.722609 1.225596 1.146569
0.716142 1.224525 1.152630
0.709695 1.223327 1.158670
0.703269 1.222002 1.164687
0.696867 1.220551 1.170681
0.692993 1.216048 1.170081
0.690638 1.211264 1.169359
0.689106 1.206358 1.168632
0.688010 1.201380 1.167898
0.687139 1.196357 1.167158
0.686382 1.191302 1.166408
0.682751 1.187490 1.170733
0.677766 1.183792 1.175069
0.672175 1.180070 1.179359
0.666346 1.176276 1.183604
0.660455 1.172389 1.187805
0.654707 1.170896 1.186514
0.648922 1.166816 1.190615
0.643183 1.162669 1.194730
0.637518 1.158422 1.198802
0.631939 1.154077 1.202830
0.626452 1.149635 1.206815
0.621059 1.145098 1.210755
0.619512 1.139942 1.209705
0.619053 1.134746 1.208608
0.618908 1.129537 1.207504
0.618848 1.124315 1.206391
0.618811 1.119080 1.205267
0.618782 1.113834 1.204133
0.618755 1.108576 1.202988
0.618731 1.103307 1.201833
0.618708 1.098027 1.200666
0.618692 1.094744 1.200586
0.618679 1.091467 1.200483
0.618672 1.090187 1.201465
0.618668 1.088902 1.202442
0.618661 1.085636 1.202251
0.618652 1.082366 1.202018
0.618644 1.079098 1.201754
0.618637 1.075834 1.201458
0.618631 1.072573 1.201130
0.618625 1.069316 1.200770
0.618619 1.066063 1.200378
0.618614 1.062813 1.199954
0.618610 1.059569 1.199499
0.618606 1.056329 1.199012
0.618602 1.053095 1.198492
0.618598 1.049866 1.197942
0.618594 1.046643 1.197359
0.618591 1.043425 1.196744
0.618588 1.040215 1.196098
0.618585 1.037011 1.195420
0.618582 1.033814 1.194711
0.618579 1.030625 1.193970
0.618576 1.027443 1.193198
0.618573 1.024269 1.192394
0.618570 1.021103 1.191559
0.618567 1.017946 1.190692
0.618564 1.014798 1.189795
0.618561 1.011660 1.188866
0.618557 1.008531 1.187907
0.618553 1.005412 1.186917
0.618549 1.002303 1.185896
0.618545 0.999204 1.184844
0.618540 0.996116 1.183761
0.618536 0.993040 1.182648
0.618531 0.989975 1.181505
0.618527 0.986921 1.180331
0.618522 0.983879 1.179127
0.618518 0.980850 1.177893
0.618515 0.977834 1.176629
0.618511 0.974830 1.175335
0.618507 0.971840 1.174012
0.618503 0.968863 1.172658
0.618499 0.965899 1.171275
0.618495 0.962950 1.169863
0.618490 0.960015 1.168422
0.618486 0.957095 1.166951
0.618482 0.954190 1.165452
0.618477 0.951299 1.163923
0.618473 0.948425 1.162366
0.618468 0.945566 1.160780
0.618463 0.942723 1.159166
0.618458 0.939896 1.157524
0.618446 0.939197 1.152671
0.618440 0.938451 1.147826
0.618434 0.937657 1.142989
0.618428 0.936814 1.138161
0.618422 0.935924 1.133341
