0.620000 0.925292 1.092361
0.620001 0.925291 1.092360
0.623054 0.925274 1.092358
0.626107 0.925226 1.092357
0.629160 0.925149 1.092356
0.632356 0.928645 1.090150
0.635622 0.932086 1.087909
0.638956 0.935469 1.085632
0.642358 0.938793 1.083319
0.645826 0.942057 1.080971
0.649360 0.945260 1.078587
0.652958 0.948400 1.076169
0.656619 0.951476 1.073716
0.660342 0.954486 1.071228
0.664126 0.957430 1.068707
0.667969 0.960306 1.066151
0.671597 0.961324 1.058793
0.675228 0.962154 1.051414
0.678855 0.962794 1.044016
0.682473 0.963245 1.036605
0.686077 0.963508 1.029182
0.689662 0.963583 1.021751
0.693222 0.963472 1.014314
0.696754 0.963174 1.006876
0.697370 0.965918 1.004039
0.697976 0.968633 1.001172
0.698576 0.971319 0.998278
0.699170 0.973978 0.995356
0.699757 0.976608 0.992408
0.700337 0.979210 0.989432
0.700911 0.981783 0.986431
0.701478 0.984326 0.983403
0.701560 0.984702 0.979668
0.701635 0.985041 0.975928
0.701633 0.985041 0.975928
0.701631 0.985041 0.975928
0.702109 0.987187 0.976588
0.702585 0.989325 0.977270
0.703059 0.991457 0.977974
0.703532 0.993582 0.978700
0.704003 0.995700 0.979447
0.704473 0.997811 0.980216
0.704941 0.999914 0.981007
0.705408 1.002009 0.981819
0.705872 1.004096 0.982653
0.706334 1.006174 0.983508
0.706881 1.008629 0.980404
0.707341 1.010700 0.981280
0.707800 1.012762 0.982177
0.708256 1.014815 0.983096
0.708105 1.014137 0.979233
0.707942 1.013418 0.975374
0.707771 1.012662 0.971524
0.707591 1.011869 0.967681
0.707403 1.011038 0.963846
0.707207 1.010169 0.960021
0.707002 1.009264 0.956204
0.706790 1.008321 0.952397
0.706568 1.007341 0.948600
0.706339 1.006324 0.944813
0.706101 1.005270 0.941036
0.705856 1.004179 0.937271
0.705602 1.003052 0.933516
0.701521 1.002722 0.929775
0.701261 1.001519 0.926044
0.697193 1.001070 0.922327
0.696930 0.999792 0.918622
0.696662 0.998478 0.914930
0.696386 0.997127 0.911252
0.696103 0.995740 0.907588
0.695813 0.994318 0.903938
0.695515 0.992859 0.900303
0.695211 0.991365 0.896683
0.694899 0.989836 0.893079
0.694580 0.988271 0.889490
0.694254 0.986671 0.885917
0.693921 0.985037 0.882361
0.693581 0.983367 0.878822
0.693234 0.981663 0.875299
0.693232 0.981663 0.875299
0.693231 0.981663 0.875299
0.693229 0.981663 0.875299
0.693228 0.981663 0.875298
0.693447 0.981674 0.875360
0.693654 0.981685 0.875417
0.693850 0.981695 0.875472
0.693846 0.981697 0.875474
0.693831 0.981698 0.875473
0.693817 0.981700 0.875472
0.693819 0.981703 0.875476
0.693945 0.982346 0.879169
0.690435 0.983676 0.882871
0.686896 0.984936 0.886577
0.683332 0.986124 0.890290
0.680000 0.988778 0.897612
0.676600 0.991259 0.904985
0.673135 0.993563 0.912406
0.669611 0.995687 0.919871
0.666032 0.997631 0.927379
0.662402 0.999392 0.934926
0.658727 1.000968 0.942509
0.655011 1.002358 0.950124
0.651258 1.003559 0.957770
0.647474 1.004572 0.965442
0.643663 1.005393 0.973138
0.639831 1.006023 0.980855
0.635983 1.006461 0.988590
0.632123 1.006705 0.996339
0.628256 1.006756 1.004099
0.624388 1.006612 1.011868
0.620524 1.006274 1.019642
0.620525 1.005755 1.027418
0.620526 1.005080 1.035194
0.620528 1.004249 1.042965
0.620529 1.003262 1.050728
0.620527 1.000369 1.053125
0.620525 0.997452 1.055493
0.620522 0.994512 1.057831
0.620520 0.991548 1.060140
0.620517 0.988561 1.062419
0.620517 0.987105 1.070017
0.620518 0.985495 1.077595
0.620514 0.982364 1.079777
0.620511 0.980581 1.078329
0.620508 0.978785 1.076899
0.620505 0.976974 1.075487
0.620501 0.975149 1.074092
0.620501 0.976082 1.074444
0.620500 0.977018 1.074787
0.620499 0.977957 1.075120
0.620499 0.978900 1.075444
0.620498 0.978500 1.079350
0.620497 0.978062 1.083252
0.620496 0.977584 1.087149
0.620494 0.977068 1.091042
0.620493 0.976512 1.094929
0.620492 0.975918 1.098810
0.620490 0.975285 1.102685
0.620488 0.974613 1.106554
0.620486 0.973903 1.110416
0.620484 0.973154 1.114270
0.620482 0.972366 1.118117
0.620477 0.970474 1.116816
0.620472 0.968569 1.115534
0.620467 0.966651 1.114271
0.620462 0.964721 1.113027
0.620457 0.962778 1.111803
0.620452 0.960823 1.110598
0.620446 0.958856 1.109413
0.620441 0.956878 1.108247
0.620435 0.954888 1.107102
0.620429 0.952886 1.105976
0.620424 0.950874 1.104870
0.620418 0.948850 1.103785
0.620412 0.946816 1.102720
0.620406 0.944771 1.101675
0.620400 0.942716 1.100651
0.620394 0.940651 1.099648
0.620388 0.938576 1.098665
0.620382 0.936491 1.097703
0.620376 0.934397 1.096762
0.620370 0.932293 1.095842
0.620364 0.930180 1.094943
0.620357 0.928059 1.094065
0.620351 0.928058 1.094064
0.617265 0.928046 1.094063
0.614125 0.930840 1.095678
0.610928 0.933619 1.097265
0.607674 0.936379 1.098822
0.604363 0.939122 1.100351
0.600996 0.941844 1.101852
0.597571 0.944546 1.103322
0.594089 0.947225 1.104764
0.590550 0.949881 1.106177
0.586954 0.952513 1.107559
0.583301 0.955119 1.108913
0.579793 0.956021 1.113629
0.576045 0.958562 1.114952
0.572240 0.961074 1.116245
0.568641 0.961813 1.120974
0.565031 0.962467 1.125715
0.561096 0.964867 1.126978
0.557106 0.967235 1.128212
0.553060 0.969569 1.129414
0.548959 0.971868 1.130587
0.544802 0.974131 1.131729
0.540591 0.976356 1.132840
0.536326 0.978544 1.133920
0.532006 0.980691 1.134970
0.527633 0.982798 1.135988
0.523206 0.984863 1.136976
0.518726 0.986884 1.137932
0.514194 0.988862 1.138857
0.509609 0.990793 1.139750
0.504973 0.992678 1.140612
0.500285 0.994515 1.141442
0.495547 0.996303 1.142241
0.490758 0.998041 1.143008
0.485920 0.999727 1.143743
0.481033 1.001361 1.144446
0.476098 1.002941 1.145118
0.471115 1.004467 1.145757
0.466085 1.005936 1.146364
0.461008 1.007349 1.146939
0.455885 1.008703 1.147481
0.450718 1.009998 1.147992
0.445506 1.011233 1.148470
0.440251 1.012406 1.148915
0.434953 1.013517 1.149328
0.429614 1.014565 1.149709
0.424233 1.015548 1.150056
0.418812 1.016465 1.150372
0.414324 1.015454 1.155121
0.409852 1.014349 1.159882
0.404349 1.015076 1.160167
0.399891 1.013821 1.164936
0.395454 1.012471 1.169718
0.390394 1.012138 1.165188
0.385350 1.011704 1.160629
0.380315 1.011169 1.156048
0.375293 1.010534 1.151446
0.370284 1.009798 1.146824
0.365291 1.008962 1.142181
0.360316 1.008027 1.137518
0.355360 1.006992 1.132836
0.350426 1.005858 1.128134
0.345517 1.004626 1.123415
0.340632 1.003296 1.118677
0.335776 1.001869 1.113922
0.330950 1.000345 1.109150
0.326155 0.998725 1.104361
0.321395 0.997010 1.099557
0.316670 0.995200 1.094736
0.311983 0.993297 1.089901
0.308280 0.990206 1.089895
0.304582 0.987057 1.089892
0.300908 0.983864 1.089889
0.297264 0.980632 1.089885
0.292663 0.978419 1.085037
0.289100 0.975126 1.085032
0.285551 0.971783 1.085028
0.282031 0.968398 1.085025
0.278542 0.964977 1.085021
0.272757 0.963782 1.084683
0.266996 0.962537 1.084313
0.261241 0.961221 1.083910
0.257696 0.962171 1.083455
0.254871 0.963879 1.082980
0.252319 0.965871 1.082477
0.249877 0.967973 1.081943
0.248837 0.968858 1.076855
0.247851 0.969721 1.071750
0.246910 0.970556 1.066632
0.246009 0.971360 1.061502
0.246029 0.971380 1.061500
0.246027 0.971377 1.061499
0.246015 0.971364 1.061498
0.246913 0.970551 1.066622
0.249908 0.971874 1.071716
0.253801 0.974034 1.076808
0.258095 0.976480 1.081890
0.263868 0.977714 1.082417
0.269685 0.978915 1.082911
0.275511 0.980049 1.083374
0.281336 0.981105 1.083803
0.287151 0.982079 1.084200
0.292954 0.982970 1.084564
0.298744 0.983778 1.084896
0.304517 0.984504 1.085196
0.313057 0.987484 1.085455
0.322385 0.990909 1.085687
0.328973 0.991978 1.085907
0.334877 0.992425 1.086081
0.340610 0.992675 1.086220
0.346287 0.992823 1.086326
0.351934 0.992889 1.086398
0.357554 0.992878 1.086439
0.363146 0.992793 1.086446
0.368709 0.992633 1.086421
0.374243 0.992399 1.086364
0.379747 0.992093 1.086274
0.385220 0.991716 1.086151
0.390659 0.991267 1.085995
0.396066 0.990749 1.085807
0.401438 0.990162 1.085587
0.406774 0.989506 1.085333
0.412073 0.988784 1.085048
