0.589959 0.940382 1.057723
0.593247 0.939504 1.060934
0.596516 0.938561 1.064133
0.599766 0.937552 1.067320
0.602994 0.936479 1.070494
0.606200 0.935341 1.073655
0.609382 0.934140 1.076804
0.612539 0.932875 1.079939
0.615669 0.931547 1.083060
0.618772 0.930157 1.086167
0.621846 0.928705 1.089260
0.621818 0.927226 1.092338
0.621789 0.925715 1.095401
0.618718 0.924177 1.098449
0.615677 0.924148 1.098448
0.615678 0.924146 1.098447
0.615678 0.925684 1.095396
0.615678 0.927191 1.092331
0.615679 0.927188 1.092329
0.618752 0.927215 1.092327
0.621841 0.930046 1.093945
0.624986 0.932862 1.095534
0.628127 0.934107 1.100244
0.631371 0.936874 1.101804
0.634673 0.939623 1.103336
0.638032 0.942352 1.104838
0.641448 0.945061 1.106311
0.644922 0.947748 1.107756
0.648453 0.950413 1.109171
0.652042 0.953053 1.110557
0.655688 0.955667 1.111913
0.659392 0.958255 1.113239
0.663153 0.960815 1.114534
0.666972 0.963345 1.115800
0.670848 0.965845 1.117036
0.674780 0.968315 1.118242
0.678770 0.970751 1.119417
0.682816 0.973154 1.120562
0.686918 0.975521 1.121676
0.691077 0.977852 1.122759
0.695291 0.980146 1.123811
0.699561 0.982400 1.124832
0.703886 0.984615 1.125823
0.708266 0.986790 1.126782
0.712700 0.988921 1.127710
0.717188 0.991009 1.128607
0.721730 0.993052 1.129471
0.726325 0.995049 1.130305
0.730972 0.997000 1.131107
0.735671 0.998902 1.131877
0.740422 1.000754 1.132616
0.745223 1.002557 1.133322
0.750075 1.004307 1.133998
0.754977 1.006006 1.134641
0.759928 1.007650 1.135253
0.764928 1.009239 1.135833
0.769976 1.010772 1.136380
0.775072 1.012248 1.136896
0.780213 1.013665 1.137379
0.785401 1.015023 1.137831
0.790633 1.016320 1.138249
0.795908 1.017555 1.138636
0.801227 1.018728 1.138989
0.806587 1.019837 1.139311
0.811988 1.020882 1.139599
0.817428 1.021861 1.139855
0.819052 1.024693 1.140082
0.820509 1.027610 1.140274
0.821957 1.030532 1.140432
0.823404 1.033457 1.140557
0.824851 1.036383 1.140650
0.826297 1.039310 1.140710
0.827743 1.042238 1.140738
0.829188 1.045167 1.140733
0.830631 1.048096 1.140694
0.832074 1.051024 1.140624
0.833515 1.053953 1.140520
0.834954 1.056881 1.140384
0.836392 1.059808 1.140215
0.837828 1.062734 1.140013
0.839261 1.065658 1.139779
0.840693 1.068581 1.139512
0.842122 1.071501 1.139212
0.843550 1.074419 1.138880
0.844974 1.077335 1.138515
0.846397 1.080247 1.138117
0.847817 1.083155 1.137687
0.849235 1.086060 1.137225
0.850650 1.088961 1.136730
0.852063 1.091857 1.136202
0.853474 1.094748 1.135643
0.854883 1.097633 1.135050
0.856290 1.100513 1.134426
0.857695 1.103386 1.133769
0.859098 1.106253 1.133080
0.860499 1.109113 1.132359
0.861899 1.111965 1.131606
0.863297 1.114809 1.130820
0.865051 1.118377 1.126165
0.866790 1.121898 1.121465
0.868512 1.125374 1.116726
0.870218 1.128805 1.111949
0.871905 1.132192 1.107133
0.873573 1.135534 1.102280
0.875224 1.138831 1.097389
0.876856 1.142082 1.092461
0.878469 1.145286 1.087497
0.880064 1.148444 1.082497
0.881640 1.151556 1.077462
0.883198 1.154620 1.072392
0.884737 1.157636 1.067288
0.886257 1.160605 1.062149
0.887757 1.163525 1.056978
0.889238 1.166397 1.051774
0.890699 1.169221 1.046537
0.889394 1.173337 1.041257
0.886559 1.178113 1.035952
0.885782 1.181831 1.030632
0.886140 1.184944 1.025277
0.887011 1.187753 1.019890
0.888104 1.190398 1.014472
0.889285 1.192941 1.009025
0.890493 1.195410 1.003549
0.891700 1.197819 0.998045
0.892895 1.200172 0.992515
0.894071 1.202473 0.986958
0.895227 1.204722 0.981375
0.896306 1.206537 0.982237
0.896466 1.206863 0.975757
0.896608 1.206779 0.975731
0.896704 1.206727 0.975720
0.896780 1.206683 0.975708
0.897937 1.206172 0.975714
0.899170 1.205616 0.975707
0.899582 1.205434 0.975734
0.899809 1.205333 0.975753
0.899885 1.205284 0.975718
0.899834 1.204773 0.982075
0.896824 1.205660 0.988484
0.892201 1.207222 0.994899
0.886798 1.209034 1.001313
0.881013 1.210894 1.007722
0.875008 1.212719 1.014124
0.868876 1.214464 1.020518
0.862663 1.216106 1.026903
0.856392 1.217635 1.033279
0.850076 1.219045 1.039645
0.843724 1.220334 1.046000
0.837340 1.221499 1.052344
0.830927 1.222539 1.058676
0.824489 1.223453 1.064994
0.818029 1.224242 1.071300
0.811548 1.224904 1.077592
0.805050 1.225440 1.083869
0.798538 1.225848 1.090131
0.792012 1.226128 1.096377
0.785477 1.226281 1.102607
0.778934 1.226305 1.108820
0.772387 1.226201 1.115015
0.765837 1.225969 1.121192
0.759288 1.225608 1.127351
0.752743 1.225119 1.133489
0.746203 1.224501 1.139608
0.739673 1.223755 1.145706
0.733155 1.222880 1.151783
0.726652 1.221877 1.157838
0.720167 1.220746 1.163871
0.713704 1.219487 1.169880
0.707264 1.218100 1.175866
0.700853 1.216587 1.181828
0.694472 1.214947 1.187765
0.688125 1.213181 1.193677
0.681815 1.211290 1.199563
0.675545 1.209275 1.205422
0.669318 1.207135 1.211255
0.663138 1.204873 1.217059
0.657007 1.202488 1.222836
0.650928 1.199983 1.228584
0.644905 1.197358 1.234303
0.638939 1.194615 1.239992
0.633033 1.191754 1.245650
0.627192 1.188777 1.251278
0.621416 1.185685 1.256874
0.619587 1.180912 1.255467
0.618966 1.176074 1.253933
0.618753 1.171218 1.252389
0.618667 1.166344 1.250835
0.618621 1.161452 1.249269
0.618587 1.156544 1.247690
0.618558 1.151619 1.246099
0.618533 1.146678 1.244495
0.618509 1.141721 1.242878
0.618486 1.136749 1.241247
0.618466 1.131763 1.239604
0.618447 1.126762 1.237948
0.618430 1.121748 1.236280
0.618415 1.116721 1.234599
0.618401 1.111682 1.232905
0.618389 1.106630 1.231199
0.618378 1.101568 1.229481
0.618368 1.096494 1.227750
0.618359 1.091410 1.226007
0.618351 1.086316 1.224253
0.618348 1.081213 1.222487
0.618344 1.076101 1.220708
0.618341 1.070980 1.218917
0.618338 1.065852 1.217114
0.618335 1.060715 1.215299
0.618333 1.055572 1.213472
0.618331 1.050424 1.211635
0.618328 1.045269 1.209785
0.618326 1.040109 1.207924
0.618327 1.035472 1.210885
0.618323 1.030813 1.213810
0.618323 1.028076 1.217891
0.618320 1.024904 1.217120
0.618323 1.023671 1.217527
0.618327 1.022437 1.217927
0.618332 1.021200 1.218315
0.618331 1.018057 1.217411
0.618332 1.014922 1.216472
0.618333 1.011796 1.215503
0.618333 1.008680 1.214502
0.618334 1.005574 1.213471
0.618334 1.002478 1.212409
0.618334 0.999394 1.211316
0.618334 0.996321 1.210193
0.618334 0.993259 1.209040
0.618334 0.990209 1.207856
0.618334 0.987171 1.206642
0.618334 0.984145 1.205398
0.618333 0.981132 1.204124
0.618333 0.978132 1.202821
0.618332 0.975146 1.201487
0.618332 0.972173 1.200124
0.618331 0.969213 1.198732
0.618330 0.966268 1.197310
0.618330 0.963337 1.195859
0.618329 0.960421 1.194379
0.618328 0.957520 1.192870
0.618327 0.954634 1.191332
0.618326 0.951764 1.189766
0.618325 0.948910 1.188171
0.618323 0.946072 1.186548
0.618322 0.943250 1.184896
0.618321 0.942833 1.180003
0.618318 0.942365 1.175112
0.618315 0.941849 1.170226
0.618313 0.941283 1.165345
0.618310 0.940669 1.160471
0.618308 0.940007 1.155603
0.618305 0.939295 1.150742
0.618302 0.938535 1.145888
