0.620000 0.924883 1.085903
0.620001 0.924881 1.085902
0.620002 0.926293 1.082844
0.620002 0.927674 1.079773
0.620003 0.929025 1.076689
0.620004 0.932515 1.074337
0.620005 0.935982 1.071950
0.620006 0.935980 1.071948
0.620006 0.935978 1.071947
0.620007 0.935976 1.071946
0.623167 0.935959 1.071945
0.626327 0.935910 1.071944
0.629525 0.937102 1.068777
0.632763 0.938681 1.061695
0.636027 0.940078 1.054589
0.639311 0.941291 1.047461
0.642611 0.942322 1.040315
0.645920 0.943169 1.033152
0.649236 0.943833 1.025978
0.652552 0.944313 1.018794
0.655865 0.944608 1.011603
0.659168 0.944720 1.004408
0.662457 0.944649 0.997214
0.665728 0.944396 0.990022
0.668975 0.943961 0.982836
0.672194 0.943346 0.975660
0.675381 0.942552 0.968495
0.678529 0.941581 0.961346
0.681741 0.940979 0.961346
0.684947 0.940344 0.961345
0.688146 0.939677 0.961344
0.691338 0.938978 0.961343
0.691869 0.941349 0.958464
0.692391 0.943690 0.955560
0.692882 0.945892 0.955972
0.693372 0.948091 0.956407
0.693862 0.950285 0.956864
0.693696 0.949546 0.953013
0.693520 0.948765 0.949167
0.694008 0.950955 0.949646
0.694495 0.953140 0.950149
0.694981 0.955320 0.950673
0.694798 0.954504 0.946837
0.694606 0.953648 0.943008
0.695090 0.955823 0.943555
0.695573 0.957992 0.944123
0.696056 0.960156 0.941229
0.696531 0.962291 0.938313
0.697000 0.964398 0.935375
0.697463 0.966476 0.932416
0.697919 0.968526 0.929435
0.698369 0.970546 0.926434
0.698812 0.972537 0.923412
0.699248 0.974498 0.920370
0.699678 0.976430 0.917308
0.700101 0.978332 0.914227
0.700517 0.980203 0.911126
0.700926 0.982045 0.908006
0.701329 0.983855 0.904868
0.701724 0.985636 0.901711
0.702113 0.987385 0.898536
0.702494 0.989103 0.895343
0.702869 0.990790 0.892133
0.703236 0.992446 0.888905
0.703595 0.994070 0.885661
0.703948 0.995662 0.882401
0.704292 0.997223 0.879124
0.704629 0.998752 0.875831
0.704957 1.000248 0.872523
0.704963 1.000267 0.872541
0.704969 1.000289 0.872561
0.704975 1.000310 0.872581
0.704980 1.000330 0.872600
0.704986 1.000351 0.872620
0.704811 1.000382 0.872634
0.704615 1.000405 0.872641
0.704419 1.000408 0.872632
0.704100 1.000432 0.872607
0.704110 1.000460 0.872630
0.704124 1.000481 0.872650
0.704134 1.000494 0.872663
0.704142 1.000504 0.872674
0.704277 1.001173 0.876573
0.700727 1.002603 0.880485
0.697010 1.003986 0.884398
0.693156 1.004738 0.884398
0.689394 1.006009 0.888316
0.685608 1.007204 0.892241
0.682026 1.009816 0.899795
0.678384 1.012247 0.907400
0.674680 1.014496 0.915050
0.670918 1.016561 0.922743
0.667101 1.018439 0.930476
0.663237 1.020129 0.938247
0.659328 1.021630 0.946052
0.655379 1.022938 0.953887
0.651397 1.024054 0.961751
0.647385 1.024975 0.969639
0.643349 1.025701 0.977550
0.639294 1.026230 0.985479
0.635225 1.026562 0.993424
0.631146 1.026697 1.001381
0.627063 1.026633 1.009348
0.622981 1.026370 1.017321
0.618905 1.025908 1.025297
0.618888 1.025279 1.033272
0.618876 1.024491 1.041245
0.618865 1.023546 1.049211
0.618861 1.020461 1.052119
0.618856 1.017348 1.054995
0.618852 1.014205 1.057840
0.618848 1.011034 1.060653
0.618844 1.007836 1.063434
0.618839 1.004609 1.066183
0.618835 1.001356 1.068900
0.618831 0.998075 1.071584
0.618827 0.994768 1.074236
0.618823 0.991434 1.076854
0.618819 0.988074 1.079438
0.618815 0.984689 1.081989
0.618810 0.981279 1.084506
0.618806 0.977843 1.086989
0.618802 0.974383 1.089437
0.618798 0.970898 1.091851
0.618794 0.967390 1.094229
0.618790 0.963858 1.096573
0.618786 0.960302 1.098881
0.618782 0.956724 1.101153
0.618778 0.953123 1.103390
0.618774 0.949500 1.105590
0.618769 0.947487 1.104488
0.618765 0.945462 1.103405
0.618760 0.943427 1.102343
0.618755 0.941381 1.101301
0.618751 0.939325 1.100280
0.618746 0.937259 1.099279
0.618741 0.935183 1.098299
0.618737 0.933097 1.097340
0.618732 0.931002 1.096402
0.618728 0.928898 1.095485
0.618723 0.926784 1.094589
0.618719 0.924662 1.093714
0.615651 0.926125 1.090659
0.612520 0.928904 1.092275
0.609334 0.931666 1.093862
0.606090 0.934411 1.095420
0.602790 0.937137 1.096950
0.599433 0.939843 1.098450
0.596019 0.942529 1.099922
0.592548 0.945193 1.101364
0.589020 0.947833 1.102778
0.585435 0.950449 1.104161
0.581794 0.953039 1.105515
0.578095 0.955603 1.106839
0.574340 0.958138 1.108133
0.570528 0.960645 1.109397
0.566660 0.963121 1.110631
0.562735 0.965565 1.111835
0.558754 0.967977 1.113008
0.554717 0.970355 1.114151
0.550624 0.972697 1.115263
0.546477 0.975004 1.116344
0.542274 0.977272 1.117394
0.538016 0.979502 1.118413
0.533704 0.981692 1.119402
0.529337 0.983841 1.120358
0.524917 0.985947 1.121284
0.520443 0.988010 1.122178
0.515916 0.990028 1.123041
0.511337 0.992001 1.123872
0.506705 0.993926 1.124672
0.502023 0.995803 1.125439
0.497289 0.997630 1.126175
0.492504 0.999407 1.126880
0.487670 1.001132 1.127552
0.482786 1.002805 1.128192
0.477853 1.004423 1.128800
0.472873 1.005986 1.129376
0.467845 1.007493 1.129919
0.462770 1.008943 1.130431
0.457650 1.010334 1.130910
0.452484 1.011665 1.131356
0.447273 1.012936 1.131770
0.442019 1.014145 1.132152
0.436722 1.015291 1.132501
0.431383 1.016373 1.132818
0.426003 1.017391 1.133102
0.420582 1.018342 1.133353
0.415122 1.019226 1.133572
0.409624 1.020043 1.133757
0.404088 1.020790 1.133911
0.398515 1.021468 1.134031
0.392907 1.022075 1.134119
0.387265 1.022610 1.134173
0.381589 1.023073 1.134195
0.375881 1.023462 1.134185
0.370142 1.023777 1.134141
0.364373 1.024016 1.134064
0.358576 1.024180 1.133955
0.352751 1.024267 1.133813
0.346900 1.024277 1.133638
0.341023 1.024209 1.133430
0.335123 1.024062 1.133189
0.329201 1.023835 1.132915
0.323258 1.023529 1.132609
0.317295 1.023142 1.132270
0.311315 1.022674 1.131898
0.305317 1.022124 1.131493
0.299304 1.021493 1.131055
0.293277 1.020779 1.130585
0.287238 1.019982 1.130082
0.281188 1.019102 1.129547
0.277266 1.015734 1.129539
0.272085 1.013645 1.124295
0.266976 1.011472 1.119024
0.261923 1.009209 1.113736
0.256925 1.006853 1.108431
0.251980 1.004400 1.103109
0.247087 1.001852 1.097772
0.242250 0.999209 1.092419
0.237469 0.996473 1.087051
0.232746 0.993644 1.081669
0.228084 0.990724 1.076274
0.225269 0.989625 1.070852
0.223401 0.989447 1.065424
0.222035 0.989726 1.059988
0.220947 0.990225 1.054542
0.220025 0.990822 1.049086
0.219209 0.991453 1.043619
0.218470 0.992086 1.038143
0.217791 0.992703 1.032657
0.217164 0.993296 1.027163
0.216586 0.993860 1.021660
0.216668 0.993944 1.021655
0.216716 0.993994 1.021653
0.217406 0.993536 1.027144
0.219948 0.994986 1.032631
0.223516 0.997417 1.038108
0.227611 1.000266 1.043573
0.231992 1.003266 1.049029
0.236543 1.006286 1.054474
0.241205 1.009266 1.059908
0.247271 1.010768 1.060848
0.253349 1.012192 1.061755
0.261499 1.015416 1.062620
0.270682 1.019367 1.063460
0.280389 1.023526 1.064271
0.288158 1.025858 1.065067
0.295007 1.027307 1.065824
0.301423 1.028312 1.066547
0.307633 1.029073 1.067235
0.313742 1.029679 1.067891
0.319795 1.030168 1.068515
0.325811 1.030560 1.069107
0.329270 1.029085 1.069689
0.334258 1.028651 1.070204
0.339829 1.028580 1.070694
0.345606 1.028592 1.071156
0.351439 1.028581 1.071585
0.357275 1.028509 1.071983
0.363094 1.028361 1.072348
0.368888 1.028137 1.072680
0.374653 1.027835 1.072979
0.380386 1.027456 1.073246
0.386088 1.027001 1.073481
0.391756 1.026472 1.073684
0.397390 1.025869 1.073855
0.402990 1.025193 1.073993
0.408554 1.024444 1.074098
0.414082 1.023624 1.074171
0.419572 1.022733 1.074211
0.425023 1.021773 1.074218
0.430435 1.020745 1.074193
0.435807 1.019649 1.074136
0.441138 1.018488 1.074045
0.446426 1.017260 1.073922
0.451672 1.015969 1.073766
0.456874 1.014614 1.073578
0.462031 1.013198 1.073357
0.467143 1.011720 1.073104
0.472209 1.010182 1.072818
0.477228 1.008585 1.072499
0.482198 1.006930 1.072148
0.487120 1.005218 1.071765
0.491992 1.003450 1.071349
0.496815 1.001629 1.070900
0.501587 0.999753 1.070420
0.506307 0.997825 1.069906
0.510976 0.995846 1.069361
0.515593 0.993817 1.068783
0.520156 0.991739 1.068173
0.524666 0.989613 1.067531
0.529122 0.987441 1.066856
0.533524 0.985223 1.066150
0.537871 0.982962 1.065411
0.542162 0.980658 1.064642
0.546398 0.978313 1.063840
0.550578 0.975926 1.063006
0.554701 0.973501 1.062141
0.558767 0.971038 1.061245
0.562776 0.968538 1.060317
0.566728 0.966003 1.059358
0.570621 0.963434 1.058368
0.574457 0.960832 1.057347
0.578235 0.958197 1.056295
0.581954 0.955532 1.055212
0.585614 0.952838 1.054098
0.589216 0.950116 1.052953
0.592759 0.947367 1.051778
0.596243 0.944592 1.050573
0.599668 0.941793 1.049338
0.602942 0.940901 1.052556
0.606198 0.939943 1.055763
0.609434 0.938920 1.058958
0.612649 0.937833 1.062142
0.615841 0.936682 1.065314
0.619009 0.935467 1.068474
0.622153 0.934189 1.071622
0.622142 0.932885 1.074756
0.622130 0.931550 1.077877
0.622118 0.930185 1.080985
0.622106 0.928788 1.084078
0.622093 0.927360 1.087158
0.622080 0.925902 1.090223
0.622067 0.924413 1.093274
0.625112 0.924375 1.093272
0.628156 0.924307 1.093271
0.631316 0.927027 1.094913
0.634533 0.929731 1.096528
0.637806 0.932417 1.098114
0.641134 0.935084 1.099671
0.644520 0.937731 1.101199
0.647961 0.940356 1.102698
0.651459 0.942958 1.104169
0.655014 0.945537 1.105609
0.658624 0.948091 1.107021
0.662291 0.950620 1.108404
0.666014 0.953121 1.109756
0.669793 0.955593 1.111079
0.673629 0.958036 1.112372
0.677520 0.960448 1.113635
