0.996320 0.961797 1.107410
0.990034 0.963008 1.111661
0.983733 0.964096 1.115873
0.979949 0.962414 1.120028
0.976823 0.959984 1.124158
0.972794 0.961532 1.129092
0.968161 0.963576 1.133995
0.963353 0.965659 1.138876
0.958476 0.967673 1.143736
0.953556 0.969593 1.148577
0.950012 0.972940 1.148576
0.944252 0.973822 1.148648
0.938492 0.974638 1.148687
0.932748 0.975374 1.148694
0.927023 0.976030 1.148668
0.921318 0.976607 1.148610
0.915635 0.977103 1.148519
0.909974 0.977522 1.148396
0.904338 0.977863 1.148240
0.898726 0.978128 1.148051
0.893140 0.978317 1.147830
0.887582 0.978432 1.147577
0.882051 0.978473 1.147291
0.876549 0.978441 1.146972
0.871076 0.978337 1.146621
0.865635 0.978163 1.146238
0.860225 0.977919 1.145822
0.854847 0.977606 1.145374
0.849503 0.977225 1.144894
0.844193 0.976777 1.144381
0.838918 0.976264 1.143837
0.833678 0.975686 1.143260
0.828475 0.975043 1.142650
0.823309 0.974338 1.142008
0.818181 0.973571 1.141335
0.813092 0.972743 1.140628
0.808043 0.971855 1.139890
0.803035 0.970907 1.139119
0.798068 0.969902 1.138317
0.793144 0.968841 1.137484
0.788262 0.967724 1.136619
0.783425 0.966552 1.135722
0.778631 0.965326 1.134794
0.773882 0.964048 1.133835
0.769179 0.962719 1.132845
0.764521 0.961340 1.131824
0.759910 0.959913 1.130772
0.755346 0.958437 1.129689
0.750830 0.956914 1.128575
0.746361 0.955346 1.127430
0.741941 0.953733 1.126255
0.737570 0.952077 1.125049
0.733247 0.950379 1.123814
0.728975 0.948640 1.122548
0.724752 0.946861 1.121253
0.720580 0.945043 1.119926
0.716459 0.943187 1.118571
0.712388 0.941295 1.117185
0.708368 0.939368 1.115770
0.704400 0.937406 1.114326
0.700483 0.935412 1.112853
0.696618 0.933386 1.111351
0.692805 0.931330 1.109820
0.689045 0.929243 1.108260
0.685336 0.927128 1.106671
0.681680 0.924986 1.105054
0.678076 0.922817 1.103408
0.677823 0.921608 1.098672
0.677561 0.920352 1.093948
0.677290 0.919050 1.089237
0.674297 0.919606 1.089236
0.671299 0.920133 1.089234
0.668296 0.920629 1.089233
0.665507 0.922405 1.093941
0.662680 0.924109 1.098662
0.662678 0.924110 1.098664
0.659635 0.924520 1.098662
0.656589 0.924899 1.098661
0.653539 0.925248 1.098659
0.650485 0.925566 1.098658
0.647429 0.925854 1.098656
0.644369 0.926111 1.098655
0.641308 0.926338 1.098654
0.638244 0.926534 1.098652
0.635179 0.926699 1.098651
0.632112 0.926834 1.098649
0.629043 0.926938 1.098648
0.625974 0.927011 1.098646
0.622905 0.927054 1.098645
0.619835 0.927066 1.098644
0.616765 0.927047 1.098642
0.619836 0.927063 1.098641
0.622907 0.927047 1.098640
0.626054 0.929821 1.100281
0.629257 0.932580 1.101895
0.632516 0.935321 1.103480
0.635831 0.938044 1.105037
0.639203 0.940747 1.106564
0.642631 0.943428 1.108063
0.646116 0.946089 1.109533
0.649657 0.948727 1.110974
0.653255 0.951340 1.112385
0.656910 0.953928 1.113767
0.660621 0.956489 1.115119
0.664389 0.959021 1.116441
0.668213 0.961525 1.117733
0.672093 0.963999 1.118995
0.676029 0.966441 1.120227
0.680021 0.968852 1.121429
0.684069 0.971228 1.122601
0.688327 0.974391 1.119904
0.692650 0.977478 1.117168
0.697036 0.980485 1.114394
0.701484 0.983413 1.111581
0.705991 0.986260 1.108730
0.710556 0.989025 1.105841
0.715178 0.991708 1.102916
0.719855 0.994306 1.099954
0.724585 0.996819 1.096954
0.729367 0.999245 1.093918
0.734199 1.001583 1.090846
0.739079 1.003834 1.087738
0.744006 1.005996 1.084595
0.745100 1.009335 1.081417
0.746176 1.012645 1.078204
0.747241 1.015925 1.074956
0.748297 1.019174 1.071673
0.749343 1.022392 1.068357
0.750379 1.025579 1.065008
0.751038 1.027582 1.065912
0.752064 1.030737 1.062530
0.753080 1.033859 1.059114
0.754085 1.036948 1.055666
0.755080 1.040004 1.052185
0.756064 1.043027 1.048672
0.757036 1.046017 1.045128
0.757997 1.048973 1.041553
0.758946 1.051895 1.037946
0.759884 1.054783 1.034309
0.760809 1.057636 1.030642
0.761723 1.060454 1.026945
0.762624 1.063238 1.023218
0.763513 1.065986 1.019462
0.764389 1.068698 1.015678
0.765252 1.071375 1.011865
0.766102 1.074015 1.008025
0.766940 1.076619 1.004156
0.767764 1.079187 1.000261
0.768575 1.081718 0.996339
0.769373 1.084212 0.992390
0.770157 1.086668 0.988415
0.770928 1.089087 0.984415
0.771686 1.091468 0.980390
0.772430 1.093811 0.976339
0.773160 1.096115 0.972265
0.773877 1.098382 0.968166
0.774580 1.100609 0.964044
0.775270 1.102797 0.959898
0.775946 1.104946 0.955730
0.776610 1.107055 0.951540
0.777260 1.109124 0.947328
0.777897 1.111153 0.943094
0.778521 1.113142 0.938839
0.779132 1.115089 0.934564
0.779730 1.116997 0.930268
0.780316 1.118862 0.925953
0.780890 1.120687 0.921618
0.781451 1.122469 0.917265
0.782001 1.124210 0.912893
0.782538 1.125909 0.908503
0.783064 1.127565 0.904095
0.783578 1.129178 0.899670
0.784081 1.130749 0.895229
0.784572 1.132277 0.890771
0.785052 1.133761 0.886298
0.785521 1.135202 0.881809
0.785978 1.136599 0.877305
0.786424 1.137953 0.872787
0.787109 1.139938 0.873712
0.787774 1.141921 0.874659
0.788428 1.143894 0.875624
0.789074 1.145861 0.876612
0.789479 1.147180 0.872080
0.789887 1.148451 0.867534
0.790291 1.149675 0.862975
0.790686 1.150854 0.858403
0.791071 1.151985 0.853817
0.791444 1.153072 0.849219
0.791805 1.154117 0.844612
0.792154 1.155117 0.839995
0.792490 1.156074 0.835367
0.792814 1.156985 0.830729
0.793124 1.157853 0.826082
0.793421 1.158675 0.821425
0.793704 1.159453 0.816761
0.793974 1.160187 0.812088
0.794229 1.160875 0.807407
0.794471 1.161519 0.802720
0.794699 1.162119 0.798026
0.794258 1.160708 0.792337
0.793802 1.159242 0.786664
0.793330 1.157721 0.781006
0.792842 1.156147 0.775364
0.792337 1.154518 0.769740
