0.620000 0.931436 1.101259
0.616887 0.931418 1.101257
0.613774 0.931369 1.101256
0.610661 0.931290 1.101254
0.607403 0.934847 1.099047
0.604074 0.938347 1.096804
0.600675 0.941790 1.094524
0.597207 0.945173 1.092208
0.593672 0.948495 1.089856
0.590070 0.951755 1.087468
0.586402 0.954952 1.085046
0.582670 0.958084 1.082588
0.578875 0.961151 1.080095
0.575018 0.964149 1.077567
0.571101 0.967080 1.075005
0.567124 0.969940 1.072409
0.563090 0.972729 1.069778
0.559355 0.973372 1.066198
0.559149 0.974567 1.062605
0.555398 0.975099 1.059001
0.551635 0.975555 1.055384
0.547864 0.975935 1.051756
0.544087 0.976239 1.048117
0.540303 0.976468 1.044468
0.536516 0.976621 1.040808
0.532727 0.976698 1.037139
0.532506 0.977594 1.033462
0.532295 0.978453 1.029775
0.531571 0.981404 1.026758
0.531416 0.982033 1.019111
0.527681 0.981605 1.011461
0.524143 0.980382 1.007543
0.524074 0.980630 0.999900
0.524046 0.980729 0.992263
0.524057 0.980679 0.984635
0.524200 0.980133 0.980748
0.524353 0.979550 0.976867
0.520175 0.980714 0.977459
0.515960 0.981823 0.978073
0.515251 0.984266 0.974920
0.514555 0.986679 0.971741
0.512147 0.988568 0.968545
0.511482 0.990924 0.965317
0.510826 0.993248 0.962065
0.510180 0.995542 0.958789
0.509542 0.997803 0.955489
0.508914 1.000034 0.952166
0.508295 1.002232 0.948820
0.507685 1.004397 0.945451
0.507084 1.006531 0.942060
0.506492 1.008631 0.938647
0.505910 1.010698 0.935212
0.505336 1.012732 0.931756
0.504771 1.014733 0.928279
0.504216 1.016700 0.924781
0.503669 1.018633 0.921263
0.503132 1.020531 0.917725
0.502603 1.022396 0.914167
0.502084 1.024226 0.910591
0.501573 1.026021 0.906995
0.501072 1.027781 0.903381
0.500580 1.029507 0.899749
0.500097 1.031196 0.896099
0.500085 1.031193 0.896098
0.500532 1.029715 0.892487
0.500975 1.028197 0.888891
0.501426 1.026645 0.885310
0.501887 1.025059 0.881747
0.502955 1.021309 0.877586
0.504034 1.017518 0.873464
0.505124 1.013689 0.869382
0.506226 1.009820 0.865340
0.507340 1.005913 0.861339
0.508465 1.001968 0.857378
0.508437 1.001959 0.857377
0.508423 1.001955 0.857377
0.507806 1.004107 0.857879
0.507193 1.006255 0.858404
0.506580 1.008398 0.858950
0.507130 1.006583 0.855511
0.507674 1.004729 0.852091
0.508227 1.002843 0.848690
0.508689 1.001892 0.846065
0.508681 1.001961 0.846120
0.508679 1.002030 0.846173
0.509485 0.999360 0.846475
0.510294 0.996738 0.846770
0.510292 0.996792 0.846819
0.510299 0.996848 0.846868
0.510306 0.996904 0.846916
0.509920 0.996810 0.846962
0.509525 0.996712 0.847006
0.509138 0.996615 0.847048
0.508761 0.996521 0.847090
0.508363 0.996434 0.847126
0.508164 0.996394 0.847136
0.507975 0.996358 0.847147
0.507898 0.996350 0.847163
0.507624 0.997239 0.851091
0.507361 0.998097 0.855030
0.507109 0.998917 0.858978
0.510459 1.000742 0.862927
0.514047 1.002563 0.866891
0.517683 1.004317 0.870863
0.521354 1.005998 0.874842
0.524134 1.011365 0.883124
0.527056 1.016552 0.891528
0.530109 1.021551 0.900050
0.535257 1.023079 0.904162
0.540432 1.024510 0.908287
0.544420 1.025605 0.912410
0.547800 1.030034 0.921164
0.551294 1.034258 0.930023
0.554893 1.038272 0.938984
0.558911 1.040065 0.946967
0.562977 1.041665 0.954984
0.567088 1.043071 0.963031
0.571240 1.044282 0.971106
0.575426 1.045296 0.979206
0.579642 1.046112 0.987327
0.583882 1.046728 0.995467
0.588143 1.047144 1.003622
0.592418 1.047359 1.011789
0.596702 1.047372 1.019965
0.600990 1.047182 1.028147
0.605277 1.046789 1.036332
0.609558 1.046194 1.044516
0.613827 1.045396 1.052696
0.618079 1.044395 1.060870
0.622309 1.043191 1.069034
0.626505 1.040020 1.071893
0.626471 1.036865 1.074720
0.626434 1.033681 1.077515
0.626396 1.030470 1.080278
0.626357 1.027231 1.083009
0.622279 1.024008 1.085707
0.618264 1.020717 1.088372
0.618289 1.017398 1.091005
0.618315 1.014053 1.093605
0.618340 1.010682 1.096171
0.618365 1.007285 1.098703
0.618390 1.003864 1.101201
0.618415 1.000417 1.103665
0.618439 0.996947 1.106094
0.618464 0.993452 1.108489
0.618488 0.989933 1.110848
0.618512 0.986391 1.113172
0.618535 0.982826 1.115461
0.618559 0.979238 1.117714
0.618582 0.975628 1.119931
0.618605 0.971996 1.122112
0.618628 0.968342 1.124257
0.618651 0.964667 1.126364
0.618668 0.964612 1.121580
0.618685 0.964482 1.116833
0.618702 0.964280 1.112127
0.618721 0.962344 1.110893
0.618740 0.960396 1.109678
0.618759 0.958436 1.108483
0.618778 0.956464 1.107308
0.618796 0.954480 1.106153
0.618815 0.952485 1.105017
0.618833 0.950479 1.103902
0.618851 0.948461 1.102806
0.618868 0.946433 1.101731
0.618886 0.944394 1.100676
0.618903 0.942345 1.099642
0.618920 0.940286 1.098628
0.618937 0.938216 1.097635
0.618953 0.936137 1.096663
0.618970 0.934048 1.095711
0.618986 0.931949 1.094781
0.619002 0.929842 1.093871
0.619018 0.927725 1.092983
0.619034 0.925600 1.092116
0.622084 0.925595 1.092115
0.625134 0.925559 1.092115
0.628184 0.925492 1.092114
0.631317 0.928224 1.093745
0.634507 0.930939 1.095347
0.637752 0.933636 1.096921
0.641055 0.936315 1.098466
0.644414 0.938975 1.099983
0.647830 0.941613 1.101470
0.651303 0.944230 1.102928
0.654832 0.946823 1.104357
0.658418 0.949391 1.105756
0.662062 0.951934 1.107126
0.665761 0.954450 1.108466
0.669340 0.955597 1.105082
0.672941 0.956671 1.101681
0.676783 0.959103 1.102931
0.680681 0.961504 1.104151
0.684635 0.963873 1.105341
0.688645 0.966208 1.106500
0.692710 0.968507 1.107628
0.696831 0.970771 1.108726
0.701010 0.972995 1.109791
0.705244 0.975180 1.110825
0.709533 0.977325 1.111829
0.713876 0.979430 1.112801
0.718272 0.981492 1.113742
0.722722 0.983511 1.114652
0.727224 0.985486 1.115530
0.731779 0.987414 1.116377
0.736385 0.989295 1.117192
0.741043 0.991128 1.117976
0.745751 0.992911 1.118728
0.750510 0.994645 1.119448
0.755318 0.996326 1.120136
0.760175 0.997956 1.120792
0.765080 0.999531 1.121416
0.770033 1.001051 1.122008
0.775032 1.002516 1.122567
0.780077 1.003924 1.123095
0.785168 1.005273 1.123590
0.790303 1.006564 1.124053
0.795481 1.007794 1.124483
0.800702 1.008963 1.124881
0.805964 1.010071 1.125247
0.811267 1.011115 1.125580
0.816610 1.012095 1.125880
0.821991 1.013010 1.126148
0.827410 1.013859 1.126382
0.832865 1.014642 1.126584
0.838356 1.015357 1.126754
0.843183 1.014738 1.122227
0.847989 1.014025 1.117680
0.852776 1.013218 1.113116
0.857544 1.012317 1.108535
0.862290 1.011322 1.103937
0.867013 1.010235 1.099323
0.871710 1.009055 1.094694
0.876380 1.007783 1.090049
0.880218 1.005214 1.090045
0.884032 1.002608 1.090042
0.887819 0.999963 1.090039
0.891581 0.997282 1.090036
0.895315 0.994563 1.090033
0.899023 0.991807 1.090030
0.902702 0.989015 1.090027
0.906354 0.986186 1.090024
0.909978 0.983321 1.090022
0.913573 0.980420 1.090019
0.917139 0.977483 1.090016
0.920676 0.974511 1.090013
0.924183 0.971505 1.090010
0.927660 0.968463 1.090008
0.931106 0.965387 1.090005
0.934522 0.962278 1.090002
0.937906 0.959134 1.089999
0.941259 0.955957 1.089997
0.944581 0.952747 1.089994
0.948886 0.950536 1.085337
0.952150 0.947251 1.085333
0.955383 0.943935 1.085330
0.958582 0.940586 1.085327
0.961749 0.937206 1.085324
0.964882 0.933795 1.085322
0.967980 0.930352 1.085319
0.971044 0.926879 1.085316
0.974074 0.923376 1.085314
0.977069 0.919843 1.085311
0.981104 0.917177 1.080640
0.985081 0.914434 1.075954
0.989001 0.911615 1.071254
0.992861 0.908721 1.066542
0.996660 0.905752 1.061817
1.000398 0.902710 1.057081
1.004072 0.899597 1.052333
1.007681 0.896413 1.047574
1.008606 0.895124 1.047593
1.008880 0.894740 1.047598
1.008946 0.894619 1.047573
1.009106 0.894461 1.047758
1.009339 0.894194 1.048055
1.009172 0.894358 1.047815
1.009158 0.894376 1.047815
1.011053 0.891657 1.047798
1.013478 0.888128 1.047792
1.016043 0.884323 1.047790
1.014944 0.885984 1.047820
1.012754 0.889215 1.047829
1.009324 0.892286 1.052588
