0.873906 0.954750 1.160634
0.869232 0.955511 1.164824
0.864543 0.956177 1.168991
0.859842 0.956749 1.173135
0.855131 0.957227 1.177256
0.850411 0.957610 1.181353
0.845686 0.957898 1.185427
0.840955 0.958092 1.189476
0.836223 0.958191 1.193501
0.831489 0.958195 1.197500
0.826756 0.958104 1.201474
0.822026 0.957919 1.205423
0.817301 0.957640 1.209345
0.812582 0.957266 1.213240
0.807872 0.956797 1.217108
0.803172 0.956235 1.220949
0.801682 0.953532 1.219881
0.800199 0.950836 1.218780
0.798721 0.948150 1.217648
0.797249 0.945474 1.216486
0.792691 0.944798 1.220176
0.788147 0.944032 1.223838
0.783619 0.943175 1.227473
0.779109 0.942228 1.231079
0.774568 0.941116 1.229770
0.770071 0.939955 1.228427
0.765619 0.938748 1.227054
0.761212 0.937496 1.225651
0.756850 0.936202 1.224219
0.752534 0.934866 1.222758
0.748263 0.933490 1.221267
0.744039 0.932074 1.219748
0.739861 0.930619 1.218200
0.735731 0.929126 1.216623
0.731648 0.927597 1.215017
0.727612 0.926034 1.213383
0.723624 0.924436 1.211721
0.722707 0.921793 1.210032
0.719684 0.922803 1.210029
0.716652 0.923783 1.210027
0.717461 0.926310 1.206824
0.718260 0.928806 1.203595
0.718261 0.928804 1.203593
0.718176 0.928579 1.198706
0.718076 0.928307 1.193822
0.717961 0.927988 1.188940
0.714750 0.928585 1.184062
0.711522 0.929102 1.179188
0.708281 0.929539 1.174319
0.705026 0.929896 1.169455
0.701761 0.930171 1.164598
0.698487 0.930365 1.159746
0.695205 0.930477 1.154900
0.691918 0.930508 1.150061
0.688627 0.930456 1.145230
0.685334 0.930323 1.140407
0.682042 0.930108 1.135593
0.678750 0.929812 1.130788
0.675463 0.929433 1.125992
0.672180 0.928973 1.121207
0.668905 0.928430 1.116431
0.665638 0.927805 1.111666
0.662383 0.927099 1.106913
0.659139 0.926312 1.102171
0.655910 0.925444 1.097443
0.652697 0.924495 1.092727
0.652698 0.924493 1.092725
0.649652 0.924803 1.092724
0.646603 0.925083 1.092723
0.643552 0.925332 1.092721
0.640498 0.925550 1.092720
0.637442 0.925738 1.092719
0.634384 0.925896 1.092718
0.631325 0.926022 1.092716
0.628265 0.926119 1.092715
0.625204 0.926184 1.092714
0.622143 0.926220 1.092713
0.619082 0.926224 1.092711
0.619082 0.926223 1.092710
0.622145 0.926215 1.092709
0.625208 0.926176 1.092708
0.628369 0.928934 1.094337
0.631587 0.931676 1.095939
0.634861 0.934400 1.097512
0.638191 0.937104 1.099056
0.641578 0.939788 1.100571
0.645022 0.942451 1.102057
0.648522 0.945091 1.103514
0.652079 0.947709 1.104942
0.655692 0.950301 1.106341
0.659362 0.952868 1.107710
0.663088 0.955407 1.109049
0.666982 0.958693 1.106510
0.670942 0.961909 1.103932
0.674967 0.965054 1.101318
0.679056 0.968126 1.098666
0.683207 0.971123 1.095977
0.687419 0.974046 1.093251
0.691690 0.976893 1.090490
0.696019 0.979662 1.087693
0.700405 0.982353 1.084860
0.704845 0.984964 1.081992
0.709339 0.987493 1.079088
0.713884 0.989941 1.076149
0.718480 0.992305 1.073176
0.723124 0.994585 1.070168
0.727814 0.996781 1.067126
0.732550 0.998891 1.064051
0.737330 1.000914 1.060943
0.742153 1.002851 1.057802
0.747016 1.004698 1.054629
0.751917 1.006457 1.051423
0.756856 1.008125 1.048186
0.761830 1.009702 1.044916
0.762938 1.012630 1.041616
0.764016 1.015533 1.038284
0.765082 1.018404 1.034921
0.766137 1.021244 1.031528
0.767180 1.024052 1.028105
0.768211 1.026827 1.024652
0.769231 1.029571 1.021169
0.770238 1.032281 1.017658
0.771232 1.034958 1.014117
0.772213 1.037603 1.010549
0.773182 1.040213 1.006952
0.774137 1.042790 1.003327
0.775080 1.045334 0.999675
0.776008 1.047843 0.995996
0.776924 1.050317 0.992291
0.778034 1.053385 0.992431
0.779152 1.056452 0.992538
0.780270 1.059519 0.992613
0.781386 1.062588 0.992655
0.782296 1.065028 0.988793
0.783181 1.067436 0.984904
0.780156 1.071218 0.981004
0.780428 1.073752 0.977053
0.781142 1.076095 0.973088
0.781923 1.078372 0.969100
0.782705 1.080607 0.965088
0.783476 1.082803 0.961053
0.784233 1.084962 0.956995
0.784975 1.087082 0.952914
0.785703 1.089164 0.948811
0.786417 1.091207 0.944686
0.787116 1.093211 0.940539
0.787801 1.095177 0.936372
0.788472 1.097103 0.932184
0.789129 1.098990 0.927975
0.789772 1.100836 0.923747
0.790401 1.102643 0.919500
0.791016 1.104410 0.915234
0.791618 1.106136 0.910949
0.792206 1.107821 0.906647
0.792781 1.109465 0.902326
0.793343 1.111068 0.897989
0.793892 1.112629 0.893635
0.794428 1.114149 0.889264
0.794952 1.115626 0.884878
0.795463 1.117062 0.880476
0.795961 1.118455 0.876059
0.796447 1.119806 0.871627
0.796920 1.121114 0.867182
0.797380 1.122380 0.862723
0.797829 1.123602 0.858250
0.798264 1.124781 0.853765
0.798686 1.125915 0.849266
0.799096 1.127006 0.844755
0.799493 1.128054 0.840233
0.799877 1.129060 0.835701
0.800248 1.130023 0.831158
0.800605 1.130943 0.826606
0.798042 1.132845 0.822050
0.794133 1.135133 0.817481
0.792640 1.136524 0.812896
0.792235 1.137503 0.808306
0.792240 1.138299 0.803709
0.793069 1.141140 0.802326
0.793972 1.143943 0.800914
0.794899 1.146721 0.799471
0.795832 1.149483 0.798000
0.792109 1.149157 0.792433
0.790888 1.149549 0.792430
0.789822 1.147643 0.791599
0.789026 1.145642 0.790791
