0.481111 1.034628 1.123008
0.479902 1.038341 1.119487
0.478703 1.042020 1.115927
0.477514 1.045664 1.112329
0.476335 1.049274 1.108693
0.475167 1.052849 1.105018
0.474008 1.056388 1.101306
0.472860 1.059892 1.097557
0.471723 1.063358 1.093771
0.470595 1.066789 1.089949
0.469478 1.070182 1.086090
0.468371 1.073537 1.082196
0.467275 1.076855 1.078267
0.466189 1.080134 1.074302
0.465113 1.083375 1.070303
0.464049 1.086577 1.066270
0.462995 1.089740 1.062203
0.461953 1.092863 1.058103
0.460921 1.095946 1.053970
0.459901 1.098989 1.049804
0.458891 1.101992 1.045607
0.457894 1.104955 1.041378
0.456908 1.107876 1.037118
0.455935 1.110756 1.032827
0.454973 1.113595 1.028506
0.454025 1.116393 1.024156
0.453089 1.119148 1.019776
0.452166 1.121862 1.015367
0.451257 1.124534 1.010929
0.450362 1.127163 1.006463
0.449481 1.129749 1.001970
0.448616 1.132293 0.997450
0.447765 1.134795 0.992903
0.446929 1.137253 0.988329
0.446110 1.139668 0.983730
0.445307 1.142040 0.979106
0.444520 1.144368 0.974456
0.443751 1.146654 0.969783
0.442998 1.148895 0.965085
0.442264 1.151092 0.960364
0.441549 1.153246 0.955620
0.440851 1.155356 0.950853
0.440173 1.157422 0.946065
0.439513 1.159443 0.941254
0.438872 1.161420 0.936423
0.438250 1.163351 0.931571
0.437647 1.165238 0.926699
0.437063 1.167080 0.921807
0.436498 1.168876 0.916896
0.435952 1.170627 0.911967
0.436079 1.170308 0.906160
0.436225 1.169933 0.900356
0.436391 1.169504 0.894556
0.436577 1.169020 0.888761
0.436120 1.170537 0.883745
0.435683 1.172008 0.878714
0.435265 1.173433 0.873668
0.434866 1.174811 0.868607
0.434484 1.176141 0.863533
0.434780 1.175367 0.857671
0.435094 1.174536 0.851817
0.435425 1.173650 0.845972
0.435110 1.174785 0.840845
0.435478 1.173796 0.835000
0.435863 1.172750 0.829164
0.436267 1.171649 0.823340
0.436683 1.170490 0.817528
0.437126 1.169279 0.811728
0.436912 1.170122 0.806540
0.436708 1.170915 0.801344
0.436524 1.171660 0.796140
0.436641 1.171617 0.796084
0.436696 1.171634 0.796083
0.436739 1.171647 0.796081
0.436780 1.171660 0.796080
0.436820 1.171672 0.796079
0.436859 1.171684 0.796078
0.436508 1.173082 0.801896
0.436140 1.174415 0.807728
0.435781 1.175689 0.813575
0.435436 1.176906 0.819434
0.435108 1.178067 0.825306
0.438317 1.180334 0.831204
0.442958 1.182960 0.837103
0.449220 1.181917 0.838704
0.455625 1.180840 0.840274
0.462057 1.179694 0.841815
0.469629 1.178772 0.843318
0.477199 1.177754 0.844802
0.484746 1.176637 0.846267
0.492817 1.173322 0.846961
0.500848 1.169898 0.847658
0.507106 1.168188 0.849024
0.513295 1.166390 0.850361
0.519429 1.164509 0.851668
0.525510 1.162546 0.852946
0.531542 1.160503 0.854193
0.536318 1.158160 0.855378
0.541011 1.155768 0.856543
0.545634 1.153330 0.857686
0.546825 1.153494 0.857685
0.547861 1.153637 0.857687
0.548318 1.153699 0.857687
0.548524 1.153727 0.857687
0.551512 1.154114 0.857684
0.555835 1.154648 0.857682
0.560709 1.156041 0.863070
0.565849 1.157360 0.868467
0.571483 1.154798 0.869531
0.577280 1.150008 0.869812
0.583000 1.145141 0.870083
0.588628 1.140196 0.870346
0.594156 1.135175 0.870599
0.599580 1.130080 0.870843
0.604896 1.124914 0.871078
0.610104 1.119677 0.871303
0.615202 1.114373 0.871518
0.620189 1.109004 0.871725
0.625064 1.103572 0.871921
0.629868 1.103497 0.871921
0.631759 1.103467 0.871934
0.629588 1.103532 0.871952
0.625810 1.103599 0.871959
0.621387 1.103635 0.871962
0.619624 1.103625 0.871949
0.618927 1.104305 0.876784
0.618638 1.104940 0.881628
0.618558 1.101740 0.882283
0.618519 1.098533 0.882905
0.618501 1.093099 0.882919
0.618488 1.087654 0.882924
0.618477 1.082197 0.882918
0.618467 1.076730 0.882903
0.618457 1.071254 0.882877
0.618449 1.065768 0.882842
0.618442 1.060273 0.882797
0.618435 1.054771 0.882742
0.618431 1.049261 0.882677
0.618428 1.043744 0.882602
0.618376 1.044325 0.886842
0.618349 1.044865 0.891087
0.618335 1.043106 0.894919
0.618283 1.044993 0.902810
0.618251 1.046727 0.910748
0.618261 1.044781 0.914553
0.618254 1.042796 0.918337
0.618245 1.040773 0.922102
0.618237 1.038713 0.925845
0.618231 1.036615 0.929569
0.618226 1.034481 0.933270
0.618222 1.032309 0.936951
0.618219 1.030101 0.940610
0.618217 1.027856 0.944246
0.618216 1.025575 0.947860
0.618216 1.023258 0.951450
0.618218 1.020906 0.955018
0.618220 1.018517 0.958561
0.618222 1.016094 0.962081
0.618226 1.013635 0.965576
0.618230 1.011142 0.969047
0.618235 1.008614 0.972492
0.618240 1.006052 0.975913
0.618246 1.003455 0.979307
0.618252 1.000825 0.982675
0.618258 0.998161 0.986017
0.618264 0.995464 0.989331
0.618270 0.992734 0.992619
0.618276 0.989971 0.995879
0.618282 0.987176 0.999112
0.618289 0.984348 1.002316
0.618295 0.981489 1.005492
0.618302 0.978598 1.008639
0.618308 0.975675 1.011757
0.618315 0.972721 1.014845
0.618322 0.969736 1.017904
0.618329 0.966720 1.020932
0.618337 0.963673 1.023929
0.618344 0.960596 1.026896
0.618352 0.957490 1.029833
0.618361 0.954355 1.032738
0.618369 0.951191 1.035611
0.618370 0.950246 1.038917
0.618371 0.949268 1.042214
0.618373 0.948258 1.045501
0.618374 0.947215 1.048777
0.618375 0.946139 1.052043
0.618377 0.945030 1.055297
0.618378 0.943889 1.058541
0.618380 0.942716 1.061773
0.618381 0.941510 1.064993
0.618383 0.940272 1.068201
0.618385 0.939002 1.071396
0.618386 0.937701 1.074578
0.618388 0.936367 1.077748
0.618390 0.935002 1.080903
0.618392 0.933606 1.084045
0.618394 0.932178 1.087173
0.618396 0.930719 1.090286
0.618398 0.929229 1.093384
0.618399 0.927708 1.096468
0.618401 0.926156 1.099536
0.618402 0.926155 1.099534
0.618403 0.926153 1.099533
0.618404 0.926151 1.099532
0.618404 0.926149 1.099530
