0.789673 1.147690 0.791599
0.790357 1.149718 0.792428
0.791044 1.151736 0.793280
0.791730 1.153745 0.794152
0.792414 1.155745 0.795045
0.793095 1.157737 0.795960
0.793772 1.159721 0.796896
0.794445 1.161696 0.797852
0.794642 1.162269 0.793126
0.794180 1.160811 0.787434
0.793707 1.159299 0.781760
0.793220 1.157732 0.776103
0.793256 1.157720 0.776102
0.793282 1.157711 0.776102
0.793299 1.157706 0.776102
0.793314 1.157701 0.776102
0.793328 1.157696 0.776102
0.793342 1.157692 0.776101
0.793355 1.157687 0.776101
0.792830 1.156073 0.770460
0.792304 1.154400 0.764836
0.792332 1.154391 0.764836
0.791777 1.152668 0.759230
0.791218 1.150888 0.753643
0.790646 1.149053 0.748074
0.790585 1.148539 0.747788
0.790611 1.148520 0.747780
0.790626 1.148511 0.747778
0.790595 1.148520 0.747776
0.790589 1.148519 0.747775
0.791142 1.148763 0.748028
0.791687 1.148996 0.748274
0.792211 1.149222 0.748513
0.792717 1.149441 0.748746
0.793206 1.149654 0.748971
0.793311 1.149728 0.749039
0.793410 1.149800 0.749104
0.793506 1.149870 0.749167
0.794119 1.151670 0.754746
0.794708 1.153426 0.760349
0.795273 1.155130 0.765969
0.795827 1.156778 0.771607
0.796363 1.158373 0.777262
0.796885 1.159913 0.782933
0.794020 1.162516 0.788622
0.789780 1.165450 0.794326
0.785014 1.168434 0.800044
0.780019 1.171369 0.805775
0.774900 1.174221 0.811520
0.769700 1.176976 0.817278
0.764434 1.179630 0.823049
0.759111 1.182180 0.828832
0.753734 1.184623 0.834625
0.748307 1.186959 0.840430
0.742832 1.189187 0.846244
0.737311 1.191305 0.852069
0.731746 1.193312 0.857902
0.726139 1.195209 0.863744
0.720493 1.196993 0.869593
0.714808 1.198665 0.875450
0.709088 1.200224 0.881313
0.703333 1.201668 0.887183
0.697548 1.202998 0.893058
0.691732 1.204212 0.898937
0.685889 1.205310 0.904821
0.680021 1.206291 0.910709
0.674130 1.207155 0.916600
0.668219 1.207902 0.922493
0.662289 1.208531 0.928388
0.656344 1.209041 0.934285
0.650386 1.209432 0.940182
0.644418 1.209705 0.946079
0.638440 1.209858 0.951976
0.632457 1.209892 0.957872
0.626472 1.209806 0.963766
0.620463 1.207897 0.968122
0.617649 1.205891 0.972431
0.616317 1.203847 0.976733
0.618946 1.201770 0.980994
0.623312 1.199639 0.985252
0.625052 1.197474 0.989526
0.625719 1.195269 0.993765
0.625928 1.193024 0.997978
0.625976 1.188062 0.996843
0.625909 1.183077 0.995686
0.625802 1.178566 0.988935
0.625680 1.173532 0.987794
0.625552 1.168483 0.986643
0.625423 1.163418 0.985477
0.625296 1.158336 0.984297
0.625172 1.153239 0.983103
0.625050 1.148126 0.981895
0.624931 1.142998 0.980673
0.624814 1.137856 0.979437
0.624701 1.132700 0.978187
0.624590 1.127531 0.976924
0.624483 1.122350 0.975648
0.624378 1.117156 0.974358
0.624277 1.111950 0.973055
0.624178 1.106733 0.971740
0.624081 1.101505 0.970411
0.623988 1.096267 0.969069
0.623901 1.094005 0.972659
0.623841 1.091708 0.976229
0.623784 1.089376 0.979775
0.623728 1.087008 0.983298
0.623674 1.084605 0.986797
0.623621 1.082167 0.990272
0.623568 1.079695 0.993723
0.623516 1.077189 0.997149
0.623465 1.074648 1.000549
0.623415 1.072074 1.003924
0.623365 1.069466 1.007273
0.623316 1.066824 1.010596
0.623268 1.064150 1.013893
0.623220 1.061442 1.017162
0.623172 1.058702 1.020404
0.623125 1.055930 1.023619
0.623079 1.053124 1.026806
0.623034 1.050288 1.029964
0.622988 1.047421 1.033095
0.622943 1.044522 1.036196
0.622897 1.041593 1.039269
0.622851 1.038633 1.042312
0.622805 1.035643 1.045325
0.622760 1.032623 1.048308
0.622713 1.029573 1.051261
0.622667 1.026493 1.054183
0.622621 1.023385 1.057074
0.622574 1.020248 1.059935
0.622527 1.017083 1.062763
0.622481 1.013889 1.065560
0.622434 1.010668 1.068325
0.622387 1.007419 1.071057
0.622339 1.004143 1.073757
0.622292 1.000840 1.076424
0.622244 0.997510 1.079058
0.622196 0.994155 1.081658
0.622149 0.990774 1.084225
0.622101 0.987367 1.086758
0.622052 0.983935 1.089256
0.622004 0.980478 1.091720
0.621956 0.976997 1.094150
0.621907 0.973491 1.096544
0.621858 0.969962 1.098903
0.621810 0.966410 1.101227
0.621761 0.962834 1.103515
0.621712 0.959236 1.105768
0.621663 0.955615 1.107984
0.621613 0.951973 1.110164
0.621580 0.949985 1.109016
0.621547 0.947986 1.107888
0.621514 0.945976 1.106780
0.621481 0.943955 1.105692
0.621448 0.941923 1.104624
0.621415 0.939880 1.103577
0.621382 0.937827 1.102550
0.621349 0.935764 1.101544
0.621316 0.933691 1.100558
0.621283 0.931608 1.099593
0.621250 0.929516 1.098649
0.621217 0.927414 1.097726
0.621184 0.925304 1.096824
0.621180 0.925304 1.096824
0.621175 0.925303 1.096823
0.621170 0.925303 1.096823
0.621166 0.925303 1.096823
0.621161 0.925303 1.096822
0.621156 0.925303 1.096822
0.621151 0.925303 1.096822
0.621147 0.925302 1.096821
0.621142 0.925302 1.096821
0.621137 0.925302 1.096820
0.621132 0.925302 1.096820
0.621127 0.925302 1.096820
0.621123 0.925302 1.096819
0.621118 0.925301 1.096819
0.621113 0.925301 1.096818
0.621108 0.925301 1.096818
0.621103 0.925301 1.096817
0.621098 0.925301 1.096817
0.618041 0.925296 1.096816
0.614983 0.925261 1.096816
0.611869 0.928008 1.098474
0.608699 0.930739 1.100104
0.605525 0.932164 1.096987
0.602256 0.934862 1.098560
0.598931 0.937540 1.100105
0.595549 0.940198 1.101620
0.592111 0.942835 1.103107
0.588616 0.945450 1.104565
0.585065 0.948041 1.105993
0.581457 0.950608 1.107392
0.577953 0.951820 1.104055
0.574425 0.952963 1.100702
0.570875 0.954034 1.097333
0.567083 0.956496 1.098613
0.563235 0.958928 1.099862
0.559331 0.961328 1.101082
0.555371 0.963695 1.102271
0.551355 0.966029 1.103429
0.547284 0.968327 1.104557
0.543158 0.970589 1.105655
0.542508 0.973607 1.106721
0.541857 0.976634 1.107757
0.537613 0.978866 1.108761
0.533650 0.979619 1.105070
0.529673 0.980292 1.101363
0.525682 0.980886 1.097641
0.521681 0.981399 1.093902
0.517669 0.981833 1.090149
0.513177 0.983828 1.090965
0.508632 0.985778 1.091750
0.504036 0.987680 1.092503
0.499388 0.989533 1.093224
0.498249 0.993024 1.090015
0.497140 0.996492 1.086769
0.492282 0.998681 1.083488
0.487347 1.000768 1.080171
0.482368 1.002762 1.076817
0.477348 1.004663 1.073429
0.476159 1.007663 1.073923
0.475040 1.010695 1.074387
0.473921 1.013732 1.074818
0.472800 1.016773 1.075218
0.471677 1.019817 1.075584
