0.775068 1.080371 1.010923
0.775937 1.083017 1.006917
0.776792 1.085624 1.002884
0.777633 1.088194 0.998824
0.778459 1.090725 0.994737
0.779271 1.093218 0.990623
0.780069 1.095672 0.986484
0.780853 1.098087 0.982319
0.781623 1.100463 0.978128
0.782378 1.102799 0.973913
0.783120 1.105096 0.969674
0.783168 1.105334 0.964554
0.783880 1.107550 0.960267
0.784580 1.109725 0.955957
0.785267 1.111858 0.951625
0.785941 1.113951 0.947270
0.786601 1.116002 0.942894
0.787249 1.118011 0.938496
0.788207 1.121062 0.937838
0.788860 1.123016 0.933387
0.789490 1.124931 0.928916
0.790102 1.126803 0.924426
0.790701 1.128633 0.919915
0.791286 1.130420 0.915386
0.791859 1.132163 0.910838
0.792420 1.133862 0.906272
0.792969 1.135517 0.901689
0.793506 1.137127 0.897088
0.794031 1.138693 0.892470
0.794544 1.140211 0.887835
0.795046 1.141685 0.883183
0.795535 1.143115 0.878518
0.796013 1.144501 0.873838
0.796478 1.145841 0.869144
0.796931 1.147136 0.864436
0.797371 1.148385 0.859714
0.797798 1.149589 0.854979
0.798212 1.150747 0.850232
0.798613 1.151859 0.845472
0.799001 1.152926 0.840701
0.799374 1.153947 0.835919
0.799734 1.154922 0.831127
0.800079 1.155851 0.826324
0.800410 1.156735 0.821511
0.800726 1.157572 0.816689
0.801027 1.158364 0.811859
0.801313 1.159109 0.807020
0.801583 1.159809 0.802174
0.801839 1.160463 0.797320
0.802078 1.161071 0.792460
0.802302 1.161633 0.787593
0.801827 1.160122 0.781886
0.801334 1.158558 0.776195
0.800817 1.156942 0.770520
0.800865 1.156924 0.770519
0.800894 1.156914 0.770519
0.800923 1.156904 0.770519
0.800947 1.156895 0.770518
0.800969 1.156887 0.770518
0.800990 1.156880 0.770518
0.801012 1.156872 0.770517
0.801034 1.156864 0.770517
0.801050 1.156858 0.770517
0.801070 1.156851 0.770516
0.801939 1.159473 0.768774
0.799571 1.164977 0.772732
0.794587 1.166594 0.772732
0.789255 1.168267 0.772731
0.783313 1.168260 0.767002
0.781257 1.167007 0.761291
0.780920 1.167106 0.761291
0.780854 1.167125 0.761291
0.780854 1.167122 0.761289
0.780333 1.165351 0.755595
0.779821 1.163518 0.749920
0.781196 1.165162 0.747614
0.781239 1.165195 0.747679
0.781241 1.165307 0.747628
0.781228 1.165343 0.747565
0.781325 1.165419 0.747653
0.781568 1.165463 0.747710
0.782196 1.167283 0.753408
0.781782 1.167198 0.753284
0.781348 1.167056 0.753129
0.780924 1.166916 0.752978
0.780511 1.166778 0.752830
0.780534 1.166802 0.752852
0.780559 1.166824 0.752872
0.780580 1.166843 0.752890
0.780599 1.166860 0.752907
0.780615 1.166870 0.752918
0.781206 1.168637 0.758620
0.781753 1.170364 0.764346
0.782276 1.172039 0.770090
0.782784 1.173657 0.775849
0.783275 1.175221 0.781625
0.783751 1.176728 0.787418
0.784210 1.178181 0.793225
0.781149 1.180601 0.799036
0.776674 1.183329 0.804869
0.771671 1.186093 0.810718
0.766442 1.188800 0.816581
0.761097 1.191417 0.822457
0.755675 1.193933 0.828345
0.750194 1.196342 0.834244
0.744662 1.198642 0.840154
0.739081 1.200832 0.846075
0.733455 1.202910 0.852005
0.727786 1.204876 0.857944
0.722077 1.206728 0.863891
0.716329 1.208466 0.869846
0.710545 1.210090 0.875808
0.704726 1.211598 0.881777
0.698874 1.212990 0.887752
0.692993 1.214265 0.893732
0.687083 1.215422 0.899718
0.681147 1.216462 0.905707
0.675187 1.217383 0.911700
0.669205 1.218185 0.917696
0.663203 1.218868 0.923694
0.657184 1.219431 0.929694
0.651151 1.219874 0.935695
0.645104 1.220196 0.941697
0.639048 1.220398 0.947699
0.632983 1.220479 0.953700
0.626914 1.220438 0.959700
0.620842 1.220276 0.965698
0.617753 1.215309 0.965016
0.616190 1.210316 0.964321
0.615342 1.208259 0.968777
0.614910 1.206167 0.973222
0.614685 1.204032 0.977647
0.614633 1.199015 0.976859
0.614603 1.193974 0.976051
0.614584 1.188914 0.975229
0.614570 1.183835 0.974394
0.614558 1.178737 0.973546
0.614548 1.173622 0.972684
0.614539 1.168489 0.971809
0.614531 1.163339 0.970921
0.614524 1.158173 0.970019
0.614519 1.152991 0.969105
0.614517 1.147794 0.968177
0.614516 1.142581 0.967237
0.614518 1.137355 0.966284
0.614522 1.132115 0.965318
0.614529 1.126862 0.964340
0.614539 1.121595 0.963349
0.614552 1.116317 0.962345
0.614567 1.111027 0.961330
0.614585 1.105726 0.960302
0.614606 1.100414 0.959262
0.614630 1.095092 0.958210
0.614656 1.089761 0.957146
0.614685 1.084420 0.956070
0.614716 1.079071 0.954982
0.614750 1.073715 0.953883
0.614731 1.071487 0.957478
0.614732 1.069224 0.961052
0.614736 1.066927 0.964604
0.614742 1.064593 0.968132
0.614750 1.062225 0.971637
0.614760 1.059821 0.975118
0.614770 1.057383 0.978575
0.614783 1.054911 0.982007
0.614796 1.052405 0.985415
0.614810 1.049864 0.988797
0.614826 1.047290 0.992154
0.614843 1.044682 0.995485
0.614860 1.042042 0.998789
0.614878 1.039368 1.002068
0.614898 1.036662 1.005319
0.614918 1.033923 1.008543
0.614938 1.031153 1.011740
0.614959 1.028350 1.014908
0.614981 1.025516 1.018049
0.615004 1.022651 1.021161
0.615026 1.019755 1.024244
0.615050 1.016828 1.027298
0.615073 1.013871 1.030323
0.615097 1.010883 1.033318
0.615122 1.007866 1.036283
0.615147 1.004819 1.039218
0.615172 1.001744 1.042122
0.615198 0.998639 1.044995
0.615223 0.995506 1.047837
0.615250 0.992344 1.050648
0.615276 0.989155 1.053427
0.615303 0.985937 1.056173
0.615330 0.982693 1.058888
0.615357 0.979422 1.061570
0.615385 0.976124 1.064219
0.615413 0.972799 1.066835
0.615441 0.969449 1.069417
0.615470 0.966073 1.071966
0.615498 0.962672 1.074481
0.615527 0.959245 1.076962
0.615557 0.955794 1.079408
0.615586 0.952319 1.081820
0.615616 0.948820 1.084197
0.615646 0.945297 1.086539
0.615676 0.941751 1.088845
0.615707 0.938182 1.091116
0.615737 0.934591 1.093351
0.615768 0.930977 1.095550
0.615785 0.928874 1.094631
0.615801 0.926761 1.093734
0.615817 0.924639 1.092857
0.615834 0.922509 1.092002
0.615830 0.922508 1.092002
0.615825 0.922508 1.092002
0.615821 0.922508 1.092002
0.615817 0.922508 1.092002
0.615792 0.924638 1.092856
0.615767 0.926759 1.093732
0.615763 0.926758 1.093732
0.615759 0.926758 1.093732
0.615754 0.926758 1.093732
0.615750 0.926758 1.093731
0.615746 0.926757 1.093731
0.615741 0.926757 1.093731
0.615737 0.926757 1.093730
0.615733 0.926756 1.093730
0.615728 0.926756 1.093730
0.615724 0.926756 1.093729
0.615719 0.926756 1.093729
0.615715 0.926755 1.093728
0.615710 0.926755 1.093728
0.615706 0.926755 1.093728
0.615701 0.926754 1.093727
0.615697 0.926754 1.093727
0.615693 0.926754 1.093726
0.615688 0.926753 1.093726
0.615683 0.926753 1.093725
0.615679 0.926752 1.093725
0.615674 0.926752 1.093724
0.615670 0.926752 1.093724
0.615665 0.926751 1.093723
0.618728 0.926779 1.093723
0.621792 0.926776 1.093722
0.624898 0.928855 1.094619
0.628046 0.930893 1.095537
0.631235 0.932889 1.096476
0.634541 0.936370 1.094276
0.637917 0.939794 1.092040
0.641267 0.941745 1.084961
0.644647 0.943513 1.077847
0.648051 0.945097 1.070703
0.651474 0.946496 1.063530
0.655100 0.949464 1.061099
0.658785 0.952367 1.058634
0.662529 0.955205 1.056136
0.666173 0.956863 1.057012
0.669853 0.958474 1.057909
0.673569 0.960035 1.058826
0.677319 0.961546 1.059765
0.681103 0.963007 1.060725
0.684921 0.964417 1.061705
0.688770 0.965774 1.062706
0.692652 0.967079 1.063728
0.696564 0.968331 1.064770
