0.729142 1.007470 1.095629
0.730135 1.010970 1.092439
0.731120 1.014441 1.089214
0.731998 1.017518 1.089863
0.732877 1.020601 1.090479
0.733758 1.023691 1.091064
0.734640 1.026786 1.091617
0.735622 1.030248 1.088228
0.736002 1.031627 1.083958
0.736966 1.035024 1.080497
0.737920 1.038387 1.077002
0.738865 1.041716 1.073472
0.739800 1.045012 1.069907
0.740724 1.048272 1.066308
0.741638 1.051499 1.062676
0.742542 1.054690 1.059010
0.743435 1.057846 1.055311
0.744317 1.060966 1.051579
0.749332 1.062859 1.047808
0.754642 1.064583 1.044012
0.760007 1.066204 1.040184
0.765406 1.067724 1.036326
0.766816 1.070480 1.032447
0.767809 1.073326 1.028529
0.772693 1.074836 1.024567
0.778082 1.076097 1.020586
0.779715 1.078600 1.016591
0.780778 1.081253 1.012556
0.781722 1.083904 1.008492
0.782629 1.086524 1.004398
0.783518 1.089107 1.000278
0.784390 1.091651 0.996130
0.785248 1.094157 0.991955
0.786091 1.096624 0.987754
0.786920 1.099051 0.983528
0.787734 1.101438 0.979275
0.788534 1.103784 0.974998
0.789320 1.106091 0.970697
0.790091 1.108357 0.966371
0.790849 1.110581 0.962021
0.791592 1.112764 0.957648
0.792322 1.114906 0.953252
0.793038 1.117006 0.948834
0.793741 1.119063 0.944394
0.794431 1.121078 0.939933
0.795108 1.123050 0.935450
0.795772 1.124979 0.930947
0.796423 1.126865 0.926424
0.797061 1.128707 0.921881
0.797687 1.130505 0.917318
0.798301 1.132259 0.912737
0.798902 1.133969 0.908138
0.799491 1.135635 0.903520
0.800068 1.137255 0.898886
0.797880 1.139787 0.894241
0.797112 1.141765 0.889570
0.797041 1.143457 0.884884
0.797283 1.144993 0.880184
0.797661 1.146434 0.875469
0.798094 1.147807 0.870739
0.795711 1.150073 0.865998
0.794805 1.151787 0.861240
0.794657 1.153200 0.856469
0.794833 1.154457 0.851686
0.795141 1.155620 0.846890
0.795497 1.156716 0.842083
0.796409 1.159541 0.840721
0.797340 1.162345 0.839330
0.798277 1.165132 0.837910
0.798665 1.166124 0.833003
0.795799 1.168113 0.828083
0.791485 1.170486 0.823155
0.790342 1.173077 0.824001
0.790359 1.175297 0.824867
0.790787 1.177379 0.825754
0.791361 1.179408 0.826662
0.791984 1.181411 0.827590
0.792622 1.183400 0.828540
0.793264 1.185378 0.829511
0.793904 1.187347 0.830502
0.794541 1.189305 0.831514
0.794564 1.189298 0.831514
0.794584 1.189291 0.831513
0.794243 1.188198 0.825565
0.793908 1.187041 0.819627
0.793563 1.185825 0.813702
0.793204 1.184551 0.807790
0.792830 1.183220 0.801891
0.792439 1.181833 0.796006
0.792032 1.180389 0.790136
0.791601 1.178891 0.784282
0.791159 1.177336 0.778443
0.791699 1.178858 0.784280
0.792182 1.180339 0.790133
0.791394 1.177668 0.791840
0.790592 1.174983 0.793518
0.788845 1.169359 0.783644
0.787088 1.163549 0.773916
0.786605 1.161898 0.768237
0.786647 1.161884 0.768237
0.786673 1.161876 0.768236
0.786160 1.160175 0.762576
0.785649 1.158415 0.756933
0.785126 1.156599 0.751309
0.785169 1.156585 0.751309
0.785194 1.156577 0.751308
0.785214 1.156570 0.751308
0.785233 1.156564 0.751308
0.785711 1.156852 0.751566
0.786193 1.157098 0.751810
0.786689 1.157277 0.752014
0.786848 1.157408 0.752116
0.786944 1.157485 0.752176
0.787036 1.157558 0.752231
0.787068 1.157479 0.752194
0.787114 1.157382 0.752144
0.787705 1.159155 0.757773
0.788266 1.160887 0.763425
0.788807 1.162565 0.769096
0.789331 1.164190 0.774784
0.789836 1.165760 0.780488
0.786813 1.168364 0.786200
0.782429 1.171281 0.791934
0.777553 1.174232 0.797684
0.768775 1.178125 0.803423
0.758573 1.182150 0.809192
0.747794 1.186038 0.814989
0.740306 1.188943 0.820807
0.734040 1.191440 0.826629
0.728231 1.193718 0.832460
0.722580 1.195844 0.838301
0.716969 1.197844 0.844152
0.711352 1.199725 0.850012
0.705710 1.201493 0.855881
0.700036 1.203146 0.861759
0.694329 1.204687 0.867645
0.688588 1.206113 0.873539
0.682816 1.207425 0.879439
0.677014 1.208621 0.885346
0.671183 1.209702 0.891258
0.665325 1.210666 0.897175
0.659443 1.211514 0.903097
0.653539 1.212244 0.909023
0.647614 1.212857 0.914952
0.641671 1.213351 0.920883
0.635713 1.213726 0.926817
0.629741 1.213982 0.932752
0.623758 1.214119 0.938688
0.617767 1.214136 0.944624
0.611769 1.214033 0.950560
0.605768 1.213811 0.956495
0.599766 1.213468 0.962428
0.596772 1.211334 0.966896
0.595293 1.209210 0.971351
0.597599 1.207188 0.975767
0.598685 1.205085 0.980200
0.599205 1.202914 0.984607
0.599448 1.200689 0.988989
0.599559 1.198414 0.993348
0.599608 1.196095 0.997683
0.599628 1.193730 1.001995
0.599636 1.191323 1.006282
0.599638 1.188872 1.010546
0.599639 1.186379 1.014784
0.599639 1.183844 1.018997
0.599640 1.181266 1.023185
0.599643 1.178647 1.027347
0.599648 1.175987 1.031483
0.599655 1.173286 1.035592
0.599664 1.170543 1.039674
0.599677 1.167760 1.043728
0.599636 1.166721 1.049196
0.603894 1.161810 1.047853
0.609122 1.156868 1.046501
0.610302 1.151810 1.045147
0.610570 1.146718 1.043759
0.610650 1.141610 1.042353
0.610695 1.136488 1.040932
0.610738 1.131354 1.039497
0.610784 1.126208 1.038049
0.610832 1.121050 1.036587
0.610884 1.115881 1.035112
0.610939 1.110702 1.033623
0.610996 1.105513 1.032121
0.611057 1.100315 1.030607
0.611120 1.095108 1.029079
0.611185 1.089892 1.027539
0.611253 1.084669 1.025987
0.611322 1.079438 1.024422
0.611394 1.074201 1.022844
0.611467 1.068957 1.021255
0.611542 1.063707 1.019654
0.611618 1.058453 1.018041
0.611696 1.053193 1.016416
0.611775 1.047929 1.014780
0.611854 1.042662 1.013132
0.611935 1.037391 1.011473
0.612016 1.032118 1.009803
0.612041 1.029342 1.012964
0.612068 1.026535 1.016098
0.612040 1.026070 1.024077
0.612015 1.025448 1.032056
0.612045 1.022470 1.035109
0.612075 1.019462 1.038131
0.612106 1.016423 1.041124
0.612137 1.013355 1.044085
0.612168 1.010257 1.047016
0.612200 1.007131 1.049916
0.612232 1.003975 1.052784
