0.814983 0.965992 1.107857
0.819294 0.965560 1.109329
0.823607 0.965064 1.110818
0.827923 0.964504 1.112325
0.832239 0.963878 1.113849
0.836556 0.963187 1.115390
0.840872 0.962432 1.116948
0.845185 0.961611 1.118523
0.849495 0.960724 1.120115
0.853801 0.959773 1.121722
0.858101 0.958756 1.123346
0.862395 0.957673 1.124987
0.866681 0.956525 1.126643
0.870958 0.955312 1.128314
0.875226 0.954033 1.130002
0.879482 0.952689 1.131705
0.883727 0.951280 1.133423
0.887958 0.949806 1.135156
0.892174 0.948266 1.136904
0.895713 0.945880 1.133001
0.899205 0.943426 1.129093
0.902650 0.940905 1.125181
0.906046 0.938319 1.121266
0.909392 0.935667 1.117347
0.912687 0.932952 1.113426
0.915930 0.930174 1.109503
0.918095 0.926258 1.103829
0.921140 0.923264 1.103827
0.924155 0.920239 1.103826
0.927140 0.917184 1.103825
0.930094 0.914100 1.103824
0.933017 0.910986 1.103823
0.935909 0.907843 1.103821
0.938769 0.904672 1.103820
0.939947 0.905734 1.099538
0.941094 0.906768 1.095239
0.942207 0.907773 1.090926
0.943340 0.908812 1.092628
0.943335 0.908834 1.088700
0.943301 0.908830 1.084772
0.944421 0.909858 1.086489
0.946593 0.911830 1.083850
0.948744 0.913785 1.081182
0.950876 0.915721 1.078484
0.952987 0.917640 1.075758
0.955078 0.919540 1.073004
0.957149 0.921422 1.070221
0.959198 0.923285 1.067410
0.961227 0.925129 1.064572
0.963234 0.926955 1.061707
0.965220 0.928761 1.058815
0.967184 0.930548 1.055896
0.969126 0.932315 1.052950
0.971046 0.934063 1.049978
0.972943 0.935791 1.046981
0.974818 0.937499 1.043958
0.976670 0.939187 1.040910
0.978500 0.940855 1.037837
0.980306 0.942502 1.034739
0.982088 0.944129 1.031617
0.983847 0.945735 1.028471
0.985583 0.947321 1.025301
0.987294 0.948885 1.022108
0.988981 0.950429 1.018892
0.989522 0.950924 1.013934
0.989515 0.950931 1.013933
0.990630 0.951964 1.015650
0.991733 0.952984 1.017384
0.992823 0.953994 1.019132
0.993901 0.954991 1.020894
0.994964 0.955977 1.022672
0.996015 0.956951 1.024464
0.997052 0.957913 1.026270
1.001373 0.955143 1.028084
1.005732 0.952233 1.029918
1.010058 0.949255 1.031766
1.014348 0.946212 1.033627
1.018602 0.943104 1.035502
1.022819 0.939932 1.037389
1.026996 0.936696 1.039290
1.031135 0.933397 1.041203
1.032185 0.934079 1.043135
1.033149 0.934839 1.045073
1.034095 0.935590 1.047024
1.038093 0.932259 1.048981
1.039089 0.932882 1.050960
1.039997 0.933586 1.052946
1.040887 0.934280 1.054944
1.041761 0.934963 1.056952
1.042619 0.935634 1.058972
1.043460 0.936293 1.061002
1.044285 0.936939 1.063043
1.043475 0.936355 1.059244
1.042629 0.935754 1.055455
1.041753 0.935131 1.051677
1.040846 0.934485 1.047909
1.039910 0.933816 1.044153
1.038943 0.933125 1.040408
1.037947 0.932411 1.036676
1.036921 0.931675 1.032956
1.035866 0.930916 1.029248
1.034781 0.930135 1.025554
1.033667 0.929332 1.021874
1.032523 0.928507 1.018208
1.031350 0.927659 1.014555
1.030148 0.926790 1.010918
1.028917 0.925899 1.007296
1.027658 0.924986 1.003689
1.026369 0.924051 1.000097
1.025052 0.923094 0.996522
1.025858 0.923732 0.998574
1.026652 0.924352 1.000636
1.027429 0.924960 1.002708
1.028190 0.925556 1.004790
1.028934 0.926138 1.006881
1.029661 0.926709 1.008982
1.028320 0.925726 1.005424
1.026947 0.924726 1.001882
1.025545 0.923705 0.998357
1.024115 0.922663 0.994850
1.024112 0.922667 0.994850
1.023804 0.922457 0.994206
1.023803 0.922459 0.994206
1.023801 0.922461 0.994206
1.023799 0.922464 0.994205
1.023367 0.922144 0.999248
1.022895 0.921794 1.004285
1.022382 0.921414 1.009315
1.021829 0.921004 1.014339
1.018222 0.924547 1.019357
1.014533 0.928031 1.024366
1.010775 0.931441 1.029367
1.008675 0.936174 1.040171
1.006346 0.940752 1.051030
1.003791 0.945169 1.061940
1.000565 0.949005 1.070685
0.997179 0.952702 1.079454
0.993636 0.956255 1.088245
0.989938 0.959660 1.097053
0.986091 0.962912 1.105877
0.981446 0.965416 1.110884
0.976751 0.967826 1.115874
0.972009 0.970142 1.120847
0.968064 0.973213 1.131909
0.963930 0.976073 1.142987
0.959613 0.978716 1.154076
0.954932 0.980907 1.162896
0.950130 0.982917 1.171709
0.945209 0.984744 1.180511
0.940176 0.986383 1.189300
0.935036 0.987832 1.198073
0.929791 0.989087 1.206826
0.924448 0.990147 1.215555
0.919011 0.991009 1.224257
0.913540 0.991769 1.235224
0.911712 0.989459 1.239945
0.911711 0.989460 1.239943
0.908002 0.992359 1.239941
0.904263 0.995222 1.239936
0.898712 0.995643 1.244626
0.893154 0.995954 1.249284
0.887591 0.996153 1.253912
0.882025 0.996241 1.258508
0.876269 0.995901 1.266985
0.870456 0.995348 1.275416
0.864591 0.994581 1.283801
0.858680 0.993598 1.292136
0.854610 0.995412 1.296007
0.852357 1.000175 1.295433
0.850029 1.004925 1.294832
0.847626 1.009660 1.294201
0.845148 1.014381 1.293542
0.840881 1.016008 1.297407
0.836928 1.018187 1.295116
0.832943 1.020308 1.292818
0.828926 1.022368 1.290520
0.824892 1.024438 1.290517
0.820837 1.026467 1.290514
0.816762 1.028456 1.290511
0.812382 1.029743 1.294368
0.807981 1.030949 1.298219
0.803558 1.032072 1.302062
0.799117 1.033113 1.305896
0.794659 1.034072 1.309722
0.790509 1.035798 1.309717
0.786639 1.038230 1.303597
0.782714 1.040569 1.297461
0.778500 1.042176 1.297458
0.774270 1.043740 1.297454
0.770006 1.045147 1.295159
0.765722 1.046490 1.292863
0.761419 1.047767 1.290570
0.757098 1.048979 1.288278
0.752760 1.050126 1.285987
0.748407 1.051207 1.283699
0.744039 1.052222 1.281415
0.739657 1.053170 1.279133
0.735263 1.054052 1.276854
0.730858 1.054867 1.274578
0.726443 1.055616 1.272306
0.722018 1.056298 1.270037
0.717586 1.056912 1.267771
0.713146 1.057460 1.265510
0.708702 1.057940 1.263253
0.704252 1.058353 1.261000
0.699800 1.058699 1.258752
0.695345 1.058977 1.256509
0.690888 1.059188 1.254270
0.686432 1.059331 1.252037
0.681977 1.059408 1.249810
0.677524 1.059417 1.247588
0.673075 1.059359 1.245373
0.668630 1.059234 1.243163
0.664191 1.059042 1.240960
0.659758 1.058784 1.238764
0.655333 1.058459 1.236575
0.650917 1.058067 1.234393
0.646512 1.057609 1.232218
0.642117 1.057086 1.230050
0.637735 1.056496 1.227891
0.633366 1.055842 1.225739
0.629011 1.055122 1.223596
0.624672 1.054337 1.221461
0.620349 1.053488 1.219334
0.620370 1.052592 1.217217
0.620391 1.051675 1.215109
0.620412 1.050738 1.213010
0.620433 1.049779 1.210920
0.620454 1.048799 1.208840
0.620475 1.047799 1.206770
0.620496 1.046778 1.204711
0.620516 1.045736 1.202661
0.620537 1.044674 1.200622
0.620558 1.043592 1.198594
0.620578 1.042489 1.196577
0.620599 1.041366 1.194572
0.620619 1.040224 1.192577
0.620640 1.039061 1.190594
0.620660 1.037878 1.188623
0.620680 1.036676 1.186664
0.620700 1.035455 1.184717
0.620720 1.034213 1.182782
0.620741 1.032953 1.180860
0.620760 1.031673 1.178951
0.620780 1.030375 1.177055
0.620800 1.029057 1.175172
0.620820 1.027721 1.173302
0.620839 1.026366 1.171446
0.620859 1.024993 1.169603
0.620878 1.023601 1.167774
0.620898 1.022191 1.165960
0.620917 1.020763 1.164159
0.620936 1.019317 1.162372
0.620956 1.017852 1.160600
0.620975 1.016370 1.158842
0.620994 1.014871 1.157099
0.621013 1.013354 1.155372
0.621032 1.011820 1.153660
0.621050 1.010269 1.151963
0.621069 1.008701 1.150282
0.621087 1.007117 1.148618
0.621106 1.005516 1.146969
0.621124 1.003898 1.145336
0.621142 1.002265 1.143719
0.621160 1.000615 1.142120
0.621178 0.998949 1.140536
0.621195 0.997268 1.138970
0.621213 0.995571 1.137421
0.621230 0.993859 1.135889
0.621248 0.992131 1.134372
0.621265 0.990387 1.132874
0.621282 0.988629 1.131393
0.621299 0.986856 1.129930
0.621316 0.985069 1.128484
0.621333 0.983268 1.127057
0.621350 0.981452 1.125648
0.621366 0.979622 1.124258
0.621382 0.977779 1.122885
0.621398 0.975922 1.121532
0.621414 0.974052 1.120197
0.621430 0.972168 1.118881
0.621445 0.970272 1.117584
0.621461 0.968362 1.116307
0.621476 0.966439 1.115047
0.621492 0.964504 1.113807
0.621507 0.962556 1.112586
0.621522 0.960597 1.111385
0.621537 0.958625 1.110204
0.621551 0.956642 1.109043
0.621566 0.954648 1.107902
0.621580 0.952642 1.106781
0.621594 0.950625 1.105680
0.621608 0.948598 1.104599
0.621621 0.946560 1.103539
0.621635 0.944511 1.102500
0.621648 0.942451 1.101480
0.621649 0.942450 1.101479
0.621650 0.942447 1.101476
0.621663 0.940378 1.100478
0.621676 0.938298 1.099499
0.621689 0.936209 1.098542
0.621702 0.934110 1.097606
0.621715 0.932002 1.096691
0.621727 0.929885 1.095797
0.621739 0.927760 1.094925
