0.802653 1.074728 0.894266
0.803239 1.076220 0.890260
0.803810 1.077675 0.886238
0.804366 1.079092 0.882200
0.805507 1.082106 0.881668
0.806671 1.085104 0.881104
0.807245 1.086459 0.876987
0.807781 1.087784 0.872856
0.808294 1.089074 0.868710
0.808790 1.090326 0.864551
0.809269 1.091540 0.860379
0.809735 1.092714 0.856193
0.810185 1.093849 0.851996
0.810622 1.094945 0.847786
0.811044 1.096000 0.843565
0.811453 1.097016 0.839332
0.811847 1.097992 0.835089
0.812227 1.098928 0.830836
0.812593 1.099823 0.826572
0.812945 1.100678 0.822300
0.813282 1.101493 0.818018
0.813606 1.102268 0.813727
0.811117 1.104130 0.809440
0.807386 1.106400 0.805139
0.803125 1.108781 0.800827
0.798626 1.111154 0.796508
0.796937 1.112413 0.792170
0.796434 1.113205 0.787832
0.796371 1.113796 0.783492
0.797248 1.116657 0.782179
0.798209 1.119475 0.780837
0.799197 1.122269 0.779466
0.800192 1.125045 0.778064
0.801187 1.127807 0.776633
0.797987 1.128952 0.776644
0.793513 1.130499 0.776648
0.788611 1.132141 0.776649
0.783555 1.133778 0.776650
0.782572 1.137139 0.775178
0.782707 1.140142 0.773689
0.783348 1.142969 0.772169
0.784146 1.145733 0.770622
0.784990 1.148466 0.769046
0.785846 1.151179 0.767442
0.786701 1.153875 0.765810
0.787553 1.156555 0.764149
0.788401 1.159219 0.762461
0.789244 1.161866 0.760744
0.790083 1.164497 0.759000
0.789563 1.162702 0.753305
0.785086 1.162078 0.747636
0.784032 1.162390 0.747630
0.783800 1.162459 0.747629
0.783761 1.162470 0.747629
0.783761 1.162466 0.747627
0.783771 1.162463 0.747626
0.783783 1.162459 0.747626
0.783795 1.162455 0.747626
0.783808 1.162451 0.747626
0.783820 1.162447 0.747626
0.783833 1.162443 0.747626
0.783845 1.162439 0.747625
0.784424 1.164275 0.753301
0.784424 1.164276 0.753302
0.784433 1.164273 0.753301
0.784440 1.164271 0.753301
0.784451 1.164267 0.753301
0.784464 1.164263 0.753301
0.784476 1.164259 0.753301
0.784489 1.164255 0.753301
0.784594 1.164336 0.753368
0.784586 1.164359 0.753380
0.784586 1.164384 0.753396
0.784582 1.164383 0.753393
0.784580 1.164384 0.753393
0.785156 1.166152 0.759083
0.785704 1.167875 0.764796
0.782554 1.170669 0.770528
0.778087 1.173737 0.776276
0.773171 1.176816 0.782041
0.768071 1.179827 0.787822
0.762870 1.182745 0.793618
0.757597 1.185562 0.799428
0.752263 1.188274 0.805253
0.746877 1.190879 0.811092
0.741435 1.193376 0.816944
0.735943 1.195765 0.822808
0.730402 1.198044 0.828685
0.724815 1.200211 0.834572
0.719184 1.202267 0.840471
0.713511 1.204210 0.846379
0.707797 1.206040 0.852297
0.702045 1.207755 0.858224
0.696257 1.209356 0.864160
0.690435 1.210841 0.870103
0.684581 1.212209 0.876053
0.678697 1.213461 0.882010
0.672785 1.214595 0.887973
0.666848 1.215610 0.893941
0.660887 1.216508 0.899915
0.654905 1.217286 0.905892
0.648905 1.217944 0.911873
0.642887 1.218483 0.917856
0.636856 1.218901 0.923843
0.630813 1.219199 0.929831
0.624761 1.219376 0.935820
0.618701 1.219431 0.941809
0.615644 1.214498 0.941113
0.614102 1.209546 0.940407
0.616290 1.204592 0.939670
0.620308 1.199620 0.938933
0.622175 1.194631 0.938213
0.623008 1.189616 0.937472
0.623341 1.184580 0.936712
0.623438 1.179525 0.935938
0.623426 1.174450 0.935148
0.623364 1.169357 0.934345
0.623281 1.164245 0.933528
0.623189 1.159116 0.932698
0.623094 1.153969 0.931854
0.622999 1.148805 0.930997
0.622905 1.143626 0.930128
0.622812 1.138430 0.929245
0.622722 1.133219 0.928349
0.622631 1.127994 0.927441
0.622544 1.122755 0.926520
0.622460 1.117501 0.925586
0.622379 1.112235 0.924640
0.622300 1.106956 0.923681
0.622199 1.105107 0.927449
0.622134 1.103223 0.931201
0.622077 1.101300 0.934933
0.622001 1.102625 0.943460
0.621957 1.103791 0.952026
0.621937 1.101684 0.955725
0.621891 1.099539 0.959401
0.621842 1.097357 0.963056
0.621794 1.095139 0.966688
0.621748 1.092885 0.970299
0.621703 1.090595 0.973886
0.621659 1.088269 0.977450
0.621617 1.085907 0.980991
0.621575 1.083510 0.984509
0.621535 1.081079 0.988002
0.621496 1.078612 0.991471
0.621457 1.076111 0.994915
0.621420 1.073576 0.998333
0.621383 1.071006 1.001727
0.621347 1.068403 1.005094
0.621311 1.065766 1.008436
0.621276 1.063096 1.011751
0.621242 1.060393 1.015039
0.621208 1.057657 1.018299
0.621174 1.054889 1.021533
0.621140 1.052089 1.024739
0.621107 1.049256 1.027916
0.621073 1.046393 1.031065
0.621040 1.043497 1.034185
0.621007 1.040571 1.037276
0.620973 1.037614 1.040338
0.620940 1.034627 1.043370
0.620907 1.031609 1.046372
0.620873 1.028561 1.049344
0.620840 1.025484 1.052285
0.620806 1.022378 1.055195
0.620772 1.019243 1.058074
0.620738 1.016079 1.060922
0.620704 1.012887 1.063738
0.620670 1.009667 1.066521
0.620636 1.006419 1.069273
0.620601 1.003144 1.071992
0.620566 0.999842 1.074677
0.620531 0.996513 1.077330
0.620496 0.993158 1.079949
0.620461 0.989776 1.082535
0.620426 0.986369 1.085087
0.620390 0.982937 1.087604
0.620354 0.979480 1.090087
0.620318 0.975998 1.092536
0.620282 0.972492 1.094949
0.620246 0.968962 1.097327
0.620209 0.965408 1.099670
0.620173 0.961831 1.101977
0.620136 0.958231 1.104248
0.620099 0.954608 1.106483
0.620062 0.950964 1.108682
0.620041 0.948959 1.107563
0.620020 0.946944 1.106464
0.619998 0.944917 1.105386
0.619977 0.942880 1.104327
0.619955 0.940833 1.103289
0.619934 0.938775 1.102272
0.619912 0.936707 1.101275
0.619890 0.934629 1.100299
0.619869 0.932542 1.099344
0.619847 0.930445 1.098409
0.619826 0.928339 1.097496
0.619804 0.926223 1.096604
0.619800 0.926223 1.096603
0.619795 0.926223 1.096603
0.619791 0.926223 1.096603
0.619786 0.926223 1.096602
0.619782 0.926222 1.096602
0.619777 0.926222 1.096601
0.619773 0.926222 1.096601
0.619768 0.926222 1.096600
0.619763 0.926221 1.096600
0.619759 0.926221 1.096600
0.619754 0.926221 1.096599
0.619750 0.926221 1.096599
0.619745 0.926220 1.096598
0.619740 0.926220 1.096598
0.622798 0.926207 1.096597
0.625855 0.926164 1.096596
0.628993 0.928203 1.097488
0.632171 0.930201 1.098400
0.635482 0.933702 1.096201
0.638863 0.937145 1.093965
0.642313 0.940529 1.091693
