0.901566 1.017955 1.133078
0.907391 1.017794 1.132890
0.913237 1.017558 1.132669
0.919101 1.017245 1.132415
0.924983 1.016855 1.132129
0.930880 1.016388 1.131809
0.936793 1.015842 1.131457
0.941853 1.014142 1.126377
0.945724 1.010939 1.126364
0.949575 1.007693 1.126357
0.953397 1.004406 1.126350
0.957187 1.001081 1.126343
0.960945 0.997718 1.126336
0.966839 0.996723 1.125918
0.970548 0.993269 1.125911
0.974225 0.989776 1.125903
0.977869 0.986245 1.125896
0.981477 0.982678 1.125889
0.985051 0.979075 1.125882
0.988588 0.975437 1.125874
0.994417 0.974012 1.125424
1.000243 0.972510 1.124941
1.006068 0.970928 1.124425
1.011893 0.969264 1.123877
1.017715 0.967518 1.123296
1.023535 0.965689 1.122683
1.028260 0.962854 1.117360
1.032918 0.959928 1.112010
1.037515 0.956911 1.106643
1.042049 0.953805 1.101260
1.046520 0.950608 1.095861
1.050926 0.947323 1.090448
1.053655 0.946088 1.085015
1.055480 0.945866 1.079467
1.056906 0.946192 1.074022
1.058158 0.946647 1.068555
1.058292 0.946464 1.068550
1.058352 0.946381 1.068548
1.058376 0.946347 1.068546
1.058383 0.946335 1.068543
1.058382 0.946334 1.068541
1.058378 0.946338 1.068538
1.057375 0.945534 1.073991
1.054634 0.946970 1.079448
1.050980 0.949487 1.084884
1.046853 0.952468 1.090302
1.042467 0.955618 1.095703
1.037923 0.958795 1.101087
1.033274 0.961934 1.106455
1.028542 0.965003 1.111806
1.022618 0.967020 1.112472
1.016685 0.968955 1.113103
1.010747 0.970803 1.113703
1.004808 0.972564 1.114270
0.998869 0.974238 1.114806
0.995203 0.973417 1.115287
0.992371 0.971704 1.115750
0.989844 0.969665 1.116187
0.987422 0.967509 1.116594
0.985033 0.965313 1.116969
0.982654 0.963101 1.117312
0.980276 0.960884 1.117622
0.977898 0.958662 1.117901
0.975518 0.956438 1.118146
0.973138 0.954212 1.118360
0.970757 0.951983 1.118540
0.968376 0.949753 1.118689
0.965994 0.947521 1.118804
0.963612 0.945288 1.118887
0.961230 0.943053 1.118938
0.958849 0.940818 1.118956
0.956469 0.938582 1.118941
0.954089 0.936345 1.118894
0.951710 0.934108 1.118814
0.949333 0.931872 1.118702
0.946957 0.929636 1.118557
0.944582 0.927400 1.118379
0.942210 0.925166 1.118169
0.939839 0.922932 1.117927
0.937470 0.920701 1.117652
0.935104 0.918471 1.117344
0.932740 0.916243 1.117004
0.930379 0.914018 1.116632
0.928021 0.911795 1.116227
0.922807 0.912564 1.115792
0.914425 0.916454 1.115337
0.905955 0.920192 1.114831
0.900690 0.920728 1.114296
0.895488 0.921156 1.113730
0.890309 0.921515 1.113131
0.885155 0.921804 1.112501
0.880027 0.922025 1.111838
0.874925 0.922179 1.111143
0.869851 0.922266 1.110416
0.864806 0.922288 1.109657
0.859791 0.922244 1.108866
0.854806 0.922137 1.108043
0.849854 0.921967 1.107189
0.844934 0.921735 1.106303
0.840047 0.921441 1.105386
0.835195 0.921088 1.104437
0.830378 0.920675 1.103457
0.825597 0.920205 1.102446
0.820852 0.919678 1.101404
0.816145 0.919095 1.100332
0.811477 0.918457 1.099228
0.806846 0.917764 1.098094
0.802255 0.917019 1.096929
0.797704 0.916222 1.095733
0.793194 0.915374 1.094508
0.788725 0.914477 1.093252
0.784298 0.913531 1.091967
0.779914 0.912538 1.090651
0.775572 0.911498 1.089306
0.771274 0.910412 1.087930
0.767019 0.909282 1.086525
0.762810 0.908109 1.085091
0.758644 0.906894 1.083627
0.754525 0.905638 1.082135
0.750450 0.904342 1.080613
0.747021 0.904365 1.083733
0.744171 0.905619 1.083732
0.741309 0.906845 1.083731
0.737881 0.906730 1.086836
0.734456 0.906547 1.089928
0.731035 0.906296 1.093005
0.727620 0.905977 1.096066
0.724755 0.907038 1.096065
0.721880 0.908069 1.096064
0.718994 0.909072 1.096062
0.716099 0.910045 1.096061
0.713194 0.910990 1.096060
0.710279 0.911905 1.096058
0.707356 0.912792 1.096057
0.704424 0.913649 1.096056
0.701484 0.914477 1.096054
0.698535 0.915275 1.096053
0.695579 0.916044 1.096052
0.692615 0.916783 1.096050
0.689644 0.917492 1.096049
0.686666 0.918172 1.096048
0.683681 0.918822 1.096046
0.680690 0.919442 1.096045
0.677694 0.920032 1.096044
0.674691 0.920592 1.096042
0.671683 0.921122 1.096041
0.668669 0.921622 1.096040
0.665651 0.922092 1.096038
0.662629 0.922532 1.096037
0.659602 0.922941 1.096036
0.656571 0.923320 1.096034
0.653537 0.923669 1.096033
0.650499 0.923988 1.096032
0.647458 0.924276 1.096030
0.644415 0.924533 1.096029
0.641369 0.924760 1.096028
0.638321 0.924957 1.096026
0.635271 0.925123 1.096025
0.632220 0.925259 1.096024
0.629167 0.925364 1.096022
0.626114 0.925439 1.096021
0.623060 0.925483 1.096020
0.620006 0.925497 1.096018
0.616952 0.925480 1.096017
0.616953 0.925479 1.096016
0.620008 0.925492 1.096015
0.623093 0.926990 1.092951
0.626226 0.929769 1.094584
0.629416 0.932532 1.096188
0.632663 0.935277 1.097764
0.635966 0.938004 1.099311
0.639327 0.940711 1.100829
0.642745 0.943398 1.102318
0.646220 0.946062 1.103778
0.649751 0.948704 1.105209
0.653340 0.951322 1.106611
0.656986 0.953915 1.107983
0.660689 0.956480 1.109325
0.664449 0.959018 1.110637
0.668266 0.961527 1.111919
0.672139 0.964005 1.113171
0.676070 0.966451 1.114392
0.680056 0.968866 1.115584
0.684099 0.971247 1.116746
0.688197 0.973593 1.117876
0.692352 0.975902 1.118976
0.696284 0.976861 1.115335
0.700237 0.977739 1.111676
0.704206 0.978537 1.107999
0.708189 0.979256 1.104307
0.712186 0.979895 1.100598
0.716766 0.982545 1.097628
0.717746 0.986108 1.094623
0.718715 0.989640 1.091579
0.719677 0.993142 1.088499
0.720629 0.996616 1.085383
0.721574 1.000059 1.082231
0.722510 1.003471 1.079044
0.723437 1.006854 1.075822
0.724355 1.010205 1.072565
0.725265 1.013526 1.069273
0.726166 1.016814 1.065948
0.727058 1.020071 1.062589
0.727942 1.023294 1.059196
0.728816 1.026486 1.055770
0.729681 1.029644 1.052311
0.730537 1.032768 1.048820
0.731383 1.035859 1.045296
0.732219 1.038916 1.041741
0.733045 1.041938 1.038153
0.737963 1.043804 1.034532
0.743049 1.045543 1.030882
0.748175 1.047185 1.027203
0.753333 1.048733 1.023493
0.754473 1.051470 1.019760
0.755368 1.054243 1.015991
0.756232 1.056984 1.012194
0.757081 1.059691 1.008368
0.757917 1.062361 1.004513
0.758740 1.064995 1.000631
0.763474 1.066344 0.996710
0.768682 1.067461 0.992771
0.770149 1.069764 0.988820
0.771083 1.072196 0.984833
0.771911 1.074618 0.980816
0.772707 1.077011 0.976775
0.773485 1.079367 0.972710
0.774248 1.081685 0.968619
0.774997 1.083965 0.964504
0.775731 1.086205 0.960366
0.776451 1.088407 0.956204
0.777156 1.090570 0.952019
0.777848 1.092693 0.947812
0.778526 1.094776 0.943582
0.779190 1.096819 0.939331
0.779840 1.098822 0.935059
