0.410840 0.980874 1.396819
0.414456 0.982951 1.396797
0.423548 0.987824 1.396890
0.432737 0.992511 1.396943
0.442019 0.997010 1.396954
0.445795 0.998772 1.396945
0.449589 1.000496 1.396935
0.452741 1.003687 1.391193
0.455961 1.006801 1.385422
0.459248 1.009836 1.379636
0.462697 1.012498 1.371563
0.466227 1.015012 1.363483
0.469835 1.017376 1.355402
0.473519 1.019589 1.347320
0.477275 1.021649 1.339241
0.481098 1.023555 1.331165
0.484984 1.025305 1.323097
0.488930 1.026899 1.315037
0.492931 1.028336 1.306988
0.496984 1.029613 1.298952
0.501084 1.030732 1.290931
0.505227 1.031690 1.282926
0.509409 1.032488 1.274941
0.513626 1.033124 1.266977
0.517873 1.033599 1.259036
0.522148 1.033913 1.251121
0.526444 1.034065 1.243233
0.530759 1.034055 1.235373
0.535089 1.033883 1.227546
0.539428 1.033550 1.219752
0.543773 1.033056 1.211993
0.548545 1.029970 1.214196
0.553268 1.026683 1.210622
0.557917 1.023338 1.207029
0.562494 1.019939 1.203421
0.566637 1.019255 1.201490
0.570763 1.018509 1.199574
0.574590 1.020214 1.193656
0.578457 1.021785 1.187751
0.582578 1.020823 1.185899
0.586678 1.019802 1.184062
0.590755 1.018720 1.182239
0.594833 1.017093 1.174826
0.598880 1.015315 1.167460
0.602895 1.013387 1.160144
0.606872 1.011311 1.152880
0.610808 1.009089 1.145670
0.614695 1.007573 1.144011
0.618551 1.006002 1.142369
0.622376 1.004376 1.140743
0.626216 1.004332 1.140742
0.626213 1.004332 1.140742
0.626161 1.002696 1.139133
0.622298 1.001085 1.137540
0.618468 0.999420 1.135963
0.618449 0.997735 1.134404
0.618430 0.996035 1.132861
0.618411 0.994319 1.131335
0.618393 0.992589 1.129827
0.618374 0.990843 1.128336
0.618355 0.989082 1.126863
0.618337 0.987307 1.125407
0.618319 0.985518 1.123969
0.618301 0.983714 1.122550
0.618283 0.981896 1.121148
0.618265 0.980064 1.119764
0.618248 0.978218 1.118399
0.618230 0.976359 1.117053
0.618213 0.974486 1.115725
0.618196 0.972601 1.114416
0.618179 0.970702 1.113126
0.618162 0.968790 1.111855
0.618145 0.966866 1.110603
0.618128 0.964929 1.109370
0.618112 0.962981 1.108157
0.618096 0.961020 1.106963
0.618080 0.959047 1.105789
0.618064 0.957063 1.104635
0.618048 0.955067 1.103501
0.618032 0.953060 1.102387
0.618017 0.951042 1.101293
0.618013 0.951042 1.101293
0.618009 0.951041 1.101293
0.618005 0.951041 1.101293
0.617990 0.949012 1.100219
0.620005 0.946973 1.099153
0.622041 0.944924 1.098128
0.622047 0.942864 1.097115
0.622053 0.940794 1.096123
0.622058 0.938714 1.095152
0.622064 0.936624 1.094202
0.622069 0.934525 1.093272
0.622074 0.932417 1.092364
0.622078 0.930299 1.091476
0.622083 0.928173 1.090610
0.622087 0.926039 1.089765
0.622082 0.926039 1.089765
0.622078 0.926038 1.089765
0.622073 0.926038 1.089765
0.622069 0.926038 1.089764
0.622065 0.926038 1.089764
0.622060 0.926037 1.089764
0.622056 0.926037 1.089764
0.622051 0.926037 1.089764
0.622047 0.926037 1.089763
0.622042 0.926036 1.089763
0.622038 0.926036 1.089763
0.622033 0.926036 1.089762
0.622028 0.926035 1.089762
0.622024 0.926035 1.089762
0.622019 0.926035 1.089761
0.622015 0.926034 1.089761
0.622010 0.926034 1.089761
0.622005 0.926034 1.089760
0.622001 0.926033 1.089760
0.621996 0.926033 1.089759
0.621991 0.926033 1.089759
0.621986 0.926032 1.089759
0.621982 0.926032 1.089758
0.621977 0.926032 1.089758
0.621972 0.926031 1.089757
0.621967 0.926031 1.089757
0.621963 0.926031 1.089756
0.621958 0.926030 1.089756
0.621953 0.926030 1.089755
0.621948 0.926029 1.089755
0.621943 0.926029 1.089754
0.621938 0.926029 1.089753
0.621933 0.926028 1.089753
0.621929 0.926028 1.089752
0.624984 0.925993 1.089752
0.628039 0.925927 1.089751
0.631092 0.925832 1.089750
0.634260 0.928544 1.091360
0.637484 0.931239 1.092941
0.640764 0.933917 1.094494
0.644101 0.936574 1.096018
0.647494 0.939211 1.097513
0.650943 0.941827 1.098978
0.654449 0.944419 1.100415
0.657855 0.945607 1.097144
0.661353 0.947341 1.097967
0.664889 0.949029 1.098811
0.668460 0.950670 1.099676
0.672068 0.952263 1.100562
0.675486 0.952434 1.096700
0.678906 0.952531 1.092830
0.682326 0.952555 1.088954
0.685745 0.952506 1.085072
0.689162 0.952384 1.081183
0.692574 0.952188 1.077290
0.695981 0.951920 1.073391
0.699763 0.953198 1.074299
0.703576 0.954426 1.075227
0.707419 0.955601 1.076177
0.711291 0.956723 1.077147
0.715191 0.957792 1.078138
0.719119 0.958807 1.079150
0.723074 0.959767 1.080182
0.727055 0.960671 1.081235
0.731061 0.961520 1.082308
0.735091 0.962312 1.083401
0.739144 0.963047 1.084514
0.743219 0.963725 1.085648
0.747316 0.964344 1.086801
0.751433 0.964905 1.087974
0.755570 0.965406 1.089167
0.759725 0.965848 1.090379
0.763898 0.966230 1.091610
0.768088 0.966552 1.092861
0.772293 0.966813 1.094131
0.776513 0.967012 1.095420
0.780746 0.967150 1.096728
0.784992 0.967226 1.098055
0.789250 0.967239 1.099401
0.793519 0.967190 1.100764
0.797797 0.967077 1.102147
0.802083 0.966902 1.103547
0.806377 0.966662 1.104966
0.810678 0.966359 1.106402
