0.620000 0.925288 1.092379
0.620001 0.925287 1.092377
0.616949 0.925270 1.092376
0.613897 0.925222 1.092375
0.610846 0.925144 1.092374
0.607796 0.925036 1.092373
0.604747 0.924897 1.092371
0.601700 0.924728 1.092370
0.598551 0.926003 1.089309
0.595377 0.927215 1.086233
0.592179 0.928363 1.083143
0.588960 0.929447 1.080038
0.585719 0.930466 1.076920
0.582459 0.931420 1.073789
0.579180 0.932309 1.070645
0.575884 0.933132 1.067488
0.572572 0.933889 1.064318
0.569246 0.934579 1.061137
0.565906 0.935203 1.057944
0.562555 0.935760 1.054739
0.558773 0.938434 1.052088
0.554938 0.941038 1.049404
0.551049 0.943570 1.046688
0.547110 0.946029 1.043939
0.543121 0.948415 1.041157
0.539084 0.950725 1.038343
0.534999 0.952960 1.035497
0.530870 0.955119 1.032620
0.526696 0.957199 1.029712
0.522480 0.959201 1.026773
0.518223 0.961124 1.023802
0.513926 0.962968 1.020803
0.509591 0.964730 1.017773
0.505220 0.966411 1.014713
0.500814 0.968009 1.011624
0.496374 0.969525 1.008506
0.491903 0.970957 1.005360
0.487401 0.972305 1.002185
0.482872 0.973568 0.998982
0.481863 0.976143 0.995751
0.477495 0.976808 0.996339
0.473091 0.977411 0.996948
0.468663 0.977956 0.997579
0.464212 0.978442 0.998233
0.459518 0.979360 0.994975
0.454805 0.980191 0.991690
0.450275 0.980504 0.992365
0.445725 0.980757 0.993062
0.441156 0.980948 0.993781
0.436570 0.981077 0.994522
0.431966 0.981144 0.995285
0.427347 0.981148 0.996069
0.422712 0.981088 0.996874
0.418064 0.980964 0.997701
0.413136 0.981240 0.994390
0.408200 0.981424 0.991051
0.403257 0.981518 0.987687
0.398309 0.981519 0.984297
0.393356 0.981428 0.980881
0.388403 0.981245 0.977440
0.383449 0.980971 0.973974
0.378496 0.980604 0.970484
0.373547 0.980144 0.966970
0.368603 0.979593 0.963432
0.363666 0.978949 0.959870
0.358737 0.978213 0.956286
0.353819 0.977385 0.952678
0.348912 0.976465 0.949049
0.344020 0.975454 0.945397
0.339149 0.974343 0.946245
0.334275 0.973161 0.947115
0.329384 0.971930 0.943441
0.324516 0.970611 0.939747
0.321056 0.967593 0.935162
0.317655 0.964504 0.930577
0.314219 0.961458 0.930577
0.310809 0.958372 0.930577
0.307428 0.955251 0.930576
0.304079 0.952097 0.930576
0.300762 0.948909 0.930576
0.299893 0.943278 0.926032
0.297594 0.939127 0.922329
0.298192 0.937805 0.918628
0.299122 0.936777 0.914950
0.300116 0.935763 0.911287
0.297276 0.932871 0.911297
0.294191 0.929658 0.911297
0.291105 0.926378 0.911297
0.288048 0.923062 0.911297
0.285023 0.919716 0.911296
0.282033 0.916339 0.911296
0.279076 0.912932 0.911296
0.276154 0.909496 0.911295
0.273266 0.906030 0.911295
0.270413 0.902536 0.911295
0.270435 0.896793 0.906841
0.267663 0.893254 0.906840
0.264938 0.889702 0.906840
0.262249 0.886125 0.906840
0.259597 0.882522 0.906839
0.256981 0.878892 0.906839
0.257406 0.873164 0.902422
0.257934 0.867429 0.898041
0.258575 0.861704 0.893697
0.259331 0.855994 0.889391
0.260200 0.850301 0.885123
0.261184 0.844626 0.880893
0.264292 0.842210 0.876694
0.267616 0.840074 0.872542
0.267598 0.840044 0.872541
0.267591 0.840031 0.872541
0.265711 0.841186 0.873172
0.263837 0.842339 0.873825
0.261968 0.843488 0.874500
0.260105 0.844633 0.875196
0.258249 0.845775 0.875915
0.256398 0.846912 0.876655
0.254553 0.848045 0.877417
0.252715 0.849174 0.878201
0.250884 0.850299 0.879006
0.250877 0.850287 0.879006
0.250870 0.850275 0.879006
0.250862 0.850263 0.879005
0.251415 0.849898 0.874658
0.251408 0.849886 0.874657
0.251400 0.849873 0.874657
0.251392 0.849859 0.874657
0.251384 0.849846 0.874656
0.251376 0.849833 0.874656
0.251369 0.849820 0.874656
0.251361 0.849806 0.874655
0.251353 0.849793 0.874655
0.251345 0.849780 0.874655
0.251180 0.849550 0.874665
0.251159 0.849527 0.874672
0.251144 0.849516 0.874680
0.251130 0.849507 0.874687
0.251123 0.849501 0.874691
0.250553 0.849832 0.879037
0.250022 0.850144 0.883389
0.249527 0.850433 0.887748
0.251173 0.854027 0.892100
0.253095 0.857920 0.896468
0.255116 0.861810 0.900842
0.254210 0.867668 0.909790
0.253539 0.873477 0.918852
0.254774 0.878038 0.926984
0.256189 0.882508 0.935158
0.257784 0.886882 0.943372
0.259555 0.891157 0.951622
0.261500 0.895326 0.959905
0.263617 0.899386 0.968218
0.265904 0.903331 0.976558
0.268359 0.907156 0.984923
0.270977 0.910859 0.993308
0.273757 0.914433 1.001711
0.276694 0.917874 1.010128
0.279787 0.921178 1.018557
0.284815 0.922750 1.021842
0.289863 0.924226 1.025097
0.294931 0.925610 1.028325
0.299396 0.927503 1.027088
0.304480 0.928727 1.030287
0.309579 0.929860 1.033459
0.314691 0.930900 1.036603
0.319814 0.931845 1.039718
0.324946 0.932697 1.042804
0.330086 0.933455 1.045860
0.335231 0.934119 1.048887
0.340381 0.934689 1.051884
0.345533 0.935165 1.054851
0.350685 0.935547 1.057787
0.355835 0.935836 1.060692
0.360982 0.936031 1.063566
0.366125 0.936132 1.066409
0.371260 0.936140 1.069220
0.376387 0.936054 1.071999
0.381504 0.935876 1.074745
0.386608 0.935606 1.077459
0.391699 0.935243 1.080141
0.396774 0.934788 1.082789
0.401832 0.934242 1.085404
0.406871 0.933605 1.087985
0.411889 0.932877 1.090532
0.416884 0.932060 1.093045
0.421856 0.931152 1.095524
0.426802 0.930156 1.097968
0.431720 0.929072 1.100377
0.436609 0.927900 1.102752
0.441467 0.926641 1.105090
0.446293 0.925295 1.107394
0.451084 0.923864 1.109661
0.455841 0.922348 1.111892
0.460560 0.920748 1.114087
0.465240 0.919065 1.116246
0.469104 0.918858 1.115029
0.472958 0.918591 1.113831
0.476079 0.919785 1.109335
0.479238 0.920884 1.104883
0.483081 0.920438 1.103784
0.486905 0.919934 1.102706
0.490709 0.919375 1.101648
0.494493 0.918760 1.100611
0.498255 0.918090 1.099594
0.501995 0.917365 1.098597
0.505711 0.916586 1.097622
0.509404 0.915754 1.096667
0.513071 0.914869 1.095733
0.516712 0.913932 1.094821
0.520327 0.912943 1.093929
0.523914 0.911903 1.093059
0.527473 0.910812 1.092210
0.530380 0.911721 1.092209
0.533296 0.912600 1.092208
0.536221 0.913450 1.092207
0.538595 0.916330 1.093054
0.541020 0.919183 1.093922
0.544010 0.919956 1.093921
0.547008 0.920699 1.093920
0.550013 0.921412 1.093919
0.553024 0.922095 1.093918
0.556043 0.922747 1.093917
0.559068 0.923370 1.093916
0.562098 0.923963 1.093915
0.565135 0.924525 1.093914
0.568177 0.925057 1.093913
0.571224 0.925559 1.093912
0.574277 0.926030 1.093911
0.577333 0.926470 1.093910
0.580394 0.926880 1.093909
0.583459 0.927260 1.093908
0.586527 0.927609 1.093907
0.589599 0.927927 1.093906
0.592674 0.928215 1.093905
0.595752 0.928472 1.093904
0.598831 0.928698 1.093903
0.601913 0.928893 1.093902
0.604997 0.929058 1.093901
0.608083 0.929192 1.093900
0.611169 0.929295 1.093899
0.614257 0.929367 1.093898
0.617344 0.929409 1.093897
0.620433 0.929420 1.093896
0.623521 0.929400 1.093895
0.626609 0.929349 1.093894
0.629696 0.929267 1.093893
0.632898 0.931990 1.095508
0.636157 0.934695 1.097096
0.639473 0.937381 1.098655
0.642845 0.940048 1.100185
0.646274 0.942694 1.101686
0.649760 0.945318 1.103158
0.653303 0.947919 1.104600
0.656902 0.950495 1.106014
0.660558 0.953046 1.107398
0.664271 0.955570 1.108752
0.668041 0.958065 1.110076
0.671867 0.960532 1.111371
0.675750 0.962968 1.112635
0.679689 0.965372 1.113869
0.683683 0.967744 1.115073
0.687734 0.970081 1.116247
0.691841 0.972384 1.117390
0.696002 0.974650 1.118502
0.700219 0.976878 1.119584
0.704491 0.979067 1.120634
0.708817 0.981216 1.121654
0.713197 0.983324 1.122642
0.717631 0.985390 1.123600
0.722118 0.987412 1.124526
0.726658 0.989389 1.125420
0.731251 0.991320 1.126283
0.735895 0.993204 1.127115
0.740591 0.995039 1.127915
0.745337 0.996825 1.128683
0.750134 0.998561 1.129419
0.754980 1.000244 1.130124
0.758770 0.998877 1.130122
0.762545 0.997472 1.130120
0.766992 0.997749 1.126075
0.771442 0.997937 1.122011
0.775895 0.998036 1.117929
0.780348 0.998047 1.113829
0.784112 0.996426 1.113827
0.787861 0.994769 1.113825
0.791593 0.993074 1.113823
0.795308 0.991342 1.113822
0.799005 0.989572 1.113820
0.802684 0.987767 1.113818
0.807812 0.988790 1.114362
0.812982 0.989752 1.114874
0.816663 0.987807 1.114872
0.820323 0.985825 1.114870
0.824806 0.985281 1.110690
0.829275 0.984649 1.106492
0.833729 0.983927 1.102277
0.837348 0.981776 1.102275
0.840945 0.979589 1.102273
0.844521 0.977366 1.102271
0.848074 0.975108 1.102269
0.851605 0.972814 1.102267
0.855112 0.970485 1.102265
0.858596 0.968121 1.102263
0.862056 0.965723 1.102261
0.865493 0.963290 1.102259
0.868904 0.960823 1.102257
0.872291 0.958322 1.102255
0.875653 0.955788 1.102253
0.878989 0.953220 1.102251
0.882300 0.950619 1.102250
0.885584 0.947985 1.102248
0.888842 0.945318 1.102246
0.892074 0.942620 1.102244
0.895278 0.939889 1.102242
0.898454 0.937126 1.102240
0.901603 0.934331 1.102238
0.904724 0.931506 1.102236
0.907817 0.928649 1.102234
0.910881 0.925762 1.102232
