0.913916 0.922844 1.102230
0.916922 0.919896 1.102228
0.919898 0.916918 1.102226
0.922845 0.913911 1.102224
0.925761 0.910875 1.102222
0.928647 0.907809 1.102220
0.931502 0.904715 1.102218
0.936745 0.903752 1.102600
0.942003 0.902715 1.102950
0.947274 0.901604 1.103268
0.952555 0.900418 1.103552
0.957847 0.899157 1.103805
0.961854 0.896762 1.099413
0.967147 0.895367 1.099599
0.972450 0.893893 1.099753
0.977757 0.892343 1.099874
0.983068 0.890716 1.099963
0.988381 0.889012 1.100018
0.993695 0.887231 1.100041
0.996736 0.888595 1.100043
0.999456 0.890402 1.100003
1.002119 0.892289 1.099928
1.003379 0.893184 1.095228
1.004590 0.894063 1.090509
1.007225 0.895978 1.090333
1.009864 0.897887 1.090127
1.011038 0.898733 1.085332
1.012165 0.899559 1.080519
1.013249 0.900361 1.075692
1.014293 0.901136 1.070853
1.015297 0.901884 1.066000
1.016260 0.902605 1.061135
1.017183 0.903299 1.056259
1.018066 0.903964 1.051371
1.018909 0.904602 1.046473
1.019712 0.905212 1.041564
1.021501 0.906502 1.045934
1.024088 0.908415 1.045374
1.026677 0.910310 1.044779
1.029309 0.912205 1.040227
1.031145 0.913488 1.040694
1.032964 0.914791 1.041186
1.034772 0.916101 1.041700
1.036572 0.917413 1.042235
1.038366 0.918723 1.042793
1.040155 0.920032 1.043373
1.041937 0.921338 1.043975
1.044501 0.923248 1.039391
1.045283 0.923854 1.034173
1.045295 0.923835 1.034172
1.045292 0.923839 1.034171
1.045281 0.923853 1.034170
1.044531 0.923289 1.039390
1.043717 0.922721 1.044601
1.041072 0.924627 1.049820
1.037611 0.927517 1.055018
1.033766 0.930768 1.060201
1.028122 0.932874 1.060728
1.020684 0.933631 1.060526
1.013239 0.934294 1.060313
1.005806 0.934841 1.060090
0.998393 0.935266 1.059856
0.991005 0.935565 1.059612
0.983644 0.935739 1.059358
0.976314 0.935789 1.059094
0.969017 0.935714 1.058819
0.961755 0.935517 1.058535
0.954530 0.935198 1.058240
0.947344 0.934759 1.057935
0.940200 0.934200 1.057620
0.936176 0.936599 1.062099
0.932116 0.938906 1.066567
0.928015 0.941128 1.071022
0.922531 0.941832 1.071028
0.917060 0.942462 1.071002
0.911608 0.943014 1.070942
0.906177 0.943489 1.070850
0.900769 0.943887 1.070726
0.895384 0.944209 1.070569
0.890024 0.944456 1.070379
0.884689 0.944629 1.070157
0.879381 0.944729 1.069902
0.880646 0.946579 1.070416
0.882037 0.948323 1.070957
0.883430 0.950057 1.071520
0.879438 0.951549 1.075740
0.874126 0.951552 1.075420
0.868835 0.951490 1.075068
0.863574 0.951358 1.074683
0.858343 0.951157 1.074266
0.853145 0.950888 1.073817
0.847979 0.950552 1.073335
0.842847 0.950149 1.072821
0.837749 0.949681 1.072275
0.832686 0.949149 1.071696
0.827659 0.948554 1.071086
0.822669 0.947897 1.070443
0.817716 0.947179 1.069768
0.812802 0.946400 1.069062
0.807927 0.945563 1.068323
0.803092 0.944667 1.067552
0.798298 0.943713 1.066750
0.793545 0.942704 1.065916
0.788834 0.941639 1.065050
0.784167 0.940520 1.064153
0.779543 0.939347 1.063224
0.774964 0.938123 1.062264
0.770430 0.936848 1.061272
0.765941 0.935523 1.060250
0.761499 0.934150 1.059197
0.757104 0.932730 1.058113
0.752756 0.931263 1.056997
0.748455 0.929751 1.055851
0.744203 0.928195 1.054675
0.739999 0.926596 1.053468
0.735844 0.924956 1.052232
0.732399 0.925059 1.055487
0.729343 0.926166 1.055486
0.726275 0.927242 1.055485
0.722829 0.927208 1.058729
0.719383 0.927105 1.061962
0.715940 0.926933 1.065182
0.712500 0.926693 1.068391
0.709067 0.926383 1.071586
0.705639 0.926005 1.074769
0.702220 0.925559 1.077939
0.698811 0.925045 1.081095
0.695412 0.924462 1.084237
0.692025 0.923812 1.087365
0.688652 0.923094 1.090479
0.685293 0.922309 1.093578
0.681951 0.921457 1.096662
0.678626 0.920538 1.099730
0.675320 0.919553 1.102783
0.672322 0.920090 1.102781
0.669319 0.920596 1.102780
0.666563 0.922635 1.099725
0.663766 0.924619 1.096653
0.660930 0.926546 1.093567
0.657863 0.926938 1.093566
0.654792 0.927299 1.093564
0.651718 0.927630 1.093563
0.648641 0.927930 1.093562
0.645561 0.928199 1.093560
0.642478 0.928438 1.093559
0.639393 0.928645 1.093558
0.636307 0.928822 1.093556
0.636307 0.928820 1.093555
0.636308 0.928818 1.093554
0.633220 0.928964 1.093552
0.630130 0.929079 1.093551
0.630131 0.929077 1.093549
0.630132 0.929076 1.093548
0.627041 0.929159 1.093546
0.623950 0.929213 1.093545
0.620859 0.929235 1.093544
0.617767 0.929226 1.093542
0.617768 0.929225 1.093541
0.620861 0.929230 1.093540
0.623954 0.929204 1.093538
0.627120 0.931983 1.095153
0.630343 0.934746 1.096740
0.633623 0.937491 1.098298
0.636960 0.940217 1.099827
0.640354 0.942923 1.101328
0.643805 0.945607 1.102799
0.647312 0.948270 1.104241
0.650877 0.950909 1.105654
0.654499 0.953523 1.107038
0.658178 0.956111 1.108391
0.661914 0.958671 1.109715
0.665707 0.961203 1.111009
0.669557 0.963705 1.112272
0.673463 0.966176 1.113506
0.677426 0.968616 1.114709
0.681444 0.971023 1.115882
0.685519 0.973395 1.117025
0.689650 0.975731 1.118136
0.693836 0.978030 1.119217
0.698078 0.980291 1.120267
0.702374 0.982513 1.121286
0.706725 0.984695 1.122274
0.711330 0.987587 1.119381
0.712288 0.991337 1.116451
0.713237 0.995057 1.113480
0.714178 0.998748 1.110472
0.715112 1.002410 1.107425
0.716038 1.006042 1.104340
0.716956 1.009644 1.101218
0.717865 1.013215 1.098059
0.718241 1.014697 1.093998
0.718607 1.016140 1.089921
0.718962 1.017543 1.085831
0.719307 1.018907 1.081727
