0.621927 0.954553 1.028281
0.621918 0.953682 1.031621
0.621910 0.952777 1.034953
0.621901 0.951839 1.038275
0.621891 0.950868 1.041587
0.621882 0.949864 1.044890
0.621873 0.948826 1.048182
0.621863 0.947756 1.051464
0.621853 0.946653 1.054735
0.621843 0.945518 1.057995
0.621832 0.944350 1.061243
0.621821 0.943149 1.064479
0.621810 0.941916 1.067704
0.621799 0.940652 1.070915
0.621787 0.939355 1.074114
0.621775 0.938026 1.077300
0.621763 0.936665 1.080472
0.621750 0.935273 1.083630
0.621737 0.933849 1.086775
0.621724 0.932394 1.089905
0.621711 0.930907 1.093020
0.621697 0.929390 1.096120
0.621683 0.927842 1.099205
0.618605 0.927841 1.099203
0.615528 0.927810 1.099202
0.612451 0.927748 1.099200
0.609374 0.927656 1.099199
0.606299 0.927532 1.099197
0.603226 0.927378 1.099196
0.600060 0.928737 1.096109
0.596770 0.931353 1.097720
0.593425 0.933950 1.099302
0.590024 0.936526 1.100856
0.586567 0.939080 1.102381
0.583054 0.941612 1.103877
0.579486 0.944119 1.105344
0.575862 0.946602 1.106782
0.572183 0.949059 1.108191
0.568447 0.951489 1.109570
0.564657 0.953889 1.110919
0.560811 0.956260 1.112239
0.556910 0.958600 1.113528
0.552954 0.960907 1.114787
0.548943 0.963181 1.116016
0.544877 0.965422 1.117215
0.540757 0.967626 1.118384
0.536583 0.969793 1.119522
0.532355 0.971923 1.120629
0.528073 0.974012 1.121705
0.523738 0.976062 1.122751
0.519351 0.978069 1.123765
0.514911 0.980034 1.124748
0.510419 0.981956 1.125701
0.505875 0.983831 1.126622
0.501280 0.985661 1.127511
0.496634 0.987443 1.128369
0.491939 0.989176 1.129195
0.487194 0.990859 1.129990
0.482399 0.992492 1.130753
0.477556 0.994072 1.131485
0.472665 0.995600 1.132184
0.467727 0.997072 1.132851
0.462742 0.998489 1.133486
0.457711 0.999850 1.134089
0.452635 1.001153 1.134661
0.447514 1.002397 1.135200
0.442349 1.003582 1.135707
0.437142 1.004705 1.136181
0.431892 1.005766 1.136623
0.427195 1.005582 1.132322
0.422501 1.005301 1.128000
0.417812 1.004926 1.123659
0.412119 1.006354 1.120104
0.406396 1.007675 1.116510
0.400642 1.008889 1.112877
0.394862 1.009994 1.109206
0.389056 1.010989 1.105496
0.383227 1.011876 1.101749
0.377376 1.012653 1.097965
0.371507 1.013320 1.094144
0.365621 1.013877 1.090287
0.359720 1.014322 1.086394
0.353807 1.014656 1.082465
0.347884 1.014878 1.078500
0.341953 1.014988 1.074500
0.336017 1.014985 1.070465
0.330077 1.014870 1.066395
0.324137 1.014644 1.062292
0.318198 1.014305 1.058155
0.312263 1.013855 1.053985
0.306333 1.013292 1.049782
0.300412 1.012619 1.045547
0.294501 1.011835 1.041282
0.291396 1.013281 1.036965
0.289058 1.015316 1.032632
0.286982 1.017516 1.028272
0.284828 1.019927 1.027802
0.282713 1.022364 1.027301
0.280613 1.024808 1.026768
0.278522 1.027251 1.026202
0.278940 1.031768 1.025584
0.280335 1.037055 1.024947
0.282181 1.042651 1.024282
0.284267 1.048371 1.023587
0.286508 1.054139 1.022861
0.288865 1.059921 1.022103
0.291323 1.065704 1.021314
0.293876 1.071479 1.020493
0.296521 1.077244 1.019641
0.299256 1.082996 1.018757
0.302081 1.088733 1.017842
0.304998 1.094453 1.016895
0.308005 1.100155 1.015917
0.311103 1.105838 1.014908
0.314293 1.111500 1.013867
0.315119 1.115640 1.012798
0.314724 1.119004 1.011696
0.313732 1.121986 1.010562
0.312452 1.124779 1.009398
0.313534 1.128988 1.008206
0.315919 1.133937 1.006984
0.316427 1.137732 1.005722
0.315904 1.140902 1.004432
0.314890 1.143768 1.003113
0.313648 1.146487 1.001765
0.312304 1.149130 1.000387
0.312099 1.149639 0.994264
0.311916 1.150086 0.988130
0.311760 1.150478 0.981991
0.311635 1.150817 0.975848
0.311540 1.151102 0.969703
0.311478 1.151335 0.963554
0.311447 1.151515 0.957404
0.310352 1.153551 0.951901
0.309286 1.155540 0.946376
0.308248 1.157482 0.940829
0.307238 1.159376 0.935260
0.306258 1.161221 0.929669
0.305306 1.163019 0.924058
0.304384 1.164768 0.918426
0.303489 1.166468 0.912775
0.302624 1.168120 0.907105
0.301787 1.169722 0.901416
0.300978 1.171274 0.895710
0.300199 1.172777 0.889986
0.299447 1.174230 0.884245
0.298724 1.175633 0.878488
0.298030 1.176986 0.872715
0.297364 1.178288 0.866928
0.296727 1.179540 0.861126
0.296117 1.180740 0.855310
0.296626 1.179978 0.848833
0.300672 1.182310 0.848852
0.302019 1.183042 0.848818
0.302406 1.183246 0.848803
0.302547 1.183317 0.848794
0.306561 1.185585 0.848823
0.307903 1.186296 0.848789
0.308678 1.185607 0.842324
0.309297 1.184753 0.835864
0.309899 1.183817 0.829417
0.310520 1.182818 0.822981
0.311168 1.181760 0.816557
0.311845 1.180645 0.810146
0.310903 1.182660 0.810644
0.309905 1.184650 0.811175
0.308898 1.186628 0.811728
0.308465 1.187399 0.805833
0.307512 1.189390 0.806399
0.306517 1.191361 0.806996
0.305516 1.193323 0.807615
0.304517 1.195278 0.808256
0.304113 1.195997 0.802354
0.303791 1.196683 0.796433
0.304554 1.195385 0.789858
0.304664 1.195425 0.789839
0.304722 1.195448 0.789832
0.304771 1.195467 0.789824
0.304819 1.195485 0.789817
0.304866 1.195502 0.789810
0.304914 1.195520 0.789802
0.304010 1.194961 0.789801
0.303971 1.194940 0.789801
0.303954 1.194931 0.789803
0.303939 1.194924 0.789804
0.303926 1.194918 0.789806
0.303914 1.194913 0.789807
0.303334 1.196238 0.796326
0.302725 1.197513 0.802888
0.302137 1.198725 0.809464
0.301579 1.199879 0.816052
0.301052 1.200975 0.822653
0.300557 1.202013 0.829266
0.304020 1.205168 0.835928
0.308917 1.208946 0.842573
0.314288 1.212823 0.849220
0.319855 1.216650 0.855873
0.325534 1.220382 0.862533
0.327488 1.222139 0.869165
0.329363 1.220206 0.871196
0.330790 1.218012 0.873182
0.332976 1.213818 0.874267
0.335124 1.209571 0.875345
0.337266 1.205291 0.876420
0.339412 1.200983 0.877491
0.341567 1.196651 0.878558
0.343730 1.192294 0.879621
0.345904 1.187914 0.880680
0.348087 1.183512 0.881735
0.350279 1.179086 0.882785
0.352479 1.174639 0.883830
0.353747 1.172151 0.885534
0.353597 1.172658 0.891646
0.353454 1.173114 0.897774
0.353331 1.173512 0.903907
0.353233 1.173854 0.910043
0.353158 1.174139 0.916182
0.353110 1.174368 0.922324
0.353086 1.174542 0.928467
0.353088 1.174660 0.934612
0.353114 1.174721 0.940758
0.354074 1.172814 0.946024
0.355056 1.170857 0.951267
0.356057 1.168852 0.956488
0.357079 1.166799 0.961686
0.358121 1.164698 0.966861
0.359182 1.162549 0.972013
0.360263 1.160353 0.977141
0.364908 1.156862 0.977506
0.370949 1.153976 0.977851
0.377690 1.151354 0.978187
0.384768 1.148814 0.978515
0.391990 1.146260 0.978834
0.399256 1.143646 0.979145
0.404152 1.139978 0.979454
0.407678 1.135709 0.979752
0.410478 1.131120 0.980040
0.412894 1.126354 0.980317
0.415109 1.121489 0.980585
0.417220 1.116564 0.980844
0.418229 1.114145 0.985579
