0.622385 0.990392 0.964769
0.622348 0.984856 0.964254
0.622312 0.979321 0.963729
0.622277 0.973789 0.963195
0.622242 0.968261 0.962652
0.622238 0.968261 0.962652
0.622234 0.968047 0.966133
0.622230 0.967798 0.969613
0.622225 0.968122 0.976970
0.622218 0.968295 0.984341
0.622214 0.967862 0.987821
0.622193 0.965111 0.991084
0.622171 0.962327 0.994320
0.622149 0.959511 0.997527
0.622127 0.956663 1.000707
0.622120 0.956069 1.004070
0.622113 0.955441 1.007428
0.622120 0.957057 1.011060
0.622112 0.956359 1.014427
0.622104 0.955627 1.017786
0.622096 0.954860 1.021138
0.622088 0.954060 1.024481
0.622080 0.953227 1.027817
0.622072 0.952360 1.031144
0.622063 0.951460 1.034462
0.622055 0.950527 1.037771
0.622046 0.949561 1.041071
0.622038 0.948562 1.044360
0.622029 0.947531 1.047640
0.622019 0.946466 1.050909
0.622010 0.945369 1.054167
0.622000 0.944239 1.057414
0.621990 0.943077 1.060650
0.621980 0.941883 1.063873
0.621970 0.940656 1.067085
0.621959 0.939397 1.070284
0.621948 0.938107 1.073471
0.621936 0.936785 1.076644
0.621925 0.935431 1.079804
0.621913 0.934045 1.082950
0.621901 0.932628 1.086082
0.621888 0.931180 1.089200
0.621875 0.929701 1.092303
0.621862 0.928191 1.095391
0.621849 0.926650 1.098464
0.621835 0.925078 1.101522
0.618785 0.925079 1.101520
0.615736 0.925050 1.101519
0.612686 0.924991 1.101517
0.609637 0.924901 1.101516
0.606590 0.924780 1.101515
0.603544 0.924629 1.101513
0.600499 0.924448 1.101512
0.597457 0.924236 1.101510
0.594416 0.923994 1.101509
0.591379 0.923721 1.101508
0.588344 0.923418 1.101506
0.585312 0.923085 1.101505
0.582284 0.922721 1.101503
0.579260 0.922327 1.101502
0.575834 0.924680 1.103170
0.572355 0.927011 1.104809
0.568822 0.929318 1.106421
0.565235 0.931601 1.108004
0.561596 0.933859 1.109558
0.557902 0.936089 1.111083
0.554155 0.938292 1.112580
0.550355 0.940466 1.114048
0.546502 0.942610 1.115486
0.542596 0.944722 1.116895
0.538637 0.946802 1.118274
0.534626 0.948848 1.119624
0.530562 0.950858 1.120943
0.526446 0.952833 1.122233
0.522279 0.954771 1.123493
0.518059 0.956670 1.124723
0.513789 0.958530 1.125922
0.509467 0.960349 1.127091
0.505096 0.962126 1.128229
0.500674 0.963860 1.129336
0.496203 0.965550 1.130413
0.491682 0.967195 1.131459
0.487113 0.968793 1.132474
0.482495 0.970344 1.133458
0.477830 0.971846 1.134411
0.473117 0.973298 1.135332
0.468359 0.974699 1.136221
0.463554 0.976048 1.137079
0.458703 0.977344 1.137907
0.453808 0.978585 1.138702
0.448868 0.979772 1.139466
0.443885 0.980901 1.140197
0.438860 0.981973 1.140897
0.433792 0.982986 1.141564
0.428683 0.983941 1.142200
0.423533 0.984834 1.142804
0.418344 0.985666 1.143376
0.413116 0.986434 1.143915
0.407850 0.987139 1.144422
0.402547 0.987779 1.144897
0.397207 0.988354 1.145339
0.391832 0.988862 1.145750
0.390054 0.991576 1.146127
0.388342 0.994335 1.146474
0.386630 0.997099 1.146789
0.384916 0.999864 1.147070
0.383201 1.002632 1.147319
0.381483 1.005401 1.147536
0.379763 1.008171 1.147720
0.378042 1.010942 1.147871
0.376320 1.013714 1.147989
0.374596 1.016486 1.148075
0.372870 1.019258 1.148128
0.371143 1.022030 1.148149
0.368963 1.025549 1.144308
0.366798 1.029033 1.140425
0.364650 1.032481 1.136502
0.362522 1.035895 1.132537
0.360414 1.039274 1.128533
0.358324 1.042618 1.124489
0.356255 1.045926 1.120406
0.354205 1.049198 1.116284
0.352176 1.052434 1.112124
0.350168 1.055633 1.107925
0.348180 1.058796 1.103689
0.346213 1.061922 1.099416
0.344268 1.065010 1.095105
0.342344 1.068061 1.090759
0.340443 1.071075 1.086377
0.338564 1.074050 1.081959
0.336708 1.076988 1.077506
0.334876 1.079888 1.073019
0.333068 1.082749 1.068497
0.331283 1.085572 1.063942
0.329524 1.088356 1.059354
0.327790 1.091102 1.054733
0.326081 1.093809 1.050079
0.324399 1.096478 1.045394
0.322743 1.099107 1.040678
0.321114 1.101698 1.035931
0.319512 1.104249 1.031153
0.317938 1.106761 1.026345
0.316392 1.109234 1.021508
0.314875 1.111668 1.016642
0.313387 1.114061 1.011748
0.314406 1.117941 1.006819
0.316744 1.122546 1.001867
0.319785 1.127473 0.996890
0.320703 1.131056 0.991888
0.320513 1.133923 0.986858
0.322342 1.137893 0.981805
0.322730 1.140960 0.976723
0.322321 1.143510 0.971618
0.321542 1.145789 0.966488
0.320600 1.147917 0.961336
0.319596 1.149950 0.956161
0.318578 1.151915 0.950963
0.317567 1.153825 0.945744
0.316576 1.155686 0.940503
0.315608 1.157499 0.935242
0.314667 1.159267 0.929960
0.313752 1.160989 0.924658
0.312864 1.162665 0.919337
0.312004 1.164295 0.913997
0.311171 1.165880 0.908639
0.310365 1.167417 0.903263
0.309586 1.168909 0.897871
0.308834 1.170353 0.892461
0.308109 1.171750 0.887036
0.307411 1.173100 0.881595
0.306739 1.174402 0.876139
0.306094 1.175657 0.870668
0.305476 1.176864 0.865184
0.304884 1.178022 0.859686
0.304319 1.179133 0.854176
0.303780 1.180194 0.848654
0.303267 1.181208 0.843120
0.302342 1.183093 0.844030
0.301377 1.184950 0.844966
0.300404 1.186792 0.845923
0.299858 1.187727 0.840382
