0.301277 1.195410 0.791833
0.301305 1.195423 0.791830
0.301819 1.195658 0.791799
0.301664 1.195553 0.791789
0.301587 1.195499 0.791784
0.301524 1.195450 0.791777
0.301467 1.195406 0.791771
0.300808 1.196699 0.798329
0.300165 1.197946 0.804917
0.299549 1.199133 0.811519
0.298963 1.200261 0.818134
0.298409 1.201332 0.824761
0.297888 1.202345 0.831399
0.297400 1.203300 0.838049
0.296945 1.204197 0.844708
0.296522 1.205037 0.851377
0.296133 1.205818 0.858056
0.295776 1.206542 0.864742
0.295452 1.207207 0.871436
0.295161 1.207814 0.878137
0.294903 1.208362 0.884844
0.294677 1.208852 0.891557
0.294483 1.209283 0.898274
0.294323 1.209655 0.904996
0.294194 1.209969 0.911722
0.294098 1.210224 0.918450
0.294034 1.210419 0.925180
0.294003 1.210556 0.931912
0.294003 1.210633 0.938645
0.294035 1.210652 0.945379
0.294098 1.210611 0.952111
0.294193 1.210510 0.958843
0.294320 1.210350 0.965573
0.294477 1.210131 0.972300
0.294666 1.209852 0.979024
0.294885 1.209513 0.985744
0.295135 1.209114 0.992460
0.295415 1.208656 0.999170
0.295725 1.208138 1.005875
0.296066 1.207560 1.012573
0.297550 1.204920 1.013794
0.299039 1.202258 1.014968
0.300529 1.199584 1.016112
0.302020 1.196897 1.017226
0.303512 1.194199 1.018310
0.305005 1.191489 1.019363
0.306499 1.188768 1.020387
0.307995 1.186037 1.021379
0.309492 1.183295 1.022341
0.310989 1.180543 1.023272
0.312488 1.177781 1.024172
0.314778 1.173570 1.023442
0.317075 1.169333 1.022696
0.319380 1.165073 1.021934
0.321692 1.160790 1.021159
0.324013 1.156485 1.020369
0.326342 1.152160 1.019565
0.328680 1.147814 1.018746
0.331027 1.143448 1.017914
0.333382 1.139063 1.017067
0.335746 1.134660 1.016206
0.338119 1.130238 1.015332
0.340501 1.125800 1.014443
0.342892 1.121344 1.013541
0.345293 1.116873 1.012625
0.347702 1.112386 1.011695
0.350120 1.107884 1.010752
0.352548 1.103367 1.009795
0.354984 1.098837 1.008825
0.357430 1.094293 1.007842
0.359884 1.089737 1.006845
0.362348 1.085168 1.005836
0.364820 1.080588 1.004813
0.367300 1.075996 1.003777
0.369789 1.071394 1.002729
0.372286 1.066782 1.001667
0.374791 1.062160 1.000594
0.377303 1.057528 0.999507
0.379823 1.052888 0.998408
0.382349 1.048239 0.997297
0.384883 1.043582 0.996174
0.387422 1.038918 0.995038
0.387651 1.038419 0.999824
0.389223 1.035561 0.999667
0.391769 1.030905 0.998434
0.394317 1.026240 0.997189
0.400609 1.023617 0.995922
0.407106 1.021057 0.994653
0.413555 1.018414 0.993372
0.419933 1.015678 0.992081
0.426239 1.012849 0.990777
0.432470 1.009930 0.989463
0.438625 1.006923 0.988137
0.440962 1.002100 0.986805
0.442042 0.999746 0.990166
0.445782 1.001473 0.990163
0.449598 1.003192 0.990162
0.453432 1.004873 0.990161
0.457283 1.006516 0.990160
0.461150 1.008121 0.990159
0.465033 1.009687 0.990158
0.469109 1.010754 0.994349
0.474138 1.009228 0.993771
0.479117 1.007645 0.993160
0.484047 1.006007 0.992518
0.484070 1.006016 0.992518
0.483186 1.008545 0.997281
0.482320 1.011030 1.002071
0.481470 1.013470 1.006886
0.480636 1.015864 1.011727
0.480633 1.015863 1.011727
0.480864 1.015192 1.015919
0.481110 1.014483 1.020104
0.481370 1.013734 1.024282
0.481645 1.012946 1.028451
0.482599 1.010186 1.031569
0.483565 1.007397 1.034658
0.484540 1.004578 1.037717
0.485526 1.001731 1.040746
0.486522 0.998856 1.043745
0.487529 0.995952 1.046713
0.488545 0.993021 1.049650
0.493275 0.991347 1.052556
0.497971 0.989592 1.055435
0.502627 0.987754 1.058281
0.507243 0.985831 1.061094
0.511816 0.983826 1.063873
0.516346 0.981739 1.066620
0.520831 0.979572 1.069333
0.525269 0.977326 1.072014
0.529658 0.975001 1.074661
0.533998 0.972599 1.077274
0.538287 0.970121 1.079853
0.542523 0.967568 1.082398
0.546706 0.964941 1.084909
0.550833 0.962240 1.087385
0.554903 0.959468 1.089826
0.558916 0.956625 1.092231
0.562869 0.953713 1.094602
0.566761 0.950732 1.096937
0.570592 0.947685 1.099235
0.574360 0.944572 1.101498
0.578063 0.941394 1.103724
0.581701 0.938153 1.105914
0.584880 0.938519 1.105914
0.588063 0.938854 1.105913
0.591248 0.939156 1.105912
0.594587 0.937378 1.104890
0.597890 0.935554 1.103887
0.601153 0.933687 1.102906
0.604378 0.931776 1.101945
0.607563 0.929823 1.101006
0.610707 0.927828 1.100087
0.613809 0.925792 1.099189
0.616869 0.923717 1.098312
0.619902 0.923733 1.098312
0.622933 0.923718 1.098311
0.625965 0.923673 1.098311
0.629074 0.925719 1.099186
0.632126 0.925613 1.099186
0.629065 0.925719 1.099185
0.626004 0.925794 1.099185
0.622941 0.925840 1.099185
0.619878 0.925853 1.099184
0.619873 0.925853 1.099184
0.619885 0.928674 1.100828
0.619896 0.931512 1.102444
0.619908 0.934365 1.104032
0.619919 0.937235 1.105591
0.623131 0.940104 1.107121
0.626400 0.942956 1.108622
0.629727 0.945789 1.110094
0.633112 0.948602 1.111537
0.636555 0.951393 1.112951
0.640056 0.954163 1.114335
0.640244 0.957128 1.115690
0.640433 0.960107 1.117014
0.640622 0.963099 1.118309
0.640813 0.966103 1.119574
0.641003 0.969120 1.120808
0.641194 0.972149 1.122012
0.641386 0.975190 1.123186
0.641578 0.978243 1.124329
0.641771 0.981307 1.125442
0.641965 0.984382 1.126524
0.642158 0.987467 1.127575
0.642353 0.990563 1.128595
0.642547 0.993669 1.129584
0.642743 0.996785 1.130542
0.642938 0.999910 1.131468
0.643134 1.003044 1.132363
0.643330 1.006187 1.133227
0.643527 1.009338 1.134059
0.643723 1.012498 1.134859
0.643920 1.015665 1.135628
0.644117 1.018840 1.136365
0.644315 1.022022 1.137070
0.644512 1.025211 1.137743
0.644709 1.028407 1.138384
0.644907 1.031609 1.138993
0.645104 1.034817 1.139569
0.645214 1.036758 1.135403
0.645461 1.040783 1.132072
0.645706 1.044775 1.128700
0.645949 1.048733 1.125289
0.646190 1.052657 1.121838
0.646427 1.056546 1.118348
0.646662 1.060400 1.114819
0.646894 1.064218 1.111251
0.647124 1.068001 1.107646
0.647350 1.071748 1.104002
0.647573 1.075458 1.100322
0.647792 1.079131 1.096604
0.648008 1.082767 1.092849
0.648221 1.086365 1.089058
0.644271 1.090164 1.085242
0.639796 1.093905 1.081382
0.639283 1.097412 1.077471
0.635238 1.101016 1.073551
0.634643 1.104439 1.069571
0.634590 1.107811 1.065567
0.634643 1.111141 1.061532
0.638586 1.114289 1.057445
0.639558 1.117510 1.053359
0.639901 1.120708 1.049231
0.640076 1.123870 1.045067
0.640200 1.126992 1.040871
0.640307 1.130072 1.036644
0.640406 1.133109 1.032386
0.640502 1.136104 1.028097
0.640594 1.139056 1.023779
0.640668 1.141172 1.024649
0.640731 1.143282 1.025543
0.640805 1.146193 1.021197
0.640886 1.149058 1.016820
0.641033 1.153611 1.022578
0.641184 1.158092 1.028427
0.641333 1.162493 1.034363
0.641337 1.163384 1.028933
0.641421 1.166276 1.024486
0.641504 1.169125 1.020012
0.641495 1.169866 1.014509
0.641572 1.172624 1.009977
0.641653 1.174681 1.010970
0.641718 1.177398 1.006415
0.641790 1.180065 1.001830
0.641866 1.182686 0.997218
0.641956 1.184732 0.998230
0.642019 1.187311 0.993596
0.642091 1.189839 0.988932
0.642077 1.190268 0.983223
0.642062 1.190638 0.977510
0.642048 1.190951 0.971792
0.642028 1.191207 0.966073
0.642019 1.191406 0.960351
0.642059 1.191403 0.960349
0.642073 1.191402 0.960348
0.642076 1.191401 0.960347
0.642114 1.191196 0.966063
0.642120 1.190936 0.971777
0.642108 1.190619 0.977488
0.642085 1.190246 0.983196
0.642053 1.189816 0.988900
0.642015 1.189329 0.994599
0.641970 1.188785 1.000292
0.641919 1.188184 1.005980
0.641864 1.187527 1.011662
0.641804 1.186813 1.017336
0.641739 1.186043 1.023004
0.641599 1.182834 1.023595
0.641442 1.179619 1.024153
0.641188 1.174410 1.023537
0.640927 1.169186 1.022908
0.640663 1.163945 1.022267
0.640399 1.158689 1.021614
0.640135 1.153418 1.020949
0.639872 1.148133 1.020272
0.639610 1.142834 1.019583
0.639349 1.137521 1.018882
0.639089 1.132196 1.018169
0.638831 1.126859 1.017445
0.638574 1.121509 1.016709
0.638319 1.116149 1.015962
0.638067 1.110778 1.015203
0.637815 1.105397 1.014432
0.637566 1.100006 1.013650
0.633423 1.100147 1.013663
0.628712 1.100256 1.013665
0.623907 1.100317 1.013664
0.619090 1.099601 1.018463
0.618420 1.098814 1.023241
0.618312 1.097986 1.028022
0.618285 1.097112 1.032797
0.618273 1.091744 1.031790
0.618251 1.086367 1.030770
0.618230 1.080982 1.029739
0.618211 1.075590 1.028696
0.618193 1.070193 1.027642
0.618177 1.064789 1.026577
0.618162 1.059380 1.025501
0.618148 1.053966 1.024415
0.618136 1.048548 1.023317
0.618125 1.043127 1.022209
0.618115 1.037702 1.021090
0.618105 1.032275 1.019961
0.618097 1.026846 1.018821
0.618088 1.021415 1.017671
0.618080 1.015983 1.016511
0.618073 1.010551 1.015341
0.618065 1.005119 1.014161
0.618058 0.999687 1.012971
0.618051 0.994257 1.011772
0.618045 0.988828 1.010563
0.618039 0.983402 1.009344
0.618033 0.977979 1.008116
0.618027 0.972558 1.006879
0.618028 0.969400 1.006046
0.618027 0.968751 1.009536
0.618020 0.965818 1.012562
0.618013 0.962854 1.015558
0.618005 0.962201 1.022908
0.617997 0.961395 1.030253
0.617993 0.958263 1.033158
0.617988 0.955102 1.036032
0.617984 0.951914 1.038875
0.617980 0.948697 1.041685
0.617981 0.947691 1.044966
0.617983 0.946654 1.048237
0.617984 0.945583 1.051497
0.617986 0.944480 1.054746
0.617988 0.943344 1.057984
0.617990 0.942177 1.061211
0.617991 0.940977 1.064426
0.617993 0.939745 1.067628
0.617995 0.938481 1.070818
0.617998 0.937185 1.073995
0.618000 0.935857 1.077159
0.618002 0.934498 1.080310
0.618004 0.933107 1.083447
0.618006 0.931686 1.086569
0.618008 0.930233 1.089678
0.618011 0.928749 1.092771
0.618013 0.927234 1.095850
0.618015 0.925688 1.098913
