0.619111 0.951897 1.099447
0.619082 0.948296 1.101666
0.619052 0.944674 1.103848
0.619038 0.942644 1.102775
0.619024 0.940603 1.101723
0.619010 0.938552 1.100692
0.618995 0.936491 1.099681
0.618981 0.934420 1.098691
0.618966 0.932339 1.097721
0.618952 0.930248 1.096772
0.618937 0.928148 1.095845
0.618923 0.926039 1.094938
0.618908 0.923920 1.094052
0.618903 0.923920 1.094052
0.618892 0.926732 1.095712
0.618881 0.929561 1.097343
0.618871 0.932405 1.098947
0.618861 0.935266 1.100521
0.622033 0.938138 1.102067
0.625262 0.940992 1.103585
0.628550 0.943829 1.105073
0.631896 0.946647 1.106532
0.632005 0.949580 1.107962
0.635439 0.952390 1.109362
0.638932 0.955178 1.110733
0.642484 0.957943 1.112074
0.646094 0.960682 1.113385
0.646328 0.963677 1.114667
0.646562 0.966684 1.115918
0.646798 0.969703 1.117139
0.647036 0.972734 1.118329
0.647274 0.975777 1.119489
0.647514 0.978832 1.120619
0.647755 0.981897 1.121718
0.647997 0.984973 1.122786
0.648241 0.988060 1.123823
0.648485 0.991157 1.124829
0.648731 0.994264 1.125804
0.648978 0.997380 1.126748
0.649225 1.000505 1.127660
0.649474 1.003639 1.128541
0.649724 1.006782 1.129390
0.649975 1.009934 1.130208
0.650227 1.013093 1.130995
0.650567 1.017065 1.127906
0.650904 1.021006 1.124778
0.651238 1.024915 1.121610
0.651570 1.028793 1.118403
0.651898 1.032639 1.115157
0.652224 1.036452 1.111872
0.652546 1.040232 1.108550
0.652866 1.043979 1.105190
0.653182 1.047692 1.101792
0.653495 1.051371 1.098357
0.653804 1.055016 1.094885
0.654110 1.058626 1.091377
0.654412 1.062201 1.087833
0.654710 1.065740 1.084253
0.655004 1.069244 1.080637
0.655251 1.072488 1.080907
0.655502 1.075734 1.081145
0.655796 1.079206 1.077430
0.656081 1.082641 1.073680
0.656360 1.086039 1.069895
0.656634 1.089399 1.066076
0.656870 1.092653 1.066150
0.657112 1.095909 1.066191
0.657354 1.099164 1.066200
0.657595 1.102419 1.066177
0.657834 1.105674 1.066120
0.658072 1.108929 1.066031
0.658309 1.112182 1.065909
0.658579 1.115502 1.061829
0.658836 1.118780 1.057714
0.659084 1.122017 1.053566
0.659326 1.125213 1.049386
0.659563 1.128367 1.045174
0.659795 1.131479 1.040931
0.660022 1.134549 1.036656
0.660244 1.137576 1.032351
0.660461 1.140560 1.028015
0.660674 1.143501 1.023650
0.660878 1.146398 1.019255
0.661049 1.148505 1.020134
0.661200 1.150606 1.021036
0.661375 1.153463 1.016615
0.661563 1.156272 1.012163
0.661755 1.159477 1.011583
0.661960 1.162677 1.010973
0.662171 1.165870 1.010331
0.662382 1.168616 1.005758
0.662585 1.171314 1.001154
0.662782 1.173966 0.996523
0.662982 1.176051 0.997441
0.663150 1.178662 0.992788
0.663328 1.181221 0.988104
0.663529 1.183296 0.989042
0.663705 1.185366 0.990006
0.663854 1.187884 0.985301
0.664042 1.189939 0.986280
0.664213 1.191989 0.987284
0.664204 1.191987 0.987280
0.664193 1.191984 0.987275
0.664156 1.192402 0.981537
0.664140 1.192757 0.975790
0.664156 1.192648 0.975659
0.661483 1.192853 0.975668
0.657365 1.193138 0.975672
0.652480 1.193434 0.975671
0.647186 1.193696 0.975656
0.644460 1.193784 0.975613
0.642998 1.193836 0.975600
0.642209 1.193860 0.975591
0.641776 1.193861 0.975572
0.641534 1.193841 0.975537
0.641395 1.193830 0.975516
0.641313 1.193823 0.975504
0.641262 1.193819 0.975497
0.641232 1.193820 0.975495
0.641212 1.193820 0.975494
0.641243 1.193463 0.981232
0.641239 1.193051 0.986967
0.641215 1.192583 0.992698
0.641177 1.192058 0.998423
0.641130 1.191476 1.004143
0.641075 1.190837 1.009857
0.641014 1.190141 1.015564
0.640947 1.189388 1.021264
0.640874 1.188578 1.026956
0.640796 1.187712 1.032639
0.640713 1.186789 1.038313
0.644009 1.185665 1.043957
0.648713 1.184401 1.049603
0.650466 1.183222 1.055270
0.650956 1.179959 1.055724
0.650985 1.176713 1.056138
0.650724 1.171549 1.055271
0.650399 1.166372 1.054390
0.650055 1.161180 1.053495
0.649704 1.155973 1.052588
0.649352 1.150752 1.051668
0.649000 1.145518 1.050735
0.648650 1.140269 1.049790
0.648300 1.135008 1.048832
0.647952 1.129734 1.047861
0.647654 1.125461 1.041822
0.643316 1.123633 1.040810
0.638321 1.121777 1.039805
0.633232 1.119864 1.038819
0.632277 1.117796 1.037835
0.627912 1.115799 1.036903
0.627117 1.113702 1.035965
0.622859 1.113752 1.035977
0.618033 1.113757 1.035979
0.617191 1.113744 1.035962
0.617023 1.112787 1.040891
0.616984 1.111783 1.045813
0.616969 1.110729 1.050725
0.621214 1.109629 1.055612
0.625978 1.106327 1.055566
0.626426 1.103061 1.055501
0.626412 1.099798 1.055393
0.626301 1.094463 1.054265
0.626184 1.089120 1.053124
0.626068 1.083770 1.051972
0.625954 1.078412 1.050809
0.625840 1.073048 1.049634
0.625728 1.067678 1.048447
0.625616 1.062303 1.047250
0.625506 1.056922 1.046041
0.625396 1.051537 1.044821
0.625287 1.046149 1.043591
0.625178 1.040756 1.042349
0.625070 1.035361 1.041097
0.624962 1.029964 1.039835
0.624854 1.024565 1.038562
0.624747 1.019165 1.037279
0.624639 1.013764 1.035986
0.624532 1.008363 1.034682
0.624424 1.002962 1.033369
0.624317 0.997562 1.032046
0.624210 0.992163 1.030713
0.624103 0.986767 1.029371
0.623997 0.981372 1.028019
0.623891 0.975981 1.026658
0.623785 0.970593 1.025288
0.623680 0.965209 1.023909
0.623575 0.959829 1.022520
0.623470 0.954454 1.021123
0.623462 0.953654 1.024463
0.623454 0.952821 1.027794
0.623446 0.951954 1.031117
0.623393 0.948812 1.033944
0.623341 0.945642 1.036739
0.623298 0.943392 1.036273
0.623290 0.942441 1.039501
0.623281 0.941458 1.042720
0.623315 0.942675 1.046461
0.623349 0.943844 1.050258
0.623340 0.942754 1.053490
0.623330 0.941631 1.056711
0.623320 0.940476 1.059921
0.623309 0.939289 1.063119
0.623299 0.938071 1.066305
0.623288 0.936820 1.069478
0.623277 0.935538 1.072639
0.623265 0.934224 1.075787
0.623253 0.932879 1.078921
0.623241 0.931502 1.082042
0.623229 0.930095 1.085149
0.623216 0.928656 1.088242
0.623204 0.927187 1.091320
0.623190 0.925687 1.094383
0.623191 0.925685 1.094382
