0.545269 1.089853 0.993582
0.546090 1.084436 0.993286
0.546907 1.079009 0.992980
0.551139 1.074101 0.992649
0.556148 1.069273 0.992319
0.561279 1.064416 0.991983
0.566359 1.059501 0.991637
0.571346 1.054523 0.991281
0.576231 1.049486 0.990916
0.581010 1.044391 0.990540
0.585683 1.039240 0.990155
0.586606 1.033761 0.989767
0.587077 1.028241 0.989363
0.587495 1.022715 0.988947
0.587908 1.017188 0.988522
0.588323 1.011661 0.988087
0.588738 1.006134 0.987642
0.589155 1.000606 0.987186
0.589572 0.995077 0.986722
0.589990 0.989550 0.986249
0.590407 0.984026 0.985763
0.590825 0.978502 0.985272
0.594698 0.973245 0.984769
0.598247 0.973042 0.988310
0.601798 0.972767 0.991846
0.605340 0.972423 0.995376
0.608815 0.974291 0.999083
0.612366 0.973802 1.002626
0.615906 0.973242 1.006164
0.619434 0.972611 1.009694
0.619446 0.971922 1.013218
0.619441 0.971197 1.016735
0.619436 0.970439 1.020244
0.619431 0.969645 1.023746
0.619419 0.966474 1.022949
0.619407 0.963313 1.022121
0.619394 0.960162 1.021262
0.619382 0.957019 1.020370
0.619369 0.953884 1.019447
0.619357 0.950760 1.018493
0.619344 0.947644 1.017508
0.619340 0.946880 1.020781
0.619335 0.946083 1.024047
0.619330 0.945254 1.027304
0.619333 0.946559 1.034933
0.619334 0.947699 1.042616
0.619329 0.946683 1.045889
0.619325 0.945634 1.049151
0.619320 0.944553 1.052403
0.619316 0.943441 1.055645
0.619312 0.942298 1.058874
0.619265 0.941198 1.062059
0.619259 0.939989 1.065266
0.619253 0.938748 1.068459
0.619248 0.937475 1.071641
0.619244 0.936170 1.074809
0.619239 0.934833 1.077964
0.619234 0.933465 1.081106
0.619229 0.932065 1.084234
0.619225 0.930635 1.087347
0.619220 0.929174 1.090447
0.619215 0.927681 1.093531
0.619210 0.926158 1.096600
0.619205 0.926156 1.096600
0.619200 0.926154 1.096600
0.619195 0.926152 1.096600
0.619190 0.926151 1.096600
0.619185 0.926149 1.096600
0.619180 0.926148 1.096600
0.619175 0.926146 1.096600
0.619169 0.926146 1.096601
0.619162 0.926146 1.096600
0.619156 0.926144 1.096600
0.619151 0.926142 1.096600
0.619142 0.926141 1.096600
0.619137 0.926140 1.096600
0.619132 0.926139 1.096600
0.619126 0.926136 1.096600
0.619120 0.926134 1.096600
0.619114 0.926132 1.096601
0.619108 0.926130 1.096600
0.619102 0.926129 1.096600
0.619096 0.926128 1.096600
0.619090 0.926127 1.096600
0.619083 0.926126 1.096600
0.619077 0.926125 1.096600
0.619071 0.926124 1.096600
0.619064 0.926123 1.096600
0.619058 0.926122 1.096599
0.619052 0.926121 1.096599
0.619045 0.926120 1.096599
0.619039 0.926120 1.096599
0.619033 0.926119 1.096599
0.619027 0.926118 1.096599
0.619020 0.926117 1.096598
0.619014 0.926117 1.096598
0.619008 0.926116 1.096598
0.619001 0.926115 1.096598
0.618995 0.926115 1.096597
0.618989 0.926114 1.096597
0.618982 0.926113 1.096597
0.618976 0.926113 1.096597
0.618970 0.926112 1.096596
0.618964 0.926111 1.096596
0.618957 0.926111 1.096595
0.618951 0.926110 1.096595
0.618945 0.926109 1.096594
0.618939 0.926108 1.096594
0.618933 0.926107 1.096593
0.618927 0.926106 1.096592
0.618920 0.926106 1.096592
0.615833 0.928902 1.098233
0.612688 0.931683 1.099846
0.609487 0.934448 1.101431
0.606229 0.937195 1.102987
0.602913 0.939924 1.104515
0.599542 0.942633 1.106013
0.596115 0.945321 1.107482
0.592630 0.947987 1.108921
0.589088 0.950630 1.110332
0.585489 0.953248 1.111712
0.581834 0.955840 1.113063
0.578120 0.958406 1.114384
0.574351 0.960944 1.115676
0.570524 0.963452 1.116937
0.566641 0.965930 1.118168
0.562702 0.968377 1.119369
0.558706 0.970790 1.120539
0.554654 0.973170 1.121678
0.550545 0.975514 1.122787
0.546383 0.977822 1.123865
0.542165 0.980092 1.124913
0.537890 0.982324 1.125929
0.533561 0.984515 1.126914
0.529178 0.986665 1.127867
0.524742 0.988772 1.128790
0.520253 0.990837 1.129681
0.515710 0.992856 1.130540
0.511116 0.994829 1.131368
0.506470 0.996755 1.132165
0.501772 0.998633 1.132930
0.497023 1.000461 1.133663
0.492223 1.002239 1.134364
0.487373 1.003965 1.135033
0.482474 1.005638 1.135670
0.477526 1.007257 1.136275
0.472530 1.008821 1.136847
0.467486 1.010328 1.137387
0.462396 1.011778 1.137895
0.457258 1.013169 1.138370
0.452076 1.014500 1.138813
0.446849 1.015771 1.139224
0.441579 1.016980 1.139602
0.436266 1.018127 1.139948
0.430910 1.019209 1.140261
0.425514 1.020226 1.140541
0.420077 1.021178 1.140789
0.414603 1.022063 1.141004
0.409088 1.022880 1.141187
0.403536 1.023627 1.141336
0.397947 1.024305 1.141453
0.392323 1.024911 1.141537
0.386664 1.025445 1.141588
0.380966 1.025904 1.141607
0.375236 1.026290 1.141592
0.369475 1.026602 1.141545
0.363684 1.026838 1.141465
0.357864 1.026998 1.141352
0.352016 1.027081 1.141206
0.346142 1.027086 1.141028
0.340245 1.027013 1.140816
0.334324 1.026862 1.140571
0.328380 1.026630 1.140293
0.322416 1.026318 1.139982
0.316431 1.025926 1.139639
0.310428 1.025451 1.139262
0.304408 1.024895 1.138853
0.298373 1.024256 1.138411
0.292325 1.023536 1.137936
0.286268 1.022735 1.137428
0.280201 1.021852 1.136887
0.274125 1.020886 1.136314
0.268042 1.019835 1.135707
0.264218 1.020721 1.135062
0.261323 1.022408 1.134383
0.258861 1.024453 1.133642
0.256557 1.026645 1.132892
0.254349 1.028919 1.132119
0.252193 1.031230 1.131317
0.250066 1.033557 1.130483
0.247951 1.035885 1.129617
0.245849 1.038213 1.128718
0.243758 1.040537 1.127787
0.241677 1.042858 1.126824
0.239607 1.045175 1.125828
0.237546 1.047486 1.124800
0.235497 1.049793 1.123740
0.233458 1.052094 1.122647
0.231429 1.054389 1.121522
0.229412 1.056679 1.120366
0.227406 1.058962 1.119177
0.225412 1.061239 1.117956
0.224267 1.062525 1.112032
0.223185 1.063764 1.106056
0.221253 1.066021 1.104708
0.219315 1.068278 1.103363
0.215353 1.068697 1.101984
0.211115 1.066955 1.095936
0.206346 1.064568 1.089834
0.201331 1.061803 1.083717
0.196145 1.059666 1.080108
0.191267 1.056780 1.073980
0.186279 1.053609 1.067818
0.181268 1.050250 1.061643
0.176284 1.046747 1.055456
0.171351 1.043123 1.049259
0.166482 1.039389 1.043052
0.163725 1.037815 1.036852
0.162165 1.037430 1.030635
0.161176 1.037572 1.024406
0.160472 1.037931 1.018166
0.160553 1.037936 1.018084
0.160610 1.037987 1.018068
0.160664 1.038034 1.018053
0.161374 1.037626 1.024222
0.162076 1.037133 1.030405
0.165128 1.039129 1.036606
0.169372 1.042271 1.042781
0.171819 1.043350 1.048916
0.173334 1.043352 1.055053
0.176761 1.045276 1.061203
0.181242 1.048157 1.067331
0.186208 1.051374 1.073442
0.191418 1.054670 1.079538
0.196771 1.057937 1.085620
0.202222 1.061128 1.091687
0.208685 1.063144 1.093087
0.215182 1.065080 1.094443
0.221692 1.066928 1.095770
0.228208 1.068681 1.097068
0.234727 1.070339 1.098337
0.241247 1.071902 1.099577
0.247767 1.073370 1.100787
0.254283 1.074741 1.101968
0.260796 1.076019 1.103119
0.267302 1.077201 1.104240
0.273798 1.078287 1.105331
0.280284 1.079279 1.106391
0.286758 1.080176 1.107421
0.293218 1.080980 1.108421
0.299664 1.081691 1.109390
0.306092 1.082308 1.110328
0.312502 1.082834 1.111236
0.318893 1.083269 1.112112
0.325262 1.083612 1.112957
0.331609 1.083866 1.113771
0.337932 1.084030 1.114553
0.344229 1.084106 1.115304
0.350500 1.084095 1.116024
0.356742 1.083996 1.116712
0.362956 1.083812 1.117368
0.369139 1.083543 1.117992
0.375291 1.083190 1.118585
0.381410 1.082755 1.119145
0.387496 1.082237 1.119673
0.393547 1.081638 1.120169
0.399563 1.080960 1.120634
0.405543 1.080202 1.121065
0.411485 1.079367 1.121465
0.417390 1.078454 1.121831
0.423255 1.077466 1.122166
0.429081 1.076403 1.122467
0.434866 1.075266 1.122736
0.440608 1.074057 1.122972
0.446308 1.072778 1.123177
0.451964 1.071429 1.123350
0.457576 1.070011 1.123490
0.463142 1.068524 1.123597
0.468663 1.066971 1.123672
0.474138 1.065352 1.123714
0.479565 1.063669 1.123723
0.484944 1.061922 1.123700
0.490274 1.060112 1.123644
0.495554 1.058241 1.123556
0.500784 1.056310 1.123435
0.505963 1.054320 1.123281
0.511089 1.052272 1.123095
0.516164 1.050167 1.122877
0.521184 1.048007 1.122625
0.526151 1.045792 1.122341
0.531064 1.043523 1.122025
0.535921 1.041203 1.121676
0.540722 1.038831 1.121294
0.545467 1.036410 1.120879
0.550154 1.033939 1.120432
0.554785 1.031421 1.119952
0.559358 1.028858 1.119440
0.563874 1.026249 1.118896
0.568330 1.023597 1.118319
0.572727 1.020902 1.117710
0.577065 1.018167 1.117070
0.581343 1.015392 1.116398
0.585561 1.012579 1.115693
0.589718 1.009727 1.114957
0.593815 1.006840 1.114188
0.597851 1.003918 1.113388
0.601825 1.000962 1.112557
0.605739 0.997975 1.111694
0.609590 0.994956 1.110800
0.613380 0.991907 1.109874
0.617108 0.988829 1.108917
0.620774 0.985724 1.107928
0.620752 0.982620 1.106911
0.620730 0.979526 1.105860
0.620708 0.976442 1.104780
0.620686 0.973369 1.103668
0.620664 0.970307 1.102526
0.620643 0.967256 1.101353
0.620621 0.964217 1.100149
0.620600 0.961191 1.098915
0.620579 0.958177 1.097651
0.620559 0.955176 1.096357
0.620538 0.952188 1.095034
0.620517 0.949214 1.093681
0.620497 0.946253 1.092298
0.620477 0.943305 1.090885
0.620457 0.940372 1.089442
0.620438 0.937454 1.087971
0.620418 0.934550 1.086470
0.620399 0.931662 1.084941
0.620380 0.928789 1.083383
0.620367 0.927368 1.086463
0.620354 0.925917 1.089528
0.620340 0.924435 1.092578
0.620327 0.922922 1.095614
0.620313 0.921379 1.098634
