0.496952 0.955376 1.076721
0.501339 0.953661 1.075696
0.505677 0.951902 1.074640
0.509963 0.950101 1.073553
0.514199 0.948257 1.072435
0.518383 0.946373 1.071287
0.522515 0.944450 1.070109
0.526597 0.942488 1.068900
0.530625 0.940488 1.067660
0.534601 0.938453 1.066390
0.538524 0.936384 1.065091
0.542393 0.934280 1.063761
0.546209 0.932145 1.062402
0.549972 0.929978 1.061014
0.553680 0.927782 1.059596
0.554283 0.924914 1.058149
0.554527 0.923772 1.061261
0.554779 0.922598 1.064361
0.558054 0.922028 1.067448
0.561031 0.922929 1.075179
0.564050 0.923633 1.082943
0.567107 0.924138 1.090735
0.570195 0.924441 1.098554
0.570447 0.922889 1.101630
0.573480 0.923367 1.101628
0.576517 0.923816 1.101626
0.579354 0.925792 1.098548
0.582230 0.927710 1.095454
0.585310 0.928071 1.095453
0.588393 0.928401 1.095451
0.591480 0.928700 1.095450
0.594569 0.928968 1.095448
0.597661 0.929205 1.095447
0.600755 0.929411 1.095446
0.603851 0.929586 1.095444
0.606948 0.929730 1.095443
0.610047 0.929843 1.095441
0.613147 0.929926 1.095440
0.616247 0.929977 1.095438
0.619348 0.929997 1.095437
0.622448 0.929986 1.095435
0.622449 0.929984 1.095434
0.619350 0.931500 1.092325
0.616217 0.934329 1.093914
0.613026 0.937141 1.095474
0.609779 0.939936 1.097006
0.606474 0.942712 1.098509
0.603112 0.945469 1.099982
0.599693 0.948205 1.101426
0.596215 0.950920 1.102841
0.592681 0.953612 1.104227
0.589088 0.956279 1.105583
0.585439 0.958921 1.106910
0.581732 0.961537 1.108206
0.577968 0.964124 1.109472
0.574146 0.966682 1.110708
0.570268 0.969210 1.111913
0.566332 0.971707 1.113089
0.562340 0.974172 1.114234
0.558291 0.976602 1.115348
0.554185 0.978998 1.116431
0.550024 0.981357 1.117483
0.545807 0.983678 1.118505
0.541534 0.985961 1.119495
0.537206 0.988204 1.120454
0.532823 0.990406 1.121382
0.528209 0.993299 1.118425
0.523536 0.996108 1.115428
0.518805 0.998830 1.112393
0.514018 1.001466 1.109319
0.509178 1.004013 1.106207
0.504285 1.006471 1.103058
0.503226 1.010027 1.099873
0.502781 1.011509 1.095793
0.501871 1.014578 1.096437
0.500959 1.017653 1.097049
0.500045 1.020733 1.097629
0.495622 1.020980 1.093439
0.491166 1.021127 1.089231
0.486706 1.021184 1.085009
0.482246 1.021152 1.080773
0.477165 1.022809 1.081192
0.472037 1.024408 1.081578
0.466861 1.025948 1.081932
0.465505 1.029215 1.078333
0.464271 1.032492 1.074702
0.463055 1.035735 1.071037
0.461851 1.038944 1.067336
0.460659 1.042118 1.063602
0.459479 1.045256 1.059834
0.458312 1.048358 1.056032
0.457157 1.051425 1.052198
0.456014 1.054454 1.048331
0.454884 1.057447 1.044431
0.453766 1.060403 1.040500
0.452661 1.063321 1.036538
0.451565 1.066201 1.032544
0.450488 1.069044 1.028520
0.449422 1.071849 1.024465
0.448240 1.074888 1.024297
0.447069 1.077930 1.024096
0.445900 1.080970 1.023862
0.444730 1.084008 1.023596
0.443561 1.087042 1.023297
0.442392 1.090073 1.022966
0.441222 1.093100 1.022602
0.440053 1.096124 1.022206
0.438885 1.099143 1.021778
0.437718 1.102158 1.021317
0.436552 1.105168 1.020823
0.438524 1.109339 1.020279
0.441601 1.113888 1.019714
0.445148 1.118559 1.019121
0.445904 1.122224 1.018514
0.445613 1.125512 1.017866
0.444887 1.128640 1.017183
0.443980 1.131697 1.016466
0.442995 1.134720 1.015716
0.441979 1.137723 1.014934
0.440952 1.140714 1.014121
0.439922 1.143695 1.013276
0.438894 1.146668 1.012399
0.437871 1.149633 1.011491
0.436854 1.152590 1.010551
0.435843 1.155539 1.009580
0.437548 1.159403 1.008574
0.440652 1.163706 1.007541
0.444482 1.168197 1.006477
0.448711 1.172754 1.005382
0.453177 1.177319 1.004256
0.457802 1.181861 1.003100
0.462547 1.186367 1.001912
0.467393 1.190828 1.000694
0.472329 1.195240 0.999446
0.474469 1.198876 0.998151
0.475127 1.202119 0.996833
0.475083 1.205174 0.995489
0.475266 1.205728 0.989457
0.475340 1.206190 0.983415
0.475362 1.206577 0.977370
0.475370 1.206899 0.971322
0.475381 1.207159 0.965271
0.472292 1.206566 0.959193
0.467646 1.205500 0.953127
0.462355 1.204163 0.947067
0.460012 1.203555 0.941038
0.459137 1.203267 0.934994
0.458864 1.203077 0.928944
0.458829 1.202888 0.922893
0.458905 1.202666 0.916842
0.459047 1.202696 0.916831
0.459150 1.202720 0.916825
0.459233 1.202738 0.916820
0.459308 1.202754 0.916815
0.459380 1.202770 0.916810
0.458869 1.204952 0.917288
0.458938 1.204967 0.917283
0.459008 1.204982 0.917278
0.459078 1.204997 0.917273
0.459148 1.205012 0.917268
0.459218 1.205027 0.917262
0.459288 1.205042 0.917257
0.459358 1.205057 0.917252
0.459428 1.205072 0.917247
0.459498 1.205087 0.917242
0.459568 1.205102 0.917236
0.459637 1.205117 0.917231
0.459707 1.205131 0.917226
0.459776 1.205146 0.917221
0.459845 1.205161 0.917216
0.459915 1.205175 0.917210
0.459984 1.205190 0.917205
0.460053 1.205205 0.917200
0.460112 1.204923 0.911136
0.460237 1.204948 0.911125
0.460326 1.204967 0.911119
0.460402 1.204984 0.911114
0.460473 1.204999 0.911109
0.460542 1.205013 0.911104
0.460611 1.205028 0.911098
0.460680 1.205042 0.911093
0.460748 1.205056 0.911088
0.460816 1.205070 0.911083
0.460884 1.205084 0.911078
0.460945 1.205096 0.911073
0.461010 1.205110 0.911067
0.461076 1.205124 0.911062
0.460879 1.204919 0.911044
0.460606 1.204706 0.911046
0.460331 1.204502 0.911053
0.460062 1.204308 0.911064
0.459992 1.204306 0.911134
0.459943 1.204310 0.911202
0.459898 1.204318 0.911270
0.459856 1.204327 0.911338
0.459816 1.204339 0.911405
0.459824 1.204370 0.911443
0.459837 1.204401 0.911479
0.459927 1.204668 0.917491
0.459992 1.204895 0.923533
0.463125 1.205930 0.929613
0.467866 1.207280 0.935674
0.473316 1.208693 0.941726
0.479697 1.207328 0.943336
0.486210 1.205889 0.944886
0.493202 1.202209 0.945848
0.500158 1.198430 0.946796
0.507049 1.194556 0.947738
0.513863 1.190585 0.948675
0.517891 1.186011 0.949586
0.520337 1.181137 0.950504
0.522020 1.176113 0.951420
0.523330 1.171010 0.952333
0.524093 1.168087 0.953624
0.524758 1.165139 0.954889
0.524897 1.164990 0.960401
0.525011 1.164794 0.965924
0.525116 1.164542 0.971444
0.525219 1.164233 0.976961
0.525325 1.163868 0.982475
0.526241 1.158638 0.983078
0.527163 1.153376 0.983655
0.528084 1.148100 0.984223
0.529004 1.142808 0.984784
0.529922 1.137503 0.985337
