0.620000 0.927126 1.097545
0.616930 0.927109 1.097543
0.613860 0.927061 1.097542
0.610790 0.926982 1.097540
0.607773 0.925581 1.092818
0.604680 0.926229 1.088969
0.601574 0.926807 1.085113
0.598458 0.927315 1.081249
0.595333 0.927752 1.077378
0.592201 0.928119 1.073500
0.589062 0.928416 1.069617
0.585920 0.928642 1.065728
0.582774 0.928798 1.061833
0.579627 0.928881 1.057933
0.576481 0.928894 1.054028
0.573336 0.928836 1.050119
0.570194 0.928708 1.046206
0.567056 0.928509 1.042289
0.563924 0.928239 1.038370
0.560800 0.927900 1.034448
0.557685 0.927490 1.030524
0.554580 0.927010 1.026598
0.551487 0.926461 1.022671
0.548408 0.925842 1.018742
0.545343 0.925154 1.014813
0.542295 0.924397 1.010884
0.539264 0.923572 1.006955
0.536253 0.922679 1.003026
0.533262 0.921719 0.999099
0.530293 0.920691 0.995172
0.527348 0.919596 0.991248
0.524427 0.918436 0.987325
0.521533 0.917209 0.983405
0.518666 0.915918 0.979488
0.515829 0.914562 0.975574
0.513021 0.913143 0.971664
0.510246 0.911660 0.967758
0.507503 0.910114 0.963856
0.504795 0.908507 0.959959
0.502123 0.906838 0.956068
0.499487 0.905110 0.952182
0.496889 0.903321 0.948302
0.497153 0.902717 0.944428
0.497431 0.902077 0.940561
0.497725 0.901401 0.936702
0.498034 0.900691 0.932850
0.498358 0.899944 0.929006
0.498698 0.899163 0.925170
0.499053 0.898347 0.921343
0.499424 0.897495 0.917524
0.499809 0.896609 0.913716
0.500210 0.895687 0.909917
0.499365 0.897630 0.910795
0.500624 0.894733 0.906130
0.501904 0.891790 0.901493
0.501905 0.891788 0.901492
0.501907 0.891786 0.901491
0.501908 0.891784 0.901490
0.501909 0.891783 0.901489
0.501910 0.891781 0.901488
0.501912 0.891779 0.901486
0.501064 0.893730 0.902343
0.501507 0.892708 0.898579
0.501508 0.892706 0.898578
0.501510 0.892704 0.898576
0.501511 0.892702 0.898575
0.501512 0.892701 0.898574
0.501513 0.892699 0.898573
0.501620 0.892669 0.898537
0.501622 0.892646 0.898522
0.501642 0.892616 0.898481
0.501674 0.892618 0.898468
0.501498 0.893009 0.901441
0.501335 0.893374 0.904418
0.503926 0.894886 0.907399
0.506676 0.896030 0.907398
0.509438 0.897147 0.907397
0.512088 0.898554 0.910381
0.513708 0.902716 0.918168
0.515460 0.906710 0.926047
0.518327 0.907740 0.926047
0.520324 0.911312 0.927853
0.522377 0.914891 0.929632
0.524486 0.918474 0.931384
0.527259 0.920099 0.932084
0.530054 0.921705 0.932777
0.532870 0.923291 0.933462
0.535706 0.924858 0.934141
0.538563 0.926404 0.934811
0.542147 0.925164 0.933891
0.545701 0.923874 0.932990
0.549223 0.922535 0.932112
0.552690 0.921247 0.934340
0.556129 0.919898 0.936548
0.559549 0.918433 0.935691
0.562393 0.919742 0.939548
0.565264 0.920986 0.943412
0.568161 0.922165 0.947283
0.571081 0.923278 0.951161
0.574025 0.924324 0.955044
0.576990 0.925303 0.958934
0.579978 0.926221 0.962833
0.582982 0.927065 0.966732
0.586003 0.927840 0.970636
0.589039 0.928547 0.974544
0.592089 0.929184 0.978455
0.595152 0.929752 0.982370
0.598227 0.930251 0.986287
0.601311 0.930680 0.990208
0.604403 0.931040 0.994130
0.607502 0.931330 0.998053
0.610606 0.931549 1.001978
0.613715 0.931698 1.005905
0.616826 0.931777 1.009831
0.619938 0.931786 1.013758
0.623049 0.931725 1.017686
0.626158 0.931593 1.021612
0.626110 0.929455 1.020777
0.626061 0.927308 1.019962
0.626012 0.925153 1.019169
0.626003 0.925027 1.023094
0.625994 0.924863 1.027018
0.622936 0.924704 1.030939
0.619883 0.924475 1.034859
0.619876 0.924192 1.038776
0.619870 0.923871 1.042690
0.619863 0.923510 1.046600
0.619857 0.923110 1.050507
0.619850 0.922672 1.054409
0.619843 0.922194 1.058308
0.619836 0.921677 1.062201
0.619830 0.921122 1.066088
0.619823 0.920528 1.069970
0.619816 0.919894 1.073846
0.619809 0.919222 1.077716
0.619803 0.920666 1.082370
0.619796 0.922063 1.087038
0.619790 0.923414 1.091721
0.619783 0.924717 1.096416
0.619777 0.925974 1.101125
0.619771 0.929286 1.106765
0.619765 0.931379 1.107705
0.619757 0.931380 1.107703
0.619751 0.931379 1.107703
0.619745 0.930187 1.102939
0.619740 0.928946 1.098187
0.619734 0.927658 1.093447
0.619728 0.927657 1.093446
0.619722 0.927656 1.093446
0.616611 0.930463 1.095090
0.613443 0.933252 1.096702
0.610219 0.936024 1.098286
0.606938 0.938778 1.099841
0.603600 0.941513 1.101367
0.600206 0.944228 1.102865
0.596754 0.946922 1.104333
0.593245 0.949594 1.105772
0.589680 0.952242 1.107182
0.586057 0.954865 1.108562
0.582378 0.957462 1.109912
0.578641 0.960032 1.111233
0.574848 0.962574 1.112523
0.570998 0.965086 1.113784
0.567091 0.967568 1.115014
0.563128 0.970017 1.116214
0.559109 0.972434 1.117383
0.555033 0.974816 1.118522
0.550902 0.977163 1.119630
0.546716 0.979473 1.120708
0.542474 0.981745 1.121754
0.538177 0.983978 1.122770
0.533826 0.986170 1.123754
0.529420 0.988322 1.124708
0.524961 0.990430 1.125629
0.520449 0.992495 1.126520
0.515884 0.994515 1.127379
0.511266 0.996490 1.128208
0.506599 0.998421 1.129007
0.501877 1.000298 1.129770
0.497104 1.002125 1.130502
0.492281 1.003902 1.131202
0.487408 1.005626 1.131870
0.482486 1.007298 1.132506
0.477519 1.008920 1.133112
0.472500 1.010481 1.133683
0.467434 1.011986 1.134222
0.462322 1.013434 1.134729
0.457164 1.014823 1.135203
0.451960 1.016151 1.135645
0.446713 1.017419 1.136054
0.441421 1.018624 1.136431
0.436089 1.019768 1.136776
0.430712 1.020845 1.137087
0.425296 1.021859 1.137366
0.419839 1.022806 1.137612
0.414342 1.023685 1.137825
0.408808 1.024497 1.138006
0.403237 1.025240 1.138153
0.397627 1.025911 1.138268
0.391985 1.026513 1.138350
0.386308 1.027042 1.138399
0.380596 1.027498 1.138415
0.374854 1.027882 1.138398
0.369082 1.028191 1.138348
0.363278 1.028423 1.138266
0.357447 1.028580 1.138150
0.351592 1.028660 1.137999
0.347540 1.025966 1.137993
0.342382 1.024793 1.133093
0.337268 1.023527 1.128168
0.333266 1.020683 1.128155
0.329267 1.017786 1.128147
0.325285 1.014840 1.128139
0.321332 1.011853 1.128131
0.317415 1.008829 1.128121
0.312371 1.007186 1.123183
0.307391 1.005462 1.118222
0.302457 1.003648 1.113243
0.297560 1.001734 1.108247
0.292705 0.999726 1.103235
0.288958 0.996451 1.103221
0.285204 0.993111 1.103214
0.281474 0.989725 1.103207
0.277777 0.986299 1.103199
0.274110 0.982832 1.103191
0.270477 0.979329 1.103184
0.266886 0.975791 1.103174
0.263324 0.972215 1.103167
0.258646 0.969686 1.098144
0.254052 0.967092 1.093101
0.249524 0.964419 1.088044
0.245058 0.961664 1.082970
0.240648 0.958822 1.077884
0.236297 0.955894 1.072785
0.232011 0.952883 1.067672
0.227784 0.949787 1.062548
0.223625 0.946610 1.057409
0.219529 0.943349 1.052262
0.215504 0.940013 1.047103
0.211543 0.936593 1.041934
0.207657 0.933101 1.036756
0.203839 0.929530 1.031568
0.200099 0.925890 1.026372
0.196430 0.922173 1.021167
0.192844 0.918395 1.015956
0.191379 0.916243 1.015935
0.190690 0.915239 1.015930
0.190364 0.914749 1.015908
0.190198 0.914483 1.015880
0.190115 0.914360 1.015879
0.190075 0.914300 1.015878
0.190714 0.913896 1.021082
0.192925 0.915677 1.026271
0.195950 0.918506 1.031455
0.199397 0.921782 1.036632
0.203080 0.925222 1.041801
0.206910 0.928695 1.046961
0.212531 0.930855 1.047683
0.218173 0.932946 1.048373
0.223826 0.934957 1.049030
0.229485 0.936885 1.049656
0.235147 0.938726 1.050250
0.240809 0.940480 1.050812
0.246471 0.942148 1.051341
0.252130 0.943730 1.051838
0.257785 0.945227 1.052303
0.263435 0.946638 1.052736
0.269079 0.947966 1.053137
0.274716 0.949210 1.053503
0.280346 0.950370 1.053838
0.285966 0.951448 1.054139
0.291575 0.952444 1.054408
0.297170 0.953360 1.054646
0.302752 0.954196 1.054852
0.308319 0.954953 1.055025
0.313871 0.955632 1.055165
0.319406 0.956232 1.055273
0.324923 0.956756 1.055348
0.330421 0.957202 1.055390
0.335900 0.957573 1.055400
0.341357 0.957869 1.055377
0.346792 0.958091 1.055321
0.352203 0.958239 1.055233
0.357590 0.958315 1.055112
0.362952 0.958318 1.054959
0.368287 0.958250 1.054773
0.373594 0.958112 1.054554
0.378873 0.957904 1.054303
0.384121 0.957628 1.054020
0.389339 0.957283 1.053703
0.394525 0.956871 1.053355
0.399678 0.956393 1.052974
0.404798 0.955849 1.052560
0.409882 0.955241 1.052114
0.414931 0.954569 1.051636
0.419944 0.953835 1.051125
0.424919 0.953039 1.050582
0.429856 0.952182 1.050007
0.434754 0.951265 1.049400
0.439613 0.950289 1.048760
0.444432 0.949255 1.048088
0.449209 0.948164 1.047383
0.453945 0.947018 1.046647
0.458638 0.945817 1.045880
0.463287 0.944563 1.045080
0.467893 0.943257 1.044250
0.472453 0.941899 1.043387
0.476968 0.940491 1.042494
0.481437 0.939035 1.041569
0.485861 0.937529 1.040612
0.490237 0.935976 1.039624
0.494565 0.934378 1.038606
0.498845 0.932735 1.037556
0.503077 0.931048 1.036476
0.507259 0.929319 1.035365
0.510655 0.929537 1.038651
0.514054 0.929687 1.041927
0.517455 0.929769 1.045193
0.523938 0.930744 1.048479
