0.620000 0.925084 1.097216
0.620001 0.925082 1.097214
0.620002 0.925080 1.097213
0.623053 0.925064 1.097212
0.626104 0.925016 1.097210
0.629155 0.924938 1.097209
0.632204 0.924830 1.097208
0.635252 0.924691 1.097207
0.638468 0.927334 1.098855
0.641740 0.929959 1.100476
0.645067 0.932566 1.102069
0.648449 0.935152 1.103632
0.651888 0.937717 1.105167
0.652178 0.940598 1.106674
0.652469 0.943493 1.108150
0.652762 0.946404 1.109598
0.653056 0.949328 1.111017
0.656672 0.951917 1.112406
0.660346 0.954479 1.113766
0.664076 0.957014 1.115095
0.667862 0.959521 1.116395
0.671705 0.961997 1.117664
0.675605 0.964443 1.118903
0.679560 0.966857 1.120113
0.683571 0.969239 1.121292
0.687638 0.971585 1.122440
0.691760 0.973896 1.123558
0.692117 0.975648 1.119938
0.692465 0.977362 1.116298
0.692806 0.979040 1.112641
0.693140 0.980683 1.108968
0.693466 0.982289 1.105278
0.693785 0.983859 1.101571
0.694096 0.985393 1.097849
0.694400 0.986890 1.094112
0.695130 0.990494 1.091056
0.695854 0.994067 1.087964
0.696571 0.997611 1.084835
0.697281 1.001123 1.081671
0.697985 1.004605 1.078471
0.698682 1.008056 1.075236
0.699373 1.011476 1.071967
0.703986 1.014047 1.068663
0.708667 1.016529 1.065325
0.713397 1.018923 1.061953
0.714196 1.022183 1.058548
0.718956 1.024459 1.055107
0.723804 1.026635 1.051635
0.724128 1.027626 1.043507
0.724109 1.027563 1.039579
0.728896 1.029558 1.036041
0.729786 1.032533 1.032476
0.730571 1.035497 1.028877
0.731129 1.037612 1.029574
0.731684 1.039720 1.030293
0.732236 1.041821 1.031033
0.732788 1.043914 1.031795
0.733336 1.046000 1.032579
0.733883 1.048079 1.033385
0.734427 1.050150 1.034212
0.734969 1.052213 1.035060
0.735741 1.055143 1.031431
0.736504 1.058039 1.027772
0.737256 1.060900 1.024083
0.738001 1.063724 1.020365
0.738732 1.066513 1.016618
0.739452 1.069266 1.012842
0.740160 1.071983 1.009038
0.740858 1.074664 1.005206
0.741544 1.077307 1.001347
0.742219 1.079913 0.997460
0.742883 1.082483 0.993546
0.743535 1.085014 0.989606
0.744175 1.087508 0.985641
0.744803 1.089964 0.981649
0.745420 1.092381 0.977633
0.746025 1.094760 0.973591
0.746619 1.097099 0.969526
0.747200 1.099400 0.965436
0.747771 1.101662 0.961323
0.748329 1.103884 0.957187
0.748876 1.106066 0.953028
0.748861 1.106147 0.947998
0.748836 1.106179 0.942968
0.748799 1.106162 0.937938
0.749300 1.108182 0.933693
0.749791 1.110161 0.929427
0.750272 1.112098 0.925140
0.750743 1.113994 0.920834
0.751203 1.115848 0.916509
0.751653 1.117659 0.912165
0.752093 1.119428 0.907803
0.752524 1.121155 0.903422
0.752945 1.122839 0.899024
0.753356 1.124479 0.894609
0.753919 1.126553 0.895414
0.754461 1.128625 0.896241
0.754838 1.130229 0.891809
0.755219 1.131786 0.887361
0.755597 1.133297 0.882897
0.755969 1.134764 0.878417
0.756333 1.136187 0.873923
0.756689 1.137566 0.869415
0.757036 1.138900 0.864892
0.757374 1.140189 0.860356
0.757702 1.141434 0.855807
0.758022 1.142635 0.851245
0.758332 1.143790 0.846671
0.758632 1.144901 0.842085
0.759225 1.146950 0.842933
0.762719 1.148209 0.843798
0.767578 1.149066 0.844687
0.772701 1.148759 0.840090
0.775133 1.149160 0.835486
0.776308 1.149873 0.830869
0.776951 1.150692 0.826242
0.777376 1.151526 0.821604
0.777487 1.151493 0.821604
0.777540 1.151477 0.821604
0.777570 1.151468 0.821604
0.777591 1.151462 0.821604
0.777608 1.151456 0.821603
0.777624 1.151451 0.821603
0.777640 1.151446 0.821603
0.777655 1.151442 0.821603
0.777670 1.151437 0.821603
0.777685 1.151432 0.821602
0.777701 1.151428 0.821602
0.777716 1.151423 0.821602
0.777731 1.151418 0.821602
0.778345 1.153433 0.822514
0.778956 1.155439 0.823446
0.779564 1.157436 0.824400
0.780169 1.159424 0.825374
0.780771 1.161403 0.826370
0.781369 1.163372 0.827385
0.781963 1.165332 0.828422
0.782554 1.167282 0.829479
0.783141 1.169221 0.830556
0.783724 1.171151 0.831653
0.784295 1.173073 0.832770
0.784302 1.173070 0.832770
0.784309 1.173068 0.832770
0.783962 1.171991 0.827006
0.783620 1.170853 0.821253
0.783269 1.169657 0.815513
0.782906 1.168404 0.809785
0.782529 1.167097 0.804071
0.782136 1.165734 0.798371
0.781729 1.164317 0.792685
0.781305 1.162845 0.787014
0.780866 1.161318 0.781358
0.780412 1.159737 0.775719
0.779941 1.158102 0.770097
0.779455 1.156414 0.764492
0.778953 1.154671 0.758905
0.778435 1.152876 0.753336
0.778472 1.152864 0.753335
0.778493 1.152858 0.753335
0.778510 1.152853 0.753335
0.778526 1.152848 0.753335
0.778541 1.152843 0.753335
0.779164 1.154883 0.754183
0.779219 1.155093 0.749460
0.779249 1.155083 0.749460
0.779267 1.155078 0.749460
0.779282 1.155073 0.749460
0.779986 1.155193 0.749670
0.780739 1.155339 0.749907
0.781443 1.155332 0.750061
0.782112 1.155081 0.750072
0.782263 1.154997 0.750046
0.782323 1.154948 0.750026
0.782353 1.154914 0.750010
0.782374 1.154888 0.749998
0.782398 1.154861 0.749985
0.782420 1.154839 0.749975
0.782440 1.154821 0.749968
0.783010 1.156630 0.755564
0.783006 1.156632 0.755565
0.783566 1.158386 0.761178
0.784102 1.160092 0.766812
0.784620 1.161744 0.772464
0.781668 1.164408 0.778140
0.777353 1.167364 0.783828
0.772535 1.170349 0.789530
0.767501 1.173277 0.795247
0.761989 1.174718 0.795248
0.756807 1.177505 0.800976
0.751552 1.180195 0.806722
0.746239 1.182781 0.812481
0.740870 1.185262 0.818252
0.735448 1.187635 0.824037
0.729978 1.189900 0.829833
0.724460 1.192055 0.835640
0.718899 1.194100 0.841458
0.713295 1.196034 0.847286
0.707651 1.197856 0.853123
0.701968 1.199565 0.858970
0.696249 1.201160 0.864825
0.690496 1.202641 0.870687
0.684711 1.204008 0.876557
0.678896 1.205258 0.882433
0.673054 1.206393 0.888315
0.667185 1.207411 0.894203
0.661293 1.208311 0.900095
0.655381 1.209094 0.905991
0.649449 1.209758 0.911891
0.643502 1.210304 0.917795
0.637484 1.208948 0.922258
0.631475 1.207296 0.920833
0.625524 1.205565 0.919423
0.619635 1.203978 0.923867
0.613756 1.202291 0.928297
0.610830 1.200537 0.932688
0.612345 1.198794 0.937050
0.616044 1.197034 0.941412
0.620803 1.195213 0.945764
0.622988 1.193343 0.950126
0.623973 1.191426 0.954459
0.624423 1.186384 0.953663
0.624573 1.181321 0.952846
0.624587 1.176240 0.952014
0.624540 1.171140 0.951168
0.624469 1.166023 0.950308
0.624387 1.160888 0.949435
0.624294 1.155767 0.943193
0.624216 1.150589 0.942343
0.624135 1.145396 0.941482
0.624054 1.140188 0.940608
0.623974 1.134965 0.939722
0.623897 1.129727 0.938823
0.623818 1.124476 0.937911
0.623744 1.119211 0.936987
0.623673 1.113934 0.936050
0.623605 1.108644 0.935101
0.623539 1.103342 0.934139
0.623476 1.098029 0.933166
0.623416 1.092705 0.932181
0.623343 1.090731 0.935887
0.623301 1.088720 0.939576
0.623252 1.089911 0.948006
0.623230 1.090943 0.956473
0.623222 1.088748 0.960123
0.623192 1.086516 0.963749
0.623165 1.084248 0.967354
0.623131 1.081944 0.970935
0.623101 1.079604 0.974493
0.623073 1.077229 0.978028
0.623045 1.074819 0.981539
0.623018 1.072374 0.985025
0.622992 1.069894 0.988487
0.622966 1.067379 0.991924
0.622941 1.064830 0.995336
0.622917 1.062248 0.998722
0.622893 1.059631 1.002082
0.622870 1.056981 1.005416
0.622846 1.054298 1.008723
0.622823 1.051582 1.012003
0.622801 1.048834 1.015256
0.622778 1.046053 1.018481
0.622755 1.043240 1.021679
0.622732 1.040395 1.024848
0.622710 1.037518 1.027988
0.622687 1.034611 1.031100
0.622663 1.031672 1.034182
0.622640 1.028703 1.037235
0.622617 1.025703 1.040258
0.622593 1.022673 1.043251
0.622569 1.019614 1.046213
0.622545 1.016525 1.049145
0.622520 1.013406 1.052046
0.622495 1.010259 1.054915
0.622470 1.007084 1.057753
0.622445 1.003880 1.060559
0.622419 1.000649 1.063333
0.622393 0.997389 1.066074
0.622366 0.994103 1.068782
0.622340 0.990790 1.071458
0.622313 0.987450 1.074100
0.622285 0.984083 1.076709
0.622258 0.980691 1.079284
0.622229 0.977274 1.081825
0.622201 0.973831 1.084331
0.622172 0.970363 1.086803
0.622143 0.966871 1.089240
0.622114 0.963354 1.091642
0.622084 0.959814 1.094009
0.622054 0.956250 1.096341
0.622024 0.952663 1.098636
0.621994 0.949053 1.100896
0.621963 0.945421 1.103119
0.621932 0.941767 1.105306
0.621900 0.938091 1.107456
0.621896 0.938091 1.107456
0.621892 0.938090 1.107455
0.621888 0.938090 1.107454
0.621899 0.939718 1.104265
0.621910 0.941315 1.101059
0.621906 0.941314 1.101058
0.621902 0.941314 1.101058
0.621898 0.941314 1.101057
0.621893 0.941314 1.101057
0.621878 0.939246 1.100059
0.621862 0.937168 1.099082
0.621845 0.935081 1.098126
0.621829 0.932984 1.097191
0.621813 0.930878 1.096277
0.621796 0.928763 1.095384
0.621779 0.926640 1.094512
0.621775 0.926639 1.094511
0.624837 0.926606 1.094511
0.627898 0.926542 1.094510
0.631035 0.928570 1.095381
0.634163 0.929240 1.091535
0.637304 0.929840 1.087681
0.640553 0.931758 1.080702
0.643830 0.933496 1.073689
0.647075 0.934528 1.070538
0.650340 0.935495 1.067375
0.653624 0.936396 1.064199
0.657113 0.938938 1.065676
0.660658 0.941455 1.067125
0.664259 0.943948 1.068544
0.667568 0.943931 1.064642
0.670874 0.943842 1.060735
0.671205 0.945973 1.061520
0.671534 0.948096 1.062327
0.675162 0.949676 1.063155
0.678825 0.951208 1.064005
0.682522 0.952690 1.064875
0.686253 0.954123 1.065767
0.690017 0.955506 1.066680
0.693814 0.956837 1.067614
0.697267 0.956442 1.063704
0.700711 0.955972 1.059790
0.704144 0.955429 1.055872
0.707564 0.954814 1.051952
0.710969 0.954125 1.048030
0.714359 0.953365 1.044106
0.717732 0.952532 1.040180
0.721087 0.951627 1.036253
0.724421 0.950651 1.032325
0.728367 0.951575 1.033280
0.732338 0.952444 1.034256
0.736335 0.953257 1.035252
0.740355 0.954014 1.036269
0.744399 0.954713 1.037307
0.748464 0.955355 1.038365
0.752551 0.955940 1.039443
0.756659 0.956465 1.040542
0.760786 0.956932 1.041660
0.764931 0.957340 1.042799
0.769094 0.957687 1.043957
0.773273 0.957974 1.045135
0.777468 0.958200 1.046333
0.781678 0.958366 1.047551
0.785901 0.958469 1.048787
0.790136 0.958511 1.050043
0.794383 0.958490 1.051318
0.798641 0.958407 1.052612
0.802908 0.958261 1.053925
0.807184 0.958051 1.055257
0.811467 0.957778 1.056607
0.815756 0.957441 1.057976
0.820051 0.957040 1.059363
0.824349 0.956575 1.060768
0.828651 0.956046 1.062192
0.832956 0.955452 1.063633
0.837261 0.954793 1.065092
0.841566 0.954069 1.066569
0.845869 0.953280 1.068063
0.850171 0.952426 1.069574
0.854469 0.951506 1.071103
0.858763 0.950521 1.072648
0.863051 0.949471 1.074211
0.867332 0.948356 1.075790
0.871606 0.947175 1.077386
0.875871 0.945928 1.078998
0.880126 0.944616 1.080626
0.884369 0.943239 1.082271
0.887606 0.940587 1.078343
0.890791 0.937871 1.074415
0.893923 0.935095 1.070486
0.897000 0.932258 1.066559
0.900021 0.929362 1.062633
0.902985 0.926408 1.058709
0.905892 0.923397 1.054787
0.908740 0.920330 1.050867
0.911527 0.917208 1.046949
0.914253 0.914034 1.043036
0.918308 0.912186 1.044696
0.921213 0.909190 1.044695
0.925229 0.907239 1.046371
0.929224 0.905225 1.048063
0.933196 0.903149 1.049770
0.937145 0.901010 1.051493
0.941069 0.898809 1.053230
0.944967 0.896546 1.054983
0.948839 0.894222 1.056750
0.952682 0.891836 1.058532
0.956497 0.889390 1.060328
0.960282 0.886884 1.062138
0.964036 0.884317 1.063962
0.967758 0.881691 1.065800
0.971447 0.879006 1.067652
0.972521 0.879801 1.069517
0.973581 0.880584 1.071396
0.974625 0.881357 1.073287
0.975654 0.882118 1.075192
0.976667 0.882868 1.077109
0.977665 0.883606 1.079039
0.978647 0.884333 1.080981
0.979614 0.885048 1.082935
0.979319 0.884816 1.079025
0.978991 0.884561 1.075119
0.981364 0.886322 1.076507
0.983748 0.888091 1.077867
0.986143 0.889868 1.079197
0.987223 0.890659 1.074642
0.988266 0.891424 1.070073
0.989272 0.892161 1.065491
0.990241 0.892872 1.060897
0.992204 0.894315 1.058196
0.994144 0.895742 1.055471
0.996062 0.897153 1.052722
0.997958 0.898547 1.049950
0.999832 0.899925 1.047154
1.001683 0.901287 1.044335
1.002696 0.902037 1.046251
1.003694 0.902775 1.048181
1.004676 0.903502 1.050123
1.004006 0.902995 1.046286
1.003303 0.902466 1.042458
1.003323 0.902464 1.033881
1.003212 0.902367 1.025325
1.002971 0.902175 1.016792
1.002601 0.901889 1.008285
1.002101 0.901508 0.999808
1.001473 0.901033 0.991363
1.000718 0.900465 0.982954
0.999836 0.899805 0.974584
0.998827 0.899052 0.966256
0.998824 0.899054 0.966253
0.998823 0.899055 0.966253
0.998821 0.899057 0.966252
0.998820 0.899059 0.966252
0.998818 0.899061 0.966252
0.998817 0.899063 0.966252
0.998609 0.898913 0.970955
0.998362 0.898736 0.975656
0.998078 0.898532 0.980353
0.997756 0.898299 0.985047
0.997396 0.898039 0.989736
0.996998 0.897751 0.994421
0.996563 0.897435 0.999101
0.996089 0.897092 1.003774
0.992796 0.900460 1.008443
0.989971 0.904175 1.008442
0.987109 0.907862 1.008441
0.983680 0.911099 1.013102
0.980186 0.914266 1.017756
0.976630 0.917363 1.022402
0.973013 0.920388 1.027040
0.971637 0.925352 1.032820
0.970155 0.930280 1.038620
0.968565 0.935169 1.044442
0.966061 0.939278 1.054998
0.963346 0.943215 1.065601
0.959733 0.946310 1.074161
0.955975 0.949251 1.082729
0.952077 0.952034 1.091303
0.948042 0.954655 1.099880
0.943875 0.957112 1.108456
0.939579 0.959400 1.117029
0.935158 0.961515 1.125595
0.930616 0.963455 1.134151
0.925958 0.965215 1.142693
0.921189 0.966794 1.151219
0.916312 0.968187 1.159725
0.911333 0.969393 1.168209
0.906256 0.970408 1.176667
0.901086 0.971229 1.185097
0.895827 0.971855 1.193494
0.892295 0.974596 1.193497
0.888736 0.977301 1.193494
0.885149 0.979970 1.193491
0.881536 0.982603 1.193488
0.877896 0.985200 1.193485
0.874383 0.988009 1.199589
0.870805 0.990735 1.205697
0.866825 0.992859 1.209596
0.862807 0.994908 1.213489
0.858751 0.996881 1.217378
0.854660 0.998777 1.221261
0.850535 1.000596 1.225138
0.846377 1.002337 1.229009
0.842188 1.004000 1.232875
0.837970 1.005583 1.236733
0.833723 1.007087 1.240583
0.829450 1.008511 1.244426
0.825152 1.009854 1.248260
0.820953 1.011317 1.246058
0.816735 1.012714 1.243856
0.812500 1.014047 1.241661
0.808249 1.015314 1.239473
0.803982 1.016516 1.237292
0.799701 1.017653 1.235118
0.795758 1.019481 1.229115
0.795775 1.019478 1.223111
0.791453 1.020467 1.220961
0.787120 1.021389 1.218820
0.782778 1.022245 1.216686
0.778428 1.023034 1.214562
0.774071 1.023757 1.212446
0.769708 1.024414 1.210340
0.765340 1.025004 1.208243
0.760969 1.025527 1.206155
0.756594 1.025984 1.204077
0.752219 1.026374 1.202009
0.747843 1.026697 1.199952
0.743468 1.026954 1.197904
0.739094 1.027145 1.195868
0.734724 1.027270 1.193842
0.730358 1.027328 1.191827
0.725997 1.027321 1.189823
0.721642 1.027248 1.187831
0.717295 1.027109 1.185850
0.712957 1.026905 1.183881
0.708627 1.026635 1.181925
0.704309 1.026301 1.179980
0.700003 1.025902 1.178048
0.695709 1.025439 1.176128
0.691429 1.024912 1.174222
0.687164 1.024322 1.172328
0.682915 1.023668 1.170447
0.678684 1.022951 1.168580
0.674470 1.022171 1.166726
0.670276 1.021330 1.164886
0.666101 1.020426 1.163060
0.661948 1.019461 1.161247
0.657817 1.018435 1.159448
0.653710 1.017348 1.157664
0.649626 1.016202 1.155894
0.645568 1.014996 1.154139
0.641536 1.013731 1.152400
0.637530 1.012408 1.150675
0.633553 1.011028 1.148966
0.629605 1.009590 1.147272
0.625686 1.008096 1.145595
0.621798 1.006546 1.143933
0.617942 1.004940 1.142287
0.617943 1.004939 1.142284
0.617952 1.003318 1.140653
0.617961 1.001681 1.139040
0.617970 1.000028 1.137444
0.617980 0.998360 1.135864
0.617989 0.996675 1.134300
0.617998 0.994976 1.132754
0.618008 0.993260 1.131224
0.618018 0.991529 1.129711
0.618027 0.989783 1.128216
0.618037 0.988022 1.126739
0.618047 0.986246 1.125279
0.618056 0.984456 1.123837
0.618066 0.982652 1.122413
0.618076 0.980834 1.121008
0.618086 0.979002 1.119621
0.618095 0.977156 1.118252
0.618105 0.975296 1.116902
0.618115 0.973423 1.115571
0.618124 0.971537 1.114259
0.618134 0.969638 1.112965
0.618144 0.967726 1.111690
0.618154 0.965800 1.110434
0.618164 0.963863 1.109198
0.618174 0.961913 1.107981
0.618184 0.959951 1.106784
0.618194 0.957978 1.105606
0.618204 0.955992 1.104449
0.618214 0.953996 1.103312
0.618224 0.951988 1.102194
0.618234 0.949969 1.101097
0.618243 0.947940 1.100021
0.618253 0.945900 1.098964
0.618263 0.943848 1.097928
0.618274 0.941786 1.096912
0.618284 0.939715 1.095917
0.618294 0.937633 1.094943
0.618304 0.935542 1.093989
0.618314 0.933442 1.093057
0.618324 0.931332 1.092146
0.618334 0.929214 1.091256
0.618344 0.927087 1.090388
0.618354 0.924952 1.089541
0.618354 0.924950 1.089540
0.615306 0.924916 1.089538
0.612258 0.924853 1.089537
0.609166 0.926208 1.086479
0.605973 0.928931 1.088071
0.602723 0.931636 1.089634
0.599417 0.934322 1.091169
0.596055 0.936987 1.092674
0.592636 0.939632 1.094150
0.589161 0.942253 1.095597
0.585629 0.944852 1.097014
0.582042 0.947425 1.098402
0.578397 0.949973 1.099761
0.574696 0.952494 1.101090
0.570938 0.954987 1.102389
0.567125 0.957450 1.103657
0.563256 0.959883 1.104896
0.562754 0.962872 1.106104
0.562497 0.964463 1.102618
0.558789 0.965426 1.099117
0.555062 0.966313 1.095600
0.551318 0.967125 1.092067
0.547558 0.967862 1.088519
0.543784 0.968524 1.084957
0.539997 0.969109 1.081381
0.539696 0.970442 1.077792
0.535894 0.970916 1.074190
0.535596 0.972175 1.070575
0.531781 0.972536 1.066947
0.527958 0.972816 1.063306
0.524668 0.971072 1.055215
0.520839 0.971292 1.047645
0.517038 0.971324 1.040061
0.513271 0.971166 1.032466
0.513049 0.971908 1.024865
0.509369 0.971418 1.017260
0.509429 0.971206 1.013338
0.509512 0.970960 1.009419
0.510285 0.968518 1.005121
0.510392 0.968198 1.001208
0.510510 0.967840 0.997298
0.510640 0.967445 0.993393
0.510782 0.967013 0.989491
0.510936 0.966544 0.985595
0.511101 0.966037 0.981703
0.510421 0.968196 0.982085
0.509742 0.970351 0.982489
0.509065 0.972502 0.982915
0.508274 0.975017 0.979645
0.507494 0.977500 0.976348
0.506723 0.979952 0.973025
0.505962 0.982372 0.969676
0.506188 0.981679 0.965816
0.506422 0.980951 0.961963
0.506668 0.980186 0.958118
0.506925 0.979384 0.954282
0.507194 0.978546 0.950454
0.507191 0.978545 0.950454
0.507189 0.978544 0.950454
0.507187 0.978544 0.950454
0.507185 0.978543 0.950454
0.507184 0.978542 0.950454
0.503630 0.977405 0.950455
0.503601 0.977395 0.950454
0.503599 0.977395 0.950454
0.503597 0.977394 0.950454
0.503578 0.977446 0.946695
0.503571 0.977463 0.942935
0.503575 0.977443 0.939176
0.503590 0.977388 0.935417
0.502913 0.979456 0.931994
0.503314 0.978246 0.924458
0.503756 0.976892 0.916958
0.504244 0.975395 0.909498
0.504777 0.973757 0.902080
0.505355 0.971978 0.894709
0.504636 0.974144 0.894953
0.503925 0.976310 0.895221
0.503215 0.978473 0.895511
0.502505 0.980633 0.895825
0.501797 0.982790 0.896160
0.501089 0.984944 0.896519
0.500382 0.987094 0.896900
0.499677 0.989240 0.897304
0.498972 0.991383 0.897730
0.499437 0.989979 0.894092
0.499906 0.988538 0.890468
0.499195 0.990674 0.890917
0.498493 0.992807 0.891388
0.497793 0.994936 0.891882
0.497094 0.997061 0.892398
0.496555 0.998684 0.888951
0.496027 1.000275 0.885487
0.496202 0.999706 0.881490
0.496387 0.999098 0.877500
0.496584 0.998452 0.873515
0.496574 0.998448 0.873515
0.496564 0.998445 0.873515
0.496553 0.998441 0.873514
0.496761 0.997757 0.869537
0.496980 0.997034 0.865567
0.497212 0.996274 0.861605
0.497200 0.996270 0.861605
0.497441 0.995472 0.857651
0.497695 0.994636 0.853705
0.497683 0.994631 0.853705
0.497669 0.994626 0.853704
0.497654 0.994621 0.853704
0.497640 0.994616 0.853704
0.497626 0.994611 0.853704
0.497611 0.994606 0.853703
0.498090 0.994708 0.853687
0.498118 0.994684 0.853680
0.498079 0.994488 0.853611
0.498051 0.994333 0.853574
0.498053 0.994348 0.853585
0.498053 0.994363 0.853596
0.498053 0.994378 0.853607
0.498052 0.994392 0.853618
0.498051 0.994407 0.853628
0.497770 0.995233 0.857569
0.497498 0.996020 0.861518
0.497237 0.996769 0.865475
0.496989 0.997482 0.869440
0.496754 0.998156 0.873412
0.496532 0.998793 0.877392
0.499796 1.000497 0.881369
0.502264 1.005884 0.889487
0.504910 1.011113 0.897726
0.507697 1.016168 0.906081
0.510619 1.021041 0.914549
0.514631 1.022114 0.914549
0.518583 1.023399 0.918705
0.521746 1.027939 0.927318
0.525034 1.032287 0.936035
0.528437 1.036435 0.944853
0.532385 1.038297 0.952904
0.536390 1.039968 0.960984
0.540448 1.041446 0.969091
0.544556 1.042730 0.977221
0.548707 1.043817 0.985371
0.552896 1.044707 0.993539
0.557119 1.045397 1.001720
0.561729 1.043348 1.005027
0.566219 1.041844 1.004057
0.570673 1.040282 1.003108
0.575092 1.038664 1.002180
0.579528 1.036390 1.005459
0.583919 1.034037 1.008712
0.588261 1.031605 1.011936
0.592552 1.029097 1.015133
0.596792 1.026512 1.018302
0.600979 1.023853 1.021442
0.605111 1.021119 1.024553
0.609117 1.021247 1.024552
0.613125 1.021335 1.024551
0.617133 1.021384 1.024550
0.621142 1.021392 1.024548
0.625118 1.019251 1.023642
0.629052 1.017062 1.022757
0.629005 1.014936 1.021893
0.628946 1.012801 1.021050
0.628941 1.012800 1.021049
0.628935 1.012800 1.021048
0.628930 1.012799 1.021047
0.628925 1.012799 1.021046
0.628919 1.012799 1.021044
0.628914 1.012798 1.021043
0.628908 1.012798 1.021042
0.628849 1.010655 1.020221
0.628789 1.008504 1.019421
0.628729 1.006345 1.018643
0.624823 1.003478 1.021725
0.624760 1.000512 1.024778
0.624705 0.997515 1.027800
0.620911 0.994517 1.030793
0.617170 0.991456 1.033758
0.617172 0.988369 1.036689
0.617177 0.985254 1.039590
0.617182 0.982110 1.042459
0.617188 0.978937 1.045297
0.617193 0.975736 1.048103
0.617198 0.972508 1.050876
0.617204 0.969251 1.053618
0.617209 0.965968 1.056326
0.617214 0.962657 1.059002
0.617219 0.959320 1.061645
0.617224 0.955957 1.064254
0.617230 0.952568 1.066829
0.617235 0.949153 1.069370
0.617240 0.945713 1.071877
0.617245 0.942248 1.074349
0.617251 0.938759 1.076787
0.617256 0.935245 1.079190
0.617261 0.931708 1.081557
0.617265 0.929541 1.080801
0.617260 0.928147 1.083888
0.617256 0.926723 1.086962
0.617241 0.927411 1.090841
0.617227 0.928044 1.094770
0.617222 0.926511 1.097842
0.617218 0.924947 1.100899
0.617212 0.924947 1.100898
0.620256 0.924959 1.100897
0.623300 0.924942 1.100897
0.626343 0.924893 1.100896
0.629386 0.924815 1.100895
0.632428 0.924706 1.100894
0.635612 0.927365 1.102571
0.638852 0.930007 1.104220
0.642147 0.932631 1.105841
0.645498 0.935236 1.107434
0.648643 0.934965 1.107433
0.651786 0.934664 1.107432
0.654925 0.934331 1.107431
0.658061 0.933966 1.107431
0.661193 0.933571 1.107430
0.664725 0.935982 1.108994
0.668312 0.938369 1.110529
0.671954 0.940730 1.112035
0.675651 0.943065 1.113512
0.679402 0.945372 1.114960
0.683208 0.947650 1.116379
0.687069 0.949898 1.117768
0.690984 0.952115 1.119127
0.694953 0.954298 1.120457
0.698976 0.956449 1.121757
0.703053 0.958564 1.123027
0.707184 0.960643 1.124266
0.711368 0.962685 1.125476
0.715604 0.964688 1.126654
0.719894 0.966652 1.127803
0.724235 0.968575 1.128921
0.728629 0.970456 1.130008
0.733074 0.972293 1.131064
0.737570 0.974087 1.132089
0.742117 0.975834 1.133083
0.746714 0.977535 1.134046
0.751360 0.979189 1.134977
0.754940 0.977859 1.134976
0.758507 0.976493 1.134975
0.762060 0.975092 1.134974
0.765599 0.973655 1.134973
0.769123 0.972183 1.134972
0.773893 0.973551 1.135872
0.778709 0.974866 1.136741
0.783571 0.976127 1.137578
0.788477 0.977334 1.138383
0.793427 0.978485 1.139157
0.798420 0.979579 1.139899
0.803456 0.980616 1.140609
0.808533 0.981593 1.141287
0.813651 0.982510 1.141933
0.818810 0.983367 1.142547
0.824007 0.984161 1.143129
0.828632 0.983816 1.138945
0.833248 0.983378 1.134739
0.837854 0.982848 1.130515
0.842447 0.982227 1.126272
0.847026 0.981515 1.122010
0.851588 0.980712 1.117731
0.856133 0.979818 1.113434
0.859710 0.977443 1.113431
0.863264 0.975033 1.113429
0.867768 0.973960 1.109116
0.872248 0.972798 1.104785
0.876702 0.971547 1.100439
0.881129 0.970209 1.096076
0.885526 0.968783 1.091698
0.888987 0.966119 1.091696
0.892423 0.963420 1.091694
0.895832 0.960686 1.091692
0.899214 0.957919 1.091690
0.902568 0.955118 1.091688
0.905894 0.952284 1.091686
0.909191 0.949417 1.091684
0.912460 0.946517 1.091682
0.915699 0.943585 1.091681
0.918909 0.940621 1.091679
0.922090 0.937625 1.091677
0.925240 0.934597 1.091675
0.928360 0.931538 1.091673
0.931449 0.928448 1.091671
0.934507 0.925327 1.091669
0.937534 0.922177 1.091667
0.940530 0.918996 1.091665
0.943494 0.915785 1.091664
0.946425 0.912545 1.091662
0.949324 0.909276 1.091660
0.952190 0.905978 1.091658
0.955024 0.902652 1.091656
0.957824 0.899298 1.091654
0.961733 0.896833 1.087262
0.965590 0.894292 1.082856
0.969393 0.891676 1.078435
0.973142 0.888987 1.074000
0.976835 0.886226 1.069553
0.978206 0.886471 1.065104
0.981460 0.884068 1.060621
0.984940 0.881222 1.056135
0.986301 0.881231 1.051653
0.987259 0.881719 1.047149
0.987276 0.881695 1.047150
0.987270 0.881704 1.047149
0.987401 0.881650 1.047293
0.986525 0.881044 1.051798
0.985606 0.880420 1.056291
0.984649 0.879771 1.060774
0.983657 0.879095 1.065245
0.980357 0.881557 1.069713
0.976712 0.884348 1.074160
0.972974 0.887114 1.078593
0.969178 0.889809 1.083012
0.965329 0.892427 1.087417
0.960035 0.893836 1.087254
0.954747 0.895170 1.087059
0.949469 0.896426 1.086832
0.944202 0.897604 1.086572
0.938949 0.898706 1.086279
0.933709 0.899731 1.085954
0.928484 0.900681 1.085596
0.923276 0.901556 1.085206
0.918084 0.902358 1.084784
0.912911 0.903086 1.084329
0.907758 0.903742 1.083842
0.902625 0.904327 1.083323
0.897513 0.904841 1.082771
0.892424 0.905285 1.082187
0.887358 0.905661 1.081572
0.882316 0.905968 1.080924
0.877300 0.906208 1.080244
0.872310 0.906382 1.079532
0.867347 0.906490 1.078788
0.862413 0.906533 1.078012
0.857507 0.906512 1.077205
0.852632 0.906427 1.076365
0.847788 0.906280 1.075494
0.842976 0.906072 1.074592
0.838197 0.905803 1.073657
0.833452 0.905475 1.072691
0.828741 0.905088 1.071695
0.824066 0.904644 1.070667
0.819427 0.904143 1.069609
0.814826 0.903588 1.068520
0.810262 0.902978 1.067400
0.805736 0.902313 1.066249
0.801249 0.901597 1.065067
0.796801 0.900829 1.063855
0.792394 0.900012 1.062614
0.788028 0.899145 1.061342
0.783704 0.898231 1.060040
0.779421 0.897269 1.058708
0.775181 0.896262 1.057347
0.770984 0.895210 1.055956
0.766830 0.894113 1.054535
0.764081 0.895565 1.054534
0.761318 0.896989 1.054532
0.758541 0.898386 1.054531
0.756532 0.901372 1.059081
0.754457 0.904304 1.063650
0.752318 0.907182 1.068236
0.750115 0.910004 1.072839
0.746674 0.910088 1.076010
0.743232 0.910104 1.079168
0.739789 0.910050 1.082311
0.736349 0.909928 1.085441
0.732911 0.909738 1.088556
0.729477 0.909478 1.091657
0.726577 0.910557 1.091656
0.723153 0.910195 1.094742
0.719736 0.909765 1.097813
0.716329 0.909266 1.100868
0.712932 0.908700 1.103908
0.710040 0.909613 1.103906
0.707609 0.912020 1.100864
0.705131 0.914378 1.097807
0.702183 0.915213 1.097805
0.699227 0.916019 1.097804
0.696263 0.916794 1.097803
0.693292 0.917540 1.097801
0.690313 0.918256 1.097800
0.687328 0.918943 1.097798
0.684335 0.919599 1.097797
0.681337 0.920226 1.097796
0.678332 0.920822 1.097794
0.675321 0.921388 1.097793
0.672305 0.921925 1.097792
0.669284 0.922431 1.097790
0.666258 0.922907 1.097789
0.663227 0.923352 1.097787
0.660192 0.923768 1.097786
0.657153 0.924153 1.097785
0.654110 0.924507 1.097783
0.651064 0.924831 1.097782
0.648015 0.925125 1.097781
0.644963 0.925388 1.097779
0.641908 0.925620 1.097778
0.638852 0.925823 1.097776
0.635793 0.925994 1.097775
0.632733 0.926135 1.097774
0.629672 0.926245 1.097772
0.626610 0.926325 1.097771
0.623547 0.926374 1.097770
0.620484 0.926392 1.097768
0.617421 0.926380 1.097767
0.617422 0.926379 1.097766
