0.616054 0.962875 1.113928
0.616064 0.960934 1.112696
0.616073 0.958982 1.111483
0.616082 0.957017 1.110290
0.616092 0.955041 1.109117
0.616102 0.953054 1.107964
0.616112 0.951055 1.106831
0.616121 0.949044 1.105719
0.616131 0.947023 1.104626
0.616142 0.944991 1.103554
0.616152 0.942949 1.102502
0.616163 0.940895 1.101470
0.616174 0.938831 1.100459
0.616185 0.936757 1.099468
0.616196 0.934674 1.098499
0.616207 0.932581 1.097550
0.616218 0.930479 1.096622
0.616229 0.928367 1.095716
0.616241 0.926247 1.094831
0.616252 0.924118 1.093967
0.613212 0.924063 1.093966
0.610173 0.923979 1.093965
0.607134 0.923864 1.093963
0.604097 0.923718 1.093962
0.601062 0.923543 1.093961
0.597831 0.926155 1.095596
0.594545 0.928750 1.097203
0.591203 0.931325 1.098781
0.587806 0.933879 1.100331
0.584354 0.936412 1.101852
0.580847 0.938921 1.103343
0.577284 0.941406 1.104806
0.573666 0.943867 1.106239
0.569992 0.946301 1.107644
0.566263 0.948708 1.109018
0.562362 0.951880 1.106518
0.559047 0.951286 1.106517
0.555739 0.950658 1.106515
0.555443 0.952248 1.103138
0.555156 0.953804 1.099744
0.554875 0.955327 1.096335
0.554203 0.958939 1.093686
0.553536 0.962525 1.091000
0.552873 0.966085 1.088278
0.548724 0.968924 1.085521
0.544517 0.971685 1.082727
0.540253 0.974369 1.079897
0.539505 0.977799 1.077034
0.539048 0.979899 1.077829
0.538982 0.980269 1.073918
0.538926 0.980600 1.070004
0.538879 0.980894 1.066086
0.538840 0.981149 1.062166
0.538809 0.981365 1.058242
0.538788 0.981543 1.054317
0.538775 0.981682 1.050390
0.538770 0.981784 1.046462
0.538774 0.981846 1.042532
0.538786 0.981871 1.038603
0.538807 0.981857 1.034674
0.538836 0.981805 1.030745
0.538874 0.981715 1.026816
0.538920 0.981586 1.022889
0.538464 0.983678 1.023706
0.534359 0.984928 1.024545
0.530220 0.986120 1.025405
0.526369 0.985983 1.021629
0.522523 0.985769 1.017846
0.522338 0.986475 1.014057
0.522164 0.987142 1.010260
0.522000 0.987773 1.006456
0.518169 0.987370 1.002647
0.514344 0.986887 0.998831
0.514195 0.987405 0.995010
0.514058 0.987887 0.991184
0.510261 0.987255 0.987353
0.510135 0.987660 0.983518
0.510025 0.988030 0.979679
0.509926 0.988363 0.975836
0.509838 0.988659 0.971990
0.509760 0.988918 0.968141
0.509694 0.989140 0.964289
0.509638 0.989325 0.960435
0.510486 0.986488 0.952286
0.511388 0.983457 0.948022
0.512302 0.980385 0.943789
0.511665 0.982550 0.944210
0.511032 0.984711 0.944654
0.511328 0.983771 0.940853
0.511631 0.982792 0.937061
0.511946 0.981777 0.933280
0.512902 0.978563 0.929065
0.512267 0.980724 0.929509
0.511636 0.982881 0.929975
0.511006 0.985033 0.930464
0.510377 0.987181 0.930975
0.509788 0.989195 0.927654
0.509207 0.991176 0.924313
0.508636 0.993126 0.920952
0.509084 0.991666 0.913349
0.509570 0.990060 0.905787
0.509670 0.989682 0.901927
0.509786 0.989267 0.898071
0.509780 0.989265 0.898071
0.509906 0.988814 0.894220
0.510042 0.988325 0.890373
0.509670 0.988406 0.887288
0.509175 0.988352 0.884178
0.505668 0.987284 0.884182
0.505474 0.987218 0.884177
0.505453 0.987211 0.884176
0.504783 0.989377 0.884537
0.504117 0.991539 0.884921
0.499922 0.992584 0.885332
0.499048 0.994666 0.885756
0.498527 0.996245 0.882251
0.498028 0.997794 0.878729
0.494019 0.998161 0.875198
0.493257 0.999541 0.871638
0.492522 1.001667 0.872089
0.491811 1.003798 0.872563
0.491327 1.005239 0.868994
0.491316 1.005235 0.868993
0.491303 1.005231 0.868993
0.490594 1.007356 0.869489
0.489889 1.009478 0.870008
0.489877 1.009473 0.870008
0.489863 1.009468 0.870007
0.491137 1.005661 0.865987
0.492408 1.001809 0.862007
0.493690 0.997920 0.858067
0.494985 0.993994 0.854169
0.494956 0.993983 0.854168
0.494942 0.993978 0.854168
0.494930 0.993974 0.854167
0.494917 0.993969 0.854167
0.495297 0.994094 0.854195
0.495406 0.994085 0.854163
0.495500 0.994073 0.854133
0.495591 0.994062 0.854103
0.495590 0.994062 0.854104
0.495583 0.994060 0.854106
0.495299 0.994880 0.858050
0.495025 0.995662 0.862004
0.494765 0.996407 0.865966
0.494519 0.997115 0.869935
0.497776 0.998919 0.873904
0.501341 1.000751 0.877886
0.505143 1.001915 0.877885
0.508784 1.003646 0.881875
0.512461 1.005306 0.885871
0.516171 1.006892 0.889873
0.519507 1.009879 0.897497
0.522934 1.012696 0.905171
0.526441 1.015336 0.912891
0.530024 1.017798 0.920656
0.533679 1.020080 0.928462
0.537400 1.022178 0.936306
0.541183 1.024090 0.944185
0.545024 1.025815 0.952096
0.548918 1.027350 0.960035
0.552859 1.028694 0.968001
0.556843 1.029845 0.975989
0.560864 1.030801 0.983996
0.564919 1.031562 0.992020
0.569001 1.032126 1.000058
0.573182 1.032026 1.004207
0.577300 1.032473 1.004206
0.581421 1.032878 1.004204
0.585593 1.032611 1.008346
0.589759 1.032260 1.012482
0.593917 1.031827 1.016611
0.597933 1.033660 1.025702
0.601989 1.035263 1.034855
0.606131 1.034641 1.042929
0.610261 1.033818 1.050998
0.614395 1.033894 1.050998
0.618530 1.033929 1.050997
0.622647 1.032821 1.055129
0.626717 1.029659 1.054147
0.630726 1.026467 1.053135
0.630685 1.025345 1.057193
0.626599 1.024269 1.061241
0.622532 1.023112 1.065277
0.618489 1.021873 1.069300
0.614471 1.020554 1.073311
0.614471 1.019230 1.077309
0.614481 1.015969 1.080002
0.614493 1.012681 1.082662
0.614504 1.009366 1.085289
0.614515 1.006026 1.087884
0.614527 1.002659 1.090444
0.614538 0.999268 1.092971
0.614550 0.995851 1.095464
0.614562 0.992409 1.097922
0.614575 0.988943 1.100346
0.614587 0.985453 1.102735
0.614600 0.981939 1.105089
0.614612 0.978402 1.107409
0.614625 0.974842 1.109692
0.614638 0.971260 1.111940
0.614651 0.967655 1.114152
0.614664 0.964028 1.116328
0.614670 0.962118 1.115055
0.614676 0.960194 1.113801
0.614683 0.958259 1.112566
0.614689 0.956311 1.111351
0.614696 0.954351 1.110155
0.614703 0.952379 1.108979
0.614710 0.950395 1.107823
0.614717 0.948400 1.106686
0.614724 0.946394 1.105570
0.614732 0.944377 1.104474
0.614739 0.942349 1.103398
0.614747 0.940310 1.102342
0.614755 0.938261 1.101307
0.614762 0.936202 1.100292
0.614770 0.934133 1.099298
0.614779 0.932053 1.098325
0.614787 0.929965 1.097373
0.614795 0.927867 1.096441
0.614804 0.925759 1.095531
0.614813 0.923643 1.094641
0.614807 0.923643 1.094641
0.617838 0.923680 1.094640
0.620870 0.923686 1.094639
0.623901 0.923662 1.094639
0.626932 0.923608 1.094638
0.630064 0.926332 1.096302
0.633252 0.929040 1.097938
0.636496 0.931730 1.099546
0.639797 0.934402 1.101125
0.643155 0.937054 1.102676
0.646569 0.939685 1.104197
0.650040 0.942295 1.105690
0.653568 0.944882 1.107154
0.657152 0.947444 1.108588
0.660793 0.949981 1.109993
0.664491 0.952491 1.111369
0.668245 0.954974 1.112714
0.672055 0.957427 1.114030
0.675922 0.959850 1.115316
0.679845 0.962242 1.116572
