0.620000 0.921920 1.092308
0.623020 0.921903 1.092306
0.626040 0.921856 1.092305
0.629059 0.921779 1.092303
0.632076 0.921672 1.092302
0.635167 0.923009 1.089274
0.638367 0.925665 1.090904
0.641622 0.928303 1.092506
0.644933 0.930922 1.094079
0.648301 0.933520 1.095623
0.651724 0.936097 1.097139
0.655203 0.938652 1.098625
0.658738 0.941183 1.100082
0.662329 0.943688 1.101510
0.665976 0.946169 1.102909
0.669236 0.945691 1.102907
0.672491 0.945181 1.102906
0.672744 0.946742 1.099603
0.676271 0.947723 1.096284
0.679817 0.948633 1.092950
0.680084 0.950090 1.089601
0.680344 0.951514 1.086237
0.680597 0.952905 1.082859
0.681237 0.956417 1.080157
0.681872 0.959902 1.077418
0.682183 0.961611 1.070050
0.682467 0.963172 1.062657
0.682724 0.964582 1.055242
0.682954 0.965842 1.047810
0.683534 0.969034 1.044889
0.684110 0.972196 1.041936
0.684679 0.975330 1.038951
0.685243 0.978434 1.035934
0.685801 0.981508 1.032885
0.686354 0.984552 1.029806
0.686918 0.987662 1.030623
0.687483 0.990780 1.031408
0.688034 0.993808 1.028234
0.688182 0.994628 1.024430
0.688719 0.997596 1.021196
0.689251 1.000532 1.017933
0.689777 1.003435 1.014640
0.689900 1.004121 1.010739
0.690015 1.004769 1.006831
0.690124 1.005378 1.002917
0.690122 1.005378 1.002917
0.690120 1.005378 1.002917
0.693933 1.004664 1.002916
0.697773 1.003906 1.002916
0.701727 1.003677 0.998996
0.706163 1.005557 0.995559
0.710637 1.007353 0.992095
0.715146 1.009064 0.988603
0.715752 1.011221 0.989117
0.716280 1.013390 0.989651
0.716805 1.015554 0.990207
0.717330 1.017712 0.990785
0.717962 1.020315 0.987267
0.718586 1.022884 0.983722
0.719201 1.025418 0.980151
0.719806 1.027917 0.976553
0.720403 1.030382 0.972930
0.720989 1.032811 0.969282
0.721566 1.035206 0.965610
0.722133 1.037564 0.961912
0.722690 1.039887 0.958191
0.723238 1.042174 0.954446
0.723775 1.044425 0.950677
0.724302 1.046639 0.946886
0.724819 1.048816 0.943072
0.725325 1.050957 0.939236
0.725821 1.053061 0.935378
0.726307 1.055127 0.931498
0.726782 1.057156 0.927598
0.727246 1.059147 0.923677
0.727701 1.061100 0.919735
0.728144 1.063015 0.915774
0.728654 1.065171 0.916374
0.729076 1.067050 0.912394
0.729496 1.068889 0.908394
0.729908 1.070688 0.904375
0.730310 1.072449 0.900339
0.730702 1.074170 0.896284
0.731212 1.076320 0.896907
0.731710 1.078465 0.897551
0.732204 1.080605 0.898218
0.732695 1.082739 0.898906
0.736376 1.083592 0.894819
0.740962 1.084152 0.890725
0.745836 1.084555 0.886618
0.750807 1.084843 0.882495
0.755814 1.085030 0.878357
0.760835 1.085121 0.874204
0.765862 1.085117 0.870036
0.770892 1.085019 0.865853
0.775922 1.084826 0.861657
0.780950 1.084539 0.857446
0.783165 1.085167 0.853234
0.784295 1.086117 0.849002
0.785327 1.088069 0.849714
0.786168 1.090080 0.850447
0.786929 1.092111 0.851201
0.787656 1.094145 0.851977
0.788367 1.096177 0.852774
0.789069 1.098203 0.853593
0.789766 1.100222 0.854433
0.790459 1.102233 0.855294
0.790828 1.103402 0.851045
0.791197 1.104525 0.846784
0.791559 1.105606 0.842511
0.791911 1.106645 0.838227
0.792251 1.107642 0.833933
0.792580 1.108598 0.829628
0.792189 1.107506 0.824452
0.792212 1.107498 0.824452
0.792219 1.107495 0.824452
0.792221 1.107495 0.824452
0.793186 1.110433 0.823402
0.794185 1.113349 0.822322
0.795196 1.116249 0.821211
0.796212 1.119135 0.820070
0.795828 1.117939 0.814783
0.795875 1.117923 0.814783
0.795185 1.115892 0.813964
0.795206 1.115884 0.813964
0.795932 1.117902 0.814782
0.796644 1.119916 0.815622
0.797365 1.121918 0.816484
0.798079 1.123912 0.817366
0.798788 1.125900 0.818270
0.799493 1.127878 0.819195
0.799748 1.128675 0.814739
0.800006 1.129423 0.810276
0.800256 1.130126 0.805804
0.800495 1.130785 0.801325
0.800721 1.131402 0.796840
0.800933 1.131976 0.792348
0.801131 1.132508 0.787851
0.801165 1.132496 0.787851
0.801182 1.132490 0.787851
0.801194 1.132486 0.787850
0.801204 1.132482 0.787850
0.801213 1.132479 0.787850
0.801221 1.132476 0.787850
0.801230 1.132472 0.787850
0.801239 1.132469 0.787850
0.801247 1.132466 0.787850
0.801951 1.134435 0.788796
0.802652 1.136395 0.789762
0.803350 1.138346 0.790750
0.804044 1.140288 0.791758
0.804734 1.142221 0.792786
0.805420 1.144143 0.793835
0.805579 1.144641 0.789332
0.805737 1.145091 0.784824
0.805753 1.145085 0.784824
0.805762 1.145082 0.784824
0.805767 1.145080 0.784824
0.805772 1.145078 0.784824
0.805776 1.145077 0.784824
0.805781 1.145075 0.784824
0.805785 1.145073 0.784824
0.806709 1.147839 0.783353
0.804243 1.151795 0.781868
0.799586 1.153392 0.781873
0.793946 1.153536 0.776255
0.791692 1.152467 0.770638
0.790650 1.150957 0.765048
0.789961 1.149279 0.759479
0.789361 1.147514 0.753929
0.788773 1.145688 0.748398
0.788178 1.143806 0.742887
0.788210 1.143919 0.743140
0.788185 1.143966 0.743314
0.788169 1.144041 0.743510
0.788147 1.144114 0.743704
0.788127 1.144175 0.743882
0.788090 1.144225 0.744042
0.788045 1.144281 0.744188
0.787992 1.144333 0.744325
0.788590 1.146198 0.749841
0.788584 1.146200 0.749841
0.788589 1.146198 0.749841
0.788779 1.145611 0.745339
0.788418 1.145480 0.745320
0.787923 1.144926 0.745186
0.787520 1.144784 0.745163
0.787507 1.144769 0.745225
0.787492 1.144737 0.745278
0.788184 1.146725 0.750969
0.788417 1.146902 0.751130
0.788643 1.147072 0.751286
0.788862 1.147240 0.751439
0.789075 1.147403 0.751589
0.789284 1.147561 0.751734
0.789647 1.147760 0.751935
0.790011 1.147953 0.752133
0.790367 1.148141 0.752327
0.790211 1.148172 0.752332
0.790052 1.148206 0.752339
0.789903 1.148239 0.752347
0.789762 1.148273 0.752358
0.789813 1.148353 0.752430
0.790417 1.150125 0.757985
0.790999 1.151849 0.763560
0.791558 1.153521 0.769154
0.792098 1.155140 0.774764
0.792621 1.156707 0.780392
0.789824 1.159300 0.786044
0.785648 1.162216 0.791707
0.780935 1.165183 0.797384
0.775983 1.168104 0.803074
0.770904 1.170943 0.808777
0.765740 1.173687 0.814494
0.760510 1.176331 0.820224
0.755221 1.178871 0.825966
0.749878 1.181306 0.831719
0.744484 1.183634 0.837483
0.741261 1.184306 0.837466
0.739540 1.184658 0.837458
0.736058 1.185407 0.837471
0.731386 1.186355 0.837476
0.729136 1.186764 0.837458
0.725144 1.187535 0.837468
0.720421 1.189436 0.843245
0.715229 1.191311 0.849033
0.709802 1.193110 0.854828
0.704245 1.194813 0.860632
0.698609 1.196410 0.866443
0.692918 1.197897 0.872261
0.687185 1.199272 0.878087
0.681416 1.200533 0.883919
0.675616 1.201678 0.889757
0.669790 1.202708 0.895600
0.663939 1.203622 0.901447
0.658066 1.204418 0.907299
0.652174 1.205098 0.913154
0.646266 1.205659 0.919012
0.640344 1.206103 0.924872
0.634411 1.206428 0.930734
0.628469 1.206634 0.936596
0.622521 1.206722 0.942460
0.616570 1.206690 0.948323
0.610618 1.206540 0.954186
0.608041 1.201614 0.953172
0.606901 1.196692 0.952151
0.606424 1.191766 0.951121
0.609596 1.186887 0.950053
0.614222 1.181996 0.948986
0.615936 1.177049 0.947938
0.616560 1.172066 0.946863
0.616759 1.167060 0.945768
0.616800 1.162033 0.944655
0.616785 1.156989 0.943528
0.616754 1.151927 0.942386
0.616720 1.146848 0.941229
0.616686 1.141754 0.940058
0.616656 1.136643 0.938873
0.616628 1.131518 0.937674
0.616528 1.129680 0.941441
0.616471 1.127808 0.945192
0.616425 1.125898 0.948924
0.616313 1.127092 0.957690
0.616240 1.128127 0.966495
0.616243 1.126033 0.970196
0.616212 1.123901 0.973872
0.616178 1.121732 0.977527
0.616145 1.119526 0.981160
0.616115 1.117284 0.984771
0.616086 1.115006 0.988360
0.616059 1.112692 0.991925
0.616034 1.110343 0.995467
0.616011 1.107959 0.998986
