0.626852 0.945409 1.108582
0.626820 0.943390 1.107489
0.626787 0.941361 1.106416
0.626754 0.939321 1.105363
0.626722 0.937271 1.104331
0.626688 0.935210 1.103319
0.626655 0.933139 1.102328
0.626621 0.931059 1.101358
0.626588 0.928969 1.100409
0.626554 0.926870 1.099480
0.626519 0.924761 1.098573
0.626515 0.924761 1.098572
0.626510 0.924761 1.098572
0.626506 0.924761 1.098571
0.626501 0.924761 1.098571
0.626497 0.924760 1.098570
0.626492 0.924760 1.098570
0.626488 0.924760 1.098569
0.626483 0.924760 1.098569
0.626478 0.924760 1.098568
0.626474 0.924760 1.098568
0.629516 0.924679 1.098567
0.632558 0.924569 1.098567
0.635598 0.924428 1.098566
0.638637 0.924257 1.098566
0.641671 0.924060 1.098565
0.644862 0.925931 1.099471
0.647963 0.926514 1.095636
0.651074 0.927028 1.091792
0.654194 0.927472 1.087941
0.657321 0.927846 1.084081
0.660454 0.928150 1.080215
0.663592 0.928383 1.076342
0.666733 0.928546 1.072463
0.669875 0.928639 1.068578
0.673018 0.928661 1.064687
0.676460 0.930184 1.065614
0.679937 0.931659 1.066562
0.683447 0.933086 1.067532
0.686989 0.934465 1.068522
0.690563 0.935794 1.069532
0.694168 0.937072 1.070564
0.697803 0.938300 1.071615
0.701468 0.939476 1.072687
0.705161 0.940600 1.073780
0.708882 0.941672 1.074892
0.712630 0.942690 1.076024
0.716404 0.943654 1.077177
0.719751 0.943161 1.073280
0.723086 0.942596 1.069379
0.726408 0.941960 1.065474
0.729715 0.941253 1.061565
0.733005 0.940474 1.057652
0.736278 0.939625 1.053735
0.739531 0.938706 1.049816
0.743409 0.939341 1.050988
0.747308 0.939918 1.052180
0.751227 0.940438 1.053391
0.755581 0.941916 1.051134
0.759969 0.943319 1.048847
0.764389 0.944644 1.046530
0.768840 0.945892 1.044184
0.773320 0.947061 1.041807
0.776992 0.946391 1.038190
0.780651 0.945647 1.034563
0.783895 0.944025 1.034562
0.787124 0.942372 1.034561
0.791712 0.943260 1.036025
0.796342 0.944101 1.037459
0.801012 0.944895 1.038864
0.805722 0.945639 1.040240
0.810472 0.946333 1.041586
0.815260 0.946977 1.042902
0.820041 0.947539 1.040260
0.824334 0.947192 1.041452
0.825356 0.948852 1.042663
0.826371 0.950502 1.043893
0.827379 0.952141 1.045143
0.828381 0.953769 1.046412
0.829377 0.955386 1.047700
0.830365 0.956992 1.049007
0.831347 0.958587 1.050333
0.832879 0.961080 1.047662
0.834396 0.963551 1.044962
0.834786 0.964243 1.036985
0.834633 0.964049 1.033064
0.835614 0.965644 1.034390
0.836589 0.967228 1.035734
0.837556 0.968800 1.037097
0.842008 0.968158 1.038478
0.846462 0.967449 1.039878
0.850917 0.966675 1.041295
0.855370 0.965834 1.042731
0.859822 0.964927 1.044184
0.864270 0.963953 1.045655
0.869307 0.963743 1.042903
0.870902 0.965970 1.040123
0.872479 0.968174 1.037316
0.874039 0.970356 1.034481
0.874256 0.970710 1.026251
0.874378 0.970933 1.018026
0.875411 0.972377 1.019479
0.876436 0.973808 1.020950
0.877901 0.975857 1.018047
0.881450 0.973324 1.009779
0.884883 0.970626 1.001524
0.888371 0.967962 1.001522
0.891834 0.965262 1.001521
0.892931 0.966659 1.002975
0.894013 0.968048 1.004446
0.895085 0.969426 1.005935
0.896148 0.970792 1.007441
0.897202 0.972146 1.008964
0.898246 0.973488 1.010504
0.899281 0.974818 1.012061
0.900306 0.976136 1.013635
0.901322 0.977441 1.015225
0.905892 0.975898 1.016831
0.910458 0.974281 1.018454
0.915009 0.972595 1.020094
0.919545 0.970841 1.021749
0.924065 0.969019 1.023420
0.928566 0.967129 1.025107
0.933049 0.965171 1.026809
0.937512 0.963146 1.028526
0.941954 0.961053 1.030259
0.946374 0.958893 1.032006
0.950770 0.956666 1.033769
0.955142 0.954372 1.035546
0.959488 0.952011 1.037337
0.963807 0.949585 1.039143
0.968099 0.947093 1.040962
0.972361 0.944536 1.042796
0.976594 0.941913 1.044643
0.980795 0.939226 1.046504
0.984965 0.936475 1.048378
0.989100 0.933660 1.050265
0.993202 0.930781 1.052166
0.996289 0.927036 1.052165
1.000325 0.924054 1.054078
1.004324 0.921011 1.056003
1.006675 0.916690 1.052156
1.008945 0.912330 1.048316
1.011136 0.907932 1.044484
1.013247 0.903497 1.040661
1.012477 0.902952 1.036849
1.013469 0.903677 1.038787
1.014445 0.904389 1.040737
1.015406 0.905090 1.042699
1.016351 0.905779 1.044674
1.017280 0.906456 1.046659
1.018193 0.907122 1.048657
1.019090 0.907775 1.050665
1.019970 0.908417 1.052684
1.020834 0.909048 1.054715
1.021682 0.909666 1.056755
1.022513 0.910272 1.058807
1.023327 0.910866 1.060868
1.024125 0.911448 1.062940
1.024906 0.912018 1.065021
1.025670 0.912576 1.067112
1.024861 0.912020 1.063309
1.024020 0.911443 1.059515
1.023148 0.910844 1.055732
1.022246 0.910223 1.051959
1.021314 0.909580 1.048198
1.020351 0.908914 1.044449
1.019358 0.908227 1.040711
1.018334 0.907518 1.036985
1.017281 0.906787 1.033273
1.016197 0.906033 1.029573
1.015084 0.905259 1.025886
1.013941 0.904462 1.022214
1.012769 0.903644 1.018555
1.011566 0.902805 1.014911
1.010335 0.901944 1.011282
1.009074 0.901062 1.007668
1.007784 0.900159 1.004070
1.006465 0.899235 1.000487
1.005117 0.898289 0.996921
1.003740 0.897323 0.993372
1.002335 0.896335 0.989840
1.000901 0.895328 0.986324
1.001648 0.895873 0.988425
1.002379 0.896405 0.990535
