1.023156 0.929719 1.007507
1.023146 0.929730 1.007504
1.023136 0.929740 1.007500
1.023126 0.929751 1.007497
1.023116 0.929762 1.007493
1.023106 0.929772 1.007490
1.023097 0.929783 1.007486
1.023087 0.929794 1.007483
1.023077 0.929804 1.007479
1.023067 0.929815 1.007476
1.023057 0.929826 1.007472
1.023048 0.929836 1.007469
1.023038 0.929847 1.007465
1.023028 0.929858 1.007462
1.022479 0.929468 1.012536
1.021897 0.929041 1.017605
1.021276 0.928582 1.022668
1.021886 0.929053 1.017602
1.022456 0.929494 1.012528
1.022986 0.929904 1.007448
1.023464 0.930295 1.002356
1.023905 0.930652 0.997260
1.023429 0.930333 1.002343
1.022926 0.929968 1.007427
1.022385 0.929572 1.012504
1.022915 0.929981 1.007423
1.023404 0.930361 1.002337
1.023853 0.930709 0.997244
1.024250 0.931037 0.992141
1.024607 0.931334 0.987035
1.024926 0.931598 0.981924
1.025203 0.931832 0.976810
1.025440 0.932035 0.971693
1.025635 0.932207 0.966573
1.025790 0.932349 0.961450
1.025903 0.932460 0.956326
1.025883 0.932483 0.956321
1.025868 0.932499 0.956318
1.028773 0.928680 0.956308
1.031811 0.924613 0.956304
1.031910 0.924483 0.956307
1.031995 0.924548 0.951184
1.032036 0.924587 0.946060
1.031988 0.924558 0.951184
1.031896 0.924500 0.956307
1.031764 0.924412 0.961428
1.031591 0.924293 0.966548
1.028396 0.928137 0.971667
1.025044 0.932019 0.976782
1.021614 0.935834 0.981893
1.021232 0.935648 0.986998
1.020862 0.935366 0.992101
1.020452 0.935050 0.997199
1.020004 0.934703 1.002291
1.019514 0.934325 1.007377
1.018985 0.933915 1.012457
1.018416 0.933474 1.017530
1.017807 0.933001 1.022596
1.017159 0.932498 1.027654
1.016470 0.931963 1.032703
1.012618 0.935327 1.037744
1.009444 0.939239 1.037744
1.007911 0.944545 1.043535
1.006266 0.949814 1.049349
1.004511 0.955044 1.055183
1.002646 0.960233 1.061039
1.000672 0.965379 1.066914
0.997615 0.969584 1.077961
0.994346 0.973604 1.089049
0.990867 0.977435 1.100174
0.986976 0.980879 1.109052
0.982937 0.984166 1.117950
0.978753 0.987290 1.126864
0.974878 0.990677 1.124587
0.970950 0.994010 1.122309
0.966976 0.997285 1.120034
0.963184 1.000738 1.120034
0.959357 1.004153 1.120033
0.955497 1.007529 1.120033
0.951603 1.010866 1.120033
0.947675 1.014165 1.120033
0.943715 1.017423 1.120032
0.939723 1.020642 1.120032
0.935698 1.023821 1.120032
0.931642 1.026960 1.120032
0.926472 1.028625 1.125148
0.921971 1.031168 1.136339
0.917313 1.033473 1.147545
0.912398 1.035403 1.156474
0.907380 1.037139 1.165404
0.902263 1.038679 1.174333
0.897051 1.040019 1.183257
0.891751 1.041157 1.192174
0.886365 1.042091 1.201079
0.880900 1.042817 1.209970
0.875360 1.043333 1.218843
0.869750 1.043637 1.227695
0.864077 1.043728 1.236524
0.858344 1.043602 1.245324
0.854098 1.045964 1.245327
0.849824 1.048285 1.245324
0.845527 1.050564 1.245320
0.841207 1.052800 1.245317
0.835494 1.052270 1.250160
0.829791 1.051628 1.254972
0.823969 1.050633 1.265969
0.818089 1.049353 1.276925
0.812242 1.047992 1.285550
0.806375 1.046407 1.294130
0.800496 1.044597 1.302663
0.794608 1.042562 1.311146
0.788718 1.040302 1.319575
0.782833 1.037816 1.327949
0.776956 1.035105 1.336263
0.771095 1.032169 1.344515
0.767078 1.033997 1.342251
0.763032 1.035767 1.339977
0.760218 1.041192 1.333286
0.757276 1.046496 1.326542
0.754207 1.051674 1.319752
0.749883 1.052995 1.319749
0.745546 1.054274 1.319745
0.741197 1.055508 1.319741
0.736835 1.056700 1.319737
0.732201 1.056919 1.325873
0.727603 1.057246 1.329714
0.723002 1.057487 1.333546
0.718398 1.057643 1.337371
0.714015 1.058606 1.337368
0.708808 1.055644 1.341830
0.708806 1.055645 1.341827
0.709057 1.056757 1.335727
0.709295 1.057810 1.329610
0.709520 1.058804 1.323482
0.705127 1.059678 1.323479
0.700726 1.060508 1.323475
0.696334 1.061445 1.321181
0.691928 1.062315 1.318886
0.687509 1.063119 1.316590
0.683078 1.063855 1.314294
0.678635 1.064525 1.311996
0.674183 1.065127 1.309698
0.669722 1.065662 1.307399
0.665253 1.066129 1.305101
0.660778 1.066529 1.302802
0.656298 1.066861 1.300504
0.651813 1.067125 1.298206
0.647325 1.067320 1.295909
0.647309 1.067198 1.293613
0.647291 1.067052 1.291318
0.647271 1.066883 1.289025
0.642782 1.066942 1.286734
0.638294 1.066932 1.284445
0.633807 1.066855 1.282158
0.629324 1.066710 1.279873
0.624844 1.066497 1.277592
0.620370 1.066216 1.275315
0.615901 1.065868 1.273040
0.615895 1.065515 1.270769
0.615890 1.065140 1.268501
0.615884 1.064742 1.266238
0.615879 1.064321 1.263978
0.615873 1.063878 1.261722
0.615868 1.063412 1.259471
0.615863 1.062924 1.257225
0.615859 1.062413 1.254984
0.615854 1.061880 1.252748
0.615850 1.061325 1.250517
0.615846 1.060747 1.248292
0.615842 1.060147 1.246073
0.615838 1.059525 1.243860
0.615835 1.058880 1.241653
0.615832 1.058214 1.239453
0.615828 1.057525 1.237260
0.615825 1.056815 1.235073
0.615823 1.056083 1.232894
0.615820 1.055329 1.230722
0.615818 1.054553 1.228558
0.615816 1.053756 1.226402
0.615814 1.052937 1.224253
0.615812 1.052096 1.222114
0.615810 1.051235 1.219982
0.615809 1.050351 1.217859
0.615808 1.049447 1.215746
0.615807 1.048522 1.213641
0.615806 1.047575 1.211546
0.615805 1.046608 1.209461
0.615805 1.045620 1.207385
0.615805 1.044611 1.205319
0.615804 1.043582 1.203264
0.615805 1.042531 1.201219
0.615805 1.041461 1.199184
0.615805 1.040370 1.197161
0.615806 1.039259 1.195148
0.615807 1.038128 1.193147
0.615808 1.036977 1.191157
0.615809 1.035806 1.189179
0.615810 1.034616 1.187213
0.615812 1.033406 1.185259
0.615814 1.032176 1.183317
0.615816 1.030927 1.181387
0.615818 1.029659 1.179470
0.615820 1.028371 1.177566
0.615822 1.027065 1.175676
0.615825 1.025740 1.173798
0.615828 1.024396 1.171934
0.615831 1.023033 1.170083
0.615834 1.021653 1.168246
0.615837 1.020253 1.166423
0.615841 1.018835 1.164613
0.615845 1.017399 1.162817
0.615849 1.015946 1.161036
0.615853 1.014474 1.159270
0.615857 1.012985 1.157518
0.615862 1.011478 1.155782
0.615867 1.009954 1.154061
0.615872 1.008413 1.152355
0.615877 1.006856 1.150665
0.615882 1.005281 1.148991
0.615887 1.003690 1.147332
0.615892 1.002082 1.145690
0.615898 1.000458 1.144064
0.615904 0.998817 1.142454
0.615910 0.997161 1.140861
0.615916 0.995489 1.139285
0.615922 0.993802 1.137725
0.615928 0.992098 1.136183
0.615935 0.990379 1.134657
0.615942 0.988645 1.133148
0.615949 0.986895 1.131656
0.615957 0.985131 1.130183
0.615964 0.983353 1.128727
0.615971 0.981560 1.127289
0.615979 0.979752 1.125869
0.615987 0.977931 1.124468
0.615995 0.976096 1.123085
0.616003 0.974247 1.121720
0.616011 0.972384 1.120374
0.616019 0.970509 1.119047
0.616028 0.968620 1.117739
0.616036 0.966718 1.116450
0.616045 0.964802 1.115179
