0.702468 0.951509 1.068102
0.706294 0.952683 1.069072
0.710149 0.953803 1.070064
0.714032 0.954870 1.071076
0.717942 0.955882 1.072109
0.721879 0.956839 1.073162
0.725841 0.957742 1.074236
0.729828 0.958588 1.075329
0.733839 0.959377 1.076443
0.737874 0.960109 1.077577
0.741930 0.960784 1.078731
0.746007 0.961400 1.079904
0.750104 0.961958 1.081097
0.754221 0.962456 1.082310
0.758356 0.962895 1.083542
0.762508 0.963274 1.084794
0.766676 0.963592 1.086064
0.770860 0.963850 1.087354
0.775058 0.964046 1.088662
0.779270 0.964180 1.089989
0.782883 0.962917 1.086081
0.786470 0.961580 1.082168
0.790029 0.960172 1.078253
0.793557 0.958686 1.074331
0.797056 0.957134 1.070410
0.800522 0.955511 1.066486
0.803955 0.953818 1.062561
0.807353 0.952055 1.058635
0.810714 0.950224 1.054707
0.814038 0.948326 1.050779
0.817322 0.946360 1.046852
0.820566 0.944328 1.042924
0.823767 0.942230 1.038996
0.826926 0.940068 1.035070
0.831134 0.939538 1.036416
0.835344 0.938944 1.037780
0.839556 0.938287 1.039163
0.843767 0.937566 1.040564
0.847979 0.936781 1.041983
0.849017 0.938238 1.043421
0.850047 0.939683 1.044876
0.851068 0.941116 1.046348
0.855294 0.940201 1.047838
0.859516 0.939221 1.049346
0.863732 0.938176 1.050871
0.866815 0.935588 1.046946
0.869846 0.932940 1.043023
0.872824 0.930232 1.039101
0.875747 0.927466 1.035183
0.878616 0.924642 1.031268
0.881428 0.921763 1.027356
0.882534 0.923053 1.028897
0.883630 0.924331 1.030456
0.888339 0.923583 1.027984
0.893043 0.922753 1.025487
0.897739 0.921841 1.022965
0.902427 0.920847 1.020418
0.907105 0.919770 1.017846
0.908253 0.920980 1.019421
0.909391 0.922179 1.021013
0.913535 0.920446 1.022622
0.917663 0.918649 1.024247
0.920633 0.915659 1.024246
0.920632 0.915660 1.024245
0.920630 0.915661 1.024245
0.921768 0.916792 1.025885
0.922894 0.917911 1.027542
0.924008 0.919018 1.029215
0.925111 0.920113 1.030903
0.929197 0.918120 1.032606
0.933262 0.916063 1.034325
0.937304 0.913942 1.036059
0.941322 0.911759 1.037809
0.945314 0.909513 1.039572
0.949280 0.907204 1.041351
0.953219 0.904834 1.043143
0.957130 0.902402 1.044950
0.961011 0.899908 1.046771
0.964862 0.897354 1.048606
0.968681 0.894739 1.050455
0.969729 0.895574 1.052317
0.970763 0.896399 1.054193
0.971781 0.897212 1.056081
0.972785 0.898013 1.057983
0.973774 0.898802 1.059897
0.974747 0.899580 1.061824
0.975706 0.900346 1.063763
0.976649 0.901099 1.065715
0.977576 0.901841 1.067678
0.978489 0.902570 1.069653
0.978035 0.902193 1.065770
0.977551 0.901792 1.061892
0.977037 0.901368 1.058021
0.976492 0.900919 1.054157
0.975917 0.900446 1.050299
0.975311 0.899950 1.046450
0.974676 0.899430 1.042609
0.974748 0.899460 1.034265
0.977253 0.901473 1.042050
0.979666 0.903414 1.049891
0.981985 0.905282 1.057784
0.984209 0.907075 1.065727
0.984525 0.907293 1.057243
0.984711 0.907416 1.048774
0.984771 0.907438 1.040321
0.984705 0.907361 1.031887
0.984513 0.907185 1.023477
0.984195 0.906912 1.015093
0.983752 0.906542 1.006739
0.982729 0.905720 1.003037
0.983625 0.906438 1.005023
0.984506 0.907143 1.007022
0.985372 0.907835 1.009032
0.986221 0.908515 1.011052
0.987055 0.909183 1.013084
0.987872 0.909838 1.015126
0.986821 0.908993 1.011437
0.985740 0.908125 1.007762
0.986541 0.908768 1.009814
0.987326 0.909398 1.011877
0.986217 0.908507 1.008216
0.984292 0.906966 1.002507
0.984290 0.906968 1.002506
0.984289 0.906970 1.002506
0.984288 0.906971 1.002506
0.984286 0.906973 1.002505
0.984284 0.906974 1.002504
0.984283 0.906976 1.002504
0.984281 0.906978 1.002503
0.984279 0.906979 1.002502
0.984278 0.906981 1.002501
0.983788 0.906603 1.007134
0.983262 0.906197 1.011761
0.982700 0.905762 1.016382
0.982100 0.905299 1.020994
0.978602 0.908404 1.025600
0.975039 0.911443 1.030196
0.972979 0.915751 1.040651
0.970699 0.919904 1.051157
0.968202 0.923894 1.061709
0.965491 0.927716 1.072303
0.962571 0.931363 1.082934
0.958391 0.933813 1.087559
0.955234 0.937182 1.087557
0.952044 0.940520 1.087554
0.949846 0.944871 1.093595
0.947551 0.949168 1.099651
0.945161 0.953408 1.105721
0.942284 0.957166 1.109581
0.939338 0.960871 1.113449
0.936323 0.964523 1.117323
0.933242 0.968119 1.121203
0.930094 0.971659 1.125088
0.925640 0.973726 1.133663
0.921069 0.975615 1.142232
0.916386 0.977322 1.150792
0.911595 0.978844 1.159341
0.906701 0.980179 1.167874
0.901708 0.981323 1.176388
0.896621 0.982275 1.184883
0.891675 0.983355 1.195612
0.886598 0.984188 1.206326
0.881395 0.984768 1.217018
0.876075 0.985094 1.227685
0.870642 0.985160 1.238320
0.865104 0.984965 1.248919
0.859410 0.984395 1.257185
0.855684 0.986640 1.254898
0.857380 0.989231 1.250520
0.859053 0.991785 1.246112
0.860702 0.994303 1.241673
0.856946 0.996691 1.241669
0.853168 0.999042 1.241666
0.850914 1.003883 1.237197
0.848564 1.008677 1.232699
0.846119 1.013424 1.228172
0.843578 1.018120 1.223617
0.843578 1.018121 1.223614
0.843577 1.018121 1.223611
0.839585 1.020337 1.223608
0.835541 1.022524 1.229795
0.831447 1.024617 1.235980
0.827304 1.026612 1.242165
0.823018 1.028291 1.246066
0.818702 1.029889 1.249961
0.814357 1.031407 1.253853
0.810134 1.033087 1.251576
0.805886 1.034703 1.249296
0.801492 1.036050 1.253181
0.797075 1.037314 1.257062
0.792635 1.038496 1.260936
0.788175 1.039596 1.264804
0.783697 1.040612 1.268665
0.779201 1.041544 1.272518
0.774690 1.042392 1.276363
0.770164 1.043156 1.280202
0.765925 1.044637 1.280198
0.761584 1.045779 1.277919
0.757228 1.046855 1.275645
0.752858 1.047865 1.273374
0.748474 1.048809 1.271106
0.744079 1.049685 1.268842
0.739673 1.050495 1.266583
0.735257 1.051238 1.264327
0.730833 1.051915 1.262077
0.726401 1.052523 1.259831
0.721963 1.053065 1.257589
0.717720 1.054331 1.251511
0.717798 1.054539 1.245431
0.713336 1.054927 1.243206
0.708872 1.055248 1.240987
0.704406 1.055500 1.238775
0.699940 1.055686 1.236569
0.695474 1.055804 1.234369
0.691011 1.055855 1.232176
0.686551 1.055838 1.229990
0.682095 1.055754 1.227812
0.677645 1.055603 1.225640
0.673201 1.055385 1.223477
0.668764 1.055101 1.221321
0.664337 1.054750 1.219174
0.659919 1.054333 1.217034
0.655513 1.053849 1.214904
0.651118 1.053300 1.212782
