0.620000 0.927010 1.094309
0.620001 0.927008 1.094308
0.623071 0.926991 1.094307
0.626142 0.926944 1.094305
0.629212 0.926865 1.094304
0.632280 0.926756 1.094303
0.635348 0.926616 1.094301
0.638584 0.929269 1.095932
0.641875 0.931903 1.097535
0.645223 0.934519 1.099109
0.648626 0.937113 1.100654
0.652085 0.939686 1.102170
0.655600 0.942236 1.103657
0.659171 0.944762 1.105115
0.662798 0.947263 1.106544
0.666480 0.949738 1.107944
0.670219 0.952186 1.109314
0.674013 0.954605 1.110655
0.677863 0.956993 1.111965
0.681910 0.960134 1.109399
0.686021 0.963201 1.106795
0.690195 0.966194 1.104154
0.694429 0.969111 1.101475
0.698723 0.971952 1.098759
0.703074 0.974716 1.096007
0.707482 0.977400 1.093218
0.711944 0.980004 1.090393
0.716460 0.982526 1.087532
0.721028 0.984966 1.084635
0.725645 0.987323 1.081702
0.730311 0.989595 1.078734
0.730919 0.991624 1.079619
0.731521 0.993643 1.080522
0.732120 0.995653 1.081446
0.733109 0.998971 1.078443
0.734090 1.002261 1.075406
0.735062 1.005521 1.072335
0.736025 1.008752 1.069230
0.736978 1.011954 1.066092
0.741863 1.013929 1.062921
0.746794 1.015813 1.059718
0.751764 1.017608 1.056482
0.752788 1.020655 1.053214
0.753786 1.023675 1.049914
0.754773 1.026664 1.046582
0.755090 1.027627 1.042292
0.755393 1.028550 1.037993
0.755682 1.029432 1.033684
0.755958 1.030273 1.029366
0.756221 1.031073 1.025040
0.757142 1.033867 1.021525
0.758052 1.036629 1.017982
0.758950 1.039356 1.014409
0.759836 1.042050 1.010808
0.760710 1.044710 1.007178
0.761571 1.047335 1.003521
0.762420 1.049926 0.999836
0.767315 1.051112 0.996118
0.772465 1.052131 0.992378
0.773651 1.054490 0.988621
0.774530 1.056912 0.984831
0.775366 1.059310 0.981014
0.776065 1.061327 0.981856
0.776759 1.063338 0.982718
0.777449 1.065340 0.983602
0.778135 1.067335 0.984507
0.778819 1.069320 0.985432
0.779499 1.071297 0.986379
0.780175 1.073265 0.987347
0.780848 1.075224 0.988335
0.781517 1.077174 0.989344
0.782183 1.079114 0.990374
0.782845 1.081044 0.991424
0.783658 1.083409 0.987582
0.784459 1.085736 0.983715
0.785246 1.088028 0.979824
0.786018 1.090284 0.975909
0.786776 1.092502 0.971970
0.787520 1.094685 0.968008
0.788248 1.096830 0.964023
0.788963 1.098938 0.960015
0.789662 1.101008 0.955986
0.790347 1.103041 0.951935
0.791018 1.105035 0.947862
0.791674 1.106992 0.943769
0.792316 1.108910 0.939655
0.792943 1.110789 0.935522
0.793556 1.112630 0.931369
0.794156 1.114431 0.927196
0.794741 1.116193 0.923005
0.795312 1.117915 0.918795
0.795870 1.119598 0.914568
0.796414 1.121240 0.910323
0.796945 1.122842 0.906061
0.797462 1.124403 0.901782
0.797967 1.125923 0.897487
0.798458 1.127403 0.893177
0.798937 1.128841 0.888851
0.799402 1.130237 0.884510
0.799855 1.131592 0.880155
0.800296 1.132906 0.875785
0.800724 1.134177 0.871402
0.801139 1.135406 0.867006
0.801541 1.136594 0.862597
0.801931 1.137738 0.858176
0.802308 1.138841 0.853742
0.802673 1.139901 0.849298
0.803372 1.141806 0.850369
0.804051 1.143708 0.851459
0.804717 1.145603 0.852571
0.805377 1.147488 0.853702
0.805375 1.147488 0.853701
0.805370 1.147490 0.853701
0.805029 1.146633 0.848114
0.804687 1.145718 0.842537
0.804336 1.144747 0.836970
0.804642 1.145638 0.832484
0.804937 1.146485 0.827989
0.805219 1.147289 0.823485
0.805489 1.148050 0.818973
0.805744 1.148768 0.814454
0.805977 1.149445 0.809926
0.806674 1.151341 0.811017
0.807354 1.153231 0.812128
0.806895 1.151975 0.806483
0.806429 1.150661 0.800851
0.806456 1.150652 0.800851
0.803203 1.151800 0.800864
0.798615 1.153364 0.800869
0.796826 1.153946 0.800857
0.796195 1.154149 0.800853
0.792686 1.155308 0.800865
0.791282 1.155748 0.800856
0.790323 1.154529 0.795235
0.789691 1.153148 0.789632
0.789162 1.151677 0.784044
0.789282 1.152105 0.779482
0.789402 1.152484 0.774916
0.789513 1.152819 0.770346
0.789612 1.153110 0.765772
0.790258 1.155057 0.766802
0.790331 1.155308 0.762226
0.790353 1.155301 0.762226
0.790363 1.155298 0.762226
0.790370 1.155295 0.762226
0.790377 1.155293 0.762226
0.789810 1.153547 0.756618
0.789237 1.151744 0.751028
0.789256 1.151738 0.751028
0.788659 1.149884 0.745457
0.788616 1.149996 0.745634
0.787724 1.150038 0.745615
0.786855 1.150125 0.745649
0.785971 1.150214 0.745684
0.785426 1.150242 0.745732
0.784905 1.150294 0.745797
0.785443 1.152267 0.751457
0.785852 1.152447 0.751670
0.786263 1.152618 0.751878
0.786662 1.152787 0.752083
0.787048 1.152951 0.752282
0.787179 1.153010 0.752352
0.787297 1.153069 0.752421
0.787413 1.153129 0.752490
0.787528 1.153187 0.752557
0.787641 1.153245 0.752624
0.787752 1.153302 0.752689
0.788369 1.155068 0.758285
0.788948 1.156791 0.763902
0.789506 1.158461 0.769537
0.790046 1.160078 0.775189
0.787150 1.162739 0.780867
0.782893 1.165704 0.786555
0.778124 1.168706 0.792258
0.773132 1.171654 0.797974
0.768022 1.174516 0.803705
0.762830 1.177282 0.809450
0.757574 1.179947 0.815207
0.752260 1.182506 0.820978
0.746892 1.184960 0.826760
0.741472 1.187307 0.832554
0.736003 1.189545 0.838359
0.730488 1.191674 0.844175
0.724927 1.193694 0.850000
0.719035 1.193766 0.854489
0.713403 1.195573 0.860312
0.707737 1.197268 0.866145
0.702037 1.198850 0.871985
0.696303 1.200318 0.877832
0.690536 1.201671 0.883686
0.684740 1.202909 0.889545
0.678915 1.204032 0.895410
0.673064 1.205038 0.901279
0.667190 1.205927 0.907153
0.661295 1.206699 0.913030
0.655380 1.207353 0.918909
0.649450 1.207890 0.924791
0.643506 1.208307 0.930675
0.637551 1.208606 0.936560
0.631588 1.208786 0.942445
0.625619 1.208846 0.948330
0.619647 1.208787 0.954215
0.613675 1.208609 0.960098
0.607689 1.208514 0.960098
0.605023 1.208437 0.960068
0.607074 1.208465 0.960026
0.611186 1.208530 0.960004
0.616232 1.208578 0.959993
0.618408 1.208595 0.960012
0.619385 1.208397 0.965899
0.623056 1.208119 0.971760
0.627940 1.207750 0.977626
0.629967 1.207350 0.983520
0.630764 1.206903 0.989398
0.631054 1.203659 0.989811
0.631090 1.200411 0.990184
0.631012 1.195642 0.988806
0.630898 1.190852 0.987409
0.630772 1.186042 0.985995
0.630643 1.181213 0.984564
0.630514 1.176365 0.983116
0.630385 1.171498 0.981652
0.630258 1.166614 0.980172
0.630133 1.161712 0.978676
0.630009 1.156794 0.977163
0.629888 1.151858 0.975635
0.629768 1.146907 0.974090
0.629650 1.141941 0.972530
0.629534 1.136959 0.970955
0.629442 1.134935 0.974594
0.629387 1.132877 0.978216
0.629363 1.133628 0.987099
0.629370 1.134216 0.996014
0.629380 1.134639 1.004956
0.629365 1.132324 1.008526
0.629322 1.129973 1.012069
0.629278 1.127586 1.015588
0.629234 1.125165 1.019084
0.629192 1.122708 1.022555
0.629151 1.120217 1.026001
0.629110 1.117692 1.029422
0.629071 1.115132 1.032818
0.629032 1.112539 1.036189
0.628994 1.109912 1.039533
0.628957 1.107252 1.042851
0.628920 1.104559 1.046142
0.628883 1.101833 1.049406
0.628847 1.099074 1.052643
0.628812 1.096284 1.055852
0.628776 1.093461 1.059033
0.628741 1.090607 1.062186
0.628705 1.087721 1.065310
0.628670 1.084805 1.068405
0.628635 1.081857 1.071471
0.628599 1.078879 1.074507
0.628564 1.075871 1.077514
0.628528 1.072833 1.080490
0.628492 1.069765 1.083436
0.628456 1.066668 1.086351
0.628420 1.063543 1.089235
0.628383 1.060388 1.092087
0.628346 1.057205 1.094908
0.628309 1.053994 1.097697
0.628271 1.050756 1.100454
0.628233 1.047490 1.103178
0.628195 1.044196 1.105870
0.628156 1.040877 1.108528
0.628117 1.037530 1.111153
0.628077 1.034158 1.113745
0.628037 1.030760 1.116303
0.627997 1.027337 1.118827
0.627956 1.023888 1.121316
0.627915 1.020415 1.123771
0.627874 1.016918 1.126191
0.627832 1.013396 1.128576
0.627790 1.009851 1.130925
0.627747 1.006283 1.133239
0.627704 1.002691 1.135518
0.627660 0.999077 1.137760
0.627617 0.995441 1.139966
0.627573 0.991783 1.142136
0.627547 0.990097 1.140577
0.627522 0.988397 1.139035
0.627496 0.986680 1.137511
0.627469 0.984949 1.136003
0.627443 0.983202 1.134513
0.627416 0.981441 1.133041
0.627389 0.979665 1.131586
0.627361 0.977875 1.130149
0.627334 0.976071 1.128730
0.627305 0.974252 1.127329
0.627277 0.972420 1.125947
0.627248 0.970573 1.124583
0.627220 0.968713 1.123237
0.627190 0.966840 1.121910
0.627161 0.964954 1.120602
0.627131 0.963055 1.119313
0.627101 0.961143 1.118042
0.627071 0.959218 1.116791
0.627040 0.957281 1.115560
0.627010 0.955331 1.114347
0.626979 0.953370 1.113155
0.626947 0.951397 1.111982
0.626916 0.949412 1.110828
0.626884 0.947416 1.109695
