0.620000 0.928727 1.096639
0.620001 0.928725 1.096638
0.623089 0.928708 1.096637
0.626176 0.928660 1.096635
0.629263 0.928581 1.096634
0.632349 0.928471 1.096632
0.635434 0.928330 1.096631
0.638517 0.928159 1.096630
0.641705 0.929474 1.093534
0.644918 0.930724 1.090422
0.648156 0.931910 1.087296
0.651417 0.933032 1.084156
0.654936 0.936228 1.081795
0.658519 0.939361 1.079399
0.662165 0.942430 1.076967
0.665873 0.945434 1.074500
0.669641 0.948370 1.071999
0.673469 0.951238 1.069463
0.677354 0.954037 1.066893
0.681296 0.956766 1.064289
0.685294 0.959423 1.061651
0.689345 0.962008 1.058981
0.693449 0.964519 1.056277
0.697604 0.966956 1.053541
0.701558 0.968251 1.054354
0.705545 0.969492 1.055188
0.706052 0.971559 1.056045
0.706556 0.973617 1.056922
0.707326 0.976764 1.054153
0.708090 0.979883 1.051351
0.708847 0.982975 1.048517
0.709597 0.986039 1.045651
0.710339 0.989075 1.042753
0.711075 0.992083 1.039826
0.711804 0.995063 1.036867
0.712525 0.998015 1.033878
0.713239 1.000937 1.030858
0.713945 1.003829 1.027809
0.714643 1.006693 1.024730
0.715335 1.009527 1.021622
0.716018 1.012330 1.018485
0.716695 1.015104 1.015320
0.717364 1.017847 1.012126
0.718024 1.020558 1.008905
0.718677 1.023239 1.005656
0.719323 1.025888 1.002379
0.724019 1.027490 0.999075
0.728770 1.029001 0.995745
0.733552 1.030426 0.992388
0.738363 1.031763 0.989005
0.743202 1.033012 0.985596
0.748067 1.034174 0.982162
0.752956 1.035246 0.978703
0.757868 1.036229 0.975219
0.758733 1.038495 0.971714
0.759480 1.040761 0.968182
0.760213 1.042994 0.964626
0.760933 1.045194 0.961046
0.761641 1.047359 0.957444
0.762336 1.049491 0.953819
0.763021 1.051588 0.950172
0.763698 1.053650 0.946503
0.764357 1.055678 0.942812
0.765002 1.057672 0.939100
0.765635 1.059631 0.935368
0.766254 1.061555 0.931614
0.766860 1.063444 0.927841
0.767453 1.065297 0.924049
0.768033 1.067114 0.920237
0.768600 1.068895 0.916406
0.769153 1.070641 0.912556
0.769693 1.072350 0.908689
0.770220 1.074022 0.904803
0.770734 1.075658 0.900901
0.771235 1.077257 0.896981
0.771723 1.078819 0.893045
0.772197 1.080344 0.889093
0.772659 1.081831 0.885125
0.773108 1.083281 0.881141
0.773544 1.084693 0.877143
0.773968 1.086067 0.873130
0.774379 1.087402 0.869103
0.774778 1.088700 0.865062
0.775165 1.089958 0.861008
0.775539 1.091178 0.856941
0.775902 1.092359 0.852861
0.776253 1.093501 0.848769
0.776912 1.095507 0.849668
0.777556 1.097509 0.850588
0.778193 1.099503 0.851529
0.781799 1.100482 0.852477
0.786541 1.101048 0.853454
0.791733 1.101408 0.854455
0.797110 1.101644 0.855478
0.799599 1.102919 0.856537
0.800660 1.103760 0.852439
0.801296 1.104712 0.848326
0.801757 1.105684 0.844201
0.802141 1.106641 0.840066
0.802485 1.107567 0.835919
0.802806 1.108458 0.831763
0.803527 1.110359 0.832828
0.804230 1.112256 0.833914
0.804923 1.114144 0.835019
0.805609 1.116023 0.836144
0.806289 1.117892 0.837290
0.806965 1.119750 0.838455
0.807635 1.121598 0.839640
0.808301 1.123435 0.840844
0.808962 1.125260 0.842068
0.809239 1.126123 0.837903
0.809504 1.126945 0.833729
0.809090 1.125905 0.828322
0.808660 1.124812 0.822927
0.808664 1.124810 0.822927
0.805724 1.125921 0.822945
0.801508 1.127458 0.822952
0.796765 1.129133 0.822955
0.791796 1.130832 0.822956
0.786725 1.132510 0.822957
0.784198 1.132015 0.817555
0.782937 1.131064 0.812177
0.782179 1.129900 0.806817
0.783339 1.134151 0.811057
0.784171 1.137095 0.809911
0.785050 1.140012 0.808734
0.785947 1.142911 0.807528
0.785563 1.141583 0.802049
0.785137 1.140211 0.796584
0.784686 1.138789 0.791133
0.784216 1.137317 0.785698
0.781010 1.138345 0.785714
0.776512 1.139729 0.785719
0.771550 1.141200 0.785721
0.766776 1.142614 0.785740
0.765071 1.143150 0.785769
0.764834 1.143190 0.785753
0.764776 1.143205 0.785753
0.764738 1.143217 0.785755
0.764702 1.143228 0.785757
0.765226 1.145181 0.786844
0.765756 1.147120 0.787950
0.766286 1.149049 0.789077
0.766385 1.149471 0.784722
0.766921 1.151385 0.785869
0.767652 1.154250 0.784482
0.768415 1.157092 0.783066
0.769187 1.159917 0.781620
0.769959 1.162727 0.780146
0.770730 1.165522 0.778642
0.770852 1.165817 0.774138
0.770937 1.166075 0.769631
0.771663 1.168834 0.768040
0.772410 1.171570 0.766422
0.771969 1.169831 0.760709
0.771988 1.169826 0.760709
0.771994 1.169824 0.760709
0.771997 1.169823 0.760709
0.771999 1.169823 0.760709
0.772000 1.169822 0.760709
0.771499 1.168040 0.755013
0.771506 1.168038 0.755013
0.771510 1.168037 0.755013
0.771642 1.167345 0.750336
0.772205 1.167537 0.750594
0.772735 1.167724 0.750841
0.772753 1.167745 0.750867
0.772756 1.167768 0.750892
0.772756 1.167790 0.750915
0.772756 1.167812 0.750938
0.773261 1.169629 0.756630
0.773260 1.169630 0.756632
0.773759 1.171391 0.762343
0.774242 1.173100 0.768075
0.771098 1.175796 0.773847
0.766594 1.178733 0.779621
0.761603 1.181677 0.785407
0.756052 1.183049 0.785409
0.750789 1.185879 0.791205
0.745448 1.188609 0.797019
0.740045 1.191235 0.802847
0.734586 1.193752 0.808690
0.729074 1.196160 0.814545
0.723514 1.198458 0.820414
0.717906 1.200645 0.826294
0.712256 1.202719 0.832186
0.706561 1.204680 0.838089
0.700825 1.206527 0.844003
0.695050 1.208260 0.849926
0.689238 1.209877 0.855858
0.683392 1.211378 0.861799
0.677513 1.212762 0.867748
0.671605 1.214028 0.873705
0.665669 1.215176 0.879668
0.659708 1.216206 0.885638
0.653724 1.217116 0.891613
0.647718 1.217907 0.897593
0.641695 1.218578 0.903578
0.635655 1.219128 0.909566
0.629602 1.219557 0.915558
0.623537 1.219866 0.921552
0.617464 1.220052 0.927549
0.611410 1.218534 0.931887
0.608407 1.216861 0.930214
0.606921 1.215200 0.928569
0.609207 1.213584 0.926920
0.613317 1.211979 0.925305
0.615303 1.210344 0.923741
0.616290 1.208850 0.928070
0.616837 1.203994 0.927253
0.617092 1.199110 0.926414
0.617205 1.194201 0.925559
0.617249 1.189270 0.924689
0.617260 1.184317 0.923805
0.617258 1.179343 0.922905
0.617249 1.174349 0.921992
0.617238 1.169335 0.921063
0.617227 1.164302 0.920121
0.617218 1.159251 0.919164
0.617212 1.154181 0.918193
0.617206 1.149093 0.917209
0.617122 1.147477 0.921128
0.617077 1.145825 0.925034
0.617044 1.144133 0.928923
0.617017 1.142403 0.932795
0.616992 1.140635 0.936649
0.616969 1.138828 0.940486
0.616945 1.136982 0.944304
0.616925 1.135099 0.948104
0.616907 1.133178 0.951885
0.616891 1.131219 0.955646
0.616877 1.129223 0.959388
0.616864 1.127189 0.963109
0.616854 1.125118 0.966810
0.616845 1.123011 0.970490
0.616838 1.120866 0.974149
0.616834 1.118686 0.977786
0.616831 1.116469 0.981402
0.616829 1.114216 0.984995
0.616829 1.111927 0.988565
0.616831 1.109602 0.992112
0.616834 1.107243 0.995636
0.616839 1.104848 0.999136
0.616846 1.102418 1.002613
0.616853 1.099954 1.006064
0.616862 1.097456 1.009491
0.616873 1.094923 1.012893
0.616884 1.092356 1.016270
0.616896 1.089756 1.019620
0.616910 1.087123 1.022945
0.616924 1.084456 1.026243
0.616939 1.081757 1.029514
0.616954 1.079024 1.032758
0.616970 1.076260 1.035975
0.616987 1.073464 1.039164
0.617004 1.070636 1.042325
0.617021 1.067776 1.045457
0.617039 1.064886 1.048561
0.617057 1.061964 1.051636
0.617075 1.059012 1.054681
0.617093 1.056030 1.057697
0.617111 1.053017 1.060683
0.617130 1.049975 1.063639
0.617149 1.046904 1.066564
0.617167 1.043803 1.069458
0.617186 1.040674 1.072321
0.617204 1.037516 1.075152
0.617223 1.034330 1.077952
0.617242 1.031117 1.080720
0.617260 1.027875 1.083456
0.617279 1.024607 1.086159
0.617297 1.021311 1.088830
0.617315 1.017990 1.091467
0.617333 1.014642 1.094071
0.617352 1.011268 1.096641
0.617370 1.007868 1.099178
0.617388 1.004444 1.101680
0.617405 1.000994 1.104148
0.617423 0.997520 1.106581
0.617441 0.994022 1.108980
0.617458 0.990500 1.111343
0.617476 0.986955 1.113671
0.617493 0.983386 1.115964
0.617510 0.979795 1.118221
0.617527 0.976181 1.120441
0.617544 0.972545 1.122626
0.617561 0.970688 1.121276
0.617578 0.968818 1.119945
0.617594 0.966934 1.118632
0.617610 0.965038 1.117338
0.617626 0.963128 1.116064
0.617642 0.961206 1.114808
0.617658 0.959271 1.113572
0.617674 0.957324 1.112355
0.617690 0.955365 1.111158
0.617705 0.953394 1.109981
0.617721 0.951412 1.108823
0.617736 0.949418 1.107685
0.617751 0.947412 1.106567
0.617747 0.947412 1.106566
0.617742 0.947412 1.106565
0.617757 0.945395 1.105468
0.617772 0.943368 1.104390
0.617787 0.941330 1.103333
0.617801 0.939282 1.102296
0.617816 0.937223 1.101279
0.617830 0.935154 1.100284
0.617844 0.933076 1.099309
0.617858 0.930988 1.098355
0.617872 0.928890 1.097421
0.617886 0.926783 1.096509
0.617900 0.924667 1.095618
0.617895 0.924667 1.095618
0.620937 0.924672 1.095617
0.623979 0.924648 1.095617
0.627021 0.924592 1.095616
0.630062 0.924507 1.095616
0.633190 0.926505 1.096506
0.636358 0.928461 1.097417
0.639566 0.930376 1.098349
0.642813 0.932247 1.099301
0.646098 0.934075 1.100275
0.649422 0.935858 1.101270
0.652782 0.937596 1.102285
0.656179 0.939288 1.103320
0.659486 0.939722 1.099479
0.662801 0.940084 1.095629
0.666121 0.940373 1.091772
0.669446 0.940590 1.087908
0.672773 0.940733 1.084037
0.676102 0.940804 1.080159
0.679430 0.940803 1.076275
0.682756 0.940729 1.072386
0.686079 0.940582 1.068491
0.689396 0.940362 1.064591
0.692708 0.940070 1.060687
0.696011 0.939706 1.056778
0.699686 0.940910 1.057834
0.703390 0.942061 1.058911
0.707122 0.943160 1.060007
0.710881 0.944205 1.061124
0.714667 0.945197 1.062261
0.718478 0.946134 1.063417
0.722313 0.947017 1.064593
0.726172 0.947843 1.065789
0.730054 0.948614 1.067005
0.733958 0.949328 1.068240
0.737883 0.949985 1.069494
0.741828 0.950585 1.070767
0.745791 0.951126 1.072059
0.749773 0.951609 1.073370
0.753773 0.952033 1.074700
0.757788 0.952397 1.076049
0.761818 0.952702 1.077416
0.765863 0.952947 1.078801
0.769921 0.953131 1.080205
0.773991 0.953255 1.081626
0.778072 0.953317 1.083066
0.782164 0.953318 1.084523
0.786264 0.953257 1.085998
0.790373 0.953134 1.087491
0.794489 0.952949 1.089001
0.798610 0.952701 1.090528
0.802737 0.952391 1.092072
0.806868 0.952018 1.093633
0.811001 0.951581 1.095211
0.815136 0.951082 1.096805
0.819272 0.950519 1.098416
0.823407 0.949892 1.100043
0.827541 0.949202 1.101686
0.831030 0.947399 1.097774
0.834481 0.945525 1.093858
0.837894 0.943583 1.089939
0.841267 0.941573 1.086018
0.844600 0.939496 1.082095
0.847890 0.937352 1.078170
0.851136 0.935143 1.074243
0.854338 0.932869 1.070316
0.857493 0.930531 1.066388
0.860601 0.928131 1.062459
0.863660 0.925669 1.058531
0.866669 0.923146 1.054604
0.869627 0.920563 1.050677
0.872533 0.917921 1.046752
0.875385 0.915222 1.042829
0.878182 0.912466 1.038907
0.880924 0.909654 1.034989
0.884872 0.908205 1.036648
0.888806 0.906694 1.038323
0.892724 0.905120 1.040013
0.896625 0.903485 1.041719
0.900509 0.901787 1.043440
0.904374 0.900029 1.045177
0.908220 0.898209 1.046928
0.912044 0.896328 1.048694
0.915847 0.894386 1.050474
0.919626 0.892384 1.052269
0.923382 0.890321 1.054078
0.927112 0.888199 1.055901
0.930817 0.886017 1.057738
0.934494 0.883776 1.059589
0.938142 0.881476 1.061453
0.941762 0.879118 1.063331
0.945351 0.876701 1.065221
0.948909 0.874228 1.067125
0.949901 0.875009 1.069041
0.950878 0.875778 1.070970
0.951840 0.876535 1.072911
0.952786 0.877281 1.074864
0.953717 0.878015 1.076829
0.954631 0.878736 1.078806
0.955531 0.879446 1.080794
0.956414 0.880143 1.082794
0.957282 0.880829 1.084805
0.958126 0.881445 1.076623
0.958843 0.881964 1.068438
0.959432 0.882387 1.060254
0.961684 0.884155 1.061823
0.963948 0.885933 1.063365
0.966225 0.887720 1.064878
0.965792 0.887341 1.054646
0.965185 0.886829 1.044457
0.967496 0.888643 1.045881
0.969819 0.890465 1.047277
0.972153 0.892296 1.048643
0.974498 0.894134 1.049980
0.976853 0.895980 1.051287
0.979219 0.897834 1.052563
0.981595 0.899696 1.053810
0.983436 0.901122 1.051162
0.985256 0.902532 1.048491
0.987054 0.903925 1.045797
0.988831 0.905303 1.043080
0.988162 0.904768 1.039247
0.987463 0.904210 1.035422
0.986734 0.903628 1.031606
0.985974 0.903023 1.027799
0.985185 0.902395 1.024003
0.986146 0.903152 1.025944
0.987093 0.903897 1.027897
0.988025 0.904629 1.029862
0.988941 0.905350 1.031839
0.989841 0.906059 1.033827
0.990725 0.906755 1.035827
0.989906 0.906103 1.032042
0.989056 0.905429 1.028266
0.989715 0.905933 1.023596
0.991237 0.907116 1.020907
0.992739 0.908282 1.018199
0.993623 0.908979 1.020198
0.994491 0.909663 1.022209
0.995971 0.910812 1.019483
0.996559 0.911263 1.014725
0.997110 0.911684 1.009961
0.995620 0.910501 0.999537
0.993571 0.908893 0.993908
0.993569 0.908895 0.993908
0.993567 0.908897 0.993907
0.993565 0.908899 0.993906
0.993563 0.908901 0.993906
0.993138 0.908580 0.998625
0.992675 0.908230 1.003339
0.992175 0.907852 1.008046
0.991637 0.907445 1.012747
0.988177 0.910703 1.017442
0.984648 0.913894 1.022128
0.981057 0.917014 1.026807
0.977403 0.920062 1.031476
0.973689 0.923036 1.036137
0.969917 0.925936 1.040789
0.966086 0.928760 1.045430
0.962200 0.931507 1.050060
0.959065 0.934915 1.050058
0.955098 0.937544 1.054678
0.952350 0.941360 1.065223
0.949398 0.944996 1.075807
0.945680 0.947860 1.084282
0.941824 0.950568 1.092764
0.937833 0.953114 1.101249
0.933712 0.955496 1.109736
0.929465 0.957709 1.118221
0.925096 0.959750 1.126700
0.920608 0.961616 1.135170
0.916007 0.963303 1.143631
0.911297 0.964809 1.152077
0.906481 0.966131 1.160504
0.901565 0.967265 1.168910
0.896283 0.967815 1.171157
0.892420 0.970064 1.168943
0.888525 0.972254 1.166735
0.885928 0.976130 1.160100
0.883214 0.979901 1.153465
0.879602 0.982514 1.153460
0.875963 0.985092 1.153457
0.872299 0.987633 1.153453
0.868967 0.990726 1.159555
0.865185 0.993142 1.163478
0.861359 0.995486 1.167400
0.857490 0.997757 1.171321
0.853579 0.999956 1.175239
0.849627 1.002080 1.179157
0.845637 1.004130 1.183072
0.841608 1.006105 1.186984
0.837544 1.008003 1.190892
0.833445 1.009824 1.194797
0.829313 1.011568 1.198697
0.825150 1.013233 1.202592
0.820956 1.014820 1.206483
0.816734 1.016327 1.210368
0.812485 1.017754 1.214247
0.808210 1.019101 1.218121
0.803911 1.020368 1.221989
0.799591 1.021553 1.225850
0.795249 1.022656 1.229703
0.790888 1.023678 1.233549
0.786510 1.024617 1.237387
0.782116 1.025473 1.241216
0.778053 1.027073 1.241212
0.773975 1.028633 1.241209
0.769881 1.030151 1.241205
0.765846 1.031740 1.235200
0.761775 1.033232 1.229186
0.757636 1.034628 1.229183
0.753483 1.035983 1.229179
0.749098 1.036556 1.227015
0.744709 1.037061 1.224858
0.740316 1.037500 1.222708
0.735921 1.037872 1.220568
0.731526 1.038177 1.218435
0.727130 1.038415 1.216312
0.722736 1.038587 1.214197
0.718343 1.038693 1.212092
0.713955 1.038732 1.209996
0.709571 1.038705 1.207909
0.705193 1.038611 1.205832
0.700821 1.038452 1.203765
0.696458 1.038227 1.201709
0.692103 1.037937 1.199663
0.687759 1.037581 1.197627
0.683426 1.037160 1.195602
0.679105 1.036674 1.193589
0.674797 1.036124 1.191586
0.670504 1.035510 1.189595
0.666226 1.034832 1.187616
0.661965 1.034090 1.185648
0.657721 1.033285 1.183693
0.653496 1.032417 1.181750
0.649290 1.031487 1.179819
0.645106 1.030495 1.177901
0.640943 1.029442 1.175995
0.636802 1.028327 1.174103
0.632685 1.027152 1.172224
0.628593 1.025917 1.170358
0.624527 1.024622 1.168506
0.620487 1.023268 1.166668
0.616475 1.021856 1.164843
0.616495 1.020440 1.163032
0.616516 1.019006 1.161234
0.616537 1.017555 1.159452
0.616557 1.016085 1.157684
0.616578 1.014598 1.155930
0.616599 1.013094 1.154192
0.616620 1.011572 1.152470
0.616640 1.010033 1.150762
0.616661 1.008477 1.149070
0.616682 1.006904 1.147394
0.616703 1.005315 1.145734
0.616724 1.003709 1.144090
0.616744 1.002087 1.142462
0.616765 1.000448 1.140851
0.616786 0.998794 1.139256
0.616806 0.997124 1.137678
0.616827 0.995438 1.136116
0.616848 0.993737 1.134572
0.616869 0.992019 1.133044
0.616890 0.990287 1.131533
0.616911 0.988539 1.130040
0.616932 0.986777 1.128564
0.616952 0.985000 1.127106
0.616973 0.983208 1.125666
0.616994 0.981403 1.124245
0.617015 0.979583 1.122841
0.617035 0.977749 1.121456
0.617056 0.975902 1.120090
0.617077 0.974041 1.118742
0.617097 0.972167 1.117412
0.617118 0.970280 1.116102
0.617138 0.968379 1.114811
0.617159 0.966465 1.113538
0.617179 0.964539 1.112284
0.617200 0.962600 1.111050
0.617221 0.960649 1.109835
0.617241 0.958686 1.108640
0.617261 0.956711 1.107465
0.617282 0.954725 1.106310
0.617302 0.952727 1.105175
0.617322 0.950718 1.104060
0.617342 0.948698 1.102965
0.617362 0.946668 1.101890
0.617381 0.944626 1.100836
0.617402 0.942574 1.099802
0.617422 0.940511 1.098788
0.617442 0.938438 1.097795
0.617462 0.936356 1.096824
0.617481 0.934264 1.095873
0.617501 0.932163 1.094943
0.617520 0.930052 1.094034
0.617540 0.927933 1.093147
0.617559 0.925805 1.092281
0.617560 0.925804 1.092279
0.614503 0.925762 1.092278
0.611447 0.925690 1.092277
0.608391 0.925588 1.092275
0.605336 0.925455 1.092274
0.602284 0.925291 1.092273
0.599232 0.925097 1.092272
0.596183 0.924873 1.092270
0.593018 0.926091 1.089204
0.589669 0.928637 1.090801
0.586265 0.931162 1.092370
0.582993 0.932277 1.089232
0.579700 0.933326 1.086079
0.576386 0.934308 1.082911
0.573052 0.935224 1.079730
0.569358 0.938220 1.077270
0.565603 0.941149 1.074775
0.561788 0.944009 1.072245
0.557915 0.946800 1.069681
0.553986 0.949520 1.067081
0.550001 0.952168 1.064448
0.546214 0.953564 1.065203
0.542393 0.954911 1.065981
0.538772 0.955297 1.062536
0.535144 0.955611 1.059079
0.534870 0.956720 1.055611
0.534607 0.957795 1.052131
0.534352 0.958837 1.048640
0.534105 0.959844 1.045139
0.533866 0.960817 1.041627
0.533092 0.963897 1.038731
0.532325 0.966948 1.035804
0.528071 0.969071 1.032846
0.523772 0.971112 1.029856
0.519431 0.973073 1.026835
0.515049 0.974952 1.023784
0.514829 0.975710 1.020078
0.514619 0.976431 1.016365
0.514420 0.977117 1.012644
0.514230 0.977767 1.008916
0.510480 0.977307 1.005183
0.506732 0.976769 1.001442
0.506555 0.977306 0.997696
0.506552 0.977363 0.990044
0.506715 0.976881 0.986149
0.506891 0.976362 0.982260
0.507078 0.975805 0.978376
0.507276 0.975212 0.974499
0.507487 0.974581 0.970628
0.507709 0.973914 0.966764
0.507942 0.973210 0.962907
0.507257 0.975349 0.963376
0.506573 0.977485 0.963867
0.505891 0.979615 0.964381
0.505210 0.981740 0.964917
0.504530 0.983860 0.965476
0.503790 0.986177 0.962216
0.503059 0.988462 0.958932
0.502381 0.990576 0.959513
0.502649 0.989766 0.955682
0.502929 0.988915 0.951857
0.503219 0.988028 0.948042
0.503522 0.987104 0.944237
0.503836 0.986144 0.940441
0.504161 0.985149 0.936656
0.504499 0.984117 0.932881
0.504847 0.983049 0.929117
0.505207 0.981946 0.925365
0.505579 0.980807 0.921624
0.505961 0.979632 0.917896
0.506355 0.978422 0.914180
0.505678 0.980530 0.914783
0.505004 0.982633 0.915408
0.504331 0.984730 0.916056
0.503661 0.986821 0.916725
0.502992 0.988905 0.917416
0.502326 0.990983 0.918129
0.501661 0.993053 0.918863
0.500999 0.995117 0.919620
0.501405 0.993871 0.915917
0.501821 0.992590 0.912228
0.502249 0.991274 0.908552
0.502687 0.989923 0.904890
0.503136 0.988538 0.901242
0.503596 0.987117 0.897609
0.504068 0.985662 0.893992
0.504550 0.984172 0.890390
0.505043 0.982649 0.886803
0.505041 0.982648 0.886803
0.505040 0.982647 0.886803
0.500751 0.983534 0.887582
0.501259 0.981977 0.884011
0.501790 0.980390 0.880457
0.498761 0.977580 0.876921
0.499319 0.975927 0.873401
0.499900 0.974246 0.869900
0.499898 0.974245 0.869899
0.499897 0.974245 0.869899
0.499198 0.976280 0.870699
0.498502 0.978307 0.871520
0.498501 0.978307 0.871520
0.497808 0.980326 0.872362
0.497117 0.982337 0.873226
0.497116 0.982337 0.873226
0.496058 0.985381 0.873751
0.494999 0.988431 0.874244
0.493938 0.991486 0.874705
0.492876 0.994544 0.875133
0.492407 0.995893 0.872045
0.491944 0.997211 0.868943
0.492181 0.996489 0.864963
0.491737 0.997748 0.861833
0.491302 0.998976 0.858691
0.490877 1.000175 0.855535
0.490462 1.001344 0.852367
0.490055 1.002482 0.849186
0.490352 1.001571 0.845152
0.490344 1.001595 0.845175
0.490336 1.001623 0.845201
0.490625 1.001702 0.845212
0.490903 1.001714 0.845172
0.491158 1.001730 0.845118
0.491418 1.001694 0.845037
0.491858 1.001771 0.844994
0.491947 1.001758 0.844968
0.492029 1.001745 0.844945
0.492107 1.001734 0.844924
0.492118 1.001749 0.844937
0.492126 1.001763 0.844950
0.492134 1.001779 0.844965
0.491818 1.002686 0.848995
0.491520 1.003553 0.853033
0.491236 1.004381 0.857080
0.490964 1.005170 0.861135
0.494451 1.007150 0.865194
0.498095 1.009105 0.869266
0.501782 1.010987 0.873346
0.505506 1.012795 0.877432
0.509266 1.014528 0.881524
0.512199 1.019306 0.886051
0.515229 1.024022 0.890616
0.518354 1.028672 0.895219
0.522445 1.029666 0.895217
0.526542 1.030617 0.895215
0.530551 1.031973 0.899426
0.533844 1.036771 0.908356
0.537262 1.041365 0.917397
0.541165 1.043831 0.925337
0.545136 1.046111 0.933322
0.549169 1.048203 0.941349
0.553259 1.050103 0.949415
0.557403 1.051811 0.957517
0.561591 1.053326 0.965653
0.565822 1.054645 0.973819
0.570091 1.055765 0.982012
0.574394 1.056685 0.990228
0.578725 1.057404 0.998465
0.583079 1.057922 1.006718
0.587450 1.058236 1.014986
0.591834 1.058346 1.023265
0.596226 1.058253 1.031552
0.600619 1.057954 1.039843
0.605009 1.057451 1.048136
0.609391 1.056742 1.056427
0.613759 1.055828 1.064713
0.618107 1.054709 1.072991
0.622431 1.053386 1.081258
0.626717 1.050247 1.084030
0.630981 1.048455 1.082492
0.630978 1.048455 1.082490
0.630940 1.046735 1.080968
0.630901 1.045001 1.079464
0.626630 1.043339 1.077976
0.622392 1.041619 1.076506
0.622386 1.039840 1.075054
0.622383 1.039839 1.075053
0.622379 1.039839 1.075052
0.622362 1.038497 1.079242
0.622345 1.037113 1.083419
0.622327 1.035687 1.087581
0.622309 1.034220 1.091729
0.622290 1.032712 1.095863
0.622271 1.031162 1.099981
0.622252 1.029571 1.104083
0.622221 1.027549 1.112077
0.622190 1.025368 1.120042
0.622156 1.023031 1.127975
0.622122 1.020536 1.135872
0.622099 1.016978 1.138229
0.622076 1.013397 1.140551
0.622053 1.009793 1.142836
0.622030 1.006166 1.145085
0.622006 1.002516 1.147298
0.621982 0.998845 1.149475
0.621958 0.995152 1.151614
0.621954 0.995152 1.151613
0.621949 0.993527 1.149991
0.621965 0.993920 1.144656
0.621979 0.994229 1.139351
0.621974 0.992524 1.137812
0.621968 0.990804 1.136290
0.621962 0.989069 1.134786
0.621956 0.987320 1.133299
0.621950 0.985555 1.131829
0.621943 0.983776 1.130378
0.621937 0.981982 1.128944
0.621930 0.980174 1.127528
0.621922 0.978352 1.126130
0.621915 0.976517 1.124751
0.621907 0.974667 1.123390
0.621899 0.972804 1.122048
0.621891 0.970928 1.120725
0.621882 0.969039 1.119420
0.621874 0.967136 1.118134
0.621865 0.965221 1.116868
0.621856 0.963294 1.115620
0.621846 0.961354 1.114392
0.621837 0.959402 1.113184
0.621827 0.957438 1.111995
0.621817 0.955462 1.110826
0.621806 0.953474 1.109677
0.621796 0.951475 1.108547
0.621785 0.949465 1.107438
0.621774 0.947444 1.106349
0.621763 0.945412 1.105279
0.621752 0.943370 1.104231
0.621740 0.941317 1.103202
0.621728 0.939254 1.102195
0.621716 0.937180 1.101208
0.621703 0.935098 1.100241
0.621691 0.933005 1.099296
0.621678 0.930903 1.098372
0.621665 0.928792 1.097468
0.621651 0.926673 1.096586
0.621647 0.926672 1.096585
0.621642 0.926672 1.096585
0.624703 0.926640 1.096584
0.627764 0.926577 1.096583
0.630885 0.928003 1.093508
0.634080 0.930724 1.095106
0.637330 0.933427 1.096676
0.640638 0.936112 1.098217
0.644002 0.938776 1.099729
0.647424 0.941420 1.101212
0.650902 0.944041 1.102666
0.654437 0.946639 1.104090
0.658028 0.949212 1.105485
0.661677 0.951759 1.106851
0.665383 0.954280 1.108186
0.669145 0.956772 1.109492
0.672963 0.959234 1.110768
0.676838 0.961667 1.112013
0.680770 0.964067 1.113229
0.684757 0.966434 1.114414
0.688801 0.968767 1.115568
0.692900 0.971065 1.116692
0.697054 0.973326 1.117785
0.701263 0.975549 1.118847
0.705527 0.977733 1.119879
0.709846 0.979877 1.120879
0.714219 0.981979 1.121848
0.718645 0.984039 1.122786
0.723125 0.986055 1.123692
0.727657 0.988026 1.124567
0.732242 0.989951 1.125411
0.736878 0.991828 1.126223
0.741566 0.993657 1.127003
0.746305 0.995436 1.127751
0.751093 0.997164 1.128468
0.755931 0.998840 1.129152
0.760819 1.000464 1.129805
0.765754 1.002032 1.130425
0.770737 1.003546 1.131014
0.775766 1.005003 1.131570
0.780328 1.005146 1.127406
0.784891 1.005197 1.123223
0.789453 1.005157 1.119023
0.794012 1.005027 1.114804
0.799208 1.006211 1.115198
0.804448 1.007332 1.115560
0.809728 1.008391 1.115890
0.815048 1.009386 1.116187
0.820407 1.010316 1.116451
0.825803 1.011181 1.116683
0.831236 1.011979 1.116882
0.836705 1.012710 1.117048
0.842209 1.013372 1.117182
0.847745 1.013966 1.117283
0.853314 1.014490 1.117351
0.858914 1.014943 1.117386
0.864544 1.015325 1.117388
0.870203 1.015635 1.117358
0.875889 1.015873 1.117295
0.881602 1.016037 1.117199
0.886488 1.014840 1.112443
0.891339 1.013549 1.107667
0.896160 1.012166 1.102875
0.900948 1.010688 1.098067
0.905703 1.009117 1.093244
0.910422 1.007453 1.088406
0.915104 1.005698 1.083553
0.918911 1.002750 1.083548
0.922695 0.999761 1.083544
0.926447 0.996737 1.083541
0.930169 0.993676 1.083538
0.933860 0.990578 1.083535
0.937520 0.987443 1.083532
0.941149 0.984273 1.083529
0.944747 0.981066 1.083525
0.948312 0.977824 1.083522
0.951845 0.974547 1.083519
0.955345 0.971236 1.083516
0.958812 0.967889 1.083513
0.962246 0.964508 1.083510
0.965646 0.961094 1.083507
0.969011 0.957646 1.083504
0.972343 0.954165 1.083501
0.975640 0.950651 1.083498
0.978901 0.947104 1.083495
0.982128 0.943525 1.083491
0.985318 0.939915 1.083488
0.988473 0.936273 1.083485
0.991591 0.932599 1.083482
0.994673 0.928896 1.083479
0.997718 0.925161 1.083476
1.000725 0.921397 1.083473
1.003695 0.917603 1.083470
1.006628 0.913780 1.083467
1.010619 0.910768 1.078603
1.014546 0.907679 1.073724
1.018408 0.904515 1.068831
1.022204 0.901276 1.063926
1.024187 0.900508 1.059027
1.025513 0.900589 1.054106
1.026557 0.900987 1.049169
1.027463 0.901497 1.044220
1.028287 0.902036 1.039261
1.029051 0.902576 1.034291
1.029070 0.902549 1.034291
1.029068 0.902550 1.034290
1.028310 0.901997 1.039256
1.027493 0.901442 1.044213
1.026627 0.900872 1.049160
1.025716 0.900278 1.054096
1.024763 0.899659 1.059020
1.023769 0.899013 1.063933
1.020873 0.901023 1.068852
1.017286 0.903874 1.073746
1.013420 0.906954 1.078623
1.007932 0.908929 1.078976
1.002412 0.910856 1.079296
0.996884 0.912710 1.079583
0.991355 0.914480 1.079837
0.985829 0.916167 1.080059
0.980306 0.917768 1.080248
0.974789 0.919285 1.080405
0.969280 0.920718 1.080529
0.963779 0.922068 1.080621
0.958287 0.923335 1.080680
0.952807 0.924521 1.080706
0.947339 0.925625 1.080700
0.941884 0.926648 1.080661
0.936444 0.927592 1.080589
0.931021 0.928457 1.080485
0.925614 0.929243 1.080349
0.920225 0.929952 1.080180
0.914856 0.930585 1.079978
0.909507 0.931141 1.079743
0.904180 0.931623 1.079477
0.898875 0.932031 1.079177
0.893594 0.932365 1.078845
0.888337 0.932627 1.078481
0.883106 0.932818 1.078084
0.877901 0.932939 1.077655
0.872724 0.932989 1.077194
0.867575 0.932971 1.076700
0.862456 0.932886 1.076174
0.857367 0.932734 1.075616
0.852308 0.932516 1.075026
0.847282 0.932233 1.074404
0.842288 0.931887 1.073749
0.837328 0.931477 1.073063
0.832403 0.931005 1.072344
0.827513 0.930472 1.071594
0.822659 0.929879 1.070812
0.817843 0.929227 1.069998
0.813064 0.928516 1.069152
0.808324 0.927748 1.068274
0.803624 0.926923 1.067365
0.798963 0.926042 1.066424
0.794345 0.925108 1.065453
0.789767 0.924121 1.064450
0.785233 0.923082 1.063416
0.780741 0.921993 1.062351
0.776293 0.920852 1.061255
0.771889 0.919664 1.060129
0.767529 0.918427 1.058972
0.763215 0.917145 1.057784
0.758947 0.915817 1.056567
0.754725 0.914445 1.055319
0.754248 0.913408 1.058550
0.750831 0.913663 1.061770
0.747409 0.913851 1.064977
0.743983 0.913970 1.068173
0.741037 0.915194 1.068172
0.738079 0.916387 1.068171
0.735109 0.917551 1.068170
0.731681 0.917498 1.071352
0.728256 0.917378 1.074522
0.724833 0.917189 1.077679
0.721414 0.916931 1.080822
0.718002 0.916605 1.083952
0.714597 0.916212 1.087067
0.711200 0.915750 1.090168
0.707813 0.915220 1.093254
0.704437 0.914623 1.096326
0.701074 0.913958 1.099381
0.697725 0.913226 1.102422
0.694789 0.913987 1.102420
0.691846 0.914719 1.102419
0.689256 0.916958 1.099376
0.686283 0.917633 1.099374
0.683304 0.918279 1.099373
0.680318 0.918896 1.099372
0.677327 0.919482 1.099370
0.674330 0.920039 1.099369
0.671327 0.920565 1.099368
0.668320 0.921062 1.099366
0.665307 0.921528 1.099365
0.662290 0.921964 1.099364
0.659269 0.922370 1.099362
0.656244 0.922746 1.099361
0.653215 0.923092 1.099360
0.650026 0.921835 1.102399
0.647007 0.922119 1.102398
0.643985 0.922372 1.102396
0.640961 0.922595 1.102395
0.637935 0.922788 1.102394
0.634985 0.924527 1.099351
0.631940 0.924659 1.099349
0.628894 0.924762 1.099348
0.625847 0.924834 1.099347
0.622799 0.924875 1.099345
0.619751 0.924886 1.099344
0.616703 0.924867 1.099343
0.613655 0.924817 1.099341
0.613656 0.924815 1.099340
