0.620000 0.931110 1.100909
0.620001 0.931108 1.100908
0.623113 0.931091 1.100906
0.626224 0.931042 1.100905
0.629382 0.932526 1.097784
0.632621 0.935254 1.099392
0.635917 0.937964 1.100971
0.639269 0.940655 1.102521
0.642677 0.943326 1.104043
0.646142 0.945975 1.105535
0.649663 0.948603 1.106999
0.653241 0.951206 1.108433
0.656876 0.953785 1.109838
0.660567 0.956338 1.111214
0.664314 0.958864 1.112559
0.668118 0.961360 1.113875
0.671979 0.963827 1.115160
0.675895 0.966264 1.116415
0.679868 0.968669 1.117641
0.680162 0.970372 1.114095
0.680448 0.972039 1.110530
0.680729 0.973670 1.106948
0.681004 0.975267 1.103350
0.681636 0.978943 1.100549
0.682262 0.982591 1.097711
0.682884 0.986212 1.094836
0.683501 0.989803 1.091924
0.684113 0.993366 1.088976
0.684719 0.996900 1.085992
0.685320 1.000403 1.082971
0.685916 1.003877 1.079916
0.686506 1.007321 1.076825
0.687091 1.010735 1.073700
0.687669 1.014117 1.070540
0.688243 1.017470 1.067347
0.688811 1.020790 1.064120
0.689373 1.024079 1.060860
0.689929 1.027336 1.057566
0.690480 1.030561 1.054240
0.691025 1.033753 1.050882
0.691563 1.036911 1.047491
0.692096 1.040036 1.044068
0.692624 1.043127 1.040614
0.693145 1.046185 1.037129
0.693660 1.049207 1.033613
0.694168 1.052195 1.030066
0.694670 1.055148 1.026489
0.695164 1.058066 1.022882
0.695652 1.060948 1.019246
0.696132 1.063794 1.015581
0.696606 1.066605 1.011888
0.697071 1.069379 1.008165
0.697530 1.072116 1.004415
0.697980 1.074816 1.000638
0.698423 1.077479 0.996833
0.698859 1.080105 0.993001
0.699286 1.082693 0.989143
0.699705 1.085243 0.985258
0.700113 1.087756 0.981348
0.700516 1.090229 0.977413
0.700914 1.092664 0.973453
0.701302 1.095060 0.969469
0.705528 1.096480 0.970287
0.710477 1.097731 0.971139
0.715598 1.098895 0.972014
0.716923 1.101073 0.968021
0.717558 1.103341 0.963992
0.721836 1.104804 0.959920
0.726870 1.106036 0.955838
0.732106 1.107137 0.951735
0.737410 1.108132 0.947612
0.742745 1.109026 0.943467
0.748101 1.109822 0.939301
0.753473 1.110519 0.935114
0.758858 1.111117 0.930907
0.764256 1.111617 0.926680
0.769663 1.112018 0.922433
0.771911 1.113319 0.918184
0.773186 1.115141 0.919088
0.774040 1.117080 0.920009
0.771584 1.120037 0.920966
0.770968 1.122144 0.916671
0.771016 1.124010 0.912365
0.771316 1.125757 0.908043
0.771710 1.127432 0.903705
0.772134 1.129052 0.899350
0.772566 1.130625 0.894979
0.772994 1.132154 0.890592
0.773415 1.133638 0.886189
0.773826 1.135080 0.881771
0.774228 1.136478 0.877338
0.774620 1.137833 0.872891
0.775001 1.139144 0.868430
0.775371 1.140412 0.863956
0.775732 1.141637 0.859469
0.776081 1.142817 0.854969
0.776420 1.143954 0.850457
0.776748 1.145047 0.845933
0.777065 1.146096 0.841399
0.777371 1.147101 0.836853
0.777666 1.148062 0.832297
0.777949 1.148979 0.827732
0.778220 1.149851 0.823157
0.778479 1.150680 0.818573
0.778726 1.151464 0.813981
0.778961 1.152203 0.809381
0.779183 1.152899 0.804773
0.779393 1.153550 0.800158
0.779589 1.154157 0.795536
0.779773 1.154719 0.790909
0.779943 1.155237 0.786276
0.780100 1.155711 0.781637
0.780244 1.156140 0.776994
0.780373 1.156525 0.772346
0.780490 1.156866 0.767695
0.780592 1.157162 0.763040
0.784399 1.156274 0.758375
0.785009 1.154136 0.752781
0.783961 1.153521 0.747933
0.783801 1.153583 0.747942
0.783772 1.153624 0.747965
0.783769 1.153659 0.747990
0.783770 1.153691 0.748013
0.784241 1.153901 0.748253
0.784593 1.153929 0.748447
0.784919 1.153944 0.748641
0.785064 1.154021 0.748722
0.785195 1.154099 0.748801
0.785320 1.154176 0.748878
0.785396 1.154263 0.748951
0.785422 1.154293 0.748981
0.785444 1.154319 0.749006
0.786041 1.156128 0.754604
0.786614 1.157891 0.760225
0.787169 1.159601 0.765863
0.787706 1.161257 0.771519
0.784740 1.163954 0.777196
0.780426 1.166946 0.782888
0.775620 1.169969 0.788594
0.770603 1.172933 0.794316
0.765474 1.175810 0.800052
0.760267 1.178589 0.805803
0.754996 1.181265 0.811567
0.749669 1.183836 0.817344
0.744287 1.186301 0.823134
0.738855 1.188658 0.828935
0.733375 1.190907 0.834748
0.727848 1.193046 0.840571
0.722276 1.195074 0.846405
0.716662 1.196992 0.852248
0.711007 1.198797 0.858101
0.705038 1.198625 0.862652
0.699072 1.198347 0.867192
0.693111 1.197962 0.871720
0.687157 1.197472 0.876237
0.681212 1.196876 0.880741
0.675279 1.196175 0.885232
0.669358 1.195368 0.889711
0.663452 1.194456 0.894175
0.657563 1.193440 0.898626
0.651693 1.192319 0.903062
0.645843 1.191094 0.907483
0.640016 1.189766 0.911889
0.634214 1.188335 0.916279
0.628438 1.186801 0.920652
0.622692 1.185164 0.925009
0.616978 1.183427 0.929349
0.611297 1.181588 0.933671
0.605653 1.179649 0.937975
0.600047 1.177611 0.942261
0.597814 1.172358 0.935991
0.600066 1.167179 0.929794
0.604175 1.161972 0.923708
0.609046 1.156673 0.917724
0.611098 1.151220 0.911859
0.611895 1.149215 0.910768
0.612249 1.147496 0.914967
0.612392 1.145733 0.919149
0.612445 1.143927 0.923312
0.612566 1.138669 0.922709
0.612640 1.133393 0.922092
0.612696 1.128102 0.921463
0.612747 1.122796 0.920822
0.612798 1.117477 0.920169
0.612850 1.112146 0.919505
0.612903 1.106801 0.918829
0.612959 1.101445 0.918141
0.613018 1.096078 0.917442
0.613079 1.090699 0.916731
0.613143 1.085310 0.916009
0.613210 1.079912 0.915276
0.613280 1.074504 0.914532
0.613258 1.072622 0.918253
0.613226 1.072845 0.922779
0.613199 1.073024 0.927308
0.613086 1.076509 0.936453
0.612999 1.079811 0.945700
0.612919 1.082926 0.955043
0.612923 1.082782 0.959673
0.612947 1.080532 0.963286
0.612971 1.078246 0.966877
0.612996 1.075924 0.970445
0.613023 1.073567 0.973989
0.613052 1.071174 0.977510
0.613082 1.068746 0.981007
0.613114 1.066284 0.984479
0.613147 1.063787 0.987926
0.613181 1.061255 0.991349
0.613217 1.058689 0.994746
0.613253 1.056090 0.998117
0.613291 1.053457 1.001462
0.613330 1.050791 1.004780
0.613369 1.048092 1.008072
0.613409 1.045360 1.011337
0.613450 1.042595 1.014574
0.613491 1.039799 1.017783
0.613533 1.036970 1.020964
0.613576 1.034110 1.024117
0.613619 1.031218 1.027241
0.613663 1.028296 1.030336
0.613706 1.025342 1.033402
0.613751 1.022358 1.036438
0.613795 1.019344 1.039444
0.613840 1.016300 1.042420
0.613885 1.013226 1.045365
0.613930 1.010123 1.048279
0.613976 1.006991 1.051162
0.614022 1.003831 1.054014
0.614068 1.000642 1.056834
0.614114 0.997425 1.059622
0.614160 0.994180 1.062377
0.614207 0.990908 1.065100
0.614253 0.987608 1.067790
0.614300 0.984283 1.070447
0.614347 0.980930 1.073071
0.614394 0.977552 1.075661
0.614442 0.974148 1.078217
0.614489 0.970718 1.080739
0.614536 0.967264 1.083226
0.614584 0.963784 1.085679
0.614632 0.960281 1.088096
0.614680 0.956753 1.090479
0.614728 0.953202 1.092826
0.614776 0.949627 1.095138
0.614824 0.946030 1.097413
0.614872 0.942410 1.099653
0.614920 0.938767 1.101856
0.614969 0.935103 1.104023
0.614980 0.933477 1.107166
0.614976 0.933477 1.107165
0.614956 0.935102 1.104022
0.614973 0.934617 1.099891
0.614991 0.934072 1.095806
0.615024 0.931964 1.094897
0.615056 0.929847 1.094009
0.615089 0.927721 1.093142
0.615085 0.927721 1.093142
0.615080 0.927721 1.093141
0.615076 0.927720 1.093141
0.615072 0.927720 1.093141
0.615067 0.927720 1.093140
0.615063 0.927719 1.093140
0.615058 0.927719 1.093139
0.615054 0.927719 1.093139
0.615049 0.927718 1.093138
0.615045 0.927718 1.093138
0.615040 0.927718 1.093137
0.618113 0.927751 1.093137
0.621186 0.927755 1.093136
0.624259 0.927727 1.093136
0.627332 0.927669 1.093135
0.630404 0.927580 1.093135
0.633565 0.929584 1.094000
0.636767 0.931547 1.094887
0.640009 0.933467 1.095795
0.643214 0.934027 1.091945
0.646429 0.934515 1.088087
0.649653 0.934931 1.084222
0.652883 0.935276 1.080351
0.656119 0.935549 1.076472
0.659359 0.935751 1.072588
0.662601 0.935881 1.068698
0.666024 0.937127 1.061604
0.669453 0.938189 1.054485
0.673084 0.940516 1.056037
0.676768 0.942817 1.057561
0.680508 0.945091 1.059055
0.684301 0.947336 1.060520
0.687897 0.948372 1.065315
0.691173 0.947678 1.065315
0.694907 0.949006 1.066223
0.698672 0.950283 1.067152
