0.620000 0.921977 1.087416
0.620001 0.921975 1.087415
0.623021 0.921958 1.087413
0.626041 0.921911 1.087412
0.629104 0.923261 1.084384
0.632250 0.925981 1.086013
0.635452 0.928684 1.087613
0.638710 0.931370 1.089186
0.642025 0.934036 1.090729
0.645396 0.936681 1.092243
0.648823 0.939305 1.093728
0.652307 0.941907 1.095184
0.655848 0.944485 1.096611
0.656173 0.947416 1.098008
0.656499 0.950362 1.099377
0.656826 0.953321 1.100715
0.657155 0.956293 1.102023
0.657486 0.959277 1.103301
0.657818 0.962274 1.104549
0.661600 0.964885 1.105767
0.665047 0.964450 1.105765
0.668490 0.963980 1.105763
0.671928 0.963475 1.105762
0.675361 0.962936 1.105760
0.679060 0.963950 1.102276
0.683044 0.966345 1.103433
0.687083 0.968704 1.104559
0.691312 0.971693 1.101786
0.695602 0.974605 1.098976
0.699951 0.977438 1.096128
0.704357 0.980191 1.093244
0.708819 0.982864 1.090323
0.708821 0.982863 1.090323
0.709166 0.984274 1.086578
0.709502 0.985649 1.082819
0.710345 0.989095 1.079790
0.711181 0.992513 1.076726
0.712008 0.995900 1.073626
0.712828 0.999258 1.070492
0.713641 1.002585 1.067323
0.714445 1.005883 1.064122
0.715242 1.009149 1.060886
0.716031 1.012384 1.057617
0.716812 1.015587 1.054315
0.717585 1.018758 1.050981
0.718350 1.021897 1.047614
0.719107 1.025002 1.044215
0.719856 1.028075 1.040784
0.720597 1.031115 1.037322
0.721329 1.034120 1.033828
0.722052 1.037092 1.030304
0.722766 1.040029 1.026749
0.723471 1.042932 1.023165
0.724166 1.045800 1.019550
0.724852 1.048634 1.015907
0.725529 1.051431 1.012234
0.726195 1.054194 1.008533
0.726852 1.056920 1.004803
0.727499 1.059610 1.001046
0.728135 1.062264 0.997261
0.728762 1.064881 0.993448
0.729377 1.067462 0.989610
0.729983 1.070005 0.985744
0.730577 1.072511 0.981853
0.735099 1.073992 0.977925
0.740141 1.075266 0.973981
0.745287 1.076425 0.970013
0.746682 1.078558 0.966036
0.747453 1.080813 0.962023
0.748088 1.083063 0.957985
0.752326 1.084248 0.953908
0.757308 1.085149 0.949819
0.758969 1.086978 0.945727
0.759860 1.088984 0.941602
0.763939 1.089967 0.937436
0.765498 1.091685 0.933276
0.766387 1.093558 0.929087
0.767057 1.095453 0.924876
0.767645 1.097328 0.920644
0.768288 1.099394 0.921409
0.768907 1.101459 0.922196
0.769517 1.103519 0.923004
0.770120 1.105572 0.923834
0.770640 1.107424 0.919582
0.771160 1.109231 0.915311
0.771671 1.110996 0.911021
0.772173 1.112719 0.906714
0.772663 1.114400 0.902388
0.773143 1.116039 0.898046
0.773611 1.117637 0.893686
0.774068 1.119192 0.889311
0.774505 1.120707 0.884919
0.774307 1.120132 0.879682
0.774729 1.121560 0.875259
0.775142 1.122944 0.870822
0.775544 1.124285 0.866371
0.775936 1.125583 0.861906
0.776317 1.126837 0.857427
0.776697 1.128044 0.852936
0.777060 1.129210 0.848432
0.777411 1.130332 0.843917
0.777749 1.131411 0.839390
0.778422 1.133443 0.840219
0.778445 1.133435 0.840219
0.778459 1.133431 0.840219
0.779096 1.135465 0.841070
0.779730 1.137491 0.841943
0.780360 1.139509 0.842836
0.780986 1.141519 0.843751
0.781609 1.143520 0.844687
0.782229 1.145512 0.845643
0.781897 1.144566 0.840148
0.781574 1.143561 0.834663
0.781608 1.143550 0.834663
0.781266 1.142493 0.829189
0.780922 1.141379 0.823727
0.780570 1.140211 0.818276
0.780205 1.138989 0.812838
0.779827 1.137715 0.807413
0.780697 1.140557 0.806059
0.781578 1.143381 0.804675
0.782461 1.146189 0.803262
0.783344 1.148983 0.801819
0.784225 1.151762 0.800347
0.783833 1.150361 0.794789
0.783415 1.148910 0.789246
0.782978 1.147406 0.783717
0.785937 1.144785 0.778208
0.790112 1.141684 0.772713
0.795210 1.139993 0.772713
0.799775 1.136602 0.767235
0.800822 1.134342 0.761769
0.800673 1.132443 0.756325
0.800180 1.130608 0.750900
0.802171 1.132201 0.748865
0.802246 1.132227 0.748930
0.802291 1.132258 0.748992
0.802279 1.132239 0.748976
0.802975 1.132349 0.749173
0.803635 1.132172 0.749239
0.803524 1.132257 0.748974
0.803092 1.129614 0.748574
0.803608 1.129732 0.748736
0.803619 1.129731 0.748747
0.803628 1.129728 0.748757
0.803636 1.129725 0.748766
0.804308 1.131511 0.754189
0.804963 1.133250 0.759633
0.804967 1.133250 0.759634
0.805624 1.134925 0.765093
0.806250 1.136557 0.770573
0.806853 1.138140 0.776070
0.807437 1.139672 0.781584
0.808001 1.141151 0.787114
0.808546 1.142579 0.792659
0.809073 1.143954 0.798220
0.809580 1.145277 0.803794
0.810068 1.146547 0.809383
0.810536 1.147766 0.814985
0.810985 1.148931 0.820599
0.811413 1.150044 0.826226
0.811822 1.151105 0.831864
0.812210 1.152113 0.837514
0.812577 1.153068 0.843173
0.812923 1.153971 0.848843
0.813248 1.154821 0.854522
0.813552 1.155618 0.860210
0.813834 1.156363 0.865906
0.814093 1.157055 0.871609
0.811696 1.158651 0.877328
0.807864 1.160667 0.883050
0.803294 1.162835 0.888775
0.798333 1.165024 0.894504
0.793149 1.167168 0.900238
0.787832 1.169236 0.905975
0.782425 1.171212 0.911715
0.776952 1.173087 0.917458
0.771360 1.174644 0.917459
0.765833 1.176349 0.923200
0.760257 1.177952 0.928947
0.757384 1.178652 0.928928
0.755918 1.179000 0.928914
0.752420 1.179957 0.934672
0.747828 1.181080 0.940430
0.742670 1.182226 0.946183
0.737215 1.183324 0.951934
0.731602 1.184340 0.957683
0.725901 1.185255 0.963430
0.720148 1.186063 0.969174
0.714364 1.186757 0.974916
0.708558 1.187338 0.980654
0.702739 1.187803 0.986388
0.696910 1.188151 0.992117
0.691075 1.188383 0.997842
0.685237 1.188498 1.003560
0.679399 1.188497 1.009273
0.673564 1.188378 1.014979
0.667735 1.188143 1.020678
0.661914 1.187791 1.026368
0.656104 1.187323 1.032051
0.650307 1.186739 1.037724
0.644527 1.186039 1.043387
0.638765 1.185223 1.049041
0.633023 1.184292 1.054684
0.627306 1.183247 1.060315
0.621614 1.182088 1.065935
0.615950 1.180815 1.071542
0.610351 1.177897 1.075431
0.613921 1.176385 1.073689
0.619056 1.174844 1.071996
0.615369 1.173248 1.070375
0.614746 1.171635 1.068709
0.614608 1.170012 1.067071
0.619090 1.168395 1.065428
0.619820 1.166748 1.063846
0.619936 1.165080 1.062264
0.619935 1.162189 1.066120
0.619921 1.159263 1.069951
0.619906 1.156299 1.073753
0.624516 1.153272 1.077503
0.629691 1.150162 1.081242
0.630195 1.147080 1.084972
0.630192 1.143966 1.088655
0.630117 1.139031 1.086822
0.630009 1.134082 1.084968
0.629900 1.129121 1.083098
0.629792 1.124148 1.081214
0.629686 1.119164 1.079314
0.629581 1.114169 1.077400
0.629477 1.109164 1.075472
0.629375 1.104149 1.073529
0.629273 1.099126 1.071572
0.629172 1.094093 1.069601
0.629072 1.089053 1.067617
0.628972 1.084005 1.065619
0.628872 1.078950 1.063608
0.628773 1.073888 1.061583
0.628675 1.068821 1.059546
0.628576 1.063747 1.057496
0.628478 1.058669 1.055433
0.628380 1.053586 1.053358
0.628281 1.048499 1.051270
0.628183 1.043409 1.049171
0.628084 1.038315 1.047060
0.627996 1.034218 1.040800
0.627950 1.031236 1.043778
0.627907 1.028226 1.046728
0.627916 1.027195 1.054732
0.627924 1.026006 1.062725
0.627880 1.022830 1.065583
0.627834 1.019625 1.068408
0.627788 1.016393 1.071201
0.627742 1.013133 1.073962
0.627696 1.009845 1.076689
0.627649 1.006530 1.079384
0.627602 1.003188 1.082046
0.627554 0.999820 1.084674
0.627506 0.996426 1.087268
0.627458 0.993006 1.089828
0.627410 0.989561 1.092354
0.627361 0.986091 1.094845
0.627312 0.982596 1.097302
0.627262 0.979076 1.099723
0.627213 0.975533 1.102109
0.627163 0.971965 1.104459
0.627112 0.968375 1.106774
0.627061 0.964761 1.109053
0.627010 0.961125 1.111295
0.626959 0.957467 1.113501
0.626908 0.953787 1.115671
0.626872 0.951817 1.114493
0.626837 0.949835 1.113335
0.626802 0.947842 1.112197
0.626766 0.945837 1.111079
0.626730 0.943821 1.109981
0.626694 0.941795 1.108903
0.626657 0.939757 1.107846
0.626620 0.937710 1.106809
0.626583 0.935652 1.105792
0.626546 0.933584 1.104796
0.626508 0.931506 1.103821
0.626471 0.929419 1.102867
0.626433 0.927322 1.101933
0.626395 0.925216 1.101021
0.626390 0.925217 1.101020
0.626386 0.925217 1.101020
0.626381 0.925217 1.101019
0.626376 0.925217 1.101019
0.626371 0.925217 1.101018
0.626366 0.925217 1.101018
0.626361 0.925218 1.101017
0.626357 0.925218 1.101016
0.626352 0.925218 1.101016
0.626347 0.925218 1.101015
0.629394 0.925140 1.101015
0.632440 0.925031 1.101014
0.635485 0.924891 1.101013
0.638645 0.926825 1.101925
0.641846 0.928716 1.102857
0.644968 0.929350 1.099026
0.648101 0.929915 1.095187
0.651244 0.930409 1.091339
0.654396 0.930833 1.087484
0.657896 0.933978 1.085282
0.661460 0.937061 1.083045
0.665087 0.940082 1.080773
0.668775 0.943039 1.078466
0.672523 0.945931 1.076125
0.676120 0.947450 1.077078
0.679750 0.948919 1.078052
0.683414 0.950338 1.079047
0.687110 0.951708 1.080063
0.690838 0.953025 1.081099
0.694596 0.954292 1.082155
0.698385 0.955505 1.083232
0.702203 0.956666 1.084329
0.706049 0.957772 1.085446
0.709923 0.958825 1.086583
0.713824 0.959822 1.087739
0.717750 0.960764 1.088916
0.721701 0.961649 1.090112
