0.615584 0.967994 1.125394
0.615601 0.966117 1.124070
0.615617 0.964226 1.122765
0.615634 0.962321 1.121478
0.615650 0.960404 1.120210
0.615667 0.958474 1.118962
0.615684 0.956532 1.117733
0.615701 0.954577 1.116524
0.615718 0.952611 1.115334
0.615735 0.950633 1.114165
0.615751 0.948644 1.113015
0.615768 0.946643 1.111885
0.615785 0.944631 1.110776
0.615802 0.942608 1.109687
0.615819 0.940575 1.108618
0.615836 0.938530 1.107568
0.615854 0.936474 1.106540
0.615871 0.934409 1.105532
0.615889 0.932334 1.104545
0.615906 0.930249 1.103579
0.615923 0.928154 1.102634
0.615941 0.926051 1.101710
0.615958 0.923938 1.100807
0.615975 0.921816 1.099925
0.612958 0.921759 1.099924
0.609942 0.921672 1.099923
0.606926 0.921555 1.099921
0.603912 0.921407 1.099920
0.600900 0.921230 1.099919
0.597890 0.921022 1.099918
0.594772 0.922335 1.096891
0.591486 0.924881 1.098524
0.588145 0.927407 1.100128
0.584917 0.928620 1.097029
0.581665 0.929767 1.093914
0.578391 0.930850 1.090784
0.575096 0.931866 1.087640
0.571780 0.932816 1.084480
0.568446 0.933700 1.081307
0.565094 0.934516 1.078120
0.561340 0.937421 1.075605
0.557526 0.940258 1.073055
0.553654 0.943024 1.070470
0.549727 0.945719 1.067851
0.549029 0.949068 1.065197
0.545020 0.951659 1.062510
0.540957 0.954174 1.059787
0.536842 0.956614 1.057032
0.536841 0.956613 1.057032
0.536841 0.956612 1.057031
0.536586 0.957702 1.053556
0.536338 0.958760 1.050071
0.536608 0.957771 1.042032
0.536610 0.957864 1.038104
0.536622 0.957920 1.034175
0.536642 0.957937 1.030245
0.536672 0.957916 1.026316
0.536712 0.957857 1.022388
0.536760 0.957760 1.018460
0.536818 0.957624 1.014533
0.536885 0.957451 1.010608
0.536961 0.957239 1.006685
0.537047 0.956990 1.002765
0.537142 0.956702 0.998847
0.536622 0.958848 0.999465
0.533347 0.957675 0.995552
0.530095 0.956431 0.991641
0.526870 0.955117 0.987734
0.523673 0.953735 0.983832
0.520505 0.952285 0.979934
0.517368 0.950768 0.976041
0.514263 0.949185 0.972154
0.511192 0.947536 0.968273
0.508155 0.945821 0.964399
0.505155 0.944043 0.960531
0.505419 0.943364 0.956671
0.502478 0.941491 0.952819
0.502775 0.940743 0.948974
0.502025 0.942814 0.949614
0.502025 0.942812 0.949613
0.502025 0.942809 0.949612
0.503084 0.939955 0.945136
0.504160 0.937054 0.940689
0.505251 0.934113 0.936274
0.505251 0.934113 0.936274
0.505251 0.934113 0.936274
0.504524 0.936124 0.933505
0.503806 0.938109 0.930714
0.503097 0.940067 0.927903
0.502398 0.941999 0.925070
0.501709 0.943904 0.922218
0.500615 0.946852 0.923101
0.499519 0.949808 0.923954
0.498420 0.952772 0.924774
0.497666 0.954857 0.925371
0.496915 0.956935 0.925989
0.496226 0.958837 0.923022
0.495548 0.960710 0.920034
0.494879 0.962556 0.917027
0.494220 0.964373 0.914000
0.493572 0.966161 0.910954
0.492822 0.968233 0.911595
0.492075 0.970300 0.912257
0.491330 0.972360 0.912942
0.490587 0.974414 0.913648
0.489847 0.976461 0.914377
0.489209 0.978220 0.911312
0.492177 0.981243 0.908228
0.495795 0.982503 0.908228
0.499425 0.983726 0.908228
0.503067 0.984913 0.908228
0.506087 0.988139 0.908978
0.505466 0.990210 0.909750
0.504934 0.991940 0.906648
0.504410 0.993640 0.903529
0.503779 0.995699 0.904322
0.503264 0.997369 0.901185
0.502758 0.999009 0.898030
0.502261 1.000618 0.894858
0.501773 1.002197 0.891670
0.501293 1.003745 0.888465
0.500822 1.005262 0.885244
0.500360 1.006747 0.882008
0.500537 1.006142 0.877963
0.500724 1.005498 0.873924
0.500922 1.004815 0.869892
0.501132 1.004093 0.865868
0.501352 1.003333 0.861851
0.501583 1.002534 0.857842
0.501575 1.002531 0.857842
0.501566 1.002528 0.857842
0.501558 1.002525 0.857842
0.501550 1.002523 0.857841
0.501542 1.002520 0.857841
0.501534 1.002517 0.857841
0.501525 1.002514 0.857841
0.501517 1.002511 0.857840
0.501509 1.002509 0.857840
0.501501 1.002506 0.857840
0.501030 1.002454 0.857899
0.500955 1.002464 0.857915
0.500894 1.002477 0.857931
0.500883 1.002472 0.857929
0.500827 1.002484 0.857944
0.500818 1.002479 0.857942
0.500810 1.002475 0.857940
0.500803 1.002470 0.857938
0.500553 1.003260 0.861946
0.500315 1.004013 0.865963
0.500088 1.004726 0.869987
0.503131 1.006395 0.874021
0.506376 1.008058 0.878058
0.506336 1.008707 0.882109
0.506164 1.009269 0.886160
0.505999 1.009790 0.890217
0.505846 1.010273 0.894279
0.509669 1.011366 0.894275
0.513452 1.012895 0.898341
0.517270 1.014349 0.902413
0.521117 1.015728 0.906489
0.524992 1.017029 0.910568
0.528137 1.021649 0.919302
0.531408 1.026069 0.928142
0.535189 1.028291 0.936018
0.539036 1.030327 0.943932
0.542945 1.032175 0.951881
0.546910 1.033834 0.959861
0.550928 1.035300 0.967870
0.554992 1.036574 0.975905
0.559098 1.037652 0.983962
0.563242 1.038533 0.992039
0.567417 1.039217 1.000132
0.571620 1.039701 1.008239
0.575844 1.039986 1.016355
0.580085 1.040069 1.024478
0.584337 1.039951 1.032605
0.588596 1.039631 1.040732
0.592856 1.039109 1.048857
0.597112 1.038384 1.056977
0.601359 1.037457 1.065087
0.605591 1.036327 1.073185
0.609775 1.034614 1.071808
0.613923 1.032844 1.070448
0.618036 1.031020 1.069106
0.622111 1.029141 1.067784
0.626198 1.029099 1.067782
0.630284 1.029016 1.067781
0.634332 1.027624 1.071864
0.638403 1.027460 1.071863
0.638400 1.027459 1.071862
0.634322 1.027622 1.071861
0.630240 1.027744 1.071859
0.626158 1.027826 1.071858
0.622075 1.027866 1.071856
0.622069 1.027865 1.071855
0.622066 1.026555 1.075925
0.622101 1.026830 1.085281
0.622136 1.026905 1.094671
0.622171 1.026780 1.104090
0.622176 1.024702 1.112051
0.622180 1.022467 1.119980
0.622177 1.020677 1.123995
0.622175 1.018846 1.127991
0.622172 1.016976 1.131968
0.622168 1.016975 1.131967
0.622163 1.016975 1.131965
0.622161 1.015064 1.135923
0.622158 1.013115 1.139862
0.622156 1.011126 1.143782
0.622115 1.008250 1.142233
0.622044 1.003731 1.139067
0.621971 0.999213 1.135890
0.621899 0.994695 1.132701
0.621897 0.992778 1.136436
0.621863 0.989151 1.138583
0.621830 0.985502 1.140693
0.621836 0.982558 1.148148
