0.620837 0.925227 1.092508
0.620838 0.925225 1.092507
0.617786 0.925216 1.092506
0.614735 0.925177 1.092505
0.611716 0.923597 1.095547
0.608681 0.923498 1.095546
0.605648 0.923368 1.095545
0.602616 0.923207 1.095544
0.599585 0.923017 1.095542
0.596557 0.922796 1.095541
0.593531 0.922545 1.095540
0.590239 0.925059 1.097205
0.586891 0.927553 1.098842
0.583490 0.930027 1.100451
0.580033 0.932479 1.102031
0.576522 0.934909 1.103583
0.572957 0.937314 1.105105
0.569337 0.939693 1.106599
0.565662 0.942048 1.108064
0.561933 0.944374 1.109500
0.558149 0.946672 1.110906
0.554311 0.948940 1.112282
0.550419 0.951177 1.113629
0.546474 0.953382 1.114946
0.542474 0.955553 1.116233
0.538421 0.957690 1.117489
0.534315 0.959791 1.118716
0.530155 0.961856 1.119913
0.525943 0.963882 1.121079
0.521678 0.965869 1.122214
0.517362 0.967816 1.123319
0.512994 0.969721 1.124393
0.508574 0.971583 1.125435
0.504104 0.973402 1.126448
0.499582 0.975176 1.127429
0.495011 0.976903 1.128378
0.490391 0.978583 1.129297
0.485721 0.980215 1.130184
0.481003 0.981796 1.131039
0.476237 0.983327 1.131862
0.471424 0.984807 1.132655
0.466563 0.986233 1.133416
0.461657 0.987605 1.134144
0.456705 0.988922 1.134841
0.451709 0.990182 1.135506
0.446668 0.991385 1.136138
0.442150 0.991362 1.132030
0.437631 0.991247 1.127902
0.433115 0.991040 1.123755
0.428604 0.990744 1.119590
0.424099 0.990356 1.115408
0.423258 0.991838 1.111208
0.421745 0.994703 1.111617
0.420231 0.997573 1.111993
0.418716 1.000445 1.112337
0.417199 1.003320 1.112648
0.415679 1.006197 1.112927
0.414158 1.009077 1.113174
0.412369 1.012488 1.109505
0.410594 1.015865 1.105798
0.408834 1.019208 1.102052
0.407824 1.021122 1.102815
0.406813 1.023027 1.103599
0.405065 1.026334 1.099816
0.403338 1.029608 1.095996
0.401627 1.032848 1.092139
0.399933 1.036053 1.088245
0.398256 1.039222 1.084316
0.396596 1.042355 1.080350
0.394952 1.045453 1.076350
0.393326 1.048514 1.072314
0.391717 1.051538 1.068244
0.390126 1.054526 1.064140
0.388552 1.057476 1.060002
0.386996 1.060388 1.055831
0.385459 1.063263 1.051627
0.383939 1.066099 1.047391
0.382439 1.068897 1.043122
0.380957 1.071657 1.038823
0.379494 1.074378 1.034492
0.378051 1.077060 1.030130
0.376627 1.079703 1.025738
0.372631 1.080017 1.026564
0.367592 1.079719 1.027398
0.365762 1.079634 1.022131
0.364829 1.079987 1.016867
0.363014 1.082656 1.016295
0.361338 1.085396 1.015695
0.359718 1.088161 1.015062
0.358125 1.090934 1.014398
0.356546 1.093706 1.013702
0.355162 1.096182 1.009063
0.353797 1.098615 1.004394
0.352455 1.101008 0.999698
0.351137 1.103359 0.994975
0.349844 1.105671 0.990225
0.348576 1.107942 0.985449
0.347334 1.110173 0.980648
0.345806 1.112897 0.979698
0.344289 1.115618 0.978718
0.342782 1.118332 0.977706
0.341286 1.121039 0.976663
0.339797 1.123740 0.975590
0.338318 1.126434 0.974486
0.336848 1.129120 0.973351
0.335387 1.131798 0.972185
0.333936 1.134467 0.970989
0.332494 1.137128 0.969762
0.331062 1.139780 0.968505
0.329640 1.142422 0.967217
0.328520 1.144510 0.962023
0.327434 1.146556 0.956804
0.326379 1.148559 0.951561
0.325354 1.150518 0.946296
0.324356 1.152432 0.941009
0.323387 1.154301 0.935701
0.322478 1.156249 0.936500
0.321528 1.158168 0.937323
0.320523 1.159959 0.931998
0.319583 1.161723 0.926649
0.318674 1.163651 0.927490
0.317730 1.165553 0.928356
0.316774 1.167439 0.929243
0.315815 1.169313 0.930152
0.314859 1.171177 0.931081
0.313906 1.173033 0.932032
0.312944 1.174726 0.926667
0.313056 1.174563 0.920324
0.313219 1.174354 0.913984
0.311921 1.176860 0.912341
0.310622 1.179351 0.910673
0.309330 1.181825 0.908977
0.308532 1.183365 0.903471
0.307775 1.184861 0.897943
0.307050 1.186311 0.892399
0.306352 1.187713 0.886838
0.305682 1.189066 0.881263
0.305039 1.190370 0.875672
0.304422 1.191625 0.870067
0.303831 1.192831 0.864449
0.303267 1.193986 0.858817
0.302730 1.195092 0.853172
0.302219 1.196148 0.847516
0.301734 1.197154 0.841848
0.301276 1.198109 0.836170
0.300844 1.199014 0.830481
0.300439 1.199869 0.824782
0.300060 1.200673 0.819074
0.299707 1.201426 0.813358
0.299381 1.202129 0.807634
0.299081 1.202780 0.801902
0.298807 1.203381 0.796163
0.298560 1.203931 0.790419
0.298645 1.203966 0.790409
0.298690 1.203987 0.790404
0.298729 1.204003 0.790400
0.298766 1.204019 0.790395
0.298803 1.204034 0.790391
0.298839 1.204050 0.790387
0.298876 1.204065 0.790382
0.297938 1.203522 0.790383
0.297818 1.203473 0.790402
0.297837 1.203493 0.790409
0.297858 1.203514 0.790417
0.297253 1.204840 0.797053
0.296636 1.206110 0.803725
0.296039 1.207315 0.810411
0.295470 1.208460 0.817110
0.294934 1.209546 0.823821
0.294431 1.210574 0.830544
0.293960 1.211543 0.837277
0.293522 1.212453 0.844021
0.293118 1.213305 0.850774
0.292746 1.214097 0.857537
0.292407 1.214831 0.864307
0.292095 1.215502 0.871085
0.291820 1.216117 0.877870
0.291578 1.216672 0.884661
0.291370 1.217168 0.891457
0.291194 1.217605 0.898258
0.291051 1.217982 0.905064
0.290941 1.218300 0.911873
0.290863 1.218557 0.918684
0.290817 1.218755 0.925498
0.293080 1.214687 0.925916
0.295373 1.210579 0.926300
0.297683 1.206447 0.926675
0.300008 1.202290 0.927042
0.302346 1.198109 0.927401
0.302353 1.198223 0.933965
0.302378 1.198290 0.940548
0.302431 1.198298 0.947132
0.302514 1.198247 0.953716
0.302626 1.198137 0.960297
0.302767 1.197968 0.966877
0.302938 1.197741 0.973455
0.303138 1.197454 0.980029
0.303367 1.197109 0.986599
0.303625 1.196705 0.993165
0.303912 1.196242 0.999725
0.304227 1.195720 1.006280
0.305701 1.193077 1.007507
0.308034 1.188841 1.007253
0.308374 1.188234 1.013705
0.308739 1.187582 1.020168
0.311072 1.183334 1.019821
0.313414 1.179050 1.019443
0.315762 1.174740 1.019053
0.318116 1.170407 1.018650
0.322895 1.167360 1.018218
0.329054 1.165016 1.017781
0.332641 1.163372 1.018699
0.334133 1.163258 1.024831
0.335121 1.162815 1.030961
0.335849 1.162164 1.037081
0.336447 1.161375 1.043189
0.337998 1.158603 1.043949
0.340329 1.154188 1.043251
0.345268 1.151089 1.042507
0.351509 1.148623 1.041765
0.358391 1.146419 1.041017
0.365564 1.144286 1.040260
0.372849 1.142128 1.039492
0.380155 1.139899 1.038712
0.387435 1.137577 1.037920
0.394666 1.135152 1.037115
0.401837 1.132621 1.036297
0.408942 1.129984 1.035467
0.415977 1.127242 1.034624
0.422941 1.124395 1.033769
0.429830 1.121446 1.032901
0.436644 1.118396 1.032020
0.443382 1.115247 1.031127
0.450042 1.112001 1.030222
0.456622 1.108659 1.029304
0.463122 1.105223 1.028375
0.469540 1.101695 1.027433
0.475875 1.098078 1.026479
0.482125 1.094372 1.025513
0.488290 1.090579 1.024535
0.494368 1.086702 1.023546
0.500358 1.082742 1.022545
0.506259 1.078701 1.021532
0.510821 1.079807 1.021530
0.515401 1.080869 1.021528
0.519993 1.081886 1.021526
0.524595 1.082857 1.021525
0.529356 1.082988 1.026244
0.534123 1.083024 1.030956
0.534554 1.083108 1.030966
0.538743 1.083853 1.030963
0.539196 1.083937 1.030973
0.539384 1.083052 1.035677
0.539534 1.082113 1.040371
0.539688 1.081127 1.045055
0.540235 1.077919 1.044775
0.541113 1.072679 1.043452
0.546237 1.068147 1.042109
0.551492 1.063592 1.040761
0.556663 1.058974 1.039403
0.561736 1.054292 1.038033
0.566709 1.049549 1.036652
