0.297725 1.208501 1.021157
0.298147 1.207790 1.027843
0.298597 1.207019 1.034520
0.299077 1.206188 1.041188
0.301350 1.202056 1.040810
0.303636 1.197884 1.040391
0.305931 1.193686 1.039960
0.308234 1.189464 1.039516
0.312986 1.186538 1.039044
0.319171 1.184340 1.038567
0.326129 1.182485 1.038080
0.333494 1.180764 1.037583
0.341062 1.179058 1.037075
0.348717 1.177306 1.036555
0.356393 1.175472 1.036023
0.364055 1.173539 1.035479
0.371679 1.171498 1.034923
0.378850 1.170140 1.028362
0.388618 1.169697 1.021848
0.399732 1.169563 1.015427
0.408906 1.168419 1.009119
0.417303 1.166094 1.008709
0.425108 1.163450 1.008291
0.432565 1.160588 1.007858
0.439804 1.157565 1.007412
0.446891 1.154408 1.006955
0.453861 1.151135 1.006485
0.460729 1.147754 1.006004
0.467505 1.144269 1.005511
0.474190 1.140685 1.005007
0.480785 1.137004 1.004491
0.487291 1.133228 1.003964
0.493706 1.129359 1.003426
0.500029 1.125400 1.002876
0.506260 1.121353 1.002315
0.512398 1.117219 1.001743
0.518441 1.113001 1.001159
0.524388 1.108701 1.000565
0.530240 1.104321 0.999959
0.535995 1.099862 0.999342
0.541652 1.095328 0.998715
0.547209 1.090720 0.998076
0.552666 1.086040 0.997426
0.558023 1.081290 0.996766
0.563278 1.076473 0.996095
0.568430 1.071590 0.995413
0.573480 1.066643 0.994721
0.578425 1.061636 0.994018
0.583266 1.056569 0.993305
0.588002 1.051445 0.992581
0.592631 1.046267 0.991847
0.597154 1.041036 0.991102
0.601570 1.035754 0.990347
0.605878 1.030424 0.989582
0.610078 1.025048 0.988807
0.614169 1.019628 0.988022
0.618151 1.014164 0.987228
0.622024 1.008662 0.986423
0.625788 1.003122 0.985608
0.629609 1.003045 0.985607
0.629685 1.003044 0.985609
0.629680 1.003044 0.985609
0.625925 1.003122 0.985610
0.622088 1.003161 0.985610
0.621997 1.003159 0.985607
0.621987 1.002713 0.989436
0.621980 1.002229 0.993260
0.621974 1.001707 0.997079
0.621968 1.001146 1.000892
0.621899 0.995684 0.999849
0.621828 0.990223 0.998796
0.621757 0.984764 0.997733
0.621686 0.979308 0.996662
0.621616 0.973855 0.995580
0.621610 0.973311 0.999116
0.621580 0.971045 0.998746
0.621549 0.968775 0.998399
0.621518 0.966503 0.998075
0.621488 0.963662 1.001213
0.621459 0.960790 1.004322
0.621429 0.957887 1.007403
0.621400 0.954953 1.010454
0.621372 0.951989 1.013476
0.621367 0.951267 1.016792
0.621363 0.950513 1.020100
0.621359 0.949725 1.023401
0.621355 0.948904 1.026694
0.621351 0.948050 1.029978
0.621346 0.947164 1.033254
0.621342 0.946244 1.036520
0.621338 0.945292 1.039777
0.621334 0.944308 1.043025
0.621330 0.943291 1.046262
0.621327 0.942242 1.049490
0.621323 0.941161 1.052706
0.621319 0.940047 1.055912
0.621315 0.938902 1.059106
0.621311 0.937725 1.062289
0.621307 0.936515 1.065459
0.621304 0.935275 1.068618
0.621300 0.934003 1.071764
0.621296 0.932699 1.074897
0.621293 0.931364 1.078016
0.621289 0.929998 1.081123
0.621285 0.928601 1.084215
0.621282 0.927173 1.087294
0.621278 0.925715 1.090357
0.621275 0.924226 1.093407
0.621270 0.924225 1.093406
0.621265 0.924225 1.093406
0.621259 0.925714 1.090355
0.621292 0.928548 1.091976
0.624440 0.931370 1.093569
0.627643 0.934175 1.095133
0.630904 0.936962 1.096669
0.634222 0.939730 1.098175
0.637596 0.942479 1.099652
0.641027 0.945206 1.101101
0.641236 0.948140 1.102520
0.641444 0.951087 1.103909
0.641653 0.954049 1.105269
0.641863 0.957024 1.106599
0.642073 0.960012 1.107899
0.642284 0.963013 1.109169
0.642495 0.966026 1.110409
0.642706 0.969052 1.111619
0.642918 0.972089 1.112798
0.643130 0.975139 1.113947
0.643343 0.978199 1.115065
0.643556 0.981271 1.116152
0.643770 0.984353 1.117209
0.643983 0.987446 1.118234
0.644197 0.990549 1.119229
0.644411 0.993661 1.120192
0.644626 0.996783 1.121124
0.644840 0.999915 1.122025
0.645055 1.003055 1.122894
0.645270 1.006203 1.123732
0.645485 1.009360 1.124538
0.645700 1.012525 1.125312
0.645915 1.015697 1.126055
0.646131 1.018877 1.126766
0.646346 1.022064 1.127445
0.646560 1.025257 1.128092
0.646775 1.028457 1.128706
0.646990 1.031662 1.129289
0.647204 1.034873 1.129839
0.647418 1.038090 1.130357
0.647631 1.041312 1.130843
0.647736 1.043166 1.126611
0.647835 1.044977 1.122360
0.647931 1.046746 1.118092
0.648180 1.050630 1.114574
0.648428 1.054478 1.111017
0.648672 1.058290 1.107422
0.648913 1.062067 1.103788
0.649152 1.065807 1.100117
0.649387 1.069510 1.096409
0.649529 1.071659 1.097197
0.649761 1.075325 1.093452
0.649989 1.078954 1.089670
0.650214 1.082544 1.085852
0.650435 1.086097 1.081998
0.650653 1.089610 1.078108
0.650866 1.093085 1.074183
0.651050 1.096343 1.074146
0.651241 1.099601 1.074077
0.651433 1.102858 1.073976
0.651623 1.106114 1.073842
0.651811 1.109369 1.073675
0.652028 1.112799 1.069554
0.652229 1.116187 1.065396
0.652424 1.119533 1.061205
0.652614 1.122838 1.056980
0.652800 1.126100 1.052722
0.652982 1.129320 1.048432
0.653160 1.132496 1.044110
0.653315 1.135727 1.043680
0.653480 1.138954 1.043219
0.653648 1.142176 1.042727
0.653836 1.145296 1.038278
0.654012 1.148370 1.033795
0.654149 1.150507 1.034599
0.654306 1.153539 1.030089
0.654467 1.156523 1.025545
0.654627 1.159461 1.020972
0.654787 1.162353 1.016369
0.654947 1.165199 1.011737
0.655105 1.167998 1.007078
0.655263 1.170750 1.002390
0.655421 1.173456 0.997674
0.655578 1.176113 0.992932
0.655735 1.178723 0.988163
0.655893 1.181285 0.983369
0.656066 1.183409 0.984191
0.656209 1.185928 0.979376
0.656359 1.188393 0.974530
0.656513 1.190809 0.969660
0.656520 1.191044 0.963935
0.656526 1.191220 0.958207
0.656577 1.191215 0.958205
0.656604 1.191212 0.958204
0.656620 1.191211 0.958203
0.656668 1.191025 0.963923
0.656684 1.190785 0.969643
0.656681 1.190489 0.975360
0.656663 1.190136 0.981074
0.656637 1.189725 0.986783
0.656603 1.189260 0.992488
0.656561 1.188737 0.998189
0.656511 1.188158 1.003884
0.656455 1.187522 1.009572
0.656392 1.186830 1.015254
0.656323 1.186081 1.020929
0.656248 1.185276 1.026596
0.656030 1.182089 1.027278
0.655798 1.178896 1.027926
0.655411 1.173657 1.027501
0.655018 1.168402 1.027065
0.654620 1.163131 1.026617
0.654219 1.157846 1.026157
0.653817 1.152545 1.025686
0.653415 1.147231 1.025204
0.653011 1.141902 1.024711
0.652608 1.136561 1.024206
0.652206 1.131207 1.023690
0.651803 1.125841 1.023163
0.651402 1.120463 1.022625
0.651001 1.115074 1.022076
0.650602 1.109675 1.021515
0.650203 1.104266 1.020944
0.646282 1.104503 1.020960
0.641621 1.104735 1.020963
0.636795 1.104926 1.020963
0.631931 1.105070 1.020962
0.627057 1.105165 1.020962
0.622181 1.105211 1.020961
0.621181 1.104401 1.025791
0.620955 1.103547 1.030627
0.620893 1.102646 1.035456
0.620865 1.099381 1.035523
0.620806 1.093968 1.034745
0.620745 1.088546 1.033957
0.620685 1.083117 1.033158
0.620626 1.077681 1.032347
0.620570 1.072238 1.031526
0.620515 1.066789 1.030694
0.620462 1.061335 1.029851
0.620410 1.055876 1.028998
0.620359 1.050412 1.028134
0.620310 1.044945 1.027260
0.620262 1.039475 1.026375
0.620214 1.034001 1.025480
0.620168 1.028526 1.024575
0.620123 1.023049 1.023660
0.620078 1.017571 1.022735
0.620034 1.012092 1.021800
0.619990 1.006614 1.020855
0.619947 1.001136 1.019900
0.619903 0.995659 1.018936
0.619860 0.990184 1.017962
0.619818 0.984710 1.016979
0.619775 0.979240 1.015986
0.619733 0.973773 1.014984
0.619691 0.968310 1.013973
0.619649 0.962851 1.012952
0.619626 0.959678 1.012177
0.619603 0.956513 1.011370
0.619597 0.955634 1.010807
0.619574 0.952485 1.009937
0.619551 0.949345 1.009035
0.619550 0.948668 1.012324
0.619550 0.947957 1.015607
0.619572 0.949538 1.023176
0.619575 0.948717 1.026467
0.619576 0.947865 1.029749
0.619577 0.946979 1.033022
0.619578 0.946061 1.036287
0.619579 0.945110 1.039542
0.619580 0.944126 1.042787
0.619582 0.943111 1.046022
0.619583 0.942063 1.049247
0.619585 0.940982 1.052461
0.619586 0.939870 1.055665
0.619588 0.938726 1.058857
0.619590 0.937550 1.062037
0.619592 0.936342 1.065205
0.619594 0.935102 1.068362
0.619596 0.933831 1.071505
0.619598 0.932529 1.074636
0.619600 0.931195 1.077754
0.619602 0.929831 1.080858
0.619604 0.928435 1.083948
0.619606 0.927009 1.087024
0.619609 0.925551 1.090085
0.619611 0.924064 1.093132
0.619613 0.922546 1.096164
0.619614 0.922544 1.096163
