0.620000 0.921737 1.084062
0.623018 0.921720 1.084060
0.626036 0.921672 1.084058
0.629054 0.921594 1.084056
0.632070 0.921486 1.084054
0.635085 0.921347 1.084053
0.638099 0.921179 1.084051
0.641111 0.920980 1.084049
0.644121 0.920751 1.084047
0.647128 0.920492 1.084045
0.650132 0.920204 1.084043
0.653133 0.919885 1.084041
0.656387 0.921660 1.084873
0.659862 0.924791 1.082659
0.663399 0.927861 1.080410
0.666770 0.929353 1.073412
0.670151 0.930662 1.066383
0.673537 0.931788 1.059328
0.676925 0.932731 1.052248
0.680309 0.933491 1.045146
0.683683 0.934068 1.038026
0.687044 0.934461 1.030890
0.690387 0.934672 1.023741
0.693706 0.934701 1.016583
0.696997 0.934549 1.009420
0.700255 0.934217 1.002253
0.703476 0.933707 0.995086
0.706654 0.933019 0.987922
0.709785 0.932155 0.980765
0.712865 0.931116 0.973617
0.715888 0.929904 0.966481
0.718851 0.928521 0.959360
0.721749 0.926969 0.952258
0.724578 0.925250 0.945177
0.727333 0.923367 0.938121
0.730011 0.921322 0.931092
0.732607 0.919117 0.924094
0.735118 0.916755 0.917129
0.737539 0.914238 0.910201
0.739866 0.911571 0.903312
0.742097 0.908754 0.896465
0.744226 0.905792 0.889663
0.747076 0.904536 0.889663
0.749914 0.903251 0.889663
0.752739 0.901938 0.889663
0.755551 0.900597 0.889663
0.758349 0.899227 0.889663
0.761133 0.897830 0.889663
0.763903 0.896405 0.889662
0.766658 0.894953 0.889662
0.769399 0.893473 0.889662
0.772125 0.891966 0.889662
0.774836 0.890432 0.889661
0.777532 0.888870 0.889661
0.780211 0.887282 0.889661
0.784067 0.887612 0.889915
0.787943 0.887889 0.890192
0.791548 0.887657 0.887310
0.795149 0.887356 0.884411
0.798745 0.886986 0.881495
0.802334 0.886546 0.878562
0.805916 0.886036 0.875613
0.809488 0.885458 0.872647
0.813049 0.884810 0.869667
0.816599 0.884094 0.866670
0.820135 0.883309 0.863659
0.823657 0.882456 0.860633
0.827163 0.881536 0.857592
0.826038 0.880091 0.854118
0.824878 0.878630 0.850661
0.823697 0.877142 0.847224
0.825031 0.873596 0.843805
0.826302 0.870016 0.840406
0.828790 0.867941 0.840406
0.831258 0.865842 0.840406
0.833705 0.863718 0.840406
0.836130 0.861570 0.840406
0.836138 0.861563 0.840407
0.836137 0.861564 0.840406
0.838532 0.859398 0.840406
0.840914 0.857202 0.840406
0.843274 0.854982 0.840406
0.842565 0.854219 0.837170
0.841823 0.853441 0.833944
0.838040 0.849456 0.827204
0.836567 0.847909 0.823908
0.838139 0.849569 0.824116
0.839710 0.851225 0.824348
0.838217 0.849652 0.821073
0.839786 0.851309 0.821327
0.841354 0.852962 0.821604
0.842920 0.854613 0.821904
0.844483 0.856262 0.822227
0.846045 0.857909 0.822572
0.847604 0.859553 0.822940
0.849160 0.861194 0.823330
0.850713 0.862832 0.823744
0.852264 0.864468 0.824179
0.853811 0.866100 0.824637
0.855355 0.867729 0.825118
0.856896 0.869354 0.825621
0.858433 0.870975 0.826147
0.859967 0.872593 0.826695
0.861496 0.874207 0.827265
0.863022 0.875816 0.827857
0.864543 0.877421 0.828471
0.866060 0.879021 0.829108
0.867573 0.880617 0.829766
0.869081 0.882208 0.830447
0.867566 0.880611 0.827194
0.866026 0.878993 0.823963
0.864464 0.877351 0.820755
0.862880 0.875686 0.817570
0.861274 0.873998 0.814408
0.859647 0.872288 0.811269
0.857997 0.870554 0.808154
0.856327 0.868798 0.805064
0.854636 0.867020 0.801997
0.852923 0.865219 0.798955
0.851189 0.863397 0.795939
0.849435 0.861553 0.792947
0.849898 0.862044 0.790304
0.850343 0.862516 0.787654
0.850769 0.862969 0.784997
0.851177 0.863402 0.782335
0.850058 0.862226 0.778986
0.848916 0.861026 0.775653
0.847750 0.859802 0.772338
0.846562 0.858554 0.769039
0.848082 0.860160 0.769653
0.849598 0.861762 0.770290
0.849913 0.862099 0.767601
0.850209 0.862417 0.764907
0.850487 0.862715 0.762210
0.850745 0.862995 0.759508
0.852256 0.864592 0.760167
0.852495 0.864852 0.757461
0.851203 0.863498 0.754094
0.852712 0.865096 0.754753
0.851401 0.863722 0.751382
0.850065 0.862324 0.748031
0.850108 0.862328 0.748111
0.850149 0.862331 0.748189
0.850190 0.862334 0.748265
0.850165 0.862344 0.748259
0.850134 0.862346 0.748246
0.850127 0.862351 0.748246
0.850115 0.862361 0.748245
0.850097 0.862369 0.748241
0.850089 0.862374 0.748240
0.850073 0.862385 0.748238
0.850103 0.862412 0.748259
0.850134 0.862437 0.748279
0.850164 0.862462 0.748299
0.850173 0.862480 0.748317
0.851496 0.863885 0.751670
0.852795 0.865266 0.755042
0.854071 0.866623 0.758432
0.855324 0.867954 0.761842
0.856553 0.869261 0.765269
0.857759 0.870543 0.768714
0.858942 0.871799 0.772177
0.860101 0.873030 0.775656
0.861236 0.874235 0.779153
0.862347 0.875414 0.782665
0.863435 0.876568 0.786194
0.864498 0.877696 0.789738
0.865537 0.878798 0.793298
0.869777 0.883287 0.800752
0.873916 0.887660 0.808362
0.877948 0.891919 0.816123
0.881870 0.896062 0.824032
0.884296 0.898623 0.830984
0.886630 0.901089 0.838018
0.888871 0.903456 0.845130
0.891019 0.905725 0.852319
0.893071 0.907893 0.859581
0.895027 0.909960 0.866914
0.896886 0.911925 0.874315
0.895708 0.916548 0.881783
0.894356 0.921080 0.889311
0.892843 0.925506 0.896900
0.891173 0.929821 0.904545
0.889347 0.934021 0.912244
0.887368 0.938102 0.919994
0.885240 0.942058 0.927792
0.886204 0.943242 0.935634
0.887076 0.944307 0.943519
0.887851 0.945253 0.951444
0.885258 0.948747 0.959405
0.882521 0.952103 0.967399
0.879649 0.955313 0.975422
0.876644 0.958375 0.983472
0.873510 0.961284 0.991546
0.870251 0.964036 0.999641
0.866871 0.966630 1.007754
0.863373 0.969060 1.015881
0.859761 0.971323 1.024019
0.856040 0.973417 1.032165
0.852214 0.975338 1.040317
0.848287 0.977083 1.048470
0.844263 0.978651 1.056622
0.840147 0.980037 1.064770
0.835944 0.981239 1.072910
0.831658 0.982256 1.081039
0.827294 0.983084 1.089154
0.822857 0.983722 1.097252
0.818351 0.984168 1.105330
0.813782 0.984420 1.113384
0.810126 0.986341 1.113384
0.806451 0.988225 1.113384
0.801992 0.988526 1.117502
0.797528 0.988738 1.121603
0.793477 0.989757 1.131371
0.789335 0.990540 1.141149
0.784553 0.989830 1.149092
0.779740 0.988918 1.156996
0.774901 0.987803 1.164857
0.774898 0.987804 1.164857
0.774896 0.987805 1.164857
0.775749 0.989831 1.160854
0.776586 0.991820 1.156830
0.777407 0.993772 1.152784
0.777404 0.993773 1.152783
0.773656 0.995329 1.152783
0.769893 0.996847 1.152782
0.766114 0.998328 1.152781
0.762321 0.999771 1.152781
0.758749 1.001836 1.158473
0.755131 1.003814 1.164173
0.751035 1.004423 1.168025
0.746927 1.004951 1.171868
0.742654 1.004895 1.170027
0.738796 1.006103 1.170027
0.734926 1.007272 1.170026
0.731045 1.008402 1.170025
0.727153 1.009494 1.170024
0.722896 1.009203 1.168197
0.718651 1.008848 1.166383
0.714419 1.008429 1.164584
0.710201 1.007948 1.162798
0.705999 1.007404 1.161028
0.701812 1.006797 1.159272
0.697643 1.006129 1.157531
0.693492 1.005399 1.155805
0.689361 1.004608 1.154095
0.685249 1.003756 1.152399
0.681159 1.002844 1.150720
0.677092 1.001872 1.149056
0.673047 1.000841 1.147408
0.669027 0.999751 1.145776
0.665032 0.998603 1.144161
0.661063 0.997397 1.142561
0.657120 0.996134 1.140979
0.653206 0.994815 1.139413
0.649321 0.993439 1.137864
0.645465 0.992008 1.136332
0.641640 0.990522 1.134817
0.637847 0.988982 1.133319
0.634086 0.987388 1.131839
0.630358 0.985742 1.130377
0.626664 0.984043 1.128932
0.623004 0.982293 1.127506
0.619379 0.980491 1.126097
0.619378 0.978664 1.124706
0.619377 0.976823 1.123334
0.619377 0.974969 1.121980
0.619376 0.973101 1.120645
0.619375 0.971220 1.119329
0.619374 0.969326 1.118031
0.619373 0.967419 1.116753
0.619371 0.965500 1.115493
0.619370 0.963568 1.114253
0.619369 0.961623 1.113032
0.619368 0.959667 1.111831
0.619366 0.957698 1.110649
0.619365 0.955718 1.109488
0.619364 0.953726 1.108345
0.619362 0.951723 1.107223
0.619361 0.949709 1.106121
0.619359 0.947684 1.105040
0.619358 0.945648 1.103978
0.619356 0.943602 1.102937
0.619354 0.941545 1.101916
0.619353 0.939479 1.100916
0.619351 0.937402 1.099937
0.619349 0.935316 1.098978
0.619345 0.935315 1.098978
0.619340 0.935315 1.098977
0.619338 0.933219 1.098040
0.619336 0.931114 1.097123
0.619334 0.929000 1.096228
0.619332 0.926877 1.095353
0.619328 0.926877 1.095353
0.619323 0.926876 1.095352
