0.300306 1.201355 0.863230
0.301629 1.199066 0.865153
0.301390 1.199682 0.871669
0.302711 1.197369 0.873559
0.305036 1.193216 0.874406
0.307380 1.189036 0.875243
0.309737 1.184833 0.876075
0.312108 1.180607 0.876902
0.314490 1.176357 0.877723
0.316885 1.172084 0.878539
0.317674 1.170781 0.883920
0.318473 1.169436 0.889299
0.319293 1.168042 0.894663
0.320137 1.166600 0.900010
0.321005 1.165110 0.905340
0.321897 1.163573 0.910653
0.322813 1.161989 0.915948
0.323754 1.160358 0.921224
0.324718 1.158680 0.926482
0.325706 1.156956 0.931720
0.328159 1.152522 0.932255
0.329182 1.150732 0.937435
0.330222 1.148902 0.942604
0.331283 1.147026 0.947751
0.332366 1.145103 0.952878
0.333470 1.143134 0.957982
0.334596 1.141118 0.963063
0.335743 1.139057 0.968122
0.336910 1.136950 0.973157
0.338099 1.134797 0.978167
0.339307 1.132598 0.983153
0.340537 1.130354 0.988114
0.341786 1.128065 0.993049
0.343055 1.125731 0.997958
0.347842 1.122359 0.998078
0.353900 1.119629 0.998186
0.360608 1.117188 0.998288
0.367631 1.114844 0.998381
0.374790 1.112495 0.998466
0.381987 1.110090 0.998543
0.389168 1.107601 0.998609
0.396307 1.105016 0.998667
0.403386 1.102329 0.998715
0.410397 1.099539 0.998754
0.417334 1.096644 0.998783
0.424195 1.093647 0.998802
0.430975 1.090547 0.998812
0.437674 1.087348 0.998811
0.444291 1.084050 0.998802
0.450822 1.080656 0.998782
0.457268 1.077168 0.998752
0.463628 1.073588 0.998713
0.469899 1.069918 0.998664
0.476081 1.066159 0.998605
0.482173 1.062314 0.998536
0.488174 1.058384 0.998457
0.494084 1.054373 0.998369
0.499900 1.050282 0.998271
0.505620 1.046112 0.998162
0.511246 1.041866 0.998045
0.516775 1.037547 0.997917
0.522208 1.033156 0.997779
0.527542 1.028695 0.997632
0.532778 1.024166 0.997475
0.537914 1.019572 0.997308
0.542950 1.014914 0.997131
0.543402 1.015006 0.997139
0.543448 1.015015 0.997139
0.546915 1.015665 0.997130
0.550888 1.015807 1.001149
0.554922 1.015880 1.005163
0.559372 1.013284 1.005050
0.563758 1.010638 1.004905
0.568085 1.007946 1.004727
0.572352 1.005209 1.004516
0.576560 1.002428 1.004273
0.580707 0.999605 1.003997
0.584794 0.996740 1.003689
0.588820 0.993834 1.003348
0.592785 0.990890 1.002975
0.596687 0.987908 1.002569
0.600528 0.984890 1.002131
0.604306 0.981837 1.001661
0.608021 0.978750 1.001158
0.611673 0.975630 1.000623
0.615262 0.972479 1.000056
0.618788 0.969297 0.999457
0.618805 0.969297 0.999457
0.618800 0.969297 0.999457
0.618789 0.968714 1.002946
0.618778 0.968097 1.006430
0.618766 0.967445 1.009907
0.618768 0.964261 1.009179
0.618769 0.961084 1.008421
0.618771 0.957914 1.007630
0.618773 0.954753 1.006808
0.618775 0.951600 1.005954
0.618778 0.948456 1.005069
0.618767 0.947819 1.008349
0.618742 0.949562 1.015870
0.618715 0.951144 1.023455
0.618703 0.950322 1.026762
0.618690 0.949468 1.030060
0.618677 0.948581 1.033349
0.618664 0.947660 1.036630
0.618651 0.946707 1.039901
0.618637 0.945722 1.043162
0.618623 0.944703 1.046414
0.618609 0.943653 1.049655
0.618594 0.942570 1.052885
0.618579 0.941454 1.056105
0.618564 0.940307 1.059313
0.618548 0.939128 1.062509
0.618532 0.937916 1.065694
0.618516 0.936673 1.068866
0.618500 0.935398 1.072025
0.618483 0.934092 1.075172
0.618466 0.932755 1.078305
0.618449 0.931386 1.081425
0.618432 0.929986 1.084531
0.618414 0.928555 1.087623
0.618396 0.927093 1.090701
0.618377 0.925600 1.093763
0.618359 0.924077 1.096811
0.618354 0.924077 1.096810
0.618349 0.924076 1.096810
0.618334 0.926887 1.098472
0.618319 0.929713 1.100107
0.618304 0.932556 1.101713
0.618290 0.935415 1.103291
0.618276 0.938290 1.104840
0.618263 0.941180 1.106360
0.618250 0.944085 1.107851
0.618237 0.947005 1.109313
0.618225 0.949939 1.110746
0.618213 0.952887 1.112150
0.618201 0.955849 1.113524
0.618189 0.958825 1.114868
0.618178 0.961814 1.116182
0.621616 0.964818 1.117466
0.625114 0.967799 1.118721
0.628673 0.970756 1.119945
0.632292 0.973689 1.121139
0.635972 0.976596 1.122302
0.636116 0.979656 1.123435
0.636262 0.982726 1.124537
0.636408 0.985807 1.125608
0.636555 0.988899 1.126648
0.636703 0.992001 1.127657
0.636852 0.995112 1.128635
0.637002 0.998234 1.129582
0.637152 1.001364 1.130498
0.637304 1.004504 1.131382
0.637456 1.007652 1.132235
0.637609 1.010809 1.133056
0.637763 1.013973 1.133846
0.637917 1.017146 1.134603
0.638072 1.020325 1.135329
0.638228 1.023512 1.136023
0.638384 1.026705 1.136685
0.638541 1.029905 1.137315
0.638649 1.031825 1.133202
0.638754 1.033702 1.129070
0.638911 1.036920 1.129603
0.639069 1.040142 1.130104
0.639227 1.043369 1.130573
0.639385 1.046601 1.131010
0.639543 1.049837 1.131414
0.639701 1.053077 1.131785
0.639918 1.057077 1.128271
0.640131 1.061040 1.124717
0.640342 1.064969 1.121122
0.640549 1.068861 1.117489
0.640753 1.072716 1.113817
0.640954 1.076535 1.110106
0.641151 1.080317 1.106357
0.641344 1.084061 1.102570
0.641534 1.087767 1.098746
0.641721 1.091435 1.094885
0.641904 1.095064 1.090987
0.642083 1.098653 1.087053
0.642259 1.102204 1.083083
0.642388 1.105463 1.082996
0.642525 1.108723 1.082877
0.642702 1.112232 1.078808
0.642869 1.115699 1.074702
0.643029 1.119125 1.070561
0.643185 1.122510 1.066387
0.643337 1.125853 1.062178
0.643485 1.129153 1.057936
0.643629 1.132412 1.053662
0.643770 1.135627 1.049354
0.643907 1.138799 1.045015
0.643930 1.139791 1.039814
0.643946 1.140731 1.034603
0.644069 1.143771 1.030170
0.644193 1.146767 1.025707
0.644316 1.149719 1.021214
0.644436 1.151859 1.022018
0.644533 1.154768 1.017498
0.644641 1.157630 1.012947
0.644755 1.160445 1.008367
0.644870 1.163214 1.003759
0.645002 1.165344 1.004583
0.645093 1.168071 0.999950
0.645196 1.170747 0.995288
0.645306 1.173377 0.990598
0.645419 1.175959 0.985883
0.645570 1.178079 0.986727
0.645547 1.178490 0.981139
0.645534 1.178840 0.975543
0.645572 1.178831 0.975535
0.645662 1.181960 0.974610
0.645778 1.185078 0.973655
0.645833 1.185072 0.973651
0.645858 1.185067 0.973647
0.645867 1.185062 0.973642
0.645869 1.185058 0.973637
0.645865 1.185054 0.973633
0.645860 1.185050 0.973628
0.645853 1.185046 0.973624
0.645853 1.185043 0.973621
0.645851 1.185040 0.973619
0.645849 1.185038 0.973617
0.645846 1.185037 0.973615
0.645843 1.185035 0.973613
0.645892 1.184696 0.979265
0.645899 1.184304 0.984915
0.645883 1.183856 0.990560
0.645852 1.183351 0.996199
0.645810 1.182791 1.001834
0.645758 1.182176 1.007463
0.645700 1.181504 1.013086
0.645634 1.180777 1.018701
0.645561 1.179994 1.024309
0.645482 1.179154 1.029909
0.648572 1.178097 1.035481
0.653064 1.176889 1.041054
0.658158 1.175550 1.046620
0.660016 1.172201 1.047181
0.660571 1.168930 1.047695
0.660607 1.165688 1.048171
0.656950 1.162716 1.048647
0.655495 1.159558 1.049038
0.654838 1.156347 1.049408
0.654456 1.153115 1.049749
0.654164 1.149876 1.050059
0.653752 1.144611 1.049257
0.653346 1.139333 1.048443
0.652942 1.134042 1.047618
0.648565 1.128987 1.046799
0.643398 1.123917 1.045954
0.638134 1.118789 1.045093
0.632937 1.113598 1.044219
0.627841 1.108342 1.043334
0.622853 1.103025 1.042437
0.617976 1.097648 1.041528
0.617381 1.093203 1.035869
0.617285 1.087795 1.034990
0.621410 1.082382 1.034091
0.621711 1.076964 1.033201
0.621673 1.071538 1.032292
0.621606 1.066105 1.031371
0.621537 1.060667 1.030439
0.621469 1.055224 1.029497
0.621455 1.054337 1.033844
0.621449 1.053407 1.038182
0.621444 1.052434 1.042511
0.621414 1.049192 1.042140
0.621351 1.043779 1.040992
0.621288 1.038364 1.039833
0.621226 1.032946 1.038664
0.621164 1.027526 1.037484
0.621102 1.022105 1.036294
0.621040 1.016682 1.035093
0.620978 1.011260 1.033883
0.620944 1.008055 1.033252
0.620910 1.004857 1.032589
0.620848 0.999447 1.031305
0.620787 0.994039 1.030011
0.620725 0.988632 1.028707
0.620664 0.983228 1.027394
0.620603 0.977826 1.026072
0.620543 0.972428 1.024740
0.620482 0.967034 1.023399
0.620423 0.961643 1.022050
0.620363 0.956257 1.020691
0.620363 0.955462 1.024049
0.620363 0.954633 1.027398
0.620339 0.951521 1.030284
0.620315 0.948380 1.033139
0.620316 0.947460 1.036417
0.620317 0.946508 1.039686
0.620319 0.945523 1.042945
0.620320 0.944505 1.046195
0.620322 0.943456 1.049433
0.620323 0.942373 1.052662
0.620325 0.941259 1.055879
0.620327 0.940112 1.059085
0.620329 0.938934 1.062279
0.620331 0.937723 1.065461
0.620332 0.936481 1.068631
0.620335 0.935207 1.071788
0.620337 0.933902 1.074933
0.620339 0.932566 1.078064
0.620341 0.931198 1.081182
0.620343 0.929799 1.084285
0.620345 0.928369 1.087375
0.620348 0.926908 1.090450
0.620350 0.925416 1.093511
0.620352 0.923895 1.096556
0.620353 0.923893 1.096555
0.620354 0.923891 1.096554
0.620354 0.923890 1.096552
0.620355 0.923888 1.096551
