0.629296 0.975341 1.001152
0.625749 0.975416 1.001152
0.622189 0.975455 1.001151
0.622172 0.975454 1.001151
0.622167 0.975454 1.001150
0.622156 0.974854 1.004701
0.622145 0.974219 1.008246
0.622100 0.971294 1.011357
0.622054 0.968337 1.014438
0.622009 0.965350 1.017489
0.621963 0.962333 1.020510
0.621917 0.959286 1.023501
0.621872 0.956209 1.026462
0.621826 0.953102 1.029391
0.621788 0.950843 1.028985
0.621750 0.948579 1.028602
0.621737 0.947707 1.031883
0.621757 0.949056 1.035583
0.621778 0.950359 1.039342
0.621798 0.951615 1.043158
0.621784 0.950597 1.046468
0.621770 0.949545 1.049769
0.621756 0.948461 1.053058
0.621741 0.947343 1.056337
0.621726 0.946193 1.059604
0.621711 0.945011 1.062860
0.621696 0.943796 1.066103
0.621680 0.942548 1.069334
0.621664 0.941269 1.072553
0.621648 0.939957 1.075759
0.621631 0.938613 1.078951
0.621615 0.937237 1.082130
0.621597 0.935830 1.085295
0.621580 0.934391 1.088445
0.621563 0.932921 1.091581
0.621545 0.931419 1.094703
0.621527 0.929886 1.097809
0.621508 0.928323 1.100899
0.621503 0.928322 1.100899
0.621499 0.928322 1.100898
0.621508 0.929885 1.097807
0.621539 0.932718 1.099430
0.624725 0.935536 1.101025
0.627969 0.938337 1.102592
0.631270 0.941119 1.104130
0.634627 0.943883 1.105639
0.634775 0.946790 1.107119
0.634924 0.949711 1.108570
0.635073 0.952647 1.109991
0.635222 0.955597 1.111383
0.635372 0.958561 1.112745
0.635523 0.961538 1.114078
0.635675 0.964529 1.115381
0.635826 0.967532 1.116653
0.635979 0.970548 1.117896
0.636132 0.973576 1.119108
0.636285 0.976616 1.120290
0.636439 0.979668 1.121441
0.636594 0.982731 1.122562
0.636748 0.985805 1.123652
0.636904 0.988890 1.124711
0.637059 0.991985 1.125740
0.637216 0.995091 1.126737
0.637372 0.998206 1.127703
0.637529 1.001331 1.128638
0.637686 1.004465 1.129541
0.637844 1.007608 1.130413
0.638001 1.010759 1.131253
0.638160 1.013919 1.132062
0.638318 1.017086 1.132839
0.638476 1.020261 1.133584
0.638635 1.023444 1.134298
0.638794 1.026633 1.134979
0.638953 1.029829 1.135629
0.639112 1.033031 1.136246
0.639271 1.036240 1.136832
0.639429 1.039454 1.137385
0.639588 1.042673 1.137905
0.639746 1.045897 1.138394
0.639953 1.049941 1.135009
0.640157 1.053950 1.131582
0.640358 1.057924 1.128116
0.640558 1.061864 1.124610
0.640754 1.065769 1.121064
0.640949 1.069638 1.117480
0.641141 1.073470 1.113856
0.641330 1.077267 1.110195
0.641516 1.081027 1.106496
0.641699 1.084749 1.102759
0.641880 1.088434 1.098985
0.642057 1.092082 1.095174
0.642230 1.095690 1.091326
0.642401 1.099261 1.087443
0.642568 1.102792 1.083524
0.642732 1.106284 1.079570
0.642891 1.109737 1.075581
0.643048 1.113149 1.071557
0.643198 1.116521 1.067499
0.643347 1.119853 1.063408
0.643492 1.123143 1.059284
0.643635 1.126392 1.055126
0.643773 1.129599 1.050937
0.643909 1.132764 1.046715
0.644014 1.136009 1.046385
0.644129 1.139251 1.046025
0.644247 1.142489 1.045632
0.644364 1.145723 1.045207
0.644481 1.148953 1.044749
0.644598 1.152177 1.044259
0.644739 1.155276 1.039814
0.644870 1.158328 1.035334
0.644994 1.161335 1.030825
0.645096 1.164536 1.030202
0.645205 1.167732 1.029550
0.645336 1.170683 1.024950
0.645462 1.173585 1.020316
0.645584 1.176441 1.015654
0.645706 1.179249 1.010963
0.645827 1.182011 1.006244
0.645949 1.184725 1.001497
0.646071 1.187391 0.996724
0.646194 1.190010 0.991924
0.646319 1.192580 0.987098
0.646450 1.195101 0.982246
0.646467 1.195461 0.976484
0.646481 1.195763 0.970717
0.646489 1.196006 0.964947
0.646498 1.196192 0.959175
0.646552 1.196076 0.959042
0.646589 1.196073 0.959040
0.646613 1.196071 0.959039
0.646630 1.196070 0.959038
0.646695 1.195876 0.964801
0.646723 1.195626 0.970564
0.646731 1.195320 0.976323
0.646724 1.194957 0.982080
0.646708 1.194537 0.987832
0.646683 1.194060 0.993580
0.646651 1.193525 0.999323
0.646612 1.192934 1.005060
0.646566 1.192285 1.010791
0.646513 1.191579 1.016515
0.646352 1.188411 1.017289
0.647717 1.185154 1.018019
0.649132 1.181894 1.018734
0.650498 1.176571 1.018421
0.650499 1.175787 1.023989
0.650456 1.174950 1.029550
0.648829 1.174129 1.035082
0.647130 1.173261 1.040619
0.646970 1.172263 1.046151
0.646754 1.169203 1.050560
0.646552 1.166098 1.054938
0.646273 1.160848 1.054266
0.645981 1.155584 1.053581
0.645685 1.150305 1.052883
0.645388 1.145013 1.052174
0.645091 1.139708 1.051453
0.644796 1.134389 1.050720
0.644502 1.129058 1.049975
0.644210 1.123716 1.049219
0.643919 1.118362 1.048450
0.643629 1.112998 1.047671
0.643342 1.107623 1.046880
0.643249 1.106563 1.051755
0.639065 1.106750 1.051768
0.634292 1.106914 1.051770
0.629405 1.105920 1.056635
0.624509 1.104830 1.061489
0.619634 1.103641 1.066330
0.614785 1.102355 1.071159
0.614361 1.097001 1.070079
0.618667 1.091676 1.068986
0.618986 1.086318 1.067899
0.619007 1.080950 1.066794
0.619005 1.075575 1.065677
0.619003 1.070193 1.064549
0.619002 1.064806 1.063409
0.619003 1.059413 1.062259
0.619004 1.054016 1.061097
0.619006 1.048615 1.059925
0.619010 1.043210 1.058742
0.619013 1.037802 1.057548
0.619018 1.032392 1.056344
0.619022 1.026979 1.055129
0.619027 1.021565 1.053904
0.619031 1.016150 1.052669
0.619036 1.010735 1.051423
0.619041 1.005320 1.050168
0.619046 0.999905 1.048903
0.619052 0.994492 1.047628
0.619058 0.989080 1.046344
0.619063 0.983671 1.045050
0.619069 0.978264 1.043746
0.619076 0.972860 1.042434
0.619075 0.971847 1.045957
0.619076 0.970798 1.049469
0.619077 0.969714 1.052970
0.619082 0.966593 1.052002
0.619087 0.963481 1.051003
0.619093 0.960379 1.049973
0.619098 0.957288 1.048911
0.619104 0.954207 1.047819
0.619110 0.951137 1.046696
0.619116 0.948080 1.045543
0.619122 0.945033 1.044359
0.619124 0.944002 1.047603
0.619126 0.942938 1.050837
0.619128 0.941842 1.054060
0.619130 0.940713 1.057272
0.619132 0.939553 1.060472
0.619135 0.938360 1.063661
0.619137 0.937136 1.066837
0.619139 0.935880 1.070001
0.619142 0.934593 1.073153
0.619144 0.933274 1.076291
0.619147 0.931924 1.079416
0.619150 0.930542 1.082527
0.619152 0.929130 1.085624
0.619155 0.927687 1.088707
0.619158 0.926213 1.091775
0.619160 0.924708 1.094829
0.619161 0.924707 1.094828
