0.571583 1.044747 1.035260
0.576356 1.039887 1.033857
0.581028 1.034971 1.032443
0.585597 1.030003 1.031018
0.590063 1.024983 1.029583
0.594426 1.019914 1.028137
0.598685 1.014798 1.026682
0.602839 1.009637 1.025216
0.606887 1.004433 1.023740
0.610830 0.999188 1.022254
0.614667 0.993905 1.020758
0.618398 0.988586 1.019253
0.622021 0.983232 1.017739
0.625649 0.983193 1.017738
0.629276 0.983118 1.017738
0.629274 0.983118 1.017737
0.625641 0.983192 1.017737
0.622005 0.983230 1.017736
0.618367 0.983232 1.017736
0.618359 0.983231 1.017735
0.618355 0.982465 1.021363
0.618345 0.979460 1.024336
0.618335 0.976426 1.027280
0.618325 0.973363 1.030192
0.618315 0.970270 1.033074
0.618305 0.967149 1.035925
0.618296 0.964000 1.038745
0.618286 0.960823 1.041533
0.618277 0.957617 1.044289
0.618268 0.954385 1.047013
0.618259 0.951125 1.049704
0.618251 0.947839 1.052363
0.618242 0.944526 1.054988
0.618233 0.941187 1.057581
0.618225 0.937823 1.060139
0.618220 0.937822 1.060139
0.618217 0.936635 1.063311
0.618213 0.935415 1.066471
0.618210 0.934165 1.069618
0.618206 0.932882 1.072753
0.618202 0.931569 1.075875
0.618199 0.930224 1.078983
0.618195 0.928849 1.082078
0.618192 0.927442 1.085159
0.618189 0.926005 1.088226
0.618185 0.924537 1.091278
0.618181 0.924537 1.091277
0.618174 0.926004 1.088224
0.618168 0.928845 1.089834
0.618161 0.931701 1.091416
0.621300 0.934577 1.092969
0.624496 0.937435 1.094493
0.627751 0.940276 1.095989
0.631063 0.943098 1.097455
0.631173 0.946028 1.098892
0.631284 0.948973 1.100299
0.631396 0.951931 1.101677
0.631508 0.954903 1.103025
0.631620 0.957888 1.104344
0.631733 0.960887 1.105633
0.631847 0.963898 1.106891
0.631961 0.966921 1.108119
0.632075 0.969956 1.109317
0.632190 0.973004 1.110485
0.632305 0.976063 1.111622
0.632421 0.979133 1.112728
0.632537 0.982214 1.113804
0.632654 0.985305 1.114848
0.632771 0.988407 1.115862
0.632888 0.991519 1.116844
0.633006 0.994641 1.117796
0.633124 0.997771 1.118716
0.633243 1.000911 1.119604
0.633361 1.004060 1.120461
0.633516 1.007956 1.117430
0.633670 1.011821 1.114359
0.633822 1.015655 1.111250
0.633974 1.019458 1.108102
0.634124 1.023229 1.104917
0.634273 1.026968 1.101694
0.634421 1.030675 1.098433
0.634567 1.034349 1.095136
0.634712 1.037990 1.091802
0.634856 1.041597 1.088432
0.634998 1.045171 1.085026
0.635138 1.048710 1.081584
0.635276 1.052215 1.078107
0.635391 1.055452 1.078515
0.635509 1.058693 1.078891
0.635626 1.061938 1.079235
0.635742 1.065186 1.079546
0.635857 1.068437 1.079825
0.635971 1.071690 1.080071
0.636084 1.074946 1.080284
0.636196 1.078204 1.080465
0.636307 1.081464 1.080612
0.636417 1.084725 1.080728
0.636525 1.087987 1.080810
0.636660 1.091482 1.076940
0.636784 1.094938 1.073034
0.636814 1.096213 1.068274
0.636838 1.097441 1.063501
0.636948 1.100778 1.059493
0.637057 1.104075 1.055452
0.637130 1.106224 1.056247
0.637195 1.108365 1.057066
0.637258 1.110498 1.057905
0.637354 1.113756 1.053832
0.637455 1.116972 1.049725
0.637555 1.120146 1.045586
0.637626 1.123399 1.045340
0.637708 1.126651 1.045062
0.637791 1.129899 1.044752
0.637875 1.133144 1.044410
0.637957 1.136386 1.044035
0.638038 1.139624 1.043627
0.638118 1.142857 1.043187
0.638197 1.146086 1.042714
0.638276 1.149309 1.042209
0.638378 1.152408 1.037748
0.638470 1.155460 1.033254
0.638558 1.158467 1.028730
0.638645 1.160587 1.029585
0.638710 1.163552 1.025034
0.638783 1.166468 1.020450
0.638861 1.169338 1.015836
0.638941 1.172161 1.011194
0.639023 1.174938 1.006525
0.639126 1.177047 1.007400
0.639187 1.179781 1.002706
0.639260 1.182464 0.997981
0.639253 1.182983 0.992347
0.639247 1.183445 0.986707
0.639329 1.185983 0.981903
0.639416 1.188474 0.977075
0.639507 1.190916 0.972221
0.639600 1.193310 0.967344
0.639745 1.195424 0.968196
0.639776 1.195423 0.968195
0.639793 1.195421 0.968194
0.639801 1.195420 0.968193
0.639806 1.195419 0.968192
0.639810 1.195418 0.968191
0.639862 1.195134 0.973944
0.639880 1.194794 0.979696
0.639877 1.194397 0.985445
0.639862 1.193942 0.991188
0.639836 1.193432 0.996927
0.639804 1.192864 1.002660
0.639764 1.192239 1.008388
0.639718 1.191556 1.014109
0.639667 1.190817 1.019822
0.639610 1.190021 1.025528
0.639547 1.189168 1.031226
0.639417 1.185973 1.031888
0.639272 1.182771 1.032517
0.639036 1.177545 1.032023
0.638793 1.172302 1.031518
0.638546 1.167043 1.031001
0.638299 1.161769 1.030472
0.638051 1.156480 1.029931
0.637804 1.151177 1.029379
0.637557 1.145859 1.028815
0.637311 1.140528 1.028239
0.637067 1.135184 1.027653
0.636824 1.129828 1.027054
0.636582 1.124459 1.026445
0.636343 1.119080 1.025824
0.636105 1.113689 1.025192
0.635869 1.108289 1.024549
0.635636 1.102878 1.023895
0.635404 1.097458 1.023229
0.635175 1.092030 1.022553
0.631021 1.089163 1.026530
0.626337 1.086224 1.030465
0.621624 1.083198 1.034368
0.616963 1.080086 1.038240
0.612366 1.076889 1.042081
0.612019 1.071440 1.041222
0.616153 1.066045 1.040352
0.620540 1.060611 1.039480
0.620748 1.055158 1.038604
0.620713 1.049699 1.037711
0.620665 1.044236 1.036808
0.620617 1.038770 1.035894
0.620571 1.033301 1.034970
0.620525 1.027830 1.034036
0.620481 1.022358 1.033092
0.620437 1.016885 1.032137
0.620395 1.011411 1.031173
0.620352 1.005938 1.030199
0.620310 1.000465 1.029215
0.620268 0.994993 1.028221
0.620226 0.989523 1.027218
0.620186 0.984055 1.026206
0.620145 0.978590 1.025184
0.620105 0.973129 1.024153
0.620086 0.969946 1.023421
0.620068 0.966770 1.022658
0.620051 0.963601 1.021863
0.620055 0.962712 1.021368
0.620038 0.959560 1.020509
0.620022 0.956416 1.019619
0.620005 0.953281 1.018697
0.619989 0.950155 1.017744
0.619973 0.947039 1.016760
0.619966 0.946283 1.020026
0.619959 0.945495 1.023284
0.619958 0.946895 1.030883
0.619957 0.948132 1.038540
0.619948 0.947158 1.041815
0.619940 0.946152 1.045080
0.619931 0.945113 1.048335
0.619922 0.944042 1.051580
0.619913 0.942938 1.054814
0.619903 0.941802 1.058036
0.619894 0.940634 1.061247
0.619884 0.939434 1.064446
0.619873 0.938201 1.067633
0.619863 0.936937 1.070808
0.619852 0.935642 1.073969
0.619841 0.934315 1.077118
0.619830 0.932956 1.080253
0.619818 0.931566 1.083374
0.619806 0.930145 1.086481
0.619794 0.928694 1.089574
0.619782 0.927211 1.092652
0.619769 0.925697 1.095716
0.619756 0.924153 1.098763
0.619743 0.922579 1.101796
0.619744 0.922577 1.101794
