0.620000 0.922333 1.087038
0.620001 0.922332 1.087037
0.620001 0.922330 1.087036
0.623026 0.922313 1.087034
0.626049 0.922266 1.087033
0.629072 0.922189 1.087032
0.632094 0.922082 1.087031
0.635115 0.921944 1.087030
0.638220 0.923198 1.083997
0.641349 0.924390 1.080952
0.644379 0.923998 1.073243
0.647389 0.923406 1.065568
0.650591 0.924796 1.058615
0.653808 0.926005 1.051638
0.657033 0.927033 1.044638
0.660264 0.927881 1.037619
0.663494 0.928547 1.030584
0.666720 0.929031 1.023536
0.669935 0.929335 1.016477
0.673136 0.929459 1.009412
0.676318 0.929402 1.002343
0.679475 0.929167 0.995273
0.682604 0.928753 0.988205
0.685699 0.928161 0.981143
0.688756 0.927394 0.974089
0.691770 0.926451 0.967046
0.694737 0.925336 0.960018
0.697653 0.924048 0.953007
0.700511 0.922591 0.946016
0.703310 0.920966 0.939049
0.706043 0.919175 0.932109
0.708707 0.917221 0.925198
0.711298 0.915105 0.918319
0.713812 0.912830 0.911476
0.716244 0.910399 0.904672
0.718591 0.907814 0.897908
0.720849 0.905079 0.891189
0.723014 0.902195 0.884517
0.725083 0.899166 0.877894
0.728456 0.899619 0.875014
0.730385 0.896365 0.868445
0.733725 0.896666 0.865549
0.737070 0.896901 0.862638
0.739832 0.895717 0.862638
0.742582 0.894505 0.862638
0.745320 0.893266 0.862638
0.748045 0.892000 0.862638
0.750757 0.890706 0.862638
0.753456 0.889386 0.862638
0.755772 0.887308 0.859635
0.758045 0.885185 0.856641
0.760275 0.883016 0.853656
0.760280 0.883014 0.853656
0.761358 0.885040 0.853687
0.762436 0.887066 0.853740
0.763514 0.889091 0.853816
0.764592 0.891115 0.853915
0.768388 0.891670 0.854037
0.772214 0.892173 0.854182
0.776064 0.892625 0.854350
0.779937 0.893025 0.854541
0.783832 0.893373 0.854755
0.787749 0.893669 0.854991
0.791687 0.893911 0.855251
0.795645 0.894099 0.855533
0.799622 0.894233 0.855838
0.803617 0.894312 0.856165
0.807630 0.894336 0.856516
0.811659 0.894304 0.856888
0.815705 0.894215 0.857284
0.819764 0.894069 0.857702
0.823838 0.893866 0.858143
0.827925 0.893605 0.858606
0.829289 0.895387 0.859092
0.830641 0.897170 0.859601
0.831991 0.898950 0.860131
0.833337 0.900725 0.860684
0.834680 0.902495 0.861259
0.836019 0.904261 0.861856
0.837354 0.906022 0.862475
0.838686 0.907778 0.863117
0.837574 0.906312 0.859647
0.836438 0.904820 0.856196
0.835282 0.903301 0.852763
0.836905 0.899604 0.849350
0.838461 0.895871 0.845956
0.839943 0.892110 0.842582
0.841350 0.888320 0.839229
0.840032 0.886714 0.835897
0.838687 0.885086 0.832585
0.839941 0.881249 0.829294
0.841122 0.877385 0.826025
0.842226 0.873500 0.822778
0.843254 0.869595 0.819554
0.844204 0.865671 0.816352
0.845076 0.861729 0.813172
0.845871 0.857772 0.810016
0.847385 0.859365 0.810680
0.848893 0.860954 0.811365
0.850395 0.862538 0.812072
0.851893 0.864118 0.812801
0.853385 0.865692 0.813552
0.854872 0.867260 0.814324
0.856354 0.868823 0.815118
0.857830 0.870380 0.815934
0.859300 0.871931 0.816770
0.860765 0.873476 0.817629
0.862223 0.875014 0.818508
0.863675 0.876546 0.819408
0.862045 0.874828 0.816276
0.858936 0.871557 0.812267
0.857260 0.869794 0.809183
0.855563 0.868010 0.806123
0.853845 0.866203 0.803087
0.853844 0.866204 0.803087
0.855296 0.867736 0.803988
0.856742 0.869262 0.804909
0.858181 0.870780 0.805852
0.859614 0.872292 0.806815
0.859613 0.872293 0.806815
0.858662 0.871294 0.803342
0.857687 0.870270 0.799884
0.856688 0.869220 0.796439
0.855666 0.868146 0.793009
0.854620 0.867047 0.789595
0.853551 0.865924 0.786195
0.852458 0.864776 0.782811
0.851342 0.863603 0.779444
0.850203 0.862406 0.776092
0.848287 0.860387 0.773321
0.849767 0.861951 0.774115
0.850074 0.862278 0.771581
0.850363 0.862586 0.769043
0.850635 0.862876 0.766500
0.850889 0.863147 0.763953
0.851125 0.863401 0.761403
0.851343 0.863636 0.758850
0.851544 0.863852 0.756293
0.851727 0.864050 0.753734
0.851892 0.864230 0.751172
0.852039 0.864392 0.748608
0.852168 0.864535 0.746041
0.852153 0.864531 0.746062
0.852139 0.864526 0.746083
0.852374 0.864586 0.744542
0.852382 0.864612 0.744613
0.852379 0.864609 0.744642
0.852305 0.865765 0.745031
0.852576 0.865945 0.745164
0.852655 0.866181 0.745193
0.853998 0.867611 0.748590
0.853995 0.867614 0.748590
0.853715 0.867634 0.748486
0.853442 0.867654 0.748385
0.853179 0.867674 0.748288
0.852925 0.867693 0.748193
0.852679 0.867712 0.748103
0.852443 0.867731 0.748017
0.852462 0.867726 0.748021
0.852481 0.867721 0.748026
0.852499 0.867716 0.748030
0.852517 0.867711 0.748035
0.852522 0.867710 0.748036
0.852527 0.867709 0.748038
0.853844 0.869122 0.751445
0.855139 0.870510 0.754871
0.856411 0.871873 0.758316
0.857659 0.873210 0.761780
0.858884 0.874522 0.765261
0.860085 0.875808 0.768761
0.861262 0.877068 0.772277
0.862416 0.878302 0.775811
0.863545 0.879511 0.779362
0.864650 0.880693 0.782929
0.865731 0.881848 0.786512
0.866788 0.882978 0.790110
0.867820 0.884081 0.793724
0.868828 0.885157 0.797353
0.869810 0.886207 0.800996
0.870768 0.887230 0.804654
0.871701 0.888226 0.808325
0.872609 0.889195 0.812010
0.873492 0.890138 0.815708
0.874349 0.891053 0.819419
0.875181 0.891941 0.823142
0.875988 0.892802 0.826877
0.876769 0.893635 0.830623
0.877525 0.894441 0.834381
0.878254 0.895219 0.838150
0.878958 0.895970 0.841929
0.879636 0.896694 0.845718
0.880288 0.897390 0.849517
0.880914 0.898057 0.853325
0.884241 0.901607 0.861836
0.886230 0.903757 0.868998
0.888124 0.905806 0.876230
0.889923 0.907754 0.883530
0.891624 0.909599 0.890896
0.893229 0.911340 0.898325
0.894734 0.912976 0.905813
0.896140 0.914506 0.913359
0.897446 0.915930 0.920959
0.898651 0.917246 0.928610
0.896756 0.921237 0.936310
0.894708 0.925108 0.944055
0.892510 0.928855 0.951843
0.890164 0.932473 0.959670
0.887675 0.935959 0.967534
0.885045 0.939309 0.975431
0.882277 0.942518 0.983359
0.879374 0.945582 0.991314
0.876340 0.948498 0.999294
0.873178 0.951262 1.007294
0.869892 0.953870 1.015313
0.866486 0.956318 1.023347
0.862964 0.958604 1.031393
0.859330 0.960723 1.039447
0.855587 0.962674 1.047507
0.851741 0.964452 1.055570
0.847795 0.966055 1.063632
0.843753 0.967481 1.071690
0.839621 0.968726 1.079742
0.835403 0.969788 1.087783
0.831103 0.970664 1.095810
0.827584 0.972759 1.095811
0.824044 0.974818 1.095810
0.821227 0.978154 1.091710
0.818342 0.981433 1.087594
0.815393 0.984653 1.083463
0.812380 0.987814 1.079319
0.808690 0.989720 1.079318
0.805619 0.992874 1.085110
0.802479 0.995953 1.090916
0.798697 0.997787 1.094843
0.794881 0.999548 1.098770
0.791031 1.001234 1.102697
0.787149 1.002846 1.106623
0.783237 1.004381 1.110548
0.779295 1.005841 1.114471
0.775326 1.007224 1.118392
0.771331 1.008529 1.122311
0.767312 1.009757 1.126227
0.763269 1.010907 1.130140
0.759206 1.011978 1.134050
0.755122 1.012969 1.137955
0.751020 1.013882 1.141856
0.746901 1.014714 1.145753
0.742768 1.015467 1.149644
0.738620 1.016139 1.153530
0.734461 1.016730 1.157410
0.730291 1.017240 1.161284
0.726113 1.017670 1.165151
0.721927 1.018018 1.169011
0.717736 1.018285 1.172864
0.713540 1.018471 1.176708
0.709548 1.019387 1.176708
0.709545 1.019387 1.176707
0.705544 1.020263 1.176706
0.701534 1.021099 1.176705
0.697248 1.020604 1.174825
0.692975 1.020046 1.172958
0.688719 1.019424 1.171105
0.684480 1.018739 1.169265
0.680258 1.017991 1.167439
0.676055 1.017180 1.165627
0.671872 1.016308 1.163829
0.667710 1.015374 1.162046
0.663570 1.014379 1.160277
0.659453 1.013323 1.158523
0.655360 1.012207 1.156784
0.651291 1.011032 1.155060
0.647249 1.009797 1.153351
0.643233 1.008504 1.151658
0.639245 1.007153 1.149980
0.635286 1.005744 1.148318
0.631357 1.004278 1.146672
0.627458 1.002757 1.145042
0.623590 1.001179 1.143428
0.619755 0.999547 1.141831
0.615952 0.997861 1.140250
0.615946 0.996180 1.138686
0.615940 0.994483 1.137139
0.615933 0.992772 1.135609
0.615927 0.991045 1.134096
0.615921 0.989302 1.132601
0.615916 0.987546 1.131123
0.615910 0.985774 1.129663
0.615905 0.983988 1.128220
0.615900 0.982187 1.126795
0.615895 0.980373 1.125389
0.615890 0.978544 1.124000
0.615886 0.976702 1.122630
0.615881 0.974846 1.121279
0.615877 0.972977 1.119946
0.615873 0.971094 1.118632
0.615869 0.969198 1.117336
0.615866 0.967290 1.116060
0.615862 0.965369 1.114803
0.615859 0.963435 1.113565
0.615856 0.961489 1.112347
0.615852 0.961489 1.112346
0.615849 0.959531 1.111147
0.615846 0.957561 1.109968
0.615843 0.955579 1.108808
0.615841 0.953586 1.107669
0.615839 0.951582 1.106549
0.615837 0.949566 1.105450
0.615836 0.947540 1.104370
0.615834 0.945503 1.103311
0.615833 0.943455 1.102273
0.615832 0.941397 1.101255
0.615831 0.939329 1.100257
0.615831 0.937251 1.099280
0.615830 0.935164 1.098325
0.615830 0.933067 1.097390
0.615830 0.930961 1.096476
0.615830 0.928846 1.095583
0.615831 0.926722 1.094711
0.615826 0.926722 1.094711
0.615822 0.926721 1.094710
0.615817 0.926721 1.094710
0.615812 0.926721 1.094709
0.615808 0.926720 1.094709
0.617929 0.926733 1.094699
