0.617131 0.946557 1.044285
0.617132 0.945526 1.047544
0.617133 0.944462 1.050793
0.617135 0.943367 1.054031
0.617136 0.942238 1.057258
0.617138 0.941078 1.060474
0.617140 0.939885 1.063678
0.617141 0.938661 1.066869
0.617143 0.937404 1.070048
0.617145 0.936116 1.073215
0.617146 0.934797 1.076368
0.617148 0.933446 1.079508
0.617150 0.932063 1.082635
0.617152 0.930650 1.085747
0.617153 0.929205 1.088845
0.617155 0.927729 1.091929
0.617157 0.926223 1.094997
0.617159 0.924686 1.098050
0.617160 0.924685 1.098049
0.614114 0.924639 1.098048
0.611069 0.924563 1.098047
0.608024 0.924457 1.098045
0.604981 0.924321 1.098044
0.601940 0.924154 1.098043
0.598708 0.926760 1.099703
0.595421 0.929349 1.101337
0.592079 0.931918 1.102941
0.588682 0.934467 1.104517
0.585230 0.936995 1.106065
0.581723 0.939499 1.107583
0.578161 0.941980 1.109072
0.574542 0.944437 1.110533
0.570869 0.946867 1.111964
0.567141 0.949270 1.113366
0.563358 0.951645 1.114738
0.559520 0.953990 1.116081
0.555627 0.956304 1.117393
0.551680 0.958586 1.118676
0.547679 0.960835 1.119928
0.543623 0.963050 1.121150
0.539513 0.965229 1.122342
0.535349 0.967372 1.123504
0.531132 0.969477 1.124635
0.526862 0.971542 1.125735
0.522539 0.973568 1.126804
0.518165 0.975551 1.127842
0.513737 0.977493 1.128850
0.509258 0.979391 1.129827
0.504728 0.981244 1.130772
0.500147 0.983051 1.131685
0.495516 0.984811 1.132568
0.490835 0.986522 1.133418
0.486105 0.988184 1.134238
0.481326 0.989796 1.135026
0.476966 0.990169 1.131067
0.472599 0.990453 1.127087
0.471932 0.992148 1.123091
0.467023 0.993615 1.123753
0.462059 0.995021 1.124381
0.460804 0.997976 1.124979
0.455783 0.999330 1.125545
0.450698 1.000614 1.126077
0.445568 1.001839 1.126576
0.440394 1.003004 1.127044
0.435178 1.004107 1.127479
0.429920 1.005147 1.127881
0.424621 1.006124 1.128251
0.419281 1.007037 1.128589
0.413903 1.007883 1.128894
0.408486 1.008664 1.129167
0.406774 1.011439 1.129405
0.405209 1.014298 1.129614
0.403652 1.017163 1.129790
0.402093 1.020030 1.129933
0.400534 1.022896 1.130044
0.398972 1.025764 1.130122
0.397410 1.028631 1.130168
0.395846 1.031498 1.130181
0.394282 1.034364 1.130161
0.393403 1.035990 1.125433
0.392541 1.037570 1.120686
0.391698 1.039107 1.115921
0.390877 1.040601 1.111140
0.386656 1.040174 1.106355
0.381850 1.039321 1.101543
0.380210 1.040179 1.096697
0.376011 1.039510 1.091863
0.374434 1.040280 1.086989
0.373470 1.041355 1.082110
0.372695 1.042484 1.077219
0.371992 1.043598 1.072316
0.371328 1.044679 1.067401
0.369569 1.047650 1.063003
0.367836 1.050584 1.058572
0.366125 1.053480 1.054107
0.364437 1.056337 1.049609
0.362772 1.059155 1.045077
0.361131 1.061934 1.040513
0.359513 1.064675 1.035917
0.357920 1.067375 1.031289
0.356828 1.069317 1.031842
0.355713 1.071237 1.032416
0.354104 1.073875 1.027757
0.352542 1.076486 1.023068
0.351015 1.079063 1.018348
0.349518 1.081603 1.013598
0.348050 1.084105 1.008820
0.346608 1.086566 1.004012
0.345194 1.088988 0.999176
0.343808 1.091370 0.994313
0.342756 1.093320 0.994909
0.341676 1.095248 0.995527
0.340270 1.097563 0.990638
0.338917 1.099850 0.985720
0.337603 1.102104 0.980775
0.336325 1.104319 0.975805
0.335076 1.106496 0.970809
0.333857 1.108631 0.965789
0.332345 1.111278 0.964618
0.330841 1.113916 0.963417
0.329345 1.116546 0.962187
0.327859 1.119166 0.960926
0.326383 1.121777 0.959634
0.325230 1.123822 0.954440
0.324112 1.125825 0.949220
0.323124 1.127796 0.949857
0.322098 1.129739 0.950518
0.320953 1.131669 0.945278
0.319872 1.133572 0.940013
0.318835 1.135439 0.934727
0.317833 1.137266 0.929419
0.316438 1.139808 0.927918
0.315044 1.142336 0.926390
0.313657 1.144850 0.924833
0.312279 1.147350 0.923247
0.310910 1.149837 0.921632
0.309551 1.152311 0.919988
0.308201 1.154771 0.918317
0.307276 1.156454 0.912791
0.306396 1.158094 0.907242
0.308750 1.161564 0.901707
0.309322 1.163894 0.896102
0.312347 1.167572 0.890525
0.313141 1.169876 0.884882
0.312935 1.171564 0.879239
0.312417 1.173018 0.873585
0.311817 1.174362 0.867918
0.312264 1.173711 0.861575
0.312405 1.173777 0.861562
0.312486 1.173817 0.861556
0.312551 1.173848 0.861551
0.311558 1.175803 0.862208
0.310888 1.176986 0.856521
0.310299 1.178142 0.850814
0.309373 1.180121 0.851486
0.308400 1.182073 0.852187
0.307417 1.184011 0.852910
0.306433 1.185940 0.853655
0.305452 1.187862 0.854421
0.304475 1.189777 0.855209
0.303501 1.191685 0.856018
0.302531 1.193586 0.856849
0.301565 1.195479 0.857701
0.301617 1.195503 0.857696
0.301671 1.195527 0.857690
0.302078 1.194742 0.851119
0.302571 1.193922 0.844551
0.303108 1.193051 0.837991
0.303679 1.192124 0.831443
0.304282 1.191139 0.824905
0.304916 1.190097 0.818380
0.305580 1.188997 0.811867
0.306275 1.187840 0.805367
0.306386 1.187887 0.805354
0.307060 1.186653 0.798876
0.307159 1.186693 0.798863
0.306171 1.188642 0.799541
0.305175 1.190581 0.800242
0.304181 1.192513 0.800964
0.303189 1.194437 0.801709
0.302832 1.195069 0.795908
0.301890 1.197004 0.796666
0.300913 1.198919 0.797453
0.301614 1.197609 0.790854
0.301703 1.197643 0.790841
0.301754 1.197665 0.790835
0.301798 1.197683 0.790829
0.301841 1.197701 0.790824
0.301644 1.197600 0.790840
0.301525 1.197555 0.790864
0.301413 1.197515 0.790888
0.301406 1.197519 0.790896
0.301403 1.197525 0.790904
0.301400 1.197532 0.790911
0.300808 1.198850 0.797472
0.300200 1.200117 0.804072
0.299611 1.201320 0.810686
0.299052 1.202464 0.817313
0.298524 1.203549 0.823952
0.298029 1.204577 0.830602
0.297566 1.205546 0.837263
0.297136 1.206458 0.843935
0.296739 1.207311 0.850615
0.296720 1.207310 0.850624
0.296414 1.208109 0.857286
0.297690 1.205884 0.859308
0.298992 1.203627 0.861282
