0.346500 1.166731 1.018202
0.349019 1.162378 1.017711
0.353916 1.159168 1.017183
0.360088 1.156544 1.016653
0.366914 1.154174 1.016117
0.374056 1.151881 1.015572
0.381332 1.149571 1.015016
0.388645 1.147195 1.014449
0.395941 1.144731 1.013871
0.403193 1.142167 1.013281
0.410387 1.139498 1.012679
0.417513 1.136722 1.012064
0.424567 1.133841 1.011438
0.431545 1.130855 1.010801
0.438446 1.127766 1.010151
0.445268 1.124575 1.009489
0.452010 1.121284 1.008815
0.458670 1.117896 1.008130
0.465247 1.114411 1.007433
0.471740 1.110833 1.006724
0.478147 1.107162 1.006004
0.484467 1.103401 1.005272
0.490700 1.099551 1.004528
0.496844 1.095615 1.003773
0.502897 1.091595 1.003007
0.508860 1.087493 1.002229
0.514730 1.083309 1.001441
0.520507 1.079048 1.000641
0.526190 1.074709 0.999830
0.531777 1.070297 0.999008
0.537268 1.065811 0.998175
0.542662 1.061255 0.997331
0.547957 1.056631 0.996477
0.553153 1.051940 0.995611
0.558248 1.047185 0.994735
0.563243 1.042368 0.993849
0.568136 1.037490 0.992952
0.572926 1.032554 0.992045
0.577613 1.027562 0.991128
0.582195 1.022516 0.990200
0.586673 1.017418 0.989262
0.591045 1.012271 0.988314
0.595312 1.007076 0.987357
0.599471 1.001835 0.986389
0.603524 0.996552 0.985412
0.607469 0.991227 0.984425
0.611305 0.985863 0.983429
0.611334 0.985441 0.987087
0.611329 0.985441 0.987086
0.611324 0.985440 0.987086
0.614951 0.985507 0.987085
0.618601 0.985080 0.990737
0.622243 0.984579 0.994385
0.625835 0.981759 0.997564
0.625803 0.979506 0.997122
0.625798 0.979506 0.997122
0.622208 0.979545 0.997122
0.618608 0.979549 0.997121
0.618592 0.979549 0.997120
0.618594 0.976736 1.000271
0.618596 0.973893 1.003394
0.618599 0.971018 1.006488
0.618601 0.968113 1.009553
0.618604 0.965177 1.012589
0.618606 0.962211 1.015595
0.618609 0.959215 1.018572
0.618612 0.956189 1.021518
0.618615 0.953134 1.024434
0.618618 0.950050 1.027320
0.618621 0.946938 1.030174
0.618624 0.943797 1.032997
0.618625 0.941539 1.032578
0.618627 0.939278 1.032181
0.618623 0.938370 1.035369
0.618614 0.939682 1.038989
0.618604 0.940949 1.042667
0.618595 0.942169 1.046402
0.618592 0.941119 1.049618
0.618589 0.940036 1.052823
0.618586 0.938922 1.056017
0.618584 0.937775 1.059200
0.618581 0.936597 1.062372
0.618578 0.935387 1.065531
0.618576 0.934146 1.068678
0.618573 0.932873 1.071813
0.618570 0.931569 1.074935
0.618568 0.930233 1.078043
0.618565 0.928867 1.081138
0.618563 0.927470 1.084219
0.618561 0.926042 1.087286
0.618559 0.924584 1.090339
0.618556 0.923095 1.093377
0.618552 0.923095 1.093376
0.618547 0.923094 1.093376
0.618530 0.925904 1.095039
0.618513 0.928730 1.096674
0.618496 0.931573 1.098281
0.618479 0.934431 1.099860
0.618462 0.937305 1.101410
0.618445 0.940195 1.102931
0.618438 0.941778 1.099720
0.621664 0.943328 1.096494
0.624920 0.944814 1.093253
0.628205 0.946234 1.089996
0.631518 0.947588 1.086725
0.631567 0.949007 1.083439
0.631670 0.951994 1.084754
0.631773 0.954995 1.086040
0.631877 0.958007 1.087295
0.631981 0.961032 1.088520
0.632085 0.964070 1.089714
0.632190 0.967119 1.090878
0.632296 0.970179 1.092012
0.632402 0.973251 1.093115
0.632509 0.976333 1.094187
0.632616 0.979426 1.095228
0.632723 0.982530 1.096238
0.632831 0.985643 1.097217
0.632940 0.988766 1.098165
0.633048 0.991898 1.099081
0.633157 0.995039 1.099967
0.633267 0.998189 1.100820
0.633377 1.001348 1.101642
0.633487 1.004514 1.102433
0.633597 1.007688 1.103191
0.633708 1.010869 1.103918
0.633819 1.014058 1.104613
0.633930 1.017253 1.105276
0.634041 1.020455 1.105907
0.634152 1.023663 1.106506
0.634264 1.026877 1.107073
0.634375 1.030096 1.107607
0.634486 1.033321 1.108110
0.634598 1.036550 1.108579
0.634708 1.039784 1.109017
0.634819 1.043022 1.109422
0.634929 1.046264 1.109795
0.635039 1.049509 1.110135
0.635148 1.052758 1.110442
0.635257 1.056010 1.110717
0.635365 1.059264 1.110960
0.635472 1.062520 1.111170
0.635578 1.065779 1.111347
0.635683 1.069039 1.111491
0.635787 1.072300 1.111603
0.635889 1.075563 1.111682
0.635991 1.078825 1.111728
0.636091 1.082089 1.111741
0.636190 1.085352 1.111722
0.636287 1.088615 1.111670
0.636382 1.091877 1.111585
0.636477 1.095138 1.111467
0.636603 1.098973 1.107433
0.636720 1.102766 1.103359
0.636833 1.106519 1.099247
0.636941 1.110230 1.095098
0.637047 1.113900 1.090911
0.637149 1.117527 1.086688
0.637248 1.121112 1.082429
0.637344 1.124655 1.078134
0.637438 1.128154 1.073804
0.637529 1.131610 1.069439
0.637618 1.135021 1.065039
0.637704 1.138389 1.060606
0.637789 1.141712 1.056138
0.637872 1.144990 1.051638
0.637954 1.148223 1.047105
0.638034 1.151410 1.042539
0.638114 1.154552 1.037942
0.638194 1.157647 1.033314
0.638273 1.160695 1.028655
0.638353 1.163697 1.023965
0.638433 1.166651 1.019246
0.638514 1.169558 1.014497
0.638595 1.172417 1.009719
0.638679 1.175228 1.004912
0.638763 1.177991 1.000078
0.638850 1.180705 0.995216
0.638939 1.183370 0.990327
0.639030 1.185986 0.985411
0.639124 1.188552 0.980470
0.639220 1.191068 0.975502
0.639239 1.191360 0.969783
0.639259 1.191594 0.964060
0.639428 1.191902 0.958641
0.639497 1.191929 0.958675
0.639543 1.191926 0.958673
0.639577 1.191924 0.958672
0.639605 1.191922 0.958670
0.639631 1.191920 0.958669
0.639656 1.191918 0.958667
0.639746 1.191727 0.964386
0.639794 1.191482 0.970104
0.639820 1.191180 0.975819
0.639832 1.190822 0.981531
0.639833 1.190407 0.987240
0.639827 1.189935 0.992943
0.639814 1.189406 0.998642
0.639795 1.188819 1.004334
0.639769 1.188175 1.010020
0.639736 1.187476 1.015700
0.639697 1.186721 1.021373
0.639653 1.185909 1.027038
0.639602 1.185041 1.032695
0.639546 1.184116 1.038342
0.639484 1.183135 1.043980
0.639418 1.182098 1.049607
0.639288 1.178903 1.050273
0.639071 1.173639 1.049900
0.638846 1.168360 1.049515
0.638618 1.163065 1.049119
0.638388 1.157754 1.048711
0.638162 1.153457 1.042961
0.637952 1.148113 1.042584
0.637729 1.142757 1.042197
0.637501 1.137388 1.041799
0.637272 1.132006 1.041390
0.637044 1.126613 1.040970
0.636816 1.121208 1.040539
0.636590 1.115792 1.040098
0.636365 1.110365 1.039645
0.636142 1.104929 1.039183
0.635921 1.099484 1.038709
0.635701 1.094029 1.038225
0.635484 1.088567 1.037730
0.635268 1.083097 1.037225
0.635054 1.077619 1.036709
0.634843 1.072136 1.036183
0.634633 1.066646 1.035647
0.634425 1.061151 1.035100
0.634219 1.055650 1.034543
0.634014 1.050146 1.033975
0.630046 1.050259 1.033982
0.625766 1.050338 1.033982
0.621455 1.050374 1.033982
0.617146 1.049436 1.038281
0.616810 1.049431 1.038274
0.616777 1.048456 1.042563
0.616793 1.045195 1.042384
0.616805 1.041936 1.042172
0.616828 1.036441 1.041420
0.616852 1.030943 1.040657
0.616877 1.025444 1.039884
0.616903 1.019943 1.039101
0.616929 1.014442 1.038309
0.616957 1.008940 1.037506
0.616985 1.003439 1.036694
0.616983 1.002483 1.040524
0.616983 1.001489 1.044344
0.616983 1.000456 1.048153
0.616972 1.001633 1.052416
0.616962 1.002758 1.056735
0.616962 1.001602 1.060557
0.616982 0.998404 1.059893
0.617001 0.995213 1.059196
0.617021 0.992028 1.058468
0.617040 0.988851 1.057708
0.617060 0.985681 1.056915
0.617081 0.982519 1.056091
0.617101 0.979365 1.055235
0.617122 0.976219 1.054348
0.617144 0.973083 1.053429
0.617166 0.969956 1.052479
0.617188 0.966839 1.051498
0.617210 0.963732 1.050486
0.617233 0.960634 1.049442
0.617256 0.957547 1.048368
0.617279 0.954471 1.047263
0.617302 0.951407 1.046127
0.617325 0.948354 1.044961
0.617349 0.945313 1.043764
0.617372 0.942284 1.042538
0.617396 0.939268 1.041281
0.617398 0.938267 1.044468
0.617380 0.939148 1.052157
0.617362 0.939862 1.059892
0.617344 0.940407 1.067670
0.617348 0.939142 1.070866
0.617351 0.937846 1.074050
0.617354 0.936517 1.077221
0.617358 0.935158 1.080378
0.617361 0.933766 1.083521
0.617364 0.932344 1.086651
0.617368 0.930890 1.089766
0.617372 0.929405 1.092866
0.617375 0.927889 1.095951
0.617379 0.926343 1.099021
0.617383 0.924765 1.102075
0.617383 0.924764 1.102074
