0.620000 0.919128 1.083929
0.622992 0.919111 1.083928
0.625984 0.919064 1.083926
0.628975 0.918987 1.083924
0.631966 0.918880 1.083922
0.634955 0.918743 1.083921
0.637942 0.918576 1.083919
0.641026 0.919770 1.080919
0.644011 0.919397 1.073274
0.646977 0.918826 1.065662
0.649916 0.918059 1.058087
0.652824 0.917098 1.050553
0.655697 0.915944 1.043061
0.658528 0.914599 1.035617
0.661313 0.913067 1.028224
0.664383 0.913573 1.021333
0.667444 0.913903 1.014432
0.670491 0.914054 1.007523
0.673520 0.914028 1.000610
0.676525 0.913825 0.993695
0.679502 0.913447 0.986781
0.682446 0.912895 0.979873
0.685353 0.912169 0.972972
0.688218 0.911272 0.966083
0.691036 0.910204 0.959207
0.693804 0.908967 0.952348
0.696516 0.907563 0.945508
0.699169 0.905995 0.938693
0.701758 0.904264 0.931903
0.704279 0.902372 0.925142
0.707097 0.901515 0.925141
0.709907 0.900629 0.925141
0.713427 0.901889 0.925293
0.716982 0.903106 0.925469
0.720569 0.904277 0.925667
0.724189 0.905403 0.925888
0.727840 0.906482 0.926132
0.731457 0.907345 0.923316
0.735091 0.908139 0.920479
0.738741 0.908862 0.917622
0.742406 0.909514 0.914744
0.746084 0.910096 0.911846
0.749774 0.910606 0.908929
0.753622 0.911366 0.909196
0.757498 0.912076 0.909486
0.761399 0.912735 0.909799
0.765325 0.913341 0.910134
0.766333 0.915372 0.910492
0.767336 0.917401 0.910873
0.771324 0.917928 0.911276
0.775336 0.918401 0.911702
0.779369 0.918820 0.912150
0.783424 0.919183 0.912621
0.787346 0.919216 0.909684
0.791270 0.919174 0.906728
0.795195 0.919057 0.903754
0.799119 0.918867 0.900761
0.803041 0.918602 0.897749
0.806960 0.918263 0.894720
0.810873 0.917850 0.891673
0.814780 0.917362 0.888609
0.818679 0.916801 0.885528
0.822569 0.916166 0.882430
0.826449 0.915457 0.879316
0.830315 0.914674 0.876186
0.834169 0.913819 0.873040
0.837094 0.911664 0.873040
0.837119 0.911647 0.873041
0.837118 0.911648 0.873041
0.837116 0.911649 0.873041
0.837115 0.911650 0.873041
0.837113 0.911651 0.873041
0.839990 0.909485 0.873039
0.840015 0.909468 0.873040
0.840013 0.909469 0.873040
0.840012 0.909470 0.873040
0.840010 0.909471 0.873040
0.840009 0.909472 0.873040
0.839573 0.908902 0.869408
0.839115 0.908303 0.865783
0.838634 0.907675 0.862165
0.838132 0.907019 0.858556
0.837608 0.906334 0.854955
0.837061 0.905620 0.851363
0.837866 0.906687 0.848116
0.841431 0.905590 0.844852
0.845055 0.904365 0.841578
0.848659 0.903069 0.838292
0.850205 0.904741 0.838654
0.851629 0.906500 0.839035
0.853044 0.908261 0.839438
0.854456 0.910020 0.839864
0.855866 0.911775 0.840312
0.856617 0.912717 0.837013
0.857348 0.913634 0.833703
0.858057 0.914526 0.830381
0.858744 0.915392 0.827048
0.859410 0.916233 0.823704
0.860054 0.917048 0.820350
0.860677 0.917837 0.816985
0.859864 0.916849 0.813162
0.859026 0.915832 0.809352
0.858163 0.914786 0.805555
0.858154 0.914793 0.805555
0.858143 0.914802 0.805555
0.858132 0.914810 0.805554
0.858121 0.914819 0.805554
0.858110 0.914827 0.805554
0.858099 0.914836 0.805554
0.855189 0.911213 0.802052
0.852240 0.907576 0.798596
0.849268 0.903913 0.795187
0.849240 0.903935 0.795186
0.849227 0.903945 0.795186
0.849217 0.903953 0.795186
0.849207 0.903961 0.795186
0.850622 0.905736 0.795521
0.849076 0.903802 0.792472
0.850473 0.905587 0.792830
0.851882 0.907358 0.793210
0.853290 0.909125 0.793614
0.854695 0.910889 0.794039
0.856098 0.912650 0.794488
0.857498 0.914407 0.794958
0.858894 0.916160 0.795451
0.860290 0.917908 0.795967
0.861680 0.919653 0.796505
0.863066 0.921394 0.797065
0.864445 0.923133 0.797647
0.865823 0.924866 0.798252
0.867198 0.926594 0.798879
0.868568 0.928318 0.799527
0.869934 0.930036 0.800198
0.871295 0.931749 0.800891
0.871284 0.931757 0.800890
0.869256 0.929210 0.801138
0.867206 0.926676 0.801354
0.865153 0.924142 0.801536
0.863100 0.921607 0.801686
0.860146 0.917957 0.797969
0.857171 0.914277 0.794300
0.854173 0.910569 0.790678
0.852537 0.908553 0.787730
0.850883 0.906513 0.784809
0.852243 0.908244 0.785458
0.850584 0.906171 0.782563
0.851942 0.907896 0.783233
0.853306 0.909607 0.783926
0.851630 0.907511 0.781058
0.848877 0.904107 0.774560
0.847786 0.902798 0.770920
0.848065 0.903168 0.767946
0.849434 0.904883 0.768617
0.849694 0.905229 0.765639
0.849936 0.905552 0.762656
0.850159 0.905852 0.759670
0.850362 0.906129 0.756680
0.850546 0.906383 0.753687
0.850540 0.906388 0.753687
0.850531 0.906395 0.753686
0.850522 0.906401 0.753686
0.850513 0.906408 0.753686
0.850504 0.906415 0.753686
0.850495 0.906422 0.753686
0.850486 0.906429 0.753686
0.850477 0.906436 0.753686
0.850088 0.906571 0.753617
0.850013 0.906599 0.753607
0.849947 0.906624 0.753599
0.849885 0.906649 0.753592
0.849879 0.906654 0.753593
0.851049 0.908119 0.757276
0.852195 0.909557 0.760979
0.853315 0.910967 0.764699
0.854412 0.912348 0.768437
0.855486 0.913700 0.772192
0.856536 0.915023 0.775965
0.857562 0.916316 0.779754
0.858565 0.917579 0.783560
0.859545 0.918812 0.787381
0.860500 0.920016 0.791219
0.861432 0.921188 0.795071
0.862340 0.922331 0.798938
0.863224 0.923443 0.802819
0.864084 0.924525 0.806715
0.864920 0.925575 0.810624
0.865732 0.926595 0.814546
0.866520 0.927584 0.818481
0.867283 0.928543 0.822428
0.868022 0.929470 0.826388
0.868736 0.930365 0.830359
0.869426 0.931230 0.834342
0.870091 0.932063 0.838335
0.870731 0.932865 0.842339
0.871346 0.933636 0.846353
0.868816 0.936854 0.850379
0.866186 0.940044 0.854412
0.865918 0.946427 0.863004
0.865447 0.952691 0.871727
0.863673 0.957310 0.879248
0.861747 0.961811 0.886835
0.859673 0.966188 0.894485
0.857453 0.970437 0.902194
0.855089 0.974553 0.909961
0.852586 0.978532 0.917782
0.849946 0.982370 0.925655
0.847172 0.986062 0.933576
0.844268 0.989606 0.941542
0.841237 0.992996 0.949550
0.838083 0.996229 0.957599
0.834810 0.999302 0.965683
0.831421 1.002211 0.973801
0.827920 1.004952 0.981949
0.824311 1.007523 0.990124
0.820600 1.009919 0.998324
0.816789 1.012138 1.006544
0.812883 1.014178 1.014783
0.808887 1.016034 1.023036
0.804805 1.017706 1.031301
0.800642 1.019189 1.039574
0.796402 1.020482 1.047852
0.792091 1.021583 1.056133
0.787713 1.022489 1.064412
0.783273 1.023199 1.072687
0.778776 1.023710 1.080955
0.774226 1.024022 1.089212
0.769631 1.024132 1.097456
0.764993 1.024040 1.105682
0.760319 1.023744 1.113889
0.755613 1.023244 1.122072
0.750882 1.022538 1.130228
0.746129 1.021626 1.138355
0.741362 1.020507 1.146449
0.736584 1.019181 1.154508
0.731801 1.017648 1.162527
0.727019 1.015908 1.170504
0.722243 1.013960 1.178435
0.722241 1.013961 1.178436
0.722238 1.013961 1.178434
0.722235 1.013961 1.178433
0.722232 1.013961 1.178431
0.722229 1.013962 1.178430
0.722226 1.013962 1.178429
0.717970 1.013716 1.176527
0.713724 1.013406 1.174638
0.709489 1.013032 1.172762
0.705268 1.012595 1.170899
0.701060 1.012094 1.169050
0.696868 1.011531 1.167215
0.692691 1.010905 1.165393
0.688531 1.010218 1.163586
0.684389 1.009468 1.161793
0.680267 1.008658 1.160015
0.676164 1.007786 1.158251
0.672082 1.006854 1.156502
0.668022 1.005862 1.154768
0.663986 1.004811 1.153049
0.659973 1.003700 1.151346
0.655985 1.002532 1.149658
0.652023 1.001305 1.147985
0.648087 1.000021 1.146329
0.644180 0.998680 1.144688
0.640301 0.997282 1.143064
0.636451 0.995829 1.141456
0.632632 0.994321 1.139864
0.628845 0.992759 1.138289
0.625089 0.991142 1.136731
0.621366 0.989473 1.135190
0.617678 0.987751 1.133666
0.617683 0.986019 1.132159
0.617689 0.984272 1.130670
0.617695 0.982510 1.129198
0.617701 0.980733 1.127743
0.617707 0.978942 1.126307
0.617713 0.977136 1.124889
0.617718 0.975317 1.123488
0.617724 0.973484 1.122106
0.617729 0.971636 1.120743
0.617735 0.969776 1.119398
0.617740 0.967902 1.118071
0.617746 0.966015 1.116764
0.617751 0.964115 1.115475
0.617756 0.962202 1.114205
0.617761 0.960276 1.112955
0.617766 0.958338 1.111724
0.617772 0.956388 1.110512
0.617777 0.954426 1.109320
0.617782 0.952452 1.108148
0.617787 0.950466 1.106995
0.617791 0.948469 1.105862
