0.636390 0.978106 1.117809
0.636530 0.981175 1.118915
0.636670 0.984255 1.119990
0.636811 0.987346 1.121034
0.636953 0.990447 1.122047
0.637094 0.993558 1.123030
0.637237 0.996678 1.123980
0.637380 0.999808 1.124900
0.637567 1.003735 1.121941
0.637753 1.007631 1.118942
0.637937 1.011498 1.115905
0.638119 1.015334 1.112828
0.638300 1.019139 1.109714
0.638480 1.022912 1.106562
0.638658 1.026654 1.103372
0.638834 1.030364 1.100145
0.639008 1.034042 1.096880
0.639181 1.037686 1.093579
0.639351 1.041298 1.090242
0.639520 1.044876 1.086869
0.639687 1.048420 1.083459
0.639851 1.051930 1.080015
0.640013 1.055405 1.076536
0.640173 1.058846 1.073022
0.640330 1.062251 1.069473
0.640485 1.065620 1.065891
0.640621 1.068867 1.066201
0.640761 1.072117 1.066479
0.640900 1.075370 1.066724
0.641039 1.078625 1.066937
0.641176 1.081882 1.067117
0.641332 1.085227 1.063339
0.641476 1.088534 1.059526
0.641617 1.091803 1.055681
0.641753 1.095033 1.051803
0.641886 1.098225 1.047892
0.642016 1.101377 1.043950
0.642141 1.104490 1.039976
0.642249 1.107751 1.039893
0.642367 1.111011 1.039779
0.642486 1.114270 1.039632
0.642621 1.117340 1.035531
0.642739 1.120367 1.031397
0.642850 1.123354 1.027234
0.642957 1.126299 1.023040
0.643047 1.129546 1.022728
0.643162 1.132446 1.018475
0.643265 1.135303 1.014191
0.643362 1.138117 1.009878
0.643455 1.140887 1.005538
0.643545 1.143614 1.001170
0.643632 1.146298 0.996774
0.643717 1.148937 0.992352
0.643800 1.151532 0.987904
0.643882 1.154082 0.983430
0.643962 1.156587 0.978931
0.644042 1.159047 0.974407
0.644120 1.161462 0.969858
0.644199 1.163831 0.965286
0.644277 1.166154 0.960690
0.644355 1.168431 0.956071
0.644434 1.170662 0.951429
0.644514 1.172846 0.946766
0.644594 1.174983 0.942080
0.644676 1.177073 0.937373
0.644758 1.179115 0.932646
0.644842 1.181111 0.927899
0.644928 1.183058 0.923131
0.645015 1.184957 0.918345
0.645103 1.186809 0.913539
0.645193 1.188612 0.908715
0.645320 1.191653 0.907564
0.645462 1.194697 0.906396
0.645565 1.196432 0.901497
0.645570 1.195987 0.895728
0.645571 1.195485 0.889965
0.645657 1.195480 0.889963
0.645710 1.195477 0.889962
0.645747 1.195474 0.889962
0.645778 1.195472 0.889961
0.645890 1.195968 0.895722
0.645965 1.196408 0.901489
0.646020 1.196792 0.907261
0.646063 1.197118 0.913035
0.646097 1.197387 0.918813
0.646124 1.197599 0.924593
0.646144 1.197753 0.930375
0.646158 1.197849 0.936158
0.646165 1.197888 0.941942
0.646166 1.197866 0.947724
0.646161 1.197787 0.953506
0.646148 1.197653 0.959288
0.646129 1.197462 0.965068
0.646103 1.197212 0.970847
0.646071 1.196906 0.976622
0.646033 1.196541 0.982395
0.645988 1.196119 0.988163
0.642789 1.195784 0.993947
0.638133 1.195416 0.999715
0.632785 1.192363 1.000382
0.627172 1.189256 1.001014
0.621479 1.186089 1.001612
0.615789 1.182858 1.002177
0.610170 1.177607 1.001510
0.604643 1.172284 1.000830
0.599219 1.166889 1.000138
0.593703 1.164656 0.998995
0.595448 1.162705 0.997825
0.599568 1.160851 0.996707
0.604511 1.158985 0.995620
0.609725 1.157071 0.994557
0.611466 1.155066 0.993539
0.615604 1.153050 0.992505
0.620469 1.150998 0.991500
0.622066 1.151004 0.991520
0.622610 1.148426 0.995836
0.622768 1.143109 0.995266
0.622767 1.137778 0.994682
0.622714 1.132434 0.994086
0.622647 1.127077 0.993478
0.622576 1.121708 0.992859
0.622505 1.116328 0.992228
0.622453 1.113069 0.992438
0.622389 1.107676 0.991763
0.622325 1.102273 0.991077
0.622262 1.096860 0.990381
0.622202 1.091439 0.989673
0.622144 1.086009 0.988954
0.622089 1.080572 0.988224
0.622035 1.075127 0.987483
0.621983 1.069675 0.986732
0.621934 1.064217 0.985970
0.621886 1.058754 0.985197
0.621840 1.053285 0.984413
0.621796 1.047812 0.983619
0.621753 1.042335 0.982815
0.621711 1.036854 0.982000
0.621671 1.031371 0.981175
0.621632 1.025885 0.980340
0.621594 1.020397 0.979495
0.621558 1.014908 0.978640
0.621521 1.009418 0.977775
0.621486 1.003928 0.976900
0.621451 0.998438 0.976015
0.621417 0.992950 0.975121
0.621411 0.992610 0.978848
0.621406 0.992233 0.982572
0.621400 0.991818 0.986293
0.621376 0.989117 0.989553
0.621352 0.986383 0.992786
0.621328 0.983617 0.995991
0.621304 0.980819 0.999169
0.621280 0.977990 1.002318
0.621255 0.975128 1.005439
0.621230 0.972236 1.008532
0.621206 0.969313 1.011594
0.621181 0.966358 1.014628
0.621156 0.963373 1.017631
0.621131 0.960358 1.020604
0.621106 0.957313 1.023547
0.621082 0.954239 1.026460
0.621057 0.951136 1.029342
0.621033 0.948005 1.032192
0.621024 0.947094 1.035467
0.621016 0.946152 1.038732
0.621008 0.945176 1.041988
0.620999 0.944169 1.045233
0.620990 0.943128 1.048469
0.620981 0.942056 1.051694
0.620971 0.940951 1.054908
0.620962 0.939815 1.058111
0.620952 0.938646 1.061302
0.620941 0.937445 1.064481
0.620931 0.936213 1.067648
0.620920 0.934949 1.070803
0.620909 0.933654 1.073945
0.620897 0.932327 1.077074
0.620886 0.930969 1.080189
0.620874 0.929580 1.083290
0.620862 0.928160 1.086378
0.620849 0.926709 1.089451
0.620836 0.925228 1.092510
