0.620000 0.926667 1.102347
0.623067 0.926650 1.102346
0.626134 0.926602 1.102344
0.629201 0.926523 1.102343
0.632266 0.926414 1.102342
0.635330 0.926274 1.102340
0.638488 0.927679 1.099264
0.641672 0.929021 1.096173
0.644883 0.930298 1.093066
0.648119 0.931511 1.089944
0.651378 0.932659 1.086808
0.654660 0.933741 1.083657
0.657963 0.934758 1.080493
0.661074 0.934098 1.072724
0.664153 0.933240 1.064992
0.667194 0.932185 1.057301
0.670191 0.930936 1.049652
0.673140 0.929494 1.042051
0.676036 0.927864 1.034500
0.679282 0.928168 1.031365
0.682981 0.930617 1.028657
0.686729 0.932996 1.025917
0.690524 0.935303 1.023147
0.694366 0.937538 1.020347
0.698253 0.939700 1.017515
0.702183 0.941790 1.014655
0.706155 0.943805 1.011765
0.710167 0.945744 1.008845
0.714218 0.947607 1.005896
0.718308 0.949394 1.002919
0.722432 0.951103 0.999913
0.726592 0.952733 0.996880
0.730785 0.954285 0.993818
0.735010 0.955757 0.990729
0.739264 0.957148 0.987613
0.743548 0.958459 0.984470
0.747858 0.959687 0.981300
0.752193 0.960834 0.978103
0.756552 0.961898 0.974881
0.760933 0.962878 0.971633
0.765334 0.963775 0.968360
0.769754 0.964588 0.965062
0.774192 0.965316 0.961739
0.778645 0.965960 0.958391
0.783111 0.966518 0.955020
0.787589 0.966992 0.951625
0.792077 0.967380 0.948206
0.796573 0.967682 0.944764
0.801076 0.967899 0.941300
0.805584 0.968030 0.937813
0.810127 0.968134 0.938271
0.814658 0.968123 0.934762
0.819238 0.968111 0.935242
0.823835 0.968037 0.935745
0.825034 0.969825 0.932218
0.826101 0.971645 0.928665
0.827145 0.973439 0.925092
0.828169 0.975203 0.921499
0.829291 0.977135 0.922024
0.830410 0.979063 0.922571
0.831525 0.980987 0.923140
0.831517 0.980991 0.923140
0.831509 0.980996 0.923140
0.831501 0.981000 0.923140
0.831494 0.981004 0.923140
0.831485 0.981009 0.923139
0.831477 0.981014 0.923139
0.831469 0.981018 0.923139
0.831460 0.981023 0.923139
0.831452 0.981028 0.923138
0.831444 0.981032 0.923138
0.831435 0.981037 0.923138
0.831426 0.981042 0.923138
0.831306 0.980858 0.918954
0.831165 0.980637 0.914774
0.831002 0.980381 0.910596
0.830817 0.980089 0.906421
0.831745 0.981699 0.902730
0.832866 0.983637 0.903233
0.833982 0.985573 0.903758
0.835093 0.987505 0.904305
0.836203 0.989432 0.904874
0.837310 0.991354 0.905465
0.841732 0.991299 0.906070
0.846518 0.990984 0.906704
0.847852 0.992312 0.903004
0.848823 0.993809 0.899278
0.852975 0.993285 0.895523
0.857512 0.992441 0.891759
0.858960 0.993510 0.887991
0.859929 0.994831 0.884197
0.861122 0.996678 0.884855
0.862290 0.998533 0.885535
0.863450 1.000385 0.886237
0.864287 1.001743 0.882425
0.865105 1.003068 0.878597
0.865903 1.004360 0.874755
0.864965 1.002862 0.871247
0.863982 1.001352 0.867757
0.862975 0.999815 0.864285
0.861487 0.997543 0.856346
0.860428 0.995917 0.852930
0.859347 0.994265 0.849535
0.860476 0.996136 0.850236
0.861618 0.997991 0.850959
0.862764 0.999834 0.851704
0.863908 1.001670 0.852471
0.865048 1.003499 0.853259
0.866184 1.005322 0.854069
0.866170 1.005331 0.854069
0.867301 1.007146 0.854900
0.866226 1.005450 0.851525
0.863964 1.001933 0.847338
0.862207 0.999203 0.847687
0.860442 0.996473 0.848004
0.858676 0.993740 0.848289
0.856909 0.991004 0.848541
0.855142 0.988266 0.848760
0.853375 0.985526 0.848947
0.851608 0.982783 0.849101
0.849842 0.980038 0.849223
0.848076 0.977292 0.849311
0.846311 0.974544 0.849368
0.844548 0.971795 0.849391
0.842268 0.968240 0.845246
0.840506 0.965490 0.845237
0.838745 0.962739 0.845196
0.836986 0.959989 0.845121
0.835227 0.957238 0.845014
0.833471 0.954488 0.844875
0.831716 0.951739 0.844703
0.829963 0.948991 0.844498
0.828211 0.946244 0.844261
0.826462 0.943500 0.843991
0.824715 0.940757 0.843688
0.822970 0.938016 0.843354
0.821227 0.935278 0.842986
0.819487 0.932544 0.842587
0.817749 0.929812 0.842154
0.816014 0.927085 0.841690
0.814281 0.924361 0.841193
0.811990 0.920765 0.837091
0.809676 0.917135 0.833031
0.807341 0.913470 0.829015
0.807340 0.913471 0.829014
0.804986 0.909771 0.825042
0.804984 0.909772 0.825042
0.804983 0.909773 0.825042
0.804981 0.909773 0.825042
0.807865 0.907912 0.825041
0.807869 0.907909 0.825042
0.810734 0.906019 0.825041
0.813583 0.904098 0.825041
0.816413 0.902149 0.825041
0.819223 0.900171 0.825041
0.822013 0.898166 0.825041
0.824783 0.896133 0.825041
0.827533 0.894072 0.825040
0.830262 0.891984 0.825040
0.832970 0.889868 0.825040
0.835656 0.887726 0.825040
0.838321 0.885557 0.825040
0.840964 0.883362 0.825040
0.843585 0.881140 0.825040
0.846184 0.878892 0.825040
0.845822 0.873310 0.821111
0.845343 0.867734 0.817227
0.844749 0.862166 0.813388
0.844040 0.856606 0.809593
0.843217 0.851058 0.805845
0.841555 0.849330 0.802734
0.839869 0.847582 0.799647
0.841404 0.849175 0.800261
0.842933 0.850763 0.800897
0.844459 0.852347 0.801555
0.844988 0.852903 0.798989
0.845500 0.853441 0.796416
0.845994 0.853961 0.793835
0.846470 0.854462 0.791248
0.846928 0.854944 0.788653
0.847367 0.855408 0.786052
0.846263 0.854270 0.782787
0.845135 0.853109 0.779539
0.843985 0.851925 0.776306
0.845519 0.853518 0.776920
0.847049 0.855107 0.777555
0.848574 0.856691 0.778213
0.848941 0.857080 0.775589
0.849290 0.857450 0.772960
0.849620 0.857802 0.770325
0.849931 0.858134 0.767686
0.850224 0.858448 0.765042
0.850498 0.858743 0.762395
0.850754 0.859020 0.759743
0.850990 0.859277 0.757088
0.851208 0.859516 0.754429
0.851408 0.859736 0.751767
0.851588 0.859937 0.749103
0.852805 0.859690 0.747768
0.852832 0.859672 0.747818
0.852858 0.859655 0.747866
0.852799 0.859706 0.747864
0.852656 0.859793 0.747841
0.852582 0.859860 0.747839
0.852508 0.859925 0.747837
0.852347 0.860028 0.747813
0.852260 0.860107 0.747811
0.852039 0.860780 0.747842
0.852002 0.860809 0.747841
0.852063 0.860800 0.747859
0.852119 0.860791 0.747876
0.852171 0.860783 0.747892
0.853510 0.862178 0.751246
0.854824 0.863550 0.754619
0.856115 0.864898 0.758012
0.857383 0.866221 0.761422
0.858627 0.867519 0.764851
0.859848 0.868793 0.768298
0.861045 0.870041 0.771763
0.862218 0.871264 0.775244
0.863367 0.872461 0.778742
0.864492 0.873633 0.782257
0.865593 0.874780 0.785787
0.866670 0.875900 0.789334
0.867722 0.876995 0.792895
0.868749 0.878065 0.796472
0.869752 0.879108 0.800064
0.870730 0.880125 0.803669
0.871683 0.881116 0.807289
0.872611 0.882080 0.810922
0.873514 0.883019 0.814568
0.874392 0.883931 0.818228
0.875244 0.884816 0.821899
0.879096 0.888831 0.829845
0.882835 0.892725 0.837934
0.886456 0.896497 0.846161
0.888634 0.898753 0.853268
0.890716 0.900910 0.860450
0.892702 0.902968 0.867702
0.894591 0.904925 0.875024
0.893503 0.909527 0.882412
0.892250 0.914033 0.889863
0.890837 0.918437 0.897373
0.889265 0.922732 0.904942
0.887538 0.926916 0.912564
0.885658 0.930982 0.920239
0.883627 0.934928 0.927962
0.881449 0.938747 0.935730
0.879125 0.942437 0.943542
0.876659 0.945993 0.951393
0.874054 0.949410 0.959282
0.871313 0.952685 0.967204
0.868440 0.955814 0.975156
0.865438 0.958793 0.983137
0.862311 0.961618 0.991142
0.859062 0.964286 0.999168
0.855695 0.966793 1.007213
0.852215 0.969136 1.015274
0.848624 0.971311 1.023346
0.844928 0.973317 1.031427
0.841131 0.975149 1.039514
0.837236 0.976804 1.047604
0.833249 0.978281 1.055694
0.829174 0.979576 1.063780
0.825015 0.980688 1.071859
0.820778 0.981613 1.079928
0.816466 0.982350 1.087984
0.812085 0.982896 1.096024
0.807640 0.983250 1.104045
0.803135 0.983411 1.112043
0.798576 0.983376 1.120015
0.793967 0.983144 1.127958
0.788960 0.981922 1.130138
0.788379 0.980655 1.128314
0.788376 0.980656 1.128313
0.789152 0.982316 1.124324
0.786264 0.985621 1.120316
0.783310 0.988868 1.116290
0.783307 0.988868 1.116289
0.783305 0.988869 1.116288
0.783718 0.989842 1.121976
0.784108 0.990763 1.127675
0.780204 0.991956 1.131574
0.776276 0.993073 1.135468
0.772327 0.994112 1.139357
0.768359 0.995073 1.143240
0.764373 0.995956 1.147117
0.760370 0.996761 1.150987
0.756353 0.997487 1.154851
0.752322 0.998134 1.158707
0.748280 0.998702 1.162556
0.744227 0.999190 1.166397
0.743789 0.997829 1.164602
0.743345 0.996450 1.162820
0.742896 0.995055 1.161053
0.742440 0.993642 1.159300
0.738252 0.993415 1.157563
0.734074 0.993124 1.155840
0.729910 0.992772 1.154133
0.725759 0.992357 1.152442
0.721623 0.991880 1.150766
0.717503 0.991342 1.149105
0.713399 0.990743 1.147461
0.709314 0.990083 1.145833
0.705247 0.989363 1.144221
0.701199 0.988583 1.142626
0.697173 0.987744 1.141047
0.693168 0.986846 1.139485
0.689186 0.985890 1.137939
0.685228 0.984875 1.136411
0.681294 0.983804 1.134900
0.677386 0.982675 1.133407
