1.003092 0.896925 0.992653
1.001631 0.895896 0.989156
1.000141 0.894846 0.985677
0.998622 0.893777 0.982216
0.997076 0.892687 0.978774
0.997772 0.893195 0.980901
0.998451 0.893690 0.983037
0.999113 0.894172 0.985182
0.997540 0.893061 0.981759
0.995938 0.891931 0.978355
0.995936 0.891933 0.978355
0.995935 0.891935 0.978355
0.995934 0.891937 0.978355
0.995932 0.891939 0.978354
0.995931 0.891941 0.978354
0.995929 0.891943 0.978354
0.995624 0.891722 0.982992
0.995281 0.891474 0.987625
0.994901 0.891199 0.992254
0.994483 0.890896 0.996878
0.991307 0.894289 1.001498
0.988060 0.897621 1.006110
0.984749 0.900888 1.010717
0.981372 0.904087 1.015317
0.977932 0.907218 1.019909
0.976139 0.911649 1.030297
0.974124 0.915930 1.040741
0.971891 0.920055 1.051237
0.969108 0.923727 1.059527
0.966169 0.927269 1.067847
0.963079 0.930675 1.076193
0.959839 0.933943 1.084563
0.956454 0.937067 1.092953
0.952926 0.940044 1.101360
0.949257 0.942870 1.109780
0.945453 0.945540 1.118212
0.941516 0.948051 1.126651
0.937451 0.950398 1.135095
0.933260 0.952579 1.143540
0.928949 0.954589 1.151983
0.924521 0.956425 1.160422
0.919980 0.958085 1.168852
0.916586 0.961066 1.168857
0.913047 0.963886 1.166565
0.909467 0.966651 1.164275
0.906235 0.969793 1.168181
0.902946 0.972874 1.172092
0.899599 0.975894 1.176005
0.896197 0.978850 1.179921
0.892464 0.981421 1.177639
0.888691 0.983935 1.175351
0.885181 0.986755 1.179270
0.881619 0.989509 1.183191
0.878006 0.992196 1.187114
0.874344 0.994815 1.191037
0.870633 0.997366 1.194961
0.866875 0.999846 1.198886
0.863072 1.002256 1.202809
0.859225 1.004595 1.206733
0.855335 1.006861 1.210655
0.851404 1.009054 1.214575
0.847433 1.011174 1.218494
0.843424 1.013218 1.222412
0.839377 1.015187 1.226328
0.835295 1.017080 1.230240
0.831179 1.018896 1.234149
0.827031 1.020635 1.238055
0.822851 1.022296 1.241956
0.818641 1.023878 1.245853
0.814404 1.025382 1.249744
0.810140 1.026805 1.253630
0.805851 1.028149 1.257512
0.801539 1.029411 1.261388
0.797205 1.030593 1.265258
0.792850 1.031694 1.269120
0.788477 1.032712 1.272975
0.784087 1.033649 1.276823
0.779681 1.034503 1.280662
0.775261 1.035275 1.284493
0.771011 1.036558 1.282216
0.766743 1.037776 1.279935
0.762459 1.038929 1.277658
0.758159 1.040016 1.275384
0.753845 1.041038 1.273113
0.749518 1.041994 1.270846
0.745179 1.042883 1.268583
0.740829 1.043706 1.266323
0.736469 1.044463 1.264068
0.732101 1.045153 1.261818
0.727724 1.045776 1.259572
0.723342 1.046333 1.257332
0.718954 1.046823 1.255096
0.714562 1.047245 1.252866
0.710167 1.047601 1.250642
0.705770 1.047890 1.248423
0.701373 1.048112 1.246211
0.696976 1.048267 1.244005
0.692580 1.048355 1.241806
0.688187 1.048376 1.239613
0.683797 1.048331 1.237428
0.679412 1.048219 1.235249
0.675034 1.048041 1.233078
0.670662 1.047796 1.230915
0.666299 1.047486 1.228760
0.661945 1.047109 1.226613
0.657601 1.046667 1.224474
0.653269 1.046160 1.222343
0.648949 1.045587 1.220222
0.644643 1.044950 1.218109
0.640352 1.044248 1.216006
0.636077 1.043482 1.213912
0.631818 1.042652 1.211828
0.627578 1.041758 1.209753
0.623356 1.040801 1.207689
0.623357 1.040800 1.207685
0.623357 1.040799 1.207681
0.623354 1.039767 1.205628
0.623350 1.038715 1.203584
0.623346 1.037642 1.201551
0.623342 1.036548 1.199529
0.623338 1.035435 1.197518
0.623334 1.034301 1.195519
0.623330 1.033148 1.193530
0.623326 1.031974 1.191554
0.623322 1.030781 1.189589
0.623318 1.029569 1.187637
0.623314 1.028336 1.185696
0.623309 1.027085 1.183769
0.623305 1.025814 1.181854
0.623300 1.024525 1.179951
0.623296 1.023216 1.178062
0.623291 1.021888 1.176186
0.623287 1.020542 1.174324
0.623282 1.019177 1.172475
0.623277 1.017794 1.170640
0.623273 1.016392 1.168818
0.623268 1.014972 1.167010
0.623263 1.013533 1.165216
0.623258 1.012077 1.163437
0.623254 1.010603 1.161672
0.623249 1.009112 1.159923
0.623244 1.007603 1.158188
0.623239 1.006077 1.156469
0.623234 1.004534 1.154766
0.623228 1.002974 1.153078
0.623223 1.001398 1.151406
0.623218 0.999804 1.149749
0.623212 0.998194 1.148109
0.623207 0.996568 1.146485
0.623201 0.994926 1.144878
0.623196 0.993268 1.143287
0.623190 0.991594 1.141713
0.623185 0.989903 1.140155
0.623179 0.988198 1.138614
0.623174 0.986476 1.137090
0.623168 0.984740 1.135583
0.623163 0.982989 1.134094
0.623157 0.981223 1.132623
0.623151 0.979443 1.131170
0.623145 0.977648 1.129734
0.623139 0.975839 1.128317
0.623133 0.974016 1.126918
0.623127 0.972179 1.125538
0.623121 0.970328 1.124176
0.623114 0.968464 1.122832
0.623108 0.966587 1.121508
0.623102 0.964695 1.120201
0.623096 0.962791 1.118914
0.623090 0.960874 1.117645
0.623083 0.958945 1.116396
0.623077 0.957003 1.115167
0.623071 0.955049 1.113957
0.623064 0.953083 1.112767
0.623058 0.951106 1.111597
0.623051 0.949117 1.110446
0.623044 0.947116 1.109316
0.623038 0.945105 1.108206
0.623031 0.943082 1.107116
0.623024 0.941048 1.106046
0.623018 0.939003 1.104996
0.623011 0.936948 1.103967
0.623004 0.934883 1.102958
0.622998 0.932808 1.101971
0.622991 0.930723 1.101004
0.622984 0.928629 1.100058
0.622977 0.926526 1.099133
0.622970 0.924414 1.098230
0.622970 0.924412 1.098229
0.622971 0.924410 1.098227
0.619928 0.924423 1.098226
0.616884 0.924405 1.098225
0.613841 0.924357 1.098223
0.610799 0.924279 1.098222
0.607757 0.924170 1.098221
0.604575 0.926837 1.099883
0.601336 0.929487 1.101518
0.598041 0.932118 1.103124
0.594691 0.934731 1.104702
0.591284 0.937322 1.106250
0.587821 0.939892 1.107770
0.584182 0.943277 1.105426
0.580475 0.946599 1.103045
0.576702 0.949854 1.100627
0.572863 0.953042 1.098171
0.568960 0.956161 1.095679
0.564995 0.959211 1.093151
0.560967 0.962189 1.090586
0.556880 0.965095 1.087985
0.552734 0.967927 1.085348
0.548531 0.970684 1.082676
0.544271 0.973365 1.079969
0.539957 0.975969 1.077226
0.535590 0.978495 1.074449
0.532114 0.977115 1.065987
0.528704 0.975524 1.057564
0.525364 0.973728 1.049188
0.522100 0.971730 1.040863
0.518917 0.969534 1.032592
0.515819 0.967143 1.024379
0.512141 0.966673 1.016825
0.508511 0.966018 1.009270
0.504132 0.967599 1.006207
0.503217 0.970282 1.003115
0.502312 0.972936 0.999995
0.501417 0.975561 0.996847
0.500533 0.978156 0.993672
0.499658 0.980720 0.990470
0.498794 0.983254 0.987240
0.498956 0.982716 0.983351
0.499127 0.982143 0.979469
0.499311 0.981533 0.975593
0.499507 0.980887 0.971724
0.499716 0.980203 0.967862
0.499936 0.979483 0.964007
0.500169 0.978727 0.960160
0.500415 0.977934 0.956321
0.500672 0.977105 0.952490
0.500942 0.976239 0.948668
0.501223 0.975337 0.944856
0.500508 0.977435 0.945453
0.499795 0.979526 0.946073
0.499083 0.981612 0.946715
0.498374 0.983691 0.947379
0.497666 0.985764 0.948064
0.496962 0.987831 0.948772
