0.914245 0.981801 1.213615
0.910611 0.984727 1.213611
0.906948 0.987616 1.213607
0.901606 0.988385 1.224474
0.896138 0.988898 1.235315
0.890620 0.989234 1.243831
0.885026 0.989364 1.252315
0.879364 0.989286 1.260763
0.873920 0.989358 1.262973
0.870293 0.991985 1.260678
0.868366 0.997159 1.253881
0.866299 1.002235 1.247052
0.864094 1.007211 1.240191
0.860200 1.009604 1.237892
0.856271 1.011938 1.235594
0.852228 1.014130 1.239514
0.848145 1.016247 1.243432
0.844023 1.018287 1.247346
0.839865 1.020251 1.251258
0.835672 1.022136 1.255167
0.831445 1.023943 1.259073
0.827185 1.025671 1.262975
0.822894 1.027320 1.266872
0.818575 1.028888 1.270764
0.814227 1.030375 1.274651
0.809853 1.031781 1.278532
0.805455 1.033106 1.282407
0.801034 1.034348 1.286275
0.796591 1.035507 1.290138
0.792129 1.036584 1.293993
0.787648 1.037577 1.297841
0.783150 1.038486 1.301681
0.778638 1.039311 1.305512
0.774437 1.040878 1.305508
0.770220 1.042401 1.305504
0.765988 1.043883 1.305500
0.762014 1.046044 1.299374
0.757991 1.048110 1.293234
0.753703 1.049469 1.293231
0.749374 1.050665 1.290936
0.745028 1.051796 1.288641
0.740666 1.052860 1.286348
0.736289 1.053859 1.284057
0.731899 1.054791 1.281768
0.727496 1.055656 1.279480
0.723082 1.056455 1.277196
0.718657 1.057186 1.274913
0.714224 1.057851 1.272634
0.709782 1.058448 1.270359
0.705333 1.058978 1.268088
0.700879 1.059440 1.265820
0.696420 1.059835 1.263557
0.691957 1.060162 1.261297
0.687492 1.060422 1.259041
0.683026 1.060614 1.256790
0.678560 1.060739 1.254544
0.674094 1.060796 1.252302
0.669631 1.060786 1.250066
0.665171 1.060708 1.247835
0.660716 1.060563 1.245610
0.656266 1.060351 1.243390
0.651823 1.060072 1.241177
0.647387 1.059726 1.238970
0.642961 1.059314 1.236769
0.638544 1.058835 1.234576
0.634139 1.058289 1.232389
0.629746 1.057678 1.230209
0.625366 1.057001 1.228037
0.621000 1.056258 1.225872
0.616650 1.055451 1.223716
0.616663 1.054633 1.221567
0.616675 1.053794 1.219427
0.616688 1.052934 1.217295
0.616701 1.052052 1.215172
0.616714 1.051149 1.213058
0.616727 1.050225 1.210953
0.616741 1.049280 1.208857
0.616754 1.048314 1.206771
0.616767 1.047328 1.204695
0.616781 1.046320 1.202628
0.616794 1.045292 1.200572
0.616808 1.044243 1.198527
0.616822 1.043174 1.196492
0.616836 1.042085 1.194467
0.616849 1.040975 1.192454
0.616863 1.039846 1.190452
0.616877 1.038696 1.188462
0.616891 1.037527 1.186483
0.616906 1.036337 1.184516
0.616920 1.035128 1.182561
0.616934 1.033900 1.180619
0.616948 1.032652 1.178689
0.616963 1.031385 1.176771
0.616977 1.030099 1.174866
0.616992 1.028794 1.172975
0.617006 1.027470 1.171096
0.617021 1.026128 1.169231
0.617036 1.024767 1.167380
0.617050 1.023387 1.165542
0.617065 1.021988 1.163717
0.617080 1.020572 1.161906
0.617095 1.019137 1.160109
0.617111 1.017684 1.158327
0.617126 1.016214 1.156560
0.617141 1.014726 1.154807
0.617156 1.013220 1.153070
0.617171 1.011698 1.151348
0.617187 1.010158 1.149641
0.617202 1.008601 1.147950
0.617217 1.007028 1.146275
0.617232 1.005437 1.144616
0.617248 1.003831 1.142972
0.617263 1.002208 1.141345
0.617278 1.000569 1.139735
0.617294 0.998913 1.138141
0.617309 0.997242 1.136563
0.617324 0.995556 1.135003
0.617340 0.993854 1.133459
0.617355 0.992135 1.131932
0.617371 0.990402 1.130422
0.617387 0.988654 1.128929
0.617402 0.986891 1.127455
0.617418 0.985113 1.125998
0.617434 0.983321 1.124559
0.617449 0.981514 1.123138
0.617465 0.979694 1.121735
0.617480 0.977860 1.120351
0.617496 0.976012 1.118985
0.617511 0.974150 1.117638
0.617527 0.972275 1.116310
0.617542 0.970387 1.115001
0.617558 0.968485 1.113709
0.617574 0.966571 1.112437
0.617590 0.964643 1.111185
0.617605 0.962704 1.109951
0.617621 0.960752 1.108737
0.617636 0.958789 1.107543
0.617652 0.956813 1.106369
0.617667 0.954826 1.105215
0.617683 0.952828 1.104081
0.617698 0.950819 1.102967
0.617713 0.948798 1.101873
0.617729 0.946767 1.100799
0.617744 0.944725 1.099746
0.617759 0.942672 1.098713
0.617775 0.940609 1.097700
0.617790 0.938536 1.096709
0.617806 0.936453 1.095738
0.617821 0.934360 1.094788
0.617836 0.932259 1.093859
0.617851 0.930148 1.092951
0.617866 0.928028 1.092065
0.617881 0.925900 1.091200
0.617882 0.925898 1.091199
0.614824 0.925860 1.091197
0.611767 0.925791 1.091196
0.608598 0.928521 1.092821
0.605373 0.931234 1.094419
0.602092 0.933929 1.095988
0.598755 0.936604 1.097528
0.595362 0.939259 1.099039
0.591913 0.941893 1.100521
0.588408 0.944503 1.101974
0.588118 0.947425 1.103397
0.584526 0.950023 1.104792
0.580877 0.952596 1.106156
0.577360 0.953790 1.102798
0.573820 0.954913 1.099424
0.570029 0.957405 1.100699
0.566182 0.959868 1.101944
0.565703 0.962859 1.103159
0.565466 0.964423 1.099677
0.561778 0.965389 1.096182
0.558072 0.966279 1.092670
0.554348 0.967096 1.089143
0.550608 0.967837 1.085602
0.546854 0.968504 1.082046
0.543087 0.969095 1.078477
0.538814 0.971757 1.075540
0.534486 0.974339 1.072568
0.533675 0.977723 1.069563
0.532873 0.981077 1.066522
0.532078 0.984400 1.063447
0.527620 0.986791 1.060339
0.526803 0.990047 1.057197
0.522274 0.992315 1.054022
0.521437 0.995501 1.050813
0.520613 0.998655 1.047571
0.519797 1.001779 1.044297
0.518989 1.004870 1.040991
0.518189 1.007930 1.037654
0.517397 1.010957 1.034285
0.517174 1.011821 1.030238
0.516960 1.012646 1.026183
0.516757 1.013431 1.022119
0.516563 1.014177 1.018048
0.516379 1.014884 1.013969
0.516204 1.015550 1.009883
0.516151 1.015790 1.001883
0.516135 1.015877 0.993890
0.516157 1.015810 0.985907
0.516311 1.015233 0.982025
0.516474 1.014618 0.978149
0.516646 1.013966 0.974280
0.516828 1.013276 0.970417
0.517020 1.012548 0.966562
0.517222 1.011784 0.962715
0.517434 1.010982 0.958876
0.517655 1.010144 0.955045
0.517886 1.009268 0.951223
0.514390 1.007358 0.947414
0.510797 1.005338 0.943610
0.510940 1.004316 0.939813
0.511225 1.003297 0.936030
0.511525 1.002243 0.932258
0.508158 1.000093 0.928501
0.504710 0.997838 0.924752
0.501303 0.995515 0.921015
0.497942 0.993126 0.917290
0.498227 0.991866 0.913574
0.498635 0.990611 0.909874
0.495481 0.988134 0.906192
0.495368 0.988093 0.906188
0.495359 0.988089 0.906188
0.495354 0.988087 0.906187
0.494625 0.990213 0.906655
0.493899 0.992334 0.907146
0.489876 0.993320 0.907650
0.486462 0.992110 0.907625
0.486329 0.992059 0.907620
0.486436 0.991700 0.903669
0.486560 0.991306 0.899723
0.486696 0.990874 0.895780
0.486843 0.990404 0.891843
0.491248 0.991778 0.891868
0.491424 0.991842 0.891873
0.491429 0.991844 0.891873
0.491273 0.992310 0.895809
0.491264 0.992307 0.895809
0.494818 0.993513 0.895803
0.498681 0.994268 0.891867
0.499012 0.993822 0.887941
0.499018 0.993824 0.887942
0.499010 0.993821 0.887941
0.499161 0.993270 0.884016
0.499326 0.992683 0.880096
0.499500 0.992058 0.876183
0.499686 0.991395 0.872276
0.499677 0.991392 0.872276
0.499665 0.991388 0.872276
0.499652 0.991383 0.872275
0.499640 0.991379 0.872275
0.498910 0.993530 0.872605
0.498182 0.995678 0.872958
0.497656 0.997134 0.869366
0.497142 0.998557 0.865759
0.496418 1.000702 0.866135
0.496404 1.000697 0.866134
0.496389 1.000692 0.866134
0.497676 0.996850 0.862261
0.497646 0.996839 0.862260
0.496913 0.998982 0.862636
0.497495 0.997254 0.859157
0.497466 0.997244 0.859156
0.497450 0.997239 0.859156
