0.620000 0.931346 1.104673
0.620001 0.931344 1.104672
0.620002 0.931342 1.104670
0.620003 0.931340 1.104668
0.620004 0.931338 1.104667
0.620005 0.931336 1.104665
0.623119 0.931319 1.104663
0.626232 0.931270 1.104662
0.629394 0.932791 1.101539
0.632635 0.935517 1.103149
0.635934 0.938226 1.104731
0.639288 0.940915 1.106284
0.642699 0.943584 1.107808
0.646166 0.946232 1.109304
0.649690 0.948858 1.110771
0.653270 0.951460 1.112208
0.656907 0.954037 1.113616
0.660601 0.956588 1.114995
0.664351 0.959112 1.116343
0.668157 0.961607 1.117662
0.672020 0.964072 1.118950
0.675938 0.966508 1.120209
0.676219 0.968239 1.116690
0.676494 0.969935 1.113152
0.677101 0.973692 1.110467
0.677704 0.977424 1.107743
0.678302 0.981128 1.104982
0.682539 0.984199 1.102184
0.686840 0.987191 1.099348
0.691201 0.990106 1.096475
0.695621 0.992941 1.093566
0.700099 0.995696 1.090620
0.704632 0.998369 1.087638
0.709219 1.000960 1.084620
0.713860 1.003467 1.081568
0.718551 1.005890 1.078480
0.723292 1.008228 1.075358
0.728081 1.010480 1.072202
0.728993 1.013751 1.069013
0.729321 1.014946 1.064920
0.729639 1.016101 1.060815
0.729945 1.017216 1.056699
0.730240 1.018293 1.052572
0.730525 1.019329 1.048433
0.731375 1.022413 1.045046
0.731948 1.024493 1.045829
0.732519 1.026565 1.046633
0.733360 1.029617 1.043214
0.734192 1.032634 1.039763
0.735014 1.035619 1.036281
0.735827 1.038570 1.032769
0.736630 1.041487 1.029226
0.737422 1.044371 1.025652
0.738204 1.047219 1.022049
0.738976 1.050034 1.018417
0.739737 1.052813 1.014756
0.740487 1.055557 1.011066
0.741230 1.058264 1.007348
0.741958 1.060937 1.003601
0.742675 1.063574 0.999828
0.743381 1.066175 0.996027
0.744075 1.068740 0.992199
0.744757 1.071267 0.988345
0.745428 1.073758 0.984465
0.746087 1.076212 0.980559
0.746734 1.078628 0.976628
0.747369 1.081007 0.972672
0.747992 1.083348 0.968692
0.748604 1.085651 0.964688
0.749203 1.087915 0.960660
0.749790 1.090141 0.956609
0.750365 1.092328 0.952535
0.750928 1.094476 0.948439
0.751480 1.096584 0.944320
0.752019 1.098653 0.940180
0.752547 1.100682 0.936019
0.753064 1.102671 0.931837
0.753569 1.104620 0.927635
0.754063 1.106528 0.923413
0.754545 1.108395 0.919171
0.755017 1.110221 0.914911
0.755478 1.112006 0.910632
0.755928 1.113749 0.906334
0.756368 1.115451 0.902019
0.756798 1.117110 0.897686
0.757218 1.118727 0.893337
0.757628 1.120302 0.888971
0.758028 1.121834 0.884589
0.758418 1.123323 0.880192
0.758799 1.124769 0.875779
0.759171 1.126172 0.871351
0.759533 1.127532 0.866910
0.759886 1.128848 0.862454
0.760229 1.130120 0.857985
0.760563 1.131349 0.853503
0.760887 1.132533 0.849009
0.761202 1.133674 0.844503
0.761507 1.134770 0.839985
0.761803 1.135822 0.835455
0.762088 1.136830 0.830915
0.762362 1.137794 0.826365
0.762627 1.138713 0.821805
0.763244 1.140764 0.822631
0.763838 1.142813 0.823478
0.764420 1.144856 0.824346
0.764996 1.146892 0.825236
0.765215 1.147777 0.820667
0.765443 1.148611 0.816089
0.766043 1.150631 0.816999
0.766624 1.152647 0.817931
0.767195 1.154655 0.818883
0.767760 1.156656 0.819857
0.768321 1.158647 0.820851
0.768878 1.160629 0.821866
0.769431 1.162601 0.822901
0.769618 1.163399 0.818315
0.769816 1.164147 0.813720
0.770012 1.164847 0.809118
0.770200 1.165502 0.804509
0.770785 1.167455 0.805565
0.771345 1.169403 0.806641
0.771493 1.170022 0.802025
0.771647 1.170590 0.797404
0.771795 1.171112 0.792776
0.771934 1.171589 0.788144
0.772060 1.172021 0.783506
0.772174 1.172408 0.778865
0.772203 1.172400 0.778865
0.772216 1.172397 0.778865
0.772225 1.172394 0.778865
0.771771 1.170787 0.773143
0.771314 1.169121 0.767438
0.771337 1.169115 0.767438
0.771349 1.169112 0.767438
0.771358 1.169109 0.767438
0.770875 1.167391 0.761751
0.770389 1.165616 0.756082
0.769158 1.164850 0.751034
0.768936 1.164908 0.751033
0.768893 1.164936 0.751045
0.768887 1.164956 0.751058
0.768888 1.164973 0.751070
0.767689 1.164183 0.746053
0.767637 1.164265 0.746178
0.766679 1.164257 0.746114
0.766070 1.164264 0.746120
0.765503 1.164247 0.746120
0.764944 1.164257 0.746138
0.764388 1.164262 0.746158
0.764832 1.166136 0.751787
0.764760 1.166081 0.751780
0.764695 1.165989 0.751745
0.764662 1.165912 0.751727
0.764645 1.165832 0.751710
0.764645 1.165763 0.751702
0.764656 1.165657 0.751687
0.764684 1.165636 0.751684
0.764713 1.165621 0.751683
0.764742 1.165608 0.751682
0.765301 1.167401 0.757332
0.765826 1.169147 0.763003
0.766331 1.170840 0.768692
0.766819 1.172479 0.774398
0.763728 1.175024 0.780125
0.759267 1.177815 0.785867
0.754312 1.180616 0.791624
0.749149 1.183350 0.797395
0.743877 1.185992 0.803181
0.738532 1.188531 0.808981
0.733127 1.190964 0.814794
0.727669 1.193287 0.820618
0.722163 1.195502 0.826455
0.716609 1.197606 0.832303
0.711012 1.199600 0.838163
0.705372 1.201482 0.844032
0.699692 1.203252 0.849912
0.693974 1.204908 0.855801
0.688219 1.206451 0.861698
0.682431 1.207878 0.867603
0.676611 1.209190 0.873516
0.670760 1.210385 0.879436
0.664882 1.211464 0.885362
0.658978 1.212426 0.891293
0.653050 1.213269 0.897229
0.647101 1.213994 0.903170
0.641133 1.214601 0.909115
0.635149 1.215088 0.915063
0.629150 1.215455 0.921013
0.623140 1.215703 0.926966
0.617121 1.215830 0.932920
0.611101 1.215833 0.938872
0.605071 1.215719 0.944827
0.599040 1.215484 0.950782
0.596360 1.210533 0.949840
0.598295 1.205725 0.948865
0.602388 1.200971 0.947895
0.607459 1.196196 0.946919
0.612931 1.191364 0.945933
0.615228 1.186454 0.944959
0.616102 1.184693 0.949104
0.616441 1.182887 0.953229
0.616559 1.181036 0.957333
0.616587 1.179144 0.961417
0.616580 1.177211 0.965482
0.616560 1.175237 0.969527
0.616537 1.173223 0.973553
0.616512 1.171169 0.977558
0.620239 1.170795 0.983051
0.625165 1.170336 0.988552
0.630452 1.169775 0.994044
0.631822 1.169213 0.999558
0.632128 1.168613 1.005051
0.632136 1.165346 1.005126
0.632046 1.162079 1.005165
0.631936 1.158813 1.005171
0.631806 1.153891 1.003556
0.631672 1.148954 1.001924
0.631533 1.144002 1.000276
0.627004 1.139120 0.998642
0.621949 1.134182 0.996964
0.621366 1.129185 0.995255
0.621304 1.124177 0.993545
0.621249 1.123643 0.998580
0.621220 1.123061 1.003611
0.621161 1.124993 1.014006
0.621121 1.126713 1.024471
0.621111 1.125873 1.029535
0.621087 1.124981 1.034587
0.621083 1.122416 1.038009
0.621078 1.119816 1.041405
0.621073 1.117182 1.044775
0.621070 1.114515 1.048118
0.621068 1.111814 1.051434
0.621066 1.109081 1.054723
0.621065 1.106315 1.057985
0.621064 1.103516 1.061219
0.621064 1.100686 1.064425
0.621064 1.097823 1.067603
0.621064 1.094929 1.070752
0.621065 1.092004 1.073872
0.621066 1.089047 1.076962
0.621066 1.086060 1.080023
0.621067 1.083043 1.083054
0.621068 1.079995 1.086055
0.621069 1.076918 1.089025
0.621069 1.073811 1.091964
0.621069 1.070675 1.094872
0.621069 1.067510 1.097748
0.621069 1.064316 1.100593
0.621069 1.061094 1.103406
0.621068 1.057844 1.106186
0.621067 1.054567 1.108934
0.621066 1.051262 1.111649
0.621064 1.047931 1.114331
0.621063 1.044572 1.116979
0.621060 1.041188 1.119593
0.621058 1.037777 1.122174
0.621055 1.034341 1.124720
0.621052 1.030880 1.127232
0.621048 1.027393 1.129710
0.621044 1.023883 1.132152
0.621040 1.020347 1.134559
0.621035 1.016788 1.136930
0.621030 1.013206 1.139266
0.621024 1.009600 1.141566
0.621019 1.005971 1.143830
0.621012 1.002320 1.146057
0.621006 0.998647 1.148248
0.620999 0.994952 1.150401
0.621012 0.993313 1.148796
0.621025 0.991657 1.147206
0.621057 0.991994 1.141924
0.621088 0.992246 1.136672
0.621100 0.990513 1.135167
0.621111 0.988765 1.133680
0.621122 0.987002 1.132210
0.621132 0.985225 1.130758
0.621142 0.983433 1.129324
0.621152 0.981627 1.127908
0.621162 0.979807 1.126509
0.621171 0.977973 1.125130
0.621180 0.976125 1.123768
0.621188 0.974264 1.122425
0.621197 0.972389 1.121101
0.621204 0.970501 1.119795
0.621212 0.968600 1.118509
0.621219 0.966687 1.117241
0.621226 0.964760 1.115993
0.621232 0.962822 1.114764
0.621238 0.960871 1.113554
0.621244 0.958908 1.112364
0.621250 0.956933 1.111194
0.621255 0.954947 1.110043
0.621259 0.952949 1.108913
0.621264 0.950940 1.107802
0.621268 0.948921 1.106711
0.621272 0.946890 1.105641
0.621275 0.944848 1.104591
0.621278 0.942797 1.103562
0.621280 0.940735 1.102553
0.621283 0.938663 1.101565
0.621284 0.936581 1.100597
0.621286 0.934490 1.099651
0.621287 0.932390 1.098725
0.621287 0.930280 1.097820
0.621287 0.928161 1.096937
0.621282 0.928160 1.096936
0.621278 0.928160 1.096936
0.621273 0.928160 1.096935
0.621269 0.928160 1.096935
0.621265 0.928160 1.096934
0.621260 0.928159 1.096934
0.621256 0.928159 1.096933
0.621251 0.928159 1.096933
0.621246 0.928159 1.096932
0.624323 0.928131 1.096932
0.627400 0.928072 1.096931
0.630476 0.927982 1.096931
0.633550 0.927862 1.096930
0.636624 0.927711 1.096929
0.639818 0.929645 1.097812
0.642988 0.930240 1.093969
0.646169 0.930765 1.090118
0.649499 0.932628 1.083126
0.652892 0.935159 1.084712
0.656341 0.937669 1.086270
0.659846 0.940156 1.087799
0.663406 0.942620 1.089299
0.667022 0.945059 1.090770
0.670384 0.945221 1.086897
0.670492 0.945831 1.083018
0.670593 0.946403 1.079133
0.674183 0.947973 1.080016
0.677807 0.949496 1.080919
0.681465 0.950969 1.081844
0.684888 0.950867 1.077953
0.688307 0.950692 1.074058
0.691721 0.950442 1.070157
0.695129 0.950120 1.066252
0.698528 0.949724 1.062343
0.701917 0.949256 1.058430
0.705295 0.948715 1.054514
0.708660 0.948101 1.050595
0.712010 0.947415 1.046673
0.715345 0.946657 1.042750
0.718662 0.945828 1.038825
0.721961 0.944927 1.034898
0.725239 0.943956 1.030970
0.728496 0.942914 1.027042
0.731729 0.941803 1.023114
0.734938 0.940622 1.019186
0.738844 0.941425 1.020132
0.742775 0.942172 1.021098
0.746729 0.942864 1.022086
0.750705 0.943500 1.023094
0.754702 0.944078 1.024122
0.758719 0.944600 1.025171
0.762756 0.945064 1.026240
0.766811 0.945469 1.027330
0.770884 0.945816 1.028439
0.774974 0.946104 1.029569
0.779079 0.946332 1.030719
0.783199 0.946500 1.031888
0.787332 0.946607 1.033077
0.791479 0.946654 1.034286
0.795636 0.946640 1.035514
0.799805 0.946565 1.036761
0.803983 0.946427 1.038028
0.808170 0.946228 1.039314
0.812364 0.945966 1.040618
0.816566 0.945642 1.041942
0.820772 0.945254 1.043284
0.824983 0.944804 1.044644
0.829198 0.944290 1.046023
0.833415 0.943713 1.047420
0.837633 0.943072 1.048836
0.841851 0.942368 1.050269
0.846069 0.941599 1.051720
0.850285 0.940766 1.053189
0.854498 0.939870 1.054676
0.858706 0.938908 1.056180
0.862910 0.937883 1.057701
0.867107 0.936794 1.059239
0.871297 0.935640 1.060794
0.875479 0.934421 1.062366
0.879651 0.933139 1.063955
0.883813 0.931792 1.065560
0.887962 0.930381 1.067181
0.892099 0.928906 1.068818
0.896222 0.927367 1.070472
0.900331 0.925764 1.072141
0.904423 0.924097 1.073826
0.908497 0.922367 1.075526
0.912554 0.920573 1.077242
0.916591 0.918716 1.078973
0.920608 0.916796 1.080719
0.924604 0.914814 1.082479
0.928576 0.912769 1.084255
0.932525 0.910662 1.086044
0.936450 0.908493 1.087848
0.940348 0.906263 1.089666
0.944220 0.903971 1.091498
0.948064 0.901619 1.093344
0.951879 0.899206 1.095203
0.955663 0.896733 1.097076
0.959417 0.894201 1.098961
0.963139 0.891609 1.100860
0.966828 0.888959 1.102771
0.967802 0.889742 1.104695
0.968761 0.890513 1.106632
0.969705 0.891273 1.108580
0.970633 0.892020 1.110541
0.971546 0.892755 1.112514
0.972443 0.893479 1.114498
0.973324 0.894190 1.116493
0.973265 0.894128 1.112566
0.973174 0.894042 1.108640
0.973052 0.893932 1.104715
0.974136 0.894740 1.096318
0.975091 0.895450 1.087913
0.975918 0.896062 1.079504
0.976615 0.896575 1.071094
0.977184 0.896989 1.062685
0.977624 0.897306 1.054283
0.977100 0.896886 1.050412
0.978911 0.898306 1.047812
0.980701 0.899710 1.045190
0.982471 0.901098 1.042545
0.984219 0.902470 1.039877
0.985947 0.903826 1.037188
0.987653 0.905165 1.034476
0.989337 0.906488 1.031744
0.990999 0.907794 1.028989
0.992639 0.909083 1.026214
0.994258 0.910355 1.023418
0.995854 0.911611 1.020602
0.997427 0.912849 1.017766
0.998978 0.914070 1.014910
1.000506 0.915274 1.012034
1.002011 0.916460 1.009139
1.003493 0.917629 1.006224
1.004452 0.918401 1.008161
1.005396 0.919160 1.010110
1.006324 0.919907 1.012071
1.007238 0.920642 1.014044
1.006201 0.919831 1.010343
1.007097 0.920556 1.012327
1.007978 0.921267 1.014323
1.008844 0.921966 1.016330
1.009694 0.922652 1.018349
1.010528 0.923327 1.020378
1.011345 0.923988 1.022417
1.012147 0.924638 1.024467
1.012932 0.925275 1.026528
1.013701 0.925899 1.028598
1.014453 0.926511 1.030678
1.015883 0.927638 1.027759
1.014788 0.926782 1.024085
1.013663 0.925905 1.020426
1.012508 0.925006 1.016780
1.011325 0.924085 1.013150
1.010113 0.923141 1.009535
1.010620 0.923534 1.004591
1.011858 0.924517 1.001712
1.010982 0.923825 0.993196
1.009628 0.922773 0.989662
1.010394 0.923401 0.991732
1.010392 0.923403 0.991732
1.010390 0.923405 0.991732
1.010389 0.923407 0.991731
1.010387 0.923409 0.991731
1.010385 0.923412 0.991731
1.010383 0.923414 0.991731
1.009975 0.923105 0.996672
1.009527 0.922767 1.001608
1.009039 0.922399 1.006538
1.008513 0.922000 1.011462
1.007947 0.921573 1.016379
1.007342 0.921115 1.021289
1.006699 0.920627 1.026190
1.006016 0.920110 1.031084
1.005294 0.919563 1.035968
1.001528 0.922813 1.040844
0.997694 0.925991 1.045709
0.993798 0.929092 1.050564
0.991299 0.933384 1.061323
0.988579 0.937510 1.072128
0.985387 0.941178 1.072130
0.985386 0.941180 1.072130
0.981170 0.943946 1.076988
0.976895 0.946633 1.081832
0.972567 0.949233 1.086662
0.968189 0.951747 1.091478
0.963760 0.954173 1.096278
0.960250 0.957514 1.107128
0.956247 0.960323 1.115751
0.952107 0.962969 1.124380
0.947834 0.965450 1.133012
0.943432 0.967760 1.141645
0.938905 0.969897 1.150275
0.934258 0.971856 1.158899
0.929494 0.973634 1.167513
0.924619 0.975229 1.176116
0.919636 0.976637 1.184702
0.914551 0.977854 1.193270
0.909367 0.978879 1.201816
0.904089 0.979709 1.210337
0.898723 0.980341 1.218829
0.895087 0.983155 1.225039
0.891442 0.985888 1.225042
0.887769 0.988584 1.225038
0.884069 0.991244 1.225034
0.880343 0.993867 1.225030
0.876470 0.996305 1.228950
0.872552 0.998671 1.232867
0.868592 1.000963 1.236783
0.864589 1.003181 1.240695
0.860547 1.005324 1.244605
0.856465 1.007391 1.248510
0.852346 1.009381 1.252411
0.848192 1.011294 1.256308
0.844003 1.013130 1.260199
0.839781 1.014887 1.264085
0.835527 1.016564 1.267965
0.831244 1.018162 1.271841
0.826933 1.019679 1.275710
0.822595 1.021116 1.279572
0.818232 1.022471 1.283427
0.813845 1.023745 1.287274
0.809436 1.024936 1.291113
0.805007 1.026045 1.294944
0.800937 1.027875 1.294940
0.796850 1.029664 1.294936
0.792744 1.031413 1.294932
0.788578 1.032948 1.292640
0.784390 1.034419 1.290349
0.780181 1.035827 1.288061
0.775953 1.037171 1.285776
0.771705 1.038450 1.283494
0.767440 1.039664 1.281214
0.763159 1.040814 1.278937
0.758861 1.041898 1.276663
0.754550 1.042917 1.274393
0.750225 1.043870 1.272126
0.745888 1.044757 1.269863
0.741540 1.045578 1.267604
0.737183 1.046333 1.265350
0.732816 1.047022 1.263100
0.728442 1.047644 1.260855
0.724061 1.048200 1.258615
0.719674 1.048689 1.256380
0.715284 1.049112 1.254151
0.710890 1.049467 1.251928
0.706494 1.049756 1.249710
0.702097 1.049979 1.247498
0.697700 1.050135 1.245293
0.693304 1.050224 1.243095
0.688911 1.050246 1.240903
0.684521 1.050203 1.238718
0.680136 1.050093 1.236541
0.675757 1.049916 1.234371
0.671385 1.049674 1.232208
0.667020 1.049366 1.230054
0.662665 1.048992 1.227908
0.658319 1.048553 1.225770
0.653985 1.048049 1.223641
0.649663 1.047479 1.221520
0.645355 1.046845 1.219409
0.641061 1.046147 1.217307
0.636782 1.045384 1.215214
0.632520 1.044558 1.213131
0.628276 1.043668 1.211058
0.624051 1.042715 1.208994
0.619845 1.041700 1.206942
0.615660 1.040622 1.204899
0.611455 1.040557 1.204895
0.611455 1.040556 1.204892
0.611456 1.040555 1.204888
0.611498 1.039480 1.202857
0.611541 1.038385 1.200836
0.611584 1.037269 1.198827
0.611628 1.036134 1.196828
0.615822 1.035041 1.194842
0.615854 1.033865 1.192867
0.615886 1.032669 1.190904
0.615918 1.031455 1.188953
0.615950 1.030220 1.187014
0.615982 1.028966 1.185088
0.616015 1.027693 1.183174
0.616047 1.026401 1.181274
0.616079 1.025090 1.179386
0.616111 1.023760 1.177512
0.616143 1.022412 1.175651
0.616175 1.021045 1.173804
0.616208 1.019660 1.171971
0.616240 1.018256 1.170152
0.616272 1.016834 1.168347
0.616304 1.015394 1.166555
0.616336 1.013936 1.164777
0.616369 1.012460 1.163015
0.616401 1.010966 1.161267
0.616433 1.009455 1.159535
0.616465 1.007927 1.157818
0.616497 1.006382 1.156116
0.616529 1.004820 1.154430
0.616561 1.003242 1.152760
0.616593 1.001646 1.151105
0.616625 1.000034 1.149467
0.616657 0.998406 1.147846
0.616688 0.996762 1.146240
0.616720 0.995102 1.144652
0.616751 0.993426 1.143080
0.616783 0.991735 1.141525
0.616814 0.990028 1.139987
0.616845 0.988305 1.138465
0.616877 0.986567 1.136961
0.616908 0.984814 1.135474
0.616939 0.983046 1.134005
0.616971 0.981264 1.132554
0.617002 0.979467 1.131121
0.617032 0.977657 1.129706
0.617063 0.975832 1.128309
0.617094 0.973993 1.126931
0.617124 0.972141 1.125571
0.617154 0.970275 1.124230
0.617185 0.968396 1.122908
0.617215 0.966504 1.121605
0.617245 0.964599 1.120320
0.617275 0.962680 1.119054
0.617305 0.960749 1.117807
0.617335 0.958806 1.116580
0.617364 0.956850 1.115373
0.617394 0.954883 1.114185
0.617423 0.952904 1.113017
0.617452 0.950914 1.111870
0.617481 0.948912 1.110742
0.617510 0.946899 1.109634
0.617538 0.944875 1.108547
0.617567 0.942841 1.107480
0.617595 0.940796 1.106434
0.617623 0.938740 1.105407
0.617652 0.936673 1.104401
0.617680 0.934597 1.103416
0.617707 0.932511 1.102452
0.617735 0.930416 1.101509
0.617762 0.928311 1.100587
0.617789 0.926198 1.099686
0.617790 0.926196 1.099684
0.614730 0.926157 1.099683
0.611669 0.926087 1.099682
0.608610 0.925987 1.099680
0.605551 0.925856 1.099679
0.602494 0.925694 1.099677
0.599439 0.925502 1.099676
0.596386 0.925280 1.099675
0.593211 0.926573 1.096604
0.590010 0.927803 1.093518
0.586784 0.928968 1.090416
0.583536 0.930068 1.087300
0.579983 0.933239 1.084962
0.576365 0.936346 1.082588
0.572684 0.939387 1.080179
0.568942 0.942362 1.077734
0.565139 0.945270 1.075254
0.561278 0.948108 1.072740
0.557358 0.950877 1.070190
0.553382 0.953574 1.067607
0.549351 0.956198 1.064989
0.545994 0.955473 1.064987
0.542644 0.954715 1.064986
0.542380 0.955887 1.061544
0.542125 0.957025 1.058090
0.538502 0.957333 1.054625
0.534872 0.957567 1.051148
0.531237 0.957728 1.047660
0.527600 0.957816 1.044162
0.523962 0.957831 1.040653
0.520323 0.957774 1.037135
0.516686 0.957644 1.033608
0.513053 0.957441 1.030072
0.512798 0.958255 1.026528
0.512556 0.959034 1.022974
0.512324 0.959778 1.019413
0.511414 0.962619 1.016349
0.510512 0.965432 1.013257
0.509619 0.968214 1.010135
0.508735 0.970967 1.006984
0.507860 0.973690 1.003805
0.506995 0.976382 1.000597
0.506138 0.979044 0.997362
0.505291 0.981674 0.994098
0.504601 0.983799 0.994626
0.503912 0.985918 0.995176
0.504063 0.985466 0.991279
0.504228 0.984975 0.987385
0.504404 0.984448 0.983497
0.504592 0.983884 0.979614
0.504791 0.983282 0.975738
0.505002 0.982644 0.971868
0.505225 0.981968 0.968005
0.505459 0.981256 0.964150
0.505705 0.980508 0.960302
0.505963 0.979722 0.956462
0.506232 0.978900 0.952631
0.506513 0.978042 0.948808
0.506805 0.977147 0.944995
0.507109 0.976215 0.941192
0.507425 0.975248 0.937398
0.507753 0.974245 0.933615
0.508092 0.973206 0.929842
0.508442 0.972131 0.926081
0.508803 0.971020 0.922331
0.505692 0.968751 0.918593
0.506079 0.967570 0.914867
0.506487 0.966356 0.911154
0.506906 0.965107 0.907454
0.503911 0.962682 0.903767
0.504359 0.961365 0.900094
0.501438 0.958850 0.896435
0.501925 0.957468 0.892790
0.502429 0.956055 0.889160
0.502945 0.954607 0.885546
0.500153 0.951946 0.881947
0.500704 0.950434 0.878364
0.501271 0.948891 0.874797
0.500498 0.950975 0.875369
0.500497 0.950974 0.875369
0.500497 0.950974 0.875369
0.500496 0.950974 0.875369
0.500496 0.950974 0.875369
0.500496 0.950974 0.875369
0.500495 0.950973 0.875369
0.500495 0.950973 0.875369
0.500494 0.950973 0.875369
0.500494 0.950973 0.875369
0.499723 0.953051 0.875964
0.498954 0.955124 0.876581
0.498187 0.957191 0.877220
0.497422 0.959252 0.877881
0.496659 0.961306 0.878564
0.495898 0.963354 0.879269
0.495139 0.965394 0.879996
0.494383 0.967428 0.880744
0.497125 0.970699 0.881514
0.499928 0.973944 0.882305
0.499225 0.975973 0.883119
0.502100 0.979186 0.883953
0.505034 0.982371 0.884809
0.508024 0.985524 0.885686
0.507392 0.987540 0.886585
0.506757 0.989545 0.887504
0.506125 0.991541 0.888445
0.505495 0.993528 0.889406
0.505494 0.993528 0.889406
0.505023 0.994983 0.886463
0.504561 0.996409 0.883505
0.504107 0.997807 0.880533
0.504291 0.997189 0.876584
0.504485 0.996534 0.872642
0.504691 0.995840 0.868707
0.504689 0.995839 0.868707
0.504687 0.995839 0.868707
0.504685 0.995838 0.868707
0.504683 0.995837 0.868707
0.504046 0.997842 0.869626
0.503626 0.999124 0.866597
0.503213 1.000378 0.863554
0.502809 1.001601 0.860499
0.502413 1.002796 0.857431
0.502661 1.001956 0.853430
0.502657 1.001954 0.853430
0.502653 1.001953 0.853430
0.502649 1.001952 0.853430
0.502645 1.001950 0.853430
0.502641 1.001949 0.853430
0.502637 1.001947 0.853429
0.502302 1.001913 0.853478
0.501894 1.001890 0.853548
0.501839 1.001901 0.853563
0.501837 1.001896 0.853559
0.501835 1.001891 0.853555
0.501787 1.001903 0.853569
0.501787 1.001897 0.853564
0.501787 1.001892 0.853560
0.501529 1.002726 0.857561
0.501283 1.003522 0.861570
0.501049 1.004280 0.865587
0.504615 1.006148 0.869609
0.508284 1.007967 0.873642
0.511991 1.009713 0.877681
0.515731 1.011384 0.881727
0.519504 1.012980 0.885779
0.523308 1.014501 0.889837
0.530500 1.016717 0.893906
0.537770 1.018766 0.897968
0.544465 1.024170 0.906767
0.551405 1.029287 0.915659
0.555517 1.029957 0.915661
0.559616 1.030580 0.915660
0.563721 1.031162 0.915658
0.567832 1.031702 0.915657
0.571948 1.032202 0.915656
0.576069 1.032661 0.915655
0.580100 1.034576 0.919283
0.584171 1.036417 0.922926
0.588277 1.038181 0.926583
0.592417 1.039867 0.930254
0.596584 1.041545 0.938159
0.600792 1.043029 0.946104
0.605036 1.044316 0.954085
0.609312 1.045406 0.962100
0.613613 1.046297 0.970145
0.617935 1.046988 0.978217
0.622273 1.047478 0.986313
0.626621 1.047766 0.994430
0.630975 1.047852 1.002564
0.635328 1.047734 1.010714
0.639602 1.047559 1.010714
0.639603 1.047559 1.010713
0.639599 1.047558 1.010712
0.635323 1.047732 1.010711
0.631042 1.047165 1.014984
0.631036 1.046423 1.019250
0.631033 1.045638 1.023509
0.631031 1.044811 1.027760
0.627058 1.044015 1.032058
0.623083 1.043142 1.036326
0.619107 1.042195 1.040561
0.619104 1.041198 1.044776
0.619102 1.040158 1.048982
0.619091 1.040939 1.058684
0.619080 1.041513 1.068431
0.619069 1.041879 1.078216
0.619068 1.040473 1.086354
0.619067 1.038908 1.094476
0.619075 1.035827 1.096959
0.619074 1.034266 1.101108
0.619073 1.032664 1.105241
0.619071 1.031020 1.109358
0.619070 1.029335 1.113458
0.619070 1.027610 1.117541
0.619069 1.025843 1.121607
0.619068 1.024037 1.125654
0.619076 1.020768 1.127882
0.619076 1.018357 1.135768
0.619081 1.016936 1.133966
0.619086 1.015495 1.132177
0.619089 1.015892 1.126452
0.619091 1.016196 1.120754
0.619094 1.016408 1.115084
0.619099 1.014846 1.113399
0.619095 1.014383 1.117297
0.619092 1.013881 1.121191
0.619088 1.013340 1.125080
0.619084 1.012760 1.128963
0.619081 1.012141 1.132840
0.619077 1.011484 1.136711
0.619074 1.010788 1.140575
0.619070 1.010053 1.144431
0.619066 1.009280 1.148280
0.619063 1.008469 1.152122
0.619067 1.006890 1.150454
0.619071 1.005295 1.148801
0.619074 1.003683 1.147165
0.619078 1.002055 1.145544
0.619082 1.000411 1.143940
0.619085 0.998751 1.142353
0.619089 0.997075 1.140782
0.619092 0.995384 1.139228
0.619096 0.993677 1.137691
0.619099 0.991955 1.136172
0.619102 0.990218 1.134669
0.619105 0.988466 1.133185
0.619108 0.986699 1.131717
0.619111 0.984917 1.130268
0.619114 0.983121 1.128836
0.619117 0.981311 1.127423
0.619120 0.979487 1.126027
0.619123 0.977649 1.124650
0.619125 0.975798 1.123292
0.619128 0.973933 1.121952
0.619130 0.972055 1.120631
0.619133 0.970163 1.119328
0.619135 0.968259 1.118045
0.619137 0.966342 1.116781
0.619140 0.964412 1.115536
0.619142 0.962470 1.114310
0.619144 0.960516 1.113104
0.619146 0.958550 1.111918
0.619148 0.956573 1.110751
0.619150 0.954583 1.109604
0.619152 0.952583 1.108478
0.619153 0.950571 1.107371
0.619155 0.948548 1.106284
0.619157 0.946515 1.105218
0.619158 0.944471 1.104172
0.619160 0.942416 1.103146
0.619161 0.940352 1.102142
0.619163 0.938277 1.101157
0.619164 0.936193 1.100194
0.619165 0.934099 1.099252
0.619167 0.931996 1.098330
0.619168 0.929884 1.097430
0.619169 0.927763 1.096551
0.619170 0.925634 1.095693
0.619165 0.925634 1.095692
0.622215 0.925626 1.095691
0.625266 0.925589 1.095690
0.628359 0.927032 1.092626
0.631527 0.929786 1.094211
0.634752 0.932522 1.095768
0.638033 0.935241 1.097296
0.641372 0.937939 1.098795
0.644767 0.940617 1.100265
0.648220 0.943273 1.101706
0.651729 0.945906 1.103118
0.655295 0.948515 1.104499
0.658919 0.951098 1.105852
0.662599 0.953655 1.107174
0.666336 0.956184 1.108467
0.670130 0.958683 1.109729
0.673980 0.961153 1.110961
0.677887 0.963591 1.112163
0.681850 0.965996 1.113335
0.685870 0.968368 1.114476
0.689945 0.970704 1.115586
0.694075 0.973004 1.116666
0.698261 0.975267 1.117714
0.702502 0.977491 1.118732
0.706067 0.976649 1.118731
0.709624 0.975772 1.118730
0.713172 0.974859 1.118729
0.716710 0.973910 1.118728
0.720239 0.972927 1.118727
0.723758 0.971908 1.118726
0.727266 0.970854 1.118725
0.730764 0.969765 1.118724
0.734251 0.968641 1.118723
0.737726 0.967483 1.118722
0.741190 0.966289 1.118721
0.744641 0.965062 1.118720
0.748080 0.963800 1.118719
0.751507 0.962503 1.118718
0.754920 0.961173 1.118717
0.758320 0.959808 1.118716
0.761706 0.958410 1.118715
0.766309 0.959837 1.119702
0.770959 0.961214 1.120657
0.775655 0.962540 1.121581
0.780396 0.963815 1.122474
0.785182 0.965036 1.123335
0.790012 0.966204 1.124165
0.794885 0.967316 1.124963
0.799801 0.968373 1.125729
0.804759 0.969372 1.126464
0.809758 0.970313 1.127166
0.814798 0.971194 1.127837
0.819877 0.972016 1.128476
0.824994 0.972776 1.129082
0.830150 0.973474 1.129656
0.835342 0.974109 1.130198
0.840570 0.974679 1.130708
0.845833 0.975185 1.131186
0.851130 0.975625 1.131631
0.856460 0.975998 1.132043
0.861821 0.976304 1.132424
0.867214 0.976541 1.132771
0.872635 0.976710 1.133086
0.878086 0.976808 1.133368
0.883563 0.976836 1.133618
0.887109 0.974189 1.133616
0.890627 0.971507 1.133614
0.894117 0.968790 1.133612
0.898761 0.967508 1.129165
0.903374 0.966136 1.124698
0.906806 0.963295 1.124695
0.912322 0.962906 1.124846
0.917861 0.962442 1.124965
0.923419 0.961903 1.125051
0.928993 0.961289 1.125105
0.934584 0.960600 1.125125
0.940190 0.959835 1.125113
0.945808 0.958994 1.125068
0.950420 0.957021 1.120356
0.954983 0.954963 1.115624
0.959499 0.952818 1.110875
0.963969 0.950586 1.106108
0.967229 0.947156 1.106103
0.970458 0.943692 1.106100
0.973654 0.940194 1.106096
0.976815 0.936665 1.106093
0.979941 0.933104 1.106090
0.983031 0.929513 1.106087
0.986086 0.925891 1.106083
0.989104 0.922239 1.106080
0.992086 0.918557 1.106077
0.995033 0.914844 1.106074
0.997942 0.911103 1.106071
1.000814 0.907333 1.106067
1.003647 0.903536 1.106064
1.009068 0.901641 1.105855
1.011060 0.901633 1.101061
1.012508 0.902286 1.096235
1.015181 0.904133 1.095928
1.017815 0.906030 1.095590
1.019028 0.906915 1.090682
1.020189 0.907783 1.085757
1.021307 0.908628 1.080817
1.022384 0.909445 1.075863
1.023419 0.910234 1.070897
1.024414 0.910994 1.065917
1.025369 0.911725 1.060926
1.026284 0.912426 1.055923
1.026290 0.912417 1.055922
1.026281 0.912428 1.055921
1.026268 0.912446 1.055920
1.026252 0.912468 1.055919
1.026235 0.912490 1.055918
1.025303 0.911808 1.060917
1.024316 0.911117 1.065905
1.023283 0.910405 1.070880
1.022208 0.909667 1.075842
1.019179 0.911548 1.080809
1.015431 0.914272 1.085750
1.011390 0.917230 1.090673
1.007211 0.920209 1.095579
1.002950 0.923134 1.100470
0.997345 0.924936 1.100772
0.991734 0.926660 1.101040
0.987803 0.929712 1.101959
0.983844 0.932705 1.102868
0.979858 0.935642 1.103766
0.975845 0.938522 1.104653
0.974202 0.943562 1.105421
0.970932 0.947106 1.105420
0.967628 0.950614 1.105420
0.962737 0.952584 1.104649
0.957834 0.954486 1.103899
0.952921 0.956318 1.103172
0.948002 0.958080 1.102466
0.944588 0.961359 1.102465
0.940048 0.963410 1.107166
0.935455 0.965382 1.111851
0.930822 0.967263 1.116519
0.926154 0.969049 1.121170
0.921453 0.970739 1.125803
0.916722 0.972334 1.130418
0.911961 0.973832 1.135014
0.908391 0.976748 1.135014
0.904800 0.979621 1.135013
0.899995 0.980918 1.139590
0.895158 0.982125 1.144147
0.890299 0.983233 1.148684
0.885420 0.984243 1.153201
0.880523 0.985155 1.157696
0.875611 0.985967 1.162171
0.870684 0.986680 1.166623
0.865745 0.987294 1.171053
0.860796 0.987808 1.175460
0.855839 0.988222 1.179844
0.850875 0.988537 1.184204
0.845907 0.988752 1.188540
0.840935 0.988868 1.192852
0.835961 0.988883 1.197138
0.830989 0.988798 1.201398
0.826020 0.988614 1.205631
0.821055 0.988330 1.209838
0.816098 0.987946 1.214019
0.811150 0.987463 1.218172
0.806213 0.986882 1.222298
0.801289 0.986201 1.226396
0.796380 0.985422 1.230466
0.791488 0.984545 1.234506
0.786614 0.983571 1.238518
0.781761 0.982499 1.242500
0.776930 0.981330 1.246452
0.775716 0.978527 1.250374
0.770913 0.977197 1.249386
0.766153 0.975817 1.248365
0.761441 0.974388 1.247313
0.756775 0.972910 1.246230
0.752157 0.971385 1.245116
0.747587 0.969813 1.243972
0.743065 0.968197 1.242797
0.738593 0.966536 1.241592
0.734170 0.964833 1.240357
0.729796 0.963088 1.239091
0.725473 0.961303 1.237795
0.721200 0.959478 1.236469
0.716978 0.957616 1.235114
0.712807 0.955716 1.233729
0.708687 0.953781 1.232315
0.704618 0.951810 1.230870
0.700602 0.949806 1.229397
0.696637 0.947770 1.227895
0.692724 0.945702 1.226364
0.688864 0.943605 1.224804
0.685056 0.941479 1.223216
0.681300 0.939324 1.221598
0.677597 0.937143 1.219953
0.677598 0.937141 1.219950
0.674424 0.937700 1.219948
0.671227 0.938161 1.215071
0.668020 0.938540 1.210190
0.664804 0.938839 1.205310
0.661579 0.939056 1.200433
0.658350 0.939193 1.195558
0.655116 0.939248 1.190685
0.651881 0.939222 1.185815
0.648645 0.939115 1.180950
0.645410 0.938927 1.176089
0.642179 0.938658 1.171233
0.638952 0.938307 1.166383
0.635733 0.937876 1.161539
0.632522 0.937363 1.156700
0.629322 0.936769 1.151868
0.626133 0.936095 1.147044
0.622959 0.935341 1.142227
0.619800 0.934507 1.137419
0.616656 0.934488 1.137417
0.616658 0.933595 1.132621
0.616662 0.932652 1.127831
0.616667 0.931660 1.123051
0.616672 0.930620 1.118280
0.619774 0.929551 1.113520
0.622853 0.928403 1.108772
0.622836 0.927220 1.104035
0.622819 0.925991 1.099310
0.622801 0.924715 1.094598
0.622783 0.923391 1.089899
0.622784 0.923390 1.089898
0.622784 0.923388 1.089896
0.622785 0.923387 1.089895
0.622786 0.923385 1.089894
0.622786 0.923384 1.089893
0.622787 0.923382 1.089892
