0.951569 0.961954 1.092225
0.948131 0.965253 1.092221
0.944661 0.968518 1.092219
0.940136 0.970627 1.096972
0.936489 0.973723 1.107660
0.932664 0.976610 1.118373
0.928665 0.979284 1.129107
0.924274 0.981756 1.135922
0.924690 0.982586 1.138020
0.925094 0.983399 1.140125
0.925092 0.983399 1.140122
0.924840 0.983600 1.140091
0.924587 0.983801 1.140064
0.924335 0.984004 1.140040
0.924083 0.984207 1.140019
0.923831 0.984411 1.140001
0.923580 0.984616 1.139986
0.923329 0.984821 1.139974
0.923079 0.985027 1.139966
0.922829 0.985234 1.139960
0.919162 0.988242 1.139959
0.915464 0.991216 1.139956
0.910498 0.992589 1.144687
0.905506 0.993863 1.149398
0.900490 0.995037 1.154089
0.895418 0.996102 1.162685
0.890256 0.996970 1.171259
0.885010 0.997638 1.179805
0.879684 0.998106 1.188322
0.874283 0.998369 1.196806
0.868813 0.998427 1.205253
0.863279 0.998278 1.213661
0.857686 0.997920 1.222026
0.852040 0.997352 1.230345
0.850099 0.994289 1.238616
0.849788 0.993772 1.236406
0.845721 0.995511 1.234195
0.843104 0.999647 1.227600
0.840372 1.003674 1.220998
0.836168 1.005213 1.218821
0.831952 1.006761 1.222683
0.827709 1.008229 1.226539
0.823439 1.009617 1.230387
0.819193 1.010955 1.228224
0.814931 1.012226 1.226062
0.810654 1.013432 1.223907
0.806363 1.014572 1.221761
0.802060 1.015646 1.219622
0.797744 1.016655 1.217493
0.793419 1.017597 1.215372
0.789084 1.018473 1.213260
0.784740 1.019282 1.211158
0.780390 1.020025 1.209064
0.776033 1.020702 1.206981
0.771672 1.021312 1.204907
0.767307 1.021856 1.202844
0.762939 1.022333 1.200790
0.758570 1.022744 1.198747
0.754200 1.023089 1.196715
0.749831 1.023367 1.194694
0.745464 1.023579 1.192684
0.741100 1.023725 1.190685
0.736739 1.023805 1.188697
0.732384 1.023819 1.186722
0.728035 1.023768 1.184758
0.723694 1.023651 1.182806
0.719361 1.023469 1.180867
0.715037 1.023222 1.178940
0.710724 1.022910 1.177026
0.706423 1.022534 1.175124
0.702135 1.022093 1.173236
0.697860 1.021589 1.171361
0.693600 1.021021 1.169500
0.689356 1.020390 1.167652
0.685129 1.019697 1.165818
0.680920 1.018941 1.163998
0.676730 1.018122 1.162192
0.672560 1.017242 1.160399
0.668411 1.016301 1.158621
0.664284 1.015298 1.156858
0.660180 1.014236 1.155109
0.656100 1.013114 1.153376
0.652046 1.011933 1.151658
0.648017 1.010693 1.149955
0.644015 1.009395 1.148268
0.640040 1.008039 1.146597
0.636095 1.006627 1.144942
0.632179 1.005158 1.143303
0.628293 1.003633 1.141680
0.624439 1.002053 1.140074
0.620618 1.000419 1.138485
0.616829 0.998731 1.136912
0.613075 0.996990 1.135356
0.609355 0.995196 1.133817
0.609405 0.993474 1.132294
0.613174 0.991824 1.130789
0.613207 0.990072 1.129301
0.613241 0.988305 1.127831
0.613275 0.986524 1.126379
0.613309 0.984728 1.124945
0.613362 0.981094 1.127149
0.613415 0.977439 1.129318
0.617006 0.975677 1.127902
0.620560 0.973865 1.126505
0.620558 0.972027 1.125125
0.620555 0.970175 1.123765
0.620552 0.968310 1.122423
0.620550 0.966432 1.121100
0.620547 0.964539 1.119795
0.620544 0.962634 1.118509
0.620541 0.960716 1.117242
0.620538 0.958785 1.115995
0.620535 0.956842 1.114767
0.620531 0.954887 1.113559
0.620528 0.952921 1.112370
0.620524 0.950942 1.111202
0.620520 0.948952 1.110053
0.620516 0.946951 1.108925
0.620511 0.944938 1.107816
0.620507 0.942915 1.106728
0.620502 0.940881 1.105660
0.620498 0.938835 1.104612
0.620494 0.936779 1.103584
0.620489 0.934713 1.102578
0.620484 0.932638 1.101592
0.620479 0.930552 1.100626
0.620474 0.928457 1.099682
0.620469 0.926353 1.098760
0.620463 0.924240 1.097858
0.620458 0.922118 1.096977
0.617438 0.922105 1.096976
0.614417 0.922063 1.096975
0.611398 0.921991 1.096973
0.608379 0.921888 1.096972
0.605300 0.923279 1.093942
0.602097 0.925936 1.095578
0.598839 0.928575 1.097185
0.595648 0.929869 1.094083
0.592431 0.931099 1.090966
0.588982 0.934408 1.088628
0.585466 0.937655 1.086253
0.581885 0.940839 1.083843
0.578240 0.943958 1.081397
0.574532 0.947012 1.078916
0.570762 0.949999 1.076399
0.566931 0.952917 1.073847
0.563042 0.955767 1.071261
0.559094 0.958546 1.068641
0.555089 0.961254 1.065987
0.551030 0.963889 1.063299
0.546916 0.966450 1.060578
0.542751 0.968936 1.057823
0.539019 0.969248 1.054242
0.538291 0.972421 1.051423
0.534022 0.974726 1.048571
0.529704 0.976950 1.045686
0.525340 0.979094 1.042768
0.520931 0.981158 1.039820
0.520714 0.982028 1.032143
0.520752 0.981941 1.028214
0.516548 0.983010 1.028986
0.516547 0.983009 1.028986
0.516546 0.983006 1.028984
0.516546 0.983003 1.028981
0.516597 0.982878 1.025054
0.516658 0.982715 1.021128
0.513111 0.981467 1.017206
0.509589 0.980144 1.013285
0.510319 0.977805 1.008597
0.511064 0.975420 1.003933
0.511823 0.972991 0.999294
0.512594 0.970517 0.994680
0.513379 0.967999 0.990093
0.513534 0.967539 0.986195
0.513701 0.967042 0.982301
0.513058 0.969136 0.982985
0.512306 0.971596 0.980015
0.511563 0.974026 0.977019
0.511681 0.973693 0.969448
0.511843 0.973209 0.961893
0.512049 0.972580 0.954360
0.512299 0.971805 0.946851
0.512593 0.970886 0.939369
0.512931 0.969823 0.931918
0.513312 0.968616 0.924501
0.513735 0.967266 0.917120
0.513080 0.969402 0.917649
0.512427 0.971532 0.918200
0.511776 0.973657 0.918774
0.511126 0.975776 0.919369
0.510478 0.977890 0.919987
0.509832 0.979997 0.920627
0.505582 0.980976 0.921290
0.504909 0.983060 0.921973
0.504247 0.985142 0.922679
0.503652 0.987011 0.919556
0.503066 0.988850 0.916413
0.502488 0.990659 0.913250
0.501920 0.992438 0.910069
0.501361 0.994186 0.906870
0.500811 0.995903 0.903652
0.500931 0.995508 0.899711
0.501062 0.995074 0.895774
0.501205 0.994603 0.891841
0.501358 0.994095 0.887914
0.501523 0.993548 0.883992
0.501699 0.992964 0.880076
0.501886 0.992343 0.876166
0.501409 0.993808 0.872815
0.500730 0.995924 0.873388
0.500053 0.998034 0.873984
0.499378 1.000139 0.874602
0.498704 1.002237 0.875241
0.498905 1.001569 0.871235
0.499116 1.000862 0.867235
0.499338 1.000116 0.863243
0.499571 0.999332 0.859259
0.499815 0.998510 0.855283
0.500071 0.997650 0.851316
0.500060 0.997646 0.851315
0.500049 0.997642 0.851315
0.500038 0.997638 0.851315
0.499921 0.997618 0.851312
0.499808 0.997598 0.851309
0.499783 0.997592 0.851307
0.499760 0.997586 0.851306
0.499480 0.998436 0.855272
0.499211 0.999249 0.859246
