0.618415 0.934985 1.128531
0.618409 0.933998 1.123730
0.618403 0.932964 1.118940
0.618396 0.931881 1.114160
0.618390 0.930751 1.109391
0.618383 0.929574 1.104634
0.618376 0.928348 1.099889
0.618370 0.927076 1.095157
0.618366 0.927073 1.095154
0.618361 0.927072 1.095153
0.618358 0.925533 1.098214
0.621393 0.923965 1.101260
0.624397 0.922337 1.104290
0.627402 0.921729 1.112081
0.630389 0.920918 1.119887
0.633351 0.919904 1.127705
0.636284 0.918687 1.135530
0.639130 0.916574 1.138511
0.641934 0.914403 1.141472
0.644694 0.912177 1.144412
0.647409 0.909895 1.147332
0.650077 0.907560 1.150231
0.652705 0.905174 1.153113
0.655284 0.902735 1.155973
0.657815 0.900244 1.158811
0.660291 0.897703 1.161627
0.662713 0.895113 1.164420
0.665083 0.892475 1.167191
0.667400 0.889791 1.169939
0.669662 0.887060 1.172665
0.671869 0.884285 1.175367
0.674021 0.881467 1.178047
0.676115 0.878606 1.180703
0.678152 0.875703 1.183335
0.680130 0.872761 1.185943
0.682049 0.869780 1.188527
0.683908 0.866761 1.191086
0.686369 0.866110 1.191085
0.688824 0.865433 1.191082
0.691273 0.864732 1.191080
0.693715 0.864007 1.191078
0.696149 0.863257 1.191076
0.698575 0.862483 1.191073
0.700994 0.861684 1.191071
0.703405 0.860862 1.191069
0.705807 0.860015 1.191067
0.708201 0.859145 1.191065
0.710586 0.858250 1.191062
0.712961 0.857332 1.191060
0.715328 0.856390 1.191058
0.717685 0.855425 1.191056
0.720032 0.854436 1.191054
0.722369 0.853424 1.191051
0.724696 0.852388 1.191049
0.727012 0.851329 1.191047
0.729318 0.850247 1.191045
0.731613 0.849142 1.191042
0.733897 0.848015 1.191040
0.736169 0.846864 1.191038
0.738429 0.845691 1.191036
0.740678 0.844495 1.191034
0.742915 0.843277 1.191031
0.745139 0.842037 1.191029
0.747351 0.840774 1.191027
0.749550 0.839489 1.191025
0.751737 0.838183 1.191022
0.753910 0.836855 1.191020
0.756069 0.835505 1.191018
0.758215 0.834133 1.191016
0.760348 0.832741 1.191014
0.762466 0.831326 1.191011
0.764570 0.829891 1.191009
0.766659 0.828435 1.191007
0.768734 0.826958 1.191005
0.770794 0.825461 1.191003
0.772839 0.823943 1.191000
0.774869 0.822405 1.190998
0.776883 0.820846 1.190996
0.778881 0.819267 1.190994
0.780865 0.817668 1.190992
0.782832 0.816049 1.190989
0.784783 0.814411 1.190987
0.786717 0.812753 1.190985
0.788635 0.811076 1.190983
0.790536 0.809380 1.190981
0.792420 0.807665 1.190979
0.794287 0.805931 1.190976
0.796136 0.804179 1.190974
0.797967 0.802408 1.190972
0.799781 0.800619 1.190970
0.801577 0.798812 1.190968
0.803355 0.796987 1.190965
0.805114 0.795145 1.190963
0.806855 0.793284 1.190961
0.808577 0.791407 1.190959
0.810280 0.789513 1.190957
0.811964 0.787601 1.190955
0.813629 0.785673 1.190952
0.815275 0.783729 1.190950
0.816901 0.781768 1.190948
0.818507 0.779791 1.190946
0.822040 0.779314 1.188384
0.825563 0.778766 1.185797
0.829073 0.778148 1.183185
0.832570 0.777460 1.180550
0.834131 0.775327 1.180546
0.835671 0.773180 1.180544
0.839137 0.772354 1.177885
0.842585 0.771459 1.175202
0.846015 0.770495 1.172497
0.849425 0.769464 1.169767
0.852812 0.768364 1.167016
0.856181 0.767199 1.164244
0.859523 0.765966 1.161449
0.862840 0.764666 1.158633
0.866130 0.763300 1.155795
0.869392 0.761869 1.152936
0.872624 0.760373 1.150055
0.875825 0.758812 1.147153
0.878998 0.757191 1.144233
0.882141 0.755509 1.141295
0.885243 0.753759 1.138332
0.888315 0.751952 1.135354
0.891344 0.750081 1.132353
0.894337 0.748152 1.129336
0.897293 0.746165 1.126301
0.898538 0.743388 1.126299
0.899755 0.740600 1.126298
0.902625 0.738485 1.123240
0.904279 0.739167 1.120168
0.905901 0.739836 1.117076
0.907495 0.740493 1.113966
0.909061 0.741139 1.110840
0.910597 0.741772 1.107696
0.912104 0.742394 1.104537
0.913581 0.743003 1.101360
0.915029 0.743600 1.098168
0.916447 0.744184 1.094960
0.917835 0.744756 1.091737
0.919193 0.745315 1.088498
0.919191 0.745313 1.088497
0.919190 0.745312 1.088495
0.919188 0.745310 1.088493
0.919186 0.745308 1.088491
0.919184 0.745306 1.088490
0.916561 0.747715 1.091724
0.913889 0.750072 1.094944
0.911171 0.752375 1.098149
0.908407 0.754623 1.101337
0.905598 0.756816 1.104510
0.902747 0.758952 1.107667
0.899853 0.761031 1.110807
0.896918 0.763052 1.113931
0.893943 0.765014 1.117037
0.890930 0.766916 1.120126
0.887879 0.768757 1.123197
0.884791 0.770538 1.126250
0.881669 0.772256 1.129285
0.881728 0.775803 1.126250
0.881713 0.779347 1.123193
0.881627 0.782889 1.120118
0.881470 0.786430 1.117025
0.881243 0.789966 1.113915
0.880944 0.793498 1.110788
0.879195 0.796097 1.110787
0.877420 0.798678 1.110785
0.875619 0.801241 1.110783
0.873793 0.803786 1.110781
0.871941 0.806313 1.110779
0.870064 0.808821 1.110777
0.868163 0.811310 1.110776
0.866236 0.813780 1.110774
0.863360 0.815499 1.106019
0.860438 0.817151 1.101277
0.857471 0.818733 1.096547
0.854460 0.820246 1.091830
0.852445 0.822579 1.091828
0.850407 0.824891 1.091827
0.847226 0.826179 1.094901
0.845152 0.828439 1.094900
0.843056 0.830678 1.094898
0.840937 0.832897 1.094897
0.838797 0.835094 1.094896
0.836634 0.837269 1.094894
0.834450 0.839423 1.094893
0.832245 0.841555 1.094892
0.830018 0.843664 1.094890
0.827770 0.845751 1.094889
0.825502 0.847816 1.094888
0.823213 0.849858 1.094886
0.820903 0.851877 1.094885
0.818574 0.853872 1.094884
0.816225 0.855844 1.094882
0.813856 0.857793 1.094881
0.811468 0.859718 1.094879
0.809061 0.861619 1.094878
0.806635 0.863495 1.094877
0.804190 0.865348 1.094875
0.801727 0.867176 1.094874
0.799246 0.868979 1.094873
0.796747 0.870757 1.094871
0.794230 0.872510 1.094870
0.791696 0.874238 1.094869
0.789145 0.875940 1.094867
0.786577 0.877617 1.094866
0.783992 0.879268 1.094865
0.781391 0.880893 1.094863
0.778774 0.882492 1.094862
0.776141 0.884065 1.094861
0.773492 0.885611 1.094859
0.770828 0.887131 1.094858
0.768149 0.888624 1.094857
0.765456 0.890090 1.094855
0.762747 0.891529 1.094854
0.760025 0.892941 1.094853
0.757288 0.894326 1.094851
0.754538 0.895683 1.094850
0.751775 0.897013 1.094849
0.748998 0.898315 1.094847
0.746208 0.899589 1.094846
0.743406 0.900835 1.094845
0.740592 0.902053 1.094843
0.737765 0.903243 1.094842
0.734927 0.904405 1.094841
0.732077 0.905538 1.094839
0.729217 0.906643 1.094838
0.726345 0.907719 1.094837
0.723463 0.908766 1.094835
0.720570 0.909784 1.094834
0.717667 0.910774 1.094833
0.714755 0.911734 1.094831
0.711833 0.912665 1.094830
0.708902 0.913567 1.094829
0.705962 0.914439 1.094827
0.703014 0.915282 1.094826
0.700057 0.916096 1.094825
0.697093 0.916880 1.094823
0.694120 0.917634 1.094822
0.691141 0.918359 1.094821
0.688154 0.919053 1.094819
0.685160 0.919718 1.094818
0.682160 0.920353 1.094816
0.679154 0.920958 1.094815
0.676142 0.921532 1.094814
0.673125 0.922077 1.094812
0.670102 0.922591 1.094811
0.667074 0.923075 1.094810
0.664041 0.923529 1.094808
0.661004 0.923952 1.094807
0.657963 0.924345 1.094806
0.654919 0.924708 1.094804
0.651870 0.925040 1.094803
0.648819 0.925342 1.094802
0.645765 0.925613 1.094800
0.642708 0.925854 1.094799
0.639649 0.926064 1.094798
0.636588 0.926243 1.094796
0.633526 0.926392 1.094795
0.630462 0.926510 1.094794
0.627397 0.926598 1.094792
0.624331 0.926655 1.094791
0.621265 0.926681 1.094790
0.618199 0.926677 1.094788
