0.712328 0.836172 1.191192
0.714480 0.835239 1.191190
0.716623 0.834285 1.191188
0.718756 0.833309 1.191187
0.720879 0.832313 1.191185
0.722992 0.831295 1.191183
0.725095 0.830256 1.191181
0.727187 0.829196 1.191179
0.729268 0.828115 1.191177
0.731338 0.827013 1.191175
0.733429 0.825961 1.191234
0.735516 0.824975 1.191361
0.737555 0.823811 1.191359
0.739582 0.822627 1.191358
0.741597 0.821424 1.191356
0.743601 0.820199 1.191354
0.745593 0.818955 1.191352
0.747572 0.817691 1.191350
0.749538 0.816407 1.191348
0.751491 0.815104 1.191346
0.753431 0.813781 1.191344
0.755358 0.812439 1.191343
0.757272 0.811078 1.191341
0.759172 0.809698 1.191339
0.761057 0.808299 1.191337
0.762929 0.806881 1.191335
0.764787 0.805445 1.191333
0.766630 0.803990 1.191332
0.768459 0.802516 1.191330
0.770273 0.801025 1.191328
0.772072 0.799515 1.191326
0.773856 0.797988 1.191324
0.775624 0.796443 1.191323
0.777377 0.794880 1.191321
0.779114 0.793300 1.191319
0.780836 0.791702 1.191317
0.782541 0.790088 1.191315
0.784231 0.788456 1.191314
0.785904 0.786808 1.191312
0.787560 0.785143 1.191310
0.789200 0.783462 1.191308
0.790823 0.781764 1.191306
0.792428 0.780050 1.191305
0.794017 0.778321 1.191303
0.795588 0.776575 1.191301
0.797142 0.774814 1.191299
0.798678 0.773038 1.191297
0.800196 0.771246 1.191295
0.801696 0.769439 1.191293
0.803178 0.767618 1.191291
0.804642 0.765781 1.191290
0.808067 0.765409 1.188924
0.811485 0.764969 1.186533
0.814892 0.764460 1.184118
0.818289 0.763884 1.181679
0.821672 0.763240 1.179215
0.825042 0.762529 1.176729
0.828397 0.761752 1.174218
0.831735 0.760907 1.171685
0.835055 0.759997 1.169129
0.838357 0.759020 1.166550
0.841637 0.757978 1.163949
0.844896 0.756871 1.161326
0.848132 0.755699 1.158681
0.851344 0.754464 1.156014
0.853188 0.755498 1.153325
0.855007 0.756524 1.150616
0.856803 0.757537 1.147887
0.858574 0.758536 1.145137
0.860322 0.759522 1.142367
0.862045 0.760494 1.139576
0.863744 0.761452 1.136767
0.865418 0.762397 1.133937
0.867067 0.763327 1.131089
0.868692 0.764244 1.128222
0.870291 0.765147 1.125337
0.870287 0.765150 1.125335
0.871862 0.766039 1.122432
0.873411 0.766913 1.119510
0.874934 0.767773 1.116571
0.876431 0.768618 1.113614
0.877903 0.769449 1.110641
0.879348 0.770265 1.107650
0.880767 0.771067 1.104644
0.882160 0.771854 1.101621
0.883527 0.772626 1.098582
0.884867 0.773383 1.095528
0.886180 0.774126 1.092459
0.886178 0.774124 1.092456
0.886177 0.774123 1.092455
0.886176 0.774121 1.092454
0.886175 0.774120 1.092453
0.886174 0.774118 1.092451
0.886173 0.774117 1.092450
0.884617 0.776769 1.092448
0.883035 0.779406 1.092447
0.881427 0.782027 1.092446
0.879793 0.784631 1.092445
0.878132 0.787219 1.092443
0.876446 0.789791 1.092442
0.874735 0.792345 1.092441
0.872997 0.794882 1.092439
0.871235 0.797402 1.092438
0.869448 0.799903 1.092437
0.867635 0.802387 1.092435
0.865798 0.804853 1.092434
0.863936 0.807300 1.092433
0.862050 0.809728 1.092431
0.860140 0.812137 1.092430
0.858206 0.814528 1.092429
0.856248 0.816898 1.092427
0.854266 0.819249 1.092426
0.852262 0.821580 1.092425
0.850233 0.823891 1.092423
0.848182 0.826181 1.092422
0.846108 0.828451 1.092421
0.844012 0.830700 1.092419
0.841893 0.832928 1.092418
0.839752 0.835134 1.092417
0.837589 0.837319 1.092415
0.835404 0.839482 1.092414
0.833198 0.841624 1.092413
0.830971 0.843743 1.092411
0.828722 0.845839 1.092410
0.826453 0.847913 1.092409
0.824163 0.849965 1.092408
0.821852 0.851993 1.092406
0.819522 0.853998 1.092405
0.817172 0.855980 1.092404
0.814801 0.857938 1.092402
0.812412 0.859872 1.092401
0.810003 0.861782 1.092400
0.807575 0.863669 1.092398
0.805129 0.865530 1.092397
0.802664 0.867367 1.092396
0.800181 0.869180 1.092394
0.797680 0.870967 1.092393
0.795161 0.872730 1.092392
0.792625 0.874467 1.092390
0.790071 0.876178 1.092389
0.787501 0.877864 1.092388
0.784913 0.879525 1.092386
0.782310 0.881159 1.092385
0.779690 0.882767 1.092384
0.777054 0.884349 1.092382
0.774402 0.885904 1.092381
0.771736 0.887433 1.092380
0.769054 0.888935 1.092378
0.766357 0.890410 1.092377
0.763645 0.891859 1.092376
0.760919 0.893280 1.092374
0.758179 0.894673 1.092373
0.755426 0.896039 1.092372
0.752659 0.897378 1.092370
0.749878 0.898689 1.092369
0.747085 0.899972 1.092368
0.744279 0.901227 1.092367
0.741461 0.902453 1.092365
0.738630 0.903652 1.092364
0.735788 0.904822 1.092363
0.732934 0.905964 1.092361
0.730069 0.907077 1.092360
0.727193 0.908162 1.092359
0.724306 0.909217 1.092357
0.721409 0.910244 1.092356
0.718501 0.911242 1.092355
0.715584 0.912210 1.092353
0.712658 0.913150 1.092352
0.709722 0.914060 1.092351
0.706777 0.914940 1.092349
0.703824 0.915791 1.092348
0.700862 0.916613 1.092347
0.697892 0.917405 1.092345
0.694915 0.918167 1.092344
0.691930 0.918899 1.092343
0.688937 0.919602 1.092341
0.685938 0.920275 1.092340
0.682933 0.920917 1.092339
0.679921 0.921530 1.092338
0.676903 0.922112 1.092336
0.673880 0.922664 1.092335
0.670851 0.923186 1.092334
0.667817 0.923677 1.092332
0.664778 0.924138 1.092331
0.661735 0.924569 1.092330
0.658688 0.924970 1.092328
0.655637 0.925339 1.092327
0.652583 0.925679 1.092326
0.649525 0.925988 1.092324
0.646464 0.926266 1.092323
0.643401 0.926513 1.092322
0.640335 0.926730 1.092320
0.637268 0.926916 1.092319
0.634199 0.927072 1.092318
0.631128 0.927197 1.092316
0.628056 0.927291 1.092315
0.624984 0.927355 1.092314
0.621911 0.927387 1.092312
0.618837 0.927389 1.092311
0.615764 0.927361 1.092310
0.615765 0.927359 1.092309
