0.484578 1.026260 1.069048
0.489653 1.024495 1.068834
0.494679 1.022670 1.068587
0.499655 1.020789 1.068308
0.504581 1.018852 1.067997
0.509455 1.016859 1.067652
0.514276 1.014813 1.067276
0.519045 1.012714 1.066867
0.523761 1.010564 1.066425
0.528422 1.008364 1.065951
0.533029 1.006114 1.065445
0.537581 1.003816 1.064906
0.542078 1.001471 1.064335
0.546518 0.999081 1.063732
0.550903 0.996646 1.063096
0.555230 0.994167 1.062428
0.559501 0.991648 1.061728
0.563713 0.989087 1.060997
0.567868 0.986488 1.060234
0.571965 0.983849 1.059438
0.576003 0.981174 1.058611
0.579982 0.978463 1.057753
0.583901 0.975718 1.056863
0.587761 0.972940 1.055942
0.591562 0.970130 1.054990
0.595302 0.967290 1.054007
0.598982 0.964420 1.052992
0.602603 0.961520 1.051946
0.606163 0.958594 1.050870
0.609662 0.955642 1.049762
0.613101 0.952666 1.048624
0.616480 0.949667 1.047456
0.619798 0.946645 1.046257
0.623055 0.945580 1.049517
0.626289 0.944450 1.052767
0.626269 0.943335 1.056006
0.626247 0.942188 1.059233
0.623015 0.941054 1.062448
0.619805 0.939855 1.065652
0.619804 0.939854 1.065651
0.619805 0.938609 1.068842
0.619806 0.937333 1.072020
0.619807 0.937331 1.072019
0.619808 0.937330 1.072018
0.619809 0.937328 1.072017
0.619810 0.936019 1.075182
0.619811 0.934680 1.078334
0.619812 0.933309 1.081473
0.619813 0.931907 1.084598
0.619813 0.930474 1.087708
0.619814 0.929010 1.090804
0.619815 0.927514 1.093886
0.622891 0.927499 1.093884
0.625996 0.928946 1.090800
0.629151 0.931710 1.092409
0.632363 0.934457 1.093989
0.635631 0.937186 1.095540
0.638956 0.939896 1.097062
0.642338 0.942587 1.098555
0.645777 0.945255 1.100019
0.649274 0.947902 1.101453
0.652826 0.950525 1.102859
0.656436 0.953124 1.104235
0.660103 0.955697 1.105582
0.663827 0.958242 1.106898
0.667608 0.960760 1.108185
0.671446 0.963247 1.109441
0.675340 0.965704 1.110667
0.679291 0.968128 1.111862
0.683297 0.970520 1.113028
0.687360 0.972878 1.114163
0.691478 0.975200 1.115267
0.695652 0.977486 1.116340
0.699881 0.979733 1.117382
0.704165 0.981941 1.118393
0.707648 0.980610 1.126832
0.712001 0.982729 1.127846
0.716407 0.984804 1.128827
0.720867 0.986836 1.129776
0.725380 0.988823 1.130694
0.729945 0.990765 1.131580
0.734562 0.992661 1.132434
0.739230 0.994509 1.133257
0.743949 0.996309 1.134049
0.748718 0.998059 1.134809
0.753537 0.999758 1.135537
0.758405 1.001405 1.136233
0.763321 1.002999 1.136897
0.768285 1.004539 1.137530
0.773297 1.006024 1.138132
0.778356 1.007453 1.138701
0.783461 1.008823 1.139238
0.788611 1.010135 1.139743
0.793805 1.011387 1.140216
0.799043 1.012578 1.140657
0.804323 1.013707 1.141065
0.809645 1.014774 1.141440
0.811137 1.017660 1.141785
0.812539 1.020592 1.142094
0.813938 1.023529 1.142372
0.815338 1.026469 1.142618
0.816738 1.029412 1.142831
0.818139 1.032357 1.143011
0.819539 1.035303 1.143158
0.820939 1.038251 1.143273
0.822339 1.041201 1.143355
0.823738 1.044151 1.143405
0.825135 1.047103 1.143421
0.826532 1.050055 1.143405
0.827928 1.053007 1.143356
0.829322 1.055959 1.143275
0.830714 1.058910 1.143160
0.832105 1.061861 1.143013
0.833493 1.064812 1.142834
0.834880 1.067761 1.142621
0.836264 1.070708 1.142376
0.837646 1.073654 1.142098
0.839026 1.076597 1.141788
0.840403 1.079538 1.141445
0.841778 1.082477 1.141069
0.843150 1.085412 1.140661
0.844520 1.088343 1.140220
0.845888 1.091271 1.139746
0.847253 1.094194 1.139240
0.848615 1.097112 1.138702
0.849975 1.100026 1.138131
0.851333 1.102934 1.137528
0.852689 1.105836 1.136893
0.854043 1.108731 1.136225
0.855396 1.111620 1.135526
0.856746 1.114502 1.134794
0.858443 1.118129 1.130194
0.860123 1.121712 1.125551
0.861786 1.125251 1.120868
0.863431 1.128746 1.116147
0.865058 1.132198 1.111386
0.866668 1.135604 1.106588
0.868259 1.138966 1.101752
0.869832 1.142283 1.096879
0.871388 1.145554 1.091969
0.872925 1.148778 1.087023
0.874445 1.151956 1.082041
0.875947 1.155087 1.077025
0.877431 1.158171 1.071973
0.878897 1.161207 1.066888
0.880344 1.164195 1.061768
0.881773 1.167135 1.056616
0.883184 1.170026 1.051431
0.884575 1.172869 1.046214
0.885922 1.175530 1.044883
0.887258 1.178185 1.043530
0.888585 1.180830 1.042146
0.889907 1.183460 1.040731
0.891225 1.186077 1.039287
0.892539 1.188679 1.037813
0.893850 1.191267 1.036309
0.895156 1.193839 1.034775
0.896457 1.196396 1.033212
0.897754 1.198937 1.031619
0.899047 1.201462 1.029996
0.900334 1.203972 1.028344
0.901616 1.206465 1.026663
0.902892 1.208941 1.024953
0.904162 1.211402 1.023214
0.905425 1.213845 1.021446
0.905779 1.214509 1.014855
0.906128 1.215090 1.008234
0.906460 1.215606 1.001606
0.906767 1.216060 0.994973
0.906940 1.215946 0.994920
0.906227 1.214442 0.987530
0.905517 1.212818 0.980169
0.904743 1.210741 0.979400
0.903906 1.208704 0.978682
0.903990 1.208649 0.978659
0.904064 1.208601 0.978640
0.904135 1.208555 0.978620
0.904204 1.208510 0.978600
0.904375 1.208431 0.978597
0.904543 1.208354 0.978593
0.904558 1.208347 0.978592
0.904566 1.208343 0.978591
0.904572 1.208341 0.978591
0.904577 1.208338 0.978590
0.904479 1.207782 0.984959
0.901199 1.208758 0.991398
0.896300 1.210421 0.997845
0.890690 1.212304 1.004290
0.884749 1.214209 1.010729
0.878642 1.216054 1.017161
0.872439 1.217804 1.023585
0.866175 1.219442 1.029999
0.859865 1.220962 1.036404
0.853518 1.222359 1.042797
0.847139 1.223633 1.049180
0.840732 1.224782 1.055550
0.834299 1.225806 1.061908
0.827843 1.226703 1.068253
0.821367 1.227474 1.074584
0.814873 1.228118 1.080901
0.808363 1.228635 1.087203
0.801840 1.229024 1.093489
0.795306 1.229285 1.099759
0.788763 1.229419 1.106012
0.782214 1.229424 1.112248
0.775662 1.229302 1.118466
0.769108 1.229051 1.124665
0.762554 1.228672 1.130845
0.756005 1.228165 1.137005
0.749461 1.227530 1.143144
0.742926 1.226767 1.149263
0.736402 1.225876 1.155360
0.729892 1.224857 1.161434
0.723399 1.223711 1.167486
0.716925 1.222437 1.173514
0.710472 1.221037 1.179519
0.704045 1.219510 1.185498
0.697645 1.217858 1.191453
0.691276 1.216079 1.197382
0.684940 1.214176 1.203284
0.678641 1.212148 1.209160
0.672382 1.209997 1.215008
0.666165 1.207723 1.220828
0.659995 1.205326 1.226620
0.653873 1.202809 1.232383
0.647803 1.200171 1.238115
0.641788 1.197414 1.243818
0.635831 1.194539 1.249490
0.629935 1.191548 1.255130
0.624103 1.188440 1.260739
