0.610660 1.144165 1.274045
0.610716 1.139328 1.272238
0.610784 1.134476 1.270417
0.610855 1.129608 1.268582
0.610928 1.124725 1.266735
0.611003 1.119829 1.264873
0.611081 1.114918 1.262999
0.611160 1.109995 1.261111
0.611241 1.105059 1.259210
0.611323 1.100111 1.257296
0.611406 1.095151 1.255369
0.611491 1.090180 1.253428
0.611576 1.085198 1.251475
0.611662 1.080206 1.249508
0.611749 1.075205 1.247529
0.611836 1.070194 1.245537
0.611924 1.065175 1.243532
0.612012 1.060147 1.241515
0.612100 1.055112 1.239485
0.612189 1.050069 1.237442
0.612277 1.045020 1.235388
0.612366 1.039965 1.233321
0.612455 1.034904 1.231242
0.612544 1.029837 1.229151
0.612633 1.024766 1.227049
0.612722 1.019691 1.224934
0.612811 1.014611 1.222809
0.612879 1.009857 1.225475
0.612906 1.007006 1.229349
0.612932 1.004118 1.233197
0.612977 1.001009 1.232204
0.612991 0.999803 1.232454
0.613004 0.998596 1.232695
0.613018 0.997387 1.232924
0.613032 0.996177 1.233141
0.613082 0.993118 1.231989
0.613133 0.990068 1.230803
0.613185 0.987031 1.229587
0.613237 0.984006 1.228340
0.613289 0.980994 1.227064
0.613341 0.977994 1.225758
0.613393 0.975008 1.224423
0.613445 0.972036 1.223058
0.613498 0.969077 1.221663
0.613550 0.966133 1.220239
0.613603 0.963203 1.218786
0.613655 0.960287 1.217304
0.613708 0.957387 1.215793
0.613760 0.954502 1.214254
0.613813 0.951633 1.212686
0.613866 0.948780 1.211089
0.613919 0.945942 1.209464
0.613972 0.943121 1.207812
0.613998 0.942934 1.202916
0.614027 0.942696 1.198021
0.614057 0.942409 1.193128
0.614087 0.942074 1.188239
0.614118 0.941689 1.183354
0.614150 0.941256 1.178472
0.614182 0.940774 1.173596
0.614214 0.940243 1.168724
0.614247 0.939664 1.163859
0.614281 0.939036 1.158999
0.614315 0.938359 1.154146
0.614350 0.937634 1.149300
0.614385 0.936861 1.144462
0.614421 0.936039 1.139632
0.614458 0.935170 1.134810
0.614495 0.934252 1.129997
0.614533 0.933286 1.125194
0.614571 0.932272 1.120401
0.614610 0.931210 1.115618
0.614650 0.930101 1.110847
0.614690 0.928944 1.106086
0.614731 0.927739 1.101338
0.614772 0.926487 1.096602
0.614768 0.926484 1.096599
0.614778 0.924931 1.099655
0.617822 0.923385 1.102695
0.620834 0.921779 1.105719
0.623847 0.921755 1.105719
0.626809 0.920058 1.108726
0.629737 0.918303 1.111717
0.632628 0.916489 1.114692
0.635483 0.914619 1.117649
0.638300 0.912692 1.120589
0.641077 0.910708 1.123511
0.643813 0.908670 1.126414
0.646508 0.906577 1.129300
0.649161 0.904431 1.132167
0.651770 0.902233 1.135015
0.654334 0.899983 1.137844
0.656838 0.897672 1.140644
0.656555 0.895701 1.143433
0.656267 0.893702 1.146202
0.655974 0.891676 1.148951
0.658369 0.889254 1.151680
0.660719 0.886783 1.154387
0.663017 0.884266 1.157073
0.665266 0.881703 1.159738
0.667876 0.881238 1.159737
0.670482 0.880746 1.159735
0.673082 0.880228 1.159733
0.675677 0.879684 1.159731
0.678277 0.879303 1.164621
0.681399 0.881039 1.166845
0.684568 0.882758 1.169044
0.687783 0.884461 1.171218
0.690423 0.883913 1.176110
0.693047 0.883291 1.181003
0.695671 0.882549 1.181003
0.698289 0.881779 1.181001
0.700899 0.880984 1.180999
0.703500 0.880162 1.180997
0.706097 0.879345 1.181011
0.708801 0.878613 1.181136
0.711381 0.877712 1.181134
0.713949 0.876785 1.181132
0.716508 0.875833 1.181130
0.719057 0.874855 1.181127
0.721596 0.873852 1.181125
0.724126 0.872824 1.181122
0.726644 0.871770 1.181120
0.729153 0.870692 1.181118
0.731650 0.869588 1.181115
0.734136 0.868459 1.181113
0.736610 0.867306 1.181110
0.739074 0.866128 1.181108
0.741525 0.864926 1.181106
0.743964 0.863699 1.181104
0.746391 0.862448 1.181102
0.748805 0.861173 1.181099
0.751206 0.859873 1.181097
0.753595 0.858550 1.181095
0.755969 0.857203 1.181093
0.758331 0.855833 1.181091
0.760678 0.854439 1.181089
0.763012 0.853022 1.181088
0.765331 0.851581 1.181086
0.767635 0.850118 1.181084
0.769925 0.848631 1.181082
0.772200 0.847122 1.181080
0.774459 0.845590 1.181077
0.776703 0.844036 1.181075
0.778893 0.842472 1.181060
0.781106 0.840873 1.181059
0.783303 0.839253 1.181057
0.785484 0.837610 1.181054
0.787647 0.835946 1.181052
0.789795 0.834260 1.181050
0.791925 0.832553 1.181048
0.794038 0.830825 1.181046
0.796134 0.829076 1.181044
0.798212 0.827306 1.181042
0.800272 0.825515 1.181040
0.802315 0.823704 1.181037
0.804339 0.821872 1.181035
0.806344 0.820021 1.181033
0.808331 0.818149 1.181031
0.810299 0.816258 1.181029
0.812249 0.814347 1.181027
0.814179 0.812417 1.181025
0.816089 0.810468 1.181023
0.817981 0.808500 1.181021
0.819852 0.806513 1.181019
0.821704 0.804507 1.181017
0.823536 0.802483 1.181015
0.825347 0.800441 1.181013
0.827138 0.798381 1.181011
0.828909 0.796303 1.181009
0.830658 0.794207 1.181008
0.832386 0.792095 1.181006
0.834078 0.789964 1.181017
0.835791 0.787832 1.181045
0.839365 0.787082 1.178300
0.841020 0.784877 1.178293
0.842655 0.782661 1.178291
0.844267 0.780428 1.178289
0.847788 0.779502 1.175519
0.851289 0.778504 1.172725
0.854769 0.777437 1.169907
0.858226 0.776300 1.167067
0.861655 0.775110 1.164205
0.865066 0.773833 1.161320
0.868450 0.772491 1.158414
0.871806 0.771083 1.155487
0.873624 0.772152 1.152538
0.875416 0.773207 1.149568
0.877182 0.774246 1.146578
0.878922 0.775271 1.143567
0.880636 0.776281 1.140536
0.882323 0.777275 1.137486
0.883985 0.778253 1.134416
0.885620 0.779216 1.131327
0.887228 0.780164 1.128219
0.888809 0.781096 1.125092
0.890363 0.782011 1.121948
0.891890 0.782911 1.118786
0.893389 0.783795 1.115606
0.894861 0.784663 1.112409
0.896306 0.785514 1.109195
0.896304 0.785512 1.109193
0.896303 0.785511 1.109192
0.894854 0.784661 1.112402
0.893378 0.783795 1.115596
0.890232 0.785623 1.118773
0.887049 0.787388 1.121932
0.883832 0.789090 1.125074
0.880581 0.790728 1.128197
0.877298 0.792300 1.131301
0.875561 0.794862 1.131300
0.875340 0.798462 1.128192
0.875047 0.802057 1.125066
0.874682 0.805646 1.121923
0.872812 0.808182 1.121921
0.870917 0.810699 1.121919
0.868996 0.813197 1.121918
0.867051 0.815676 1.121917
0.865082 0.818135 1.121916
0.863087 0.820575 1.121914
0.861069 0.822994 1.121913
0.859026 0.825393 1.121912
0.856960 0.827772 1.121910
0.854870 0.830129 1.121909
0.852756 0.832466 1.121908
0.850619 0.834781 1.121907
0.848460 0.837075 1.121905
0.846277 0.839348 1.121904
0.844072 0.841598 1.121903
0.841844 0.843826 1.121902
0.839594 0.846032 1.121900
0.837322 0.848215 1.121899
0.835029 0.850375 1.121898
0.832714 0.852512 1.121896
0.830378 0.854626 1.121895
0.828021 0.856717 1.121894
0.825643 0.858784 1.121893
0.823807 0.856641 1.120242
0.821983 0.854511 1.118563
0.820170 0.852394 1.116856
0.818369 0.850289 1.115121
0.816579 0.848197 1.113359
0.814801 0.846119 1.111570
0.813035 0.844055 1.109753
0.811282 0.842004 1.107910
0.808385 0.843076 1.103128
0.806145 0.844947 1.103127
0.804896 0.848017 1.100197
0.803586 0.851062 1.097252
0.802215 0.854081 1.094291
0.800784 0.857071 1.091315
0.798404 0.858865 1.091314
0.796727 0.861661 1.096047
0.794983 0.864409 1.100792
0.793175 0.867107 1.105549
0.791303 0.869754 1.110317
0.789735 0.872823 1.107281
0.788104 0.875858 1.104226
0.786413 0.878859 1.101156
0.784662 0.881827 1.098069
0.782035 0.883458 1.098068
0.779392 0.885063 1.098066
0.776734 0.886642 1.098065
0.774059 0.888194 1.098064
0.771370 0.889719 1.098062
0.768665 0.891217 1.098061
0.765945 0.892688 1.098059
0.763211 0.894132 1.098058
0.760462 0.895549 1.098056
0.757700 0.896937 1.098055
0.754924 0.898298 1.098053
0.752134 0.899632 1.098052
0.749331 0.900937 1.098050
0.746515 0.902214 1.098049
0.743687 0.903463 1.098048
0.740846 0.904684 1.098046
0.737993 0.905876 1.098045
0.735129 0.907040 1.098043
0.732253 0.908175 1.098042
0.729366 0.909281 1.098040
0.726468 0.910358 1.098039
0.723559 0.911406 1.098037
0.720640 0.912425 1.098036
0.717711 0.913415 1.098034
0.714772 0.914375 1.098033
0.711824 0.915306 1.098032
0.708867 0.916208 1.098030
0.705901 0.917080 1.098029
0.702926 0.917922 1.098027
0.699943 0.918734 1.098026
0.696952 0.919517 1.098024
0.693954 0.920269 1.098023
0.690948 0.920992 1.098021
0.687935 0.921684 1.098020
0.684915 0.922346 1.098018
0.681889 0.922978 1.098017
0.678856 0.923580 1.098016
0.675818 0.924152 1.098014
0.672775 0.924693 1.098013
0.669726 0.925203 1.098011
0.666672 0.925683 1.098010
0.663613 0.926133 1.098008
0.660550 0.926552 1.098007
0.657483 0.926940 1.098005
0.654413 0.927297 1.098004
0.651339 0.927624 1.098003
0.648262 0.927920 1.098001
0.645182 0.928186 1.098000
0.642100 0.928420 1.097998
0.639015 0.928624 1.097997
0.635929 0.928797 1.097995
0.632841 0.928939 1.097994
0.629752 0.929050 1.097992
0.626661 0.929130 1.097991
0.623571 0.929179 1.097989
0.620480 0.929198 1.097988
0.617389 0.929185 1.097987
0.614298 0.929142 1.097985
0.614299 0.929140 1.097984
0.614299 0.929139 1.097982
