0.620000 0.929035 1.095134
0.616911 0.929018 1.095133
0.613821 0.928969 1.095131
0.610733 0.928890 1.095130
0.607645 0.928781 1.095128
0.604484 0.930144 1.092029
0.601168 0.933566 1.089779
0.597784 0.936931 1.087492
0.594333 0.940235 1.085170
0.590815 0.943478 1.082812
0.587233 0.946659 1.080419
0.583587 0.949777 1.077991
0.579878 0.952829 1.075528
0.576108 0.955815 1.073031
0.572277 0.958733 1.070499
0.568387 0.961584 1.067934
0.564440 0.964365 1.065335
0.560436 0.967076 1.062703
0.556377 0.969714 1.060037
0.552265 0.972279 1.057339
0.548100 0.974769 1.054607
0.543885 0.977184 1.051843
0.539855 0.978470 1.052726
0.535795 0.979702 1.053630
0.531442 0.981946 1.050834
0.527044 0.984110 1.048006
0.522602 0.986195 1.045146
0.518115 0.988200 1.042256
0.513586 0.990123 1.039334
0.509017 0.991964 1.036382
0.504410 0.993722 1.033400
0.499765 0.995397 1.030387
0.495084 0.996986 1.027344
0.491393 0.995508 1.023421
0.487730 0.993957 1.019501
0.484098 0.992333 1.015584
0.480499 0.990637 1.011670
0.476935 0.988870 1.007759
0.472472 0.989370 1.008685
0.468785 0.987875 1.008684
0.465113 0.986343 1.008683
0.461202 0.985358 1.004702
0.456451 0.986222 1.001619
0.451680 0.986998 0.998510
0.446891 0.987687 0.995374
0.443221 0.985936 0.995373
0.439569 0.984148 0.995373
0.434983 0.984197 0.996299
0.430383 0.984182 0.997245
0.425519 0.984571 0.994084
0.420644 0.984871 0.990896
0.415758 0.985083 0.987682
0.410865 0.985204 0.984444
0.405965 0.985237 0.981180
0.401061 0.985179 0.977892
0.396153 0.985031 0.974579
0.391245 0.984794 0.971243
0.386337 0.984466 0.967882
0.381431 0.984049 0.964499
0.376528 0.983541 0.961092
0.371632 0.982943 0.957663
0.366742 0.982254 0.954211
0.361861 0.981476 0.950737
0.356991 0.980607 0.947242
0.352133 0.979649 0.943726
0.347289 0.978601 0.940188
0.342435 0.977496 0.941156
0.337580 0.976319 0.942144
0.334024 0.973472 0.942144
0.330497 0.970588 0.942143
0.327794 0.966744 0.938410
0.325154 0.962843 0.934689
0.322587 0.958897 0.930981
0.320094 0.954906 0.927286
0.317676 0.950872 0.923605
0.315334 0.946797 0.919937
0.313068 0.942681 0.916284
0.310879 0.938527 0.912645
0.307696 0.935405 0.912644
0.304551 0.932260 0.912644
0.301438 0.929083 0.912644
0.298358 0.925876 0.912643
0.295309 0.922638 0.912643
0.292293 0.919369 0.912643
0.289310 0.916070 0.912643
0.286361 0.912742 0.912642
0.283445 0.909384 0.912642
0.280562 0.905998 0.912642
0.277714 0.902582 0.912641
0.274900 0.899138 0.912641
0.272121 0.895666 0.912641
0.269376 0.892167 0.912641
0.266667 0.888640 0.912640
0.263993 0.885086 0.912640
0.261355 0.881506 0.912640
0.258753 0.877899 0.912640
0.256188 0.874267 0.912639
0.253659 0.870608 0.912639
0.252432 0.866092 0.909016
0.251283 0.861546 0.905407
0.250218 0.856983 0.901814
0.251486 0.855944 0.898232
0.252875 0.855035 0.894672
0.252063 0.850595 0.891133
0.253444 0.849532 0.887602
0.254933 0.848583 0.884093
0.254925 0.848569 0.884093
0.254921 0.848562 0.884092
0.254917 0.848555 0.884092
0.254913 0.848549 0.884092
0.254909 0.848542 0.884092
0.254905 0.848536 0.884092
0.253662 0.849303 0.880776
0.252447 0.850051 0.877445
0.252442 0.850044 0.877445
0.250689 0.851128 0.878454
0.250685 0.851121 0.878454
0.250680 0.851113 0.878453
0.250675 0.851105 0.878453
0.250671 0.851097 0.878453
0.250666 0.851089 0.878453
0.250661 0.851081 0.878452
0.250656 0.851073 0.878452
0.250652 0.851065 0.878452
0.251212 0.850702 0.874098
0.251207 0.850693 0.874098
0.251202 0.850685 0.874098
0.251197 0.850676 0.874097
0.251192 0.850667 0.874097
0.251187 0.850659 0.874097
0.251182 0.850650 0.874097
0.251119 0.850573 0.874104
0.251049 0.850493 0.874117
0.251012 0.850426 0.874107
0.250438 0.850760 0.878458
0.249903 0.851078 0.882817
0.251600 0.854838 0.887173
0.253504 0.858778 0.891542
0.255494 0.862694 0.895917
0.257564 0.866571 0.900297
0.256738 0.872450 0.909408
0.256150 0.878272 0.918630
0.257367 0.882884 0.926730
0.258763 0.887404 0.934875
0.260336 0.891829 0.943063
0.262086 0.896154 0.951290
0.264010 0.900374 0.959553
0.266105 0.904484 0.967850
0.268370 0.908480 0.976177
0.270801 0.912356 0.984531
0.273396 0.916109 0.992908
0.276153 0.919733 1.001307
0.279067 0.923225 1.009723
0.282136 0.926580 1.018154
0.285357 0.929793 1.026596
0.288725 0.932861 1.035046
0.292239 0.935780 1.043502
0.295893 0.938545 1.051959
0.299685 0.941154 1.060414
0.303610 0.943602 1.068865
0.307664 0.945885 1.077308
0.311844 0.948001 1.085740
0.316144 0.949946 1.094158
0.321588 0.950594 1.097046
0.327034 0.951143 1.099899
0.332479 0.951595 1.102720
0.338875 0.950844 1.100015
0.345229 0.949995 1.097295
0.350590 0.950198 1.100021
0.355944 0.950307 1.102716
0.361289 0.950321 1.105378
0.366625 0.950241 1.108007
0.371948 0.950066 1.110603
0.377257 0.949797 1.113165
0.382550 0.949434 1.115692
0.387826 0.948978 1.118186
0.393086 0.948425 1.120642
0.398322 0.947784 1.123066
0.403535 0.947051 1.125456
0.408725 0.946228 1.127810
0.413888 0.945313 1.130130
0.419024 0.944309 1.132413
0.424130 0.943215 1.134661
0.429206 0.942033 1.136873
0.434249 0.940763 1.139048
0.438298 0.941119 1.137507
0.442344 0.941412 1.135983
0.446384 0.941644 1.134477
0.450417 0.941814 1.132988
0.454444 0.941922 1.131516
0.458462 0.941970 1.130063
0.462470 0.941956 1.128627
0.466469 0.941881 1.127209
0.470455 0.941746 1.125809
0.474429 0.941551 1.124428
0.478390 0.941296 1.123065
0.482336 0.940982 1.121720
0.486267 0.940608 1.120394
0.490181 0.940176 1.119087
0.494078 0.939686 1.117799
0.497956 0.939137 1.116531
0.501815 0.938532 1.115281
0.505653 0.937869 1.114048
0.509470 0.937151 1.112836
0.513263 0.936378 1.111643
0.517034 0.935550 1.110469
0.520779 0.934669 1.109316
0.524498 0.933738 1.108184
0.528195 0.932747 1.107071
0.531867 0.931702 1.105979
0.535511 0.930605 1.104907
0.539127 0.929456 1.103856
0.542714 0.928257 1.102826
0.546271 0.927006 1.101816
0.549797 0.925706 1.100827
0.553292 0.924357 1.099858
0.556755 0.922959 1.098911
0.560185 0.921513 1.097984
0.563581 0.920020 1.097078
0.563961 0.917935 1.096194
0.563955 0.917933 1.096193
0.566932 0.918478 1.096192
0.569913 0.918992 1.096191
0.572577 0.921571 1.097074
0.575289 0.924117 1.097978
0.578327 0.924548 1.097977
0.581370 0.924948 1.097977
0.584416 0.925318 1.097976
0.587465 0.925657 1.097976
0.590518 0.925966 1.097975
0.593573 0.926244 1.097974
0.596632 0.926492 1.097974
0.599692 0.926709 1.097973
0.602755 0.926896 1.097972
0.605819 0.927053 1.097971
0.608884 0.927179 1.097971
0.611951 0.927274 1.097970
0.615018 0.927339 1.097969
0.618086 0.927373 1.097969
0.621154 0.927376 1.097968
0.624222 0.927349 1.097967
0.627335 0.928825 1.094885
0.630514 0.931563 1.096518
0.633750 0.934283 1.098122
0.637042 0.936986 1.099698
0.640389 0.939670 1.101245
0.643794 0.942333 1.102763
0.647255 0.944975 1.104252
0.650773 0.947595 1.105711
0.654348 0.950190 1.107142
0.657980 0.952761 1.108543
0.661668 0.955305 1.109914
0.665413 0.957822 1.111256
0.669214 0.960311 1.112568
0.673072 0.962770 1.113849
0.676986 0.965198 1.115101
0.680957 0.967593 1.116323
0.684983 0.969956 1.117514
0.689065 0.972283 1.118675
0.693202 0.974575 1.119805
0.697395 0.976830 1.120904
0.701643 0.979047 1.121972
0.705945 0.981225 1.123010
0.710301 0.983362 1.124016
0.714712 0.985457 1.124992
0.719176 0.987509 1.125936
0.723692 0.989518 1.126849
0.728262 0.991480 1.127730
0.732884 0.993397 1.128580
0.737557 0.995265 1.129398
0.742282 0.997085 1.130185
0.747057 0.998855 1.130939
0.751882 1.000574 1.131662
0.756756 1.002240 1.132353
0.761679 1.003854 1.133012
0.765504 1.002419 1.133011
0.769314 1.000947 1.133009
0.773110 0.999437 1.133007
0.776890 0.997888 1.133005
0.780654 0.996303 1.133003
0.784403 0.994679 1.133001
0.788135 0.993019 1.132999
0.791851 0.991321 1.132997
0.795549 0.989586 1.132995
0.799230 0.987815 1.132993
0.802893 0.986006 1.132991
0.806537 0.984161 1.132989
0.810163 0.982280 1.132987
0.813778 0.980385 1.132989
0.817366 0.978431 1.132987
0.820934 0.976442 1.132985
0.824482 0.974418 1.132983
0.828010 0.972358 1.132981
0.831517 0.970264 1.132979
0.835003 0.968134 1.132977
0.838468 0.965969 1.132975
0.841911 0.963771 1.132973
0.845331 0.961538 1.132972
0.848730 0.959270 1.132970
0.852105 0.956969 1.132969
0.855457 0.954635 1.132967
0.858785 0.952266 1.132965
0.862090 0.949865 1.132964
0.865371 0.947431 1.132962
0.868627 0.944965 1.132961
0.871858 0.942466 1.132959
0.875064 0.939935 1.132957
0.880274 0.939852 1.133584
0.885511 0.939702 1.134179
0.890774 0.939484 1.134742
0.896062 0.939196 1.135272
0.901375 0.938839 1.135770
0.906710 0.938411 1.136236
0.912067 0.937912 1.136669
0.917445 0.937341 1.137070
0.922842 0.936697 1.137438
0.928258 0.935980 1.137774
0.933690 0.935190 1.138077
0.939138 0.934325 1.138347
0.944601 0.933385 1.138584
0.950077 0.932370 1.138789
0.955565 0.931280 1.138961
0.961063 0.930113 1.139100
0.966571 0.928870 1.139207
0.972086 0.927551 1.139280
0.977608 0.926154 1.139321
0.982129 0.923820 1.134603
0.986592 0.921403 1.129862
0.991002 0.918902 1.125102
0.995360 0.916316 1.120324
0.999663 0.913646 1.115528
1.003909 0.910893 1.110715
1.008098 0.908059 1.105885
1.013558 0.906118 1.105658
1.019017 0.904100 1.105404
