0.981210 0.999994 1.132542
0.984957 0.996389 1.132532
0.988668 0.992746 1.132521
0.992343 0.989068 1.132511
0.995981 0.985353 1.132500
0.999582 0.981602 1.132490
1.003145 0.977816 1.132479
1.006671 0.973995 1.132468
1.012528 0.972321 1.131921
1.018381 0.970568 1.131340
1.021828 0.966603 1.131329
1.025239 0.962598 1.131317
1.028612 0.958559 1.131305
1.031945 0.954486 1.131294
1.035238 0.950379 1.131282
1.038489 0.946239 1.131270
1.041699 0.942067 1.131258
1.044867 0.937864 1.131246
1.047994 0.933630 1.131235
1.050788 0.932959 1.125942
1.052812 0.933234 1.120607
1.054473 0.933913 1.115249
1.055946 0.934759 1.109871
1.056012 0.934665 1.109866
1.056030 0.934637 1.109863
1.054681 0.933605 1.115226
1.053267 0.932574 1.120574
1.051799 0.931527 1.125905
1.050283 0.930455 1.131217
1.048722 0.929354 1.136510
1.047117 0.928224 1.141784
1.043482 0.929808 1.147058
1.039072 0.932302 1.152299
1.034344 0.935059 1.157514
1.028627 0.937183 1.157921
1.022873 0.939260 1.158292
1.017107 0.941263 1.158630
1.011338 0.943183 1.158937
1.005570 0.945015 1.159211
0.999805 0.946761 1.159452
0.994044 0.948420 1.159662
0.988289 0.949993 1.159839
0.982542 0.951481 1.159983
0.976802 0.952884 1.160095
0.971073 0.954202 1.160174
0.965355 0.955437 1.160221
0.959649 0.956589 1.160236
0.953957 0.957659 1.160218
0.948279 0.958647 1.160167
0.942618 0.959555 1.160084
0.936974 0.960383 1.159968
0.931347 0.961132 1.159820
0.925740 0.961803 1.159640
0.922294 0.964855 1.159639
0.917412 0.966192 1.164212
0.912504 0.967433 1.168764
0.907572 0.968574 1.173293
0.902621 0.969615 1.177799
0.897651 0.970556 1.182282
0.892664 0.971396 1.186741
0.887663 0.972136 1.191176
0.882649 0.972774 1.195586
0.877625 0.973312 1.199970
0.872591 0.973748 1.204329
0.867549 0.974083 1.208661
0.862503 0.974316 1.212965
0.857453 0.974448 1.217243
0.852403 0.974478 1.221493
0.847354 0.974406 1.225716
0.842308 0.974234 1.229910
0.837267 0.973960 1.234075
0.832233 0.973585 1.238211
0.827208 0.973109 1.242318
0.822195 0.972533 1.246395
0.817194 0.971856 1.250441
0.812208 0.971079 1.254457
0.807239 0.970203 1.258441
0.802290 0.969227 1.262394
0.797361 0.968152 1.266315
0.792455 0.966978 1.270203
0.787573 0.965707 1.274059
0.782719 0.964338 1.277882
0.777894 0.962872 1.281671
0.773099 0.961310 1.285427
0.768336 0.959652 1.289148
0.763609 0.957899 1.292834
0.758917 0.956052 1.296486
0.754264 0.954111 1.300102
0.749651 0.952078 1.303682
0.745080 0.949952 1.307227
0.740553 0.947736 1.310734
0.736072 0.945429 1.314206
0.731638 0.943033 1.317640
0.727253 0.940549 1.321036
0.722919 0.937977 1.324395
0.718638 0.935320 1.327715
0.714411 0.932577 1.330998
0.710241 0.929750 1.334241
0.706128 0.926840 1.337445
0.702075 0.923848 1.340610
0.698083 0.920776 1.343734
0.694153 0.917624 1.346818
0.690288 0.914394 1.349861
0.687340 0.915083 1.349864
0.684387 0.915741 1.349861
0.682192 0.920351 1.346817
0.679908 0.924915 1.343727
0.676856 0.925498 1.343725
0.673799 0.926051 1.343723
0.670736 0.926573 1.343721
0.667669 0.927064 1.343718
0.664723 0.928685 1.338957
0.661745 0.930229 1.334179
0.658734 0.931696 1.329390
0.655693 0.933087 1.324591
0.652624 0.934400 1.319782
0.649527 0.935635 1.314964
0.646406 0.936790 1.310136
0.643261 0.937867 1.305299
0.640094 0.938864 1.300455
0.636908 0.939781 1.295604
0.633703 0.940618 1.290745
0.630481 0.941374 1.285880
0.627246 0.942049 1.281008
0.623997 0.942642 1.276131
0.620737 0.943153 1.271249
0.620738 0.943152 1.271246
0.620704 0.943593 1.266364
0.620671 0.943983 1.261474
0.620638 0.944324 1.256580
0.620606 0.944616 1.251682
0.620573 0.944859 1.246781
0.620541 0.945053 1.241879
0.620509 0.945198 1.236975
0.620476 0.945294 1.232070
0.620444 0.945341 1.227164
0.620413 0.945338 1.222258
0.620381 0.945286 1.217352
0.620350 0.945186 1.212446
0.620319 0.945036 1.207543
0.620287 0.944837 1.202641
0.620256 0.944590 1.197741
0.620225 0.944293 1.192845
0.620195 0.943947 1.187951
0.620165 0.943552 1.183060
0.620134 0.943109 1.178174
0.620104 0.942616 1.173293
0.620074 0.942075 1.168418
0.620045 0.941485 1.163548
0.620015 0.940847 1.158684
0.619986 0.940159 1.153826
0.619957 0.939423 1.148976
0.619928 0.938638 1.144133
0.619899 0.937806 1.139298
0.619871 0.936924 1.134473
0.619842 0.935995 1.129656
0.619814 0.935018 1.124849
0.619786 0.933993 1.120052
0.619759 0.932919 1.115265
0.619731 0.931797 1.110489
0.619704 0.930628 1.105725
0.619677 0.929411 1.100973
0.619650 0.928147 1.096233
0.619624 0.926836 1.091506
0.619624 0.926834 1.091505
0.616557 0.926813 1.091503
0.613490 0.926762 1.091502
0.610423 0.926680 1.091501
0.607358 0.926567 1.091500
0.604334 0.925067 1.086786
0.601343 0.923491 1.082087
0.598235 0.923978 1.078220
0.595120 0.924393 1.074346
0.591997 0.924738 1.070465
0.588953 0.924441 1.070463
0.585911 0.924113 1.070461
0.582873 0.923754 1.070460
0.579839 0.923365 1.070458
0.576809 0.922946 1.070456
0.573583 0.923740 1.067388
0.570342 0.924469 1.064307
0.567351 0.923446 1.056562
0.564017 0.924374 1.049566
0.560689 0.925121 1.042548
0.557004 0.927615 1.040121
0.553268 0.930042 1.037662
0.549483 0.932400 1.035172
0.545651 0.934689 1.032651
0.541771 0.936909 1.030099
0.537847 0.939057 1.027517
0.533879 0.941134 1.024904
0.529868 0.943137 1.022262
0.525817 0.945066 1.019589
0.521726 0.946921 1.016887
0.517597 0.948700 1.014156
0.516738 0.951453 1.011396
0.516536 0.952086 1.007920
0.516344 0.952685 1.004437
0.515697 0.954782 1.005101
0.515052 0.956872 1.005786
0.511025 0.957886 1.006495
0.510830 0.958471 1.002942
0.510648 0.959020 0.999381
