0.620000 0.926199 1.104259
0.620001 0.926197 1.104257
0.620002 0.926195 1.104256
0.620002 0.926194 1.104254
0.620003 0.926192 1.104253
0.620004 0.926190 1.104251
0.620005 0.926188 1.104250
0.616944 0.926171 1.104248
0.613883 0.926123 1.104247
0.610823 0.926045 1.104245
0.607764 0.925936 1.104244
0.604707 0.925797 1.104242
0.601650 0.925627 1.104241
0.598596 0.925427 1.104239
0.595544 0.925196 1.104238
0.592350 0.926525 1.101167
0.589131 0.927790 1.098080
0.585887 0.928990 1.094977
0.582620 0.930125 1.091860
0.579331 0.931195 1.088727
0.576021 0.932198 1.085580
0.572692 0.933135 1.082419
0.569344 0.934005 1.079244
0.565980 0.934809 1.076055
0.562601 0.935544 1.072853
0.558890 0.937861 1.074228
0.555124 0.940149 1.075573
0.551304 0.942405 1.076887
0.547430 0.944630 1.078172
0.543502 0.946821 1.079427
0.539520 0.948978 1.080651
0.535358 0.951592 1.077950
0.531142 0.954129 1.075215
0.526875 0.956588 1.072444
0.522557 0.958968 1.069639
0.518550 0.960065 1.070354
0.514513 0.961108 1.071090
0.510448 0.962097 1.071849
0.506354 0.963031 1.072628
0.502234 0.963909 1.073429
0.498088 0.964732 1.074252
0.490365 0.964187 1.075087
0.482614 0.963468 1.075921
0.478377 0.964033 1.076808
0.473628 0.965771 1.073968
0.468841 0.967423 1.071094
0.464019 0.968986 1.068186
0.459160 0.970460 1.065244
0.454270 0.971844 1.062269
0.449348 0.973138 1.059261
0.444397 0.974341 1.056219
0.439417 0.975452 1.053146
0.434411 0.976471 1.050040
0.429382 0.977397 1.046902
0.424329 0.978230 1.043733
0.419255 0.978970 1.040533
0.414161 0.979615 1.037302
0.409051 0.980165 1.034041
0.403925 0.980622 1.030751
0.398785 0.980983 1.027430
0.393634 0.981249 1.024081
0.388472 0.981418 1.020702
0.383303 0.981492 1.017294
0.378127 0.981469 1.013857
0.374146 0.979605 1.009505
0.370561 0.977127 1.009505
0.366999 0.974612 1.009505
0.363462 0.972062 1.009505
0.359952 0.969477 1.009504
0.356467 0.966857 1.009504
0.353008 0.964202 1.009504
0.349893 0.961161 1.005605
0.346835 0.958061 1.001711
0.343837 0.954904 0.997821
0.340899 0.951691 0.993938
0.338023 0.948423 0.990061
0.335211 0.945102 0.986190
0.332462 0.941728 0.982326
0.329777 0.938304 0.978469
0.327159 0.934830 0.974620
0.324608 0.931307 0.970779
0.322124 0.927738 0.966947
0.319709 0.924122 0.963123
0.317364 0.920463 0.959308
0.315089 0.916760 0.955503
0.312885 0.913015 0.951708
0.310753 0.909231 0.947923
0.308694 0.905407 0.944148
0.306709 0.901546 0.940385
0.304797 0.897650 0.936633
0.302961 0.893718 0.932893
0.301199 0.889754 0.929166
0.299515 0.885758 0.925450
0.297906 0.881732 0.921748
0.293640 0.879805 0.922635
0.291056 0.876526 0.922635
0.288506 0.873221 0.922635
0.285988 0.869891 0.922635
0.283504 0.866535 0.922635
0.281054 0.863155 0.922635
0.278638 0.859751 0.922634
0.276255 0.856323 0.922634
0.273908 0.852871 0.922634
0.271780 0.849268 0.918464
0.269724 0.845624 0.914297
0.267741 0.841939 0.910133
0.265832 0.838213 0.905971
0.266108 0.837910 0.901810
0.266467 0.837668 0.897657
0.264774 0.833982 0.893512
0.265133 0.833572 0.889364
0.265597 0.833262 0.885225
0.265592 0.833255 0.885225
0.263715 0.834364 0.885940
0.261844 0.835471 0.886677
0.259980 0.836573 0.887436
0.258122 0.837671 0.888216
0.256270 0.838765 0.889018
0.254425 0.839854 0.889841
0.249340 0.842843 0.895122
0.247936 0.843665 0.891667
0.248384 0.843372 0.887329
0.247035 0.844146 0.883842
0.247548 0.843809 0.879494
0.248097 0.843448 0.875152
0.248683 0.843062 0.870818
0.246829 0.844152 0.871620
0.247442 0.843744 0.867270
0.247436 0.843733 0.867270
0.247427 0.843718 0.867270
0.247418 0.843702 0.867269
0.247409 0.843687 0.867269
0.247400 0.843671 0.867269
0.247629 0.844049 0.867265
0.247847 0.844526 0.867316
0.248137 0.844922 0.867312
0.248350 0.845337 0.867347
0.248518 0.845456 0.867284
0.248575 0.845563 0.867287
0.248625 0.845662 0.867291
0.248644 0.845696 0.867294
0.248789 0.845728 0.867261
0.248797 0.845754 0.867269
0.248171 0.846140 0.871616
0.248216 0.846193 0.871608
0.248284 0.846278 0.871599
0.248294 0.846295 0.871599
0.248349 0.846369 0.871595
0.248362 0.846387 0.871595
0.247653 0.846772 0.875811
0.247097 0.847106 0.880172
0.247086 0.847086 0.880171
0.246565 0.847392 0.884538
0.246080 0.847675 0.888911
0.245633 0.847935 0.893290
0.245224 0.848174 0.897673
0.244852 0.848389 0.902061
0.244517 0.848582 0.906453
0.244220 0.848754 0.910849
0.246149 0.852445 0.915240
0.248268 0.856292 0.919641
0.253393 0.858253 0.919331
0.258516 0.860133 0.918988
0.260751 0.863848 0.923326
0.260273 0.869410 0.932448
0.260024 0.874900 0.941673
0.260003 0.880307 0.950996
0.261783 0.884478 0.959199
0.263735 0.888544 0.967432
0.265857 0.892498 0.975695
0.268147 0.896338 0.983982
0.270601 0.900058 0.992292
0.275288 0.902011 0.995476
0.278538 0.905083 0.999924
0.281848 0.908088 1.004368
0.285217 0.911026 1.008804
0.288644 0.913896 1.013235
0.292127 0.916697 1.017658
0.295665 0.919427 1.022074
0.300589 0.920850 1.025080
0.303876 0.923711 1.033363
0.307301 0.926424 1.041651
0.310861 0.928983 1.049939
0.314552 0.931385 1.058224
0.318371 0.933626 1.066503
0.322313 0.935704 1.074773
0.326374 0.937614 1.083030
0.330499 0.939462 1.087347
0.337935 0.944092 1.091677
0.345487 0.948547 1.095967
0.349772 0.950078 1.100240
0.354086 0.951521 1.104496
0.357625 0.953913 1.114275
0.361313 0.956103 1.124077
0.366082 0.956846 1.132207
0.370603 0.957831 1.136415
0.376044 0.957480 1.138898
0.382020 0.956237 1.135773
0.387948 0.954906 1.132632
0.393271 0.954325 1.135018
0.398572 0.953652 1.137371
0.403849 0.952887 1.139689
0.409101 0.952031 1.141972
0.414325 0.951084 1.144219
0.419521 0.950047 1.146430
0.424687 0.948921 1.148605
0.429821 0.947706 1.150744
0.433888 0.948209 1.149084
0.437954 0.948648 1.147440
0.442018 0.949025 1.145812
0.445141 0.951098 1.140466
0.448327 0.953066 1.135150
0.451573 0.954929 1.129866
0.454876 0.956685 1.124615
0.459008 0.956729 1.123138
0.463899 0.955078 1.125386
0.468750 0.953343 1.127598
0.473559 0.951524 1.129773
0.477579 0.951340 1.128316
0.481586 0.951095 1.126877
0.485580 0.950790 1.125455
0.489559 0.950425 1.124051
0.493522 0.950001 1.122666
0.497468 0.949518 1.121299
0.501396 0.948977 1.119951
0.505306 0.948377 1.118622
0.509196 0.947720 1.117311
0.513065 0.947006 1.116019
0.516912 0.946235 1.114746
0.520738 0.945407 1.113493
0.524539 0.944525 1.112259
0.528317 0.943587 1.111044
0.532069 0.942594 1.109849
0.535795 0.941548 1.108674
0.539495 0.940448 1.107518
0.543166 0.939296 1.106383
0.546809 0.938092 1.105267
0.550422 0.936836 1.104172
0.554005 0.935529 1.103097
0.557557 0.934172 1.102042
0.561077 0.932765 1.101008
0.564565 0.931309 1.099994
0.568019 0.929806 1.099001
0.571439 0.928255 1.098029
0.574824 0.926657 1.097077
0.578174 0.925013 1.096147
0.581487 0.923324 1.095237
0.584763 0.921590 1.094349
0.588002 0.919813 1.093482
0.590996 0.920117 1.093481
0.593993 0.920392 1.093481
0.596829 0.922755 1.094346
0.599711 0.925083 1.095233
0.602757 0.925270 1.095232
0.605804 0.925427 1.095232
0.608853 0.925553 1.095231
0.611904 0.925649 1.095230
0.614955 0.925714 1.095229
0.618006 0.925749 1.095229
0.621058 0.925753 1.095228
0.624110 0.925727 1.095227
0.627161 0.925671 1.095227
0.630211 0.925584 1.095226
0.633321 0.926972 1.092160
0.636539 0.929645 1.093796
0.639813 0.932301 1.095403
0.643142 0.934938 1.096982
0.646527 0.937554 1.098533
0.649968 0.940150 1.100054
0.653465 0.942723 1.101547
0.657018 0.945273 1.103010
0.660627 0.947798 1.104444
0.664292 0.950297 1.105849
0.668013 0.952769 1.107224
0.671789 0.955213 1.108569
0.675622 0.957627 1.109885
0.679509 0.960011 1.111171
0.683452 0.962363 1.112426
0.687451 0.964682 1.113651
0.691504 0.966967 1.114846
0.695612 0.969217 1.116011
0.699775 0.971430 1.117145
0.703991 0.973605 1.118248
0.708262 0.975742 1.119320
0.712586 0.977838 1.120362
0.716964 0.979893 1.121372
0.721394 0.981906 1.122351
0.725877 0.983875 1.123299
0.730412 0.985799 1.124216
0.734998 0.987677 1.125101
0.739636 0.989509 1.125955
0.744324 0.991291 1.126777
0.749062 0.993025 1.127568
0.753849 0.994708 1.128327
0.758685 0.996339 1.129053
0.763570 0.997918 1.129750
0.768504 0.999446 1.130418
0.773483 1.000915 1.131048
0.778508 1.002328 1.131647
0.783578 1.003684 1.132214
0.788692 1.004982 1.132748
0.793850 1.006221 1.133250
0.799052 1.007399 1.133719
0.804295 1.008516 1.134157
0.809579 1.009571 1.134561
0.814903 1.010562 1.134933
0.820267 1.011490 1.135273
0.825668 1.012352 1.135580
0.831106 1.013149 1.135854
0.836580 1.013879 1.136095
0.842090 1.014541 1.136304
0.847633 1.015135 1.136480
0.853209 1.015660 1.136623
0.858816 1.016114 1.136733
0.864454 1.016498 1.136810
0.870120 1.016811 1.136855
0.875815 1.017052 1.136867
0.881537 1.017219 1.136845
0.887285 1.017313 1.136791
0.893057 1.017333 1.136704
0.898852 1.017279 1.136584
0.904669 1.017149 1.136431
0.910507 1.016942 1.136245
0.916365 1.016659 1.136026
0.922241 1.016300 1.135774
0.928134 1.015862 1.135489
0.934043 1.015346 1.135171
0.939967 1.014751 1.134820
0.945904 1.014077 1.134437
0.951854 1.013323 1.134020
0.957815 1.012489 1.133571
0.963786 1.011573 1.133089
0.969766 1.010576 1.132574
0.973613 1.007089 1.132563
0.977428 1.003561 1.132553
