1.024472 0.902002 1.105118
1.026590 0.901763 1.100198
1.028113 0.902280 1.095245
1.030844 0.904023 1.094859
1.033520 0.905845 1.094443
1.036172 0.907693 1.093994
1.036998 0.912170 1.093535
1.038931 0.915016 1.093008
1.039478 0.919815 1.092478
1.041222 0.922885 1.091884
1.043429 0.925303 1.091266
1.044425 0.926410 1.086036
1.045464 0.927361 1.080787
1.047985 0.929302 1.080072
1.050526 0.931212 1.079332
1.053071 0.933103 1.078561
1.055616 0.934980 1.077757
1.053997 0.937317 1.077661
1.051579 0.940594 1.077662
1.050442 0.942110 1.077648
1.049911 0.942815 1.077640
1.049658 0.943148 1.077636
1.048471 0.942438 1.082999
1.047280 0.941646 1.088352
1.046064 0.940798 1.093690
1.044813 0.939909 1.099014
1.043522 0.938984 1.104321
1.042190 0.938026 1.109613
1.038907 0.939560 1.114907
1.034788 0.942053 1.120172
1.029178 0.943989 1.120715
1.023435 0.946003 1.121222
1.015981 0.946632 1.120877
1.008526 0.947160 1.120521
1.001085 0.947570 1.120154
0.993668 0.947857 1.119777
0.986277 0.948018 1.119389
0.978916 0.948054 1.118991
0.971588 0.947966 1.118582
0.964293 0.947756 1.118163
0.957035 0.947422 1.117733
0.949816 0.946968 1.117293
0.942638 0.946395 1.116842
0.935502 0.945702 1.116381
0.928411 0.944893 1.115910
0.921367 0.943967 1.115429
0.914372 0.942927 1.114937
0.907427 0.941774 1.114435
0.900534 0.940510 1.113923
0.893695 0.939135 1.113401
0.886912 0.937652 1.112869
0.880187 0.936061 1.112327
0.873521 0.934366 1.111775
0.866915 0.932566 1.111214
0.860372 0.930664 1.110642
0.853893 0.928662 1.110060
0.847479 0.926560 1.109469
0.841132 0.924361 1.108868
0.834854 0.922067 1.108258
0.828646 0.919679 1.107638
0.822509 0.917198 1.107008
0.816446 0.914627 1.106369
0.810456 0.911968 1.105721
0.804541 0.909222 1.105063
0.798703 0.906390 1.104396
0.792944 0.903476 1.103719
0.787264 0.900479 1.103034
0.781664 0.897404 1.102339
0.776147 0.894250 1.101636
0.770712 0.891020 1.100923
0.765362 0.887715 1.100202
0.760097 0.884339 1.099472
0.754919 0.880891 1.098733
0.749829 0.877375 1.097985
0.744827 0.873792 1.097229
0.739915 0.870144 1.096464
0.735093 0.866435 1.095690
0.730364 0.862663 1.094909
0.725726 0.858833 1.094119
0.721182 0.854947 1.093322
0.716732 0.851006 1.092516
0.712376 0.847014 1.091701
0.708116 0.842969 1.090880
0.703952 0.838877 1.090050
0.699884 0.834738 1.089213
0.695913 0.830555 1.088368
0.692039 0.826331 1.087515
0.688263 0.822067 1.086655
0.684586 0.817763 1.085787
0.681008 0.813424 1.084913
0.677528 0.809051 1.084031
0.674148 0.804647 1.083142
0.670867 0.800214 1.082246
0.667685 0.795753 1.081342
0.664604 0.791266 1.080432
0.661624 0.786755 1.079516
0.658743 0.782224 1.078593
0.658743 0.782223 1.078593
0.657120 0.782601 1.078593
0.655493 0.782962 1.078593
0.653863 0.783308 1.078593
0.652397 0.784471 1.079651
0.650911 0.785622 1.080762
0.649406 0.786759 1.081927
0.647880 0.787880 1.083144
0.646335 0.788985 1.084415
0.644770 0.790070 1.085739
0.643069 0.790309 1.085738
0.641549 0.791937 1.084012
0.639997 0.793533 1.082273
0.638413 0.795099 1.080519
0.636886 0.797518 1.080095
0.635314 0.799927 1.079693
0.633696 0.802326 1.079314
0.632031 0.804715 1.078957
0.630319 0.807093 1.078623
0.628562 0.809457 1.078312
0.626759 0.811808 1.078024
0.624911 0.814143 1.077758
0.623016 0.816464 1.077516
0.621076 0.818768 1.077296
0.619090 0.821054 1.077099
0.617059 0.823322 1.076925
0.617038 0.825611 1.076773
0.617018 0.827901 1.076645
0.619099 0.830212 1.076539
0.621227 0.832503 1.076456
0.621253 0.834796 1.076397
0.621278 0.837090 1.076360
0.621304 0.839384 1.076346
0.621330 0.841678 1.076355
0.621357 0.843972 1.076387
0.621383 0.846266 1.076442
0.621410 0.848558 1.076520
0.621436 0.850850 1.076620
0.621464 0.853140 1.076744
0.621491 0.855429 1.076890
0.621518 0.857716 1.077059
0.621546 0.860001 1.077251
0.621574 0.862284 1.077465
0.621602 0.864565 1.077703
0.621630 0.866843 1.077963
0.621657 0.869119 1.078246
0.621685 0.871392 1.078552
0.621713 0.873662 1.078881
0.621742 0.875929 1.079232
0.621770 0.878192 1.079606
0.621798 0.880451 1.080002
0.621827 0.882705 1.080421
0.621856 0.884956 1.080862
0.621885 0.887201 1.081326
0.621914 0.889442 1.081812
0.621943 0.891678 1.082320
0.621973 0.893908 1.082851
0.622002 0.896134 1.083404
0.622031 0.898354 1.083980
0.622060 0.900569 1.084577
0.622089 0.902777 1.085197
0.622119 0.904978 1.085838
0.622149 0.907173 1.086502
0.622178 0.909362 1.087187
0.622208 0.911543 1.087894
0.622238 0.913717 1.088623
0.622268 0.915883 1.089373
0.622298 0.918042 1.090145
0.622328 0.920192 1.090938
0.622358 0.922336 1.091754
0.622388 0.924471 1.092590
0.622418 0.926598 1.093448
0.622448 0.928716 1.094328
0.619362 0.928723 1.094326
0.616275 0.928700 1.094325
0.613140 0.931472 1.095956
0.609949 0.934230 1.097559
0.606700 0.936970 1.099134
0.603396 0.939692 1.100679
0.600106 0.941066 1.097469
0.596791 0.942374 1.094243
0.593449 0.943615 1.091002
0.590084 0.944788 1.087745
0.586695 0.945895 1.084475
0.583285 0.946933 1.081190
0.579855 0.947903 1.077892
0.576406 0.948804 1.074580
0.572940 0.949636 1.071255
0.569139 0.952565 1.068603
0.565279 0.955424 1.065916
0.561361 0.958213 1.063196
0.557386 0.960930 1.060442
0.553357 0.963574 1.057654
0.549274 0.966144 1.054833
0.545140 0.968638 1.051979
0.540954 0.971056 1.049092
0.536720 0.973397 1.046173
0.532438 0.975658 1.043221
0.532202 0.976623 1.035625
0.532004 0.977435 1.028019
0.531842 0.978098 1.020408
0.531717 0.978610 1.012795
0.531629 0.978973 1.005182
0.528536 0.976126 0.997020
0.524843 0.975696 0.993341
0.521290 0.974726 0.993340
0.520567 0.977352 0.990164
0.519857 0.979947 0.986960
0.519155 0.982512 0.983730
0.518462 0.985046 0.980473
0.514124 0.986512 0.977191
0.513406 0.988970 0.973882
0.512715 0.991402 0.970548
0.512034 0.993802 0.967189
0.511362 0.996169 0.963805
0.510699 0.998504 0.960397
0.510045 1.000805 0.956964
0.509401 1.003073 0.953508
0.508765 1.005308 0.950029
0.508139 1.007509 0.946526
0.507522 1.009677 0.943000
0.506914 1.011810 0.939453
0.506315 1.013908 0.935883
0.505725 1.015972 0.932291
0.505718 1.015970 0.932291
0.506650 1.012710 0.928028
0.507585 1.009407 0.923799
0.508532 1.006063 0.919604
0.509490 1.002679 0.915445
0.510460 0.999255 0.911321
0.511442 0.995792 0.907232
0.511819 0.994469 0.903553
0.508648 0.992069 0.899892
0.505366 0.989555 0.896242
0.501662 0.988385 0.896241
