0.679511 0.903173 1.408150
0.679884 0.904938 1.403602
0.680248 0.906660 1.399036
0.680603 0.908336 1.394454
0.680947 0.909967 1.389854
0.681282 0.911554 1.385239
0.681608 0.913095 1.380607
0.681923 0.914590 1.375961
0.682229 0.916040 1.371300
0.682525 0.917444 1.366624
0.682811 0.918803 1.361934
0.683087 0.920115 1.357231
0.683353 0.921381 1.352515
0.683610 0.922602 1.347787
0.683856 0.923775 1.343046
0.684093 0.924903 1.338294
0.684319 0.925984 1.333531
0.684535 0.927018 1.328757
0.684742 0.928005 1.323973
0.684938 0.928946 1.319179
0.685124 0.929840 1.314376
0.685300 0.930686 1.309564
0.685467 0.931486 1.304744
0.685622 0.932238 1.299916
0.685768 0.932943 1.295080
0.685904 0.933601 1.290238
0.686029 0.934212 1.285390
0.686144 0.934775 1.280535
0.686250 0.935290 1.275675
0.686344 0.935758 1.270810
0.686429 0.936178 1.265941
0.686503 0.936551 1.261067
0.686568 0.936876 1.256191
0.686622 0.937154 1.251311
0.686665 0.937383 1.246428
0.686699 0.937565 1.241544
0.686722 0.937699 1.236658
0.686735 0.937785 1.231771
0.686738 0.937824 1.226883
0.686730 0.937815 1.221995
0.686713 0.937758 1.217108
0.686684 0.937653 1.212221
0.686646 0.937500 1.207336
0.686598 0.937300 1.202453
0.686539 0.937052 1.197572
0.686470 0.936756 1.192694
0.686391 0.936413 1.187819
0.686301 0.936021 1.182948
0.686202 0.935583 1.178081
0.686092 0.935096 1.173219
0.685972 0.934562 1.168362
0.685842 0.933981 1.163511
0.685701 0.933352 1.158666
0.685551 0.932676 1.153828
0.685390 0.931953 1.148997
0.685220 0.931183 1.144174
0.685039 0.930365 1.139358
0.684848 0.929500 1.134552
0.684647 0.928589 1.129754
0.684436 0.927630 1.124966
0.684215 0.926625 1.120189
0.683983 0.925573 1.115421
0.683742 0.924474 1.110665
0.683491 0.923329 1.105920
0.683230 0.922138 1.101187
0.682960 0.920900 1.096467
0.682679 0.919617 1.091760
0.679674 0.920229 1.091759
0.676664 0.920812 1.091758
0.673647 0.921364 1.091758
0.670626 0.921886 1.091757
0.667599 0.922378 1.091756
0.664568 0.922839 1.091756
0.661532 0.923270 1.091755
0.658491 0.923671 1.091754
0.655447 0.924041 1.091754
0.652400 0.924380 1.091753
0.649349 0.924689 1.091752
0.646295 0.924968 1.091752
0.643239 0.925215 1.091751
0.640180 0.925432 1.091750
0.637120 0.925619 1.091750
0.634057 0.925775 1.091749
0.630994 0.925900 1.091748
0.627929 0.925995 1.091748
0.624863 0.926058 1.091747
0.621797 0.926091 1.091746
0.618730 0.926094 1.091746
0.615664 0.926065 1.091745
0.615659 0.926065 1.091744
0.615653 0.926065 1.091744
0.615623 0.928897 1.093368
0.615592 0.931745 1.094964
0.618708 0.934638 1.096531
0.621881 0.937516 1.098070
0.625112 0.940376 1.099580
0.628401 0.943217 1.101061
0.628486 0.946141 1.102512
0.628573 0.949079 1.103935
0.628659 0.952031 1.105328
0.628746 0.954997 1.106691
0.628834 0.957976 1.108024
0.628921 0.960969 1.109328
0.629010 0.963974 1.110601
0.629098 0.966992 1.111845
0.629187 0.970022 1.113058
0.629277 0.973065 1.114241
0.629366 0.976118 1.115393
0.629457 0.979184 1.116515
0.629547 0.982260 1.117606
0.629638 0.985347 1.118666
0.629729 0.988445 1.119695
0.629820 0.991552 1.120693
0.629912 0.994670 1.121660
0.630035 0.998570 1.118745
0.630158 1.002441 1.115791
0.630280 1.006283 1.112799
0.630401 1.010094 1.109768
0.630494 1.013256 1.110577
0.630587 1.016425 1.111355
0.630680 1.019603 1.112101
0.630802 1.023406 1.108938
0.630922 1.027178 1.105735
0.631040 1.030918 1.102496
0.631158 1.034625 1.099219
0.631250 1.037835 1.099805
0.631343 1.041051 1.100359
0.631436 1.044273 1.100880
0.631529 1.047500 1.101370
0.631647 1.051195 1.097927
0.631761 1.054855 1.094447
0.631874 1.058480 1.090931
0.631985 1.062070 1.087378
0.632094 1.065624 1.083790
0.632177 1.068873 1.084083
0.632264 1.072126 1.084345
0.632351 1.075382 1.084575
0.632436 1.078639 1.084771
0.632520 1.081898 1.084935
0.632603 1.085159 1.085066
0.632712 1.088689 1.081248
0.632811 1.092180 1.077392
0.632906 1.095633 1.073502
0.632998 1.099046 1.069578
0.633088 1.102420 1.065619
0.633174 1.105754 1.061627
0.633258 1.109048 1.057601
0.633339 1.112302 1.053543
0.633389 1.115560 1.053377
0.633449 1.118818 1.053181
0.633511 1.122073 1.052952
0.633571 1.125326 1.052690
0.633659 1.128531 1.048471
0.633734 1.131692 1.044217
0.633802 1.134810 1.039932
0.633866 1.137885 1.035615
0.633928 1.140917 1.031268
0.633988 1.143905 1.026891
0.634046 1.146850 1.022484
0.634103 1.149750 1.018048
0.634158 1.152605 1.013583
0.634213 1.155415 1.009089
0.634267 1.158181 1.004567
0.634320 1.160901 1.000018
0.634374 1.163575 0.995442
0.634427 1.166203 0.990839
0.634482 1.168785 0.986210
0.634523 1.171950 0.985428
0.634575 1.175111 0.984618
0.634663 1.177822 0.989354
0.634745 1.179938 0.990237
0.634810 1.182042 0.991137
0.634809 1.181448 0.987255
0.634793 1.180810 0.983373
0.634769 1.180134 0.979498
0.634740 1.179419 0.975630
0.634768 1.181510 0.976545
0.634805 1.183596 0.977487
0.634789 1.182847 0.973632
0.634764 1.182055 0.969779
0.634734 1.181225 0.965934
0.634700 1.180356 0.962098
0.634664 1.179449 0.958271
0.634686 1.181522 0.959229
0.634720 1.183589 0.960212
0.634760 1.185646 0.961217
0.634747 1.184705 0.957404
0.634720 1.183722 0.953596
0.634687 1.182700 0.949797
0.634649 1.181642 0.946010
0.634610 1.180545 0.942233
0.634557 1.180539 0.942225
0.634525 1.180539 0.942224
0.634498 1.180540 0.942224
0.634473 1.180540 0.942223
0.634448 1.180540 0.942222
0.634424 1.180540 0.942222
0.634441 1.180519 0.947828
0.634433 1.180442 0.953434
0.634411 1.180310 0.959039
0.634379 1.180122 0.964642
0.634342 1.179878 0.970243
0.634301 1.179578 0.975842
0.634256 1.179222 0.981437
0.634207 1.178810 0.987028
0.634155 1.178343 0.992614
