0.622443 0.901003 1.427890
0.622430 0.903013 1.423412
0.622417 0.904978 1.418914
0.622404 0.906897 1.414397
0.622390 0.908771 1.409862
0.622376 0.910600 1.405308
0.622361 0.912383 1.400737
0.622346 0.914120 1.396148
0.622331 0.915811 1.391543
0.622315 0.917456 1.386921
0.622300 0.919054 1.382283
0.622283 0.920606 1.377629
0.622267 0.922111 1.372961
0.622250 0.923569 1.368278
0.622233 0.924981 1.363581
0.622215 0.926345 1.358870
0.622197 0.927662 1.354146
0.622179 0.928932 1.349410
0.622161 0.930154 1.344661
0.622142 0.931328 1.339900
0.622122 0.932455 1.335128
0.622103 0.933534 1.330344
0.622083 0.934566 1.325551
0.622063 0.935549 1.320748
0.622043 0.936484 1.315935
0.622022 0.937371 1.311113
0.622001 0.938209 1.306283
0.621979 0.938999 1.301444
0.621958 0.939741 1.296598
0.621936 0.940435 1.291745
0.621914 0.941079 1.286885
0.621891 0.941675 1.282020
0.621868 0.942223 1.277148
0.621845 0.942722 1.272272
0.621822 0.943171 1.267390
0.621798 0.943572 1.262505
0.621774 0.943925 1.257616
0.621750 0.944228 1.252723
0.621725 0.944482 1.247828
0.621700 0.944687 1.242931
0.621675 0.944844 1.238032
0.621650 0.944951 1.233131
0.621624 0.945010 1.228230
0.621599 0.945019 1.223329
0.621572 0.944979 1.218427
0.621546 0.944890 1.213527
0.621520 0.944753 1.208627
0.621493 0.944566 1.203729
0.621466 0.944330 1.198834
0.621438 0.944046 1.193941
0.621411 0.943712 1.189051
0.621383 0.943330 1.184164
0.621355 0.942898 1.179282
0.621327 0.942418 1.174404
0.621298 0.941889 1.169532
0.621269 0.941312 1.164665
0.621240 0.940686 1.159804
0.621211 0.940011 1.154949
0.621182 0.939288 1.150102
0.621152 0.938516 1.145261
0.621122 0.937696 1.140429
0.621092 0.936828 1.135606
0.621062 0.935911 1.130791
0.621031 0.934946 1.125986
0.621001 0.933934 1.121190
0.620970 0.932873 1.116405
0.620939 0.931765 1.111631
0.620907 0.930609 1.106868
0.620876 0.929405 1.102117
0.620844 0.928154 1.097379
0.620812 0.926855 1.092653
0.620807 0.926855 1.092652
0.620802 0.926855 1.092652
0.620825 0.929681 1.094287
0.620849 0.932523 1.095894
0.624025 0.935357 1.097473
0.627259 0.938173 1.099023
0.630550 0.940972 1.100544
0.633898 0.943751 1.102037
0.634038 0.946667 1.103500
0.634177 0.949597 1.104934
0.634317 0.952542 1.106338
0.634458 0.955500 1.107713
0.634599 0.958472 1.109058
0.634740 0.961457 1.110374
0.634881 0.964455 1.111659
0.635023 0.967466 1.112914
0.635165 0.970490 1.114140
0.635308 0.973525 1.115334
0.635451 0.976572 1.116499
0.635594 0.979631 1.117633
0.635737 0.982701 1.118736
0.635881 0.985782 1.119808
0.636025 0.988873 1.120849
0.636169 0.991974 1.121860
0.636313 0.995086 1.122839
0.636458 0.998207 1.123787
0.636634 1.002119 1.120855
0.636808 1.006000 1.117883
0.636982 1.009852 1.114873
0.637154 1.013674 1.111824
0.637300 1.016838 1.112615
0.637446 1.020011 1.113373
0.637592 1.023190 1.114100
0.637737 1.026377 1.114795
0.637910 1.030197 1.111582
0.638081 1.033985 1.108329
0.638250 1.037740 1.105039
0.638418 1.041462 1.101711
0.638584 1.045150 1.098347
0.638748 1.048805 1.094945
0.638911 1.052425 1.091507
0.639072 1.056011 1.088033
0.639231 1.059562 1.084523
0.639387 1.063077 1.080978
0.639524 1.066321 1.081317
0.639665 1.069568 1.081624
0.639805 1.072818 1.081899
0.639944 1.076070 1.082141
0.640102 1.079562 1.078432
0.640251 1.083016 1.074686
0.640397 1.086432 1.070906
0.640539 1.089810 1.067091
0.640679 1.093150 1.063243
0.640815 1.096451 1.059362
0.640948 1.099713 1.055447
0.641078 1.102936 1.051500
0.641205 1.106120 1.047521
0.641329 1.109263 1.043510
0.641449 1.112367 1.039468
0.641565 1.115429 1.035395
0.641679 1.118451 1.031291
0.641789 1.121432 1.027157
0.641896 1.124371 1.022994
0.642000 1.127269 1.018801
0.642100 1.130124 1.014579
0.642198 1.132937 1.010329
0.642294 1.135708 1.006051
0.642387 1.138436 1.001745
0.642478 1.141120 0.997413
0.642566 1.143761 0.993053
0.642653 1.146358 0.988667
0.642738 1.148912 0.984256
0.642822 1.151024 0.985134
0.642896 1.153129 0.986035
0.642965 1.155640 0.981600
0.643040 1.158105 0.977138
0.643117 1.160525 0.972652
0.643196 1.162899 0.968141
0.643275 1.165228 0.963607
0.643354 1.167512 0.959050
0.643433 1.169750 0.954470
0.643537 1.171841 0.955388
0.643519 1.170870 0.951583
0.643479 1.169858 0.947784
0.643536 1.171942 0.948723
0.643602 1.174019 0.949686
0.643565 1.172972 0.945901
0.643411 1.169806 0.941157
0.643458 1.171880 0.942116
0.643391 1.171846 0.936591
0.643340 1.171753 0.931065
0.643297 1.171604 0.925540
0.643362 1.173506 0.920920
0.643434 1.175363 0.916282
0.643554 1.177455 0.917202
0.643661 1.179540 0.918145
0.643663 1.179537 0.918143
0.643657 1.179537 0.918142
0.643647 1.179537 0.918142
0.643635 1.179538 0.918141
0.643623 1.179538 0.918141
0.643610 1.179538 0.918140
0.643597 1.179538 0.918140
0.643630 1.179757 0.923741
0.643640 1.179920 0.929343
0.643635 1.180029 0.934947
0.643622 1.180082 0.940553
0.643602 1.180078 0.946158
0.643576 1.180019 0.951763
0.643546 1.179905 0.957367
0.643510 1.179734 0.962969
0.643470 1.179507 0.968569
0.643426 1.179224 0.974167
0.643378 1.178886 0.979762
0.643324 1.178492 0.985353
0.643267 1.178042 0.990940
0.643207 1.177536 0.996521
0.643061 1.174308 0.996994
0.642891 1.171075 0.997433
