0.419921 1.152458 0.991608
0.420652 1.152188 0.997302
0.423941 1.152800 1.002984
0.428452 1.153770 1.008657
0.433556 1.154848 1.014323
0.439686 1.153701 1.015422
0.445918 1.152519 1.016489
0.452177 1.151277 1.017525
0.458427 1.149963 1.018530
0.465262 1.146446 1.018892
0.472022 1.142833 1.019244
0.478698 1.139124 1.019588
0.485287 1.135320 1.019923
0.491786 1.131422 1.020249
0.498193 1.127432 1.020566
0.504505 1.123352 1.020874
0.510722 1.119184 1.021172
0.516842 1.114930 1.021462
0.522864 1.110593 1.021742
0.528786 1.106173 1.022013
0.534609 1.101674 1.022275
0.540330 1.097098 1.022527
0.545949 1.092447 1.022770
0.551146 1.089975 1.023301
0.555805 1.090634 1.023300
0.560478 1.091248 1.023300
0.565160 1.091815 1.023299
0.569849 1.092336 1.023299
0.574543 1.092811 1.023298
0.579342 1.092418 1.028043
0.584128 1.091929 1.032780
0.592058 1.091533 1.037496
0.601082 1.091009 1.042211
0.607162 1.090205 1.046936
0.612282 1.089256 1.051640
0.617115 1.086060 1.051947
0.621789 1.082811 1.052219
0.626372 1.079514 1.052459
0.630942 1.079427 1.052459
0.635510 1.079295 1.052458
0.636471 1.079269 1.052472
0.633070 1.079387 1.052490
0.628737 1.079492 1.052494
0.627795 1.079501 1.052479
0.627557 1.079503 1.052475
0.627479 1.078386 1.057064
0.623761 1.077275 1.061662
0.622970 1.077275 1.061649
0.622791 1.076066 1.066213
0.622732 1.074811 1.070766
0.622697 1.073511 1.075307
0.622660 1.070245 1.075352
0.622615 1.066979 1.075363
0.622571 1.063713 1.075341
0.622528 1.060448 1.075287
0.622486 1.057183 1.075201
0.622445 1.053920 1.075081
0.622406 1.050657 1.074930
0.622368 1.047397 1.074745
0.622331 1.044138 1.074528
0.622296 1.040882 1.074278
0.622261 1.037628 1.073996
0.622227 1.034378 1.073682
0.622193 1.031130 1.073335
0.622161 1.027887 1.072955
0.622129 1.024647 1.072543
0.622098 1.021411 1.072099
0.622067 1.018181 1.071622
0.622036 1.014955 1.071114
0.622005 1.011734 1.070572
0.621974 1.008519 1.069999
0.621944 1.005309 1.069393
0.621913 1.002106 1.068756
0.621883 0.998909 1.068086
0.621853 0.995718 1.067384
0.621823 0.992535 1.066651
0.621794 0.989359 1.065885
0.621764 0.986191 1.065087
0.621735 0.983030 1.064258
0.621706 0.979877 1.063396
0.621678 0.976733 1.062504
0.621650 0.973598 1.061580
0.621623 0.970473 1.060624
0.621595 0.967357 1.059638
0.621568 0.964252 1.058621
0.621541 0.961157 1.057573
0.621515 0.958071 1.056493
0.621489 0.954997 1.055383
0.621463 0.951934 1.054242
0.621437 0.948883 1.053071
0.621411 0.945844 1.051869
0.621386 0.942817 1.050637
0.621376 0.941723 1.053859
0.621377 0.941720 1.053857
0.621367 0.940593 1.057067
0.621357 0.939435 1.060266
0.621347 0.938244 1.063454
0.621336 0.937022 1.066629
0.621325 0.935768 1.069792
0.621314 0.934483 1.072942
0.621302 0.933166 1.076079
0.621291 0.931818 1.079203
0.621279 0.930439 1.082313
0.621266 0.929029 1.085409
0.621254 0.927588 1.088491
0.621241 0.926116 1.091559
0.621227 0.924614 1.094611
0.621228 0.924612 1.094610
0.618183 0.924608 1.094608
0.615138 0.924573 1.094607
0.612093 0.924507 1.094606
0.609003 0.925911 1.091551
0.605828 0.928622 1.093162
0.602596 0.931316 1.094745
0.599309 0.933991 1.096299
0.595965 0.936646 1.097824
0.592565 0.939280 1.099320
0.589109 0.941893 1.100786
0.585596 0.944482 1.102224
0.582027 0.947048 1.103632
0.578401 0.949589 1.105011
0.574900 0.950745 1.101680
0.571175 0.953233 1.102999
0.567394 0.955692 1.104289
0.563557 0.958121 1.105548
0.559907 0.959123 1.102111
0.556237 0.960051 1.098657
0.552550 0.960906 1.095188
0.548845 0.961687 1.091704
0.545126 0.962394 1.088205
0.541393 0.963026 1.084691
0.537648 0.963583 1.081163
0.533893 0.964065 1.077622
0.529683 0.966200 1.078605
0.525420 0.968295 1.079557
0.521103 0.970348 1.080478
0.516733 0.972358 1.081367
0.512198 0.974730 1.078321
0.507613 0.977016 1.075238
0.502981 0.979216 1.072121
0.498707 0.980116 1.072774
0.494404 0.980958 1.073450
0.490074 0.981744 1.074147
0.485719 0.982472 1.074865
0.481339 0.983144 1.075607
0.476935 0.983757 1.076369
0.472508 0.984310 1.077154
0.468059 0.984804 1.077959
0.459796 0.983599 1.078771
0.452400 0.980260 1.078732
0.445071 0.976778 1.078674
0.441505 0.975008 1.078674
0.437392 0.974413 1.074696
0.433293 0.973735 1.070703
0.429206 0.972974 1.066698
0.425135 0.972131 1.062680
0.421079 0.971206 1.058651
0.418141 0.968392 1.049988
0.415327 0.965394 1.041376
0.412640 0.962221 1.032822
0.408924 0.960776 1.024894
0.409041 0.960604 1.020971
0.409215 0.960421 1.017052
0.409409 0.960204 1.013135
0.409624 0.959955 1.009221
0.406510 0.957577 1.005312
0.403407 0.955114 1.001405
0.400353 0.952590 0.997503
0.397350 0.950006 0.993605
0.394398 0.947364 0.989712
0.391499 0.944663 0.985825
0.388655 0.941906 0.981944
0.385865 0.939093 0.978068
0.383132 0.936225 0.974199
0.380456 0.933304 0.970337
0.377332 0.930891 0.970337
0.374234 0.928447 0.970337
0.374202 0.928422 0.970336
0.371158 0.925971 0.970337
0.368109 0.923466 0.970337
0.365085 0.920931 0.970337
0.362087 0.918365 0.970337
0.359115 0.915770 0.970337
0.356169 0.913145 0.970337
0.353249 0.910490 0.970337
0.350356 0.907807 0.970337
0.347490 0.905095 0.970336
0.344652 0.902354 0.970336
0.341840 0.899585 0.970336
0.339057 0.896788 0.970336
0.336302 0.893963 0.970336
0.333575 0.891111 0.970336
0.330877 0.888232 0.970336
0.328208 0.885326 0.970336
0.325384 0.882567 0.966393
0.322615 0.879752 0.962447
0.320031 0.876764 0.962447
0.317476 0.873749 0.962447
0.314952 0.870709 0.962447
0.310729 0.869051 0.962990
0.306512 0.867330 0.963556
0.304741 0.863714 0.959717
0.305423 0.863175 0.955885
0.306169 0.862658 0.952064
0.306946 0.862118 0.948251
0.305384 0.858463 0.944451
0.303864 0.854736 0.940658
0.302056 0.856021 0.941244
0.300282 0.857344 0.941854
0.298514 0.858664 0.942487
0.296751 0.859980 0.943141
0.294994 0.861292 0.943817
0.293241 0.862600 0.944515
0.289104 0.860652 0.945237
0.286713 0.857329 0.945237
0.284354 0.853982 0.945237
0.282030 0.850611 0.945237
