0.620000 0.927993 1.116408
0.620001 0.927991 1.116407
0.620002 0.927989 1.116405
0.616923 0.927972 1.116403
0.613845 0.927923 1.116401
0.610767 0.927844 1.116399
0.607690 0.927735 1.116398
0.604528 0.929311 1.113308
0.601267 0.931966 1.114932
0.597951 0.934603 1.116527
0.594578 0.937219 1.118094
0.591149 0.939816 1.119633
0.587664 0.942391 1.121143
0.584124 0.944942 1.122624
0.580527 0.947470 1.124076
0.576874 0.949971 1.125498
0.573166 0.952446 1.126890
0.569402 0.954893 1.128253
0.565764 0.956181 1.124855
0.562102 0.957395 1.121439
0.558416 0.958536 1.118005
0.554708 0.959603 1.114553
0.550980 0.960595 1.111085
0.547232 0.961512 1.107599
0.543467 0.962355 1.104097
0.539685 0.963122 1.100579
0.535890 0.963813 1.097046
0.531541 0.966537 1.094226
0.530632 0.970093 1.091371
0.529731 0.973621 1.088478
0.528838 0.977120 1.085549
0.527951 0.980590 1.082583
0.527072 0.984031 1.079582
0.526739 0.985335 1.075817
0.525874 0.988717 1.072745
0.525016 0.992069 1.069639
0.524165 0.995391 1.066499
0.523323 0.998683 1.063324
0.522487 1.001944 1.060116
0.521660 1.005175 1.056874
0.520840 1.008373 1.053600
0.520029 1.011541 1.050293
0.519226 1.014676 1.046953
0.518431 1.017778 1.043581
0.517644 1.020848 1.040178
0.516866 1.023885 1.036742
0.512087 1.025844 1.033278
0.507216 1.027696 1.029779
0.506324 1.030593 1.026249
0.505518 1.033477 1.022691
0.504723 1.036328 1.019103
0.503937 1.039143 1.015486
0.503160 1.041923 1.011840
0.502392 1.044668 1.008165
0.501632 1.047377 1.004462
0.500882 1.050050 1.000731
0.500140 1.052686 0.996972
0.499407 1.055285 0.993186
0.498683 1.057848 0.989373
0.497967 1.060373 0.985534
0.497955 1.060370 0.985534
0.497940 1.060365 0.985533
0.498703 1.057608 0.980960
0.499467 1.054801 0.976413
0.500242 1.051950 0.971896
0.501029 1.049055 0.967408
0.501829 1.046118 0.962951
0.502640 1.043138 0.958524
0.503464 1.040115 0.954129
0.504301 1.037050 0.949765
0.505149 1.033944 0.945433
0.506009 1.030796 0.941133
0.506880 1.027607 0.936866
0.507764 1.024377 0.932633
0.508659 1.021106 0.928433
0.509566 1.017796 0.924267
0.510485 1.014445 0.920136
0.511414 1.011055 0.916040
0.512355 1.007626 0.911979
0.513308 1.004158 0.907954
0.513661 1.002843 0.904270
0.514025 1.001493 0.900599
0.513392 1.003674 0.900926
0.513381 1.003671 0.900926
0.513370 1.003668 0.900925
0.513359 1.003664 0.900925
0.509827 1.002672 0.900932
0.506024 1.001557 0.900932
0.502207 1.000395 0.900932
0.501214 1.002456 0.901275
0.500501 1.004605 0.901646
0.499815 1.006759 0.902041
0.499133 1.008911 0.902458
0.498453 1.011058 0.902898
0.497773 1.013201 0.903361
0.497095 1.015339 0.903846
0.496418 1.017473 0.904353
0.495742 1.019601 0.904883
0.495068 1.021724 0.905435
0.498092 1.024966 0.906001
0.497755 1.027185 0.906604
0.498203 1.025823 0.902949
0.498620 1.024412 0.899307
0.499043 1.022965 0.895680
0.499476 1.021483 0.892068
0.503601 1.021045 0.888464
0.504330 1.019581 0.884891
0.504806 1.018000 0.881328
0.505268 1.016377 0.877780
0.502091 1.013654 0.874258
0.502322 1.011881 0.870738
0.502805 1.010154 0.867243
0.499158 1.009046 0.867249
0.498895 1.008957 0.867242
0.498863 1.008947 0.867241
0.498851 1.008942 0.867241
0.498840 1.008939 0.867241
0.498830 1.008935 0.867241
0.500039 1.005077 0.863167
0.501248 1.001175 0.859135
0.501224 1.001167 0.859134
0.500550 1.003284 0.859708
0.501120 1.001475 0.856269
0.501688 0.999630 0.852848
0.501665 0.999622 0.852848
0.501655 0.999618 0.852848
0.501645 0.999615 0.852847
0.501635 0.999612 0.852847
0.501180 0.999541 0.852893
0.501107 0.999544 0.852902
0.501094 0.999538 0.852900
0.501083 0.999534 0.852899
0.501072 0.999529 0.852897
0.501018 0.999537 0.852907
0.501010 0.999533 0.852905
0.500736 1.000368 0.856885
0.500474 1.001166 0.860874
0.500224 1.001926 0.864872
0.499987 1.002648 0.868877
0.499762 1.003331 0.872889
0.503209 1.005098 0.876902
0.506869 1.006856 0.880928
0.510574 1.008542 0.884960
0.514313 1.010155 0.888998
0.518083 1.011693 0.893042
0.520982 1.016723 0.901538
0.524016 1.021565 0.910149
0.527643 1.024163 0.917948
0.531343 1.026581 0.925792
0.535114 1.028815 0.933676
0.538949 1.030863 0.941597
0.542846 1.032724 0.949554
0.546798 1.034395 0.957543
0.550801 1.035874 0.965560
0.554850 1.037159 0.973602
0.558940 1.038250 0.981668
0.563067 1.039144 0.989752
0.567224 1.039840 0.997853
0.571407 1.040338 1.005967
0.575611 1.040635 1.014091
0.579831 1.040732 1.022222
0.584061 1.040628 1.030357
0.588297 1.040322 1.038492
0.592533 1.039814 1.046625
0.596763 1.039104 1.054752
0.600984 1.038192 1.062869
0.600983 1.038192 1.062869
0.600979 1.038191 1.062868
0.600974 1.038189 1.062866
0.605148 1.038358 1.062864
0.609353 1.037265 1.067042
0.613535 1.036088 1.071209
0.617698 1.032951 1.074041
0.621798 1.029745 1.076841
0.621796 1.029744 1.076840
0.621791 1.029743 1.076839
0.621761 1.026507 1.079607
0.621731 1.023243 1.082342
0.621701 1.019951 1.085045
0.621670 1.016633 1.087715
0.621639 1.013288 1.090352
0.621607 1.009918 1.092955
0.621576 1.006521 1.095524
0.621544 1.003099 1.098059
0.621512 0.999651 1.100560
0.621479 0.996179 1.103026
0.621447 0.992682 1.105458
0.621414 0.989162 1.107854
0.621381 0.985617 1.110215
0.621347 0.982049 1.112541
0.621314 0.978458 1.114831
0.621292 0.976721 1.118405
0.621257 0.973086 1.120624
0.621223 0.969428 1.122805
0.621189 0.965749 1.124950
0.621154 0.962048 1.127058
0.621137 0.960170 1.125736
0.621136 0.960077 1.121042
0.621136 0.959912 1.116387
0.621135 0.959676 1.111773
0.621117 0.957712 1.110588
0.621099 0.955736 1.109421
0.621080 0.953748 1.108274
0.621062 0.951748 1.107147
0.621044 0.949737 1.106040
0.621025 0.947715 1.104953
0.621006 0.945683 1.103886
0.620987 0.943640 1.102839
0.620968 0.941586 1.101813
0.620949 0.939522 1.100808
0.620930 0.937449 1.099823
0.620910 0.935365 1.098859
0.620891 0.933272 1.097915
0.620871 0.931170 1.096993
0.620852 0.929059 1.096092
0.620832 0.926938 1.095212
0.620826 0.926938 1.095211
0.617751 0.926930 1.095210
0.614677 0.926892 1.095209
0.611527 0.929656 1.096834
0.608321 0.932403 1.098432
0.605059 0.935132 1.100001
0.601740 0.937843 1.101541
0.598364 0.940534 1.103052
0.594932 0.943202 1.104533
0.591444 0.945849 1.105985
0.587899 0.948472 1.107408
0.584297 0.951070 1.108802
0.580639 0.953643 1.110166
0.576925 0.956188 1.111500
0.573154 0.958706 1.112804
0.569326 0.961194 1.114078
0.565443 0.963652 1.115322
0.561503 0.966078 1.116536
0.557508 0.968471 1.117719
0.553457 0.970830 1.118872
0.549351 0.973154 1.119995
0.545190 0.975442 1.121086
0.540973 0.977691 1.122147
0.536703 0.979902 1.123177
0.532378 0.982073 1.124175
0.527999 0.984203 1.125143
0.523567 0.986290 1.126079
0.519081 0.988334 1.126984
0.514543 0.990333 1.127858
0.509953 0.992285 1.128699
0.505312 0.994191 1.129510
0.500619 0.996049 1.130288
0.496293 0.996599 1.126333
0.491958 0.997062 1.122359
0.487614 0.997438 1.118366
0.483263 0.997727 1.114357
0.482658 0.999308 1.110329
0.481566 1.002328 1.110915
0.480472 1.005354 1.111470
0.479377 1.008385 1.111993
0.478279 1.011421 1.112483
0.476984 1.015039 1.109061
0.475700 1.018623 1.105601
0.474427 1.022175 1.102102
0.473165 1.025693 1.098566
0.471914 1.029178 1.094993
0.470675 1.032628 1.091383
0.469447 1.036044 1.087736
0.468230 1.039425 1.084053
0.467024 1.042770 1.080334
0.465830 1.046080 1.076579
0.464648 1.049354 1.072790
0.463476 1.052591 1.068966
0.462317 1.055792 1.065107
0.461169 1.058956 1.061214
0.460032 1.062082 1.057288
0.458908 1.065170 1.053329
0.457795 1.068220 1.049337
0.456694 1.071232 1.045313
0.455605 1.074205 1.041256
0.454528 1.077139 1.037168
0.453463 1.080033 1.033049
0.452411 1.082889 1.028899
0.451372 1.085704 1.024719
0.450345 1.088479 1.020509
0.449331 1.091214 1.016269
0.448330 1.093908 1.012001
0.447337 1.096560 1.007703
0.446363 1.099172 1.003378
0.445404 1.101744 0.999025
0.444460 1.104274 0.994644
0.443313 1.107282 0.994121
0.442176 1.110291 0.993568
0.441047 1.113296 0.992983
0.439922 1.116297 0.992365
0.438802 1.119292 0.991716
0.437685 1.122281 0.991034
0.436787 1.124745 0.986437
0.435900 1.127160 0.981811
0.435028 1.129531 0.977158
0.434172 1.131857 0.972481
0.433069 1.134807 0.971636
0.431976 1.137754 0.970763
0.430893 1.140696 0.969858
0.430077 1.142963 0.965067
0.429279 1.145181 0.960246
0.428501 1.147354 0.955401
