0.287880 0.827284 0.905733
0.285143 0.828985 0.906264
0.282402 0.830689 0.906762
0.279657 0.832396 0.907228
0.276908 0.834105 0.907662
0.274155 0.835815 0.908063
0.274469 0.835620 0.903988
0.274815 0.835399 0.899917
0.275194 0.835155 0.895850
0.272426 0.836866 0.896121
0.269658 0.838582 0.896360
0.266888 0.840299 0.896566
0.264115 0.842016 0.896739
0.261341 0.843733 0.896880
0.258565 0.845450 0.896988
0.258975 0.845197 0.892731
0.256189 0.846901 0.892773
0.256634 0.846625 0.888488
0.254778 0.847772 0.889200
0.253395 0.848620 0.885610
0.252042 0.849449 0.882004
0.250191 0.850590 0.882737
0.250712 0.850245 0.878382
0.251269 0.849875 0.874033
0.251863 0.849482 0.869691
0.251854 0.849468 0.869691
0.251845 0.849452 0.869690
0.251835 0.849436 0.869690
0.251825 0.849419 0.869690
0.252453 0.848999 0.865355
0.252445 0.848985 0.865355
0.252435 0.848968 0.865354
0.252425 0.848951 0.865354
0.252414 0.848934 0.865354
0.252404 0.848917 0.865353
0.252394 0.848900 0.865353
0.252384 0.848883 0.865353
0.252374 0.848866 0.865352
0.252302 0.848739 0.865339
0.252234 0.848663 0.865349
0.252176 0.848584 0.865347
0.252123 0.848500 0.865337
0.252128 0.848402 0.865320
0.252135 0.848357 0.865289
0.252175 0.848289 0.865247
0.252161 0.848257 0.865237
0.251513 0.848645 0.869569
0.250900 0.849008 0.873909
0.250890 0.848991 0.873909
0.250874 0.848962 0.873907
0.250873 0.848912 0.873874
0.250865 0.848871 0.873852
0.250855 0.848835 0.873835
0.250848 0.848801 0.873816
0.250846 0.848770 0.873795
0.250843 0.848742 0.873776
0.250266 0.849079 0.878120
0.249723 0.849390 0.882471
0.249218 0.849679 0.886828
0.248750 0.849946 0.891191
0.248319 0.850190 0.895559
0.247926 0.850412 0.899932
0.247570 0.850611 0.904309
0.247252 0.850789 0.908690
0.246972 0.850943 0.913074
0.246729 0.851076 0.917461
0.248709 0.854663 0.921841
0.250899 0.858440 0.926233
0.253175 0.862188 0.930626
0.255525 0.865892 0.935021
0.257950 0.869547 0.939416
0.257814 0.874990 0.948609
0.257909 0.880354 0.957897
0.259830 0.884443 0.966150
0.261927 0.888421 0.974427
0.264194 0.892286 0.982729
0.266627 0.896035 0.991053
0.269225 0.899662 0.999394
0.271985 0.903162 1.007750
0.274903 0.906531 1.016119
0.277977 0.909766 1.024496
0.281202 0.912862 1.032878
0.284578 0.915813 1.041264
0.288292 0.918472 1.045730
0.292059 0.921053 1.050184
0.295877 0.923559 1.054628
0.301208 0.924606 1.053777
0.306523 0.925582 1.052893
0.310380 0.927899 1.057262
0.314283 0.930140 1.061620
0.319489 0.930987 1.064570
0.324702 0.931740 1.067488
0.329919 0.932399 1.070376
0.335138 0.932963 1.073233
0.340359 0.933433 1.076059
0.345580 0.933809 1.078853
0.350798 0.934090 1.081615
0.356011 0.934277 1.084345
0.361216 0.934371 1.087043
0.366416 0.934372 1.089709
0.371606 0.934279 1.092342
0.376782 0.934094 1.094941
0.381946 0.933816 1.097507
0.387093 0.933447 1.100039
0.392224 0.932985 1.102537
0.397337 0.932432 1.105001
0.402429 0.931789 1.107431
0.407500 0.931055 1.109826
0.412546 0.930231 1.112186
0.417568 0.929318 1.114511
0.422565 0.928316 1.116800
0.427533 0.927226 1.119054
0.432470 0.926048 1.121271
0.437376 0.924784 1.123452
0.442248 0.923434 1.125597
0.445288 0.925194 1.125596
0.449231 0.925317 1.124216
0.452333 0.926944 1.119361
0.455480 0.928480 1.114549
0.459437 0.928415 1.113263
0.463382 0.928291 1.111995
0.467314 0.928107 1.110747
0.471232 0.927865 1.109519
0.475135 0.927564 1.108310
0.479021 0.927205 1.107120
0.482892 0.926789 1.105950
0.486745 0.926316 1.104800
0.490578 0.925786 1.103670
0.494393 0.925200 1.102561
0.498186 0.924558 1.101471
0.501958 0.923861 1.100402
0.505707 0.923109 1.099353
0.509432 0.922303 1.098325
0.513134 0.921443 1.097317
0.516810 0.920531 1.096330
0.520460 0.919566 1.095364
0.524083 0.918548 1.094418
0.527677 0.917480 1.093493
0.531244 0.916361 1.092590
0.534781 0.915192 1.091707
0.538288 0.913973 1.090846
0.541764 0.912706 1.090006
0.542298 0.910629 1.089187
0.542293 0.910627 1.089187
0.545198 0.911389 1.089186
0.547612 0.914207 1.090003
0.550077 0.916998 1.090841
0.552593 0.919760 1.091701
0.555588 0.920418 1.091700
0.558590 0.921046 1.091700
0.561598 0.921644 1.091699
0.564612 0.922212 1.091698
0.567632 0.922750 1.091697
0.570656 0.923257 1.091696
0.573686 0.923735 1.091696
0.576720 0.924182 1.091695
0.579758 0.924599 1.091694
0.582801 0.924985 1.091693
0.585847 0.925341 1.091692
0.588897 0.925667 1.091692
0.591949 0.925962 1.091691
0.595005 0.926227 1.091690
0.598063 0.926461 1.091689
0.601123 0.926664 1.091689
0.604185 0.926837 1.091688
0.607249 0.926980 1.091687
0.610313 0.927092 1.091686
0.613379 0.927173 1.091686
0.616446 0.927224 1.091685
0.619513 0.927244 1.091684
0.622579 0.927233 1.091683
0.622574 0.927233 1.091683
0.625640 0.927192 1.091682
0.628706 0.927121 1.091682
0.631885 0.929845 1.093313
0.635119 0.932552 1.094916
0.638410 0.935241 1.096490
0.641758 0.937911 1.098036
0.645162 0.940560 1.099553
0.648623 0.943188 1.101041
0.652142 0.945793 1.102500
0.655717 0.948374 1.103929
0.659349 0.950929 1.105329
0.663037 0.953459 1.106700
0.666783 0.955961 1.108040
0.670585 0.958433 1.109351
0.674443 0.960876 1.110632
0.678358 0.963288 1.111883
0.682328 0.965668 1.113103
0.686355 0.968013 1.114294
0.690438 0.970324 1.115453
0.694576 0.972599 1.116582
0.698769 0.974837 1.117681
0.703017 0.977036 1.118748
0.707320 0.979195 1.119785
0.711676 0.981314 1.120790
0.716087 0.983391 1.121765
0.720551 0.985424 1.122708
0.725069 0.987413 1.123620
0.729638 0.989357 1.124500
0.734260 0.991254 1.125349
0.738934 0.993102 1.126167
0.743659 0.994902 1.126952
0.748434 0.996651 1.127706
0.753259 0.998349 1.128428
0.758133 0.999994 1.129118
0.763055 1.001586 1.129776
0.768026 1.003122 1.130402
0.773043 1.004603 1.130996
0.778107 1.006027 1.131558
0.783217 1.007393 1.132088
0.788371 1.008701 1.132585
0.793570 1.009948 1.133050
0.798812 1.011136 1.133484
0.804095 1.012260 1.133884
0.809420 1.013318 1.134251
0.814784 1.014313 1.134584
0.820189 1.015244 1.134883
0.825632 1.016111 1.135150
0.831113 1.016912 1.135384
0.836631 1.017647 1.135586
0.842185 1.018313 1.135756
0.847771 1.018909 1.135893
0.853386 1.019434 1.135999
0.859032 1.019887 1.136072
0.864709 1.020270 1.136112
0.870415 1.020580 1.136119
0.876148 1.020817 1.136093
0.881908 1.020981 1.136034
0.887694 1.021071 1.135943
0.893503 1.021087 1.135819
0.899336 1.021028 1.135663
0.905190 1.020892 1.135474
0.911066 1.020679 1.135251
0.916961 1.020388 1.134995
0.922874 1.020019 1.134707
0.928804 1.019572 1.134385
0.934751 1.019046 1.134031
0.938699 1.015895 1.134024
0.942610 1.012712 1.134017
0.946488 1.009493 1.134011
0.950333 1.006235 1.134003
0.954160 1.002942 1.134001
0.957939 0.999608 1.133994
0.961685 0.996236 1.133987
0.965397 0.992826 1.133980
0.969076 0.989381 1.133973
0.972721 0.985900 1.133966
0.976330 0.982382 1.133958
0.981230 0.980172 1.128866
0.986078 0.977864 1.123748
0.990877 0.975463 1.118612
0.994378 0.971762 1.118598
0.997843 0.968032 1.118591
1.002543 0.965446 1.113444
1.007184 0.962767 1.108274
1.011774 0.959992 1.103088
1.016306 0.957129 1.097887
1.020772 0.954183 1.092669
1.022730 0.949094 1.088076
1.024585 0.943965 1.083499
1.026341 0.938806 1.078941
1.027997 0.933620 1.074401
1.029555 0.928403 1.069881
1.031014 0.923159 1.065381
1.030714 0.920187 1.060921
1.031287 0.919396 1.060921
1.031532 0.919056 1.060921
1.031629 0.918919 1.060918
1.031659 0.918873 1.060914
1.031659 0.918868 1.060910
1.031652 0.918877 1.060909
1.031638 0.918895 1.060908
1.031622 0.918916 1.060907
1.031605 0.918939 1.060906
1.030634 0.918225 1.065985
1.029606 0.917504 1.071053
1.028530 0.916762 1.076108
1.027409 0.915997 1.081149
1.025428 0.918714 1.081167
1.022774 0.922287 1.081173
1.018747 0.925269 1.086203
1.014544 0.928322 1.091217
1.008888 0.930257 1.091629
1.003211 0.932129 1.092007
0.997529 0.933922 1.092353
0.991847 0.935631 1.092667
0.986169 0.937254 1.092948
0.980496 0.938791 1.093197
0.974829 0.940242 1.093413
0.969171 0.941608 1.093596
0.963522 0.942889 1.093747
0.957884 0.944086 1.093866
0.952259 0.945200 1.093952
0.946647 0.946231 1.094005
0.941050 0.947180 1.094026
0.935469 0.948048 1.094014
0.929906 0.948835 1.093969
0.924361 0.949543 1.093892
0.918835 0.950173 1.093783
0.913330 0.950724 1.093641
0.913089 0.950935 1.093634
0.907822 0.951219 1.093465
0.902376 0.951605 1.093258
0.896940 0.951927 1.093018
0.891528 0.952175 1.092746
0.886142 0.952350 1.092441
0.880784 0.952452 1.092103
0.875452 0.952483 1.091734
0.870150 0.952443 1.091331
0.864878 0.952333 1.090897
0.859636 0.952155 1.090430
0.854426 0.951909 1.089931
0.849248 0.951596 1.089399
0.844103 0.951217 1.088836
0.844080 0.951232 1.088835
0.844078 0.951233 1.088835
0.840775 0.953444 1.088835
0.836617 0.954398 1.092826
0.832441 0.955271 1.096802
0.828248 0.956059 1.100763
0.824040 0.956764 1.104708
0.819819 0.957384 1.108637
0.815585 0.957919 1.112548
0.811342 0.958369 1.116443
0.807091 0.958733 1.120320
0.802834 0.959013 1.124178
0.798571 0.959207 1.128019
0.794306 0.959316 1.131841
0.790040 0.959339 1.135644
0.785774 0.959277 1.139428
0.781511 0.959130 1.143192
0.777251 0.958898 1.146936
0.772996 0.958581 1.150660
0.768749 0.958178 1.154363
0.764510 0.957691 1.158045
0.760282 0.957120 1.161705
0.756066 0.956464 1.165343
0.751863 0.955724 1.168959
0.747677 0.954900 1.172553
0.743507 0.953993 1.176123
0.739356 0.953003 1.179670
0.735226 0.951930 1.183193
0.731117 0.950774 1.186693
0.727033 0.949537 1.190167
0.722974 0.948219 1.193618
0.718942 0.946819 1.197043
0.714938 0.945340 1.200442
0.710965 0.943781 1.203816
0.707023 0.942142 1.207164
0.703115 0.940426 1.210485
0.699242 0.938631 1.213780
0.695405 0.936760 1.217047
0.691606 0.934812 1.220287
0.691607 0.934811 1.220285
0.691607 0.934809 1.220283
0.691608 0.934808 1.220280
0.691595 0.934754 1.215379
0.691573 0.934651 1.210475
0.691539 0.934499 1.205573
0.691495 0.934300 1.200672
0.691439 0.934053 1.195774
0.688230 0.934457 1.190879
0.685011 0.934779 1.185986
0.681783 0.935021 1.181097
0.678547 0.935182 1.176213
0.675305 0.935261 1.171334
0.672059 0.935259 1.166460
0.668811 0.935176 1.161591
0.665563 0.935011 1.156729
0.662316 0.934764 1.151873
0.659072 0.934436 1.147024
0.655833 0.934027 1.142183
0.652602 0.933536 1.137351
0.649378 0.932964 1.132527
0.646165 0.932312 1.127712
0.642964 0.931578 1.122908
0.639778 0.930763 1.118112
0.636607 0.929868 1.113327
0.633453 0.928893 1.108554
0.633454 0.928891 1.108552
0.630320 0.927837 1.103790
0.627207 0.926704 1.099040
0.624117 0.925491 1.094303
0.624117 0.925490 1.094302
0.621063 0.925514 1.094300
0.618009 0.925507 1.094299
0.614954 0.925471 1.094298
0.611901 0.925403 1.094296
0.611902 0.925402 1.094295
0.611902 0.925400 1.094294
0.611903 0.925399 1.094293
