0.434875 0.912651 0.926438
0.430785 0.912609 0.927187
0.426681 0.912507 0.927956
0.422566 0.912346 0.928748
0.418438 0.912126 0.929560
0.414301 0.911845 0.930394
0.410153 0.911503 0.931250
0.405998 0.911100 0.932126
0.401835 0.910636 0.933024
0.397665 0.910111 0.933942
0.393490 0.909523 0.934882
0.389310 0.908873 0.935842
0.385127 0.908161 0.936823
0.380942 0.907386 0.937824
0.376755 0.906549 0.938846
0.372568 0.905648 0.939889
0.368382 0.904684 0.940952
0.364198 0.903658 0.942035
0.360016 0.902568 0.943139
0.355838 0.901415 0.944263
0.351665 0.900198 0.945406
0.347498 0.898917 0.946570
0.344723 0.896175 0.946568
0.340577 0.894789 0.947751
0.336412 0.893367 0.945015
0.332266 0.891870 0.942259
0.327271 0.891091 0.943230
0.322255 0.890246 0.944171
0.317220 0.889334 0.945080
0.312166 0.888354 0.945957
0.307096 0.887305 0.946804
0.307082 0.887315 0.942688
0.307099 0.887298 0.938572
0.304493 0.884116 0.934457
0.304571 0.884043 0.930343
0.304570 0.884042 0.930343
0.304569 0.884040 0.930342
0.301947 0.880877 0.930343
0.299354 0.877682 0.930343
0.296792 0.874461 0.930342
0.294262 0.871214 0.930342
0.291766 0.867942 0.930342
0.289302 0.864646 0.930341
0.286871 0.861325 0.930341
0.284473 0.857980 0.930341
0.282109 0.854611 0.930341
0.279779 0.851218 0.930340
0.277605 0.847721 0.926227
0.275502 0.844181 0.922116
0.273470 0.840599 0.918007
0.273691 0.840441 0.913899
0.273952 0.840271 0.909796
0.273951 0.840269 0.909796
0.271228 0.841993 0.910323
0.268501 0.843720 0.910819
0.265770 0.845450 0.911282
0.260802 0.843638 0.911715
0.258020 0.845300 0.912111
0.258297 0.845124 0.907851
0.258610 0.844923 0.903592
0.257193 0.845803 0.900299
0.255803 0.846666 0.896989
0.254441 0.847511 0.893662
0.253107 0.848337 0.890320
0.251801 0.849145 0.886963
0.252290 0.848829 0.882628
0.252815 0.848488 0.878300
0.252809 0.848479 0.878300
0.253371 0.848115 0.873978
0.253365 0.848105 0.873978
0.253359 0.848095 0.873978
0.253353 0.848086 0.873977
0.253348 0.848076 0.873977
0.251558 0.849180 0.874896
0.251553 0.849172 0.874896
0.251547 0.849162 0.874896
0.251542 0.849152 0.874895
0.251536 0.849142 0.874895
0.251530 0.849132 0.874895
0.251524 0.849122 0.874894
0.251518 0.849112 0.874894
0.251512 0.849103 0.874894
0.251507 0.849093 0.874893
0.251501 0.849083 0.874893
0.251519 0.849052 0.874858
0.251526 0.848996 0.874818
0.251538 0.848963 0.874786
0.251548 0.848945 0.874765
0.251555 0.848935 0.874752
0.251551 0.848926 0.874749
0.251548 0.848917 0.874746
0.250982 0.849254 0.879085
0.250452 0.849568 0.883431
0.249960 0.849861 0.887783
0.249505 0.850131 0.892141
0.249087 0.850379 0.896503
0.248707 0.850604 0.900870
0.250590 0.854339 0.905234
0.252645 0.858200 0.909609
0.251847 0.863955 0.918735
0.251285 0.869652 0.927969
0.252561 0.874161 0.936104
0.254018 0.878579 0.944279
0.255653 0.882900 0.952492
0.257463 0.887122 0.960741
0.259448 0.891238 0.969021
0.261604 0.895244 0.977330
0.263930 0.899136 0.985665
0.266422 0.902908 0.994023
0.269078 0.906556 1.002400
0.271895 0.910077 1.010793
0.274870 0.913464 1.019199
0.277999 0.916714 1.027615
0.281280 0.919824 1.036038
0.284709 0.922788 1.044465
0.288282 0.925603 1.052892
0.291996 0.928265 1.061316
0.295847 0.930770 1.069735
0.299831 0.933115 1.078144
0.303943 0.935322 1.082614
0.308098 0.937446 1.087069
0.312294 0.939485 1.091510
0.317622 0.940301 1.090444
0.322929 0.941050 1.089346
0.328213 0.941732 1.088216
0.332416 0.943522 1.092548
0.336653 0.945229 1.096867
0.339917 0.948043 1.096866
0.342257 0.951943 1.102386
0.344681 0.955786 1.107923
0.348050 0.958520 1.107922
0.351446 0.961219 1.107920
0.355882 0.962555 1.112250
0.361299 0.962523 1.114916
0.366705 0.962397 1.117549
0.372098 0.962175 1.120148
0.377475 0.961859 1.122713
0.382836 0.961449 1.125244
0.388177 0.960945 1.127740
0.393499 0.960348 1.130203
0.398799 0.959659 1.132630
0.404074 0.958878 1.135024
0.409324 0.958005 1.137382
0.414547 0.957041 1.139704
0.419741 0.955987 1.141990
0.424904 0.954843 1.144241
0.430036 0.953610 1.146455
0.435133 0.952290 1.148633
0.440195 0.950882 1.150774
0.443509 0.952661 1.150772
0.447576 0.952971 1.149138
0.450737 0.955033 1.143777
0.453960 0.956989 1.138445
0.458063 0.957101 1.136892
0.462155 0.957152 1.135361
0.466238 0.957140 1.133843
0.470312 0.957067 1.132346
0.474374 0.956932 1.130863
0.478424 0.956735 1.129397
0.482460 0.956481 1.127956
0.486483 0.956166 1.126530
0.490490 0.955789 1.125118
0.494481 0.955352 1.123725
0.498455 0.954856 1.122350
0.502411 0.954302 1.120994
0.506348 0.953689 1.119656
0.510264 0.953019 1.118337
0.514160 0.952291 1.117037
0.518034 0.951506 1.115756
0.521885 0.950666 1.114495
0.525712 0.949769 1.113252
0.529514 0.948818 1.112029
0.533292 0.947811 1.110825
0.537042 0.946751 1.109641
0.540766 0.945637 1.108477
0.544461 0.944471 1.107333
0.548128 0.943252 1.106208
0.551765 0.941982 1.105104
0.555371 0.940660 1.104020
0.558946 0.939289 1.102956
0.562489 0.937868 1.101913
0.565999 0.936397 1.100890
0.569475 0.934879 1.099888
0.572917 0.933313 1.098907
