0.438887 1.093935 1.034867
0.445477 1.090696 1.034095
0.451986 1.087363 1.033311
0.458414 1.083937 1.032516
0.464759 1.080420 1.031709
0.471020 1.076815 1.030891
0.477196 1.073122 1.030062
0.483285 1.069344 1.029222
0.489286 1.065483 1.028370
0.495198 1.061540 1.027508
0.501020 1.057518 1.026635
0.506752 1.053418 1.025751
0.512390 1.049243 1.024856
0.517935 1.044994 1.023950
0.523386 1.040673 1.023034
0.528741 1.036282 1.022107
0.533999 1.031824 1.021170
0.539160 1.027300 1.020222
0.544223 1.022712 1.019265
0.549186 1.018063 1.018297
0.554049 1.013354 1.017319
0.558812 1.008587 1.016331
0.562797 1.008432 1.020260
0.566678 1.008984 1.020259
0.570563 1.009496 1.020259
0.574453 1.009969 1.020258
0.578428 1.009616 1.024180
0.582625 1.006810 1.023610
0.586939 1.001740 1.022471
0.591148 0.996624 1.021322
0.595251 0.991465 1.020163
0.599249 0.986263 1.018996
0.603140 0.981022 1.017818
0.606924 0.975743 1.016632
0.610602 0.970429 1.015436
0.614171 0.965082 1.014232
0.617633 0.959703 1.013018
0.620987 0.954296 1.011796
0.620985 0.954295 1.011796
0.620980 0.954295 1.011795
0.620975 0.954295 1.011795
0.620964 0.953590 1.015134
0.620952 0.952851 1.018465
0.620940 0.952080 1.021789
0.620928 0.951275 1.025106
0.620916 0.950437 1.028414
0.620903 0.949566 1.031713
0.620891 0.948662 1.035004
0.620878 0.947725 1.038285
0.620864 0.946756 1.041557
0.620851 0.945754 1.044819
0.620837 0.944719 1.048071
0.620823 0.943652 1.051312
0.620808 0.942552 1.054543
0.620793 0.941420 1.057762
0.620778 0.940256 1.060970
0.620763 0.939060 1.064166
0.620747 0.937832 1.067350
0.620731 0.936573 1.070521
0.620715 0.935282 1.073680
0.620698 0.933959 1.076826
0.620681 0.932605 1.079958
0.620664 0.931219 1.083076
0.620647 0.929803 1.086181
0.620629 0.928355 1.089271
0.620611 0.926877 1.092347
0.620607 0.926876 1.092346
0.620615 0.928354 1.089270
0.620625 0.931196 1.090878
0.623777 0.934031 1.092459
0.626985 0.936850 1.094010
0.630251 0.939651 1.095533
0.633574 0.942433 1.097027
0.636955 0.945196 1.098492
0.640393 0.947937 1.099927
0.640582 0.950878 1.101333
0.640771 0.953833 1.102710
0.640961 0.956801 1.104057
0.641153 0.959783 1.105374
0.641345 0.962778 1.106661
0.641538 0.965785 1.107918
0.641733 0.968805 1.109145
0.641928 0.971837 1.110341
0.642124 0.974881 1.111507
0.642321 0.977936 1.112643
0.642518 0.981003 1.113747
0.642717 0.984080 1.114821
0.642916 0.987168 1.115865
0.643117 0.990266 1.116877
0.643317 0.993374 1.117858
0.643519 0.996491 1.118807
0.643722 0.999618 1.119726
0.640126 1.003296 1.125324
0.640242 1.005401 1.126230
0.640469 1.009316 1.123268
0.640695 1.013201 1.120266
0.640919 1.017055 1.117226
0.641141 1.020879 1.114147
0.641362 1.024673 1.111029
0.641581 1.028435 1.107874
0.641798 1.032165 1.104682
0.642013 1.035863 1.101452
0.642226 1.039529 1.098185
0.642437 1.043161 1.094882
0.642646 1.046761 1.091542
0.642853 1.050327 1.088167
0.643057 1.053859 1.084755
0.643259 1.057357 1.081309
0.643458 1.060821 1.077828
0.643655 1.064249 1.074312
0.643849 1.067643 1.070762
0.644040 1.071000 1.067178
0.644228 1.074322 1.063560
0.644413 1.077607 1.059909
0.644575 1.080858 1.060153
0.644742 1.084112 1.060364
0.644908 1.087367 1.060543
0.645073 1.090624 1.060689
0.645237 1.093883 1.060802
0.645400 1.097142 1.060883
0.645560 1.100402 1.060931
0.645720 1.103663 1.060946
0.645877 1.106923 1.060928
0.646033 1.110183 1.060878
0.646187 1.113443 1.060795
0.646340 1.116702 1.060679
0.646490 1.119959 1.060530
0.646639 1.123214 1.060349
0.646786 1.126468 1.060134
0.646931 1.129720 1.059887
0.647104 1.132967 1.055683
0.647262 1.136170 1.051443
0.647413 1.139332 1.047171
0.647560 1.142450 1.042868
0.647679 1.145684 1.042456
0.647808 1.148915 1.042013
0.647940 1.152142 1.041538
0.648073 1.155363 1.041031
0.648228 1.158421 1.036570
0.648371 1.161432 1.032075
0.648509 1.164398 1.027551
0.648643 1.167319 1.022996
0.648775 1.170194 1.018413
0.648904 1.172283 1.019331
0.648892 1.173020 1.013797
0.648886 1.173698 1.008251
0.648884 1.174320 1.002699
0.648882 1.174886 0.997141
0.648881 1.175396 0.991578
0.648880 1.175851 0.986009
0.648880 1.176250 0.980437
0.648881 1.176593 0.974861
0.649046 1.178738 0.975629
0.649151 1.181194 0.970810
0.649270 1.183597 0.965962
0.649397 1.185950 0.961090
0.649399 1.186102 0.955421
0.649469 1.186097 0.955419
0.649506 1.186094 0.955418
0.649527 1.186092 0.955417
0.649597 1.185934 0.961083
0.649625 1.185723 0.966748
0.649630 1.185456 0.972411
0.649619 1.185133 0.978070
0.649597 1.184754 0.983726
0.649565 1.184318 0.989378
0.649526 1.183827 0.995026
0.649480 1.183280 1.000668
0.649427 1.182676 1.006304
0.649367 1.182016 1.011933
0.649300 1.181301 1.017556
0.649116 1.178115 1.018252
0.645669 1.173018 1.017946
0.640889 1.167934 1.017618
0.635586 1.162809 1.017273
0.630121 1.157621 1.016914
0.624652 1.152364 1.016543
0.619249 1.147038 1.016161
0.613938 1.141644 1.015767
0.608594 1.141554 1.015765
0.606809 1.139364 1.014900
0.609614 1.137269 1.014049
0.613921 1.135180 1.013239
0.615320 1.133042 1.012479
0.615788 1.130881 1.011729
0.615957 1.128003 1.016080
0.616029 1.122588 1.015753
0.616040 1.117161 1.015414
0.616032 1.111724 1.015064
0.616019 1.106276 1.014704
0.616006 1.100819 1.014334
0.615995 1.095352 1.013952
0.615986 1.089878 1.013561
0.615975 1.086616 1.013738
0.615973 1.081132 1.013304
0.615970 1.075641 1.012859
0.615970 1.070144 1.012404
0.615973 1.064641 1.011938
0.615977 1.059132 1.011462
0.615983 1.053619 1.010976
0.615992 1.048102 1.010480
0.616002 1.042580 1.009974
0.616015 1.037056 1.009458
0.616029 1.031530 1.008932
0.616044 1.026001 1.008396
0.616062 1.020471 1.007850
0.616080 1.014940 1.007294
0.616100 1.009408 1.006728
0.616121 1.003877 1.006153
0.616143 0.998347 1.005568
0.616166 0.992817 1.004974
0.616161 0.992179 1.008699
0.616180 0.988943 1.008258
0.616200 0.985712 1.007785
0.616219 0.982485 1.007279
0.616239 0.979264 1.006742
0.616259 0.976048 1.006172
0.616279 0.972838 1.005570
0.616299 0.969634 1.004936
0.616320 0.966437 1.004270
0.616341 0.963246 1.003572
0.616361 0.960063 1.002842
0.616382 0.956887 1.002080
0.616404 0.953718 1.001287
0.616402 0.953118 1.004621
0.616402 0.952484 1.007949
0.616401 0.951817 1.011270
0.616401 0.951116 1.014584
0.616401 0.950382 1.017890
0.616401 0.949615 1.021190
0.616402 0.948815 1.024481
0.616402 0.947982 1.027764
0.616403 0.947116 1.031039
0.616405 0.946218 1.034305
0.616406 0.945287 1.037561
0.616408 0.944323 1.040809
0.616409 0.943327 1.044046
0.616411 0.942299 1.047273
0.616413 0.941238 1.050490
0.616415 0.940146 1.053696
0.616417 0.939021 1.056891
0.616419 0.937865 1.060074
0.616421 0.936676 1.063246
0.616423 0.935456 1.066406
0.616425 0.934205 1.069553
0.616427 0.932922 1.072688
0.616430 0.931608 1.075809
0.616432 0.930263 1.078918
0.616434 0.928887 1.082012
0.616437 0.927479 1.085093
0.616439 0.926042 1.088160
0.616442 0.924573 1.091212
