0.620000 0.930433 1.101520
0.620001 0.930431 1.101519
0.616898 0.930414 1.101517
0.613795 0.930365 1.101515
0.610692 0.930286 1.101514
0.610693 0.930284 1.101513
0.610647 0.931851 1.098399
0.610602 0.933387 1.095270
0.610557 0.934892 1.092126
0.610514 0.936365 1.088966
0.610471 0.937806 1.085793
0.610430 0.939215 1.082605
0.610390 0.940593 1.079403
0.610350 0.941938 1.076187
0.610362 0.941568 1.068352
0.610313 0.943224 1.061223
0.610269 0.944731 1.054069
0.610228 0.946088 1.046895
0.610193 0.947295 1.039704
0.610161 0.948351 1.032497
0.610135 0.949257 1.025279
0.610112 0.950012 1.018053
0.610094 0.950616 1.010821
0.610081 0.951069 1.003587
0.610071 0.951372 0.996354
0.610066 0.951524 0.989124
0.610066 0.951526 0.981902
0.610069 0.951377 0.974689
0.610077 0.951079 0.967489
0.610089 0.950631 0.960305
0.610106 0.950035 0.953141
0.610127 0.949291 0.946000
0.610152 0.948399 0.938883
0.610182 0.947360 0.931794
0.610216 0.946175 0.924737
0.610254 0.944843 0.917714
0.610297 0.943367 0.910728
0.610344 0.941747 0.903782
0.610395 0.939983 0.896879
0.610451 0.938077 0.890022
0.610511 0.936029 0.883213
0.610576 0.933842 0.876457
0.610644 0.931515 0.869754
0.610717 0.929051 0.863109
0.610793 0.926450 0.856524
0.610874 0.923714 0.850002
0.610930 0.921823 0.846560
0.610858 0.924117 0.846569
0.610787 0.926411 0.846602
0.610717 0.928704 0.846658
0.610646 0.930997 0.846737
0.610575 0.933289 0.846839
0.610504 0.935580 0.846963
0.610433 0.937869 0.847111
0.610363 0.940157 0.847281
0.610292 0.942443 0.847475
0.610221 0.944727 0.847691
0.610150 0.947009 0.847930
0.610079 0.949288 0.848192
0.610009 0.951564 0.848476
0.609938 0.953838 0.848784
0.609868 0.956108 0.849114
0.609797 0.958375 0.849467
0.609727 0.960638 0.849842
0.609787 0.958713 0.846419
0.609844 0.956754 0.843016
0.609903 0.954761 0.839632
0.609962 0.952734 0.836268
0.610056 0.949556 0.829622
0.610155 0.946247 0.823051
0.610219 0.944054 0.819793
0.610285 0.941829 0.816557
0.610213 0.944096 0.816910
0.610143 0.946359 0.817285
0.610073 0.948618 0.817683
0.610003 0.950874 0.818104
0.609933 0.953125 0.818547
0.609863 0.955371 0.819013
0.609794 0.957613 0.819501
0.609724 0.959849 0.820012
0.609655 0.962081 0.820545
0.609585 0.964307 0.821100
0.609516 0.966527 0.821677
0.609447 0.968742 0.822277
0.609378 0.970950 0.822899
0.609309 0.973152 0.823543
0.609240 0.975348 0.824208
0.609172 0.977536 0.824896
0.609104 0.979718 0.825606
0.609036 0.981893 0.826337
0.608968 0.984060 0.827090
0.609037 0.981803 0.823877
0.609104 0.979513 0.820686
0.609173 0.977192 0.817518
0.609243 0.974840 0.814374
0.609314 0.972456 0.811253
0.609385 0.970041 0.808156
0.609458 0.967595 0.805084
0.609532 0.965119 0.802036
0.609607 0.962612 0.799013
0.609683 0.960075 0.796016
0.609760 0.957509 0.793044
0.609838 0.954912 0.790097
0.609917 0.952287 0.787177
0.609997 0.949632 0.784283
0.610077 0.946949 0.781416
0.610159 0.944237 0.778576
0.610242 0.941497 0.775764
0.610325 0.938729 0.772978
0.610409 0.935933 0.770221
0.610495 0.933110 0.767492
0.610581 0.930259 0.764791
0.610514 0.932419 0.765566
0.610447 0.934571 0.766362
0.610535 0.931694 0.763690
0.610623 0.928790 0.761047
0.610556 0.930933 0.761865
0.610490 0.933069 0.762704
0.610425 0.935196 0.763564
0.610414 0.935513 0.761281
0.610403 0.935808 0.758994
0.610338 0.937926 0.759876
0.610337 0.937926 0.759876
0.610493 0.932826 0.756439
0.610708 0.925778 0.749984
0.610640 0.927913 0.750824
0.610575 0.930040 0.751684
0.610567 0.930239 0.749453
0.610566 0.930239 0.749453
0.610566 0.930239 0.749453
0.610565 0.930239 0.749453
0.610565 0.930239 0.749453
0.610275 0.930296 0.749495
0.609992 0.930359 0.749541
0.610007 0.930448 0.749581
0.610039 0.930540 0.749623
0.609826 0.930578 0.749652
0.609794 0.930623 0.749677
0.609762 0.930656 0.749695
0.609764 0.930667 0.749700
0.609767 0.930677 0.749704
0.609707 0.932594 0.752823
0.609648 0.934479 0.755960
0.609589 0.936332 0.759115
0.609531 0.938154 0.762289
0.609475 0.939944 0.765481
0.609419 0.941702 0.768691
0.609365 0.943428 0.771918
0.609311 0.945122 0.775162
0.609259 0.946782 0.778424
0.609208 0.948411 0.781701
0.609157 0.950006 0.784995
0.609108 0.951569 0.788304
0.609060 0.953098 0.791629
0.609013 0.954594 0.794969
0.608967 0.956057 0.798324
0.608922 0.957486 0.801694
0.608721 0.963412 0.809255
0.608524 0.969196 0.816984
0.611894 0.974897 0.824840
0.615384 0.980401 0.832841
0.618966 0.985697 0.840978
0.622653 0.990784 0.849250
0.622681 0.995703 0.857654
0.622706 1.000443 0.866185
0.622731 1.005002 0.874840
0.622744 1.007690 0.882058
0.622756 1.010239 0.889342
0.622766 1.012645 0.896689
0.622775 1.014909 0.904098
0.622783 1.017029 0.911564
0.622790 1.019004 0.919085
0.622795 1.020832 0.926659
0.622799 1.022512 0.934282
0.622801 1.024043 0.941952
0.622802 1.025424 0.949664
0.622802 1.026654 0.957418
0.622800 1.027733 0.965209
0.622797 1.028659 0.973034
0.622793 1.029431 0.980891
0.622780 1.027562 0.983220
0.622775 1.027140 0.987294
0.622762 1.025224 0.989585
0.622749 1.023286 0.991856
0.622735 1.021325 0.994108
0.622721 1.019343 0.996341
0.622707 1.017337 0.998553
0.622693 1.015310 1.000745
0.622686 1.014712 1.004693
0.622678 1.014075 1.008637
0.622671 1.013398 1.012574
0.622662 1.012683 1.016503
0.622667 1.013398 1.012573
0.622672 1.014074 1.008635
0.622680 1.016856 1.010346
0.622688 1.019654 1.012028
0.622696 1.022470 1.013683
0.622699 1.024550 1.019351
0.622700 1.026581 1.025047
0.622693 1.027176 1.028929
0.622687 1.027732 1.032817
0.622679 1.028250 1.036709
0.622672 1.028728 1.040607
0.622664 1.029167 1.044510
0.622656 1.029567 1.048417
0.622638 1.028813 1.056417
0.622629 1.029096 1.060334
0.622619 1.029339 1.064254
0.622609 1.029544 1.068175
0.622599 1.029709 1.072098
0.622588 1.029835 1.076023
0.622577 1.029921 1.079949
0.622566 1.029968 1.083875
0.622554 1.029976 1.087802
0.622542 1.029945 1.091729
0.622530 1.029875 1.095655
0.622517 1.029765 1.099580
0.622504 1.029616 1.103504
0.622491 1.029428 1.107426
0.622477 1.029200 1.111346
0.622463 1.028934 1.115264
0.622448 1.028628 1.119179
0.622434 1.028283 1.123090
0.622419 1.027899 1.126998
0.622403 1.027476 1.130902
0.622388 1.027014 1.134801
0.622372 1.026513 1.138695
0.622355 1.025973 1.142585
0.622338 1.025394 1.146468
0.622321 1.024776 1.150346
0.622304 1.024120 1.154217
0.622286 1.023424 1.158082
0.622269 1.022691 1.161939
0.622250 1.021918 1.165789
0.622232 1.021108 1.169631
0.622213 1.020259 1.173464
0.622194 1.019371 1.177289
0.622183 1.017991 1.175454
0.622172 1.016593 1.173632
0.622161 1.015176 1.171824
0.622158 1.013177 1.164428
0.622153 1.011068 1.157081
0.622142 1.009563 1.155346
0.622129 1.008041 1.153627
0.622117 1.006502 1.151923
0.622104 1.004945 1.150235
0.622092 1.003372 1.148562
0.622079 1.001782 1.146905
0.622066 1.000176 1.145264
0.622052 0.998554 1.143639
0.622039 0.996915 1.142031
0.622025 0.995260 1.140439
0.622011 0.993589 1.138864
0.621997 0.991903 1.137305
0.621983 0.990202 1.135764
0.621969 0.988485 1.134239
0.621954 0.986752 1.132732
0.621939 0.985005 1.131242
0.621924 0.983243 1.129770
0.621909 0.981466 1.128315
0.621894 0.979675 1.126879
0.621878 0.977870 1.125460
0.621863 0.976051 1.124059
0.621847 0.974217 1.122677
0.621831 0.972370 1.121313
0.621815 0.970510 1.119968
0.621799 0.968636 1.118641
0.621783 0.966749 1.117333
0.621766 0.964848 1.116045
0.621749 0.962936 1.114775
0.621733 0.961010 1.113524
0.621716 0.959072 1.112293
0.621699 0.957122 1.111081
0.621681 0.955160 1.109889
0.621664 0.953186 1.108716
0.621646 0.951201 1.107564
0.621629 0.949204 1.106431
0.621611 0.947195 1.105318
0.621593 0.945176 1.104225
0.621575 0.943146 1.103153
0.621557 0.941106 1.102101
0.621539 0.939055 1.101069
0.621521 0.936993 1.100058
0.621502 0.934922 1.099068
0.621484 0.932841 1.098099
0.621465 0.930750 1.097150
0.621446 0.928650 1.096222
0.621427 0.926541 1.095316
0.621408 0.924423 1.094430
0.621404 0.924423 1.094429
0.621400 0.924423 1.094429
0.621409 0.927240 1.096087
0.621418 0.930071 1.097713
0.621427 0.932919 1.099311
0.624593 0.935753 1.100880
0.627817 0.938569 1.102421
0.631099 0.941368 1.103932
0.634438 0.944147 1.105415
0.634564 0.947069 1.106869
0.634692 0.950004 1.108293
0.634820 0.952954 1.109688
0.634950 0.955918 1.111053
0.635079 0.958894 1.112388
0.635210 0.961885 1.113694
0.635341 0.964888 1.114969
0.635473 0.967903 1.116215
0.635606 0.970931 1.117430
0.635739 0.973971 1.118615
0.635874 0.977023 1.119769
