0.434613 0.969527 1.083963
0.430472 0.968879 1.079998
0.426344 0.968148 1.076020
0.422231 0.967334 1.072028
0.418134 0.966439 1.068024
0.414055 0.965462 1.064007
0.409996 0.964404 1.059979
0.405959 0.963264 1.055940
0.401945 0.962044 1.051889
0.401284 0.962889 1.047824
0.399530 0.965627 1.048122
0.397779 0.968371 1.048387
0.396026 0.971117 1.048620
0.394272 0.973865 1.048820
0.392516 0.976613 1.048988
0.390759 0.979363 1.049122
0.389000 0.982112 1.049225
0.387238 0.984894 1.045367
0.385490 0.987639 1.041476
0.384282 0.989534 1.041941
0.383071 0.991422 1.042428
0.381336 0.994129 1.038505
0.379626 0.996805 1.034550
0.377936 0.999447 1.030563
0.376267 1.002054 1.026545
0.374618 1.004627 1.022496
0.372990 1.007164 1.018417
0.371784 1.009049 1.018927
0.370573 1.010924 1.019459
0.369361 1.012793 1.020013
0.368153 1.014657 1.020589
0.366532 1.017151 1.016480
0.365335 1.019015 1.017079
0.364133 1.020869 1.017699
0.362933 1.022717 1.018342
0.361735 1.024558 1.019006
0.360540 1.026393 1.019693
0.359349 1.028223 1.020401
0.356823 1.032103 1.025801
0.355036 1.034827 1.025576
0.353259 1.037555 1.025319
0.351486 1.040282 1.025029
0.349715 1.043007 1.024706
0.347944 1.045728 1.024352
0.346351 1.048219 1.020048
0.344771 1.050666 1.015714
0.343210 1.053074 1.011351
0.341431 1.055769 1.010866
0.339663 1.058466 1.010349
0.337903 1.061161 1.009801
0.336147 1.063852 1.009219
0.334633 1.066213 1.004700
0.333136 1.068530 1.000152
0.331662 1.070807 0.995577
0.330212 1.073046 0.990975
0.328787 1.075246 0.986347
0.329919 1.079006 0.981676
0.332209 1.083419 0.976990
0.335080 1.088094 0.972283
0.338271 1.092855 0.967552
0.339162 1.096165 0.962809
0.338981 1.098774 0.958036
0.338304 1.101034 0.953237
0.337406 1.103107 0.948415
0.336416 1.105070 0.943570
0.337873 1.108394 0.938699
0.340605 1.112373 0.933810
0.343994 1.116624 0.928902
0.347745 1.120966 0.923973
0.351713 1.125310 0.919025
0.353226 1.128257 0.914054
0.353487 1.130481 0.909065
0.353180 1.132350 0.904059
0.352627 1.134034 0.899035
0.351976 1.135610 0.893994
0.351295 1.137114 0.888937
0.350615 1.138562 0.883864
0.347123 1.138476 0.878765
0.345130 1.139120 0.873667
0.343957 1.140135 0.868550
0.343133 1.141276 0.863418
0.342464 1.142441 0.858271
0.341871 1.143588 0.853111
0.341322 1.144699 0.847938
0.341416 1.144746 0.847936
0.341475 1.144776 0.847934
0.338381 1.143110 0.847920
0.333954 1.140698 0.847915
0.329069 1.137981 0.847912
0.327131 1.136898 0.847923
0.326887 1.135637 0.841992
0.330303 1.136384 0.836083
0.332059 1.136099 0.830156
0.332547 1.136365 0.830150
0.332734 1.136467 0.830148
0.332823 1.136514 0.830146
0.331481 1.138955 0.828442
0.330169 1.141393 0.826710
0.328375 1.144857 0.830946
0.326568 1.148267 0.835224
0.325227 1.150671 0.833465
0.323930 1.153077 0.831678
0.322183 1.156467 0.835991
0.320421 1.159803 0.840343
0.319098 1.162176 0.838531
0.317822 1.164551 0.836688
0.316567 1.166917 0.834819
0.315325 1.169268 0.832922
0.314094 1.171603 0.830999
0.312873 1.173921 0.829049
0.311662 1.176222 0.827073
0.312261 1.175193 0.820720
0.312906 1.174112 0.814375
0.311743 1.176367 0.812318
0.310011 1.179762 0.816626
0.308254 1.183099 0.820977
0.307027 1.185303 0.818903
0.305854 1.187508 0.816798
0.304702 1.189700 0.814669
0.303562 1.191874 0.812514
0.302434 1.194029 0.810334
0.301317 1.196165 0.808130
0.300211 1.198281 0.805901
0.300905 1.197061 0.799301
0.301653 1.195789 0.792708
0.301758 1.195830 0.792693
0.301813 1.195854 0.792687
0.301861 1.195874 0.792681
0.301906 1.195892 0.792675
0.301951 1.195911 0.792669
0.301996 1.195929 0.792663
0.301897 1.195892 0.792682
0.301797 1.195860 0.792709
0.301798 1.195869 0.792716
0.301222 1.197172 0.799258
0.300627 1.198424 0.805840
0.300049 1.199611 0.812435
0.299501 1.200740 0.819044
0.298984 1.201810 0.825664
0.298499 1.202822 0.832296
0.298047 1.203777 0.838938
0.297627 1.204674 0.845590
0.297240 1.205512 0.852252
0.296885 1.206293 0.858922
0.296563 1.207016 0.865600
0.296274 1.207681 0.872285
0.296017 1.208287 0.878977
0.295793 1.208835 0.885675
0.295601 1.209324 0.892379
0.295441 1.209755 0.899086
0.295314 1.210127 0.905798
0.295218 1.210440 0.912514
0.295155 1.210695 0.919231
0.295124 1.210891 0.925951
0.295125 1.211028 0.932672
0.295158 1.211106 0.939394
0.295222 1.211124 0.946116
0.295318 1.211084 0.952837
0.295445 1.210984 0.959557
0.295604 1.210825 0.966275
0.295794 1.210607 0.972990
0.296014 1.210329 0.979701
0.296265 1.209992 0.986409
0.296547 1.209596 0.993113
0.296858 1.209140 0.999811
0.297199 1.208624 1.006503
0.297571 1.208048 1.013188
0.297971 1.207413 1.019866
0.298401 1.206718 1.026536
0.299857 1.204116 1.027868
0.302182 1.199912 1.027720
0.304521 1.195680 1.027555
0.306870 1.191425 1.027380
0.309228 1.187146 1.027194
0.314036 1.184172 1.026993
0.320290 1.181929 1.026783
0.327309 1.180025 1.026563
0.334722 1.178247 1.026333
0.342328 1.176479 1.026093
0.350013 1.174660 1.025842
0.355282 1.171604 1.025594
0.359136 1.167828 1.025330
0.362215 1.163654 1.025052
0.364871 1.159254 1.024762
0.367300 1.154724 1.024459
0.369608 1.150114 1.024144
0.371854 1.145454 1.023818
0.374069 1.140758 1.023480
0.376270 1.136035 1.023131
0.378467 1.131291 1.022771
0.380664 1.126528 1.022401
0.385501 1.122970 1.021993
0.391572 1.119952 1.021588
0.398204 1.117135 1.021178
0.405063 1.114354 1.020761
0.411987 1.111532 1.020335
0.418898 1.108632 1.019898
0.425759 1.105642 1.019450
0.432553 1.102555 1.018992
0.439273 1.099370 1.018523
0.445913 1.096088 1.018043
0.452472 1.092710 1.017552
0.458947 1.089239 1.017051
0.465338 1.085675 1.016538
0.471644 1.082021 1.016015
0.477862 1.078279 1.015481
0.483993 1.074451 1.014937
0.490034 1.070539 1.014381
0.495985 1.066544 1.013816
0.501844 1.062468 1.013239
0.507611 1.058314 1.012652
0.513285 1.054084 1.012055
0.518864 1.049779 1.011448
0.524348 1.045402 1.010830
