0.634598 0.947141 1.106115
0.634729 0.950075 1.107543
0.634860 0.953023 1.108941
0.634992 0.955985 1.110310
0.635125 0.958960 1.111649
0.635258 0.961949 1.112958
0.635392 0.964950 1.114237
0.635527 0.967964 1.115486
0.635663 0.970991 1.116705
0.635799 0.974029 1.117893
0.635936 0.977079 1.119051
0.636073 0.980141 1.120178
0.636211 0.983214 1.121275
0.636350 0.986297 1.122340
0.636489 0.989391 1.123375
0.636629 0.992495 1.124379
0.636770 0.995609 1.125352
0.636911 0.998733 1.126293
0.637052 1.001866 1.127203
0.637194 1.005007 1.128082
0.637336 1.008158 1.128929
0.637525 1.012119 1.125900
0.637712 1.016049 1.122831
0.637897 1.019948 1.119723
0.638041 1.023130 1.120443
0.638185 1.026318 1.121132
0.638369 1.030200 1.117921
0.638552 1.034050 1.114672
0.638733 1.037867 1.111384
0.638911 1.041650 1.108058
0.639088 1.045401 1.104695
0.639263 1.049117 1.101294
0.639436 1.052800 1.097856
0.639607 1.056448 1.094381
0.639747 1.059685 1.094778
0.639889 1.062926 1.095144
0.640031 1.066171 1.095477
0.640172 1.069419 1.095778
0.640313 1.072670 1.096046
0.640483 1.076299 1.092373
0.640645 1.079891 1.088663
0.640804 1.083446 1.084916
0.640960 1.086963 1.081135
0.641112 1.090442 1.077318
0.641261 1.093883 1.073467
0.641407 1.097286 1.069581
0.641524 1.100547 1.069586
0.641649 1.103809 1.069560
0.641800 1.107173 1.065576
0.641938 1.110495 1.061557
0.642070 1.113778 1.057505
0.642197 1.117020 1.053420
0.642321 1.120221 1.049303
0.642442 1.123380 1.045154
0.642558 1.126498 1.040974
0.642672 1.129575 1.036762
0.642781 1.132609 1.032520
0.642888 1.135600 1.028248
0.642991 1.138548 1.023945
0.643092 1.141454 1.019614
0.643189 1.144316 1.015253
0.643285 1.147134 1.010864
0.643377 1.149908 1.006447
0.643468 1.152638 1.002003
0.643557 1.155323 0.997531
0.643645 1.157964 0.993033
0.643731 1.160559 0.988508
0.643817 1.163109 0.983958
0.643902 1.165613 0.979382
0.643888 1.165948 0.973916
0.643872 1.166228 0.968447
0.643953 1.168593 0.963797
0.644038 1.170912 0.959125
0.644123 1.173184 0.954430
0.644211 1.175408 0.949712
0.644300 1.177585 0.944972
0.644390 1.179715 0.940211
0.644482 1.181797 0.935428
0.644576 1.183830 0.930625
0.644672 1.185815 0.925801
0.644769 1.187752 0.920958
0.644867 1.189640 0.916096
0.644967 1.191479 0.911215
0.644966 1.191129 0.905493
0.645068 1.192869 0.900575
0.645171 1.194561 0.895641
0.645172 1.194055 0.889890
0.645172 1.193491 0.884143
0.645261 1.193485 0.884141
0.645317 1.193482 0.884141
0.645359 1.193480 0.884140
0.645481 1.194033 0.889881
0.645564 1.194532 0.895629
0.645627 1.194974 0.901382
0.645677 1.195359 0.907138
0.645719 1.195686 0.912898
0.645753 1.195957 0.918662
0.645781 1.196170 0.924427
0.645803 1.196325 0.930195
0.645818 1.196423 0.935964
0.645827 1.196464 0.941733
0.645829 1.196447 0.947502
0.645826 1.196370 0.953269
0.645815 1.196238 0.959037
0.645797 1.196049 0.964804
0.645773 1.195803 0.970568
0.645743 1.195498 0.976329
0.645706 1.195137 0.982087
0.645663 1.194718 0.987841
0.645613 1.194242 0.993591
0.645559 1.193709 0.999335
0.645498 1.193118 1.005073
0.645432 1.192471 1.010806
0.645362 1.191766 1.016531
0.645286 1.191004 1.022249
0.645206 1.190185 1.027960
0.645123 1.189309 1.033661
0.644962 1.186082 1.034141
0.644783 1.182851 1.034586
0.644506 1.177719 1.033710
0.644225 1.172571 1.032821
0.643942 1.167406 1.031918
0.643660 1.162226 1.031003
0.643380 1.157030 1.030074
0.643101 1.151819 1.029132
0.642823 1.146595 1.028178
0.642548 1.141356 1.027210
0.642275 1.136104 1.026230
0.642003 1.130840 1.025238
0.641734 1.125563 1.024233
0.641467 1.120275 1.023216
0.641201 1.114976 1.022186
0.640938 1.109666 1.021144
0.640677 1.104346 1.020090
0.640418 1.099016 1.019025
0.640160 1.093678 1.017947
0.639905 1.088331 1.016858
0.639651 1.082976 1.015757
0.639398 1.077614 1.014644
0.639148 1.072245 1.013520
0.638898 1.066870 1.012385
0.638650 1.061489 1.011239
0.638403 1.056103 1.010081
0.638157 1.050712 1.008913
0.637911 1.045317 1.007734
0.637667 1.039919 1.006544
0.637424 1.034517 1.005343
0.637181 1.029113 1.004132
0.636939 1.023708 1.002910
0.636697 1.018300 1.001679
0.636455 1.012892 1.000437
0.636213 1.007484 0.999185
0.635972 1.002075 0.997923
0.635731 0.996668 0.996651
0.635490 0.991262 0.995370
0.631680 0.988222 0.994617
0.627926 0.985150 0.993832
0.624262 0.984685 0.997481
0.620609 0.984146 1.001125
0.616941 0.986034 1.009306
0.613238 0.987711 1.017555
0.613198 0.989264 1.025868
0.613160 0.990637 1.034240
0.616866 0.989756 1.037942
0.620555 0.988799 1.041633
0.620547 0.987794 1.045316
0.620524 0.984616 1.048144
0.620500 0.981409 1.050939
0.620476 0.978175 1.053702
0.620452 0.974913 1.056433
0.620428 0.971624 1.059131
0.620404 0.968309 1.061797
0.620380 0.964967 1.064429
0.620355 0.961599 1.067027
0.620331 0.958206 1.069592
0.620306 0.954786 1.072122
0.620282 0.951340 1.074618
0.620257 0.947871 1.077080
0.620232 0.944376 1.079507
0.620207 0.940858 1.081898
0.620182 0.937316 1.084255
0.620157 0.933751 1.086576
0.620131 0.930163 1.088862
0.620105 0.926553 1.091111
0.620079 0.922920 1.093325
0.620066 0.921400 1.096345
0.620053 0.919850 1.099350
0.620052 0.920378 1.103246
0.620051 0.920850 1.107189
0.620036 0.919191 1.110188
0.620065 0.922927 1.108156
0.620093 0.926642 1.106087
0.620109 0.928256 1.103011
0.620109 0.928254 1.103009
0.620110 0.928252 1.103008
0.620098 0.926161 1.102058
0.620086 0.924059 1.101129
0.620087 0.924057 1.101127
0.620102 0.925622 1.098078
