0.627627 0.981877 1.030872
0.627517 0.976507 1.029429
0.627408 0.971142 1.027977
0.627298 0.965780 1.026515
0.627188 0.960423 1.025045
0.627078 0.955071 1.023567
0.627066 0.954248 1.026913
0.627054 0.953392 1.030251
0.627102 0.954641 1.038039
0.627149 0.955723 1.045880
0.627136 0.954677 1.049232
0.627086 0.951388 1.051953
0.627035 0.948072 1.054641
0.626985 0.944729 1.057296
0.626970 0.943570 1.060537
0.626955 0.942378 1.063767
0.626940 0.941154 1.066984
0.626925 0.939898 1.070190
0.626909 0.938610 1.073382
0.626893 0.937290 1.076562
0.626877 0.935938 1.079728
0.626860 0.934555 1.082880
0.626843 0.933140 1.086019
0.626826 0.931694 1.089143
0.626809 0.930217 1.092252
0.626791 0.928709 1.095347
0.626773 0.927170 1.098426
0.626768 0.927170 1.098426
0.626777 0.928708 1.095345
0.626838 0.931549 1.096955
0.626900 0.934405 1.098536
0.630133 0.937191 1.100089
0.633424 0.939960 1.101613
0.636771 0.942709 1.103107
0.640174 0.945437 1.104573
0.640352 0.948364 1.106010
0.640531 0.951306 1.107417
0.640709 0.954261 1.108794
0.644260 0.957004 1.110142
0.644469 0.959984 1.111460
0.644679 0.962977 1.112748
0.644889 0.965983 1.114006
0.645100 0.969001 1.115234
0.645311 0.972032 1.116432
0.645522 0.975074 1.117599
0.645734 0.978128 1.118735
0.645946 0.981193 1.119841
0.646158 0.984269 1.120916
0.646371 0.987356 1.121960
0.646584 0.990452 1.122974
0.646797 0.993559 1.123956
0.647011 0.996676 1.124907
0.647225 0.999801 1.125826
0.647438 1.002936 1.126714
0.647652 1.006080 1.127571
0.647867 1.009232 1.128396
0.648081 1.012392 1.129190
0.648295 1.015560 1.129951
0.648509 1.018735 1.130681
0.648723 1.021918 1.131379
0.648972 1.025902 1.128200
0.649218 1.029854 1.124980
0.649461 1.033773 1.121720
0.649702 1.037660 1.118422
0.649941 1.041514 1.115084
0.650178 1.045334 1.111708
0.650412 1.049121 1.108294
0.650643 1.052873 1.104842
0.650872 1.056590 1.101353
0.651097 1.060273 1.097827
0.651320 1.063920 1.094263
0.651526 1.067163 1.094573
0.651736 1.070409 1.094851
0.651945 1.073658 1.095097
0.652169 1.077277 1.091400
0.652384 1.080860 1.087667
0.652579 1.084115 1.087813
0.652781 1.087371 1.087928
0.652983 1.090628 1.088010
0.653201 1.094176 1.084143
0.653404 1.097685 1.080240
0.653603 1.101156 1.076302
0.653797 1.104586 1.072329
0.653986 1.107977 1.068322
0.654159 1.111234 1.068206
0.654343 1.114490 1.068059
0.654528 1.117745 1.067879
0.654712 1.120997 1.067666
0.654909 1.124341 1.063497
0.655090 1.127643 1.059292
0.655262 1.130903 1.055053
0.655429 1.134120 1.050783
0.655591 1.137295 1.046480
0.655743 1.140528 1.046069
0.655906 1.143759 1.045629
0.656080 1.146882 1.041232
0.656241 1.149960 1.036801
0.656395 1.152994 1.032340
0.656544 1.155984 1.027848
0.656690 1.158928 1.023327
0.656834 1.161827 1.018777
0.656977 1.164681 1.014197
0.657118 1.167489 1.009590
0.657258 1.170250 1.004954
0.657396 1.172964 1.000291
0.657535 1.175632 0.995601
0.657672 1.178252 0.990884
0.657810 1.180825 0.986141
0.657948 1.183350 0.981373
0.658086 1.185827 0.976579
0.658088 1.186133 0.970903
0.658089 1.186380 0.965224
0.658230 1.188711 0.960357
0.658404 1.190833 0.961185
0.658388 1.190989 0.955465
0.658381 1.191082 0.949738
0.658430 1.191077 0.949736
0.658458 1.191074 0.949735
0.658476 1.191073 0.949734
0.658531 1.190971 0.955455
0.658554 1.190815 0.961175
0.658558 1.190604 0.966894
0.658550 1.190335 0.972611
0.658532 1.190008 0.978323
0.658505 1.189627 0.984033
0.658471 1.189188 0.989739
0.658429 1.188694 0.995440
0.658381 1.188142 1.001135
0.658326 1.187534 1.006825
0.658264 1.186869 1.012509
0.658196 1.186148 1.018185
0.658122 1.185370 1.023854
0.658042 1.184536 1.029515
0.657957 1.183645 1.035167
0.657866 1.182699 1.040809
0.657770 1.181696 1.046442
0.657670 1.180637 1.052065
0.657566 1.179522 1.057676
0.657457 1.178351 1.063276
0.657345 1.177124 1.068864
0.657230 1.175842 1.074440
0.657111 1.174504 1.080002
0.656990 1.173110 1.085550
0.656866 1.171661 1.091084
0.656740 1.170157 1.096604
0.656612 1.168598 1.102108
0.656482 1.166984 1.107596
0.652204 1.167260 1.107617
0.646998 1.167543 1.107620
0.641563 1.167783 1.107620
0.636069 1.167971 1.107618
0.630548 1.166431 1.113088
0.625037 1.164780 1.118543
0.623932 1.162999 1.123958
0.623693 1.161162 1.129373
0.623626 1.156102 1.127988
0.623575 1.151027 1.126587
0.623528 1.145938 1.125172
0.623484 1.140835 1.123743
0.623441 1.135720 1.122299
0.623399 1.130592 1.120842
0.623359 1.125452 1.119371
0.623321 1.120300 1.117886
0.623283 1.115138 1.116388
0.623247 1.109965 1.114876
0.623212 1.104782 1.113352
0.623178 1.099590 1.111814
0.623144 1.094389 1.110263
0.623111 1.089180 1.108699
0.623079 1.083963 1.107123
0.623047 1.078739 1.105534
0.623016 1.073508 1.103933
0.622985 1.068270 1.102320
0.622954 1.063027 1.100694
0.622923 1.057779 1.099057
0.622891 1.052525 1.097408
0.622859 1.047268 1.095747
0.622828 1.042006 1.094074
0.622796 1.036742 1.092391
0.622763 1.031474 1.090696
0.622731 1.026204 1.088989
0.622699 1.020931 1.087271
0.622667 1.015658 1.085543
0.622635 1.010385 1.083805
0.622603 1.005111 1.082057
0.622571 0.999838 1.080298
0.622539 0.994566 1.078530
0.622508 0.989295 1.076752
0.622476 0.984028 1.074965
0.622444 0.978761 1.073169
0.622413 0.973499 1.071363
0.622381 0.968240 1.069548
0.622350 0.962986 1.067725
0.622318 0.957737 1.065894
0.622286 0.952492 1.064053
0.622289 0.951262 1.067370
0.622292 0.950000 1.070675
0.622269 0.946997 1.069385
0.622246 0.944007 1.068065
0.622223 0.941031 1.066715
0.622200 0.938068 1.065336
0.622202 0.936827 1.068509
0.622205 0.935554 1.071670
0.622208 0.934250 1.074818
0.622211 0.932915 1.077953
0.622213 0.931548 1.081074
0.622216 0.930150 1.084181
0.622219 0.928721 1.087274
0.622222 0.927261 1.090353
0.622225 0.925771 1.093417
0.622228 0.924250 1.096466
0.622229 0.924248 1.096465
