0.462958 1.192519 0.839372
0.469480 1.191332 0.840985
0.476520 1.187962 0.841811
0.483489 1.184487 0.842630
0.490382 1.180909 0.843442
0.497195 1.177229 0.844247
0.503925 1.173447 0.845045
0.510570 1.169567 0.845835
0.517129 1.165589 0.846619
0.523600 1.161515 0.847395
0.529980 1.157347 0.848164
0.536269 1.153087 0.848925
0.542464 1.148737 0.849678
0.548564 1.144299 0.850424
0.554567 1.139775 0.851163
0.560471 1.135166 0.851893
0.563489 1.130173 0.852617
0.564411 1.131157 0.857754
0.564763 1.132026 0.862900
0.567648 1.133107 0.868050
0.568895 1.133961 0.873210
0.572289 1.134959 0.878375
0.576654 1.135966 0.883548
0.581764 1.133237 0.884503
0.587007 1.130462 0.885427
0.592411 1.125407 0.885759
0.597751 1.120284 0.886082
0.603000 1.115091 0.886396
0.608148 1.109831 0.886701
0.613188 1.104506 0.886996
0.618117 1.099117 0.887282
0.622904 1.093089 0.882825
0.627604 1.087584 0.883147
0.632254 1.087485 0.883147
0.634060 1.088021 0.887839
0.631811 1.088628 0.892541
0.628009 1.089196 0.897238
0.623609 1.089687 0.901935
0.622074 1.090070 0.906620
0.621524 1.090408 0.911317
0.621350 1.087176 0.911794
0.621283 1.081699 0.911745
0.621238 1.075877 0.907126
0.621220 1.070381 0.907112
0.621202 1.064878 0.907089
0.621183 1.059367 0.907056
0.621165 1.053849 0.907014
0.621149 1.048325 0.906961
0.621134 1.042795 0.906898
0.621120 1.037259 0.906826
0.621108 1.031718 0.906744
0.621097 1.026174 0.906652
0.621088 1.020625 0.906551
0.621080 1.015074 0.906439
0.621048 1.015419 0.910391
0.621032 1.015725 0.914347
0.621019 1.015992 0.918305
0.621018 1.013939 0.921998
0.621018 1.011849 0.925670
0.621018 1.009723 0.929322
0.621019 1.007561 0.932951
0.621021 1.005362 0.936559
0.621024 1.003127 0.940145
0.621028 1.000857 0.943709
0.621032 0.998551 0.947249
0.621037 0.996210 0.950766
0.621043 0.993834 0.954260
0.621049 0.991423 0.957730
0.621056 0.988977 0.961175
0.621063 0.986497 0.964596
0.621070 0.983983 0.967992
0.621078 0.981435 0.971363
0.621085 0.978854 0.974708
0.621092 0.976239 0.978027
0.621100 0.973591 0.981319
0.621107 0.970911 0.984585
0.621115 0.968197 0.987824
0.621122 0.965452 0.991036
0.621130 0.962674 0.994220
0.621138 0.959865 0.997376
0.621145 0.957024 1.000504
0.621153 0.954152 1.003603
0.621154 0.953529 1.006941
0.621154 0.952872 1.010273
0.621155 0.952181 1.013597
0.621156 0.951456 1.016915
0.621158 0.950699 1.020225
0.621160 0.949908 1.023527
0.621162 0.949085 1.026821
0.621164 0.948229 1.030107
0.621167 0.947339 1.033384
0.621170 0.946418 1.036651
0.621173 0.945463 1.039910
0.621176 0.944476 1.043159
0.621180 0.943457 1.046397
0.621183 0.942405 1.049626
0.621187 0.941321 1.052843
0.621191 0.940205 1.056050
0.621195 0.939056 1.059245
0.621199 0.937876 1.062429
0.621204 0.936665 1.065601
0.621208 0.935421 1.068760
0.621212 0.934146 1.071907
0.621217 0.932840 1.075040
0.621221 0.931502 1.078161
0.621226 0.930133 1.081268
0.621231 0.928734 1.084361
0.621236 0.927303 1.087440
0.621241 0.925842 1.090505
0.621246 0.924350 1.093554
0.621247 0.924349 1.093553
0.618204 0.924344 1.093552
0.615161 0.924309 1.093551
0.612119 0.924244 1.093550
0.609078 0.924149 1.093548
0.606038 0.924023 1.093547
0.602999 0.923866 1.093546
0.599962 0.923680 1.093545
0.596927 0.923463 1.093543
0.593895 0.923215 1.093542
0.590865 0.922938 1.093541
0.587838 0.922630 1.093540
0.584814 0.922291 1.093539
0.581794 0.921923 1.093537
0.578778 0.921524 1.093536
0.575765 0.921096 1.093535
0.572758 0.920637 1.093534
0.569755 0.920148 1.093533
0.566757 0.919629 1.093531
0.563764 0.919080 1.093530
0.560477 0.919961 1.090478
0.557173 0.920776 1.087412
0.554168 0.920094 1.079662
0.551209 0.919217 1.071945
0.548303 0.918146 1.064261
0.545453 0.916883 1.056615
0.542665 0.915431 1.049011
0.539343 0.915931 1.042035
0.536045 0.916251 1.035040
0.532775 0.916393 1.028030
0.529537 0.916357 1.021008
0.526338 0.916145 1.013977
0.523180 0.915756 1.006940
0.520070 0.915193 0.999900
0.517010 0.914457 0.992860
0.514007 0.913550 0.985824
0.511064 0.912473 0.978794
0.508185 0.911229 0.971773
0.505376 0.909818 0.964764
0.502640 0.908244 0.957771
0.499981 0.906509 0.950796
0.496206 0.907374 0.951107
0.492404 0.908189 0.951441
0.488544 0.909019 0.948622
0.484667 0.909774 0.945780
0.480774 0.910454 0.942915
0.476866 0.911061 0.940028
0.472926 0.911632 0.940385
0.468963 0.912149 0.940765
0.464975 0.912612 0.941167
0.460965 0.913020 0.941591
0.456933 0.913373 0.942038
0.452881 0.913670 0.942507
0.448809 0.913911 0.942999
0.444718 0.914096 0.943513
0.440609 0.914223 0.944049
0.436483 0.914292 0.944608
0.432341 0.914304 0.945189
0.428183 0.914257 0.945792
0.424011 0.914152 0.946417
0.419826 0.913986 0.947064
0.415628 0.913761 0.947734
0.411418 0.913475 0.948425
0.407198 0.913128 0.949138
0.402969 0.912721 0.949872
0.398731 0.912252 0.950628
0.394485 0.911720 0.951406
0.390233 0.911127 0.952205
0.385975 0.910472 0.953026
0.381713 0.909753 0.953868
0.377447 0.908972 0.954732
0.373108 0.908208 0.951822
0.368780 0.907365 0.948890
0.364464 0.906442 0.945936
0.360161 0.905439 0.942961
0.355866 0.904365 0.943846
0.351572 0.903227 0.944752
0.347280 0.902025 0.945679
0.342993 0.900758 0.946627
0.338711 0.899427 0.947596
0.334434 0.898031 0.948586
0.330132 0.896602 0.945590
0.325851 0.895095 0.942573
0.323114 0.892138 0.942573
0.318873 0.890509 0.939535
0.314658 0.888802 0.936477
0.310471 0.887018 0.933400
0.306312 0.885157 0.930302
0.302183 0.883220 0.927185
0.299566 0.880027 0.927185
0.296981 0.876808 0.927185
0.294428 0.873563 0.927185
0.292050 0.870185 0.923059
0.289563 0.866892 0.923059
0.287110 0.863573 0.923059
0.284690 0.860231 0.923059
0.282303 0.856864 0.923059
0.280132 0.853350 0.918935
0.278032 0.849793 0.914813
0.276004 0.846195 0.910695
0.274048 0.842557 0.906579
0.272165 0.838881 0.902468
0.269711 0.834112 0.898359
0.265765 0.831693 0.899223
0.261840 0.829213 0.900108
0.259988 0.830219 0.901012
0.258177 0.831280 0.901939
0.256374 0.832338 0.902887
0.254579 0.833391 0.903856
0.253142 0.834237 0.900596
0.251732 0.835065 0.897319
0.252477 0.839471 0.894022
0.253349 0.843951 0.890712
0.252109 0.844875 0.887392
0.252109 0.844873 0.887391
0.252105 0.844866 0.887391
0.252595 0.844560 0.883082
0.252591 0.844552 0.883082
0.250815 0.845636 0.884051
0.249048 0.846715 0.885040
0.247795 0.847483 0.881686
0.248333 0.847145 0.877326
0.248908 0.846784 0.872974
0.247739 0.847494 0.869576
0.247733 0.847485 0.869576
0.247727 0.847474 0.869576
0.247721 0.847464 0.869575
0.247715 0.847454 0.869575
0.247709 0.847443 0.869575
0.247703 0.847433 0.869574
0.247697 0.847422 0.869574
0.247691 0.847412 0.869574
0.247685 0.847402 0.869574
0.247679 0.847391 0.869573
0.247673 0.847381 0.869573
0.247849 0.847648 0.869559
0.248010 0.848006 0.869602
0.248233 0.848292 0.869589
