0.617149 0.930103 1.098302
0.614044 0.930059 1.098302
0.610866 0.932816 1.099926
0.607630 0.935556 1.101522
0.604338 0.938279 1.103089
0.600989 0.940982 1.104628
0.597583 0.943665 1.106138
0.594119 0.946327 1.107619
0.590598 0.948966 1.109070
0.587021 0.951581 1.110492
0.583386 0.954171 1.111885
0.579694 0.956736 1.113248
0.575944 0.959272 1.114582
0.572138 0.961780 1.115885
0.568275 0.964259 1.117159
0.564356 0.966706 1.118402
0.560379 0.969121 1.119615
0.556347 0.971502 1.120798
0.552258 0.973849 1.121950
0.548113 0.976160 1.123072
0.543913 0.978434 1.124163
0.539657 0.980670 1.125223
0.535347 0.982866 1.126252
0.530766 0.985812 1.123409
0.526126 0.988675 1.120527
0.521427 0.991453 1.117606
0.520414 0.995160 1.114647
0.519413 0.998838 1.111649
0.518420 1.002487 1.108613
0.517435 1.006107 1.105539
0.512577 1.008644 1.102428
0.507657 1.011090 1.099280
0.502687 1.013446 1.096095
0.497668 1.015711 1.092874
0.492602 1.017884 1.089617
0.487491 1.019963 1.086324
0.486431 1.022996 1.086909
0.485413 1.026049 1.087463
0.484393 1.029107 1.087985
0.483371 1.032169 1.088475
0.482346 1.035236 1.088932
0.481320 1.038307 1.089357
0.480291 1.041381 1.089749
0.479259 1.044458 1.090109
0.478226 1.047538 1.090437
0.477190 1.050621 1.090731
0.476152 1.053706 1.090993
0.475113 1.056792 1.091223
0.474070 1.059880 1.091420
0.472925 1.063268 1.087670
0.471783 1.066616 1.083883
0.470652 1.069927 1.080061
0.469531 1.073202 1.076205
0.468421 1.076439 1.072313
0.467322 1.079639 1.068388
0.466234 1.082800 1.064429
0.465158 1.085924 1.060437
0.464093 1.089009 1.056411
0.463039 1.092055 1.052353
0.461997 1.095062 1.048264
0.460966 1.098029 1.044142
0.459948 1.100957 1.039989
0.458941 1.103845 1.035805
0.457947 1.106692 1.031591
0.456964 1.109499 1.027347
0.455995 1.112265 1.023073
0.455038 1.114990 1.018770
0.454095 1.117674 1.014438
0.453165 1.120317 1.010078
0.452248 1.122918 1.005690
0.451346 1.125477 1.001275
0.450458 1.127995 0.996833
0.449585 1.130470 0.992364
0.448726 1.132903 0.987869
0.447883 1.135293 0.983349
0.447056 1.137641 0.978803
0.446245 1.139946 0.974233
0.445450 1.142208 0.969638
0.444672 1.144427 0.965020
0.443911 1.146603 0.960378
0.443167 1.148736 0.955714
0.442441 1.150826 0.951027
0.441733 1.152871 0.946318
0.441043 1.154873 0.941587
0.440372 1.156831 0.936836
0.439719 1.158746 0.932064
0.439084 1.160615 0.927272
0.438469 1.162441 0.922461
0.437872 1.164222 0.917631
0.437294 1.165958 0.912782
0.436735 1.167649 0.907914
0.436195 1.169295 0.903030
0.435673 1.170895 0.898128
0.435170 1.172450 0.893209
0.434686 1.173959 0.888274
0.434220 1.175422 0.883324
0.433772 1.176839 0.878359
0.433342 1.178209 0.873378
0.432930 1.179533 0.868384
0.433206 1.178804 0.862486
0.432830 1.180033 0.857464
0.432472 1.181216 0.852430
0.432130 1.182352 0.847384
0.431806 1.183439 0.842327
0.431498 1.184479 0.837258
0.431208 1.185471 0.832179
0.431606 1.184401 0.826221
0.432025 1.183275 0.820274
0.432465 1.182092 0.814339
0.432924 1.180854 0.808417
0.433403 1.179558 0.802508
0.433475 1.179580 0.802506
0.433516 1.179593 0.802505
0.433141 1.180916 0.808409
0.432756 1.182174 0.814327
0.432383 1.183374 0.820258
0.432025 1.184516 0.826201
0.431686 1.185602 0.832156
0.431366 1.186632 0.838121
0.434504 1.188743 0.844101
0.439124 1.191236 0.850088
0.446044 1.188160 0.850662
0.453103 1.185041 0.851227
0.460168 1.181838 0.851784
0.467189 1.178537 0.852332
0.474145 1.175134 0.852873
0.481026 1.171627 0.853405
0.487829 1.168018 0.853929
0.494549 1.164308 0.854444
0.501186 1.160498 0.854952
0.507736 1.156591 0.855451
0.514197 1.152587 0.855941
0.520569 1.148490 0.856423
0.526849 1.144300 0.856896
0.533035 1.140020 0.857361
0.539126 1.135651 0.857817
0.545120 1.131196 0.858264
0.551016 1.126657 0.858703
0.556811 1.122035 0.859132
0.562505 1.117333 0.859553
0.568097 1.112552 0.859965
0.573584 1.107695 0.860368
0.578966 1.102765 0.860762
0.584241 1.097762 0.861147
0.589408 1.092690 0.861523
0.594467 1.087551 0.861890
0.599416 1.082347 0.862248
0.604255 1.077080 0.862596
0.608983 1.071752 0.862935
0.613598 1.066366 0.863265
0.618101 1.060924 0.863586
0.622491 1.055428 0.863897
0.626768 1.049881 0.864199
0.627975 1.044364 0.864504
0.628290 1.042841 0.868529
0.625288 1.041343 0.872549
0.621386 1.039777 0.876543
0.620387 1.038126 0.880506
0.620112 1.038727 0.884687
0.620025 1.039288 0.888876
0.619986 1.039807 0.893071
0.619958 1.040285 0.897271
0.619952 1.037027 0.897497
0.619925 1.033767 0.897691
0.619896 1.030505 0.897851
0.619853 1.030935 0.901958
0.619832 1.029054 0.905729
0.619813 1.027136 0.909481
0.619795 1.027451 0.913554
0.619780 1.027725 0.917629
0.619760 1.031415 0.925855
0.619757 1.034940 0.934185
0.619759 1.035007 0.938335
0.619750 1.035033 0.942485
0.619742 1.032782 0.946115
0.619734 1.030494 0.949722
0.619727 1.028170 0.953306
0.619722 1.025811 0.956866
0.619718 1.023416 0.960403
0.619715 1.020986 0.963916
0.619713 1.018521 0.967405
0.619712 1.016022 0.970868
0.619712 1.013487 0.974307
0.619712 1.010919 0.977720
0.619714 1.008316 0.981107
0.619716 1.005680 0.984468
0.619718 1.003011 0.987802
0.619721 1.000308 0.991109
0.619724 0.997572 0.994390
0.619728 0.994803 0.997642
0.619732 0.992002 1.000867
0.619736 0.989169 1.004064
0.619741 0.986304 1.007232
0.619747 0.983407 1.010372
0.619753 0.980479 1.013482
0.619759 0.977520 1.016562
0.619766 0.974529 1.019613
0.619773 0.971508 1.022633
0.619781 0.968457 1.025623
0.619790 0.965375 1.028582
0.619799 0.962264 1.031510
0.619809 0.959123 1.034407
0.619820 0.955955 1.037272
0.619831 0.952757 1.040106
0.619842 0.949532 1.042907
0.619853 0.948514 1.046196
0.619864 0.947464 1.049475
0.619875 0.946381 1.052743
0.619887 0.945266 1.056000
0.619899 0.944118 1.059246
0.619911 0.942937 1.062480
0.619924 0.941725 1.065702
0.619937 0.940480 1.068911
0.619950 0.939203 1.072109
0.619964 0.937894 1.075293
0.619978 0.936554 1.078464
0.619992 0.935181 1.081621
0.620007 0.933778 1.084764
0.620022 0.932343 1.087893
0.620037 0.930877 1.091008
0.620053 0.929379 1.094108
0.620069 0.927851 1.097193
0.620085 0.926292 1.100262
0.620086 0.926291 1.100261
0.617024 0.926274 1.100259
0.613962 0.926228 1.100258
0.610901 0.926150 1.100256
0.607763 0.927598 1.097185
0.604597 0.928982 1.094097
0.601404 0.930303 1.090995
0.598115 0.932959 1.092561
0.594769 0.935595 1.094098
0.591366 0.938210 1.095606
0.587907 0.940803 1.097085
0.584519 0.941979 1.093853
0.581109 0.943085 1.090604
0.577678 0.944124 1.087341
0.574227 0.945093 1.084064
0.570432 0.948141 1.081512
