0.500334 1.172236 0.857510
0.506958 1.168401 0.857677
0.513494 1.164467 0.857835
0.519942 1.160438 0.857984
0.526299 1.156314 0.858122
0.532564 1.152098 0.858250
0.538736 1.147791 0.858369
0.544811 1.143395 0.858478
0.550790 1.138913 0.858576
0.556670 1.134346 0.858665
0.562450 1.129696 0.858744
0.567908 1.127113 0.859594
0.570376 1.124198 0.860426
0.571553 1.121134 0.861219
0.571772 1.121953 0.866259
0.571800 1.122702 0.871306
0.571753 1.123392 0.876359
0.568635 1.123745 0.881438
0.564309 1.123885 0.886513
0.565849 1.124566 0.891551
0.569585 1.125434 0.896614
0.574148 1.126304 0.901691
0.579353 1.123509 0.902188
0.584587 1.120664 0.902653
0.589789 1.117761 0.903087
0.595044 1.112713 0.902536
0.600199 1.107597 0.901973
0.605249 1.102415 0.901399
0.610192 1.097169 0.900813
0.615028 1.091863 0.900218
0.619757 1.086498 0.899612
0.624378 1.081076 0.898994
0.628889 1.075598 0.898365
0.633292 1.070067 0.897725
0.633760 1.064630 0.897087
0.633676 1.059192 0.896427
0.633512 1.053748 0.895754
0.633340 1.048297 0.895070
0.633168 1.042839 0.894376
0.632997 1.037374 0.893671
0.629091 1.037956 0.897855
0.624925 1.038456 0.902038
0.620719 1.042480 0.910599
0.616444 1.046288 0.919272
0.616211 1.049927 0.928046
0.616153 1.053311 0.932596
0.616103 1.056649 0.937179
0.616054 1.059941 0.941796
0.616005 1.063187 0.946445
0.615955 1.066386 0.951127
0.615906 1.069539 0.955840
0.615857 1.072644 0.960585
0.615808 1.075701 0.965360
0.615811 1.075452 0.969914
0.615822 1.073100 0.973453
0.615833 1.070713 0.976969
0.615846 1.068291 0.980461
0.615859 1.065835 0.983929
0.615872 1.063343 0.987371
0.615887 1.060818 0.990789
0.615902 1.058258 0.994181
0.615918 1.055665 0.997548
0.615935 1.053038 1.000888
0.615951 1.050378 1.004202
0.615968 1.047684 1.007489
0.615985 1.044958 1.010750
0.616001 1.042200 1.013982
0.616018 1.039409 1.017187
0.616035 1.036586 1.020364
0.616053 1.033732 1.023512
0.616070 1.030846 1.026631
0.616087 1.027928 1.029721
0.616105 1.024980 1.032782
0.616123 1.022001 1.035813
0.616141 1.018990 1.038813
0.616159 1.015950 1.041782
0.616178 1.012881 1.044722
0.616197 1.009782 1.047630
0.616216 1.006654 1.050508
0.616236 1.003498 1.053354
0.616256 1.000314 1.056169
0.616276 0.997102 1.058952
0.616296 0.993862 1.061703
0.616316 0.990595 1.064421
0.616336 0.987299 1.067105
0.616356 0.983978 1.069757
0.616377 0.980630 1.072375
0.616397 0.977256 1.074960
0.616418 0.973856 1.077512
0.616438 0.970432 1.080029
0.616459 0.966982 1.082512
0.616479 0.963508 1.084960
0.616500 0.960009 1.087374
0.616520 0.956487 1.089752
0.616540 0.952941 1.092096
0.616560 0.949372 1.094404
0.616581 0.945780 1.096676
0.616601 0.942165 1.098911
0.616622 0.938528 1.101111
0.616623 0.936928 1.104286
0.616643 0.934866 1.103271
0.616645 0.934863 1.103269
0.616664 0.932791 1.102276
0.616684 0.932277 1.098188
0.616703 0.930177 1.097258
0.616723 0.928067 1.096348
0.616743 0.925948 1.095460
0.616762 0.923821 1.094593
0.616763 0.923819 1.094592
0.613726 0.923769 1.094590
0.610689 0.923690 1.094589
0.607654 0.923580 1.094588
0.604619 0.923440 1.094587
0.601587 0.923269 1.094585
0.598556 0.923069 1.094584
0.595527 0.922837 1.094583
0.592501 0.922576 1.094582
0.589477 0.922284 1.094581
0.586457 0.921963 1.094579
0.583624 0.920300 1.089891
0.580826 0.918565 1.085217
0.577769 0.918888 1.081357
0.574522 0.920457 1.074458
0.571261 0.921847 1.067527
0.567991 0.923055 1.060566
0.564718 0.924083 1.053579
0.561447 0.924929 1.046570
0.558181 0.925595 1.039540
0.554925 0.926080 1.032493
0.551685 0.926385 1.025432
0.548466 0.926510 1.018360
0.545406 0.925776 1.018358
0.542354 0.925013 1.018357
0.539309 0.924219 1.018356
0.536272 0.923395 1.018354
0.533269 0.922540 1.014425
0.530285 0.921617 1.010497
0.527323 0.920628 1.006569
0.524384 0.919572 1.002642
0.521468 0.918450 0.998717
0.518578 0.917262 0.994793
0.515715 0.916010 0.990872
0.512880 0.914693 0.986954
0.510075 0.913313 0.983038
0.507300 0.911869 0.979126
0.503446 0.913106 0.976598
0.499564 0.914271 0.974045
0.495658 0.915363 0.971467
0.491728 0.916383 0.968863
0.487776 0.917329 0.966235
0.483803 0.918201 0.963583
0.479810 0.918999 0.960906
0.475799 0.919722 0.958205
0.471771 0.920370 0.955480
0.467728 0.920943 0.952733
0.463670 0.921441 0.949962
0.459601 0.921863 0.947169
0.455535 0.922180 0.947793
0.451449 0.922441 0.948439
0.447323 0.922684 0.945624
0.443190 0.922848 0.942785
0.440672 0.920265 0.938970
0.438205 0.917629 0.935166
0.435793 0.914944 0.931372
0.433437 0.912208 0.927589
0.431137 0.909423 0.923817
0.428896 0.906590 0.920055
0.424802 0.906479 0.920725
0.420695 0.906308 0.921416
0.416576 0.906077 0.922130
0.412447 0.905787 0.922865
0.408307 0.905437 0.923621
0.404158 0.905026 0.924400
0.400001 0.904554 0.925200
0.395837 0.904021 0.926021
0.391667 0.903427 0.926864
0.387492 0.902770 0.927728
0.383313 0.902052 0.928614
0.379130 0.901271 0.929520
0.374946 0.900428 0.930448
0.370761 0.899521 0.931396
0.366577 0.898552 0.932366
0.362393 0.897518 0.933355
0.358212 0.896421 0.934365
0.354099 0.895191 0.931568
0.350005 0.893886 0.928752
0.345929 0.892507 0.925917
0.341875 0.891053 0.923063
0.337843 0.889526 0.920191
0.333834 0.887925 0.917300
0.329850 0.886252 0.914392
0.325893 0.884505 0.911466
0.321722 0.882903 0.912497
0.317561 0.881237 0.913548
0.313642 0.879309 0.910605
0.309754 0.877310 0.907645
0.305618 0.875471 0.908716
0.301497 0.873568 0.909809
0.297392 0.871601 0.910921
0.294891 0.868361 0.910921
0.295155 0.868144 0.906831
0.295456 0.867908 0.902745
0.292887 0.869841 0.903318
0.290313 0.871777 0.903859
0.287735 0.873717 0.904368
0.285154 0.875660 0.904844
0.282569 0.877606 0.905289
0.279980 0.879554 0.905701
0.280293 0.879314 0.901425
0.279732 0.879910 0.898518
0.279023 0.880631 0.895837
0.276549 0.882467 0.896122
0.276397 0.882598 0.896335
0.276245 0.882723 0.896543
0.275892 0.882990 0.900871
0.275573 0.883230 0.905204
0.273004 0.879839 0.905207
0.270422 0.876354 0.905207
0.267873 0.872841 0.905207
0.265359 0.869303 0.905207
0.263209 0.865512 0.900874
0.261136 0.861679 0.896545
