0.620000 0.925529 1.092398
0.620001 0.925528 1.092397
0.623057 0.925511 1.092396
0.626112 0.925464 1.092395
0.629167 0.925386 1.092394
0.632221 0.925277 1.092392
0.635274 0.925138 1.092391
0.638325 0.924968 1.092390
0.641374 0.924768 1.092389
0.644422 0.924538 1.092388
0.647599 0.925749 1.089324
0.650940 0.928293 1.090915
0.654337 0.930817 1.092477
0.657789 0.933318 1.094011
0.661297 0.935796 1.095515
0.664860 0.938249 1.096991
0.668478 0.940677 1.098437
0.672152 0.943078 1.099853
0.675880 0.945452 1.101241
0.676384 0.948377 1.102599
0.680198 0.950730 1.103927
0.684069 0.953052 1.105225
0.684639 0.956004 1.106493
0.685210 0.958969 1.107731
0.685784 0.961946 1.108938
0.686359 0.964935 1.110115
0.686937 0.967935 1.111262
0.687517 0.970947 1.112378
0.688099 0.973970 1.113463
0.688683 0.977003 1.114518
0.689269 0.980046 1.115541
0.689857 0.983099 1.116533
0.690447 0.986161 1.117494
0.691038 0.989233 1.118424
0.691179 0.989965 1.114569
0.691312 0.990655 1.110704
0.691438 0.991307 1.106832
0.691556 0.991921 1.102953
0.691667 0.992496 1.099068
0.695495 0.992299 1.095179
0.699320 0.992023 1.091282
0.703138 0.991668 1.087381
0.706948 0.991237 1.083476
0.710749 0.990729 1.079566
0.714538 0.990144 1.075652
0.718315 0.989482 1.071736
0.718387 0.989748 1.067818
0.718447 0.989975 1.063896
0.718497 0.990164 1.059971
0.718536 0.990315 1.056045
0.718565 0.990428 1.052118
0.718584 0.990503 1.048189
0.718593 0.990540 1.044260
0.718592 0.990540 1.040331
0.718581 0.990501 1.036402
0.718559 0.990424 1.032474
0.718528 0.990310 1.028547
0.718486 0.990158 1.024621
0.718434 0.989967 1.020697
0.718372 0.989739 1.016775
0.718300 0.989473 1.012856
0.718217 0.989170 1.008939
0.718125 0.988828 1.005026
0.718023 0.988449 1.001117
0.717910 0.988032 0.997212
0.717787 0.987577 0.993311
0.717655 0.987085 0.989415
0.717512 0.986555 0.985525
0.717359 0.985987 0.981640
0.717197 0.985382 0.977761
0.717024 0.984740 0.973889
0.716842 0.984060 0.970023
0.716649 0.983343 0.966165
0.716447 0.982589 0.962315
0.716234 0.981797 0.958472
0.716012 0.980969 0.954638
0.716560 0.983036 0.955470
0.717105 0.985094 0.956323
0.716875 0.984232 0.952501
0.716633 0.983330 0.948684
0.716381 0.982390 0.944878
0.716120 0.981414 0.941081
0.719448 0.979427 0.937295
0.722735 0.977371 0.933519
0.722426 0.976292 0.929755
0.725651 0.974139 0.926003
0.728831 0.971920 0.922261
0.731966 0.969637 0.918531
0.735054 0.967292 0.914815
0.738095 0.964884 0.911111
0.741087 0.962416 0.907420
0.744029 0.959889 0.903743
0.746920 0.957302 0.900080
0.749758 0.954657 0.896431
0.752542 0.951956 0.892797
0.755272 0.949200 0.889178
0.757946 0.946388 0.885575
0.760563 0.943524 0.881987
0.763122 0.940607 0.878416
0.765622 0.937639 0.874861
0.768062 0.934621 0.871324
0.767320 0.933044 0.867804
0.767319 0.933043 0.867803
0.768654 0.935884 0.868702
0.769992 0.938732 0.869570
0.771335 0.941588 0.870406
0.769431 0.945962 0.871212
0.767456 0.950337 0.871985
0.765410 0.954712 0.872726
0.763295 0.959086 0.873436
0.761109 0.963458 0.874113
0.758852 0.967825 0.874759
0.756525 0.972188 0.875373
0.754125 0.976543 0.875954
0.751655 0.980892 0.876504
0.749111 0.985231 0.877021
0.750170 0.988281 0.877506
0.751246 0.991332 0.877959
0.752323 0.994386 0.878379
0.753401 0.997444 0.878767
0.754479 1.000506 0.879123
0.755558 1.003571 0.879446
0.756638 1.006640 0.879737
0.757718 1.009711 0.879995
0.758798 1.012785 0.880220
0.759877 1.015861 0.880413
0.760957 1.018939 0.880573
0.762035 1.022019 0.880701
0.763114 1.025100 0.880796
0.764191 1.028182 0.880858
0.765267 1.031265 0.880888
0.766342 1.034349 0.880884
0.767416 1.037433 0.880849
0.768488 1.040516 0.880780
0.769559 1.043600 0.880679
0.770628 1.046683 0.880545
0.771695 1.049765 0.880379
0.772760 1.052845 0.880180
0.773826 1.055923 0.879949
0.774888 1.059000 0.879684
0.775947 1.062075 0.879388
0.777004 1.065148 0.879058
0.778058 1.068217 0.878697
0.779110 1.071284 0.878303
0.780160 1.074346 0.877876
0.781208 1.077405 0.877417
0.782254 1.080460 0.876926
0.783297 1.083510 0.876403
0.784332 1.086557 0.875847
0.785370 1.089597 0.875259
0.786407 1.092631 0.874639
0.787443 1.095659 0.873987
0.788478 1.098680 0.873303
0.789512 1.101694 0.872588
0.790545 1.104701 0.871840
0.791576 1.107700 0.871061
0.792607 1.110691 0.870250
0.792374 1.109974 0.865052
0.792107 1.109210 0.859860
0.793110 1.112183 0.858954
0.792834 1.111362 0.853741
0.793244 1.112529 0.849326
0.793638 1.113654 0.844899
0.794018 1.114738 0.840460
0.794384 1.115779 0.836009
0.794737 1.116777 0.831548
0.795488 1.118789 0.832359
0.796216 1.120801 0.833191
0.796934 1.122807 0.834044
0.797644 1.124806 0.834919
0.797952 1.125774 0.830448
0.798264 1.126692 0.825966
0.798571 1.127564 0.821475
0.798867 1.128393 0.816976
0.799151 1.129178 0.812467
0.799421 1.129920 0.807951
0.799677 1.130619 0.803427
0.799919 1.131275 0.798895
0.799962 1.131260 0.798895
0.799993 1.131249 0.798895
0.800012 1.131242 0.798895
0.800027 1.131237 0.798895
0.800040 1.131232 0.798895
0.800981 1.134046 0.797530
0.801955 1.136835 0.796137
0.803452 1.140967 0.800229
0.804421 1.143742 0.798806
0.805906 1.147834 0.802942
0.806871 1.150596 0.801490
0.807847 1.153337 0.800008
0.808094 1.153935 0.795278
0.808843 1.155892 0.796215
0.809565 1.157849 0.797174
0.806835 1.161007 0.798159
0.806204 1.163403 0.799155
0.806447 1.165491 0.800175
0.806971 1.167472 0.801216
0.806936 1.167484 0.801215
0.806933 1.167484 0.801215
0.806942 1.167481 0.801215
0.806953 1.167477 0.801215
0.806471 1.166113 0.795437
0.805990 1.164687 0.789673
0.806027 1.164674 0.789673
0.806049 1.164666 0.789672
0.809633 1.163419 0.789666
0.807373 1.164220 0.789678
0.802921 1.165737 0.789682
0.797777 1.167436 0.789683
0.791921 1.167667 0.783935
0.786016 1.167794 0.778203
0.783794 1.166703 0.772481
0.782825 1.165181 0.766781
0.782731 1.165208 0.766780
0.782717 1.165212 0.766779
0.782724 1.165209 0.766779
0.782204 1.163496 0.761098
0.781685 1.161722 0.755436
0.781720 1.161712 0.755435
0.781740 1.161706 0.755435
0.781756 1.161701 0.755435
0.781771 1.161696 0.755435
0.781786 1.161691 0.755434
0.782085 1.161582 0.755422
0.782158 1.161621 0.755463
0.782221 1.161661 0.755503
0.782284 1.161702 0.755542
0.782348 1.161743 0.755582
0.782430 1.161821 0.755646
0.782430 1.161826 0.755649
0.783003 1.163572 0.761309
0.783548 1.165272 0.766990
0.784072 1.166920 0.772690
0.784579 1.168513 0.778406
0.785070 1.170051 0.784138
0.782077 1.172586 0.789887
0.777697 1.175419 0.795651
0.772796 1.178284 0.801430
0.767670 1.181094 0.807223
0.762427 1.183815 0.813029
0.757105 1.186437 0.818848
0.751722 1.188955 0.824679
0.746284 1.191365 0.830522
0.740795 1.193667 0.836376
0.735258 1.195859 0.842241
0.729676 1.197940 0.848116
0.724050 1.199910 0.854000
0.718383 1.201768 0.859893
0.712677 1.203512 0.865794
0.706934 1.205143 0.871702
0.701155 1.206659 0.877618
0.695344 1.208059 0.883540
0.689501 1.209344 0.889468
0.683630 1.210511 0.895401
0.677732 1.211562 0.901339
0.671809 1.212495 0.907281
0.665865 1.213310 0.913226
0.659901 1.214006 0.919174
0.653919 1.214582 0.925124
0.647922 1.215040 0.931076
0.641912 1.215377 0.937029
0.635893 1.215595 0.942983
0.629866 1.215692 0.948936
0.623834 1.215668 0.954889
0.617801 1.215524 0.960840
0.611750 1.215471 0.960840
0.608807 1.215405 0.960811
0.610421 1.215409 0.960769
0.614221 1.215445 0.960746
0.619091 1.215464 0.960733
0.621405 1.215470 0.960748
0.622542 1.215258 0.966702
0.623064 1.214988 0.972654
0.623283 1.214658 0.978600
0.623354 1.214269 0.984541
0.623395 1.211052 0.985099
0.623372 1.206196 0.984003
0.623299 1.201319 0.982889
0.623219 1.196422 0.981759
0.623137 1.191504 0.980614
0.623054 1.186567 0.979453
0.622972 1.181611 0.978277
0.622892 1.176636 0.977086
0.622814 1.171643 0.975880
0.622738 1.166632 0.974659
