0.411704 1.161207 0.813703
0.411309 1.162409 0.819508
0.410925 1.163552 0.825325
0.410557 1.164640 0.831153
0.413481 1.166922 0.837001
0.417838 1.169646 0.842854
0.422761 1.172464 0.848715
0.427933 1.175249 0.854585
0.433234 1.177955 0.860463
0.438617 1.180564 0.866350
0.444062 1.183069 0.872245
0.449560 1.185465 0.878146
0.455106 1.187752 0.884054
0.463897 1.190806 0.889959
0.474150 1.194026 0.895874
0.485152 1.196709 0.895877
0.496423 1.199680 0.901809
0.504792 1.201406 0.901821
0.508757 1.202184 0.901840
0.513603 1.203087 0.901834
0.518923 1.204419 0.907758
0.521379 1.205170 0.913686
0.522525 1.205631 0.919616
0.523071 1.205929 0.925551
0.523344 1.206121 0.931491
0.526574 1.206722 0.937419
0.531712 1.204356 0.938372
0.537461 1.202031 0.939295
0.543741 1.197764 0.938957
0.550083 1.193429 0.938608
0.556402 1.189013 0.938247
0.562658 1.184512 0.937874
0.568831 1.179925 0.937490
0.574911 1.175253 0.937094
0.580893 1.170497 0.936686
0.586774 1.165660 0.936266
0.592552 1.160743 0.935835
0.601392 1.155854 0.935374
0.611371 1.150837 0.934912
0.618398 1.148921 0.939206
0.624313 1.146871 0.943470
0.629768 1.144739 0.942460
0.631597 1.142635 0.946717
0.632183 1.140503 0.950939
0.628778 1.138422 0.955154
0.624134 1.136277 0.959332
0.622789 1.134023 0.963464
0.618783 1.131749 0.967615
0.614013 1.129385 0.971726
0.612773 1.126984 0.975786
0.612434 1.126622 0.980849
0.612335 1.126216 0.985912
0.612295 1.125760 0.990971
0.612349 1.122497 0.991094
0.612387 1.119232 0.991185
0.612424 1.115967 0.991242
0.612512 1.110662 0.990214
0.612601 1.105346 0.989174
0.612693 1.100021 0.988122
0.612788 1.094686 0.987058
0.612884 1.089342 0.985982
0.612983 1.083990 0.984895
0.613084 1.078630 0.983795
0.613187 1.073263 0.982685
0.613291 1.067889 0.981562
0.613397 1.062509 0.980429
0.613505 1.057123 0.979284
0.613614 1.051732 0.978128
0.613724 1.046336 0.976962
0.613836 1.040937 0.975784
0.613832 1.040588 0.979992
0.613832 1.040197 0.984196
0.613834 1.039764 0.988396
0.613886 1.037154 0.991748
0.613937 1.034512 0.995074
0.613990 1.031836 0.998373
0.614042 1.029128 1.001645
0.614095 1.026386 1.004890
0.614148 1.023613 1.008107
0.614201 1.020807 1.011296
0.614254 1.017969 1.014457
0.614308 1.015100 1.017589
0.614362 1.012199 1.020693
0.614416 1.009267 1.023767
0.614471 1.006305 1.026811
0.614526 1.003311 1.029825
0.614581 1.000288 1.032809
0.614637 0.997234 1.035762
0.614693 0.994150 1.038685
0.614750 0.991038 1.041576
0.614807 0.987897 1.044437
0.614865 0.984728 1.047266
0.614923 0.981530 1.050063
0.614981 0.978305 1.052828
0.615039 0.975052 1.055561
0.615097 0.971773 1.058261
0.615155 0.968467 1.060929
0.615214 0.965134 1.063563
0.615272 0.961775 1.066165
0.615331 0.958390 1.068732
0.615390 0.954979 1.071265
0.615449 0.951543 1.073763
0.615508 0.948082 1.076228
0.615568 0.944597 1.078657
0.615627 0.941087 1.081052
0.615686 0.937554 1.083412
0.615745 0.933998 1.085736
0.615805 0.930419 1.088025
0.615864 0.926817 1.090278
0.615879 0.925327 1.093337
0.615895 0.923807 1.096382
0.615912 0.922256 1.099411
0.615928 0.920676 1.102425
0.615929 0.920674 1.102424
0.612923 0.920617 1.102423
0.609918 0.920529 1.102421
0.606914 0.920412 1.102420
0.603912 0.920265 1.102419
0.600911 0.920087 1.102417
0.597912 0.919880 1.102416
0.594915 0.919642 1.102415
0.591921 0.919375 1.102414
0.588930 0.919078 1.102412
0.585941 0.918751 1.102411
0.582767 0.919962 1.099395
0.579570 0.921109 1.096364
0.576350 0.922191 1.093317
0.573007 0.923956 1.086400
0.569648 0.925540 1.079447
0.566277 0.926941 1.072461
0.562900 0.928160 1.065445
0.559521 0.929197 1.058401
0.556146 0.930051 1.051333
0.552779 0.930721 1.044243
0.549425 0.931210 1.037135
0.546089 0.931516 1.030012
0.542776 0.931641 1.022878
0.539489 0.931586 1.015734
0.536235 0.931351 1.008584
0.533017 0.930938 1.001432
0.529841 0.930347 0.994280
0.526710 0.929580 0.987132
0.523631 0.928639 0.979990
0.520606 0.927524 0.972858
0.517640 0.926239 0.965738
0.514739 0.924784 0.958634
0.511906 0.923162 0.951548
0.508879 0.922064 0.951548
0.505865 0.920935 0.951546
0.502862 0.919776 0.951545
0.499010 0.920672 0.951967
0.496311 0.918743 0.948117
0.493657 0.916750 0.944272
0.493996 0.915976 0.940436
0.493096 0.918038 0.940881
0.493096 0.918035 0.940880
0.490123 0.916752 0.940880
0.487163 0.915435 0.940879
0.483255 0.916122 0.941347
0.479322 0.916754 0.941836
0.475365 0.917333 0.942348
0.471384 0.917858 0.942883
0.467381 0.918328 0.943440
0.463356 0.918742 0.944019
0.459310 0.919100 0.944620
0.455244 0.919401 0.945243
0.451160 0.919644 0.945888
0.447057 0.919830 0.946555
0.442937 0.919958 0.947244
0.438800 0.920027 0.947954
0.434649 0.920036 0.948686
0.430483 0.919986 0.949440
0.426303 0.919875 0.950215
0.422112 0.919705 0.951012
0.417908 0.919474 0.951831
0.413694 0.919182 0.952671
0.409470 0.918828 0.953532
0.405238 0.918412 0.954415
0.400998 0.917935 0.955318
0.396752 0.917394 0.956243
0.392500 0.916790 0.957188
0.388244 0.916124 0.958154
0.383985 0.915394 0.959141
0.379723 0.914600 0.960148
0.375461 0.913742 0.961176
0.371198 0.912821 0.962224
0.366936 0.911835 0.963292
0.362676 0.910784 0.964381
0.358419 0.909669 0.965489
0.354166 0.908491 0.966619
0.349918 0.907248 0.967768
0.345676 0.905940 0.968937
0.342664 0.903352 0.964972
0.339704 0.900705 0.961004
0.336797 0.897998 0.957035
0.333945 0.895234 0.953065
0.331207 0.892358 0.953064
0.327007 0.890802 0.954174
0.322818 0.889181 0.955303
0.318641 0.887495 0.956453
0.314476 0.885744 0.957622
0.310324 0.883930 0.958811
0.306074 0.882148 0.955930
0.301850 0.880288 0.953029
0.297655 0.878352 0.950107
0.293489 0.876339 0.947166
0.289355 0.874251 0.944204
0.285254 0.872087 0.941222
0.281187 0.869849 0.938222
0.277156 0.867537 0.935202
0.273162 0.865151 0.932163
0.270833 0.861594 0.927916
0.268575 0.857992 0.923671
0.266390 0.854344 0.919428
0.264278 0.850654 0.915187
0.262240 0.846922 0.910949
0.262510 0.846706 0.906712
0.262832 0.846496 0.902481
0.263189 0.846263 0.898253
0.261368 0.842482 0.894033
0.259595 0.838615 0.889815
0.260026 0.838253 0.885600
0.260529 0.837936 0.881393
0.260526 0.837930 0.881392
0.260523 0.837925 0.881392
0.257719 0.839583 0.881627
0.254916 0.841247 0.881829
0.252112 0.842911 0.881998
0.249305 0.844576 0.882135
0.249844 0.844248 0.877805
0.249839 0.844240 0.877804
0.249834 0.844231 0.877804
0.249829 0.844222 0.877804
0.249823 0.844213 0.877803
0.249818 0.844203 0.877803
0.249813 0.844194 0.877803
0.249808 0.844185 0.877802
0.249802 0.844175 0.877802
0.249797 0.844166 0.877802
0.249792 0.844157 0.877802
0.249786 0.844148 0.877801
0.249781 0.844138 0.877801
0.249776 0.844129 0.877801
0.249969 0.844390 0.877782
0.250115 0.844710 0.877826
0.250282 0.844984 0.877845
0.250420 0.845262 0.877878
0.250435 0.845298 0.877878
0.250445 0.845327 0.877878
0.250435 0.845328 0.877880
0.250425 0.845328 0.877883
0.250415 0.845327 0.877886
0.249873 0.845643 0.882215
0.249368 0.845937 0.886551
0.248900 0.846208 0.890893
0.250627 0.849948 0.895232
