0.546972 0.984028 1.109180
0.542683 0.986299 1.110239
0.538339 0.988530 1.111267
0.533940 0.990721 1.112264
0.529488 0.992869 1.113230
0.524981 0.994975 1.114164
0.520421 0.997036 1.115067
0.515808 0.999052 1.115939
0.511143 1.001021 1.116779
0.506232 1.003576 1.113716
0.501268 1.006040 1.110615
0.496253 1.008413 1.107476
0.491189 1.010693 1.104299
0.486245 1.012403 1.104980
0.481252 1.014060 1.105629
0.476211 1.015661 1.106246
0.471122 1.017207 1.106831
0.465985 1.018695 1.107383
0.460802 1.020125 1.107904
0.455573 1.021495 1.108392
0.450299 1.022804 1.108847
0.444776 1.024516 1.105377
0.439215 1.026124 1.101868
0.433619 1.027629 1.098321
0.427989 1.029029 1.094739
0.422329 1.030324 1.091120
0.416639 1.031514 1.087465
0.410923 1.032599 1.083775
0.405181 1.033576 1.080049
0.399417 1.034446 1.076289
0.393632 1.035209 1.072494
0.388456 1.034747 1.073420
0.383261 1.034209 1.074368
0.377399 1.034722 1.070540
0.371531 1.035128 1.066678
0.366753 1.033652 1.061831
0.360870 1.033846 1.061826
0.354970 1.033972 1.061792
0.349044 1.034024 1.061725
0.343092 1.033997 1.061626
0.340366 1.036085 1.061473
0.338291 1.038615 1.061303
0.336378 1.041254 1.061103
0.337629 1.045992 1.060849
0.336636 1.049242 1.060600
0.335079 1.052111 1.060308
0.333345 1.054857 1.059980
0.331554 1.057561 1.059618
0.329759 1.060255 1.055300
0.327972 1.062899 1.050946
0.326201 1.065502 1.046559
0.324452 1.068066 1.042141
0.322726 1.070591 1.037692
0.321024 1.073079 1.033212
0.319347 1.075529 1.028702
0.317695 1.077941 1.024163
0.316069 1.080315 1.019594
0.314468 1.082652 1.014997
0.312895 1.084951 1.010372
0.311349 1.087212 1.005718
0.309830 1.089435 1.001038
0.308339 1.091620 0.996330
0.306565 1.094217 0.995478
0.304801 1.096817 0.994601
0.303049 1.099413 0.993692
0.301306 1.102005 0.992752
0.299573 1.104592 0.991780
0.297850 1.107173 0.990776
0.298352 1.111197 0.989728
0.300121 1.116020 0.988658
0.302618 1.121260 0.987559
0.305553 1.126710 0.986429
0.308769 1.132261 0.985269
0.311234 1.134210 0.979276
0.312503 1.135344 0.973262
0.312057 1.137841 0.968127
0.311284 1.140087 0.962974
0.310353 1.142179 0.957797
0.308990 1.144811 0.956440
0.307577 1.147411 0.955065
0.307585 1.147523 0.948939
0.307627 1.147565 0.942792
0.307698 1.147553 0.936646
0.310331 1.148993 0.930520
0.312942 1.153829 0.928992
0.316291 1.159040 0.927447
0.320046 1.164399 0.925871
0.324042 1.169806 0.924264
0.325389 1.173705 0.922600
0.326702 1.174131 0.916322
0.327417 1.174147 0.910030
0.327881 1.173956 0.903739
0.328108 1.174066 0.903728
0.328228 1.174124 0.903723
0.328224 1.174522 0.909976
0.328183 1.174834 0.916239
0.328147 1.175078 0.922504
0.331284 1.176926 0.928798
0.335939 1.179441 0.935077
0.342487 1.179522 0.936645
0.349268 1.179631 0.938176
0.356134 1.179695 0.939678
0.363913 1.177745 0.940309
0.371660 1.175684 0.940933
0.379357 1.173508 0.941548
0.386997 1.171216 0.942156
0.394576 1.168807 0.942756
0.402089 1.166282 0.943349
0.409535 1.163643 0.943934
0.416912 1.160891 0.944511
0.424216 1.158027 0.945079
0.431446 1.155054 0.945640
0.438600 1.151971 0.946193
0.445676 1.148782 0.946737
0.452671 1.145488 0.947274
0.459584 1.142090 0.947801
0.466413 1.138590 0.948321
0.473156 1.134991 0.948832
0.479812 1.131293 0.949334
0.486377 1.127499 0.949828
0.492852 1.123610 0.950313
0.499234 1.119630 0.950790
0.505521 1.115558 0.951258
0.511713 1.111398 0.951716
0.517807 1.107152 0.952166
0.523803 1.102822 0.952607
0.529700 1.098409 0.953039
0.535496 1.093917 0.953462
0.541190 1.089346 0.953876
0.546782 1.084700 0.954281
0.552269 1.079981 0.954676
0.557653 1.075190 0.955063
0.562931 1.070331 0.955439
0.568103 1.065404 0.955807
0.573169 1.060413 0.956165
0.578128 1.055360 0.956514
0.582978 1.050246 0.956854
0.587721 1.045075 0.957183
0.592355 1.039848 0.957504
0.596880 1.034568 0.957815
0.601295 1.029237 0.958116
0.605601 1.023855 0.958407
0.609798 1.018426 0.958689
0.613767 1.018331 0.962673
0.617751 1.016078 0.962729
0.621690 1.013787 0.962808
0.625584 1.011457 0.962910
0.629435 1.008871 0.966926
0.633308 1.008499 0.970814
0.633920 1.010481 0.974652
0.634053 1.012437 0.978548
0.634113 1.014356 0.982509
0.630632 1.016349 0.986542
0.626693 1.015980 0.990505
0.626358 1.018274 0.990626
0.626311 1.018275 0.990625
0.622668 1.018319 0.990631
0.618711 1.018326 0.990631
0.618349 1.018321 0.990625
0.618307 1.017824 0.994605
0.618324 1.014560 0.994504
0.618337 1.011297 0.994371
0.618351 1.008035 0.994205
0.618366 1.004775 0.994006
0.618382 1.001517 0.993775
0.618399 0.998262 0.993512
0.618417 0.995010 0.993216
0.618436 0.991760 0.992887
0.618455 0.988514 0.992526
0.618476 0.985272 0.992132
0.618497 0.982034 0.991707
0.618518 0.978801 0.991248
0.618539 0.975572 0.990758
0.618561 0.972348 0.990235
0.618583 0.969130 0.989680
0.618605 0.965917 0.989093
0.618627 0.962710 0.988473
0.618650 0.959510 0.987822
0.618649 0.959045 0.991215
0.618647 0.958545 0.994603
0.618646 0.958012 0.997985
0.618645 0.957445 1.001362
0.618643 0.956844 1.004734
0.618642 0.956209 1.008099
0.618641 0.955540 1.011457
0.618640 0.954837 1.014808
0.618640 0.954100 1.018152
0.618640 0.953330 1.021488
0.618640 0.952527 1.024817
0.618640 0.951690 1.028137
0.618641 0.950821 1.031448
0.618641 0.949918 1.034751
0.618642 0.948982 1.038045
0.618643 0.948013 1.041329
0.618644 0.947012 1.044603
0.618645 0.945978 1.047867
0.618646 0.944911 1.051120
0.618648 0.943812 1.054363
0.618649 0.942680 1.057594
0.618650 0.941516 1.060814
0.618652 0.940320 1.064022
0.618653 0.939092 1.067218
0.618655 0.937832 1.070402
0.618656 0.936541 1.073572
0.618658 0.935218 1.076730
0.618659 0.933863 1.079874
0.618661 0.932477 1.083005
0.618662 0.931059 1.086121
0.618664 0.929611 1.089223
0.618666 0.928131 1.092311
0.618667 0.926621 1.095383
0.618669 0.925081 1.098440
