0.409183 -0.173383 1.988250 0.453939 -0.202034 0.802153 0.331166
0.404840 -0.168882 1.988180 0.454127 -0.201479 0.802248 0.331018
0.400868 -0.164230 1.988567 0.453858 -0.201143 0.803070 0.329597
0.397490 -0.159284 1.989084 0.453559 -0.200633 0.804362 0.327158
0.393322 -0.154226 1.988845 0.453452 -0.199815 0.805168 0.325823
0.388851 -0.149323 1.988440 0.453426 -0.198897 0.805678 0.325159
0.384973 -0.144291 1.988264 0.453329 -0.198025 0.806646 0.323422
0.381720 -0.138998 1.988210 0.453300 -0.196926 0.807991 0.320763
0.377855 -0.133764 1.987618 0.453391 -0.196268 0.808614 0.319465
0.373701 -0.128753 1.986723 0.453628 -0.195822 0.808756 0.319044
0.370141 -0.123583 1.986032 0.453877 -0.195134 0.809378 0.317531
0.367134 -0.118156 1.985521 0.454170 -0.194063 0.810444 0.315039
0.363773 -0.112678 1.984590 0.454586 -0.193439 0.810810 0.313880
0.360221 -0.107052 1.983224 0.455250 -0.192559 0.810582 0.314045
0.357226 -0.101092 1.982079 0.455922 -0.191039 0.810989 0.312948
0.354661 -0.094881 1.981185 0.456560 -0.189043 0.811946 0.310740
0.351678 -0.088850 1.980172 0.457133 -0.187949 0.812432 0.309288
0.347969 -0.083167 1.979098 0.457479 -0.187591 0.812358 0.309185
0.344592 -0.077365 1.978355 0.457658 -0.186789 0.812973 0.307789
0.341575 -0.071410 1.977846 0.457812 -0.185502 0.814119 0.305299
0.338504 -0.065562 1.977230 0.457953 -0.184852 0.814906 0.303376
0.335166 -0.059778 1.976303 0.458130 -0.184569 0.814989 0.303058
0.332187 -0.053690 1.975550 0.458349 -0.183407 0.815706 0.301500
0.329493 -0.047411 1.974992 0.458601 -0.181612 0.816940 0.298849
0.326740 -0.041162 1.974421 0.458839 -0.180142 0.817964 0.296566
0.323530 -0.034810 1.973720 0.458898 -0.178832 0.818381 0.296116
0.320526 -0.028118 1.973234 0.458896 -0.176674 0.819503 0.294306
0.317713 -0.021296 1.972922 0.458915 -0.173985 0.821114 0.291374
0.314769 -0.014710 1.972659 0.458730 -0.172051 0.822731 0.288236
0.311028 -0.008767 1.972440 0.457871 -0.171895 0.823801 0.286631
0.307396 -0.002761 1.972422 0.457043 -0.171134 0.825360 0.283911
0.303973 0.003313 1.972505 0.456403 -0.169755 0.827250 0.280245
0.300609 0.009260 1.972572 0.455825 -0.168532 0.828972 0.276813
0.296798 0.014888 1.972489 0.454840 -0.168353 0.829805 0.276045
0.293127 0.020811 1.972491 0.453998 -0.167239 0.831169 0.274000
0.289631 0.026885 1.972561 0.453370 -0.165411 0.832917 0.270822
0.286167 0.032842 1.972491 0.452819 -0.163731 0.834748 0.267103
0.282373 0.038077 1.971310 0.452342 -0.163329 0.835418 0.266059
0.278846 0.043479 1.970067 0.452264 -0.161917 0.836281 0.264340
0.275465 0.049015 1.969040 0.452331 -0.159857 0.837517 0.261547
0.272123 0.054507 1.968175 0.452364 -0.157865 0.838968 0.258030
0.268450 0.059326 1.966977 0.451894 -0.157682 0.839692 0.256605
0.264848 0.064289 1.965910 0.451612 -0.156692 0.840707 0.254375
0.261324 0.069404 1.965068 0.451485 -0.155035 0.842064 0.251104
0.257854 0.074563 1.964376 0.451414 -0.153161 0.843600 0.247195
0.254523 0.079554 1.962998 0.450932 -0.152428 0.844323 0.246060
0.251364 0.085009 1.961486 0.450851 -0.150281 0.845254 0.244326
0.248190 0.090659 1.960191 0.450947 -0.147393 0.846528 0.241477
0.244961 0.096313 1.959134 0.451097 -0.144320 0.848021 0.237787
0.242066 0.101607 1.957803 0.450572 -0.143575 0.848777 0.236534
0.239240 0.107185 1.956358 0.450406 -0.141646 0.849692 0.234726
0.236290 0.112865 1.955097 0.450459 -0.138966 0.850896 0.231842
0.233189 0.118525 1.954054 0.450643 -0.135920 0.852307 0.228080
0.230863 0.124121 1.952576 0.450694 -0.134711 0.852916 0.226413
0.228753 0.130050 1.950719 0.451263 -0.132112 0.853530 0.224491
0.226406 0.136021 1.949000 0.452019 -0.128759 0.854385 0.221644
0.223754 0.141912 1.947530 0.452822 -0.125077 0.855465 0.217916
0.221672 0.147891 1.945962 0.453683 -0.122798 0.856054 0.215092
0.219723 0.154128 1.944093 0.454892 -0.119525 0.856660 0.211947
0.217450 0.160306 1.942337 0.456187 -0.115653 0.857435 0.208143
0.214803 0.166329 1.940807 0.457445 -0.111549 0.858381 0.203678
0.212608 0.172924 1.939433 0.458610 -0.108845 0.859259 0.198756
0.210436 0.180176 1.937801 0.459928 -0.104918 0.860283 0.193318
0.207826 0.187339 1.936204 0.461261 -0.100267 0.861394 0.187577
0.204777 0.194211 1.934777 0.462521 -0.095415 0.862563 0.181534
0.202098 0.201590 1.933669 0.463838 -0.092118 0.863533 0.175155
0.199395 0.209618 1.932400 0.465244 -0.087924 0.864608 0.168142
0.196202 0.217413 1.931090 0.466607 -0.083010 0.865702 0.161081
0.192553 0.224780 1.929881 0.467868 -0.077900 0.866790 0.153966
0.188959 0.232874 1.928999 0.469186 -0.073303 0.867756 0.146600
0.185073 0.242130 1.927942 0.470364 -0.067320 0.868982 0.138187
0.180617 0.251125 1.926762 0.471374 -0.060610 0.870221 0.129805
0.175717 0.259505 1.925628 0.472234 -0.053902 0.871386 0.121553
0.170863 0.268283 1.924780 0.473614 -0.047640 0.872271 0.112084
0.165833 0.277864 1.923878 0.475140 -0.040510 0.873136 0.101161
0.160329 0.286869 1.922861 0.476378 -0.033114 0.873912 0.090809
0.154474 0.295090 1.921881 0.477360 -0.025948 0.874579 0.081031
0.148794 0.303537 1.921397 0.478126 -0.019627 0.875192 0.071064
0.143382 0.312897 1.920988 0.478457 -0.013016 0.875958 0.060057
0.138337 0.321350 1.920296 0.478514 -0.006306 0.876593 0.050671
0.133884 0.328560 1.919516 0.478486 -0.000270 0.877044 0.042956
0.130318 0.335281 1.919066 0.478728 0.004712 0.877206 0.036153
0.127689 0.342204 1.918762 0.479174 0.009182 0.877191 0.029045
0.125601 0.348140 1.918186 0.479616 0.013337 0.877063 0.023482
0.123943 0.353079 1.917526 0.480056 0.016925 0.876865 0.019186
0.122857 0.357810 1.917216 0.480785 0.020022 0.876471 0.015591
0.122495 0.363116 1.917304 0.481817 0.022795 0.875908 0.010849
0.122419 0.367633 1.917125 0.482782 0.025356 0.875344 0.007216
0.122494 0.371374 1.916822 0.483669 0.027560 0.874805 0.004511
0.122914 0.375100 1.916830 0.484717 0.028935 0.874189 0.002356
0.124009 0.379958 1.917266 0.486014 0.029523 0.873451 -0.001206
0.125191 0.384233 1.917264 0.487204 0.030512 0.872746 -0.003856
0.126314 0.387832 1.917050 0.488280 0.031559 0.872098 -0.005731
0.127600 0.391335 1.917110 0.489390 0.032567 0.871427 -0.007233
0.130002 0.395804 1.918121 0.490774 0.033168 0.870596 -0.010192
0.132689 0.399386 1.918836 0.492183 0.033496 0.869761 -0.012207
0.135295 0.402175 1.919305 0.493534 0.033624 0.868973 -0.013397
0.137923 0.404702 1.919850 0.494962 0.033498 0.868160 -0.013748
0.141897 0.408252 1.920871 0.496992 0.032237 0.867039 -0.014293
0.145915 0.411782 1.921456 0.498824 0.031630 0.866012 -0.014065
0.149347 0.415021 1.921724 0.500332 0.031638 0.865145 -0.013770
0.152381 0.417977 1.921998 0.501700 0.031961 0.864347 -0.013371
0.156913 0.421073 1.923406 0.503512 0.031096 0.863316 -0.013921
0.161956 0.423502 1.924797 0.505357 0.029667 0.862295 -0.013513
0.166439 0.425808 1.926059 0.506889 0.028598 0.861440 -0.012912
0.170210 0.427930 1.927186 0.508179 0.028060 0.860704 -0.012456
0.174962 0.430129 1.929212 0.509842 0.026654 0.859752 -0.013334
0.180290 0.431763 1.931178 0.511371 0.024828 0.858900 -0.013234
0.185152 0.433357 1.932925 0.512672 0.023347 0.858173 -0.012710
0.189201 0.434918 1.934412 0.513711 0.022466 0.857580 -0.012372
0.194046 0.436737 1.936314 0.515269 0.021030 0.856667 -0.013330
0.199285 0.438208 1.937996 0.516747 0.019463 0.855812 -0.013349
0.203930 0.439821 1.939469 0.517954 0.018391 0.855112 -0.013011
0.207538 0.441903 1.940804 0.518722 0.018235 0.854650 -0.012946
0.211761 0.444045 1.942445 0.519769 0.018029 0.854009 -0.013567
0.216899 0.445621 1.943900 0.520672 0.017411 0.853480 -0.013053
0.222022 0.447005 1.945108 0.521523 0.016819 0.852990 -0.011792
0.226359 0.448660 1.946162 0.522128 0.016741 0.852636 -0.010655
0.231012 0.450301 1.947634 0.523250 0.016286 0.851953 -0.010976
0.236338 0.451308 1.949256 0.524128 0.015298 0.851436 -0.010637
0.241630 0.452076 1.950765 0.524875 0.014295 0.851005 -0.009622
0.246155 0.453130 1.952148 0.525405 0.013763 0.850697 -0.008656
0.251047 0.454166 1.953687 0.527268 0.011776 0.849558 -0.010092
0.256718 0.454586 1.955199 0.529098 0.009247 0.848442 -0.010761
0.262215 0.454876 1.956547 0.530692 0.007049 0.847469 -0.010560
0.266831 0.455580 1.957782 0.531893 0.005647 0.846730 -0.010318
0.271378 0.456595 1.959124 0.533191 0.004763 0.845909 -0.011048
0.276685 0.457148 1.960370 0.534279 0.003747 0.845228 -0.011025
0.282008 0.457515 1.961419 0.535222 0.002845 0.844646 -0.010161
0.286597 0.458198 1.962348 0.535944 0.002431 0.844199 -0.009263
0.291052 0.459206 1.963328 0.536772 0.002293 0.843670 -0.009558
0.296247 0.459711 1.964348 0.537444 0.001926 0.843246 -0.009328
0.301533 0.459915 1.965278 0.537992 0.001497 0.842908 -0.008303
0.306171 0.460323 1.966130 0.538415 0.001351 0.842648 -0.007221
0.310716 0.460920 1.966994 0.539434 0.000249 0.841987 -0.008276
0.316053 0.461006 1.967885 0.540568 -0.001468 0.841249 -0.009178
0.321418 0.460817 1.968692 0.541522 -0.002990 0.840633 -0.009048
0.326082 0.460826 1.969429 0.542257 -0.004014 0.840158 -0.008714
0.330388 0.461131 1.970195 0.542854 -0.004827 0.839765 -0.009012
0.335270 0.461374 1.970743 0.543257 -0.005357 0.839502 -0.008910
0.340012 0.461626 1.971025 0.543668 -0.005603 0.839243 -0.008057
0.343971 0.462255 1.971187 0.543926 -0.005292 0.839085 -0.007271
0.347610 0.463214 1.971312 0.544376 -0.005100 0.838789 -0.007893
0.351968 0.464018 1.971150 0.545113 -0.005158 0.838303 -0.008617
0.356130 0.464699 1.970749 0.545838 -0.005012 0.837833 -0.008544
0.359751 0.465235 1.970242 0.546461 -0.004747 0.837431 -0.008225
0.363238 0.466002 1.969890 0.547339 -0.004837 0.836848 -0.009082
0.367314 0.466705 1.969564 0.548424 -0.005184 0.836116 -0.010664
0.371313 0.466860 1.969100 0.549459 -0.005653 0.835425 -0.011244
0.374962 0.466701 1.968639 0.550390 -0.006192 0.834809 -0.011302
0.378401 0.466803 1.968311 0.551322 -0.006762 0.834187 -0.011438
0.382148 0.467358 1.967521 0.552251 -0.006779 0.833569 -0.011682
0.385801 0.467726 1.966271 0.553221 -0.006620 0.832934 -0.011114
0.389103 0.467999 1.964906 0.554127 -0.006366 0.832344 -0.010238
0.392097 0.468304 1.963707 0.555175 -0.006564 0.831647 -0.010073
0.395304 0.468433 1.962594 0.556584 -0.007702 0.830680 -0.011150
0.398442 0.468251 1.961412 0.557869 -0.008726 0.829804 -0.011404
0.401303 0.467928 1.960308 0.558975 -0.009599 0.829053 -0.011235
0.403778 0.467534 1.959447 0.559832 -0.010506 0.828465 -0.011096
0.405996 0.466810 1.959040 0.560434 -0.012097 0.828038 -0.011012
0.408042 0.465637 1.959137 0.560846 -0.013909 0.827739 -0.010336
0.409812 0.464570 1.959280 0.561105 -0.015363 0.827542 -0.009953
0.411375 0.463545 1.959474 0.561301 -0.016727 0.827385 -0.009738
0.413047 0.462604 1.959408 0.561281 -0.017581 0.827376 -0.010125
0.414712 0.461890 1.958947 0.561163 -0.017766 0.827452 -0.010178
0.415579 0.462001 1.958433 0.560843 -0.016865 0.827679 -0.010851
0.416126 0.462094 1.958004 0.560683 -0.016539 0.827786 -0.011495
0.416287 0.461865 1.957493 0.560610 -0.016681 0.827829 -0.011706
0.416483 0.461629 1.957022 0.560512 -0.016716 0.827902 -0.011173
0.416702 0.461436 1.956549 0.560429 -0.016754 0.827965 -0.010597
0.416811 0.461138 1.956181 0.560320 -0.016822 0.828043 -0.010198
0.416281 0.460171 1.955753 0.560065 -0.016823 0.828217 -0.010081
0.415838 0.459353 1.955316 0.559811 -0.016929 0.828393 -0.009481
0.415561 0.458457 1.955071 0.559607 -0.017239 0.828535 -0.008496
0.415305 0.457591 1.954859 0.559392 -0.017598 0.828680 -0.007747
0.413708 0.455904 1.954527 0.558935 -0.017877 0.828998 -0.005797
0.411990 0.454436 1.954252 0.558513 -0.018655 0.829277 -0.003969
0.410463 0.453179 1.954092 0.558125 -0.019421 0.829526 -0.002237
0.409226 0.451982 1.954013 0.557854 -0.020214 0.829693 -0.000461
0.406841 0.450281 1.954010 0.557732 -0.020643 0.829762 0.001835
0.404330 0.448878 1.953819 0.557447 -0.020777 0.829940 0.004641
0.402079 0.447407 1.953592 0.557148 -0.021193 0.830112 0.007181
0.400034 0.445940 1.953318 0.556629 -0.021744 0.830428 0.008931
0.397007 0.444272 1.953445 0.556253 -0.021841 0.830627 0.012830
0.393768 0.442948 1.953478 0.555967 -0.021762 0.830744 0.017083
0.390807 0.441597 1.953429 0.555728 -0.022078 0.830813 0.020685
0.388133 0.440216 1.953313 0.555294 -0.022671 0.831022 0.023183
0.384535 0.438626 1.953417 0.554889 -0.023361 0.831190 0.025989
0.380657 0.437408 1.953355 0.554563 -0.023604 0.831275 0.029729
0.377177 0.436071 1.953221 0.554325 -0.024286 0.831298 0.032820
0.373965 0.434736 1.953050 0.553836 -0.025216 0.831522 0.034651
0.370032 0.433218 1.953080 0.553670 -0.025520 0.831486 0.037818
0.365981 0.431756 1.952991 0.553723 -0.025915 0.831259 0.041574
0.362190 0.430370 1.952836 0.553579 -0.026532 0.831195 0.044289
0.358771 0.428880 1.952670 0.553293 -0.027479 0.831252 0.046169
0.354635 0.427210 1.952814 0.552727 -0.027550 0.831437 0.049472
0.350034 0.425661 1.953055 0.552293 -0.027710 0.831493 0.053135
0.345811 0.424044 1.953236 0.552002 -0.028463 0.831484 0.055846
0.342037 0.422295 1.953382 0.551651 -0.029538 0.831542 0.057854
0.337875 0.420300 1.953566 0.551088 -0.030096 0.831727 0.060236
0.333220 0.418734 1.953487 0.550520 -0.030073 0.831892 0.063076
0.329138 0.416912 1.953318 0.550208 -0.030917 0.831900 0.065253
0.325615 0.414840 1.953163 0.549957 -0.032171 0.831877 0.067026
0.321791 0.412530 1.953142 0.549392 -0.032829 0.832058 0.069058
0.317610 0.410375 1.953012 0.549099 -0.032454 0.831886 0.073501
0.313850 0.408149 1.952819 0.548862 -0.032782 0.831721 0.076922
0.310496 0.405768 1.952675 0.548529 -0.033675 0.831666 0.079458
0.307015 0.403122 1.952620 0.547971 -0.033742 0.831742 0.082422
0.303434 0.400477 1.952211 0.547633 -0.033174 0.831556 0.086673
0.300213 0.397929 1.951680 0.547164 -0.033121 0.831505 0.090078
0.297337 0.395260 1.951228 0.546610 -0.033696 0.831551 0.092762
0.294355 0.392287 1.950965 0.545798 -0.033604 0.831750 0.095753
0.290979 0.389292 1.950553 0.545250 -0.032986 0.831715 0.099317
0.287888 0.386363 1.950097 0.544760 -0.033099 0.831696 0.102095
0.285111 0.383314 1.949745 0.544222 -0.033890 0.831745 0.104282
0.282394 0.379947 1.949583 0.543578 -0.034152 0.831856 0.106644
0.279338 0.376485 1.949438 0.543204 -0.033092 0.831689 0.110130
0.276811 0.372895 1.949642 0.543284 -0.032974 0.831320 0.112524
0.274661 0.368487 1.951107 0.543226 -0.034185 0.831174 0.113521
0.272599 0.363022 1.953379 0.543198 -0.036333 0.831055 0.113856
0.270258 0.356729 1.956103 0.543325 -0.037879 0.830659 0.115624
0.267887 0.350580 1.958629 0.542970 -0.040229 0.830628 0.116719
0.265746 0.344470 1.960874 0.542411 -0.043240 0.830713 0.117632
0.263937 0.338142 1.962802 0.541997 -0.046086 0.830657 0.118849
0.262196 0.331730 1.964241 0.541658 -0.047529 0.830643 0.119920
0.260578 0.325497 1.965535 0.541321 -0.049782 0.830629 0.120615
0.258939 0.319558 1.966694 0.541068 -0.052695 0.830604 0.120689
0.257454 0.313277 1.967897 0.540426 -0.055578 0.830736 0.121364
0.255980 0.306488 1.969115 0.539597 -0.056730 0.830969 0.122912
0.254171 0.300511 1.970102 0.538694 -0.057919 0.831279 0.124216
0.252228 0.295158 1.970931 0.537936 -0.059458 0.831540 0.125023
0.250212 0.289905 1.971812 0.537177 -0.061393 0.831867 0.125171
0.247790 0.283864 1.973067 0.536371 -0.062379 0.832498 0.123944
0.245526 0.277899 1.974117 0.535859 -0.063148 0.832739 0.124150
0.243505 0.272090 1.974957 0.535357 -0.064372 0.832814 0.125178
0.241570 0.266307 1.975750 0.534609 -0.066456 0.833062 0.125633
0.239363 0.259720 1.976845 0.534205 -0.068327 0.833368 0.124313
0.237283 0.252772 1.977774 0.533600 -0.070365 0.833719 0.123424
0.235324 0.245702 1.978572 0.532695 -0.072529 0.834089 0.123576
0.233551 0.238665 1.979219 0.531336 -0.075275 0.834545 0.124706
0.231661 0.230914 1.980006 0.530680 -0.078335 0.834763 0.124153
0.229890 0.222798 1.980557 0.529993 -0.081367 0.834864 0.124456
0.228287 0.214467 1.980895 0.529330 -0.084439 0.834830 0.125454
0.226920 0.206027 1.980980 0.528385 -0.087781 0.834713 0.127903
0.225596 0.196878 1.981384 0.527626 -0.091803 0.834479 0.129720
0.224471 0.187177 1.981523 0.527009 -0.096180 0.834006 0.132080
0.223563 0.177316 1.981277 0.526442 -0.100806 0.833419 0.134570
0.222880 0.167630 1.980665 0.526027 -0.105428 0.832618 0.137580
0.222035 0.158860 1.980048 0.526036 -0.109836 0.832168 0.136818
0.221210 0.151985 1.979467 0.526353 -0.112189 0.831978 0.134831
0.220697 0.146912 1.978850 0.526935 -0.112597 0.831909 0.132622
0.220355 0.143308 1.978273 0.527627 -0.111451 0.831780 0.131647
0.219853 0.139547 1.977926 0.528478 -0.110555 0.831768 0.129040
0.219280 0.135574 1.977548 0.529585 -0.109458 0.831767 0.125390
0.218780 0.132279 1.977133 0.530777 -0.107360 0.831607 0.123200
0.218330 0.129685 1.976754 0.532008 -0.104550 0.831238 0.122798
0.217817 0.126453 1.976584 0.533254 -0.102590 0.831153 0.119586
0.217112 0.122964 1.976520 0.534582 -0.100240 0.831041 0.116381
0.216434 0.120072 1.976405 0.536005 -0.097078 0.830631 0.115442
0.215845 0.117814 1.976300 0.537495 -0.093591 0.829974 0.116111
0.215342 0.115119 1.976257 0.539045 -0.090785 0.829583 0.113933
0.214788 0.112174 1.976156 0.540571 -0.087725 0.829274 0.111322
0.214307 0.109864 1.975947 0.541956 -0.084273 0.828767 0.111025
0.213902 0.107957 1.975703 0.543188 -0.081143 0.828220 0.111415
0.213422 0.105552 1.975501 0.544393 -0.078887 0.827964 0.109035
0.212735 0.102776 1.975298 0.545683 -0.076397 0.827827 0.105344
0.212092 0.100535 1.974998 0.546947 -0.073573 0.827456 0.103693
0.211496 0.098620 1.974701 0.548194 -0.070992 0.826951 0.102934
0.210880 0.096687 1.974301 0.549407 -0.069005 0.826565 0.100898
0.210081 0.094681 1.973800 0.550580 -0.067202 0.826321 0.097668
0.209300 0.092901 1.973291 0.551697 -0.065602 0.825988 0.095244
0.208572 0.091255 1.972802 0.552748 -0.064454 0.825617 0.093133
0.207801 0.089629 1.972239 0.553768 -0.063728 0.825323 0.090125
0.206834 0.088065 1.971582 0.554790 -0.062741 0.825122 0.086285
0.205914 0.086762 1.970996 0.555784 -0.061542 0.824820 0.083608
0.205081 0.085689 1.970503 0.556721 -0.060296 0.824453 0.081871
0.204282 0.084815 1.969890 0.557635 -0.059225 0.824074 0.080240
0.203083 0.084379 1.969123 0.558282 -0.058252 0.824008 0.077071
0.201750 0.083977 1.968558 0.558849 -0.057444 0.823927 0.074376
0.200714 0.083441 1.968004 0.559483 -0.056891 0.823654 0.073054
0.199879 0.082885 1.967320 0.560111 -0.056631 0.823330 0.072090
