0.294087 -0.052067 1.996004 0.447883 -0.165926 0.822971 0.307552
0.290661 -0.044710 1.995887 0.446951 -0.165558 0.824439 0.305166
0.287176 -0.036820 1.995493 0.446037 -0.164353 0.825930 0.303115
0.283936 -0.028711 1.995250 0.445127 -0.161893 0.828050 0.299977
0.280863 -0.020725 1.995142 0.444281 -0.158815 0.830530 0.295993
0.277827 -0.013317 1.994764 0.443419 -0.158096 0.832201 0.292963
0.274898 -0.005924 1.993903 0.442916 -0.157624 0.833278 0.290908
0.272072 0.001580 1.993171 0.442472 -0.155865 0.834897 0.287874
0.269268 0.008967 1.992648 0.442026 -0.153398 0.836914 0.284001
0.266452 0.016075 1.992020 0.441343 -0.152135 0.838646 0.280613
0.263717 0.023621 1.990840 0.440747 -0.150809 0.839955 0.278343
0.261004 0.031499 1.989772 0.440225 -0.148131 0.841896 0.274716
0.258204 0.039295 1.988958 0.439722 -0.144739 0.844177 0.270295
0.255521 0.046617 1.988110 0.439083 -0.142621 0.846284 0.265837
0.253312 0.053571 1.986569 0.438575 -0.141746 0.847539 0.263130
0.251074 0.060616 1.985103 0.438341 -0.139526 0.849046 0.259826
0.248657 0.067563 1.983910 0.438179 -0.136638 0.850837 0.255745
0.246186 0.074264 1.982881 0.437876 -0.134122 0.852683 0.251412
0.244147 0.081028 1.981398 0.437385 -0.132143 0.853923 0.249092
0.242023 0.088075 1.979920 0.437222 -0.128831 0.855402 0.246021
0.239650 0.095078 1.978669 0.437174 -0.124967 0.857126 0.242072
0.237130 0.101869 1.977678 0.437044 -0.121301 0.858921 0.237767
0.235184 0.108672 1.976932 0.436071 -0.119195 0.860285 0.235678
0.233047 0.115680 1.976168 0.435393 -0.116055 0.861889 0.232618
0.230593 0.122611 1.975486 0.434959 -0.112371 0.863659 0.228637
0.227888 0.129355 1.974924 0.434701 -0.108481 0.865482 0.224071
0.226381 0.136482 1.974384 0.434807 -0.104920 0.866701 0.220826
0.224917 0.143703 1.973554 0.435424 -0.100533 0.867914 0.216850
0.223061 0.150712 1.972695 0.436196 -0.095867 0.869185 0.212271
0.220778 0.157458 1.971918 0.436988 -0.091164 0.870531 0.207138
0.218838 0.164452 1.971487 0.436824 -0.088076 0.871897 0.203035
0.216789 0.171790 1.970824 0.436837 -0.084298 0.873364 0.198247
0.214318 0.179004 1.970065 0.437104 -0.079963 0.874828 0.192927
0.211423 0.185941 1.969336 0.437485 -0.075446 0.876289 0.187169
0.209016 0.193400 1.968860 0.437999 -0.070873 0.877398 0.182500
0.206742 0.201352 1.968133 0.438838 -0.065578 0.878506 0.177056
0.204026 0.209040 1.967258 0.439773 -0.059981 0.879591 0.171237
0.200845 0.216323 1.966403 0.440670 -0.054435 0.880675 0.165100
0.197907 0.224156 1.965925 0.441485 -0.049324 0.881663 0.159148
0.195089 0.232951 1.965303 0.442428 -0.043570 0.882758 0.151980
0.191759 0.241472 1.964433 0.443398 -0.037351 0.883783 0.144678
0.187925 0.249470 1.963531 0.444283 -0.031171 0.884750 0.137325
0.183880 0.257598 1.962937 0.444973 -0.025629 0.885770 0.129437
0.179631 0.266712 1.962332 0.445504 -0.019810 0.886989 0.119935
0.174875 0.275540 1.961461 0.445999 -0.013395 0.888067 0.110652
0.169693 0.283755 1.960542 0.446410 -0.006981 0.889005 0.101686
0.164357 0.291838 1.959912 0.446830 -0.001024 0.889789 0.092824
0.158951 0.300896 1.959541 0.447329 0.004876 0.890570 0.082207
0.153143 0.309522 1.958928 0.447681 0.011269 0.891219 0.071991
0.147400 0.317276 1.958322 0.447713 0.017510 0.891798 0.062778
0.142277 0.324374 1.957937 0.447653 0.023281 0.892222 0.054801
0.138067 0.332298 1.957989 0.447734 0.029041 0.892520 0.045817
0.134436 0.339353 1.957704 0.447820 0.034541 0.892641 0.038156
0.131359 0.345317 1.957254 0.447929 0.039396 0.892628 0.031982
0.128834 0.350439 1.956899 0.448027 0.043549 0.892548 0.027065
0.127027 0.356073 1.957374 0.447917 0.046709 0.892606 0.021062
0.125707 0.361004 1.957575 0.447920 0.049557 0.892556 0.015987
0.124732 0.365116 1.957569 0.448027 0.052065 0.892421 0.012078
0.124026 0.368558 1.957513 0.448164 0.054217 0.892258 0.009189
0.124025 0.372689 1.958197 0.447934 0.055086 0.892347 0.006070
0.124498 0.376495 1.958395 0.447930 0.056045 0.892303 0.003509
0.125147 0.379711 1.958273 0.448095 0.057103 0.892158 0.001820
0.125827 0.382390 1.958025 0.448331 0.058106 0.891977 0.000674
0.127158 0.386174 1.958711 0.448614 0.059237 0.891761 -0.000625
0.128953 0.389679 1.959191 0.449133 0.060123 0.891437 -0.002230
0.130822 0.392508 1.959374 0.449775 0.060893 0.891058 -0.003092
0.132578 0.394796 1.959412 0.450427 0.061549 0.890682 -0.003536
0.134727 0.398168 1.960492 0.450852 0.061497 0.890467 -0.004423
0.137196 0.401661 1.961604 0.451373 0.061011 0.890224 -0.006517
0.139614 0.404522 1.962281 0.452007 0.060751 0.889909 -0.007802
0.141816 0.406864 1.962707 0.452646 0.060640 0.889585 -0.008582
0.144390 0.409837 1.963875 0.453028 0.059996 0.889428 -0.009237
0.147621 0.413292 1.965247 0.453390 0.059012 0.889295 -0.010467
0.150757 0.416209 1.966099 0.453892 0.058447 0.889069 -0.011037
0.153587 0.418610 1.966633 0.454424 0.058136 0.888816 -0.011197
0.156702 0.421217 1.967696 0.455161 0.057494 0.888481 -0.011135
0.160916 0.423951 1.969384 0.456264 0.055765 0.888018 -0.011710
0.165032 0.426281 1.970803 0.457325 0.054328 0.887562 -0.011663
0.168672 0.428149 1.971894 0.458299 0.053225 0.887129 -0.011436
0.172220 0.430035 1.973210 0.459226 0.052213 0.886719 -0.010637
0.176819 0.432189 1.974973 0.460400 0.050259 0.886229 -0.010241
0.181338 0.434216 1.976353 0.461506 0.048806 0.885745 -0.009243
0.185225 0.436058 1.977371 0.462434 0.047943 0.885318 -0.008336
0.188825 0.437867 1.978371 0.463547 0.047139 0.884786 -0.007427
0.193712 0.439806 1.979859 0.465701 0.044452 0.883789 -0.008065
0.198668 0.441479 1.981080 0.467740 0.042012 0.882830 -0.008083
0.202984 0.443010 1.982011 0.469444 0.040301 0.882006 -0.007937
0.206776 0.444389 1.982895 0.470982 0.038636 0.881263 -0.007683
0.211533 0.445590 1.984820 0.473120 0.033677 0.880309 -0.008896
0.216323 0.446459 1.986672 0.475111 0.028998 0.879394 -0.009747
0.220415 0.447452 1.988304 0.476659 0.025522 0.878657 -0.010316
0.223780 0.448438 1.989680 0.477912 0.022770 0.878043 -0.011003
0.228145 0.449490 1.991514 0.479906 0.016817 0.877052 -0.013664
0.232851 0.450281 1.992851 0.481831 0.011758 0.876056 -0.015035
0.237213 0.450779 1.993759 0.483535 0.007726 0.875151 -0.015609
0.241047 0.451109 1.994405 0.484977 0.004534 0.874373 -0.015771
0.245669 0.451843 1.995628 0.487446 -0.001323 0.872949 -0.018821
0.250697 0.451907 1.996521 0.489874 -0.006792 0.871516 -0.020882
0.255533 0.451487 1.997156 0.492058 -0.011564 0.870212 -0.021789
0.259889 0.450860 1.997655 0.493921 -0.015604 0.869086 -0.022105
0.264709 0.450852 1.998510 0.496293 -0.020707 0.867561 -0.024538
0.270070 0.450529 1.998914 0.498701 -0.025461 0.866000 -0.026347
0.275261 0.449827 1.998992 0.500899 -0.029593 0.864581 -0.026907
0.279944 0.448989 1.998955 0.502791 -0.033092 0.863356 -0.026875
0.284642 0.449022 1.999230 0.504729 -0.035235 0.862128 -0.027245
0.289665 0.449160 1.999239 0.506536 -0.036523 0.861003 -0.027594
0.294461 0.448929 1.998986 0.508214 -0.037780 0.859974 -0.027131
0.298757 0.448533 1.998671 0.509679 -0.038929 0.859079 -0.026365
0.303042 0.448950 1.998572 0.511259 -0.039181 0.858134 -0.026186
0.307930 0.449924 1.997956 0.512857 -0.038330 0.857214 -0.026312
0.312735 0.450529 1.996877 0.514446 -0.037636 0.856317 -0.025480
0.317100 0.450904 1.995704 0.515896 -0.037093 0.855502 -0.024317
0.321360 0.451717 1.994745 0.517626 -0.035837 0.854544 -0.023094
0.326378 0.453046 1.993580 0.519583 -0.033522 0.853475 -0.022115
0.331359 0.453833 1.992091 0.521457 -0.031726 0.852443 -0.020425
0.335926 0.454259 1.990608 0.523155 -0.030398 0.851493 -0.018561
0.340168 0.454833 1.989443 0.524867 -0.028895 0.850524 -0.016981
0.344908 0.455906 1.988618 0.526547 -0.026466 0.849574 -0.016485
0.349527 0.456445 1.987686 0.528056 -0.024598 0.848713 -0.015439
0.353726 0.456605 1.986801 0.529399 -0.023282 0.847935 -0.014194
0.357546 0.456759 1.986123 0.530774 -0.022166 0.847122 -0.013109
0.362094 0.457208 1.985577 0.532585 -0.020773 0.846018 -0.013267
0.366895 0.456894 1.984740 0.534333 -0.020045 0.844945 -0.012395
0.371475 0.456146 1.983883 0.535952 -0.019839 0.843943 -0.011027
0.375628 0.455310 1.983156 0.537457 -0.019777 0.843006 -0.009464
0.379688 0.455416 1.982444 0.539344 -0.018697 0.841834 -0.008600
0.383377 0.455684 1.981286 0.540987 -0.017385 0.840816 -0.007618
0.386571 0.456040 1.979986 0.542407 -0.016066 0.839936 -0.006581
0.389247 0.456471 1.978717 0.543600 -0.014758 0.839195 -0.005640
0.391997 0.456982 1.977476 0.545304 -0.012765 0.838127 -0.004887
0.394921 0.457266 1.975859 0.546949 -0.011163 0.837083 -0.003809
0.397715 0.457397 1.974173 0.548440 -0.009863 0.836128 -0.002456
0.400222 0.457455 1.972596 0.549727 -0.008788 0.835298 -0.001107
0.402554 0.457460 1.971389 0.551071 -0.008157 0.834418 -0.000733
0.404863 0.457335 1.970151 0.552301 -0.007762 0.833608 -0.000390
0.407000 0.457140 1.968952 0.553362 -0.007444 0.832908 0.000219
0.408885 0.456935 1.967873 0.554242 -0.007167 0.832323 0.000900
0.410400 0.456420 1.967111 0.554885 -0.006629 0.831898 0.001937
0.411731 0.455869 1.966423 0.555358 -0.006141 0.831584 0.002695
0.412099 0.456387 1.965735 0.555119 -0.004272 0.831757 0.001751
0.412323 0.456661 1.965349 0.555042 -0.003314 0.831813 0.001987
0.412711 0.456078 1.965378 0.555162 -0.003305 0.831735 0.001507
0.413092 0.455408 1.965350 0.555180 -0.002733 0.831724 0.001720
0.413457 0.454886 1.965235 0.555134 -0.002089 0.831755 0.002294
0.413804 0.454430 1.965108 0.555088 -0.001629 0.831785 0.002909
0.413785 0.453572 1.964962 0.555222 -0.001950 0.831696 0.002463
0.413407 0.452588 1.964514 0.555236 -0.001557 0.831682 0.004035
0.412970 0.451985 1.964010 0.555094 -0.000985 0.831770 0.005460
0.412638 0.451362 1.963668 0.554983 -0.000702 0.831832 0.006921
0.411967 0.450394 1.963391 0.555007 -0.001198 0.831819 0.006657
0.410836 0.448429 1.963120 0.554910 -0.001677 0.831863 0.008715
0.409779 0.446939 1.962810 0.554496 -0.001668 0.832117 0.010588
0.408864 0.445706 1.962522 0.554093 -0.001770 0.832363 0.012183
0.407753 0.444544 1.962295 0.553855 -0.002237 0.832509 0.012938
0.405406 0.442773 1.962341 0.553582 -0.002660 0.832624 0.016683
0.402992 0.441381 1.962265 0.553150 -0.002907 0.832845 0.019638
0.400713 0.440085 1.962109 0.552656 -0.003424 0.833118 0.021760
0.398610 0.438820 1.962014 0.552151 -0.004015 0.833408 0.023304
0.395655 0.437002 1.962437 0.551932 -0.004397 0.833463 0.026263
0.392714 0.435504 1.962731 0.551609 -0.004406 0.833575 0.029363
0.390021 0.434064 1.962872 0.551295 -0.004728 0.833686 0.031937
0.387614 0.432527 1.962963 0.550854 -0.005390 0.833901 0.033778
0.384180 0.430790 1.963267 0.550479 -0.005569 0.834029 0.036583
0.380754 0.429339 1.963383 0.549878 -0.005540 0.834301 0.039302
0.377644 0.427948 1.963317 0.549435 -0.005900 0.834482 0.041557
0.374889 0.426461 1.963183 0.548902 -0.006611 0.834741 0.043231
0.371254 0.424741 1.963356 0.548593 -0.006631 0.834824 0.045519
0.367487 0.423035 1.963592 0.548290 -0.006090 0.834845 0.048741
0.364007 0.421454 1.963672 0.547949 -0.005831 0.834903 0.051516
0.360909 0.419808 1.963664 0.547544 -0.006087 0.835036 0.053604
0.357164 0.417961 1.963805 0.546960 -0.006078 0.835284 0.055654
0.353312 0.416025 1.963841 0.546691 -0.005583 0.835237 0.058951
0.349834 0.414167 1.963725 0.546370 -0.005173 0.835214 0.062229
0.346642 0.412347 1.963569 0.545708 -0.005106 0.835455 0.064739
0.343164 0.410249 1.963515 0.545152 -0.004891 0.835663 0.066729
0.339410 0.407987 1.963483 0.544963 -0.004294 0.835593 0.069154
0.335974 0.405785 1.963394 0.544764 -0.003556 0.835465 0.072233
0.332894 0.403569 1.963256 0.544411 -0.003407 0.835476 0.074735
0.329608 0.401080 1.963206 0.543725 -0.003455 0.835769 0.076430
0.325876 0.398503 1.963010 0.543414 -0.003009 0.835796 0.078336
0.322432 0.396039 1.962726 0.543155 -0.002310 0.835718 0.080949
0.319359 0.393571 1.962407 0.542776 -0.002181 0.835741 0.083232
0.316338 0.390857 1.962222 0.542205 -0.002320 0.835937 0.084959
0.312929 0.387819 1.962159 0.541855 -0.002038 0.836006 0.086502
0.309795 0.384739 1.962106 0.541618 -0.001658 0.835955 0.088471
0.307017 0.381620 1.962053 0.541178 -0.001787 0.836023 0.090499
0.304433 0.378274 1.962086 0.540634 -0.002346 0.836191 0.092161
0.301364 0.374559 1.962183 0.540414 -0.002481 0.836207 0.093297
0.298452 0.370875 1.962297 0.540273 -0.002403 0.836117 0.094903
0.295742 0.367428 1.962367 0.540066 -0.002411 0.835992 0.097162
0.293228 0.363933 1.962446 0.539753 -0.003092 0.836014 0.098678
0.290249 0.359923 1.962526 0.539040 -0.003271 0.836386 0.099414
0.287454 0.356017 1.962493 0.538733 -0.003196 0.836486 0.100238
0.284924 0.352178 1.962434 0.538480 -0.003375 0.836497 0.101498
0.282684 0.348376 1.962344 0.538542 -0.004481 0.836380 0.102079
0.279648 0.344161 1.962772 0.537720 -0.005055 0.836909 0.102055
0.276791 0.339597 1.963368 0.537382 -0.005425 0.837027 0.102850
0.274276 0.334680 1.964004 0.537251 -0.006382 0.837081 0.103033
0.272071 0.329594 1.964663 0.537028 -0.008296 0.837221 0.102925
0.269503 0.324334 1.965259 0.536670 -0.009609 0.837404 0.103189
0.267165 0.318976 1.965613 0.536766 -0.010615 0.837257 0.103782
0.264935 0.313788 1.965964 0.536966 -0.011435 0.837132 0.103669
0.262749 0.308731 1.966862 0.537246 -0.012139 0.837008 0.103134
0.260139 0.303478 1.968525 0.537378 -0.012881 0.837017 0.102278
0.257360 0.297803 1.970349 0.537632 -0.013915 0.837013 0.100835
0.254770 0.292002 1.971954 0.537843 -0.015083 0.837051 0.099210
0.252299 0.286155 1.973429 0.537822 -0.016339 0.837203 0.097833
0.249732 0.280236 1.975032 0.537814 -0.017682 0.837316 0.096666
0.247106 0.273953 1.976619 0.538165 -0.019079 0.837243 0.095068
0.244640 0.267528 1.978031 0.538420 -0.020509 0.837212 0.093583
0.242368 0.261056 1.979226 0.538349 -0.022460 0.837340 0.092404
0.240059 0.254481 1.980459 0.538380 -0.024612 0.837412 0.091008
0.237652 0.247438 1.981605 0.538800 -0.026487 0.837298 0.089023
0.235400 0.240324 1.982569 0.539002 -0.028362 0.837165 0.088474
0.233360 0.233204 1.983333 0.538908 -0.031117 0.837127 0.088477
0.231389 0.225904 1.984090 0.538965 -0.034180 0.837041 0.087806
0.229314 0.218060 1.984759 0.539298 -0.036530 0.836802 0.087096
0.227414 0.210187 1.985178 0.539350 -0.039378 0.836564 0.087815
0.225696 0.202283 1.985397 0.539226 -0.043292 0.836370 0.088579
0.224133 0.194266 1.985519 0.539211 -0.047500 0.836072 0.089318
0.222393 0.185872 1.985718 0.539581 -0.050688 0.835514 0.090556
0.220899 0.177533 1.985544 0.539839 -0.054791 0.834941 0.091897
0.219538 0.169279 1.985126 0.540225 -0.059638 0.834229 0.093070
0.218323 0.161087 1.984506 0.540997 -0.064595 0.833256 0.093990
0.216700 0.152643 1.984150 0.542586 -0.068202 0.831980 0.093588
0.214819 0.144491 1.983666 0.544103 -0.072143 0.830727 0.092952
0.213170 0.136677 1.982868 0.545744 -0.076237 0.829316 0.092661
0.211591 0.129211 1.981932 0.546735 -0.080789 0.828244 0.092552
0.209536 0.121741 1.981782 0.548086 -0.083688 0.827218 0.091141
0.208000 0.115962 1.981455 0.549751 -0.084468 0.826105 0.090500
0.206975 0.111895 1.981007 0.551199 -0.084169 0.825196 0.090253
0.206164 0.108793 1.980604 0.552438 -0.083707 0.824494 0.089528
0.205252 0.105321 1.980831 0.553620 -0.083197 0.824125 0.086031
0.204434 0.102449 1.981098 0.555000 -0.081562 0.823651 0.083198
0.203324 0.100464 1.981409 0.556230 -0.079374 0.823303 0.080496
0.202345 0.098826 1.981670 0.557444 -0.077422 0.822828 0.078840
0.201309 0.096194 1.982094 0.558602 -0.076217 0.822452 0.075677
0.200304 0.093174 1.982362 0.559964 -0.074819 0.821901 0.072944
0.199412 0.090584 1.982476 0.561380 -0.073346 0.821202 0.071410
0.198635 0.088361 1.982502 0.562695 -0.072205 0.820534 0.069890
0.197845 0.086002 1.982705 0.563873 -0.071318 0.820043 0.067009
0.197125 0.083859 1.982983 0.565140 -0.069679 0.819561 0.063883
0.196452 0.082161 1.983174 0.566325 -0.067915 0.819037 0.061981
0.195790 0.080689 1.983349 0.567410 -0.066412 0.818505 0.060706
0.194980 0.078935 1.983586 0.568384 -0.065295 0.818073 0.058593
0.193913 0.076699 1.983802 0.569501 -0.064089 0.817596 0.055667
0.192861 0.074704 1.983904 0.570713 -0.062908 0.816973 0.053712
0.191880 0.072908 1.983925 0.571828 -0.062124 0.816373 0.051854
0.190247 0.071024 1.984037 0.572551 -0.061910 0.816096 0.048371
0.188512 0.069147 1.984039 0.573361 -0.061706 0.815752 0.044710
0.186870 0.067193 1.983975 0.574051 -0.062124 0.815344 0.042660
0.185302 0.064994 1.983853 0.574583 -0.063477 0.814925 0.041505
0.183753 0.062623 1.983707 0.574945 -0.065486 0.814546 0.040809
0.182078 0.060168 1.983542 0.575130 -0.067491 0.814278 0.040258
0.180418 0.057753 1.983376 0.575184 -0.069615 0.814043 0.040624
0.178624 0.055237 1.983279 0.574804 -0.072158 0.814012 0.042182
0.176556 0.052534 1.983277 0.573157 -0.075582 0.814751 0.044268
0.174272 0.049595 1.983107 0.570991 -0.079150 0.815849 0.045779
0.172001 0.046808 1.983005 0.568605 -0.082731 0.817095 0.046898
0.169909 0.044301 1.982934 0.566286 -0.086076 0.818303 0.047860
0.168032 0.042065 1.982830 0.564131 -0.089146 0.819410 0.048763
0.166070 0.039870 1.981953 0.562549 -0.091751 0.820132 0.050048
0.164176 0.037854 1.981193 0.561078 -0.094189 0.820831 0.050567
0.162521 0.036080 1.980556 0.559777 -0.096353 0.821452 0.050827
0.161154 0.034597 1.979998 0.558745 -0.098143 0.821935 0.050942
0.159026 0.033443 1.977648 0.555495 -0.100142 0.823721 0.053660
0.156715 0.033134 1.975428 0.553007 -0.101127 0.825278 0.053600
0.154484 0.033448 1.973665 0.551135 -0.101244 0.826616 0.052014
0.152514 0.033957 1.972288 0.549668 -0.101034 0.827738 0.050060
0.151403 0.033295 1.968251 0.547582 -0.101007 0.828837 0.054588
0.151281 0.031694 1.962933 0.546735 -0.102446 0.828857 0.059842
0.150790 0.030367 1.958208 0.545547 -0.104384 0.829070 0.064224
0.149659 0.029628 1.954253 0.543617 -0.106441 0.829799 0.067709
0.148919 0.028193 1.948760 0.542802 -0.108859 0.829528 0.073474
0.149633 0.025077 1.941000 0.544335 -0.112848 0.827350 0.080351
0.150577 0.022374 1.933300 0.545878 -0.116886 0.825090 0.087074
0.151526 0.020810 1.926109 0.547166 -0.120071 0.823062 0.093601
0.152316 0.019431 1.918999 0.549053 -0.123927 0.820561 0.099310
0.152717 0.016762 1.911153 0.551066 -0.129601 0.817649 0.104786
0.152913 0.014690 1.903669 0.552294 -0.134656 0.815261 0.110403
0.153066 0.013756 1.896793 0.553061 -0.138321 0.813328 0.116135
