-0.038983 0.380565 1.445692 0.678561 0.009384 0.734429 0.009013
-0.038951 0.380361 1.445963 0.678297 0.009810 0.734663 0.009402
-0.038672 0.379947 1.446493 0.678266 0.010289 0.734684 0.009430
-0.038280 0.379504 1.447006 0.678180 0.010346 0.734759 0.009658
-0.037910 0.379118 1.447430 0.678090 0.010284 0.734840 0.009897
-0.037695 0.379046 1.447811 0.677726 0.011579 0.735160 0.009685
-0.037491 0.379017 1.448178 0.677408 0.012693 0.735437 0.009456
-0.037302 0.378968 1.448482 0.677167 0.013457 0.735647 0.009307
-0.037309 0.379095 1.448494 0.676999 0.014876 0.735777 0.009061
-0.037626 0.379368 1.448176 0.676897 0.016877 0.735833 0.008651
-0.037979 0.379618 1.447879 0.676838 0.018537 0.735852 0.008238
-0.038296 0.380023 1.447607 0.676885 0.020417 0.735768 0.007438
-0.038497 0.380695 1.447339 0.677085 0.022826 0.735526 0.006110
-0.038573 0.381177 1.447143 0.677236 0.024538 0.735338 0.005207
-0.038579 0.381602 1.446949 0.677391 0.025939 0.735152 0.004438
-0.038341 0.382400 1.446243 0.677926 0.028357 0.734576 0.003190
-0.037927 0.382936 1.445580 0.678315 0.030103 0.734149 0.002595
-0.037501 0.383294 1.445062 0.678583 0.031306 0.733853 0.002318
-0.036903 0.384787 1.444459 0.678992 0.033454 0.733383 0.000030
-0.035952 0.386153 1.444068 0.679506 0.034862 0.732839 -0.001779
-0.034979 0.387116 1.443810 0.679872 0.035614 0.732460 -0.002838
-0.033759 0.388551 1.443051 0.679810 0.037202 0.732428 -0.004707
-0.031668 0.389845 1.441926 0.679725 0.038617 0.732428 -0.005595
-0.029517 0.390603 1.441041 0.679654 0.039130 0.732468 -0.005508
-0.027667 0.391817 1.440020 0.679166 0.040434 0.732843 -0.006361
-0.025798 0.393960 1.438492 0.678673 0.043566 0.733100 -0.008330
-0.023983 0.395509 1.437263 0.678398 0.045605 0.733218 -0.009360
-0.022384 0.397017 1.436125 0.677868 0.047161 0.733593 -0.010594
-0.020014 0.400493 1.433894 0.676764 0.051163 0.734288 -0.013968
-0.017082 0.402948 1.432033 0.676179 0.053458 0.734634 -0.015420
-0.014345 0.404650 1.430598 0.675815 0.054679 0.734868 -0.015890
-0.011364 0.408298 1.428038 0.674654 0.058459 0.735585 -0.018390
-0.007788 0.411259 1.425631 0.674207 0.061356 0.735732 -0.019465
-0.004430 0.413311 1.423767 0.673967 0.062943 0.735816 -0.019540
-0.001453 0.416789 1.421446 0.672985 0.064569 0.736506 -0.021919
0.002010 0.420864 1.419046 0.672783 0.066287 0.736445 -0.024843
0.005478 0.423785 1.417254 0.672771 0.066816 0.736359 -0.026258
0.008592 0.426894 1.415333 0.672140 0.067413 0.736835 -0.027517
0.012235 0.431002 1.412713 0.671870 0.069099 0.736867 -0.029037
0.016146 0.433917 1.410690 0.671829 0.069509 0.736858 -0.029234
0.019628 0.436436 1.408944 0.671542 0.069416 0.737116 -0.029539
0.022906 0.441104 1.406111 0.671805 0.071534 0.736531 -0.032911
0.027063 0.444715 1.403766 0.672557 0.072343 0.735683 -0.034710
0.031277 0.447151 1.402046 0.673136 0.072024 0.735167 -0.035054
0.034937 0.451604 1.400077 0.672676 0.073473 0.735306 -0.037865
0.039277 0.455633 1.398686 0.673059 0.074088 0.734768 -0.040210
0.043975 0.458365 1.397804 0.673368 0.073361 0.734521 -0.040881
0.047963 0.462168 1.396009 0.673310 0.074208 0.734325 -0.043733
0.052061 0.466370 1.393587 0.674365 0.076206 0.732934 -0.047242
0.057096 0.469231 1.391672 0.675467 0.076530 0.731794 -0.048635
0.061916 0.472116 1.389779 0.675700 0.076516 0.731481 -0.050107
0.066186 0.476352 1.387419 0.676622 0.077931 0.730228 -0.053636
0.071308 0.479461 1.385544 0.677800 0.078006 0.728986 -0.055519
0.076769 0.481737 1.383988 0.678381 0.077145 0.728469 -0.056393
0.081266 0.485854 1.381606 0.679372 0.079115 0.727034 -0.060127
0.086326 0.489069 1.379621 0.680825 0.079947 0.725368 -0.062657
0.092462 0.490998 1.378104 0.682169 0.079126 0.724144 -0.063239
0.098023 0.493947 1.375835 0.683143 0.079814 0.722838 -0.066717
0.103746 0.496385 1.373800 0.684755 0.080232 0.721023 -0.069281
0.110443 0.497670 1.372206 0.686319 0.079160 0.719593 -0.069907
0.117025 0.499604 1.370156 0.687303 0.078228 0.718589 -0.071590
0.122886 0.502023 1.367968 0.689041 0.078079 0.716681 -0.074116
0.129391 0.503431 1.366205 0.690787 0.076854 0.715028 -0.075109
0.136180 0.504800 1.364280 0.692199 0.075667 0.713668 -0.076243
0.141835 0.507356 1.361781 0.694570 0.076388 0.710934 -0.079440
0.147932 0.508967 1.359701 0.696912 0.076023 0.708473 -0.081242
0.154817 0.509806 1.357898 0.698626 0.074723 0.706845 -0.081914
0.160798 0.512207 1.356000 0.700268 0.075601 0.704797 -0.084675
0.166996 0.513907 1.354642 0.702012 0.075337 0.702849 -0.086638
0.174060 0.514424 1.353612 0.703516 0.073710 0.701474 -0.086986
0.180672 0.516065 1.352053 0.704570 0.073788 0.700178 -0.088808
0.187243 0.517282 1.350852 0.706055 0.073267 0.698548 -0.090280
0.194581 0.517362 1.349942 0.707441 0.071492 0.697326 -0.090283
0.201824 0.518269 1.348553 0.708264 0.070492 0.696511 -0.090919
0.208234 0.519803 1.347160 0.709787 0.069926 0.694782 -0.092679
0.215041 0.520307 1.346075 0.711253 0.068395 0.693352 -0.093293
0.221810 0.520841 1.344867 0.711945 0.067356 0.692727 -0.093413
0.227971 0.522546 1.343424 0.713182 0.067349 0.691251 -0.094914
0.234413 0.523257 1.342361 0.714409 0.066298 0.689995 -0.095555
0.240720 0.523454 1.341361 0.715075 0.064987 0.689441 -0.095478
0.246641 0.524534 1.339007 0.716969 0.064719 0.687304 -0.096850
0.252741 0.524542 1.336908 0.718882 0.063627 0.685360 -0.097164
0.258450 0.523984 1.335339 0.720168 0.062202 0.684215 -0.096643
0.264069 0.525287 1.333626 0.721303 0.061663 0.682906 -0.097773
0.269335 0.526148 1.332566 0.722251 0.060496 0.681865 -0.098766
0.273872 0.526595 1.331846 0.722861 0.059338 0.681245 -0.099274
0.278253 0.528033 1.330662 0.723295 0.060496 0.680662 -0.099425
0.282853 0.529053 1.329751 0.723834 0.061140 0.680035 -0.099396
0.287077 0.529485 1.329198 0.724091 0.061192 0.679813 -0.098999
0.290725 0.530584 1.328318 0.724331 0.062390 0.679418 -0.099220
0.293692 0.532437 1.327200 0.725213 0.064354 0.678075 -0.100694
0.296066 0.533932 1.326393 0.725889 0.065791 0.677024 -0.101957
0.298010 0.535473 1.325597 0.726319 0.067372 0.676213 -0.103234
0.300159 0.537426 1.324582 0.727011 0.069358 0.674975 -0.105135
0.302338 0.538703 1.323946 0.727452 0.070515 0.674182 -0.106396
0.304306 0.539609 1.323494 0.727698 0.071278 0.673694 -0.107295
0.306380 0.540993 1.322762 0.728210 0.072405 0.672709 -0.109219
0.308584 0.541798 1.322308 0.728594 0.072882 0.672029 -0.110521
0.310624 0.542248 1.322013 0.728819 0.073057 0.671634 -0.111326
0.312278 0.542755 1.321452 0.728893 0.074494 0.671267 -0.112101
0.313613 0.543189 1.320925 0.729063 0.076049 0.670805 -0.112709
0.314686 0.543560 1.320554 0.729199 0.077172 0.670442 -0.113234
0.315309 0.544010 1.319986 0.729475 0.077590 0.669804 -0.114930
0.315177 0.544663 1.318969 0.730220 0.078016 0.668522 -0.117355
0.315797 0.544411 1.318068 0.730251 0.077722 0.668430 -0.117869
0.316709 0.543851 1.317539 0.730121 0.078181 0.668544 -0.117729
0.316195 0.544136 1.317406 0.729951 0.080116 0.668278 -0.118984
0.315413 0.544663 1.317269 0.729810 0.080741 0.668033 -0.120783
0.314599 0.545160 1.317134 0.729691 0.081319 0.667825 -0.122266
0.312618 0.545133 1.316767 0.729655 0.081989 0.667491 -0.123844
0.310596 0.545224 1.316218 0.729605 0.082235 0.667258 -0.125223
0.308820 0.545423 1.315794 0.729560 0.082503 0.667062 -0.126348
0.305856 0.545195 1.315794 0.729510 0.083684 0.666714 -0.127689
0.302266 0.545236 1.315587 0.729397 0.085084 0.666381 -0.129139
0.299038 0.545480 1.315355 0.729350 0.086326 0.666014 -0.130468
0.295053 0.545428 1.315543 0.729245 0.088042 0.665659 -0.131714
0.289820 0.545246 1.315436 0.729045 0.090472 0.665338 -0.132795
0.285005 0.545431 1.315211 0.728923 0.092618 0.664939 -0.133977
0.280383 0.545565 1.315309 0.728904 0.094274 0.664443 -0.135379
0.274411 0.545197 1.315422 0.729180 0.095575 0.663542 -0.137379
0.268714 0.545222 1.315193 0.729268 0.097364 0.662848 -0.139001
0.263732 0.545400 1.315075 0.729338 0.098896 0.662229 -0.140495
0.257604 0.544913 1.315417 0.729341 0.100508 0.661769 -0.141496
0.251073 0.544735 1.315147 0.729400 0.102875 0.661115 -0.142544
0.245054 0.544941 1.314802 0.729450 0.105205 0.660425 -0.143782
0.238760 0.544709 1.315145 0.729421 0.106398 0.660010 -0.144951
0.231965 0.544465 1.315075 0.729536 0.108355 0.659302 -0.146146
0.225793 0.544521 1.314845 0.729591 0.110454 0.658617 -0.147380
0.219860 0.544571 1.314910 0.729573 0.111140 0.658254 -0.148567
0.212669 0.544727 1.314530 0.729477 0.113177 0.657836 -0.149355
0.205174 0.545348 1.313924 0.729222 0.116106 0.657341 -0.150520
0.198243 0.546175 1.313689 0.728755 0.117999 0.657248 -0.151716
0.190439 0.547268 1.313880 0.728511 0.120190 0.656858 -0.152850
0.182378 0.548675 1.313767 0.728302 0.123382 0.656090 -0.154595
0.175083 0.550164 1.313695 0.727946 0.126053 0.655506 -0.156583
0.167114 0.551655 1.313543 0.727086 0.128175 0.655854 -0.157393
0.158131 0.553523 1.312879 0.726820 0.131984 0.654949 -0.159230
0.149685 0.555516 1.312267 0.726635 0.135565 0.653800 -0.161765
0.141333 0.557452 1.312292 0.725528 0.138176 0.654131 -0.163185
0.132122 0.559680 1.312089 0.724965 0.142494 0.653284 -0.165355
0.123717 0.561753 1.311834 0.724396 0.146683 0.652386 -0.167713
0.115697 0.563921 1.311916 0.723459 0.149602 0.652335 -0.169367
0.106157 0.566567 1.311738 0.722690 0.153821 0.651650 -0.171496
0.096758 0.569368 1.311625 0.722199 0.158026 0.650312 -0.174785
0.088375 0.571920 1.311856 0.721210 0.161246 0.649966 -0.177199
0.079163 0.574793 1.312364 0.720556 0.164833 0.649095 -0.179737
0.070072 0.577655 1.312729 0.720270 0.168768 0.647396 -0.183320
0.062156 0.580114 1.313132 0.719702 0.172166 0.646259 -0.186380
0.054187 0.582209 1.313746 0.718556 0.175101 0.646400 -0.187574
0.046064 0.584278 1.314070 0.717793 0.179056 0.645576 -0.189587
0.038903 0.586037 1.314332 0.717168 0.182329 0.644674 -0.191887
0.032516 0.587495 1.314898 0.716497 0.184561 0.644507 -0.192820
0.026404 0.588831 1.315358 0.716098 0.186602 0.643916 -0.194311
0.021120 0.589924 1.315704 0.715689 0.188538 0.643363 -0.195770
0.016454 0.590458 1.316146 0.714698 0.190748 0.643966 -0.195267
0.011262 0.590854 1.316357 0.713655 0.194028 0.644370 -0.194518
0.006535 0.591311 1.316517 0.712940 0.196834 0.644271 -0.194648
0.002471 0.591471 1.316813 0.712179 0.198809 0.644599 -0.194340
-0.001892 0.591273 1.317223 0.711239 0.200126 0.645414 -0.193723
-0.006236 0.591208 1.317386 0.710512 0.201782 0.645683 -0.193777
-0.010045 0.591058 1.317542 0.710101 0.203382 0.645581 -0.193949
-0.013761 0.589807 1.318371 0.709949 0.204508 0.645594 -0.193280
-0.017590 0.588873 1.318970 0.709696 0.205976 0.645401 -0.193292
-0.020769 0.588099 1.319415 0.709407 0.207208 0.645295 -0.193393
-0.022803 0.585506 1.319900 0.709891 0.205240 0.646159 -0.190814
-0.024647 0.582623 1.319467 0.710465 0.203651 0.646898 -0.187851
-0.026343 0.580242 1.318921 0.710993 0.202820 0.647227 -0.185609
-0.027131 0.576588 1.319108 0.711545 0.199836 0.648735 -0.181417
-0.027679 0.572019 1.318995 0.711744 0.196186 0.651134 -0.175947
-0.028473 0.568261 1.318628 0.711974 0.193944 0.652664 -0.171784
-0.028973 0.564326 1.318816 0.712105 0.190896 0.654737 -0.166687
-0.030160 0.559003 1.319764 0.711655 0.186207 0.658211 -0.160100
-0.031501 0.554295 1.320347 0.711133 0.182772 0.660980 -0.154885
-0.032478 0.550135 1.320780 0.710822 0.180069 0.663238 -0.149743
-0.033100 0.543834 1.321361 0.711500 0.172925 0.666498 -0.140163
-0.033910 0.537756 1.321550 0.712296 0.167630 0.668528 -0.132684
-0.033913 0.532269 1.321770 0.712747 0.163470 0.670326 -0.126223
-0.033247 0.525321 1.322411 0.713394 0.155204 0.673714 -0.114408
-0.033053 0.518386 1.322826 0.714668 0.146809 0.675775 -0.104990
-0.032352 0.512113 1.323281 0.715530 0.140312 0.677415 -0.097153
-0.030876 0.505262 1.323934 0.716441 0.132534 0.679554 -0.085754
-0.028970 0.497658 1.324571 0.717824 0.121269 0.681611 -0.073685
-0.027300 0.491282 1.324954 0.719233 0.111740 0.682698 -0.064359
-0.025597 0.485173 1.325244 0.720534 0.104509 0.683397 -0.053633
-0.023101 0.477582 1.325074 0.721955 0.094763 0.684328 -0.038683
-0.020618 0.470807 1.324712 0.723486 0.084245 0.684682 -0.026135
-0.018483 0.465113 1.324383 0.724656 0.076442 0.684687 -0.015252
-0.015503 0.458572 1.324348 0.725427 0.066871 0.685042 -0.001358
-0.012220 0.452336 1.324141 0.726159 0.055754 0.685171 0.011119
-0.009343 0.447143 1.323914 0.726505 0.046942 0.685228 0.021208
-0.006269 0.441680 1.323165 0.727913 0.037908 0.683731 0.034890
-0.003170 0.436281 1.322011 0.729261 0.028045 0.682026 0.047234
-0.000602 0.431866 1.320927 0.730096 0.020694 0.680653 0.056957
0.002065 0.428159 1.319963 0.731440 0.012489 0.678447 0.067444
0.005260 0.424843 1.318948 0.732773 0.003784 0.676092 0.077005
0.008160 0.422063 1.318064 0.733479 -0.002870 0.674409 0.084690
0.010845 0.419447 1.317045 0.734811 -0.009671 0.671908 0.092194
0.013641 0.416103 1.315339 0.737796 -0.018692 0.667121 0.101279
0.015638 0.413446 1.313998 0.740389 -0.025727 0.662875 0.108434
0.017060 0.411542 1.312871 0.742478 -0.031174 0.659369 0.113958
0.019403 0.410057 1.311217 0.744782 -0.037620 0.655383 0.119826
0.022078 0.408570 1.309936 0.746301 -0.043223 0.652317 0.125093
0.024454 0.407280 1.308956 0.747313 -0.047716 0.649990 0.129454
0.027719 0.405577 1.307965 0.747997 -0.055561 0.647628 0.134136
0.031646 0.403564 1.307366 0.748121 -0.063287 0.645718 0.139134
0.035182 0.401743 1.306981 0.747981 -0.069645 0.644266 0.143512
0.038687 0.400232 1.305772 0.748284 -0.076166 0.642119 0.148162
0.042664 0.398549 1.304027 0.748714 -0.082498 0.639647 0.153209
0.046223 0.396922 1.302633 0.748830 -0.087742 0.637710 0.157739
0.049599 0.395644 1.301381 0.749147 -0.093158 0.635745 0.161021
0.054323 0.394230 1.300552 0.749480 -0.100215 0.633485 0.164111
0.058979 0.392603 1.300172 0.749293 -0.106684 0.631763 0.167495
0.063046 0.391235 1.299787 0.749124 -0.112457 0.630272 0.170070
0.067875 0.390364 1.298668 0.749962 -0.119547 0.627740 0.170901
0.072625 0.389157 1.297942 0.750255 -0.125990 0.625684 0.172523
0.076671 0.387980 1.297440 0.750260 -0.131281 0.624111 0.174241
0.081111 0.387501 1.296432 0.751037 -0.134455 0.622448 0.174423
0.085642 0.386647 1.295696 0.751436 -0.137712 0.620977 0.175409
0.089556 0.385683 1.295201 0.751523 -0.140702 0.619833 0.176702
0.093556 0.384858 1.294443 0.751892 -0.143145 0.618875 0.176531
0.098074 0.383371 1.293660 0.751908 -0.146011 0.617949 0.177356
0.102107 0.381723 1.293114 0.751624 -0.148899 0.617180 0.178825
0.105859 0.380529 1.292555 0.751715 -0.150797 0.616602 0.178848
0.110409 0.379230 1.292074 0.751917 -0.152509 0.616093 0.178306
0.114643 0.377620 1.291873 0.751694 -0.154781 0.615636 0.178860
0.118249 0.376265 1.291682 0.751642 -0.156477 0.615166 0.179219
0.121695 0.375765 1.291154 0.752695 -0.156421 0.614349 0.177646
0.124663 0.375178 1.290811 0.753402 -0.156776 0.613647 0.176759
0.127074 0.374606 1.290564 0.753864 -0.157222 0.613103 0.176283
0.129120 0.374564 1.289708 0.755774 -0.156113 0.611666 0.174067
0.130764 0.374453 1.288846 0.757330 -0.155257 0.610415 0.172457
0.132061 0.374292 1.288155 0.758453 -0.154683 0.609463 0.171395
0.133186 0.374155 1.287010 0.760141 -0.151847 0.608531 0.169756
0.134173 0.373483 1.285363 0.761599 -0.148710 0.607641 0.169190
0.134984 0.372716 1.283951 0.762627 -0.146475 0.606891 0.169200
0.135653 0.372290 1.282675 0.763918 -0.143923 0.606112 0.168356
0.136126 0.372223 1.281358 0.765528 -0.140891 0.605268 0.166632
0.136452 0.372125 1.280294 0.766742 -0.138611 0.604588 0.165428
0.136743 0.372110 1.279425 0.767791 -0.136358 0.604087 0.164261
0.137429 0.372310 1.278708 0.768976 -0.132934 0.603885 0.162259
0.138233 0.372214 1.278236 0.769745 -0.130749 0.603687 0.161118
0.138968 0.372014 1.277898 0.770255 -0.129270 0.603534 0.160449
0.139257 0.372384 1.277052 0.771095 -0.125181 0.603483 0.159845
0.139184 0.372860 1.276113 0.771956 -0.121509 0.603308 0.159181
0.139074 0.373062 1.275375 0.772478 -0.119308 0.603126 0.159006
0.138830 0.373243 1.274884 0.772565 -0.116806 0.603750 0.158066
0.138351 0.373507 1.274545 0.772662 -0.114770 0.604389 0.156634
0.137871 0.373786 1.274261 0.772829 -0.113256 0.604801 0.155321
0.137450 0.374072 1.274038 0.772978 -0.111465 0.605216 0.154254
0.137191 0.374325 1.273882 0.773100 -0.109369 0.605676 0.153333
0.137027 0.374484 1.273786 0.773203 -0.107936 0.605982 0.152622
0.136818 0.374625 1.273767 0.773238 -0.106782 0.606285 0.152045
0.135843 0.375334 1.274021 0.773123 -0.104101 0.606998 0.151645
0.134726 0.376132 1.274206 0.773104 -0.101814 0.607570 0.151004
-0.072841 0.359159 1.468332 0.688577 0.022689 0.724775 -0.006983
-0.072550 0.359478 1.468560 0.688525 0.023332 0.724790 -0.008236
-0.072136 0.359641 1.468772 0.688465 0.023562 0.724831 -0.008941
-0.071598 0.359764 1.468914 0.688293 0.024455 0.724960 -0.009413
-0.070395 0.359653 1.468902 0.687802 0.025801 0.725384 -0.008967
-0.069076 0.359374 1.468892 0.687389 0.026372 0.725765 -0.008065
-0.067932 0.359134 1.468865 0.687126 0.026719 0.726011 -0.007251
-0.067111 0.359310 1.468560 0.687288 0.027612 0.725825 -0.007097
-0.066492 0.359490 1.468274 0.687425 0.028362 0.725668 -0.007009
-0.066003 0.359626 1.468049 0.687511 0.028918 0.725565 -0.006921
-0.065462 0.360033 1.468191 0.687834 0.029630 0.725212 -0.008628
-0.064772 0.360316 1.468487 0.688120 0.029823 0.724917 -0.009898
-0.064120 0.360474 1.468748 0.688323 0.029788 0.724714 -0.010696
-0.063579 0.360919 1.468671 0.688852 0.030693 0.724145 -0.012453
-0.063026 0.361397 1.468308 0.689408 0.031886 0.723533 -0.014114
-0.062509 0.361713 1.468005 0.689802 0.032704 0.723100 -0.015180
-0.062053 0.362511 1.467503 0.690219 0.034711 0.722562 -0.017240
-0.061230 0.364099 1.466379 0.690789 0.038433 0.721754 -0.020138
-0.060219 0.365185 1.465439 0.691206 0.040902 0.721171 -0.021752
-0.059278 0.366148 1.464655 0.691476 0.042964 0.720735 -0.023599
-0.058282 0.368062 1.463519 0.691630 0.047162 0.720147 -0.028499
-0.057117 0.369429 1.462536 0.691794 0.050078 0.719662 -0.031625
-0.056018 0.370378 1.461768 0.691908 0.052039 0.719321 -0.033639
-0.054271 0.372601 1.460247 0.691639 0.055726 0.719063 -0.038450
-0.051630 0.374190 1.458694 0.691528 0.058039 0.718861 -0.040735
-0.049041 0.375166 1.457476 0.691469 0.059186 0.718773 -0.041639
-0.046394 0.377054 1.456087 0.690688 0.062334 0.719063 -0.044867
-0.042739 0.378795 1.454604 0.689994 0.065159 0.719355 -0.046816
-0.039131 0.379785 1.453458 0.689545 0.066424 0.719645 -0.047198
-0.035926 0.381378 1.452249 0.688732 0.068088 0.720093 -0.049779
-0.032010 0.383849 1.450668 0.687941 0.070699 0.720314 -0.053723
-0.028025 0.385373 1.449441 0.687514 0.071682 0.720492 -0.055464
-0.024549 0.386772 1.448355 0.686981 0.072348 0.720798 -0.057201
-0.020771 0.389981 1.446862 0.686009 0.075505 0.721037 -0.061614
-0.016709 0.392180 1.445764 0.685555 0.076817 0.721136 -0.063852
-0.013073 0.393665 1.444945 0.685339 0.077223 0.721204 -0.064895
-0.009443 0.396886 1.442834 0.684927 0.080199 0.720858 -0.069327
-0.004703 0.399313 1.440790 0.685058 0.081902 0.720366 -0.071145
-0.000049 0.400752 1.439242 0.685287 0.082143 0.720108 -0.071274
0.003633 0.403686 1.436855 0.685141 0.084237 0.719619 -0.075062
0.007572 0.407253 1.434029 0.685626 0.087403 0.718341 -0.079144
0.012401 0.409621 1.431804 0.686375 0.088381 0.717336 -0.080674
0.016688 0.412187 1.429493 0.686610 0.089746 0.716689 -0.082878
0.020252 0.416235 1.426584 0.686991 0.094009 0.715268 -0.087167
0.024818 0.419226 1.424236 0.687861 0.096093 0.713885 -0.089339
0.029821 0.421412 1.422282 0.688631 0.096505 0.712954 -0.090397
0.033722 0.425252 1.419796 0.689112 0.099889 0.711432 -0.094934
0.038384 0.428175 1.417611 0.689727 0.101821 0.710154 -0.097932
0.044234 0.429929 1.415921 0.690629 0.101619 0.709224 -0.098527
0.049046 0.433252 1.413048 0.691536 0.102978 0.707826 -0.100775
