0.431477 -0.233897 1.987457 0.465599 -0.207267 0.792511 0.334942
0.428268 -0.230569 1.987928 0.464306 -0.206804 0.794213 0.332985
0.425494 -0.227730 1.988451 0.463057 -0.206470 0.795752 0.331251
0.421520 -0.224685 1.988318 0.462041 -0.206514 0.796573 0.330667
0.417211 -0.220600 1.988154 0.461112 -0.205977 0.797631 0.329748
0.413746 -0.216257 1.988257 0.460136 -0.204817 0.799119 0.328229
0.410940 -0.212244 1.988398 0.459260 -0.203513 0.800585 0.326689
0.407253 -0.208171 1.987882 0.458613 -0.202775 0.801532 0.325732
0.403032 -0.203354 1.987223 0.458082 -0.201699 0.802518 0.324719
0.399575 -0.198095 1.986884 0.457567 -0.200386 0.803971 0.322658
0.396858 -0.192714 1.986744 0.457078 -0.198555 0.805702 0.320156
0.393526 -0.187518 1.986061 0.457070 -0.196926 0.806331 0.319589
0.389681 -0.181928 1.985436 0.457206 -0.194975 0.806575 0.319973
0.386316 -0.175997 1.985330 0.456948 -0.192941 0.807617 0.318946
0.383553 -0.169800 1.985429 0.456658 -0.190760 0.809152 0.316775
0.380421 -0.163607 1.984913 0.456963 -0.188879 0.809859 0.315654
0.376941 -0.157432 1.984045 0.457726 -0.186824 0.809875 0.315731
0.373973 -0.151124 1.983472 0.458255 -0.184677 0.810529 0.314548
0.371507 -0.144657 1.983108 0.458680 -0.182352 0.811685 0.312295
0.368475 -0.138269 1.982313 0.459249 -0.180774 0.811981 0.311606
0.364949 -0.131839 1.981249 0.459875 -0.179161 0.811691 0.312369
0.361925 -0.125207 1.980480 0.460297 -0.177143 0.812158 0.311683
0.359350 -0.118425 1.979946 0.460618 -0.174786 0.813211 0.309788
0.356268 -0.111764 1.979176 0.460873 -0.173641 0.813760 0.308610
0.352469 -0.105034 1.978475 0.460776 -0.172628 0.814000 0.308689
0.349019 -0.098104 1.978160 0.460378 -0.171051 0.815085 0.307296
0.345972 -0.091084 1.978045 0.459953 -0.169013 0.816702 0.304754
0.342697 -0.084157 1.977520 0.459894 -0.167683 0.817623 0.303107
0.339235 -0.076960 1.976514 0.460223 -0.165826 0.817890 0.302908
0.336206 -0.069489 1.975705 0.460475 -0.163131 0.818856 0.301371
0.333483 -0.061962 1.975116 0.460646 -0.159992 0.820353 0.298712
0.330499 -0.054816 1.974380 0.461031 -0.158246 0.821026 0.297195
0.327011 -0.047841 1.973570 0.461344 -0.156960 0.821048 0.297332
0.323726 -0.040713 1.973060 0.461362 -0.154956 0.821908 0.295972
0.320656 -0.033562 1.972766 0.461261 -0.152462 0.823353 0.293400
0.317506 -0.026716 1.972202 0.461272 -0.151319 0.824403 0.291015
0.314189 -0.019877 1.971202 0.461545 -0.150196 0.824772 0.290117
0.311073 -0.012806 1.970415 0.461697 -0.148069 0.825817 0.287989
0.308092 -0.005693 1.969863 0.461751 -0.145370 0.827373 0.284795
0.304921 0.001117 1.969407 0.461520 -0.144193 0.828597 0.282197
0.301223 0.007997 1.969108 0.460880 -0.143282 0.829363 0.281453
0.297554 0.015162 1.969073 0.460044 -0.141329 0.830923 0.279199
0.293984 0.022363 1.969188 0.459218 -0.138735 0.832956 0.275784
0.290489 0.029192 1.969233 0.458321 -0.137609 0.834731 0.272453
0.286944 0.035778 1.968981 0.457777 -0.136589 0.835528 0.271434
0.283433 0.042481 1.968809 0.457304 -0.134522 0.836810 0.269306
0.279950 0.049185 1.968779 0.456827 -0.131890 0.838533 0.266040
0.276701 0.055480 1.968635 0.456012 -0.131294 0.840211 0.262414
0.273847 0.061419 1.967822 0.455603 -0.131363 0.840876 0.260954
0.271091 0.067423 1.966777 0.455947 -0.129533 0.841352 0.259731
0.268234 0.073470 1.965942 0.456249 -0.127014 0.842305 0.257346
0.265622 0.079226 1.965388 0.455893 -0.126197 0.843238 0.255316
0.263371 0.084668 1.964896 0.455085 -0.126309 0.843517 0.255777
0.260898 0.090295 1.964496 0.454447 -0.125199 0.844314 0.254826
0.258193 0.096062 1.964249 0.453923 -0.123291 0.845583 0.252472
0.256030 0.101666 1.963976 0.453396 -0.122385 0.846677 0.250185
0.255177 0.106679 1.963204 0.453151 -0.122971 0.846917 0.249526
0.254153 0.111610 1.962315 0.453340 -0.122603 0.847309 0.248032
0.252743 0.116660 1.961515 0.453761 -0.121369 0.848018 0.245431
0.251447 0.121990 1.961121 0.453733 -0.120392 0.848759 0.243396
0.250847 0.128107 1.960969 0.453165 -0.119917 0.849702 0.241389
0.249854 0.134545 1.960551 0.453211 -0.118086 0.850828 0.238218
0.248352 0.141054 1.960060 0.453611 -0.115434 0.852112 0.234132
0.246841 0.147842 1.959983 0.453915 -0.112431 0.853057 0.231548
0.245806 0.155709 1.960449 0.453902 -0.109417 0.854139 0.229015
0.244235 0.163698 1.960584 0.454319 -0.105511 0.855434 0.225155
0.242099 0.171496 1.960527 0.454978 -0.101164 0.856832 0.220455
0.239850 0.179398 1.960746 0.455654 -0.097009 0.858085 0.216005
0.237926 0.188340 1.961440 0.456289 -0.093253 0.859623 0.210122
0.235446 0.197166 1.961757 0.457178 -0.088728 0.861210 0.203553
0.232422 0.205587 1.961841 0.458165 -0.083875 0.862760 0.196709
0.229263 0.214225 1.962064 0.459281 -0.078548 0.864014 0.190710
0.226284 0.224991 1.962379 0.460553 -0.071775 0.865548 0.183208
0.222606 0.235833 1.962179 0.461771 -0.064012 0.867186 0.175094
0.218307 0.246083 1.961756 0.462837 -0.056213 0.868771 0.166907
0.213616 0.256131 1.961599 0.463641 -0.048569 0.870207 0.159430
0.208272 0.267727 1.962167 0.463800 -0.040986 0.872272 0.149503
0.202097 0.279123 1.962457 0.463719 -0.033035 0.874430 0.138730
0.195437 0.289710 1.962496 0.463546 -0.025109 0.876374 0.128308
0.188658 0.299997 1.962581 0.463509 -0.016942 0.877892 0.119074
0.181899 0.311940 1.962922 0.463475 -0.007683 0.879471 0.108000
0.175118 0.323120 1.963017 0.463037 0.000949 0.881088 0.096333
0.168857 0.332835 1.962868 0.462424 0.008814 0.882404 0.086313
0.163400 0.341506 1.962846 0.461740 0.016143 0.883364 0.078759
0.158299 0.351009 1.963489 0.460695 0.023365 0.884450 0.070444
0.153394 0.359642 1.963874 0.459574 0.029848 0.885469 0.062015
0.149003 0.367044 1.963978 0.458511 0.035693 0.886267 0.054999
0.145373 0.373681 1.964202 0.457564 0.040980 0.886819 0.050072
0.142673 0.380911 1.965009 0.456804 0.045358 0.887296 0.044478
0.140424 0.387200 1.965501 0.456305 0.048788 0.887645 0.038622
0.138596 0.392471 1.965706 0.455933 0.051840 0.887852 0.033992
0.137337 0.397316 1.965989 0.455734 0.054942 0.887875 0.031068
0.137217 0.403256 1.966797 0.455941 0.058200 0.887683 0.027407
0.137517 0.408411 1.967141 0.456303 0.061069 0.887395 0.024232
0.137997 0.412678 1.967187 0.456719 0.063581 0.887064 0.021985
0.138711 0.416558 1.967321 0.457279 0.065668 0.886651 0.020831
0.140209 0.421329 1.967827 0.458445 0.066682 0.886026 0.018417
0.141883 0.425489 1.967809 0.459658 0.067749 0.885357 0.016391
0.143500 0.428971 1.967524 0.460780 0.068866 0.884710 0.015082
0.145216 0.432205 1.967433 0.461929 0.069766 0.884049 0.014582
0.148296 0.436195 1.968339 0.463768 0.068961 0.883176 0.012758
0.151676 0.439449 1.968971 0.465651 0.067984 0.882281 0.011291
0.154907 0.441961 1.969330 0.467405 0.067154 0.881426 0.010558
0.158078 0.444209 1.969754 0.469210 0.066411 0.880521 0.010686
0.162760 0.447079 1.970793 0.472106 0.064236 0.879142 0.009905
0.167588 0.449597 1.971591 0.474864 0.062054 0.877820 0.009267
0.171868 0.451709 1.972098 0.477216 0.060482 0.876656 0.008996
0.175769 0.453627 1.972553 0.479504 0.059206 0.875491 0.009319
0.180936 0.456016 1.973268 0.483057 0.056424 0.873724 0.008871
0.186053 0.458263 1.973722 0.486384 0.053743 0.872052 0.008172
0.190300 0.460649 1.974017 0.488983 0.052160 0.870698 0.007672
0.193857 0.463000 1.974274 0.491293 0.051015 0.869470 0.007012
0.199026 0.465133 1.975119 0.494721 0.047401 0.867744 0.004884
0.204877 0.466578 1.975828 0.497922 0.043762 0.866107 0.004109
0.210222 0.467865 1.976437 0.500581 0.040896 0.864714 0.004024
0.214895 0.469000 1.977015 0.502966 0.038331 0.863446 0.004049
0.220545 0.470104 1.977965 0.506040 0.033789 0.861839 0.003812
0.226385 0.470984 1.978626 0.508683 0.030026 0.860417 0.004669
0.231512 0.471862 1.979093 0.510806 0.027260 0.859245 0.005688
0.235903 0.472702 1.979519 0.512648 0.024795 0.858217 0.006245
0.240937 0.473745 1.980490 0.514802 0.020477 0.857052 0.004703
0.246112 0.474537 1.981174 0.516587 0.017013 0.856055 0.004307
0.250815 0.475022 1.981594 0.518098 0.014245 0.855191 0.004478
0.254998 0.475436 1.981973 0.519492 0.011855 0.854380 0.004750
0.259790 0.476206 1.982811 0.521363 0.008741 0.853283 0.003416
0.264738 0.476276 1.983335 0.523096 0.005852 0.852248 0.003143
0.269382 0.475925 1.983702 0.524643 0.003209 0.851310 0.003545
0.273575 0.475530 1.984090 0.525957 0.000752 0.850500 0.004045
0.278248 0.475757 1.984764 0.526969 -0.001819 0.849876 0.003153
0.283096 0.475461 1.984995 0.527977 -0.004118 0.849242 0.003363
0.287650 0.474864 1.985036 0.528935 -0.006226 0.848629 0.004197
0.291750 0.474268 1.985070 0.529823 -0.008225 0.848054 0.004855
0.296434 0.474229 1.985010 0.530978 -0.010677 0.847313 0.002891
0.301393 0.473786 1.984383 0.532194 -0.012802 0.846522 0.002439
0.306087 0.473114 1.983579 0.533362 -0.014705 0.845754 0.002855
0.310311 0.472469 1.982850 0.534406 -0.016373 0.845062 0.003527
0.314955 0.472367 1.982381 0.535294 -0.017750 0.844473 0.003107
0.319800 0.471772 1.981593 0.536218 -0.019091 0.843855 0.003748
0.324371 0.470899 1.980757 0.537128 -0.020459 0.843238 0.004967
0.328471 0.470032 1.980041 0.537949 -0.021770 0.842674 0.006171
0.332853 0.469998 1.979334 0.538648 -0.022732 0.842207 0.005413
0.337350 0.469779 1.978067 0.539411 -0.023341 0.841699 0.005734
0.341542 0.469435 1.976653 0.540191 -0.023854 0.841178 0.006672
0.345265 0.469142 1.975332 0.540959 -0.024215 0.840665 0.007679
0.349277 0.469543 1.974295 0.542124 -0.023884 0.839934 0.006409
0.353363 0.469459 1.973125 0.543205 -0.023730 0.839243 0.006027
0.357187 0.469064 1.972010 0.544211 -0.023842 0.838586 0.006278
0.360598 0.468591 1.971072 0.545095 -0.024010 0.838004 0.006779
0.364496 0.468628 1.970253 0.545695 -0.023128 0.837641 0.006309
0.368865 0.468121 1.968925 0.546416 -0.022539 0.837180 0.007065
0.373159 0.467280 1.967484 0.547225 -0.022360 0.836643 0.008529
0.377092 0.466367 1.966160 0.548062 -0.022351 0.836078 0.010147
0.381193 0.466064 1.965218 0.549753 -0.022013 0.834986 0.009298
0.385218 0.465432 1.964194 0.551231 -0.021883 0.834017 0.009015
0.388910 0.464623 1.963224 0.552520 -0.021968 0.833158 0.009262
0.392151 0.463814 1.962387 0.553628 -0.022057 0.832415 0.009747
0.395382 0.463524 1.961606 0.554801 -0.020748 0.831676 0.008931
0.398685 0.463084 1.960462 0.555843 -0.019578 0.831010 0.008777
0.401790 0.462553 1.959224 0.556815 -0.018706 0.830375 0.009180
0.404544 0.462036 1.958055 0.557682 -0.017978 0.829802 0.009816
0.407183 0.461840 1.956748 0.558920 -0.016632 0.829001 0.009473
0.409787 0.461843 1.954919 0.560106 -0.015229 0.828226 0.009588
0.412159 0.461963 1.952948 0.561187 -0.013870 0.827512 0.010099
0.414206 0.462166 1.951062 0.562124 -0.012566 0.826888 0.010747
0.416099 0.462280 1.949161 0.563357 -0.010368 0.826075 0.011031
0.418087 0.462417 1.946931 0.564569 -0.008454 0.825260 0.011670
0.420047 0.462206 1.944981 0.565622 -0.007291 0.824527 0.013122
0.422004 0.461254 1.943896 0.566508 -0.007199 0.823894 0.014665
0.423144 0.460479 1.943222 0.567118 -0.006387 0.823489 0.014199
0.423290 0.460414 1.943024 0.567148 -0.005052 0.823496 0.013130
0.423300 0.460366 1.942974 0.567194 -0.004104 0.823476 0.012696
0.423304 0.460333 1.942928 0.567237 -0.003433 0.823456 0.012327
0.422969 0.460040 1.942693 0.567367 -0.003084 0.823391 0.010515
0.422775 0.459768 1.942345 0.567421 -0.002265 0.823357 0.010578
0.422681 0.459526 1.941983 0.567475 -0.001663 0.823318 0.010809
0.422635 0.459331 1.941633 0.567489 -0.001178 0.823305 0.011115
0.421438 0.458510 1.941191 0.567327 -0.000837 0.823418 0.011085
0.420314 0.457786 1.940700 0.567156 -0.000264 0.823509 0.012914
0.419411 0.457053 1.940384 0.567014 -0.000021 0.823578 0.014665
0.418707 0.456355 1.940147 0.566886 0.000001 0.823637 0.016179
0.416847 0.454792 1.939961 0.566981 -0.000673 0.823554 0.017058
0.414990 0.453521 1.939665 0.567084 -0.000962 0.823432 0.019329
0.413208 0.452707 1.939378 0.566948 -0.000941 0.823481 0.021164
0.411776 0.451850 1.939232 0.566890 -0.001273 0.823476 0.022847
0.409083 0.450305 1.939353 0.566635 -0.001612 0.823606 0.024371
0.406174 0.448774 1.939509 0.566371 -0.002021 0.823719 0.026576
0.403473 0.447549 1.939561 0.566085 -0.002483 0.823855 0.028354
0.401275 0.446375 1.939625 0.565917 -0.003182 0.823911 0.029986
0.397915 0.444770 1.940162 0.565243 -0.002977 0.824280 0.032476
0.394162 0.443332 1.940881 0.564819 -0.002969 0.824457 0.035241
0.390678 0.441909 1.941466 0.564382 -0.003468 0.824664 0.037301
0.387766 0.440235 1.941934 0.564015 -0.004530 0.824834 0.038932
0.383977 0.438468 1.942470 0.563798 -0.005117 0.824853 0.041506
0.379835 0.437152 1.942788 0.563329 -0.005159 0.825007 0.044698
0.376290 0.435590 1.942917 0.563149 -0.005901 0.824969 0.047491
0.373132 0.433943 1.942981 0.562819 -0.006936 0.825067 0.049507
0.369181 0.432130 1.943238 0.562569 -0.007138 0.825103 0.051672
0.365177 0.430308 1.943506 0.562607 -0.007403 0.824885 0.054623
0.361462 0.428530 1.943710 0.562501 -0.008084 0.824814 0.056654
0.358048 0.426705 1.943920 0.562130 -0.009104 0.824969 0.057916
0.353878 0.424687 1.944200 0.561601 -0.009096 0.825150 0.060406
0.349687 0.422892 1.944113 0.561621 -0.009126 0.824891 0.063668
0.345879 0.421099 1.943931 0.561587 -0.009667 0.824723 0.066014
0.342431 0.419226 1.943758 0.561389 -0.010593 0.824711 0.067696
0.338111 0.417210 1.943703 0.560761 -0.009894 0.824900 0.070643
0.333705 0.415244 1.943417 0.560773 -0.009876 0.824668 0.073203
0.329675 0.413268 1.943107 0.560721 -0.010294 0.824515 0.075236
0.326046 0.411191 1.942831 0.560459 -0.011072 0.824537 0.076830
0.321893 0.408866 1.942508 0.560205 -0.010876 0.824495 0.079115
0.317571 0.407172 1.941658 0.559806 -0.009469 0.824406 0.082950
0.313811 0.405199 1.940840 0.559536 -0.009087 0.824269 0.086127
0.310587 0.402839 1.940221 0.559265 -0.009604 0.824190 0.088548
0.306897 0.400146 1.939814 0.558887 -0.009125 0.824077 0.091981
0.303120 0.397631 1.939217 0.558839 -0.008101 0.823564 0.096828
0.299704 0.395058 1.938667 0.558730 -0.007923 0.823191 0.100573
0.296631 0.392331 1.938253 0.558499 -0.008469 0.822986 0.103441
0.293219 0.389192 1.938144 0.558137 -0.007979 0.822804 0.106832
0.289791 0.386000 1.938037 0.558038 -0.007472 0.822374 0.110623
0.286695 0.382755 1.937971 0.557904 -0.007822 0.822069 0.113512
0.284131 0.379281 1.938233 0.557926 -0.008885 0.821765 0.115513
0.281528 0.374925 1.939752 0.558401 -0.008995 0.821083 0.118033
0.278402 0.369938 1.942221 0.558765 -0.009836 0.820515 0.120166
0.275283 0.364498 1.944990 0.558836 -0.012175 0.820312 0.121004
0.272397 0.359087 1.947466 0.558706 -0.015200 0.820322 0.121196
0.269540 0.353854 1.949123 0.558710 -0.016638 0.820072 0.122670
0.266759 0.349126 1.950289 0.558479 -0.017136 0.819847 0.125129
0.264266 0.344353 1.951420 0.558153 -0.018529 0.819790 0.126752
0.262119 0.339384 1.952466 0.557830 -0.020799 0.819786 0.127847
0.259778 0.334149 1.953159 0.557584 -0.021827 0.819606 0.129881
0.256939 0.329366 1.953717 0.557228 -0.022402 0.819593 0.131384
0.254261 0.324567 1.954330 0.556928 -0.023812 0.819618 0.132251
0.251865 0.319544 1.954973 0.556562 -0.026038 0.819695 0.132891
0.249550 0.314021 1.955359 0.556628 -0.027599 0.819603 0.132867
0.247101 0.308658 1.955633 0.556317 -0.028315 0.819638 0.133800
0.244851 0.303244 1.955983 0.555756 -0.029888 0.819834 0.134592
0.242919 0.297643 1.956300 0.555401 -0.032254 0.819835 0.135500
0.240837 0.291526 1.956408 0.555511 -0.034479 0.819891 0.134157
0.238436 0.285667 1.956482 0.555408 -0.034965 0.819761 0.135244
0.236287 0.279794 1.956568 0.555375 -0.036563 0.819590 0.135990
0.234394 0.273749 1.956624 0.555347 -0.039159 0.819400 0.136532
0.232310 0.267195 1.956549 0.555205 -0.041896 0.819704 0.134452
0.229982 0.260470 1.956419 0.555128 -0.043424 0.819873 0.133253
0.227905 0.253816 1.956266 0.555151 -0.045074 0.819692 0.133718
0.226156 0.247102 1.956024 0.555169 -0.047705 0.819415 0.134425
0.224260 0.239942 1.955703 0.555205 -0.050807 0.819404 0.133205
0.222068 0.232500 1.955368 0.555549 -0.053017 0.819174 0.132323
0.219964 0.225124 1.955010 0.555565 -0.055006 0.818930 0.132948
0.218172 0.217753 1.954528 0.555372 -0.057725 0.818634 0.134415
0.216490 0.210123 1.953745 0.555881 -0.060744 0.818041 0.134595
0.214267 0.202443 1.952939 0.556489 -0.063213 0.817564 0.133836
0.212051 0.194757 1.952127 0.556927 -0.065822 0.817168 0.133174
0.210000 0.187096 1.951241 0.557198 -0.068999 0.816707 0.133265
0.207942 0.179273 1.950351 0.557801 -0.072404 0.816103 0.132631
0.205679 0.171182 1.949409 0.559233 -0.075374 0.815098 0.131117
0.203552 0.163142 1.948287 0.560561 -0.078135 0.814045 0.130372
0.201639 0.155382 1.947105 0.561551 -0.081253 0.813057 0.130377
0.199656 0.148112 1.945977 0.562370 -0.084489 0.812471 0.128417
0.197310 0.140862 1.944788 0.563404 -0.087280 0.812075 0.124466
0.195469 0.135252 1.943724 0.564388 -0.088069 0.811694 0.121908
0.193793 0.131336 1.942853 0.565311 -0.087009 0.811274 0.121191
0.191973 0.127724 1.942320 0.566228 -0.086277 0.811212 0.117803
0.190221 0.123750 1.942117 0.567419 -0.084988 0.811068 0.113936
0.188783 0.120561 1.941866 0.568809 -0.082130 0.810507 0.113086
0.187595 0.118059 1.941507 0.570128 -0.078817 0.809815 0.113758
0.186418 0.115342 1.941126 0.571392 -0.076677 0.809516 0.110976
0.184330 0.112224 1.941148 0.572648 -0.074259 0.809613 0.105293
0.182239 0.109696 1.941119 0.574100 -0.070877 0.809277 0.102259
0.180542 0.107299 1.940934 0.575525 -0.068256 0.808742 0.100238
0.178730 0.104344 1.940811 0.576828 -0.066815 0.808439 0.096084
0.176286 0.100648 1.940773 0.578167 -0.065661 0.808259 0.090159
0.173833 0.096781 1.940762 0.579181 -0.065557 0.808039 0.085583
0.171769 0.093310 1.940660 0.580053 -0.065732 0.807788 0.081827
0.169662 0.090235 1.940546 0.580199 -0.065152 0.807983 0.079296
0.167240 0.087637 1.940638 0.580108 -0.063636 0.808453 0.076346
0.164897 0.085506 1.940889 0.579581 -0.062613 0.809163 0.073627
0.162783 0.083644 1.941170 0.578810 -0.062104 0.809949 0.071441
0.160867 0.081988 1.941143 0.578374 -0.061002 0.810492 0.069747
0.158713 0.080470 1.940873 0.578040 -0.059620 0.811083 0.066792
0.156665 0.079223 1.940783 0.577471 -0.058656 0.811792 0.063881
0.154909 0.078189 1.940740 0.576930 -0.057951 0.812420 0.061384
0.153340 0.077492 1.940400 0.576452 -0.056701 0.812986 0.059508
