-0.067982 0.378335 1.467024 0.697514 0.013839 0.716406 0.006736
-0.067950 0.377642 1.466772 0.697326 0.014866 0.716566 0.006913
-0.067937 0.377063 1.466557 0.697172 0.015703 0.716698 0.007060
-0.067935 0.376603 1.466384 0.697128 0.016378 0.716725 0.007021
-0.067928 0.376411 1.466406 0.697576 0.016693 0.716291 0.005986
-0.067878 0.376266 1.466522 0.697957 0.016819 0.715924 0.005091
-0.067806 0.376132 1.466641 0.698238 0.016869 0.715654 0.004410
-0.067751 0.375987 1.466701 0.698356 0.017129 0.715535 0.003975
-0.067848 0.375781 1.466409 0.698062 0.018324 0.715792 0.004000
-0.068009 0.375606 1.466044 0.697803 0.019482 0.716014 0.004065
-0.068175 0.375465 1.465724 0.697606 0.020457 0.716178 0.004098
-0.068325 0.375363 1.465471 0.697483 0.021292 0.716275 0.003925
-0.068410 0.375330 1.465274 0.697486 0.021981 0.716253 0.003386
-0.068440 0.375286 1.465116 0.697488 0.022488 0.716237 0.003004
-0.068441 0.375235 1.464992 0.697483 0.022864 0.716231 0.002737
-0.068412 0.375167 1.465007 0.697206 0.023506 0.716481 0.002660
-0.068196 0.374977 1.465385 0.696587 0.024164 0.717059 0.002880
-0.067895 0.374760 1.465773 0.696097 0.024453 0.717524 0.003159
-0.067597 0.374556 1.466106 0.695711 0.024590 0.717893 0.003427
-0.067413 0.374638 1.466226 0.695042 0.025388 0.718514 0.003148
-0.067349 0.375054 1.465952 0.694244 0.027281 0.719218 0.002534
-0.067288 0.375389 1.465662 0.693636 0.028831 0.719746 0.002102
-0.067224 0.375649 1.465419 0.693153 0.030041 0.720162 0.001786
-0.067108 0.376386 1.465068 0.691939 0.031212 0.721281 0.000477
-0.066590 0.377461 1.464505 0.690581 0.032615 0.722518 -0.000894
-0.065881 0.378241 1.464018 0.689553 0.033460 0.723460 -0.001605
-0.065176 0.378820 1.463622 0.688754 0.033979 0.724195 -0.001979
-0.064475 0.379935 1.462999 0.687541 0.034868 0.725301 -0.003159
-0.063472 0.381239 1.462119 0.686460 0.036023 0.726263 -0.004148
-0.062393 0.382210 1.461358 0.685648 0.036709 0.726992 -0.004557
-0.061397 0.382953 1.460730 0.685028 0.037123 0.727555 -0.004691
-0.060557 0.384945 1.459847 0.684264 0.038425 0.728193 -0.006424
-0.059582 0.387406 1.458913 0.683964 0.040036 0.728366 -0.008591
-0.058552 0.389364 1.458162 0.683792 0.041069 0.728451 -0.010047
-0.057589 0.390916 1.457550 0.683679 0.041741 0.728505 -0.011013
-0.056383 0.393649 1.456516 0.683168 0.043667 0.728835 -0.013254
-0.054511 0.396282 1.455480 0.682961 0.045251 0.728901 -0.014868
-0.052491 0.398256 1.454660 0.682831 0.045973 0.728963 -0.015537
-0.050610 0.399772 1.454001 0.682741 0.046273 0.729024 -0.015739
-0.048770 0.403003 1.452323 0.682567 0.047949 0.729050 -0.016990
-0.046689 0.406120 1.450493 0.682799 0.049676 0.728695 -0.017934
-0.044644 0.408554 1.448961 0.683037 0.050741 0.728391 -0.018232
-0.042801 0.410539 1.447674 0.683222 0.051419 0.728168 -0.018291
-0.040742 0.414300 1.445682 0.683660 0.053755 0.727531 -0.020446
-0.038151 0.417596 1.443859 0.684350 0.055415 0.726717 -0.021855
-0.035531 0.420097 1.442387 0.684935 0.056210 0.726088 -0.022352
-0.033150 0.422200 1.441111 0.685295 0.056563 0.725716 -0.022523
-0.030936 0.426118 1.438665 0.685549 0.058454 0.725269 -0.024285
-0.028610 0.429538 1.436276 0.686088 0.060209 0.724573 -0.025531
-0.026406 0.432219 1.434278 0.686595 0.061347 0.723977 -0.026109
-0.024446 0.434636 1.432511 0.686787 0.062219 0.723710 -0.026409
-0.022231 0.438686 1.430023 0.686593 0.064892 0.723632 -0.027126
-0.019375 0.442041 1.427834 0.686741 0.066586 0.723336 -0.027162
-0.016449 0.444563 1.426070 0.686917 0.067354 0.723121 -0.026532
-0.013780 0.446930 1.424457 0.686853 0.067510 0.723178 -0.026242
-0.010978 0.450761 1.422274 0.686898 0.068411 0.722990 -0.027869
-0.007531 0.453894 1.420428 0.687229 0.068538 0.722635 -0.028596
-0.004015 0.456201 1.418979 0.687524 0.067968 0.722414 -0.028431
-0.000802 0.458489 1.417496 0.687628 0.067204 0.722388 -0.028382
0.002495 0.461973 1.415073 0.688291 0.067652 0.721665 -0.029642
0.006383 0.464723 1.412903 0.689101 0.067481 0.720896 -0.029906
0.010299 0.466681 1.411160 0.689762 0.066677 0.720363 -0.029316
0.013860 0.468844 1.409424 0.690015 0.066077 0.720198 -0.028772
0.017471 0.472150 1.407284 0.690558 0.066804 0.719590 -0.029275
0.021373 0.474701 1.405541 0.691161 0.066759 0.719022 -0.029098
0.025079 0.476577 1.404169 0.691660 0.066212 0.718620 -0.028412
0.028465 0.478785 1.402544 0.692173 0.065722 0.718151 -0.028922
0.032446 0.481526 1.400191 0.693357 0.065947 0.716927 -0.030394
0.037077 0.483362 1.398170 0.694438 0.065241 0.715943 -0.030419
0.041625 0.484505 1.396565 0.695277 0.063960 0.715279 -0.029583
0.045776 0.486270 1.394853 0.695823 0.063490 0.714775 -0.029955
0.050319 0.488656 1.393063 0.696790 0.063845 0.713738 -0.031395
0.055404 0.490225 1.391698 0.697651 0.063090 0.712956 -0.031579
0.060349 0.491134 1.390679 0.698279 0.061720 0.712490 -0.030899
0.064801 0.492944 1.389306 0.698654 0.061866 0.712093 -0.031300
0.069401 0.495329 1.387822 0.699506 0.062976 0.711101 -0.032549
0.074107 0.496936 1.386727 0.700213 0.063045 0.710387 -0.032817
0.078451 0.498005 1.385905 0.700754 0.062581 0.709909 -0.032510
0.082524 0.499934 1.384474 0.701409 0.062952 0.709141 -0.034368
0.087358 0.501820 1.382849 0.702553 0.063449 0.707874 -0.036175
0.092800 0.502775 1.381582 0.703505 0.062704 0.706982 -0.036416
0.098093 0.503104 1.380644 0.704191 0.061297 0.706458 -0.035710
0.102827 0.504674 1.378727 0.705154 0.061255 0.705381 -0.037979
0.107798 0.506243 1.376424 0.706765 0.061775 0.703594 -0.040281
0.113056 0.506987 1.374509 0.708140 0.061320 0.702204 -0.041087
0.118019 0.507211 1.373006 0.709202 0.060311 0.701224 -0.040993
0.122410 0.509013 1.370699 0.710347 0.061617 0.699779 -0.043811
0.127150 0.510643 1.368434 0.712011 0.062909 0.697803 -0.046410
0.132485 0.511395 1.366599 0.713472 0.062911 0.696237 -0.047476
0.137779 0.511526 1.365181 0.714515 0.062077 0.695243 -0.047444
0.142383 0.513416 1.362989 0.715070 0.064779 0.694311 -0.049100
0.147133 0.515093 1.361016 0.716147 0.067094 0.692859 -0.050760
0.152292 0.515927 1.359463 0.717118 0.067995 0.691730 -0.051260
0.157283 0.516299 1.358223 0.717738 0.068063 0.691090 -0.051125
0.161632 0.518516 1.356485 0.718384 0.071392 0.689910 -0.053393
0.166285 0.520338 1.355180 0.719362 0.073717 0.688480 -0.055505
0.171276 0.521275 1.354257 0.720139 0.074621 0.687498 -0.056377
0.176039 0.521908 1.353445 0.720533 0.074795 0.687031 -0.056797
0.180173 0.524404 1.351630 0.721394 0.077191 0.685616 -0.059690
0.184519 0.526381 1.350030 0.722659 0.078814 0.683868 -0.062265
0.189279 0.527431 1.348789 0.723737 0.079254 0.682557 -0.063557
0.193925 0.528195 1.347650 0.724263 0.079313 0.681928 -0.064236
0.198208 0.530355 1.345895 0.724801 0.081723 0.680890 -0.066143
0.202672 0.531925 1.344499 0.725570 0.083137 0.679746 -0.067691
0.207070 0.532796 1.343475 0.726122 0.083660 0.679025 -0.068354
0.211130 0.533761 1.342415 0.726433 0.083958 0.678566 -0.069248
0.215127 0.535995 1.340851 0.727377 0.085275 0.677089 -0.072123
0.219219 0.537609 1.339671 0.728287 0.085791 0.675808 -0.074310
0.223080 0.538645 1.338811 0.728944 0.085797 0.674948 -0.075664
0.226686 0.539886 1.337778 0.729353 0.085824 0.674352 -0.076981
0.230729 0.541610 1.336137 0.730496 0.085997 0.672838 -0.079173
0.235264 0.542363 1.334815 0.731515 0.085343 0.671688 -0.080234
0.239749 0.542502 1.333839 0.732228 0.084243 0.671026 -0.080439
0.244052 0.543048 1.332647 0.732553 0.083477 0.670771 -0.080399
0.248264 0.544089 1.330959 0.733338 0.082973 0.669914 -0.080910
0.252113 0.544689 1.329569 0.734044 0.082288 0.669202 -0.081091
0.255466 0.545075 1.328477 0.734616 0.081575 0.668658 -0.081133
0.258593 0.546169 1.327148 0.735181 0.081326 0.667975 -0.081878
0.262026 0.547478 1.325718 0.736275 0.080928 0.666624 -0.083436
0.265462 0.548176 1.324652 0.737076 0.080176 0.665726 -0.084259
0.268628 0.548541 1.323847 0.737664 0.079323 0.665124 -0.084673
0.271761 0.549277 1.322701 0.737977 0.079074 0.664820 -0.084571
0.275163 0.549723 1.321298 0.738604 0.078600 0.664219 -0.084256
0.278481 0.549730 1.320184 0.739114 0.077832 0.663823 -0.083618
0.281492 0.549565 1.319340 0.739496 0.076982 0.663582 -0.082929
0.284267 0.550174 1.318172 0.739671 0.077007 0.663443 -0.082463
0.286764 0.550924 1.316990 0.740137 0.077082 0.662907 -0.082527
0.288936 0.551481 1.316064 0.740535 0.077029 0.662462 -0.082575
0.290762 0.551935 1.315333 0.740867 0.076940 0.662092 -0.082650
0.292481 0.553053 1.314056 0.741476 0.077865 0.661264 -0.082944
0.294221 0.553918 1.312664 0.742489 0.078554 0.659984 -0.083427
0.295896 0.554463 1.311552 0.743322 0.078906 0.658972 -0.083674
0.297410 0.554845 1.310699 0.743977 0.079059 0.658196 -0.083828
0.298968 0.555768 1.309171 0.744293 0.080497 0.657660 -0.083855
0.300591 0.556306 1.307570 0.744944 0.081666 0.656782 -0.083825
0.302181 0.556588 1.306311 0.745502 0.082360 0.656080 -0.083681
0.303634 0.556771 1.305343 0.745928 0.082764 0.655562 -0.083553
0.304947 0.557498 1.304241 0.746407 0.083039 0.654819 -0.084812
0.306165 0.558075 1.303350 0.746938 0.083169 0.654042 -0.086000
0.307458 0.558294 1.302624 0.747193 0.082865 0.653724 -0.086490
0.309298 0.557816 1.301911 0.747070 0.081922 0.654077 -0.085785
0.311257 0.557649 1.300845 0.746994 0.081902 0.654180 -0.085676
0.312693 0.557902 1.300325 0.746834 0.081921 0.654309 -0.086071
0.313970 0.558081 1.299993 0.746538 0.081752 0.654646 -0.086235
0.315063 0.558150 1.299632 0.746301 0.081818 0.654894 -0.086339
0.316002 0.558066 1.298988 0.746321 0.082899 0.654589 -0.087445
0.316792 0.558046 1.298573 0.746189 0.083434 0.654548 -0.088361
0.317532 0.557977 1.298256 0.746014 0.083707 0.654630 -0.088973
0.318166 0.557841 1.297915 0.745889 0.083902 0.654634 -0.089795
0.318286 0.557748 1.297163 0.745569 0.085481 0.654623 -0.091034
0.318164 0.557862 1.296616 0.745160 0.086769 0.654785 -0.092000
0.318012 0.558034 1.296230 0.744801 0.087668 0.654953 -0.092851
0.317741 0.557986 1.295923 0.744577 0.088091 0.654959 -0.094207
0.316880 0.557564 1.295420 0.744309 0.089061 0.654871 -0.095998
0.315964 0.557264 1.294864 0.744039 0.089952 0.654874 -0.097240
0.315178 0.557021 1.294391 0.743827 0.090601 0.654886 -0.098173
0.314289 0.556477 1.294074 0.743623 0.091018 0.654882 -0.099347
0.312347 0.555745 1.293472 0.743335 0.093199 0.654758 -0.100292
0.310253 0.555347 1.292779 0.743122 0.095111 0.654602 -0.101096
0.308344 0.555167 1.292267 0.742938 0.096468 0.654483 -0.101925
0.306319 0.554554 1.292068 0.742877 0.096926 0.654290 -0.103163
0.303086 0.554039 1.291840 0.743266 0.097683 0.653391 -0.105327
0.300091 0.553713 1.291531 0.743271 0.098281 0.653051 -0.106837
0.297399 0.553577 1.291285 0.743238 0.098918 0.652784 -0.108102
0.294574 0.552840 1.291341 0.743265 0.098618 0.652572 -0.109463
0.290374 0.552238 1.291132 0.743355 0.099457 0.652106 -0.110855
0.286130 0.552037 1.290709 0.743296 0.100632 0.651799 -0.111994
0.282246 0.552075 1.290351 0.743271 0.101718 0.651458 -0.113152
0.278426 0.551391 1.290478 0.743499 0.101496 0.650994 -0.114524
0.273861 0.550663 1.290629 0.743477 0.102402 0.650709 -0.115468
0.268972 0.550398 1.290523 0.743271 0.104033 0.650539 -0.116290
0.264311 0.550457 1.290350 0.743062 0.105724 0.650341 -0.117207
0.259804 0.549808 1.290370 0.743125 0.105625 0.650117 -0.118133
0.254655 0.549105 1.289953 0.743315 0.106362 0.649667 -0.118753
0.249296 0.548844 1.289464 0.743253 0.107721 0.649396 -0.119396
0.244266 0.548840 1.288938 0.743156 0.109234 0.649122 -0.120120
0.239441 0.548390 1.289008 0.743227 0.108551 0.648936 -0.121293
0.234093 0.548162 1.288993 0.743348 0.108479 0.648528 -0.122791
0.228501 0.548291 1.288768 0.743318 0.109326 0.648136 -0.124286
0.223246 0.548639 1.288504 0.743217 0.110644 0.647760 -0.125668
0.218014 0.548758 1.288672 0.742977 0.110628 0.647887 -0.126448
0.212096 0.549067 1.288460 0.742882 0.112033 0.647605 -0.127208
0.206223 0.549626 1.288102 0.742729 0.113961 0.647260 -0.128147
0.200824 0.550344 1.287784 0.742583 0.115822 0.646860 -0.129341
0.195295 0.550993 1.288083 0.742052 0.115984 0.647311 -0.129984
0.188889 0.551942 1.287975 0.741685 0.117911 0.647193 -0.130925
0.182558 0.553050 1.287723 0.741348 0.120104 0.646911 -0.132229
0.176779 0.554202 1.287572 0.740979 0.122015 0.646682 -0.133666
0.170810 0.555172 1.288120 0.740522 0.121471 0.647086 -0.134729
0.164549 0.556140 1.288123 0.740334 0.122338 0.646898 -0.135874
0.158679 0.557200 1.288041 0.740224 0.123509 0.646492 -0.137337
0.153551 0.558120 1.288063 0.739936 0.124309 0.646421 -0.138494
0.147941 0.559374 1.288524 0.739522 0.124079 0.646779 -0.139248
0.142082 0.560673 1.288556 0.739328 0.125084 0.646587 -0.140268
0.136595 0.561980 1.288557 0.739132 0.126340 0.646285 -0.141558
0.131743 0.563183 1.288735 0.738794 0.127062 0.646314 -0.142540
0.126026 0.564866 1.289325 0.738538 0.126827 0.646430 -0.143539
0.119870 0.566639 1.289530 0.738401 0.127845 0.646062 -0.144999
0.114052 0.568360 1.289713 0.738230 0.128782 0.645644 -0.146885
0.108718 0.570058 1.290056 0.738048 0.129494 0.645357 -0.148429
0.102817 0.572121 1.290701 0.737780 0.129707 0.645338 -0.149653
0.096710 0.574257 1.291261 0.737473 0.130675 0.645078 -0.151435
0.090985 0.576248 1.291755 0.737147 0.132037 0.644717 -0.153362
0.085791 0.578197 1.292263 0.736743 0.133443 0.644619 -0.154497
0.080315 0.580567 1.293009 0.736417 0.134051 0.644610 -0.155557
0.074841 0.582874 1.293718 0.736133 0.135158 0.644305 -0.157198
0.069796 0.584944 1.294339 0.735859 0.136512 0.643897 -0.158973
0.065030 0.587138 1.294833 0.735203 0.138345 0.644031 -0.159879
0.059027 0.590161 1.295420 0.734331 0.140743 0.644132 -0.161381
0.052583 0.593166 1.295994 0.733654 0.143589 0.643648 -0.163866
0.046403 0.595905 1.296516 0.733077 0.146496 0.642937 -0.166642
0.040696 0.598594 1.296956 0.732267 0.149154 0.642777 -0.168452
0.034933 0.601414 1.297451 0.731478 0.151373 0.642676 -0.170276
0.029497 0.603914 1.297885 0.730850 0.153673 0.642293 -0.172341
0.024641 0.606063 1.298210 0.730297 0.156127 0.641809 -0.174273
0.020093 0.608201 1.298465 0.729615 0.157976 0.641875 -0.175219
0.014745 0.610555 1.298683 0.729203 0.159787 0.641470 -0.176773
0.009319 0.612758 1.298926 0.728859 0.161810 0.640765 -0.178893
0.004372 0.614676 1.299165 0.728404 0.163956 0.640182 -0.180867
-0.000021 0.616432 1.299521 0.727893 0.165714 0.640055 -0.181770
-0.004269 0.618042 1.299868 0.727320 0.167857 0.639975 -0.182377
-0.008152 0.619440 1.300153 0.726829 0.169882 0.639763 -0.183201
-0.011469 0.620612 1.300407 0.726403 0.171631 0.639542 -0.184032
-0.014237 0.621206 1.300948 0.725854 0.172416 0.640316 -0.182767
-0.017121 0.621530 1.301279 0.725482 0.172829 0.640963 -0.181581
-0.020023 0.621848 1.301435 0.725241 0.173632 0.641183 -0.181004
-0.022592 0.622115 1.301530 0.725030 0.174407 0.641309 -0.180655
-0.024639 0.621602 1.302038 0.725072 0.174304 0.641896 -0.178486
-0.026817 0.620973 1.302372 0.725039 0.174112 0.642510 -0.176591
-0.029011 0.620472 1.302533 0.725052 0.174316 0.642781 -0.175347
-0.031022 0.620067 1.302615 0.725072 0.174684 0.642885 -0.174515
-0.032279 0.618246 1.303473 0.725380 0.173558 0.643862 -0.170713
-0.033781 0.616467 1.304090 0.725399 0.172471 0.645015 -0.167350
-0.035425 0.615004 1.304481 0.725439 0.171974 0.645727 -0.164926
-0.036965 0.613726 1.304797 0.725554 0.171778 0.646124 -0.163053
-0.037734 0.610696 1.306279 0.726246 0.169016 0.647067 -0.159073
-0.038861 0.607980 1.307565 0.726467 0.166662 0.648240 -0.155734
-0.040176 0.605742 1.308553 0.726606 0.165147 0.649042 -0.153343
-0.041398 0.603714 1.309420 0.726808 0.164073 0.649575 -0.151269
-0.042339 0.599889 1.310981 0.727040 0.160663 0.651268 -0.146460
-0.043584 0.596067 1.312180 0.727001 0.158160 0.652811 -0.142449
-0.044765 0.592804 1.313231 0.726892 0.156900 0.653842 -0.139645
-0.045610 0.589776 1.314212 0.726905 0.155585 0.654757 -0.136732
-0.046861 0.585674 1.315745 0.727278 0.152023 0.656027 -0.132607
-0.048948 0.581594 1.317029 0.727198 0.149555 0.657316 -0.129426
-0.050832 0.577725 1.318111 0.726977 0.147896 0.658414 -0.126974
-0.052033 0.574013 1.319260 0.726854 0.146209 0.659561 -0.123633
-0.053210 0.569638 1.321502 0.726678 0.142209 0.661702 -0.117754
-0.055020 0.565388 1.323792 0.726002 0.139172 0.663857 -0.113341
-0.056948 0.561361 1.325887 0.725169 0.137117 0.665730 -0.110142
-0.058030 0.557197 1.327955 0.724721 0.134364 0.667488 -0.105758
-0.058819 0.552243 1.330240 0.724784 0.128668 0.669570 -0.099035
-0.060209 0.547421 1.332350 0.724401 0.124486 0.671519 -0.093861
-0.062022 0.542769 1.334373 0.723667 0.121542 0.673373 -0.090018
-0.063551 0.538076 1.336459 0.723328 0.118270 0.674939 -0.085241
-0.064737 0.532965 1.338893 0.723356 0.112936 0.676563 -0.079152
-0.066224 0.528025 1.341280 0.722898 0.108855 0.678246 -0.074502
-0.067970 0.523256 1.343614 0.722087 0.105841 0.679954 -0.071071
-0.069318 0.518356 1.346144 0.721760 0.102062 0.681381 -0.066061
-0.070345 0.513142 1.349258 0.721661 0.096284 0.682878 -0.060113
-0.071632 0.508144 1.352331 0.721104 0.091728 0.684464 -0.055712
-0.072883 0.503451 1.355215 0.720343 0.088207 0.685979 -0.052524
-0.073360 0.498443 1.358428 0.719953 0.083528 0.687378 -0.046918
-0.073919 0.493105 1.362309 0.719460 0.077353 0.689002 -0.040863
-0.074723 0.488139 1.365994 0.718715 0.072493 0.690546 -0.036587
-0.074990 0.483541 1.369387 0.717913 0.068353 0.691967 -0.033298
-0.074731 0.478586 1.373272 0.717184 0.064347 0.693366 -0.027385
-0.075029 0.473699 1.377694 0.716258 0.060341 0.694868 -0.022182
-0.075050 0.469235 1.381826 0.715347 0.056861 0.696206 -0.018475
-0.074260 0.464958 1.385676 0.714413 0.053309 0.697522 -0.015291
-0.073130 0.460259 1.390190 0.713237 0.049410 0.699108 -0.009934
-0.072496 0.455772 1.395234 0.711915 0.045354 0.700775 -0.005880
-0.071507 0.451579 1.399951 0.710654 0.041511 0.702310 -0.002923
-0.069773 0.447450 1.404302 0.709412 0.037477 0.703797 -0.000205
-0.067581 0.442998 1.409087 0.707788 0.033842 0.705594 0.005205
-0.065254 0.438640 1.414048 0.706196 0.029734 0.707324 0.009812
-0.062457 0.434364 1.418673 0.704682 0.025363 0.708935 0.013798
-0.059416 0.430355 1.422742 0.703260 0.020853 0.710407 0.017672
-0.056460 0.426122 1.427896 0.700962 0.017052 0.712626 0.022923
-0.053396 0.421924 1.433510 0.698688 0.012339 0.714801 0.027233
-0.050453 0.418166 1.438428 0.696761 0.007678 0.716594 0.030963
-0.047890 0.414936 1.442535 0.695223 0.003668 0.717977 0.034060
-0.045224 0.410944 1.447599 0.693691 0.000650 0.719275 0.037907
-0.042299 0.406807 1.452747 0.692084 -0.003565 0.720611 0.041565
-0.039566 0.403151 1.457141 0.690732 -0.007656 0.721684 0.044770
-0.037201 0.399996 1.460842 0.689636 -0.010900 0.722514 0.047512
-0.034708 0.396396 1.465394 0.687855 -0.011792 0.723928 0.051425
-0.032253 0.392995 1.469666 0.686216 -0.013664 0.725188 0.054983
-0.030092 0.390063 1.473251 0.684906 -0.015600 0.726160 0.057890
-0.028227 0.387526 1.476379 0.683814 -0.016780 0.726974 0.060215
-0.025590 0.384329 1.480920 0.681839 -0.016768 0.728588 0.063041
-0.022593 0.381045 1.485266 0.680058 -0.018513 0.729930 0.066187
-0.019805 0.378078 1.488929 0.678608 -0.020613 0.730958 0.069042
-0.017356 0.375482 1.492212 0.677283 -0.021791 0.731944 0.071207
-0.014738 0.372655 1.496574 0.675230 -0.021691 0.733701 0.072646
-0.012186 0.369913 1.500561 0.673543 -0.022749 0.735063 0.074192
-0.009939 0.367482 1.503888 0.672200 -0.024055 0.736109 0.075579
-0.007857 0.365407 1.506988 0.670835 -0.024016 0.737264 0.076453
-0.004661 0.362970 1.510986 0.668641 -0.023099 0.739147 0.077761
-0.001127 0.360254 1.514581 0.666798 -0.024019 0.740548 0.079954
0.002120 0.357692 1.517583 0.665299 -0.025482 0.741599 0.082213
0.005123 0.355504 1.520558 0.663951 -0.025246 0.742681 0.083405
0.008884 0.353042 1.524481 0.662391 -0.024436 0.744014 0.084169
0.012687 0.350361 1.527980 0.661087 -0.025284 0.744967 0.085723
