-0.042772 0.366211 1.449497 0.688430 -0.023509 0.724915 0.003232
-0.042974 0.366348 1.449495 0.688749 -0.022689 0.724641 0.001986
-0.042742 0.366435 1.449536 0.689236 -0.022109 0.724199 0.000786
-0.042326 0.366393 1.449605 0.689574 -0.021913 0.723884 0.000105
-0.041872 0.366296 1.449685 0.689804 -0.021896 0.723665 -0.000295
-0.041475 0.366250 1.449794 0.689938 -0.021765 0.723541 -0.000734
-0.041419 0.366574 1.450117 0.689970 -0.020914 0.723533 -0.002097
-0.041519 0.366941 1.450456 0.690058 -0.020114 0.723467 -0.003495
-0.041660 0.367268 1.450750 0.690146 -0.019431 0.723394 -0.004714
-0.041795 0.367541 1.450998 0.690220 -0.018873 0.723331 -0.005724
-0.041786 0.368288 1.451005 0.690446 -0.016819 0.723148 -0.007556
-0.041493 0.368987 1.450905 0.690625 -0.014929 0.723003 -0.008975
-0.041085 0.369477 1.450823 0.690749 -0.013596 0.722899 -0.009885
-0.040662 0.369831 1.450763 0.690829 -0.012635 0.722831 -0.010488
-0.040300 0.370391 1.450706 0.691198 -0.011463 0.722481 -0.011652
-0.039989 0.371255 1.450776 0.691882 -0.010231 0.721809 -0.013644
-0.039678 0.371974 1.450895 0.692445 -0.009353 0.721248 -0.015264
-0.039380 0.372545 1.451013 0.692884 -0.008718 0.720807 -0.016519
-0.039107 0.373147 1.451035 0.693277 -0.007803 0.720417 -0.017458
-0.038826 0.374758 1.450315 0.693972 -0.004464 0.719749 -0.018590
-0.038434 0.376203 1.449527 0.694616 -0.001592 0.719116 -0.019441
-0.038006 0.377353 1.448851 0.695124 0.000628 0.718612 -0.019962
-0.037585 0.378273 1.448284 0.695518 0.002345 0.718219 -0.020277
-0.037116 0.379793 1.447606 0.696613 0.005134 0.717104 -0.021568
-0.036470 0.381356 1.447004 0.697770 0.007581 0.715914 -0.022985
-0.035757 0.382586 1.446527 0.698691 0.009339 0.714963 -0.023925
-0.035066 0.383557 1.446140 0.699416 0.010627 0.714215 -0.024534
-0.034392 0.384921 1.445622 0.700156 0.012689 0.713424 -0.025428
-0.033414 0.387030 1.444923 0.701114 0.015675 0.712367 -0.026963
-0.032243 0.388711 1.444379 0.701911 0.017715 0.711497 -0.027904
-0.031070 0.390019 1.443949 0.702530 0.019109 0.710831 -0.028409
-0.029979 0.391209 1.443522 0.703080 0.020385 0.710235 -0.028814
-0.028573 0.393796 1.442137 0.704261 0.024334 0.708863 -0.030628
-0.026739 0.395958 1.440707 0.705329 0.027407 0.707646 -0.031578
-0.024842 0.397575 1.439493 0.706181 0.029495 0.706701 -0.031820
-0.023065 0.398822 1.438478 0.706856 0.030951 0.705967 -0.031724
-0.021461 0.401194 1.437324 0.707652 0.033534 0.704995 -0.032961
-0.019806 0.404025 1.436299 0.708670 0.036127 0.703744 -0.035010
-0.018158 0.406323 1.435506 0.709533 0.037888 0.702707 -0.036467
-0.016627 0.408168 1.434863 0.710238 0.039104 0.701877 -0.037444
-0.015234 0.410434 1.434049 0.710701 0.041118 0.701224 -0.038702
-0.013365 0.414124 1.432680 0.711386 0.044873 0.700151 -0.041299
-0.011026 0.417073 1.431538 0.712058 0.047274 0.699216 -0.042837
-0.008636 0.419334 1.430616 0.712622 0.048711 0.698498 -0.043559
-0.006413 0.421195 1.429827 0.713023 0.049705 0.698001 -0.043845
-0.004434 0.424882 1.428490 0.712889 0.053648 0.697764 -0.045117
-0.001952 0.428385 1.427281 0.713080 0.056833 0.697234 -0.046385
0.000836 0.431082 1.426334 0.713309 0.058689 0.696820 -0.046775
0.003554 0.433158 1.425575 0.713531 0.059739 0.696512 -0.046645
0.005993 0.436022 1.424457 0.713582 0.061250 0.696276 -0.047429
0.008671 0.439439 1.423116 0.713964 0.063164 0.695600 -0.049067
0.011703 0.442118 1.422025 0.714379 0.064058 0.695038 -0.049816
0.014690 0.444156 1.421150 0.714751 0.064288 0.694627 -0.049918
0.017359 0.446347 1.420217 0.714800 0.064669 0.694546 -0.049856
0.019648 0.450336 1.418984 0.714723 0.066980 0.694289 -0.051452
0.022295 0.453873 1.418057 0.714878 0.068515 0.693866 -0.052943
0.025091 0.456628 1.417378 0.715061 0.069155 0.693559 -0.053669
0.027743 0.458820 1.416838 0.715235 0.069302 0.693343 -0.053960
0.030198 0.462296 1.415454 0.715291 0.070875 0.693025 -0.055242
0.033112 0.465566 1.414020 0.715675 0.072384 0.692377 -0.056431
0.036410 0.468026 1.412846 0.716072 0.072903 0.691891 -0.056693
0.039654 0.469859 1.411902 0.716426 0.072818 0.691558 -0.056382
0.042553 0.472397 1.410474 0.716482 0.072865 0.691441 -0.057037
0.045453 0.475728 1.408538 0.716798 0.074033 0.690848 -0.058732
0.048833 0.478362 1.406851 0.717241 0.074484 0.690263 -0.059617
0.052317 0.480279 1.405483 0.717654 0.074231 0.689855 -0.059684
0.055562 0.482061 1.404190 0.717983 0.073658 0.689548 -0.059987
0.058735 0.485011 1.402528 0.718590 0.074191 0.688634 -0.062505
0.062409 0.487403 1.401169 0.719290 0.074107 0.687748 -0.064288
0.066217 0.489085 1.400114 0.719884 0.073335 0.687138 -0.065045
0.069801 0.490296 1.399280 0.720384 0.072288 0.686707 -0.065231
0.073019 0.492832 1.397336 0.720902 0.072444 0.685952 -0.067247
0.076538 0.495291 1.395089 0.721813 0.073286 0.684714 -0.069143
0.080464 0.496979 1.393139 0.722688 0.073310 0.683714 -0.069882
0.084337 0.498083 1.391538 0.723433 0.072761 0.682988 -0.069843
0.087935 0.499649 1.389690 0.724115 0.072181 0.682279 -0.070301
0.091682 0.501823 1.387350 0.725215 0.072368 0.680960 -0.071555
0.096018 0.503346 1.385266 0.726342 0.071917 0.679763 -0.071955
0.100715 0.504159 1.383558 0.727313 0.070684 0.678913 -0.071385
0.105239 0.504759 1.382039 0.728089 0.069090 0.678327 -0.070612
0.109314 0.506726 1.379827 0.729308 0.069034 0.676903 -0.071740
0.113601 0.508352 1.377790 0.730664 0.068830 0.675360 -0.072685
0.118213 0.509316 1.376098 0.731854 0.067920 0.674154 -0.072749
0.122712 0.509772 1.374744 0.732807 0.066563 0.673317 -0.072156
0.126815 0.511321 1.373118 0.733934 0.066154 0.671993 -0.073413
0.131066 0.513053 1.371722 0.735296 0.065968 0.670305 -0.075364
0.135630 0.514121 1.370667 0.736431 0.065037 0.669036 -0.076359
0.140079 0.514666 1.369870 0.737309 0.063667 0.668178 -0.076556
0.144174 0.515599 1.368853 0.737989 0.063173 0.667443 -0.076819
0.148368 0.517262 1.367555 0.738939 0.064146 0.666161 -0.077993
0.153098 0.518255 1.366520 0.739841 0.064166 0.665103 -0.078457
0.158002 0.518577 1.365749 0.740537 0.063343 0.664459 -0.078022
0.162635 0.518688 1.365055 0.741051 0.062223 0.664073 -0.077318
0.166944 0.520120 1.363620 0.741948 0.063137 0.662861 -0.078370
0.171587 0.521137 1.362332 0.742990 0.063576 0.661545 -0.079254
0.176620 0.521437 1.361294 0.743890 0.063079 0.660586 -0.079214
0.181573 0.521233 1.360504 0.744573 0.061976 0.660010 -0.078466
0.186061 0.522147 1.358979 0.745354 0.062188 0.659095 -0.078572
0.190309 0.523427 1.357140 0.746608 0.063197 0.657462 -0.079534
0.194437 0.524167 1.355577 0.747690 0.063595 0.656150 -0.079892
0.198224 0.524571 1.354300 0.748578 0.063588 0.655140 -0.079865
0.201632 0.525382 1.352937 0.749377 0.063985 0.654127 -0.080363
0.205294 0.526987 1.351443 0.750554 0.065575 0.652361 -0.082424
0.209533 0.527818 1.350342 0.751540 0.066055 0.651025 -0.083609
0.213886 0.528012 1.349530 0.752260 0.065728 0.650194 -0.083856
0.218005 0.527961 1.348853 0.752790 0.065032 0.649677 -0.083660
0.222047 0.529175 1.347347 0.753715 0.065774 0.648418 -0.084517
0.226378 0.529895 1.346001 0.754777 0.066004 0.647060 -0.085244
0.230739 0.530023 1.344938 0.755601 0.065574 0.646147 -0.085207
0.234817 0.529850 1.344105 0.756242 0.064825 0.645527 -0.084793
0.238579 0.530614 1.342649 0.757056 0.065166 0.644463 -0.085362
0.242294 0.531580 1.340923 0.758281 0.066097 0.642751 -0.086669
0.245878 0.532056 1.339472 0.759292 0.066491 0.641426 -0.087330
0.249156 0.532269 1.338289 0.760118 0.066551 0.640400 -0.087630
0.252152 0.532844 1.337013 0.760803 0.066972 0.639499 -0.087949
0.255404 0.534284 1.335247 0.762005 0.068442 0.637696 -0.089484
0.258875 0.535045 1.333820 0.763014 0.069109 0.636295 -0.090353
0.262258 0.535363 1.332687 0.763795 0.069245 0.635298 -0.090664
0.265371 0.535484 1.331771 0.764401 0.069124 0.634574 -0.090710
0.268720 0.536827 1.330499 0.764832 0.070724 0.633786 -0.091359
0.272528 0.537706 1.329751 0.765220 0.071572 0.633125 -0.092032
0.276415 0.538006 1.329280 0.765399 0.071698 0.632887 -0.092077
0.280082 0.537983 1.328953 0.765491 0.071458 0.632844 -0.091796
0.283576 0.538628 1.328167 0.765513 0.072551 0.632718 -0.091614
0.287084 0.539577 1.327265 0.765794 0.074398 0.632108 -0.092004
0.290463 0.540101 1.326610 0.765973 0.075551 0.631740 -0.092095
0.293548 0.540375 1.326119 0.766095 0.076267 0.631517 -0.092019
0.296350 0.540831 1.325549 0.766122 0.076963 0.631394 -0.092052
0.299247 0.542036 1.324583 0.766450 0.078311 0.630662 -0.093212
0.302147 0.542770 1.323855 0.766726 0.079090 0.630106 -0.094031
0.304875 0.543187 1.323300 0.766918 0.079495 0.629751 -0.094504
0.307324 0.543435 1.322877 0.767065 0.079683 0.629502 -0.094810
0.309718 0.544671 1.321842 0.767044 0.081779 0.629157 -0.095482
0.312054 0.545747 1.320916 0.767233 0.083707 0.628536 -0.096387
0.314254 0.546494 1.320198 0.767366 0.085088 0.628089 -0.097023
0.316234 0.547043 1.319643 0.767468 0.086094 0.627752 -0.097509
0.318030 0.547862 1.319065 0.767374 0.087665 0.627551 -0.098145
0.319830 0.548828 1.318687 0.767217 0.089746 0.627305 -0.099055
0.321596 0.549509 1.318477 0.767006 0.091261 0.627242 -0.099708
0.323222 0.549988 1.318323 0.766810 0.092390 0.627241 -0.100174
0.324658 0.550410 1.318155 0.766637 0.093157 0.627241 -0.100788
0.325953 0.550922 1.317788 0.766568 0.094117 0.626995 -0.101950
0.327204 0.551244 1.317487 0.766531 0.094843 0.626785 -0.102830
0.328244 0.551536 1.317265 0.766587 0.095543 0.626465 -0.103713
0.328654 0.552104 1.317110 0.766810 0.096581 0.625806 -0.105079
0.329155 0.552048 1.316624 0.766485 0.099242 0.625850 -0.104709
0.329436 0.552244 1.316328 0.766220 0.100788 0.625845 -0.105196
0.329505 0.552643 1.316175 0.766086 0.101302 0.625737 -0.106320
0.329449 0.553109 1.316078 0.766022 0.101406 0.625578 -0.107606
0.329082 0.553089 1.315829 0.765876 0.102649 0.625481 -0.108032
0.328461 0.552500 1.315229 0.766265 0.102094 0.624861 -0.109384
0.327980 0.552021 1.314747 0.766521 0.100752 0.624552 -0.110585
0.327771 0.551480 1.314393 0.766627 0.099457 0.624510 -0.111258
0.327622 0.550735 1.314108 0.766857 0.098136 0.624314 -0.111946
0.326138 0.549270 1.313577 0.767666 0.097523 0.623114 -0.113606
0.323989 0.548740 1.313259 0.767884 0.097522 0.622594 -0.114984
0.321932 0.548445 1.312999 0.767949 0.097318 0.622320 -0.116196
0.320112 0.548228 1.312738 0.767978 0.097200 0.622127 -0.117127
0.316947 0.547458 1.312545 0.768560 0.097649 0.620961 -0.119111
0.313006 0.546684 1.311840 0.768632 0.098482 0.620558 -0.120062
0.309274 0.546167 1.311053 0.768613 0.099312 0.620330 -0.120673
0.305918 0.545839 1.310392 0.768647 0.100087 0.620043 -0.121289
0.302319 0.545505 1.310285 0.768619 0.101786 0.619646 -0.122082
0.297848 0.544690 1.310623 0.768888 0.102766 0.618708 -0.124305
0.293354 0.544092 1.310590 0.768976 0.104075 0.618051 -0.125924
0.288943 0.543852 1.310464 0.768985 0.105572 0.617495 -0.127344
0.284805 0.543830 1.310407 0.768979 0.107148 0.616948 -0.128705
0.279966 0.543092 1.310950 0.769021 0.109229 0.616154 -0.130494
0.275113 0.542383 1.311194 0.769200 0.111383 0.615198 -0.132121
0.270185 0.542016 1.311256 0.769221 0.113848 0.614440 -0.133424
0.265425 0.541949 1.311235 0.769147 0.116376 0.613811 -0.134562
0.260545 0.541628 1.311668 0.769162 0.116991 0.613159 -0.136893
0.255488 0.540911 1.311917 0.769460 0.117155 0.612181 -0.139431
0.250357 0.540484 1.311931 0.769597 0.118135 0.611358 -0.141442
0.245124 0.540370 1.311861 0.769570 0.119567 0.610696 -0.143237
0.239774 0.540402 1.311959 0.769446 0.121098 0.610104 -0.145126
0.234297 0.540205 1.312585 0.769482 0.122537 0.609204 -0.147489
0.228846 0.540195 1.313057 0.769460 0.124191 0.608333 -0.149792
0.223316 0.540434 1.313365 0.769299 0.126238 0.607591 -0.151910
0.217626 0.540946 1.313580 0.769015 0.128688 0.606921 -0.153955
0.211752 0.541326 1.313981 0.768824 0.130440 0.606165 -0.156393
0.205817 0.541769 1.314231 0.768603 0.132617 0.605386 -0.158651
0.199775 0.542413 1.314376 0.768272 0.135230 0.604659 -0.160806
0.193557 0.543291 1.314461 0.767835 0.138246 0.603951 -0.162977
0.187224 0.544215 1.314742 0.767389 0.140489 0.603297 -0.165558
0.180807 0.545075 1.315118 0.766994 0.142960 0.602518 -0.168089
0.174256 0.546071 1.315389 0.766501 0.146018 0.601731 -0.170515
0.167552 0.547183 1.315545 0.765909 0.149450 0.600954 -0.172922
0.160727 0.548473 1.315714 0.765187 0.152711 0.600308 -0.175495
0.153767 0.549954 1.316029 0.764396 0.155782 0.599750 -0.178131
0.146503 0.551563 1.316286 0.763637 0.159518 0.598907 -0.180894
0.139021 0.553228 1.316456 0.762797 0.163589 0.598008 -0.183754
0.131485 0.554985 1.316579 0.761908 0.167723 0.597051 -0.186803
0.124058 0.556783 1.316661 0.760733 0.170903 0.596797 -0.189500
0.116313 0.558422 1.316455 0.759605 0.175034 0.596310 -0.191776
0.108253 0.560206 1.316317 0.758537 0.179420 0.595472 -0.194533
0.100180 0.562063 1.316204 0.757504 0.183747 0.594433 -0.197675
0.092527 0.563896 1.316250 0.756070 0.187703 0.594168 -0.200224
0.084439 0.565793 1.316372 0.754675 0.192077 0.593654 -0.202846
0.076404 0.567714 1.316495 0.753468 0.196315 0.592737 -0.205932
0.069018 0.569489 1.316618 0.752367 0.200031 0.591804 -0.209047
0.062456 0.571059 1.316806 0.751380 0.202981 0.591030 -0.211919
0.055721 0.572601 1.316982 0.750325 0.205287 0.590643 -0.214502
0.049075 0.574102 1.317129 0.749197 0.207579 0.590335 -0.217069
0.042953 0.575459 1.317323 0.748086 0.209629 0.590109 -0.219535
0.037556 0.576619 1.317448 0.747066 0.212024 0.589814 -0.221489
0.032427 0.577576 1.317836 0.745430 0.214209 0.590842 -0.222156
0.026807 0.578551 1.318160 0.744016 0.216554 0.591317 -0.223360
0.021329 0.579584 1.318484 0.742808 0.218755 0.591409 -0.224984
0.016374 0.580527 1.318810 0.741852 0.220411 0.591269 -0.226882
0.011856 0.581217 1.319092 0.740878 0.222151 0.591463 -0.227863
0.007025 0.581815 1.319408 0.739247 0.223527 0.592882 -0.228125
0.002133 0.582442 1.319646 0.737720 0.225211 0.593935 -0.228672
-0.002418 0.583046 1.319813 0.736574 0.226901 0.594360 -0.229586
-0.006347 0.583527 1.320033 0.735731 0.228116 0.594624 -0.230403
-0.010087 0.583366 1.320244 0.734641 0.228334 0.596208 -0.229572
-0.013975 0.583132 1.320076 0.733547 0.229100 0.597547 -0.228825
-0.017695 0.582911 1.319756 0.732752 0.230118 0.598268 -0.228465
-0.021052 0.582704 1.319408 0.732116 0.231175 0.598691 -0.228327
-0.023958 0.581582 1.319610 0.731608 0.231266 0.600084 -0.226198
-0.027191 0.580254 1.319843 0.731103 0.231257 0.601482 -0.224116
-0.030585 0.579177 1.319950 0.730798 0.231724 0.602144 -0.222849
-0.033804 0.578283 1.320003 0.730617 0.232371 0.602396 -0.222083
-0.036397 0.576900 1.320553 0.730489 0.232140 0.603217 -0.220516
-0.038337 0.574534 1.321849 0.729848 0.229973 0.605935 -0.217431
-0.040357 0.572460 1.322864 0.729324 0.228491 0.607993 -0.214995
-0.042271 0.570674 1.323657 0.728954 0.227485 0.609471 -0.213126
-0.043933 0.569019 1.324351 0.728744 0.226664 0.610615 -0.211433
-0.045002 0.565726 1.325650 0.729227 0.222712 0.612749 -0.207767
-0.046093 0.562303 1.326809 0.729624 0.219395 0.614601 -0.204402
-0.046937 0.559166 1.327769 0.729964 0.216734 0.616123 -0.201425
-0.047565 0.556424 1.328527 0.730264 0.214570 0.617358 -0.198855
-0.048012 0.553025 1.329769 0.730932 0.210653 0.619254 -0.194650
-0.049444 0.549162 1.331183 0.731619 0.206260 0.621123 -0.190779
-0.051266 0.545485 1.332427 0.732349 0.203146 0.622141 -0.187979
-0.052637 0.541902 1.333613 0.733044 0.200551 0.622885 -0.185581
-0.053171 0.538108 1.334905 0.733765 0.197446 0.624164 -0.181725
-0.054238 0.533815 1.336429 0.735065 0.191801 0.625779 -0.176899
-0.056272 0.529726 1.337870 0.736391 0.187235 0.626452 -0.173865
-0.058323 0.525835 1.339170 0.737603 0.183863 0.626641 -0.171632
-0.059688 0.522016 1.340421 0.738630 0.181038 0.626873 -0.169358
-0.060622 0.517530 1.342037 0.739728 0.176802 0.628430 -0.163152
-0.062369 0.513115 1.343735 0.741188 0.171943 0.629090 -0.159129
-0.064416 0.508958 1.345409 0.742926 0.167245 0.628854 -0.156950
-0.066000 0.504973 1.346978 0.744450 0.163321 0.628512 -0.155220
-0.066737 0.500618 1.348912 0.745351 0.159850 0.629669 -0.149718
-0.067848 0.496078 1.351458 0.746295 0.155396 0.631026 -0.143880
-0.069442 0.491794 1.354071 0.747707 0.150584 0.631276 -0.140532
-0.070810 0.487765 1.356573 0.749451 0.145582 0.630784 -0.138713
-0.071414 0.483703 1.359069 0.750637 0.141558 0.630975 -0.135558
-0.071911 0.479187 1.362132 0.751218 0.137179 0.632362 -0.130274
-0.072820 0.474820 1.365109 0.752260 0.132367 0.632775 -0.127199
-0.073497 0.470685 1.367874 0.753534 0.127571 0.632604 -0.125395
-0.073477 0.466651 1.370418 0.754502 0.123296 0.632644 -0.123639
-0.072933 0.462345 1.374127 0.754304 0.118650 0.634594 -0.119323
-0.072567 0.458216 1.377987 0.754041 0.113984 0.636325 -0.116281
-0.071867 0.454246 1.381549 0.753775 0.109839 0.637814 -0.113803
-0.070532 0.450312 1.384821 0.753421 0.105873 0.639329 -0.111380
-0.068580 0.446283 1.388666 0.752454 0.102448 0.641749 -0.107124
-0.066720 0.442337 1.393393 0.751099 0.098620 0.644597 -0.103048
-0.064738 0.438522 1.397850 0.749943 0.094845 0.647009 -0.099847
-0.062352 0.434703 1.401944 0.748859 0.091028 0.649254 -0.096915
-0.059488 0.430850 1.405933 0.747683 0.087569 0.651569 -0.093592
-0.056479 0.427229 1.410888 0.745919 0.084485 0.654400 -0.090709
-0.053276 0.423583 1.415569 0.744195 0.081092 0.657117 -0.088286
-0.049757 0.419814 1.419875 0.742549 0.077423 0.659746 -0.085808
-0.045903 0.415899 1.423852 0.740951 0.073468 0.662329 -0.083153
-0.042003 0.412206 1.429037 0.738724 0.071551 0.665513 -0.079111
-0.038207 0.408657 1.434667 0.736599 0.068703 0.668475 -0.076435
-0.034310 0.404969 1.439917 0.734683 0.065290 0.671192 -0.074016
-0.030233 0.401082 1.444722 0.732887 0.061472 0.673782 -0.071513
-0.026010 0.397207 1.449851 0.730776 0.058961 0.676667 -0.067915
-0.021752 0.393551 1.455915 0.728267 0.056418 0.679858 -0.065098
-0.017383 0.389672 1.461604 0.725971 0.053021 0.682823 -0.062521
-0.012907 0.385536 1.466795 0.723837 0.049089 0.685618 -0.059824
-0.008339 0.381224 1.471696 0.721792 0.045385 0.688297 -0.056605
-0.003572 0.377307 1.477765 0.719319 0.043715 0.691258 -0.053204
0.001419 0.373114 1.483627 0.716848 0.041147 0.694234 -0.049742
0.006420 0.368665 1.488944 0.714538 0.037686 0.697057 -0.046108
0.011014 0.364475 1.493537 0.712482 0.033977 0.699576 -0.042519
0.015330 0.360837 1.498982 0.710255 0.032329 0.702088 -0.039551
0.019656 0.357432 1.504738 0.707855 0.030939 0.704740 -0.036409
0.023556 0.354258 1.509730 0.705701 0.029385 0.707122 -0.033171
0.026868 0.351441 1.513949 0.703815 0.027755 0.709189 -0.030409
0.029788 0.348994 1.518202 0.701752 0.028265 0.711332 -0.027422
0.033321 0.346239 1.523753 0.699400 0.029666 0.713725 -0.023563
0.036913 0.343281 1.528610 0.697982 0.029527 0.715241 -0.019471
0.040078 0.340487 1.532525 0.697515 0.028625 0.715825 -0.015771
0.042720 0.338094 1.535871 0.697200 0.028145 0.716215 -0.012528
0.045617 0.336500 1.540589 0.695782 0.031397 0.717497 -0.009959
0.048817 0.334652 1.545206 0.694709 0.032161 0.718526 -0.008035
0.051833 0.332743 1.549171 0.693821 0.031910 0.719414 -0.006088
0.054494 0.330957 1.552503 0.693050 0.031276 0.720198 -0.004277
0.057352 0.329464 1.556767 0.691591 0.033854 0.721492 -0.002157
0.061116 0.327385 1.561826 0.690348 0.034161 0.722670 -0.000653
0.064903 0.324982 1.566263 0.689429 0.032873 0.723606 0.001257
0.068321 0.322644 1.569994 0.688654 0.031154 0.724413 0.003246
0.071483 0.320737 1.573627 0.687687 0.031138 0.725319 0.005268
0.075665 0.319054 1.578221 0.686523 0.032206 0.726359 0.007242
0.080075 0.316845 1.582302 0.685745 0.031413 0.727095 0.009979
0.084121 0.314563 1.585737 0.685116 0.029909 0.727707 0.012824
0.087639 0.312461 1.588656 0.684520 0.028425 0.728276 0.015450
0.091460 0.310631 1.593077 0.683486 0.028270 0.729256 0.015317
0.095953 0.308205 1.597468 0.682712 0.026868 0.730004 0.016663
