-0.054588 0.371446 1.455692 0.709833 0.005090 0.704170 -0.015991
-0.054339 0.371629 1.455490 0.709933 0.005390 0.704045 -0.016920
-0.053950 0.371688 1.455317 0.709994 0.005437 0.703972 -0.017388
-0.053542 0.371693 1.455179 0.710023 0.005374 0.703938 -0.017636
-0.053182 0.371848 1.454973 0.709964 0.005677 0.703995 -0.017600
-0.052931 0.372455 1.454458 0.709819 0.006836 0.704134 -0.017448
-0.052716 0.372997 1.453959 0.709730 0.007860 0.704217 -0.017315
-0.052530 0.373440 1.453528 0.709675 0.008679 0.704267 -0.017171
-0.052367 0.373909 1.453145 0.709674 0.009523 0.704256 -0.017158
-0.052129 0.375156 1.452803 0.709990 0.011149 0.703885 -0.018334
-0.051757 0.376272 1.452593 0.710328 0.012288 0.703497 -0.019354
-0.051345 0.377156 1.452445 0.710599 0.013054 0.703190 -0.020054
-0.050946 0.377870 1.452321 0.710805 0.013603 0.702958 -0.020532
-0.050269 0.379191 1.451640 0.710995 0.015438 0.702718 -0.020856
-0.049227 0.380340 1.450820 0.711198 0.016901 0.702485 -0.020670
-0.048114 0.381183 1.450114 0.711355 0.017816 0.702319 -0.020150
-0.047077 0.381826 1.449524 0.711477 0.018410 0.702196 -0.019548
-0.046177 0.382948 1.449031 0.711332 0.019040 0.702327 -0.019493
-0.045337 0.384269 1.448749 0.711297 0.019562 0.702339 -0.019898
-0.044558 0.385362 1.448560 0.711299 0.019842 0.702320 -0.020189
-0.043867 0.386255 1.448411 0.711314 0.019993 0.702294 -0.020360
-0.043144 0.387584 1.448057 0.711330 0.021002 0.702237 -0.020819
-0.041918 0.389282 1.447522 0.711506 0.022373 0.701999 -0.021356
-0.040488 0.390559 1.447094 0.711665 0.023028 0.701817 -0.021333
-0.039102 0.391527 1.446751 0.711784 0.023300 0.701696 -0.021040
-0.037862 0.392729 1.446319 0.711693 0.023865 0.701778 -0.020772
-0.036591 0.394917 1.445591 0.711604 0.025521 0.701799 -0.021140
-0.035258 0.396748 1.444984 0.711613 0.026635 0.701743 -0.021295
-0.034004 0.398208 1.444486 0.711643 0.027342 0.701688 -0.021228
-0.032894 0.399589 1.444013 0.711581 0.027966 0.701725 -0.021274
-0.031743 0.402140 1.443132 0.711526 0.029862 0.701649 -0.022963
-0.030426 0.404327 1.442339 0.711611 0.031250 0.701460 -0.024199
-0.029128 0.406058 1.441686 0.711707 0.032128 0.701298 -0.024926
-0.027943 0.407473 1.441138 0.711764 0.032725 0.701198 -0.025348
-0.026654 0.410387 1.440217 0.711001 0.035256 0.701814 -0.026310
-0.025007 0.413116 1.439368 0.710574 0.037328 0.702107 -0.027148
-0.023291 0.415255 1.438691 0.710278 0.038602 0.702326 -0.027449
-0.021688 0.416953 1.438137 0.710069 0.039406 0.702492 -0.027466
-0.020055 0.419658 1.437534 0.709078 0.041509 0.703354 -0.027913
-0.017984 0.422517 1.437153 0.708293 0.043413 0.704003 -0.028574
-0.015805 0.424744 1.436941 0.707717 0.044387 0.704515 -0.028716
-0.013765 0.426496 1.436796 0.707287 0.044868 0.704922 -0.028568
-0.011861 0.428912 1.436390 0.706357 0.045746 0.705769 -0.029272
-0.009665 0.431997 1.435842 0.705519 0.047145 0.706452 -0.030755
-0.007365 0.434441 1.435459 0.704924 0.047789 0.706966 -0.031590
-0.005204 0.436367 1.435172 0.704481 0.048008 0.707374 -0.031983
-0.003204 0.438515 1.434664 0.703791 0.048482 0.707987 -0.032895
-0.000698 0.441603 1.433464 0.703036 0.050401 0.708513 -0.034768
0.002133 0.443951 1.432395 0.702546 0.051427 0.708886 -0.035575
0.004880 0.445715 1.431516 0.702203 0.051837 0.709187 -0.035736
0.007380 0.447350 1.430676 0.701820 0.052027 0.709542 -0.035940
0.010232 0.450393 1.429043 0.701511 0.053980 0.709620 -0.037511
0.013518 0.452791 1.427546 0.701458 0.055137 0.709548 -0.038170
0.016753 0.454543 1.426312 0.701466 0.055558 0.709512 -0.038095
0.019691 0.455907 1.425286 0.701483 0.055561 0.709510 -0.037819
0.022778 0.458647 1.423805 0.701285 0.055469 0.709560 -0.040591
0.026468 0.461011 1.422534 0.701405 0.055006 0.709361 -0.042567
0.030208 0.462676 1.421551 0.701520 0.053952 0.709276 -0.043434
0.033654 0.463889 1.420769 0.701631 0.052734 0.709240 -0.043711
0.036935 0.466115 1.419491 0.701443 0.052748 0.709273 -0.046123
0.040632 0.468345 1.418136 0.701551 0.053142 0.708988 -0.048351
0.044337 0.469905 1.417050 0.701677 0.052858 0.708808 -0.049463
0.047739 0.471031 1.416178 0.701805 0.052275 0.708690 -0.049955
0.050830 0.472942 1.414964 0.701718 0.052061 0.708599 -0.052629
0.054290 0.475546 1.413518 0.701984 0.052662 0.707989 -0.056544
0.057899 0.477415 1.412394 0.702257 0.052498 0.707526 -0.059039
0.061292 0.478759 1.411511 0.702502 0.051941 0.707194 -0.060580
0.064386 0.480268 1.410424 0.702580 0.051734 0.706925 -0.062942
0.068127 0.482339 1.408562 0.702952 0.053151 0.706137 -0.066361
0.072389 0.483545 1.406940 0.703354 0.053486 0.705557 -0.067983
0.076561 0.484187 1.405626 0.703692 0.053130 0.705194 -0.068522
0.080352 0.484766 1.404387 0.703914 0.052586 0.704944 -0.069235
0.084415 0.486329 1.402130 0.704464 0.054327 0.704012 -0.071739
0.089084 0.487140 1.400013 0.705149 0.055151 0.703163 -0.072694
0.093717 0.487364 1.398267 0.705722 0.055100 0.702607 -0.072555
0.097940 0.487352 1.396833 0.706198 0.054592 0.702214 -0.072113
0.102082 0.488669 1.395039 0.707014 0.054948 0.700995 -0.075620
0.106842 0.489601 1.393712 0.707934 0.054659 0.699808 -0.078162
0.111650 0.489914 1.392767 0.708600 0.053559 0.699086 -0.079342
0.116085 0.489908 1.392063 0.709108 0.052182 0.698626 -0.079772
0.120170 0.490996 1.390489 0.709806 0.052507 0.697602 -0.082276
0.124438 0.492121 1.388674 0.710913 0.053417 0.696121 -0.084636
0.128597 0.492686 1.387169 0.711835 0.053616 0.695015 -0.085849
0.132370 0.492954 1.385959 0.712602 0.053421 0.694172 -0.086435
0.135889 0.493758 1.384293 0.713339 0.054361 0.693123 -0.088161
0.140115 0.494538 1.382231 0.714407 0.056215 0.691672 -0.089730
0.144620 0.494578 1.380535 0.715248 0.056885 0.690721 -0.089941
0.148899 0.494266 1.379186 0.715914 0.056874 0.690090 -0.089494
0.152774 0.494407 1.377706 0.716604 0.057034 0.689276 -0.090129
0.156839 0.495441 1.375793 0.717990 0.058392 0.687397 -0.092551
0.161014 0.495890 1.374292 0.719107 0.058835 0.686012 -0.093868
0.164926 0.495988 1.373119 0.719986 0.058737 0.685019 -0.094450
0.168413 0.496206 1.372003 0.720712 0.058686 0.684153 -0.095212
0.171851 0.497862 1.370499 0.722022 0.061158 0.682145 -0.098101
0.175399 0.499076 1.369551 0.723055 0.062600 0.680596 -0.100302
0.178759 0.499865 1.368901 0.723820 0.063328 0.679506 -0.101713
0.181767 0.500446 1.368401 0.724425 0.063628 0.678673 -0.102780
0.184950 0.501941 1.366649 0.725826 0.066286 0.676536 -0.105262
0.188659 0.502715 1.364960 0.727279 0.068358 0.674565 -0.106557
0.192418 0.502905 1.363585 0.728409 0.069468 0.673179 -0.106885
0.195906 0.502835 1.362510 0.729306 0.069993 0.672169 -0.106784
0.199172 0.503931 1.360858 0.730460 0.071268 0.670438 -0.108922
0.202395 0.505193 1.359427 0.731700 0.072944 0.668526 -0.111204
0.205454 0.506049 1.358349 0.732631 0.073971 0.667134 -0.112753
0.208195 0.506663 1.357519 0.733374 0.074595 0.666062 -0.113838
0.210822 0.507953 1.356334 0.734250 0.075898 0.664589 -0.115922
0.213845 0.509530 1.355306 0.735293 0.077921 0.662796 -0.118211
0.216996 0.510536 1.354688 0.735940 0.079031 0.661689 -0.119639
0.219972 0.511184 1.354278 0.736383 0.079627 0.660966 -0.120514
0.222829 0.512059 1.353588 0.736785 0.080273 0.660228 -0.121669
0.226277 0.513177 1.352443 0.737588 0.081327 0.658941 -0.123073
0.229960 0.513624 1.351580 0.738141 0.081599 0.658189 -0.123601
0.233488 0.513714 1.350940 0.738518 0.081471 0.657774 -0.123642
0.236723 0.513923 1.350240 0.738823 0.081322 0.657398 -0.123917
0.240170 0.515174 1.348665 0.739987 0.082470 0.655627 -0.125583
0.243745 0.515844 1.347358 0.741006 0.082925 0.654221 -0.126601
0.247139 0.516133 1.346320 0.741780 0.083005 0.653241 -0.127077
0.250192 0.516295 1.345478 0.742374 0.082884 0.652520 -0.127391
0.253372 0.517727 1.344350 0.743203 0.083742 0.651096 -0.129266
0.256681 0.518891 1.343787 0.743815 0.083925 0.650036 -0.130955
0.259830 0.519664 1.343467 0.744145 0.083814 0.649444 -0.132085
0.262651 0.520202 1.343254 0.744360 0.083603 0.649064 -0.132871
0.265401 0.521402 1.342537 0.744785 0.083880 0.648152 -0.134756
0.268200 0.522473 1.341944 0.745339 0.083917 0.647115 -0.136639
0.270854 0.523185 1.341526 0.745701 0.083761 0.646438 -0.137954
0.273229 0.523690 1.341217 0.745965 0.083540 0.645956 -0.138917
0.275602 0.524842 1.340443 0.746064 0.084460 0.645500 -0.139945
0.278233 0.526181 1.339462 0.746430 0.085335 0.644682 -0.141225
0.280826 0.527053 1.338717 0.746687 0.085777 0.644145 -0.142049
0.283209 0.527652 1.338150 0.746859 0.086003 0.643795 -0.142597
0.285448 0.528530 1.337425 0.747094 0.086831 0.643256 -0.143295
0.288049 0.529725 1.336446 0.747903 0.087794 0.641884 -0.144629
0.290815 0.530328 1.335689 0.748483 0.088192 0.640991 -0.145348
0.293475 0.530590 1.335101 0.748898 0.088312 0.640415 -0.145679
0.295946 0.530868 1.334517 0.749080 0.088703 0.640116 -0.145816
0.298539 0.531644 1.333514 0.749122 0.090195 0.639831 -0.145932
0.301061 0.532071 1.332697 0.749226 0.091094 0.639584 -0.145926
0.303367 0.532305 1.332071 0.749294 0.091679 0.639443 -0.145834
0.305394 0.532487 1.331566 0.749328 0.092119 0.639351 -0.145781
0.307088 0.533597 1.330682 0.749709 0.093157 0.638442 -0.147137
0.308428 0.534702 1.329933 0.750198 0.093918 0.637406 -0.148648
0.309492 0.535682 1.329317 0.750604 0.094585 0.636518 -0.149973
0.310323 0.536557 1.328806 0.750947 0.095175 0.635750 -0.151134
0.311232 0.537489 1.328114 0.751114 0.096244 0.635101 -0.152356
0.312441 0.538050 1.327518 0.751246 0.097037 0.634631 -0.153156
0.314243 0.537728 1.326917 0.751106 0.097727 0.634831 -0.152571
0.316178 0.537219 1.326480 0.750996 0.097814 0.635089 -0.151986
0.317903 0.536722 1.325898 0.751077 0.098259 0.634999 -0.151676
0.319187 0.536516 1.325203 0.751351 0.098580 0.634548 -0.151995
0.320294 0.536379 1.324695 0.751325 0.098748 0.634509 -0.152174
0.320826 0.536731 1.324478 0.751172 0.099260 0.634498 -0.152641
0.320955 0.537050 1.324231 0.751062 0.100382 0.634369 -0.152984
0.320640 0.537291 1.323762 0.750900 0.101324 0.634259 -0.153615
0.320264 0.537606 1.323329 0.750674 0.101709 0.634275 -0.154399
0.319872 0.537962 1.322991 0.750460 0.102008 0.634301 -0.155135
0.319338 0.538257 1.322732 0.750300 0.102398 0.634272 -0.155771
0.318015 0.538175 1.322426 0.750240 0.102749 0.634125 -0.156425
0.316727 0.538142 1.322054 0.750143 0.102897 0.634058 -0.157062
0.315560 0.538198 1.321753 0.750038 0.103047 0.634014 -0.157637
0.314485 0.538283 1.321514 0.749954 0.103244 0.633959 -0.158130
0.312313 0.537931 1.321136 0.749989 0.103818 0.633727 -0.158518
0.309978 0.537678 1.320478 0.749905 0.104422 0.633651 -0.158823
0.307875 0.537599 1.319998 0.749790 0.104852 0.633616 -0.159222
0.306000 0.537644 1.319649 0.749703 0.105261 0.633540 -0.159664
0.303137 0.537397 1.319594 0.749868 0.104676 0.633156 -0.160790
0.299754 0.537192 1.319290 0.749925 0.104668 0.632849 -0.161739
0.296618 0.537180 1.318954 0.749909 0.104812 0.632617 -0.162625
0.293795 0.537331 1.318732 0.749874 0.105002 0.632393 -0.163532
0.290521 0.537421 1.318932 0.749911 0.104069 0.632149 -0.164896
0.286330 0.537562 1.319066 0.750050 0.104133 0.631679 -0.166024
0.282317 0.537888 1.319039 0.750146 0.104725 0.631201 -0.167032
0.278668 0.538329 1.319004 0.750214 0.105399 0.630739 -0.168041
0.275185 0.538653 1.319153 0.750039 0.105447 0.630749 -0.168756
0.270580 0.539015 1.319051 0.749800 0.106740 0.630846 -0.168641
0.265881 0.539605 1.318723 0.749690 0.108569 0.630642 -0.168727
0.261638 0.540206 1.318412 0.749558 0.110319 0.630446 -0.168908
0.257883 0.540766 1.318285 0.749268 0.111273 0.630559 -0.169152
0.253064 0.541639 1.318238 0.749058 0.112592 0.630572 -0.169160
0.248038 0.542596 1.317913 0.748826 0.115096 0.630445 -0.168971
0.243277 0.543710 1.317613 0.748600 0.117454 0.630208 -0.169238
0.238937 0.544859 1.317421 0.748333 0.119330 0.630014 -0.169827
0.234109 0.546179 1.317264 0.748016 0.120239 0.630173 -0.169987
0.229250 0.547299 1.316708 0.747775 0.122357 0.630151 -0.169620
0.225021 0.548131 1.316098 0.747545 0.124281 0.630156 -0.169215
0.221378 0.548905 1.315586 0.747404 0.125375 0.630063 -0.169378
0.217344 0.549956 1.315210 0.747133 0.126806 0.630295 -0.168644
0.212977 0.551007 1.314616 0.746778 0.128778 0.630560 -0.167730
0.209027 0.551840 1.313963 0.746322 0.131346 0.630906 -0.166460
0.205627 0.552482 1.313368 0.745872 0.133809 0.631247 -0.165224
0.202376 0.553412 1.312874 0.745672 0.132813 0.631559 -0.165732
0.198666 0.554586 1.312227 0.745387 0.131914 0.631999 -0.166055
0.195220 0.555538 1.311590 0.744929 0.132561 0.632597 -0.165318
0.192205 0.556261 1.310982 0.744361 0.134265 0.633263 -0.163944
0.189330 0.557095 1.310382 0.743956 0.134265 0.633862 -0.163466
0.185780 0.558291 1.309642 0.743698 0.132474 0.634455 -0.163802
0.182302 0.559318 1.308883 0.743300 0.132379 0.635127 -0.163083
0.179124 0.560165 1.308142 0.742767 0.133641 0.635852 -0.161646
0.176193 0.560987 1.307423 0.742242 0.134718 0.636561 -0.160369
0.172939 0.562240 1.306724 0.742025 0.132842 0.637197 -0.160411
0.169728 0.563386 1.306058 0.741731 0.132094 0.637876 -0.159688
0.166761 0.564381 1.305421 0.741349 0.132433 0.638582 -0.158356
0.164034 0.565233 1.304790 0.740872 0.133659 0.639290 -0.156690
0.160452 0.566592 1.304008 0.740699 0.131676 0.639938 -0.156544
0.156234 0.568044 1.303146 0.740396 0.130558 0.640661 -0.155953
0.152047 0.569387 1.302307 0.739943 0.130811 0.641435 -0.154707
0.148101 0.570569 1.301486 0.739334 0.132362 0.642223 -0.153021
0.143661 0.572093 1.300870 0.739073 0.131011 0.642870 -0.152725
0.138275 0.573859 1.300332 0.738936 0.129515 0.643332 -0.152720
0.132327 0.575708 1.299809 0.738685 0.129548 0.643685 -0.152419
0.126155 0.577531 1.299236 0.738209 0.131529 0.643980 -0.151778
0.119765 0.579469 1.298915 0.737850 0.132374 0.644198 -0.151868
0.112497 0.581649 1.298887 0.737782 0.132355 0.644059 -0.152802
0.104531 0.583980 1.298853 0.737572 0.134511 0.643626 -0.153758
0.096369 0.586393 1.298783 0.737114 0.138647 0.643030 -0.154763
0.088227 0.588804 1.299117 0.736752 0.141889 0.642296 -0.156588
0.079388 0.591271 1.300106 0.737121 0.143097 0.640788 -0.159897
0.070055 0.593933 1.300970 0.737282 0.147317 0.638794 -0.163269
0.060899 0.596695 1.301841 0.737111 0.153368 0.636668 -0.166729
0.052430 0.599143 1.303047 0.737111 0.158164 0.634454 -0.170646
0.044144 0.600768 1.304963 0.737779 0.160412 0.632105 -0.174337
0.035556 0.602360 1.306176 0.738151 0.166676 0.629208 -0.177336
0.027572 0.603756 1.307067 0.738604 0.171950 0.626253 -0.180845
0.020702 0.604949 1.307948 0.738587 0.176736 0.624136 -0.183596
0.015131 0.604584 1.309373 0.738857 0.178669 0.623123 -0.184078
0.009669 0.604005 1.309993 0.739442 0.180912 0.621539 -0.184893
0.004779 0.603470 1.310340 0.739861 0.183170 0.620162 -0.185619
0.000879 0.603046 1.310749 0.739904 0.185362 0.619367 -0.185919
-0.001934 0.601786 1.312018 0.740140 0.185300 0.619371 -0.185035
-0.004844 0.600407 1.312906 0.740755 0.185415 0.618688 -0.184741
-0.007536 0.599193 1.313488 0.741221 0.185791 0.618078 -0.184531
-0.009816 0.598146 1.313925 0.741537 0.186309 0.617600 -0.184343
-0.011246 0.596457 1.315060 0.741762 0.185378 0.618077 -0.182768
-0.013078 0.594308 1.315960 0.742302 0.184459 0.618184 -0.181141
-0.015303 0.592486 1.316400 0.742802 0.184399 0.617901 -0.180112
-0.017543 0.590975 1.316665 0.743191 0.184734 0.617507 -0.179518
-0.019366 0.589044 1.317245 0.743662 0.184524 0.617321 -0.178416
-0.020866 0.586222 1.318010 0.744034 0.182933 0.618035 -0.176017
-0.022616 0.583861 1.318496 0.744337 0.182235 0.618351 -0.174339
-0.024287 0.581855 1.318857 0.744532 0.181781 0.618614 -0.173042
-0.025626 0.579774 1.319370 0.744758 0.181265 0.618920 -0.171515
-0.026470 0.576385 1.320760 0.744950 0.178815 0.620205 -0.168583
-0.027413 0.573323 1.321933 0.744957 0.176723 0.621498 -0.165973
-0.028319 0.570720 1.322869 0.744916 0.175227 0.622517 -0.163912
-0.028998 0.568383 1.323680 0.744864 0.173943 0.623455 -0.161939
-0.029829 0.564563 1.325126 0.745060 0.171248 0.624974 -0.158012
-0.031183 0.560632 1.326227 0.745011 0.169115 0.626525 -0.154353
-0.032566 0.557181 1.327045 0.744900 0.167730 0.627749 -0.151399
-0.033837 0.554257 1.327685 0.744779 0.166790 0.628700 -0.149072
-0.034582 0.550223 1.328964 0.745639 0.162257 0.629823 -0.144975
-0.035891 0.545814 1.330428 0.746395 0.157104 0.631069 -0.141299
-0.037644 0.541647 1.331836 0.746820 0.153454 0.632053 -0.138638
-0.039157 0.537862 1.333167 0.747077 0.150619 0.632892 -0.136515
-0.039992 0.533555 1.334482 0.748079 0.145932 0.633815 -0.131758
-0.040956 0.528515 1.335728 0.749663 0.139194 0.634541 -0.126451
-0.042484 0.523653 1.336910 0.750723 0.134109 0.635174 -0.122404
-0.044296 0.519031 1.338097 0.751310 0.130482 0.635823 -0.119316
-0.045614 0.514365 1.339244 0.752165 0.126435 0.636490 -0.114637
-0.046398 0.508865 1.340353 0.753807 0.119403 0.637025 -0.108248
-0.047461 0.503521 1.341478 0.755268 0.113069 0.637229 -0.103558
-0.048818 0.498407 1.342690 0.756083 0.108320 0.637673 -0.099893
-0.050166 0.493378 1.343998 0.756652 0.104308 0.638273 -0.095944
-0.050768 0.487684 1.345254 0.758112 0.097192 0.638548 -0.089866
-0.051467 0.482107 1.346497 0.759097 0.091128 0.638948 -0.084925
-0.052390 0.476778 1.347841 0.759460 0.086559 0.639662 -0.080997
-0.053534 0.471966 1.349147 0.759537 0.083213 0.640434 -0.077607
-0.053825 0.466472 1.351265 0.760450 0.076275 0.640909 -0.071652
-0.054120 0.461053 1.353667 0.760947 0.069737 0.641592 -0.066748
-0.054895 0.456163 1.355944 0.761024 0.064730 0.642407 -0.062985
-0.056210 0.452131 1.357825 0.761054 0.061315 0.642946 -0.060488
-0.056843 0.447607 1.360709 0.761022 0.057101 0.643744 -0.056370
-0.056970 0.442739 1.363991 0.760382 0.052419 0.645229 -0.052435
-0.057012 0.438411 1.366909 0.759650 0.048517 0.646652 -0.049193
-0.057043 0.434792 1.369395 0.758985 0.045370 0.647845 -0.046712
-0.056650 0.430918 1.372723 0.758198 0.042220 0.649245 -0.042834
-0.055632 0.426600 1.376973 0.757113 0.037788 0.651052 -0.038519
-0.054542 0.422866 1.380801 0.756143 0.033657 0.652601 -0.035018
-0.053566 0.419734 1.384090 0.755301 0.030135 0.653887 -0.032318
-0.052524 0.416874 1.387889 0.754198 0.027987 0.655375 -0.029752
-0.050805 0.413748 1.393431 0.752549 0.025418 0.657473 -0.027457
-0.049268 0.410834 1.398445 0.752083 0.022062 0.658216 -0.025245
-0.048192 0.408412 1.402823 0.752072 0.018947 0.658380 -0.023793
-0.047397 0.406361 1.406969 0.751805 0.017574 0.658767 -0.022532
-0.045947 0.404066 1.413116 0.750165 0.017881 0.660677 -0.020982
-0.044123 0.401880 1.419054 0.748749 0.016631 0.662349 -0.019795
-0.042321 0.399892 1.424156 0.747565 0.014981 0.663754 -0.018773
-0.040693 0.398121 1.428520 0.746480 0.013784 0.665027 -0.017775
-0.038773 0.396298 1.434539 0.743712 0.016698 0.668079 -0.016878
-0.036568 0.394408 1.440467 0.741355 0.017606 0.670686 -0.016176
-0.034462 0.392628 1.445566 0.739456 0.017606 0.672796 -0.015494
-0.032591 0.391009 1.449831 0.737904 0.017231 0.674522 -0.014864
-0.030356 0.389398 1.455675 0.735051 0.020263 0.677583 -0.013034
-0.027471 0.387575 1.462250 0.732462 0.020922 0.680389 -0.011576
-0.024594 0.385728 1.468016 0.730404 0.020300 0.682638 -0.010176
-0.021998 0.383987 1.472849 0.728745 0.019250 0.684457 -0.008862
-0.019358 0.382248 1.478317 0.726331 0.020983 0.686984 -0.007490
-0.015967 0.380103 1.484782 0.723856 0.021471 0.689588 -0.006289
-0.012545 0.377860 1.490487 0.721927 0.020470 0.691649 -0.004912
-0.009452 0.375736 1.495267 0.720375 0.019025 0.693315 -0.003523
-0.006605 0.373679 1.500115 0.718281 0.019776 0.695469 -0.001995
-0.003141 0.370993 1.506352 0.715593 0.020684 0.698211 -0.000458
0.000392 0.368183 1.511948 0.713539 0.019793 0.700336 0.001228
0.003593 0.365552 1.516644 0.711895 0.018368 0.702040 0.002898
0.006421 0.363281 1.520901 0.710230 0.018229 0.703720 0.004395
0.009833 0.361092 1.526513 0.707942 0.019850 0.705974 0.004898
