0.304048 0.225320 1.727861 0.571301 -0.217494 0.791172 0.018957
0.300950 0.225455 1.730725 0.569419 -0.212869 0.793604 0.025326
0.297735 0.225157 1.733769 0.568144 -0.203936 0.796294 0.039219
0.294621 0.224071 1.737561 0.567160 -0.197870 0.797919 0.050019
0.291925 0.222612 1.741433 0.566311 -0.194803 0.798794 0.057200
0.289635 0.221116 1.744886 0.565478 -0.193164 0.799395 0.062372
0.287620 0.219663 1.748489 0.563867 -0.189467 0.800896 0.068707
0.285653 0.217906 1.752399 0.561812 -0.185777 0.802557 0.075875
0.283776 0.216241 1.756221 0.559730 -0.182175 0.804108 0.083217
0.282041 0.214762 1.759625 0.557774 -0.179332 0.805464 0.089200
0.280479 0.213598 1.763193 0.555159 -0.175518 0.807617 0.093525
0.278937 0.212277 1.766928 0.552539 -0.171733 0.809609 0.098698
0.277392 0.210972 1.770617 0.550094 -0.168011 0.811327 0.104488
0.275860 0.209755 1.774115 0.547779 -0.164986 0.812873 0.109340
0.275228 0.208539 1.777918 0.545122 -0.158456 0.815072 0.115722
0.274882 0.206323 1.781861 0.542249 -0.154432 0.816850 0.121961
0.274282 0.203787 1.786028 0.539232 -0.152612 0.818447 0.126817
0.273460 0.201424 1.790178 0.536272 -0.151753 0.819988 0.130396
0.273428 0.199815 1.795398 0.532690 -0.147225 0.822513 0.134304
0.273435 0.197630 1.800703 0.528855 -0.145087 0.824855 0.137391
0.273265 0.195378 1.805472 0.525286 -0.144371 0.826846 0.139848
0.273078 0.193462 1.809604 0.522202 -0.143418 0.828521 0.142438
0.273411 0.192307 1.814987 0.518353 -0.138376 0.831092 0.146449
0.273867 0.190770 1.819836 0.514623 -0.135439 0.833315 0.149683
0.274294 0.189204 1.823835 0.511433 -0.133560 0.835042 0.152654
0.274711 0.187885 1.827285 0.508743 -0.131387 0.836460 0.155731
0.275914 0.186763 1.831960 0.505646 -0.126370 0.838545 0.158727
0.277330 0.184699 1.836202 0.502865 -0.124107 0.840033 0.161461
0.278658 0.182404 1.839718 0.500565 -0.123140 0.841017 0.164200
0.279950 0.180453 1.842823 0.498649 -0.121800 0.841832 0.166830
0.282218 0.179330 1.847246 0.496322 -0.117777 0.843641 0.167524
0.284535 0.177336 1.851329 0.494164 -0.116077 0.844983 0.168320
0.286618 0.175063 1.854728 0.492409 -0.115561 0.845844 0.169494
0.288606 0.173165 1.857827 0.490931 -0.114437 0.846547 0.171024
0.291417 0.172103 1.862429 0.488715 -0.110823 0.848246 0.171332
0.294210 0.170019 1.866754 0.486488 -0.109439 0.849587 0.171917
0.296748 0.167507 1.870353 0.484731 -0.109323 0.850380 0.173029
0.299234 0.165421 1.873597 0.483259 -0.108624 0.851056 0.174255
0.302704 0.164439 1.877671 0.481244 -0.105376 0.852600 0.174282
0.306059 0.162688 1.881265 0.479420 -0.103699 0.853711 0.174873
0.309038 0.160622 1.884215 0.478042 -0.103064 0.854349 0.175904
0.311878 0.158914 1.887011 0.476766 -0.101972 0.854997 0.176847
0.315349 0.157413 1.890905 0.474614 -0.099746 0.856464 0.176812
0.318682 0.154805 1.894466 0.472638 -0.099389 0.857448 0.177535
0.321664 0.151819 1.897422 0.471172 -0.100060 0.857918 0.178778
0.324719 0.149423 1.900258 0.469935 -0.099999 0.858441 0.179557
0.328755 0.147742 1.903909 0.468219 -0.098270 0.859700 0.178972
0.332645 0.145062 1.907175 0.466552 -0.097861 0.860548 0.179469
0.336195 0.141851 1.909838 0.465376 -0.098514 0.860848 0.180727
0.339701 0.139214 1.912524 0.464314 -0.098121 0.861283 0.181592
0.343552 0.137086 1.916345 0.462345 -0.096074 0.862673 0.181114
0.347069 0.133955 1.919936 0.460295 -0.095585 0.863742 0.181496
0.350216 0.130346 1.922946 0.458735 -0.096238 0.864275 0.182566
0.353480 0.127342 1.925907 0.457175 -0.096836 0.865064 0.182422
0.357397 0.124914 1.929302 0.454982 -0.096622 0.866536 0.181026
0.361027 0.121890 1.932143 0.453182 -0.097127 0.867467 0.180812
0.364192 0.118773 1.934447 0.451882 -0.098095 0.867951 0.181218
0.367564 0.116422 1.936903 0.450582 -0.097929 0.868622 0.181335
0.371587 0.114404 1.939935 0.448720 -0.096530 0.869760 0.181247
0.375256 0.111654 1.942494 0.447203 -0.096173 0.870415 0.182040
0.378429 0.108742 1.944589 0.446114 -0.096476 0.870695 0.183208
0.381673 0.106607 1.947015 0.444516 -0.095754 0.871478 0.183748
0.385227 0.104798 1.950000 0.441936 -0.093938 0.872950 0.183917
0.388466 0.102334 1.952489 0.439835 -0.093079 0.873898 0.184890
0.391273 0.099729 1.954513 0.438269 -0.092870 0.874430 0.186194
0.394407 0.097675 1.956530 0.436856 -0.091962 0.875245 0.186132
0.397918 0.095513 1.958471 0.435708 -0.090750 0.875996 0.185886
0.400971 0.093093 1.960047 0.434938 -0.090298 0.876352 0.186232
0.403538 0.090792 1.961358 0.434368 -0.090190 0.876529 0.186783
0.406213 0.089067 1.962824 0.433189 -0.089032 0.877207 0.186890
0.409150 0.087261 1.964089 0.431947 -0.087466 0.877875 0.187370
0.411794 0.085296 1.964980 0.431186 -0.086495 0.878140 0.188328
0.414057 0.083459 1.965668 0.430665 -0.085846 0.878233 0.189380
0.416892 0.082204 1.966269 0.430254 -0.084029 0.878761 0.188681
0.420265 0.079954 1.966608 0.430379 -0.083450 0.878785 0.188543
0.423304 0.077240 1.966741 0.430798 -0.083645 0.878413 0.189232
0.425513 0.074255 1.967033 0.430805 -0.085025 0.878129 0.189913
0.427815 0.071370 1.968071 0.429885 -0.086384 0.878690 0.188789
0.431059 0.068324 1.968629 0.429967 -0.086639 0.878632 0.188752
0.434132 0.065419 1.968652 0.430512 -0.086572 0.878227 0.189427
0.436781 0.062716 1.968556 0.431123 -0.086867 0.877688 0.190399
0.439604 0.059878 1.968949 0.430698 -0.087789 0.878139 0.188848
0.443342 0.056509 1.968571 0.431488 -0.087881 0.877741 0.188855
0.447001 0.053040 1.967634 0.432938 -0.088179 0.876741 0.190040
0.449969 0.049761 1.966831 0.433990 -0.089014 0.875920 0.191029
0.452627 0.046247 1.967095 0.433616 -0.090252 0.876306 0.189525
0.456046 0.041975 1.966682 0.434513 -0.091137 0.875705 0.189823
0.459208 0.037626 1.965942 0.435740 -0.092319 0.874709 0.191028
0.461375 0.033471 1.965696 0.435991 -0.094177 0.874260 0.191603
0.462838 0.028575 1.966190 0.435106 -0.096299 0.874556 0.191210
0.463951 0.022348 1.967004 0.433997 -0.099732 0.874613 0.191707
0.464803 0.015770 1.967869 0.433023 -0.104056 0.874315 0.192968
0.465496 0.009682 1.968584 0.432236 -0.107729 0.873885 0.194656
0.466342 0.002974 1.969485 0.431189 -0.111355 0.873717 0.195693
0.467148 -0.004693 1.970483 0.430061 -0.116265 0.873301 0.197167
0.467845 -0.012105 1.971317 0.429253 -0.120710 0.872564 0.199507
0.468406 -0.018819 1.972092 0.428536 -0.125110 0.871792 0.201702
0.469218 -0.026241 1.972925 0.427315 -0.129666 0.871406 0.203078
0.470059 -0.034429 1.973632 0.426202 -0.134749 0.870680 0.205208
0.470747 -0.042114 1.974204 0.425332 -0.139318 0.869790 0.207724
0.471345 -0.048974 1.974702 0.424722 -0.143624 0.868770 0.210288
0.472202 -0.056911 1.975248 0.423953 -0.148262 0.867685 0.213085
0.472967 -0.065517 1.975714 0.423326 -0.153136 0.866279 0.216575
0.473585 -0.073543 1.976050 0.422938 -0.157690 0.864750 0.220149
0.474116 -0.080582 1.976290 0.422703 -0.161768 0.863276 0.223402
0.474826 -0.088218 1.976516 0.422089 -0.165766 0.862005 0.226517
0.475515 -0.095974 1.976572 0.421726 -0.169852 0.860483 0.229927
0.476102 -0.102923 1.976499 0.421611 -0.173384 0.858934 0.233270
0.476613 -0.108961 1.976385 0.421607 -0.176484 0.857487 0.236255
0.477181 -0.116127 1.976378 0.421624 -0.179135 0.856007 0.239573
0.477692 -0.123730 1.976220 0.421946 -0.182390 0.854098 0.243337
0.478142 -0.130731 1.975855 0.422514 -0.185453 0.852068 0.247124
0.478553 -0.136829 1.975440 0.423109 -0.188060 0.850200 0.250541
0.479092 -0.143540 1.975155 0.423822 -0.190035 0.848179 0.254662
0.479520 -0.150031 1.974742 0.424656 -0.191615 0.846177 0.258716
0.479867 -0.155851 1.974232 0.425513 -0.193364 0.844212 0.262405
0.480263 -0.161050 1.973711 0.426331 -0.195133 0.842324 0.265809
0.481001 -0.167613 1.973335 0.427016 -0.197773 0.840003 0.270070
0.481582 -0.174173 1.972724 0.427938 -0.200012 0.837570 0.274484
0.482059 -0.180209 1.971947 0.428951 -0.202356 0.835121 0.278615
0.482595 -0.185758 1.971127 0.430014 -0.204701 0.832691 0.282505
0.483314 -0.192526 1.970495 0.431127 -0.206485 0.830131 0.287013
0.483790 -0.199172 1.969703 0.432322 -0.207825 0.827626 0.291445
0.484111 -0.205288 1.968809 0.433497 -0.209755 0.825069 0.295541
0.484576 -0.210857 1.967960 0.434730 -0.211476 0.822474 0.299706
0.485321 -0.217023 1.967551 0.435788 -0.213493 0.819587 0.304609
0.485813 -0.222734 1.967069 0.436777 -0.214962 0.817023 0.309017
0.486123 -0.227691 1.966631 0.437540 -0.216495 0.814802 0.312708
0.486491 -0.232420 1.966325 0.438111 -0.218588 0.812663 0.316000
0.487072 -0.238267 1.966297 0.438607 -0.221197 0.810391 0.319316
0.487476 -0.243757 1.966051 0.439244 -0.223312 0.808224 0.322444
0.487745 -0.248526 1.965759 0.439833 -0.225190 0.806257 0.325249
0.488056 -0.253066 1.965628 0.440243 -0.227233 0.804226 0.328286
0.488556 -0.258547 1.965595 0.440715 -0.229616 0.801655 0.332258
0.488864 -0.263443 1.965412 0.441174 -0.231068 0.799613 0.335547
0.489017 -0.267778 1.965201 0.441558 -0.232648 0.797666 0.338573
0.489217 -0.271868 1.965238 0.441629 -0.234633 0.795953 0.341130
0.489621 -0.276423 1.965470 0.441763 -0.237064 0.794079 0.343633
0.489943 -0.280369 1.965539 0.442046 -0.238664 0.792485 0.345837
0.490172 -0.283637 1.965604 0.442228 -0.239931 0.791215 0.347630
0.490383 -0.286618 1.965813 0.442273 -0.241238 0.789994 0.349441
0.490699 -0.289597 1.966141 0.442477 -0.242482 0.788574 0.351521
0.490989 -0.292062 1.966353 0.442767 -0.243196 0.787406 0.353277
0.491210 -0.294099 1.966539 0.442944 -0.243812 0.786488 0.354674
0.491358 -0.296056 1.966709 0.442758 -0.244914 0.785976 0.355281
0.491434 -0.298215 1.966752 0.442293 -0.246383 0.785839 0.355147
0.491466 -0.300138 1.966732 0.441944 -0.247551 0.785675 0.355131
0.491463 -0.301786 1.966708 0.441655 -0.248537 0.785502 0.355186
0.491522 -0.303264 1.966664 0.441435 -0.249342 0.785005 0.355993
0.491609 -0.304610 1.966624 0.441132 -0.250077 0.784391 0.357204
0.491661 -0.305744 1.966600 0.440865 -0.250685 0.783892 0.358202
0.491701 -0.306694 1.966576 0.440658 -0.251184 0.783458 0.359055
0.491557 -0.307518 1.966437 0.440606 -0.251266 0.783223 0.359575
0.491164 -0.308487 1.966219 0.440580 -0.251325 0.783038 0.359968
0.490705 -0.309586 1.966011 0.440518 -0.251696 0.782693 0.360534
0.490249 -0.310623 1.965843 0.440433 -0.252122 0.782350 0.361084
0.489526 -0.311366 1.965782 0.440308 -0.251923 0.781932 0.362278
0.488693 -0.311794 1.965930 0.439987 -0.251583 0.781722 0.363358
0.487974 -0.312074 1.966153 0.439631 -0.251315 0.781646 0.364136
0.487373 -0.312268 1.966376 0.439302 -0.251106 0.781624 0.364724
0.486076 -0.312369 1.966516 0.438927 -0.250735 0.781569 0.365547
0.484261 -0.312629 1.966948 0.438180 -0.250817 0.781603 0.366312
0.482468 -0.313039 1.967551 0.437255 -0.251250 0.781681 0.366956
0.480814 -0.313518 1.968167 0.436328 -0.251846 0.781743 0.367518
0.478821 -0.313861 1.968568 0.435840 -0.252244 0.781732 0.367845
0.476842 -0.314045 1.969044 0.435663 -0.252254 0.781640 0.368243
0.475364 -0.314051 1.969321 0.435777 -0.251956 0.781505 0.368601
0.473985 -0.314097 1.969698 0.435438 -0.252228 0.781618 0.368576
0.471731 -0.313505 1.969931 0.435924 -0.250815 0.780852 0.370583
0.469182 -0.312549 1.970678 0.435883 -0.249574 0.780510 0.372188
0.467147 -0.311601 1.971343 0.436017 -0.248374 0.780168 0.373548
0.465451 -0.310703 1.971970 0.436085 -0.247265 0.780014 0.374525
0.463256 -0.308631 1.971959 0.437114 -0.244456 0.780204 0.374771
0.461013 -0.306178 1.972397 0.437683 -0.241966 0.780851 0.374377
0.459448 -0.303852 1.972632 0.438619 -0.239514 0.781203 0.374124
0.457979 -0.301832 1.973009 0.438758 -0.237961 0.781978 0.373331
0.455108 -0.298859 1.973053 0.439234 -0.235714 0.782558 0.372981
0.453030 -0.295185 1.972955 0.440617 -0.232448 0.782881 0.372722
0.451146 -0.291722 1.973190 0.440895 -0.230130 0.783950 0.371585
0.448580 -0.289192 1.974336 0.439232 -0.229924 0.785769 0.369835
0.444810 -0.285556 1.974992 0.438948 -0.228263 0.786713 0.369193
0.441516 -0.281044 1.976139 0.438141 -0.226131 0.788607 0.367419
0.437763 -0.277409 1.978222 0.435471 -0.226067 0.791150 0.365157
0.434089 -0.274631 1.980354 0.432665 -0.226609 0.793424 0.363218
0.428877 -0.271095 1.981442 0.430783 -0.227419 0.794886 0.361749
0.424098 -0.267118 1.982661 0.428942 -0.227631 0.796705 0.359795
0.420101 -0.263454 1.983851 0.427187 -0.227634 0.798556 0.357775
0.416687 -0.260303 1.984809 0.425684 -0.227689 0.800139 0.355990
0.412096 -0.256086 1.985004 0.425256 -0.226998 0.800882 0.355271
0.408185 -0.250980 1.985618 0.424665 -0.225696 0.802392 0.353396
0.405118 -0.245822 1.986384 0.423956 -0.223938 0.804296 0.351029
0.402518 -0.241139 1.986991 0.423295 -0.222319 0.806104 0.348701
0.398469 -0.236010 1.986647 0.423151 -0.221213 0.807222 0.346988
0.394973 -0.230522 1.986588 0.422935 -0.219865 0.808742 0.344561
0.392172 -0.225246 1.986729 0.422576 -0.218192 0.810499 0.341926
0.389650 -0.220552 1.986792 0.422120 -0.216892 0.812116 0.339472
0.385530 -0.215139 1.986176 0.421576 -0.216395 0.813057 0.338208
0.382062 -0.209110 1.985971 0.420899 -0.215611 0.814521 0.336021
