0.392270 -0.194165 1.998502 0.437371 -0.247051 0.784783 0.363026
0.386907 -0.191275 1.998598 0.436282 -0.247824 0.784670 0.364053
0.382120 -0.188177 1.998630 0.435731 -0.248353 0.784258 0.365236
0.376368 -0.184730 1.998581 0.434850 -0.248228 0.782813 0.369448
0.370767 -0.181373 1.998238 0.433876 -0.248639 0.782095 0.371830
0.365832 -0.178160 1.997636 0.433374 -0.249426 0.781677 0.372767
0.361490 -0.174737 1.997067 0.433281 -0.250127 0.781134 0.373542
0.355757 -0.170945 1.996519 0.432060 -0.251668 0.779459 0.377400
0.350410 -0.166962 1.995659 0.430913 -0.252965 0.778694 0.379419
0.345944 -0.162844 1.994771 0.430325 -0.253856 0.778458 0.379976
0.342146 -0.158450 1.993967 0.430240 -0.254129 0.778329 0.380151
0.337029 -0.153878 1.992677 0.429883 -0.254718 0.776110 0.384670
0.332657 -0.148871 1.991337 0.429675 -0.254649 0.774943 0.387293
0.329155 -0.143510 1.990194 0.429791 -0.253828 0.774685 0.388218
0.326248 -0.137925 1.989231 0.430166 -0.252575 0.774983 0.388027
0.321736 -0.132811 1.987917 0.429860 -0.254628 0.773434 0.390109
0.317738 -0.127326 1.986736 0.429516 -0.255865 0.772964 0.390608
0.314459 -0.121548 1.985766 0.429475 -0.255975 0.773371 0.389775
0.311738 -0.115603 1.984971 0.429718 -0.255293 0.774375 0.387958
0.308339 -0.109476 1.983901 0.429806 -0.256854 0.773485 0.388605
0.305691 -0.102286 1.982774 0.429949 -0.256419 0.773770 0.388168
0.303657 -0.094662 1.981800 0.430359 -0.254430 0.774956 0.386650
0.301962 -0.086983 1.980992 0.430948 -0.251645 0.776751 0.384207
0.299531 -0.079151 1.980575 0.431408 -0.251061 0.776877 0.383819
0.297270 -0.070266 1.980385 0.431275 -0.248879 0.778442 0.382216
0.295325 -0.061114 1.980272 0.431235 -0.245365 0.780862 0.379587
0.293540 -0.052132 1.980187 0.431371 -0.241285 0.783709 0.376166
0.291197 -0.043479 1.980113 0.431674 -0.240268 0.785262 0.373219
0.288915 -0.034148 1.979993 0.431708 -0.238200 0.787579 0.369606
0.286830 -0.024703 1.979869 0.431855 -0.234787 0.790474 0.365412
0.284804 -0.015526 1.979750 0.432153 -0.230786 0.793633 0.360732
0.282728 -0.006303 1.979636 0.432691 -0.229229 0.796120 0.355565
0.280953 0.004183 1.979322 0.433039 -0.225930 0.799265 0.350155
0.279234 0.014921 1.978938 0.433416 -0.220978 0.802844 0.344619
0.277381 0.025309 1.978555 0.433858 -0.215485 0.806537 0.338866
0.275287 0.035239 1.978222 0.434732 -0.212091 0.809600 0.332525
0.273100 0.045563 1.977806 0.435521 -0.208281 0.812880 0.325833
0.270787 0.055790 1.977363 0.436246 -0.203420 0.816360 0.319163
0.268287 0.065558 1.976944 0.436976 -0.198223 0.819839 0.312450
0.265499 0.074905 1.976533 0.438025 -0.194862 0.822822 0.305168
0.262563 0.084869 1.975942 0.438889 -0.191076 0.826019 0.297591
0.259501 0.094888 1.975306 0.439603 -0.186049 0.829396 0.290237
0.256254 0.104497 1.974708 0.440274 -0.180634 0.832743 0.282963
0.252693 0.113673 1.974198 0.441041 -0.176320 0.835886 0.275114
0.248815 0.123269 1.973643 0.441472 -0.171803 0.839310 0.266729
0.244779 0.132815 1.973065 0.441766 -0.166373 0.842780 0.258621
0.240594 0.141914 1.972521 0.442064 -0.160725 0.846109 0.250691
0.236381 0.150483 1.971921 0.442907 -0.156195 0.849004 0.242136
0.232311 0.159231 1.970970 0.444218 -0.151922 0.851579 0.233246
0.228143 0.167893 1.969958 0.445355 -0.146796 0.854110 0.224958
0.223808 0.176146 1.969027 0.446370 -0.141448 0.856549 0.216956
0.219402 0.183996 1.968192 0.447800 -0.136817 0.858625 0.208614
0.215004 0.192263 1.967220 0.449590 -0.132309 0.860507 0.199724
0.210379 0.200544 1.966215 0.450983 -0.126930 0.862493 0.191331
0.205532 0.208458 1.965295 0.452130 -0.121336 0.864463 0.183197
0.200674 0.216191 1.964502 0.453396 -0.115765 0.866311 0.174740
0.196089 0.225057 1.963592 0.454701 -0.109068 0.868261 0.165748
0.191543 0.233721 1.962653 0.455083 -0.101809 0.870384 0.158008
0.187345 0.241424 1.961770 0.455035 -0.095067 0.872334 0.151457
0.183747 0.248190 1.960981 0.455377 -0.089441 0.873774 0.145433
0.180485 0.255508 1.960265 0.456652 -0.084188 0.874767 0.138436
0.177144 0.262548 1.959565 0.457125 -0.078588 0.875986 0.132319
0.174028 0.268787 1.958909 0.457221 -0.073389 0.877155 0.127126
0.171397 0.274356 1.958339 0.457463 -0.068870 0.878099 0.122172
0.169441 0.281160 1.957784 0.458398 -0.063833 0.878874 0.115658
0.167445 0.287832 1.957041 0.458739 -0.058320 0.879762 0.110343
0.165553 0.293779 1.956264 0.458815 -0.053187 0.880584 0.105979
0.164010 0.299115 1.955548 0.459060 -0.048686 0.881215 0.101755
0.163617 0.306541 1.954831 0.460856 -0.043226 0.881326 0.094905
0.163021 0.314029 1.953822 0.462016 -0.037045 0.881568 0.089475
0.162277 0.320746 1.952736 0.462774 -0.031250 0.881832 0.085063
0.161567 0.326649 1.951728 0.463386 -0.026201 0.882051 0.081069
0.161429 0.333942 1.951005 0.464426 -0.020894 0.882205 0.074733
0.161011 0.341386 1.950149 0.464971 -0.014934 0.882472 0.069456
0.160349 0.348074 1.949209 0.465183 -0.009307 0.882769 0.065093
0.159652 0.353895 1.948320 0.465295 -0.004410 0.883026 0.061207
0.160255 0.360627 1.947745 0.466303 -0.000448 0.882978 0.053950
0.161276 0.367325 1.947067 0.467553 0.003811 0.882633 0.048361
0.162077 0.373567 1.946267 0.468566 0.008110 0.882300 0.043908
0.162629 0.378992 1.945435 0.469341 0.012041 0.882014 0.040316
0.164214 0.385164 1.944741 0.470602 0.015296 0.881505 0.035326
0.166290 0.391298 1.943808 0.472091 0.018968 0.880765 0.031988
0.168139 0.396827 1.942715 0.473383 0.022584 0.880070 0.029575
0.169679 0.401557 1.941633 0.474460 0.025826 0.879461 0.027722
0.171976 0.406898 1.941257 0.475129 0.027688 0.879173 0.023264
0.174953 0.411973 1.940991 0.475984 0.029670 0.878724 0.020105
0.177718 0.416643 1.940617 0.476896 0.031761 0.878206 0.017788
0.180028 0.420649 1.940167 0.477632 0.033764 0.877764 0.016027
0.183041 0.424967 1.940214 0.478848 0.033613 0.877169 0.012240
0.186853 0.429028 1.940316 0.480387 0.033430 0.876366 0.009647
0.190423 0.432794 1.940254 0.481867 0.033686 0.875561 0.007909
0.193434 0.436043 1.940060 0.483034 0.034203 0.874908 0.006682
0.196987 0.439552 1.940280 0.484499 0.033100 0.874159 0.003305
0.201520 0.442770 1.940611 0.486312 0.031804 0.873206 0.000837
0.205861 0.445835 1.940781 0.488137 0.031052 0.872214 -0.000721
0.209483 0.448750 1.940768 0.489563 0.030973 0.871415 -0.001866
0.213252 0.451782 1.941283 0.490745 0.029371 0.870795 -0.004746
0.218081 0.454154 1.942390 0.491886 0.027109 0.870209 -0.006974
0.222901 0.456133 1.943445 0.493219 0.025126 0.869503 -0.008262
0.227039 0.458089 1.944294 0.494308 0.023903 0.868909 -0.009185
0.231059 0.460187 1.945359 0.495264 0.021505 0.868403 -0.011236
0.235960 0.461928 1.946773 0.496085 0.018681 0.867980 -0.012725
0.240863 0.463417 1.947981 0.497066 0.016381 0.867456 -0.013306
0.245080 0.465177 1.948903 0.497910 0.015071 0.866990 -0.013655
0.249152 0.467159 1.949788 0.499030 0.012934 0.866355 -0.015212
0.254461 0.468508 1.951029 0.500574 0.009731 0.865484 -0.016386
0.259961 0.469383 1.952166 0.502191 0.006845 0.864571 -0.016538
0.264853 0.470426 1.953073 0.503626 0.004842 0.863752 -0.016415
0.269319 0.471635 1.954061 0.504974 0.002279 0.862960 -0.017170
0.274529 0.472237 1.955817 0.506303 -0.001416 0.862165 -0.018065
0.279677 0.472416 1.957646 0.507588 -0.004776 0.861392 -0.018297
0.284120 0.472915 1.959279 0.508674 -0.007155 0.860732 -0.018427
0.287943 0.473902 1.960794 0.509321 -0.009398 0.860309 -0.019293
0.292557 0.474493 1.962699 0.509573 -0.012248 0.860109 -0.019904
0.297288 0.474677 1.964494 0.510012 -0.014825 0.859813 -0.019743
0.301440 0.475155 1.966007 0.510438 -0.016547 0.859535 -0.019459
0.305001 0.476021 1.967279 0.510619 -0.018167 0.859381 -0.020069
0.309476 0.476760 1.968569 0.510519 -0.020282 0.859371 -0.021002
0.314356 0.477038 1.969512 0.510675 -0.022064 0.859241 -0.020732
0.318944 0.476988 1.970133 0.510926 -0.023582 0.859070 -0.019913
0.323199 0.476990 1.970670 0.511222 -0.025318 0.858858 -0.019308
0.327884 0.477341 1.971616 0.511400 -0.027296 0.858696 -0.019136
0.332301 0.477307 1.972560 0.511559 -0.028975 0.858559 -0.018572
0.336184 0.476992 1.973422 0.511674 -0.030466 0.858453 -0.017865
0.339659 0.476791 1.974245 0.511794 -0.032060 0.858328 -0.017668
0.344121 0.477105 1.975116 0.511901 -0.033739 0.858183 -0.018460
0.348852 0.476891 1.975698 0.512181 -0.035204 0.857964 -0.018156
0.353296 0.476293 1.976079 0.512527 -0.036618 0.857715 -0.017334
0.357332 0.475678 1.976396 0.512904 -0.038011 0.857446 -0.016452
0.362036 0.475637 1.976872 0.513214 -0.039014 0.857229 -0.015728
0.366852 0.475137 1.977148 0.513568 -0.039847 0.857004 -0.014319
0.371315 0.474306 1.977297 0.513951 -0.040752 0.856757 -0.012664
0.375291 0.473449 1.977411 0.514364 -0.041645 0.856488 -0.011102
0.379831 0.473336 1.977471 0.515375 -0.042189 0.855865 -0.010223
0.384327 0.473073 1.977257 0.516330 -0.042378 0.855294 -0.008882
0.388375 0.472665 1.976894 0.517187 -0.042518 0.854783 -0.007417
0.391879 0.472269 1.976499 0.517953 -0.042589 0.854327 -0.006059
0.396027 0.472401 1.975994 0.519773 -0.042558 0.853226 -0.005511
0.400451 0.471877 1.975263 0.521458 -0.042739 0.852196 -0.004279
0.404695 0.470949 1.974508 0.522980 -0.043211 0.851245 -0.002659
0.408514 0.469888 1.973835 0.524286 -0.043769 0.850416 -0.001018
0.412498 0.469033 1.973090 0.526706 -0.044252 0.848895 -0.000030
0.416536 0.467940 1.972081 0.528970 -0.044836 0.847454 0.001240
0.420288 0.466774 1.971025 0.530928 -0.045432 0.846193 0.002748
0.423593 0.465677 1.970039 0.532568 -0.045948 0.845128 0.004217
0.425664 0.465539 1.969380 0.533356 -0.044638 0.844704 0.003772
0.426611 0.466060 1.969064 0.533599 -0.042724 0.844653 0.002718
0.427064 0.466739 1.968905 0.533785 -0.041103 0.844619 0.001734
0.427304 0.467422 1.968792 0.533930 -0.039725 0.844595 0.000911
0.427347 0.468176 1.968543 0.534285 -0.038243 0.844439 0.000813
0.427438 0.468636 1.968342 0.534696 -0.037497 0.844210 0.001997
0.427711 0.468653 1.968365 0.534959 -0.037234 0.844051 0.003402
0.427850 0.468799 1.968377 0.535114 -0.036775 0.843969 0.004027
0.427683 0.468807 1.968288 0.535266 -0.036069 0.843904 0.003998
0.427406 0.468764 1.968205 0.535333 -0.035272 0.843894 0.004258
0.427103 0.468872 1.968069 0.535346 -0.034392 0.843920 0.004541
0.426898 0.468915 1.967933 0.535356 -0.033939 0.843931 0.004810
0.426258 0.468612 1.967732 0.535558 -0.033594 0.843817 0.004699
0.425428 0.468104 1.967560 0.535587 -0.033401 0.843795 0.006317
0.424805 0.467578 1.967440 0.535495 -0.033335 0.843844 0.007806
0.424354 0.467070 1.967320 0.535389 -0.033378 0.843895 0.009194
0.423321 0.466268 1.967119 0.535502 -0.033271 0.843816 0.010284
0.421853 0.465202 1.966748 0.535461 -0.033545 0.843795 0.012925
0.420661 0.464178 1.966396 0.535212 -0.033848 0.843898 0.015443
0.419781 0.463129 1.966136 0.534973 -0.034338 0.843983 0.017793
0.418552 0.461899 1.965924 0.535006 -0.034176 0.843916 0.020175
0.416634 0.460679 1.965616 0.535190 -0.034096 0.843731 0.022953
0.414745 0.459510 1.965346 0.535185 -0.034468 0.843666 0.024852
0.412953 0.458324 1.965121 0.535011 -0.035151 0.843711 0.026045
0.410834 0.457054 1.965048 0.534770 -0.034936 0.843792 0.028563
0.407985 0.456046 1.964889 0.534920 -0.034578 0.843570 0.032463
0.405179 0.455147 1.964704 0.535043 -0.034881 0.843382 0.034913
0.402519 0.454234 1.964543 0.535013 -0.035516 0.843307 0.036504
0.399790 0.453190 1.964421 0.534827 -0.035477 0.843337 0.038541
0.396540 0.452463 1.963982 0.534819 -0.034220 0.843206 0.042447
0.393457 0.451785 1.963474 0.534682 -0.033463 0.843157 0.045621
0.390724 0.450808 1.963109 0.534530 -0.033459 0.843122 0.047990
0.387922 0.449623 1.962811 0.534226 -0.033581 0.843225 0.049458
0.384347 0.448911 1.961878 0.534829 -0.032112 0.842656 0.053457
0.380931 0.448342 1.960785 0.535287 -0.031195 0.842170 0.056958
0.377761 0.447630 1.959844 0.535389 -0.030792 0.841952 0.059385
0.374557 0.446785 1.959102 0.535078 -0.030001 0.842015 0.061661
0.370696 0.445992 1.958087 0.535305 -0.028084 0.841622 0.065827
0.366963 0.445453 1.956890 0.535442 -0.026682 0.841334 0.068905
0.363517 0.444736 1.955839 0.535283 -0.026020 0.841275 0.071069
0.360344 0.443565 1.955082 0.535012 -0.025975 0.841320 0.072588
0.356542 0.442402 1.954201 0.535235 -0.024264 0.840816 0.077219
0.352918 0.441344 1.953238 0.535490 -0.023139 0.840298 0.081326
0.349541 0.440182 1.952409 0.535517 -0.022708 0.840005 0.084248
0.346386 0.438729 1.951819 0.535315 -0.022698 0.839908 0.086470
0.342676 0.437285 1.950864 0.535027 -0.020336 0.839645 0.091263
0.339292 0.436114 1.949474 0.534948 -0.018378 0.839242 0.095734
0.336190 0.434944 1.948097 0.534669 -0.017080 0.839035 0.099284
0.333376 0.433480 1.946982 0.534233 -0.016472 0.838974 0.102210
0.329867 0.431708 1.946154 0.533641 -0.014285 0.838837 0.106657
0.326486 0.430028 1.945767 0.533987 -0.012958 0.838165 0.110314
0.323290 0.427659 1.947341 0.534532 -0.012920 0.837675 0.111396
0.320025 0.424364 1.950234 0.534979 -0.014738 0.837432 0.110847
0.316098 0.420604 1.953154 0.535241 -0.014930 0.836970 0.113028
0.311955 0.417311 1.955871 0.534959 -0.015225 0.836919 0.114689
0.308288 0.413907 1.958295 0.534798 -0.016403 0.836892 0.115475
0.304974 0.410363 1.960597 0.534367 -0.018147 0.837092 0.115757
0.301522 0.406875 1.962075 0.534174 -0.018448 0.836863 0.118231
0.298062 0.403813 1.963345 0.534035 -0.018630 0.836627 0.120477
0.294749 0.400652 1.964774 0.533693 -0.019510 0.836662 0.121606
0.291584 0.397254 1.966369 0.533059 -0.021081 0.836977 0.121955
0.288360 0.393726 1.967249 0.532868 -0.021834 0.836982 0.122619
0.285092 0.390601 1.967949 0.532558 -0.022131 0.837037 0.123536
0.281928 0.387367 1.968874 0.532024 -0.023054 0.837331 0.123676
0.278951 0.383908 1.969945 0.531306 -0.024624 0.837791 0.123351
0.275900 0.380131 1.970486 0.531103 -0.024660 0.837921 0.123329
0.272716 0.376716 1.970833 0.530764 -0.023966 0.838069 0.123912
0.269657 0.373214 1.971404 0.530231 -0.024151 0.838414 0.123829
0.266785 0.369511 1.972132 0.529541 -0.025173 0.838890 0.123355
0.263822 0.365399 1.972462 0.529350 -0.025112 0.839163 0.122321
0.260603 0.361599 1.972604 0.529053 -0.024327 0.839494 0.121493
0.257503 0.357732 1.972985 0.528558 -0.024531 0.839973 0.120295
0.254616 0.353677 1.973503 0.527971 -0.025672 0.840503 0.118929
0.251685 0.349231 1.973740 0.527857 -0.025770 0.840700 0.118008
0.248357 0.345181 1.973794 0.527549 -0.024698 0.840935 0.117947
0.245253 0.341018 1.974030 0.527171 -0.024823 0.841253 0.117338
0.242465 0.336622 1.974367 0.526751 -0.025996 0.841591 0.116544
0.239666 0.331786 1.974387 0.526877 -0.026620 0.841655 0.115366
0.236267 0.327359 1.974129 0.526834 -0.025356 0.841739 0.115225
0.233038 0.322924 1.974093 0.526567 -0.025159 0.841974 0.114777
0.230180 0.318236 1.974171 0.526308 -0.026048 0.842161 0.114398
0.227330 0.313230 1.973988 0.526383 -0.026838 0.842214 0.113474
0.223856 0.308586 1.973464 0.526470 -0.025783 0.842196 0.113447
0.220699 0.303809 1.973158 0.526496 -0.025509 0.842114 0.113996
0.217927 0.298867 1.972924 0.526392 -0.026185 0.842058 0.114737
0.215262 0.293475 1.972665 0.526399 -0.027801 0.842163 0.113544
0.211901 0.287800 1.972603 0.526409 -0.028343 0.842222 0.112927
0.208720 0.282203 1.972615 0.526260 -0.029527 0.842302 0.112719
0.205978 0.276422 1.972600 0.526080 -0.031795 0.842382 0.112347
0.203449 0.270319 1.972454 0.526137 -0.034371 0.842342 0.111616
0.200260 0.264229 1.972164 0.526483 -0.035189 0.842058 0.111877
0.197175 0.258254 1.971968 0.526592 -0.036885 0.841952 0.111616
0.194459 0.252133 1.971766 0.526628 -0.039550 0.841853 0.111272
0.192048 0.245721 1.971534 0.526745 -0.042552 0.841667 0.111018
0.189119 0.238766 1.971486 0.527299 -0.044239 0.841136 0.111757
0.186232 0.232011 1.971433 0.527273 -0.046311 0.840866 0.113058
0.183734 0.225171 1.971239 0.527015 -0.049442 0.840720 0.114018
0.181582 0.218127 1.970962 0.526979 -0.053205 0.840426 0.114656
0.179246 0.210437 1.970914 0.527362 -0.056766 0.839895 0.115078
0.176975 0.202667 1.970776 0.527718 -0.061330 0.839394 0.114761
0.174997 0.194916 1.970417 0.528115 -0.066572 0.838811 0.114270
0.173242 0.187161 1.969889 0.528472 -0.072059 0.838163 0.114049
0.171189 0.178945 1.969592 0.529155 -0.077425 0.837368 0.113208
0.169295 0.170671 1.969076 0.530430 -0.083330 0.836179 0.111820
0.167694 0.162531 1.968258 0.531865 -0.089413 0.834774 0.110807
0.166335 0.154448 1.967197 0.533282 -0.095590 0.833248 0.110319
0.164442 0.145714 1.966634 0.534235 -0.101540 0.831992 0.109874
0.162795 0.136938 1.965782 0.536377 -0.107179 0.829839 0.110362
0.161323 0.128384 1.964573 0.538333 -0.112971 0.827681 0.111261
0.160011 0.120186 1.963194 0.539936 -0.118906 0.825688 0.112117
0.158380 0.111854 1.962417 0.541242 -0.124672 0.824079 0.111387
0.156625 0.104221 1.961759 0.542203 -0.129874 0.822668 0.111206
0.154900 0.097593 1.961159 0.542381 -0.134809 0.821796 0.110908
0.153339 0.091796 1.960597 0.542231 -0.139411 0.821169 0.110595
0.151857 0.086569 1.960551 0.542921 -0.142471 0.820371 0.109229
0.150103 0.082174 1.960769 0.542825 -0.145279 0.820188 0.107363
0.148451 0.078610 1.961016 0.542434 -0.147633 0.820236 0.105751
0.147017 0.075700 1.961246 0.542007 -0.149595 0.820333 0.104419
0.145547 0.073422 1.961631 0.542399 -0.150061 0.820348 0.101554
0.143649 0.071856 1.962348 0.542200 -0.150193 0.820925 0.097693
0.141797 0.070708 1.963114 0.541641 -0.150246 0.821681 0.094294
0.140176 0.069806 1.963807 0.541045 -0.150284 0.822387 0.091463
0.138571 0.069222 1.964255 0.540807 -0.149206 0.823010 0.089000
0.136793 0.069000 1.964802 0.540422 -0.147909 0.823811 0.086042
0.135141 0.068889 1.965376 0.539887 -0.146837 0.824628 0.083367
0.133720 0.068811 1.965885 0.539376 -0.145977 0.825340 0.081107
0.132487 0.068973 1.965921 0.539092 -0.144802 0.825972 0.078628
0.131416 0.069412 1.965801 0.539224 -0.143353 0.826417 0.075643
0.130472 0.069822 1.965758 0.539324 -0.142118 0.826802 0.073012
0.129671 0.070167 1.965732 0.539394 -0.141108 0.827119 0.070822
0.128864 0.070870 1.965573 0.539398 -0.139659 0.827548 0.068633
0.127939 0.072200 1.965578 0.539448 -0.137544 0.828091 0.065901
0.127045 0.073473 1.965704 0.539422 -0.135624 0.828618 0.063410
0.126258 0.074563 1.965835 0.539371 -0.134008 0.829074 0.061292
0.125408 0.075737 1.965662 0.539066 -0.132164 0.829666 0.059955
0.124472 0.077284 1.965427 0.538788 -0.129843 0.830310 0.058600
