0.256145 0.217263 1.837076 0.490157 -0.130563 0.844268 0.172946
0.256466 0.215741 1.840744 0.488430 -0.127096 0.844822 0.177649
0.256724 0.214355 1.843829 0.486846 -0.124529 0.845280 0.181594
0.257199 0.213755 1.848596 0.484824 -0.119380 0.846400 0.185206
0.257908 0.212619 1.853647 0.482364 -0.116732 0.847687 0.187415
0.258608 0.211139 1.857990 0.480097 -0.115373 0.848663 0.189651
0.259230 0.209652 1.861640 0.478076 -0.114616 0.849426 0.191785
0.260082 0.208863 1.865770 0.476402 -0.111380 0.850579 0.192748
0.261496 0.207642 1.870563 0.474490 -0.108898 0.852028 0.192478
0.263260 0.205464 1.874784 0.472571 -0.108197 0.852989 0.193338
0.265061 0.202889 1.878271 0.470935 -0.108467 0.853492 0.194952
0.266856 0.200923 1.881813 0.469572 -0.107361 0.854041 0.196445
0.268871 0.199795 1.886502 0.467785 -0.105154 0.855482 0.195627
0.271012 0.198011 1.890822 0.465766 -0.104251 0.856712 0.195544
0.273354 0.195575 1.894479 0.463871 -0.104351 0.857480 0.196628
0.275738 0.193100 1.897618 0.462414 -0.104603 0.857927 0.197969
0.278686 0.191662 1.901339 0.461116 -0.103521 0.859119 0.196391
0.281759 0.189712 1.904719 0.459645 -0.103178 0.860105 0.195703
0.284940 0.187103 1.907547 0.458258 -0.103628 0.860637 0.196378
0.287985 0.184219 1.909819 0.457209 -0.104576 0.860740 0.197862
0.291284 0.182846 1.912991 0.455986 -0.102665 0.861850 0.196852
0.294542 0.181384 1.916184 0.454364 -0.101172 0.863150 0.195677
0.297828 0.179253 1.918931 0.452734 -0.100508 0.864046 0.195842
0.301168 0.176478 1.921183 0.451308 -0.100665 0.864461 0.197221
0.304876 0.174463 1.923918 0.450223 -0.099817 0.865162 0.197053
0.308548 0.172667 1.927142 0.448748 -0.098944 0.866333 0.195707
0.312090 0.170205 1.930025 0.447191 -0.098868 0.867180 0.195561
0.315637 0.167072 1.932461 0.445739 -0.099474 0.867600 0.196700
0.319455 0.164178 1.934938 0.444669 -0.099701 0.867978 0.197343
0.323440 0.161986 1.938026 0.443324 -0.099153 0.869022 0.196049
0.327201 0.159257 1.940816 0.441854 -0.099201 0.869817 0.195809
0.330889 0.155900 1.943179 0.440471 -0.099846 0.870215 0.196829
0.334708 0.152466 1.945286 0.439507 -0.100640 0.870319 0.198117
0.339179 0.150219 1.947981 0.438591 -0.099974 0.871092 0.197084
0.343385 0.147602 1.950408 0.437512 -0.099614 0.871720 0.196887
0.347426 0.144366 1.952449 0.436464 -0.099801 0.871994 0.197902
0.351385 0.140600 1.954163 0.435585 -0.100567 0.871881 0.199940
0.356047 0.137930 1.956807 0.434504 -0.101266 0.872209 0.200510
0.360389 0.135444 1.959390 0.433110 -0.101637 0.872748 0.200991
0.364454 0.132515 1.961572 0.431760 -0.102136 0.873045 0.202343
0.368261 0.129139 1.963303 0.430722 -0.103077 0.872966 0.204411
0.372340 0.126512 1.965520 0.429382 -0.103380 0.873506 0.204769
0.376310 0.123960 1.967812 0.427713 -0.103372 0.874315 0.204814
0.380059 0.120854 1.969726 0.426209 -0.103702 0.874761 0.205879
0.383498 0.117411 1.971220 0.425133 -0.104559 0.874778 0.207590
0.387280 0.114574 1.972736 0.424165 -0.105142 0.875052 0.208118
0.391680 0.112130 1.974075 0.423210 -0.104756 0.875528 0.208258
0.395902 0.109257 1.974912 0.422641 -0.104612 0.875538 0.209439
0.399686 0.106282 1.975430 0.422419 -0.104835 0.875224 0.211080
0.403378 0.103609 1.975971 0.422288 -0.105085 0.874957 0.212321
0.407901 0.100772 1.976593 0.422195 -0.105151 0.874772 0.213231
0.412153 0.097397 1.976831 0.422478 -0.105787 0.874131 0.214979
0.415882 0.094007 1.976910 0.422903 -0.106700 0.873319 0.216985
0.419235 0.090973 1.976994 0.423301 -0.107591 0.872647 0.218465
0.423800 0.088365 1.977200 0.423820 -0.107336 0.872516 0.218110
0.428201 0.085283 1.976997 0.424698 -0.107436 0.871912 0.218769
0.432079 0.082159 1.976655 0.425649 -0.107851 0.871109 0.219910
0.435381 0.079279 1.976320 0.426514 -0.108362 0.870315 0.221122
0.439536 0.076651 1.976061 0.427723 -0.108866 0.869823 0.220473
0.443717 0.073660 1.975454 0.429229 -0.109373 0.869019 0.220469
0.447382 0.070930 1.974732 0.430694 -0.109627 0.868187 0.220759
0.450506 0.068429 1.974075 0.431986 -0.110103 0.867355 0.221272
0.453980 0.066241 1.973476 0.433390 -0.110282 0.866797 0.220620
0.457780 0.063947 1.972557 0.435111 -0.110057 0.866123 0.219992
0.460955 0.061533 1.971684 0.436516 -0.110278 0.865440 0.219785
0.462361 0.059173 1.971882 0.436429 -0.111271 0.865604 0.218811
0.463271 0.056942 1.972547 0.435973 -0.112376 0.866135 0.217048
0.464357 0.054002 1.973475 0.435224 -0.114707 0.866870 0.214382
0.465257 0.050393 1.974352 0.434438 -0.118162 0.867175 0.212859
0.466041 0.046858 1.975102 0.433824 -0.121048 0.867257 0.212157
0.466778 0.043392 1.975929 0.433158 -0.124334 0.867323 0.211343
0.467784 0.039064 1.976917 0.432312 -0.128023 0.867520 0.210063
0.468729 0.034102 1.977903 0.431468 -0.132272 0.867400 0.209660
0.469574 0.029115 1.978794 0.430769 -0.136397 0.867018 0.210035
0.470336 0.024537 1.979553 0.430239 -0.139822 0.866536 0.210853
0.471274 0.018937 1.980253 0.429260 -0.144335 0.866355 0.210551
0.472215 0.012386 1.980879 0.428305 -0.149208 0.865822 0.211289
0.473038 0.005799 1.981440 0.427479 -0.154070 0.865046 0.212646
0.473772 -0.000367 1.981909 0.426827 -0.158681 0.864133 0.214275
0.474706 -0.006564 1.982331 0.426201 -0.162620 0.863276 0.216012
0.475656 -0.013410 1.982825 0.425427 -0.166828 0.862358 0.217987
0.476491 -0.020114 1.983238 0.424811 -0.171007 0.861265 0.220260
0.477237 -0.026226 1.983540 0.424383 -0.174795 0.860119 0.222579
0.478075 -0.032140 1.983758 0.423988 -0.178116 0.859086 0.224677
0.479004 -0.039248 1.984032 0.423338 -0.181815 0.858045 0.226911
0.479808 -0.046509 1.984220 0.422832 -0.185703 0.856772 0.229497
0.480529 -0.053201 1.984269 0.422570 -0.189131 0.855420 0.232206
0.481308 -0.059321 1.984242 0.422427 -0.192247 0.854079 0.234831
0.482367 -0.066436 1.984349 0.422034 -0.195635 0.852651 0.237911
0.483231 -0.073709 1.984431 0.421675 -0.199159 0.851123 0.241071
0.483889 -0.080465 1.984450 0.421378 -0.202501 0.849616 0.244105
0.484423 -0.086452 1.984423 0.421145 -0.205394 0.848247 0.246835
0.485189 -0.093526 1.984485 0.420704 -0.208317 0.846779 0.250154
0.485741 -0.101049 1.984590 0.420207 -0.211227 0.845325 0.253448
0.486184 -0.108121 1.984616 0.419816 -0.214377 0.843856 0.256331
0.486604 -0.114320 1.984513 0.419645 -0.217160 0.842424 0.258959
0.487361 -0.121236 1.984534 0.419224 -0.220697 0.840683 0.262292
0.488056 -0.128894 1.984568 0.418891 -0.223806 0.838816 0.266136
0.488598 -0.136069 1.984518 0.418668 -0.226861 0.837023 0.269525
0.489092 -0.142365 1.984342 0.418643 -0.229598 0.835307 0.272551
0.489740 -0.148593 1.984188 0.418430 -0.232499 0.833570 0.275721
0.490424 -0.155659 1.984044 0.418107 -0.235247 0.831776 0.279276
0.490963 -0.162284 1.983803 0.417925 -0.237754 0.830087 0.282432
0.491444 -0.168089 1.983451 0.417942 -0.239932 0.828479 0.285271
0.491963 -0.173501 1.983128 0.417858 -0.242359 0.826940 0.287797
0.492547 -0.179955 1.982945 0.417614 -0.245065 0.825255 0.290681
0.492965 -0.186239 1.982680 0.417435 -0.247851 0.823626 0.293184
0.493366 -0.191872 1.982222 0.417519 -0.250419 0.821952 0.295573
0.493809 -0.196835 1.981700 0.417755 -0.252701 0.820269 0.297962
0.494499 -0.202506 1.981547 0.417806 -0.255412 0.818152 0.301380
0.495075 -0.207867 1.981369 0.418060 -0.257394 0.816234 0.304524
0.495575 -0.212555 1.981105 0.418384 -0.259116 0.814507 0.307234
0.496021 -0.216543 1.980796 0.418755 -0.260561 0.812951 0.309618
0.496566 -0.221154 1.980640 0.418888 -0.262670 0.811314 0.311943
0.496982 -0.225910 1.980476 0.419154 -0.264251 0.809770 0.314252
0.497332 -0.230221 1.980208 0.419449 -0.265854 0.808339 0.316183
0.497669 -0.233936 1.979856 0.419823 -0.267236 0.807000 0.317936
0.498164 -0.237954 1.979632 0.419877 -0.269305 0.805446 0.320054
0.498614 -0.242419 1.979506 0.419824 -0.271143 0.803956 0.322309
0.498985 -0.246510 1.979285 0.419870 -0.272906 0.802567 0.324220
0.499343 -0.250042 1.978964 0.420058 -0.274364 0.801259 0.325975
0.499822 -0.253451 1.978697 0.420003 -0.276133 0.799856 0.327992
0.500418 -0.257296 1.978591 0.419517 -0.278020 0.798491 0.330337
0.500887 -0.260712 1.978474 0.419185 -0.279307 0.797398 0.332306
0.501275 -0.263666 1.978335 0.418959 -0.280438 0.796391 0.334051
0.501643 -0.266227 1.978168 0.418908 -0.281234 0.795402 0.335798
0.501993 -0.269072 1.978036 0.419099 -0.281916 0.793922 0.338476
0.502228 -0.271695 1.977918 0.419319 -0.282343 0.792673 0.340768
0.502459 -0.273942 1.977769 0.419570 -0.282715 0.791573 0.342705
0.502687 -0.275856 1.977593 0.419816 -0.283123 0.790576 0.344362
0.503013 -0.277819 1.977515 0.419559 -0.284393 0.789845 0.345306
0.503291 -0.279565 1.977461 0.419308 -0.285402 0.789282 0.346066
0.503514 -0.281092 1.977405 0.419105 -0.286355 0.788741 0.346755
0.503704 -0.282390 1.977334 0.418980 -0.287109 0.788256 0.347387
0.503977 -0.283585 1.977007 0.418899 -0.287503 0.787797 0.348199
0.504048 -0.284876 1.976700 0.418531 -0.287994 0.787407 0.349116
0.504046 -0.286092 1.976427 0.418212 -0.288394 0.787110 0.349838
0.504091 -0.287127 1.976115 0.418043 -0.288606 0.786853 0.350440
0.504330 -0.287804 1.975559 0.418371 -0.288062 0.786485 0.351323
0.504521 -0.288148 1.975047 0.418557 -0.287558 0.786035 0.352518
0.504543 -0.288482 1.974759 0.418501 -0.287425 0.785716 0.353404
0.504583 -0.288755 1.974485 0.418489 -0.287259 0.785493 0.354048
0.504631 -0.288884 1.974083 0.418771 -0.286690 0.785221 0.354778
0.504531 -0.288695 1.973543 0.419238 -0.285823 0.784819 0.355816
0.504380 -0.288500 1.973175 0.419470 -0.285334 0.784538 0.356553
0.504306 -0.288294 1.972817 0.419716 -0.284868 0.784339 0.357071
0.504159 -0.288150 1.972482 0.419784 -0.284765 0.784205 0.357369
0.503484 -0.287717 1.972076 0.419678 -0.285440 0.783875 0.357680
0.503313 -0.286477 1.971667 0.420475 -0.283691 0.783587 0.358764
0.503288 -0.285094 1.971372 0.421078 -0.282154 0.783568 0.359311
0.503256 -0.283877 1.971175 0.421544 -0.281014 0.783512 0.359777
0.502194 -0.282029 1.970980 0.422077 -0.278908 0.783193 0.361483
0.501530 -0.279088 1.970906 0.423088 -0.275306 0.783079 0.363305
0.501105 -0.276285 1.970877 0.423841 -0.272654 0.783057 0.364473
0.500860 -0.273590 1.970879 0.424443 -0.270106 0.783328 0.365086
0.499448 -0.271055 1.970912 0.424507 -0.268686 0.783533 0.365619
0.497737 -0.267244 1.971356 0.424838 -0.265155 0.784265 0.366242
0.496346 -0.263561 1.971996 0.424878 -0.262662 0.785064 0.366281
0.495211 -0.260171 1.972612 0.424825 -0.260244 0.786064 0.365923
0.493546 -0.257014 1.973134 0.424938 -0.257544 0.786351 0.367084
0.490532 -0.253123 1.974271 0.424738 -0.254137 0.786397 0.369582
0.487736 -0.249109 1.975951 0.423886 -0.251188 0.787308 0.370636
0.485260 -0.245452 1.977651 0.422848 -0.248763 0.788456 0.371016
0.482856 -0.242299 1.979111 0.421994 -0.246656 0.789198 0.371817
0.478813 -0.238749 1.980586 0.421231 -0.245234 0.788892 0.374264
0.475081 -0.234705 1.982620 0.419857 -0.244002 0.789692 0.374926
0.471858 -0.230818 1.984641 0.418382 -0.242803 0.790908 0.374790
0.469117 -0.227408 1.986400 0.417052 -0.241807 0.792109 0.374381
0.464687 -0.223715 1.987946 0.415632 -0.240024 0.792174 0.376958
0.460267 -0.219256 1.989976 0.413682 -0.238804 0.793260 0.377594
0.456540 -0.214422 1.992076 0.411743 -0.237408 0.794992 0.376953
0.453484 -0.209808 1.993946 0.410008 -0.235865 0.796859 0.375869
0.449420 -0.205509 1.995527 0.409003 -0.233318 0.796728 0.378819
0.444332 -0.201099 1.997725 0.407364 -0.231661 0.796792 0.381459
0.439640 -0.196489 2.000149 0.405488 -0.230663 0.797713 0.382137
0.435628 -0.191866 2.002448 0.403660 -0.229598 0.799123 0.381767
0.431387 -0.187615 2.004270 0.402142 -0.228171 0.799594 0.383234
0.426034 -0.183488 2.005909 0.400402 -0.227472 0.799457 0.385749
0.421245 -0.179176 2.007597 0.398730 -0.227202 0.800024 0.386463
0.417214 -0.174556 2.009119 0.397409 -0.226899 0.801083 0.385809
0.413598 -0.169656 2.010423 0.396495 -0.226029 0.801920 0.385521
0.408384 -0.164899 2.011935 0.394922 -0.225148 0.801569 0.388373
0.403350 -0.160175 2.013717 0.393050 -0.224963 0.802130 0.389219
0.398926 -0.155319 2.015416 0.391425 -0.224866 0.803254 0.388594
0.395180 -0.150241 2.016891 0.390229 -0.224558 0.804690 0.387001
0.390198 -0.145402 2.018030 0.388811 -0.224789 0.804245 0.389212
0.385465 -0.140563 2.019135 0.387320 -0.225365 0.804480 0.389880
0.381408 -0.135542 2.020132 0.386193 -0.225649 0.805285 0.389169
0.378025 -0.130276 2.020977 0.385475 -0.225506 0.806536 0.387371
0.373834 -0.125153 2.021326 0.384883 -0.225550 0.806040 0.388961
0.369543 -0.120078 2.021391 0.384210 -0.225943 0.805596 0.390315
0.365924 -0.114786 2.021423 0.383873 -0.225870 0.805826 0.390216
0.362894 -0.109259 2.021438 0.383835 -0.225312 0.806623 0.388928
0.359571 -0.103697 2.021230 0.383664 -0.225264 0.806791 0.388775
0.355959 -0.097868 2.020573 0.383116 -0.225753 0.806748 0.389121
0.353077 -0.091589 2.019871 0.383017 -0.225160 0.807375 0.388261
0.350703 -0.085047 2.019222 0.383229 -0.223820 0.808546 0.386384
0.348339 -0.078529 2.018591 0.383753 -0.222630 0.809192 0.385200
