0.307302 -0.049929 1.991669 0.432283 -0.243749 0.799744 0.337828
0.304956 -0.041684 1.991330 0.432719 -0.240498 0.802040 0.334136
0.302001 -0.033713 1.990294 0.433492 -0.241224 0.802898 0.330532
0.299620 -0.024818 1.989016 0.434423 -0.239614 0.804465 0.326647
0.297538 -0.015704 1.987835 0.435479 -0.236479 0.806526 0.322415
0.295515 -0.006780 1.986817 0.436594 -0.232722 0.808845 0.317800
0.292615 0.002178 1.985997 0.437610 -0.232028 0.810249 0.313301
0.289708 0.012150 1.985273 0.438022 -0.229193 0.812783 0.308205
0.286887 0.022245 1.984644 0.438390 -0.224991 0.815787 0.302796
0.284064 0.032005 1.984098 0.438816 -0.220256 0.818934 0.297111
0.280951 0.041566 1.983436 0.440292 -0.219263 0.820662 0.290827
0.277891 0.052102 1.982599 0.441422 -0.216193 0.823094 0.284470
0.274813 0.062713 1.981789 0.442363 -0.211637 0.825931 0.278143
0.271624 0.072899 1.981060 0.443215 -0.206530 0.828896 0.271731
0.268404 0.082859 1.980190 0.445297 -0.204260 0.830688 0.264474
0.265209 0.093654 1.979058 0.447157 -0.200306 0.832884 0.257358
0.261862 0.104420 1.977946 0.448666 -0.195034 0.835420 0.250467
0.258300 0.114680 1.976943 0.449947 -0.189346 0.838066 0.243599
0.254591 0.124689 1.976102 0.451949 -0.185761 0.840162 0.235294
0.250643 0.135304 1.975221 0.453580 -0.181103 0.842647 0.226745
0.246437 0.145761 1.974363 0.454825 -0.175434 0.845338 0.218545
0.242008 0.155654 1.973583 0.455866 -0.169498 0.848013 0.210551
0.237461 0.165469 1.973007 0.457893 -0.165373 0.849835 0.201905
0.232512 0.176274 1.972365 0.459466 -0.160024 0.852068 0.193039
0.227203 0.187029 1.971668 0.460462 -0.153542 0.854607 0.184515
0.221651 0.197194 1.971000 0.461177 -0.146820 0.857152 0.176207
0.216071 0.206989 1.970255 0.462861 -0.141581 0.858934 0.167176
0.210323 0.217418 1.969138 0.464541 -0.135606 0.860699 0.158141
0.204298 0.227663 1.967940 0.465675 -0.128725 0.862660 0.149649
0.198065 0.237259 1.966819 0.466497 -0.121736 0.864616 0.141425
0.191777 0.246439 1.965905 0.467778 -0.115717 0.866196 0.132280
0.185495 0.255714 1.965265 0.469296 -0.109399 0.867681 0.122154
0.179508 0.263519 1.965329 0.471274 -0.103802 0.868697 0.111769
0.173797 0.269717 1.965900 0.472876 -0.099449 0.869545 0.101934
0.168717 0.275320 1.966532 0.474497 -0.096199 0.870053 0.092761
0.163889 0.281677 1.966906 0.475844 -0.092106 0.870603 0.084499
0.159365 0.287577 1.967188 0.476563 -0.087772 0.871315 0.077413
0.155355 0.292629 1.967426 0.476994 -0.083876 0.871974 0.071437
0.151994 0.297415 1.967621 0.477985 -0.080770 0.872152 0.066011
0.148715 0.303368 1.967614 0.479158 -0.076779 0.872250 0.060757
0.145484 0.309031 1.967557 0.479723 -0.072428 0.872623 0.056127
0.142545 0.313908 1.967534 0.480021 -0.068518 0.873024 0.052107
0.140051 0.318505 1.967535 0.480316 -0.065161 0.873352 0.048026
0.137924 0.324389 1.967191 0.480300 -0.060623 0.873905 0.043908
0.136058 0.329928 1.966655 0.480165 -0.055925 0.874447 0.040715
0.134463 0.334645 1.966145 0.480054 -0.051839 0.874876 0.038112
0.133214 0.339051 1.965818 0.480118 -0.048473 0.875144 0.035505
0.132303 0.344956 1.965474 0.479783 -0.044111 0.875667 0.032709
0.131557 0.350551 1.964835 0.479361 -0.039510 0.876187 0.030790
0.130950 0.355352 1.964178 0.479037 -0.035465 0.876588 0.029327
0.130621 0.359788 1.963623 0.479093 -0.032077 0.876738 0.027787
0.131017 0.365896 1.962796 0.479747 -0.027715 0.876578 0.026174
0.131447 0.371768 1.961492 0.480145 -0.023029 0.876514 0.025559
0.131821 0.376962 1.960094 0.480435 -0.018709 0.876465 0.025339
0.132275 0.381739 1.958902 0.480769 -0.014994 0.876368 0.024826
0.133760 0.388023 1.958423 0.481341 -0.010791 0.876154 0.023405
0.135391 0.393767 1.957806 0.481873 -0.006693 0.875920 0.022715
0.136902 0.398602 1.957109 0.482395 -0.003166 0.875663 0.022388
0.138332 0.402802 1.956547 0.482968 -0.000375 0.875362 0.021990
0.140949 0.407805 1.957034 0.483919 0.001763 0.874855 0.021182
0.143925 0.412060 1.957561 0.485004 0.003553 0.874253 0.020992
0.146751 0.415409 1.957960 0.486072 0.004878 0.873650 0.021127
0.149329 0.418163 1.958311 0.487091 0.005705 0.873079 0.021057
0.153106 0.422160 1.958778 0.488530 0.005881 0.872316 0.019168
0.157338 0.426235 1.958733 0.490178 0.006744 0.871395 0.018712
0.161141 0.430242 1.958329 0.491653 0.008161 0.870550 0.018780
0.164327 0.433835 1.957761 0.492822 0.009666 0.869870 0.018929
0.168084 0.437922 1.957953 0.494144 0.009939 0.869149 0.017430
0.171999 0.441598 1.958346 0.495531 0.010323 0.868371 0.016561
0.175388 0.445056 1.958651 0.496727 0.011065 0.867691 0.015917
0.178122 0.448063 1.958831 0.497600 0.011971 0.867187 0.015407
0.181970 0.451519 1.959531 0.498962 0.011460 0.866422 0.014756
0.186724 0.454389 1.960169 0.500655 0.010883 0.865443 0.015323
0.191318 0.456704 1.960570 0.502294 0.010391 0.864480 0.016343
0.195414 0.458487 1.960820 0.503719 0.009950 0.863633 0.017470
0.199977 0.460818 1.961613 0.505393 0.007967 0.862692 0.016576
0.204873 0.462922 1.962476 0.507009 0.006310 0.861764 0.016255
0.209363 0.464540 1.963138 0.508425 0.004952 0.860935 0.016406
0.213267 0.465769 1.963660 0.509608 0.003839 0.860235 0.016750
0.217746 0.467663 1.964460 0.511347 0.001760 0.859230 0.015632
0.222921 0.469172 1.965139 0.513163 -0.000195 0.858153 0.015341
0.227980 0.469948 1.965600 0.514922 -0.002176 0.857088 0.015843
0.232581 0.470296 1.965954 0.516496 -0.004013 0.856118 0.016653
0.237246 0.471480 1.966497 0.518443 -0.006267 0.854933 0.016312
0.241917 0.473022 1.966794 0.520137 -0.007698 0.853895 0.016140
0.246135 0.474244 1.966807 0.521590 -0.008747 0.852993 0.016468
0.249773 0.475245 1.966700 0.522793 -0.009493 0.852238 0.016965
0.253407 0.476951 1.966860 0.523795 -0.009934 0.851629 0.016380
0.257526 0.478493 1.966980 0.524480 -0.009989 0.851213 0.016065
0.261639 0.479351 1.966933 0.525293 -0.010359 0.850699 0.016511
0.265439 0.479800 1.966839 0.526100 -0.010860 0.850177 0.017270
0.269425 0.480696 1.966837 0.527167 -0.011175 0.849510 0.017421
0.274258 0.481449 1.966547 0.528326 -0.011270 0.848775 0.018037
0.279214 0.481547 1.966016 0.529645 -0.011784 0.847914 0.019487
0.283859 0.481289 1.965444 0.530935 -0.012487 0.847055 0.021201
0.288336 0.481344 1.965223 0.532386 -0.013498 0.846114 0.021778
0.292975 0.481230 1.965508 0.533640 -0.014665 0.845308 0.021643
0.297385 0.480512 1.965929 0.534800 -0.016170 0.844537 0.022009
0.301352 0.479532 1.966417 0.535820 -0.017746 0.843843 0.022584
0.305252 0.479192 1.967003 0.536957 -0.018838 0.843101 0.022445
0.309838 0.479276 1.967403 0.537993 -0.019040 0.842443 0.022136
0.314478 0.478797 1.967520 0.539119 -0.019622 0.841694 0.022724
0.318800 0.478051 1.967519 0.540222 -0.020384 0.840942 0.023682
0.322961 0.477898 1.967656 0.541201 -0.020928 0.840283 0.024244
0.327645 0.478364 1.967902 0.541505 -0.020341 0.840091 0.024621
0.332358 0.478139 1.967946 0.541977 -0.020267 0.839755 0.025738
0.336746 0.477549 1.967919 0.542539 -0.020524 0.839341 0.027121
0.340876 0.477223 1.967977 0.543330 -0.021132 0.838783 0.028065
0.345263 0.477338 1.968208 0.544138 -0.021604 0.838236 0.028406
0.349439 0.476936 1.968395 0.544891 -0.022290 0.837701 0.029204
0.353196 0.476293 1.968576 0.545579 -0.023064 0.837199 0.030151
0.356666 0.475948 1.968756 0.546304 -0.023866 0.836698 0.030332
0.360840 0.476335 1.968469 0.546981 -0.023871 0.836290 0.029345
0.365217 0.476224 1.967699 0.547825 -0.024007 0.835725 0.029559
0.369378 0.475844 1.966762 0.548741 -0.024267 0.835089 0.030343
0.373226 0.475570 1.965869 0.549728 -0.024649 0.834410 0.030857
0.377433 0.475671 1.965141 0.550687 -0.024799 0.833801 0.030088
0.381641 0.475138 1.964440 0.551613 -0.025269 0.833170 0.030176
0.385553 0.474277 1.963840 0.552502 -0.025961 0.832541 0.030696
0.389092 0.473406 1.963355 0.553452 -0.026744 0.831865 0.031238
0.392987 0.473015 1.962475 0.555116 -0.027376 0.830738 0.031163
0.396875 0.472492 1.961175 0.556702 -0.027844 0.829634 0.031861
0.400460 0.471947 1.959764 0.558145 -0.028201 0.828611 0.032899
0.403611 0.471494 1.958425 0.559453 -0.028445 0.827683 0.033839
0.406546 0.471382 1.957298 0.560927 -0.028527 0.826724 0.032795
0.409251 0.471164 1.956198 0.562141 -0.028528 0.825921 0.032235
0.411639 0.470904 1.955196 0.563156 -0.028516 0.825237 0.032032
0.413676 0.470671 1.954331 0.564000 -0.028460 0.824663 0.032011
0.415558 0.470625 1.953499 0.564980 -0.028253 0.824009 0.031753
0.417344 0.470599 1.952516 0.565815 -0.027947 0.823441 0.031899
0.419034 0.469968 1.952075 0.566293 -0.028285 0.823042 0.033386
0.420432 0.469243 1.952036 0.566555 -0.028635 0.822813 0.034269
0.421660 0.468295 1.951985 0.566908 -0.029044 0.822574 0.033815
0.422963 0.467408 1.951658 0.567268 -0.029371 0.822307 0.033993
0.423546 0.467187 1.951484 0.567247 -0.028815 0.822374 0.033184
0.423736 0.467239 1.951378 0.567243 -0.028377 0.822410 0.032742
0.423698 0.467092 1.951210 0.567271 -0.028095 0.822459 0.031249
0.423637 0.466918 1.951076 0.567285 -0.027668 0.822481 0.030777
0.423602 0.466786 1.950929 0.567296 -0.027287 0.822492 0.030618
0.423587 0.466691 1.950766 0.567295 -0.026999 0.822505 0.030544
0.422959 0.466235 1.950525 0.567417 -0.026831 0.822461 0.029590
0.422358 0.465640 1.950338 0.567438 -0.026556 0.822436 0.030129
0.421876 0.465123 1.950169 0.567412 -0.026366 0.822436 0.030775
0.421513 0.464647 1.950010 0.567376 -0.026341 0.822439 0.031399
0.420262 0.463620 1.949822 0.567295 -0.026671 0.822468 0.031817
0.418898 0.462445 1.949642 0.567095 -0.026962 0.822499 0.034228
0.417774 0.461416 1.949479 0.566901 -0.027337 0.822530 0.036329
0.416893 0.460456 1.949347 0.566754 -0.027822 0.822529 0.038231
0.415220 0.459188 1.949248 0.566743 -0.028431 0.822437 0.039891
0.413078 0.457787 1.949132 0.566730 -0.029245 0.822267 0.042891
0.410945 0.456503 1.949051 0.566582 -0.030181 0.822215 0.045121
0.409021 0.455182 1.949014 0.566342 -0.031337 0.822238 0.046888
0.406734 0.453811 1.949090 0.565960 -0.031676 0.822388 0.048617
0.404090 0.452591 1.948983 0.565985 -0.031367 0.822153 0.052367
0.401646 0.451345 1.948835 0.565994 -0.031618 0.821949 0.055228
0.399373 0.450071 1.948707 0.565868 -0.032270 0.821881 0.057126
0.396616 0.448753 1.948634 0.565427 -0.032553 0.822016 0.059350
0.393330 0.447864 1.948106 0.565487 -0.032373 0.821687 0.063301
0.390197 0.446961 1.947605 0.565498 -0.032746 0.821432 0.066251
0.387309 0.445892 1.947251 0.565404 -0.033553 0.821306 0.068183
0.384035 0.444797 1.946978 0.564933 -0.033664 0.821405 0.070790
0.380087 0.444236 1.946179 0.565398 -0.033368 0.820721 0.075015
0.376315 0.443625 1.945457 0.565627 -0.033576 0.820260 0.078179
0.372856 0.442714 1.944991 0.565586 -0.034278 0.820060 0.080248
0.369269 0.441611 1.944647 0.565386 -0.035027 0.820004 0.081892
0.365291 0.440546 1.943982 0.565565 -0.035727 0.819555 0.084791
0.361545 0.439583 1.943222 0.565673 -0.036552 0.819229 0.086843
0.358094 0.438452 1.942591 0.565633 -0.037728 0.819063 0.088155
0.354636 0.437052 1.942086 0.565349 -0.038648 0.819110 0.089138
0.350784 0.435957 1.940897 0.565437 -0.038175 0.818736 0.092168
0.347179 0.435166 1.939362 0.565589 -0.037866 0.818364 0.094637
0.343911 0.434155 1.938011 0.565559 -0.038087 0.818167 0.096410
0.340786 0.432766 1.936888 0.565538 -0.038707 0.817987 0.097816
0.336946 0.431876 1.935358 0.565791 -0.037998 0.817422 0.101281
0.333365 0.430696 1.935481 0.566341 -0.037641 0.816817 0.103195
0.329687 0.428433 1.937512 0.566663 -0.038884 0.816590 0.102769
0.326002 0.425386 1.939981 0.566949 -0.041344 0.816381 0.101890
0.321736 0.423079 1.941051 0.567143 -0.042088 0.815814 0.104999
0.317668 0.420885 1.942133 0.567325 -0.043047 0.815378 0.106993
0.313876 0.418441 1.943394 0.567368 -0.044459 0.815165 0.107809
0.310268 0.415833 1.944563 0.567249 -0.046132 0.815095 0.108260
0.306775 0.413736 1.944092 0.567267 -0.046588 0.814503 0.112353
0.303124 0.411953 1.943741 0.567067 -0.046625 0.814222 0.115345
0.299449 0.409976 1.943798 0.566839 -0.047105 0.814130 0.116907
0.295988 0.407708 1.944007 0.566618 -0.048094 0.814119 0.117650
0.292639 0.406001 1.942796 0.566044 -0.047618 0.814067 0.120918
0.289178 0.404608 1.941655 0.565309 -0.046723 0.814283 0.123232
0.285854 0.402613 1.941054 0.564893 -0.046823 0.814380 0.124450
0.282760 0.400222 1.940764 0.564516 -0.047467 0.814508 0.125080
0.279559 0.397931 1.939799 0.564168 -0.047679 0.814331 0.127694
0.276102 0.395808 1.938957 0.563768 -0.047604 0.814311 0.129608
0.272521 0.393580 1.938487 0.563377 -0.047813 0.814435 0.130447
0.269172 0.391025 1.938317 0.563016 -0.048581 0.814619 0.130564
0.265615 0.388469 1.937726 0.562672 -0.048827 0.814471 0.132865
0.261721 0.386212 1.937268 0.562080 -0.048610 0.814623 0.134506
0.258202 0.383463 1.937132 0.561692 -0.049246 0.814732 0.135239
0.255139 0.380299 1.937168 0.561332 -0.050428 0.814852 0.135569
0.251823 0.376908 1.937152 0.561018 -0.051101 0.814755 0.137192
0.248390 0.373503 1.937351 0.560707 -0.051674 0.814658 0.138816
0.245207 0.369899 1.937720 0.560330 -0.052741 0.814704 0.139667
0.242329 0.366068 1.938215 0.559829 -0.054288 0.814900 0.139935
0.239332 0.362136 1.938431 0.559377 -0.054970 0.814961 0.141119
0.236364 0.358286 1.938610 0.559018 -0.055608 0.814983 0.142161
0.233657 0.354260 1.938923 0.558595 -0.056798 0.815117 0.142583
0.231264 0.349992 1.939323 0.558102 -0.058526 0.815312 0.142699
0.228836 0.345479 1.939628 0.557476 -0.058803 0.815504 0.143937
0.226430 0.341095 1.939859 0.556807 -0.058760 0.815692 0.145466
0.224356 0.336495 1.940115 0.556286 -0.059614 0.815795 0.146524
0.222607 0.331622 1.940419 0.555701 -0.061195 0.815921 0.147391
0.220700 0.326346 1.940810 0.555275 -0.061981 0.815932 0.148606
0.218432 0.321050 1.941379 0.554813 -0.062589 0.815959 0.149920
0.216343 0.315631 1.941982 0.554259 -0.063995 0.816056 0.150842
0.214565 0.310008 1.942547 0.553595 -0.066120 0.816191 0.151631
0.212885 0.304101 1.942881 0.553151 -0.067366 0.816163 0.152853
0.211172 0.298538 1.942970 0.552772 -0.067754 0.816065 0.154566
0.209651 0.292989 1.943032 0.552414 -0.068804 0.815914 0.156170
0.208391 0.287206 1.943087 0.551995 -0.070870 0.815798 0.157329
0.206932 0.280945 1.943206 0.551620 -0.072594 0.815787 0.157914
0.205010 0.274610 1.943418 0.551407 -0.073951 0.815722 0.158365
0.203237 0.268234 1.943601 0.551189 -0.076207 0.815623 0.158561
0.201741 0.261712 1.943681 0.550861 -0.079258 0.815521 0.158731
0.200182 0.254785 1.943836 0.550549 -0.081697 0.815418 0.159107
0.198314 0.247505 1.944185 0.550546 -0.083482 0.815029 0.160183
0.196647 0.240204 1.944388 0.550539 -0.086171 0.814552 0.161203
0.195249 0.232921 1.944382 0.550338 -0.089496 0.814099 0.162360
0.193892 0.225314 1.944296 0.550095 -0.093066 0.813806 0.162647
0.192302 0.217287 1.944243 0.549883 -0.095521 0.813453 0.163700
0.190974 0.209381 1.943975 0.549673 -0.097842 0.812774 0.166384
0.189902 0.201589 1.943469 0.549383 -0.101013 0.812066 0.168890
0.188317 0.194280 1.943130 0.548734 -0.104729 0.812115 0.168497
0.185805 0.186441 1.943462 0.548205 -0.108549 0.812356 0.166631
0.183596 0.179487 1.943370 0.548029 -0.111022 0.812313 0.165789
0.181854 0.174092 1.942917 0.548070 -0.111635 0.812012 0.166713
0.179810 0.169952 1.942512 0.548039 -0.111908 0.812210 0.165665
0.177570 0.165123 1.942583 0.547823 -0.113336 0.812831 0.162332
0.175374 0.159991 1.942567 0.547761 -0.114598 0.813133 0.160120
0.173256 0.154783 1.942481 0.547721 -0.115495 0.813107 0.159751
0.171243 0.149411 1.942326 0.547818 -0.116814 0.812836 0.159835
0.168924 0.142651 1.942472 0.547779 -0.120297 0.812888 0.157098
0.166447 0.134676 1.942527 0.547918 -0.124761 0.812543 0.154904
0.164326 0.125613 1.942294 0.548310 -0.129865 0.811417 0.155217
0.162748 0.116453 1.941758 0.549003 -0.134964 0.809705 0.157348
0.161413 0.106953 1.941115 0.550243 -0.141096 0.807830 0.157274
0.160311 0.097875 1.940109 0.551639 -0.146847 0.805907 0.156988
0.159576 0.090030 1.938945 0.553536 -0.150692 0.803594 0.158512
0.159004 0.083199 1.937798 0.555669 -0.152990 0.801080 0.161541
0.157788 0.075586 1.936850 0.557726 -0.156612 0.798983 0.161368
0.156232 0.068042 1.935911 0.558937 -0.160432 0.797594 0.160298
0.154791 0.061454 1.935051 0.560026 -0.162905 0.796260 0.160633
0.153536 0.055952 1.934291 0.561242 -0.163804 0.794812 0.162635
0.152276 0.050742 1.933484 0.562350 -0.165034 0.793990 0.161574
0.151062 0.046129 1.932807 0.563322 -0.165322 0.793172 0.161910
0.150005 0.042286 1.932247 0.564387 -0.164360 0.792164 0.164102
0.149105 0.039140 1.931784 0.565474 -0.162679 0.791082 0.167225
0.147847 0.035919 1.931280 0.566847 -0.161185 0.790487 0.166836
0.146367 0.033006 1.931036 0.567683 -0.159265 0.790173 0.167322
0.145116 0.030452 1.930899 0.568388 -0.157588 0.789847 0.168060
0.144078 0.028275 1.930793 0.568906 -0.156439 0.789600 0.168535
0.143595 0.025899 1.930311 0.570671 -0.154600 0.788984 0.167148
0.143237 0.023679 1.929752 0.572283 -0.153454 0.788438 0.165253
0.142903 0.021849 1.929301 0.573456 -0.152618 0.788058 0.163774
0.142605 0.020363 1.928956 0.574322 -0.151992 0.787787 0.162621
0.142473 0.018537 1.928548 0.575733 -0.150845 0.787284 0.161130
0.142264 0.016566 1.928107 0.576780 -0.150436 0.786911 0.159575
0.142042 0.014874 1.927741 0.577499 -0.150275 0.786654 0.158392
0.141838 0.013467 1.927458 0.578021 -0.150227 0.786463 0.157480
0.141765 0.012274 1.926903 0.578775 -0.149919 0.786457 0.155012
0.141712 0.011274 1.926322 0.579612 -0.149650 0.786488 0.151963
0.141619 0.010464 1.925878 0.580216 -0.149464 0.786553 0.149478
0.141513 0.009814 1.925532 0.580656 -0.149327 0.786625 0.147513
0.141282 0.009629 1.924824 0.580870 -0.148527 0.787059 0.145150
0.141027 0.009894 1.924115 0.581297 -0.147273 0.787555 0.141992
0.140775 0.010190 1.923599 0.581646 -0.146176 0.787997 0.139216
0.140545 0.010461 1.923187 0.581918 -0.145259 0.788363 0.136945
0.139954 0.011297 1.922344 0.581588 -0.143450 0.789336 0.134632
0.138954 0.013052 1.921661 0.581154 -0.140588 0.790838 0.130654
0.137971 0.014771 1.921290 0.580708 -0.137978 0.792240 0.126866
0.137114 0.016258 1.921015 0.580343 -0.135760 0.793399 0.123648
0.136071 0.017842 1.919877 0.579308 -0.133457 0.794793 0.122050
0.135026 0.019975 1.918031 0.578946 -0.130172 0.795919 0.119953
0.134129 0.021984 1.916563 0.578915 -0.127092 0.796810 0.117468
