0.327443 -0.125183 1.987866 0.432756 -0.233837 0.801859 0.339213
0.324282 -0.118868 1.987685 0.432102 -0.232633 0.803278 0.337513
0.321612 -0.112469 1.987587 0.431728 -0.230935 0.805102 0.334800
0.318716 -0.106118 1.987353 0.431353 -0.229313 0.806650 0.332666
0.314916 -0.099725 1.986849 0.430399 -0.228042 0.807842 0.331881
0.311627 -0.093142 1.986473 0.429691 -0.226136 0.809568 0.329888
0.308801 -0.086509 1.986194 0.429289 -0.223782 0.811637 0.326921
0.305972 -0.079937 1.985844 0.428820 -0.221835 0.813622 0.323916
0.302768 -0.072993 1.985126 0.427873 -0.220242 0.815379 0.321829
0.300084 -0.065657 1.984454 0.427337 -0.217500 0.817562 0.318855
0.297731 -0.058281 1.983898 0.427115 -0.214201 0.820002 0.315099
0.295092 -0.051195 1.983342 0.426708 -0.211624 0.822313 0.311346
0.291183 -0.044479 1.982610 0.425175 -0.210949 0.824327 0.308564
0.287596 -0.037635 1.982034 0.423944 -0.209421 0.826711 0.304898
0.284351 -0.030832 1.981581 0.423106 -0.207284 0.829274 0.300532
0.281084 -0.024197 1.981146 0.422332 -0.205288 0.831650 0.296395
0.277167 -0.017193 1.980431 0.420769 -0.203742 0.833782 0.293685
0.273652 -0.009697 1.979761 0.419587 -0.200788 0.836344 0.290104
0.270417 -0.002201 1.979196 0.418777 -0.197195 0.839090 0.285776
0.267226 0.005015 1.978677 0.418118 -0.194184 0.841672 0.281173
0.263664 0.012302 1.977854 0.417039 -0.192788 0.843742 0.277509
0.260357 0.019973 1.977044 0.416273 -0.189932 0.846160 0.273233
0.257187 0.027568 1.976353 0.415784 -0.186402 0.848744 0.268351
0.254052 0.034811 1.975726 0.415532 -0.183298 0.851120 0.263304
0.250898 0.041817 1.974659 0.415519 -0.182088 0.852518 0.259619
0.247918 0.049068 1.973550 0.415749 -0.179508 0.854188 0.255526
0.244952 0.056219 1.972588 0.416089 -0.176259 0.856087 0.250834
0.242012 0.063132 1.971775 0.416512 -0.173410 0.858003 0.245515
0.239491 0.070626 1.970735 0.417106 -0.172125 0.859399 0.240479
0.236960 0.078705 1.969624 0.417716 -0.168819 0.861196 0.235277
0.234231 0.086702 1.968647 0.418288 -0.164700 0.863230 0.229657
0.231335 0.094359 1.967834 0.418868 -0.160811 0.865250 0.223678
0.228636 0.102309 1.966925 0.419563 -0.158801 0.866674 0.218233
0.225784 0.110653 1.965933 0.420185 -0.155074 0.868441 0.212619
0.222666 0.118802 1.965042 0.420745 -0.150656 0.870390 0.206634
0.219383 0.126518 1.964328 0.421136 -0.146415 0.872422 0.200215
0.216461 0.134872 1.963412 0.421575 -0.143987 0.874353 0.192479
0.213342 0.143749 1.962359 0.421833 -0.139476 0.876541 0.185144
0.210179 0.152049 1.961478 0.421656 -0.134387 0.878800 0.178483
0.207295 0.159303 1.960739 0.421420 -0.129842 0.880746 0.172721
0.205154 0.167425 1.960036 0.422540 -0.126918 0.881711 0.167143
0.202735 0.176036 1.959310 0.422951 -0.122012 0.883222 0.161695
0.200291 0.183944 1.958628 0.422951 -0.116814 0.884811 0.156774
0.198052 0.190810 1.958010 0.422846 -0.112162 0.886222 0.152421
0.196368 0.198613 1.957484 0.423437 -0.108656 0.887474 0.145896
0.194399 0.206819 1.956860 0.423477 -0.103470 0.889072 0.139685
0.192379 0.214318 1.956215 0.423250 -0.098147 0.890620 0.134250
0.190517 0.220812 1.955608 0.422992 -0.093383 0.891937 0.129638
0.188920 0.228271 1.955528 0.423554 -0.090673 0.892821 0.123492
0.186669 0.236316 1.955470 0.423363 -0.086274 0.894225 0.116972
0.184247 0.243774 1.955333 0.422847 -0.081497 0.895669 0.111070
0.181969 0.250284 1.955142 0.422281 -0.077037 0.896941 0.106022
0.180467 0.257964 1.955412 0.422256 -0.073517 0.897971 0.099718
0.178814 0.266102 1.955420 0.421800 -0.068449 0.899239 0.093645
0.177108 0.273497 1.955195 0.421221 -0.063253 0.900413 0.088472
0.175524 0.279894 1.954878 0.420673 -0.058527 0.901401 0.084171
0.174435 0.286960 1.955182 0.420476 -0.055222 0.902245 0.078126
0.173100 0.294213 1.955460 0.419915 -0.051030 0.903259 0.072044
0.171669 0.300711 1.955544 0.419274 -0.046813 0.904185 0.066844
0.170328 0.306306 1.955520 0.418683 -0.042979 0.904956 0.062532
0.170038 0.312567 1.955802 0.418904 -0.040652 0.905323 0.057087
0.170131 0.319549 1.955836 0.419138 -0.037211 0.905649 0.052323
0.170016 0.326280 1.955567 0.419160 -0.033091 0.906020 0.048337
0.169747 0.332242 1.955135 0.419086 -0.029063 0.906363 0.045028
0.170253 0.338292 1.955247 0.419788 -0.026097 0.906349 0.040366
0.171150 0.344256 1.955636 0.420636 -0.023247 0.906219 0.035926
0.171846 0.349585 1.955874 0.421293 -0.020383 0.906123 0.032222
0.172368 0.354136 1.955982 0.421822 -0.017765 0.906034 0.029201
0.173857 0.358903 1.956317 0.423478 -0.016781 0.905404 0.025080
0.176099 0.364003 1.956439 0.425499 -0.015591 0.904566 0.021594
0.178070 0.369192 1.956307 0.427194 -0.013596 0.903860 0.018921
0.179542 0.374007 1.955966 0.428484 -0.011169 0.903328 0.016622
0.181524 0.378808 1.956205 0.429650 -0.008599 0.902847 0.013916
0.184467 0.383150 1.956825 0.430991 -0.006585 0.902256 0.011704
0.187320 0.387146 1.957343 0.432285 -0.004714 0.901667 0.010201
0.189723 0.390641 1.957662 0.433349 -0.002865 0.901177 0.008996
0.192718 0.394218 1.958160 0.435161 -0.001344 0.900320 0.007452
0.196667 0.397726 1.958647 0.437490 -0.000150 0.899201 0.006359
0.200363 0.401234 1.958954 0.439603 0.001262 0.898173 0.005811
0.203341 0.404708 1.959058 0.441262 0.003108 0.897357 0.005210
0.206671 0.408115 1.959490 0.443438 0.004417 0.896288 0.003247
0.211205 0.410826 1.960381 0.446241 0.004506 0.894900 0.001273
0.215619 0.413213 1.961281 0.448857 0.004405 0.893593 0.000112
0.219298 0.415783 1.962061 0.450988 0.004835 0.892516 -0.000950
0.223293 0.418379 1.962770 0.453743 0.005497 0.891114 -0.002035
0.229034 0.420330 1.963318 0.457620 0.005305 0.889129 -0.002301
0.234917 0.421787 1.963940 0.461514 0.004797 0.887118 -0.001985
0.240065 0.423278 1.964745 0.464869 0.004432 0.885367 -0.001827
0.244998 0.424908 1.965639 0.468600 0.003570 0.883398 -0.002981
0.251106 0.425900 1.966325 0.473302 0.001426 0.880889 -0.004227
0.257082 0.426651 1.967073 0.477769 -0.000497 0.878472 -0.004907
0.262245 0.427520 1.968147 0.481681 -0.001937 0.876324 -0.005903
0.267125 0.428519 1.969535 0.485274 -0.002919 0.874329 -0.006945
0.273580 0.428790 1.970494 0.489416 -0.004462 0.872014 -0.006742
0.280186 0.428661 1.971360 0.493545 -0.006151 0.869678 -0.005871
0.286045 0.428600 1.972517 0.497232 -0.007594 0.867567 -0.005418
0.291443 0.428716 1.974023 0.500613 -0.009259 0.865604 -0.005531
0.298100 0.428117 1.975328 0.504338 -0.011836 0.863412 -0.004779
0.304765 0.427110 1.976645 0.507987 -0.014487 0.861235 -0.003571
0.310597 0.426221 1.978290 0.511182 -0.016783 0.859303 -0.002903
0.315803 0.425617 1.980327 0.513978 -0.019004 0.857588 -0.002835
0.322128 0.424397 1.982200 0.516767 -0.021738 0.855848 -0.001758
0.328650 0.422650 1.984041 0.519499 -0.024585 0.854117 -0.000144
0.334449 0.420952 1.986151 0.521910 -0.027211 0.852566 0.001034
0.339502 0.419659 1.988524 0.523908 -0.029903 0.851249 0.001186
0.345307 0.417829 1.990931 0.525939 -0.033354 0.849867 0.001355
0.349063 0.417432 1.993403 0.525740 -0.033025 0.850004 -0.000974
0.350264 0.419257 1.995934 0.524778 -0.030828 0.850668 -0.004572
0.350834 0.421912 1.998318 0.524115 -0.028376 0.851137 -0.008045
0.351897 0.424670 2.000544 0.523182 -0.025027 0.851769 -0.011999
0.352931 0.427373 2.002747 0.522022 -0.021669 0.852502 -0.016200
0.353766 0.430081 2.004898 0.520944 -0.018662 0.853147 -0.020200
0.354459 0.432864 2.006952 0.520360 -0.016279 0.853454 -0.024012
0.355532 0.435551 2.008886 0.520357 -0.014436 0.853383 -0.027525
0.356839 0.438107 2.010546 0.520264 -0.012565 0.853375 -0.030298
0.358473 0.440479 2.011898 0.520279 -0.010970 0.853312 -0.032382
0.360578 0.442519 2.012939 0.520779 -0.010110 0.852954 -0.034023
0.363348 0.444168 2.013623 0.522095 -0.010379 0.852076 -0.035695
0.366879 0.445243 2.013955 0.523740 -0.011150 0.851053 -0.035803
0.371045 0.445874 2.013899 0.525468 -0.011933 0.850030 -0.034490
0.375826 0.446009 2.013456 0.527953 -0.013447 0.848559 -0.032123
0.381099 0.445770 2.012872 0.530463 -0.014715 0.847022 -0.030763
0.386465 0.445248 2.012284 0.532730 -0.015962 0.845656 -0.028462
0.391812 0.444410 2.011685 0.534952 -0.017423 0.844314 -0.025598
0.396486 0.443865 2.011215 0.536792 -0.018585 0.843184 -0.023446
0.401013 0.443488 2.010634 0.538338 -0.019825 0.842186 -0.022871
0.405075 0.443513 2.009830 0.539679 -0.020279 0.841341 -0.021917
0.408207 0.444310 2.008972 0.540680 -0.019719 0.840730 -0.021212
0.410277 0.446024 2.008148 0.541281 -0.018198 0.840374 -0.021317
0.412024 0.448007 2.007440 0.541517 -0.016492 0.840219 -0.022818
0.413447 0.450184 2.006672 0.541659 -0.014342 0.840136 -0.023902
0.414224 0.452863 2.005876 0.541639 -0.011561 0.840160 -0.024999
0.414250 0.456172 2.005050 0.541466 -0.008102 0.840272 -0.026312
0.414003 0.459888 2.003922 0.541641 -0.004611 0.840139 -0.027757
0.413401 0.464097 2.002394 0.541744 -0.000457 0.840040 -0.029092
0.412694 0.468015 2.000803 0.541908 0.003230 0.839910 -0.029584
0.413181 0.469321 2.000458 0.542397 0.003712 0.839642 -0.028186
0.413965 0.470059 2.000308 0.542681 0.004043 0.839441 -0.028622
0.414818 0.470642 1.999985 0.542905 0.004559 0.839287 -0.028800
0.415714 0.470992 1.999645 0.543139 0.004871 0.839145 -0.028497
0.416660 0.471078 1.999376 0.543370 0.004944 0.839007 -0.028133
0.417607 0.471013 1.999269 0.543694 0.004850 0.838766 -0.029054
0.418458 0.470944 1.999134 0.543990 0.004903 0.838549 -0.029764
0.419178 0.470897 1.998998 0.544189 0.005071 0.838408 -0.030072
0.419774 0.470841 1.998891 0.544337 0.005238 0.838307 -0.030173
0.420250 0.470529 1.998726 0.544449 0.005136 0.838248 -0.029818
0.420731 0.470194 1.998564 0.544440 0.005094 0.838281 -0.029074
0.421208 0.469867 1.998403 0.544406 0.005035 0.838328 -0.028348
0.421665 0.469539 1.998244 0.544368 0.004944 0.838376 -0.027652
0.422021 0.468481 1.997803 0.544248 0.004441 0.838444 -0.028048
0.422420 0.467678 1.997138 0.544062 0.004367 0.838580 -0.027569
0.422467 0.467222 1.996665 0.543771 0.004510 0.838772 -0.027459
0.422439 0.466826 1.996352 0.543551 0.004374 0.838919 -0.027354
0.421777 0.465732 1.995667 0.543694 0.004210 0.838812 -0.027810
0.421184 0.464622 1.995027 0.543309 0.004399 0.839106 -0.026400
0.420808 0.463553 1.994460 0.542905 0.004453 0.839412 -0.024942
0.420566 0.462546 1.993990 0.542559 0.004296 0.839676 -0.023581
0.419594 0.461195 1.993439 0.542725 0.004529 0.839629 -0.021258
0.418437 0.459897 1.992902 0.542465 0.004637 0.839855 -0.018766
0.417353 0.458582 1.992391 0.542051 0.004411 0.840164 -0.016886
0.416394 0.457189 1.991916 0.541506 0.003923 0.840547 -0.015400
0.414648 0.455853 1.991434 0.541102 0.005354 0.840852 -0.012132
0.412611 0.454831 1.990841 0.541057 0.006200 0.840914 -0.009117
0.410663 0.453849 1.990238 0.540895 0.006539 0.841036 -0.006904
0.408856 0.452854 1.989625 0.540526 0.006634 0.841285 -0.005170
0.406382 0.451876 1.988936 0.540047 0.008092 0.841593 -0.002091
0.403743 0.451000 1.988137 0.540189 0.009003 0.841496 0.000184
0.401207 0.450171 1.987366 0.540118 0.009544 0.841533 0.001963
0.398905 0.449229 1.986638 0.539863 0.009567 0.841692 0.003186
0.396187 0.448208 1.985797 0.539854 0.010136 0.841684 0.004850
0.393368 0.447502 1.984605 0.539867 0.011812 0.841630 0.007990
0.390789 0.446669 1.983523 0.539738 0.012871 0.841666 0.010731
0.388445 0.445729 1.982526 0.539417 0.013400 0.841834 0.012889
0.385648 0.444643 1.981483 0.539147 0.014455 0.841942 0.015651
0.382509 0.444016 1.980103 0.539414 0.015906 0.841685 0.018606
0.379630 0.443057 1.979079 0.539382 0.016580 0.841633 0.021095
0.377063 0.441878 1.978217 0.539203 0.016617 0.841696 0.023045
0.373994 0.440463 1.977477 0.538869 0.016636 0.841867 0.024541
0.370585 0.439300 1.976634 0.538833 0.017755 0.841748 0.028372
0.367474 0.438089 1.975807 0.538840 0.018245 0.841613 0.031708
0.364671 0.436732 1.975085 0.538704 0.018106 0.841605 0.034214
0.361558 0.435203 1.974388 0.538301 0.018739 0.841720 0.037262
0.358331 0.433855 1.973419 0.538208 0.019884 0.841553 0.041526
0.355405 0.432513 1.972423 0.538095 0.020378 0.841437 0.044965
0.352780 0.431023 1.971544 0.537865 0.020285 0.841434 0.047740
0.349716 0.429384 1.970746 0.537028 0.021052 0.841776 0.050694
0.346607 0.427623 1.969703 0.537025 0.021217 0.841598 0.053535
0.343723 0.426117 1.968518 0.536960 0.021238 0.841478 0.056017
0.341123 0.424429 1.967521 0.536824 0.020720 0.841432 0.058166
0.338437 0.422577 1.966460 0.536517 0.020651 0.841502 0.059983
0.336017 0.420675 1.964997 0.536809 0.020940 0.841091 0.062961
0.333675 0.418902 1.963670 0.536731 0.020934 0.840952 0.065426
0.331554 0.417022 1.962505 0.536556 0.020430 0.840916 0.067459
0.329219 0.414810 1.961460 0.536004 0.019870 0.841200 0.068464
0.327055 0.412544 1.959933 0.536454 0.020071 0.840627 0.071840
0.324907 0.410651 1.958383 0.536340 0.020209 0.840458 0.074577
0.322897 0.408653 1.957100 0.536107 0.019813 0.840405 0.076926
0.320804 0.406274 1.956021 0.535822 0.019544 0.840403 0.078967
0.318966 0.403711 1.954499 0.536254 0.019710 0.839799 0.082340
0.317263 0.401481 1.952881 0.536383 0.019725 0.839420 0.085318
0.315731 0.399147 1.951480 0.536352 0.019188 0.839183 0.087921
0.314054 0.396436 1.950450 0.536094 0.019053 0.839089 0.090383
0.312232 0.393421 1.949414 0.536039 0.019237 0.838827 0.093064
0.310720 0.390398 1.948385 0.536055 0.018793 0.838546 0.095562
0.309312 0.387433 1.947510 0.535965 0.017839 0.838397 0.097543
0.307579 0.384540 1.946798 0.535889 0.017187 0.838356 0.098422
0.305698 0.381264 1.946189 0.536096 0.017084 0.838069 0.099744
0.304307 0.377853 1.946232 0.536765 0.016334 0.837549 0.100642
0.302932 0.373941 1.947443 0.537349 0.014495 0.837217 0.100562
0.301086 0.369898 1.949242 0.537690 0.012477 0.837274 0.098525
0.299355 0.364424 1.951693 0.538706 0.010083 0.836945 0.096010
0.297976 0.358704 1.953921 0.539715 0.006883 0.836518 0.094321
0.296413 0.353838 1.955636 0.540137 0.004109 0.836423 0.092905
0.294278 0.350334 1.956904 0.540418 0.002947 0.836469 0.090881
0.291691 0.346789 1.958087 0.540829 0.003536 0.836354 0.089458
0.289439 0.343441 1.959075 0.540828 0.003860 0.836400 0.089025
0.287353 0.340272 1.960018 0.540643 0.003536 0.836583 0.088445
0.285265 0.336978 1.960914 0.540657 0.002534 0.836826 0.086053
0.282589 0.333205 1.961779 0.540919 0.002795 0.836952 0.083129
0.280203 0.329600 1.962484 0.540853 0.003585 0.837011 0.082930
0.278074 0.326124 1.963119 0.540526 0.003610 0.837233 0.082819
0.275955 0.322608 1.963797 0.540332 0.002955 0.837501 0.081393
0.273307 0.318484 1.964575 0.540505 0.002994 0.837636 0.078812
0.270796 0.314470 1.965343 0.540468 0.003798 0.837628 0.079125
0.268480 0.310534 1.966069 0.540329 0.004683 0.837550 0.080824
0.266320 0.306586 1.966713 0.540154 0.004780 0.837592 0.081558
0.263818 0.301945 1.967237 0.540343 0.004359 0.837784 0.078286
0.261392 0.297345 1.967749 0.540246 0.004405 0.837963 0.077030
0.259100 0.292840 1.968294 0.540056 0.004727 0.838028 0.077629
0.256936 0.288357 1.968839 0.539798 0.004617 0.838123 0.078395
0.254385 0.283118 1.969669 0.539926 0.003989 0.838291 0.075709
0.251850 0.277731 1.970514 0.539900 0.003595 0.838405 0.074639
0.249485 0.272379 1.971305 0.539831 0.003418 0.838385 0.075376
0.247242 0.267016 1.972070 0.539788 0.003300 0.838262 0.077041
0.244655 0.260922 1.973082 0.540091 0.002482 0.838256 0.074982
0.242077 0.254592 1.974052 0.540295 0.001632 0.838200 0.074161
0.239693 0.248242 1.974909 0.540454 0.000991 0.837995 0.075324
0.237498 0.241826 1.975651 0.540574 0.000286 0.837711 0.077590
0.234983 0.234786 1.976764 0.540881 -0.000820 0.837545 0.077237
0.232487 0.227444 1.977771 0.541126 -0.002101 0.837300 0.078139
0.230181 0.220044 1.978582 0.541342 -0.003247 0.836889 0.080957
0.228121 0.212544 1.979148 0.541451 -0.004923 0.836457 0.084543
0.225911 0.204592 1.979947 0.541864 -0.006532 0.835968 0.086593
0.223726 0.196477 1.980545 0.542322 -0.008122 0.835300 0.089970
0.221761 0.188374 1.980788 0.542737 -0.010470 0.834598 0.093667
0.220012 0.180261 1.980739 0.543143 -0.013973 0.833946 0.096614
0.218016 0.171775 1.981115 0.543963 -0.016600 0.833133 0.098582
0.215724 0.163260 1.981392 0.544871 -0.020148 0.832333 0.099656
0.213576 0.155035 1.981294 0.545839 -0.023979 0.831429 0.101043
0.211754 0.147017 1.980802 0.546556 -0.028476 0.830650 0.102407
0.209703 0.138827 1.980498 0.547657 -0.031647 0.829636 0.103799
0.207280 0.130690 1.980089 0.548523 -0.035572 0.828795 0.104670
0.205124 0.122893 1.979324 0.549581 -0.039576 0.827798 0.105569
0.203122 0.115161 1.978284 0.550443 -0.044563 0.826935 0.105857
0.201249 0.107332 1.977390 0.551669 -0.048544 0.826039 0.104710
0.199812 0.100556 1.976369 0.552837 -0.051577 0.825425 0.101906
0.198698 0.095084 1.975278 0.553906 -0.053597 0.824911 0.099184
0.197735 0.090317 1.974147 0.554891 -0.055454 0.824502 0.096004
0.197017 0.086053 1.973288 0.555864 -0.056435 0.824364 0.090854
0.196429 0.082579 1.972483 0.556822 -0.056341 0.824209 0.086335
0.195872 0.079668 1.971720 0.557705 -0.055987 0.823992 0.082874
0.195316 0.077277 1.971103 0.558587 -0.055377 0.823696 0.080237
0.194736 0.074693 1.970525 0.559471 -0.054892 0.823509 0.076227
0.194150 0.072191 1.969902 0.560395 -0.054306 0.823284 0.072196
0.193626 0.070145 1.969363 0.561306 -0.053519 0.822987 0.069025
0.193124 0.068441 1.968898 0.562161 -0.052735 0.822654 0.066585
0.192595 0.066873 1.968410 0.562985 -0.051982 0.822379 0.063546
0.191914 0.065463 1.967932 0.563695 -0.051195 0.822184 0.060331
0.190617 0.063969 1.967579 0.564117 -0.050875 0.822195 0.056379
0.189401 0.062454 1.967223 0.564667 -0.051053 0.822017 0.053225
0.188424 0.060924 1.966765 0.565271 -0.051698 0.821728 0.050589
0.187508 0.059277 1.966275 0.565729 -0.052859 0.821449 0.048766
0.186613 0.057512 1.965808 0.566078 -0.054434 0.821165 0.047760
0.185749 0.055730 1.965371 0.566359 -0.056219 0.820878 0.047286
0.184870 0.054044 1.964852 0.566515 -0.057962 0.820675 0.046836
0.183964 0.052395 1.964301 0.566483 -0.059590 0.820587 0.046706
0.183139 0.050793 1.963778 0.566404 -0.061183 0.820498 0.047179
0.182337 0.049185 1.963284 0.566221 -0.062903 0.820439 0.048139
0.181516 0.047850 1.962656 0.565805 -0.064714 0.820498 0.049604
0.180884 0.046969 1.961981 0.565277 -0.066280 0.820649 0.051030
0.180350 0.046082 1.961385 0.564709 -0.067890 0.820811 0.052576
