0.299808 0.208122 1.764568 0.549025 -0.173603 0.812837 0.087916
0.298420 0.206956 1.767766 0.546403 -0.171377 0.814685 0.091445
0.297308 0.206056 1.770206 0.544555 -0.168292 0.816011 0.096247
0.296501 0.205348 1.771999 0.543298 -0.164824 0.816926 0.101450
0.295854 0.204333 1.775122 0.541000 -0.160511 0.818654 0.106586
0.295198 0.202748 1.778402 0.538592 -0.157222 0.820102 0.112395
0.294644 0.201157 1.781127 0.536552 -0.154777 0.821174 0.117597
0.294191 0.199761 1.783546 0.534823 -0.152567 0.822053 0.122134
0.293892 0.198476 1.787251 0.532361 -0.148728 0.823619 0.126979
0.293550 0.196878 1.790852 0.529781 -0.146849 0.825064 0.130522
0.293232 0.195362 1.793915 0.527533 -0.145784 0.826236 0.133379
0.292973 0.194093 1.796806 0.525524 -0.144148 0.827299 0.136465
0.292916 0.192587 1.801437 0.522272 -0.141631 0.829253 0.139678
0.292884 0.190598 1.805727 0.519040 -0.141088 0.830935 0.142261
0.292872 0.188691 1.809289 0.516268 -0.141107 0.832256 0.144590
0.292980 0.187233 1.812697 0.513772 -0.139858 0.833432 0.147883
0.293611 0.186317 1.817406 0.510314 -0.137087 0.835411 0.151249
0.294230 0.185142 1.821512 0.507135 -0.135657 0.837070 0.154029
0.294775 0.184005 1.824869 0.504435 -0.134767 0.838380 0.156532
0.295533 0.183309 1.828184 0.502002 -0.132161 0.839667 0.159645
0.297133 0.182541 1.832607 0.499074 -0.128466 0.841484 0.162255
0.298718 0.181007 1.836471 0.496548 -0.126839 0.842737 0.164761
0.300142 0.179314 1.839661 0.494465 -0.126123 0.843594 0.167176
0.301757 0.178018 1.842956 0.492428 -0.124153 0.844513 0.170000
0.304077 0.176357 1.847187 0.489820 -0.122201 0.845852 0.172273
0.306274 0.173973 1.850851 0.487654 -0.122019 0.846638 0.174671
0.308209 0.171536 1.853877 0.485906 -0.122486 0.847087 0.177020
0.310393 0.169740 1.857238 0.484064 -0.122053 0.847789 0.178995
0.312933 0.167979 1.861520 0.481719 -0.121999 0.849010 0.179568
0.315107 0.165864 1.865292 0.479698 -0.122919 0.849884 0.180216
0.316940 0.163823 1.868451 0.478028 -0.124048 0.850503 0.180961
0.319398 0.162458 1.871823 0.476364 -0.123353 0.851358 0.181796
0.322716 0.160547 1.875470 0.474601 -0.122751 0.852228 0.182740
0.325787 0.157944 1.878498 0.473301 -0.123421 0.852520 0.184290
0.328453 0.155312 1.880983 0.472318 -0.124509 0.852543 0.185969
0.331848 0.153509 1.883887 0.471401 -0.123767 0.852869 0.187288
0.335665 0.151371 1.887067 0.470459 -0.123274 0.853239 0.188296
0.338987 0.148820 1.889776 0.469753 -0.123798 0.853269 0.189575
0.341788 0.146353 1.892040 0.469205 -0.124644 0.853160 0.190859
0.345406 0.144683 1.894731 0.468470 -0.124437 0.853652 0.190605
0.349242 0.142623 1.897434 0.467784 -0.124636 0.854056 0.190347
0.352559 0.140262 1.899702 0.467310 -0.125506 0.854132 0.190598
0.355346 0.138013 1.901589 0.466958 -0.126533 0.854076 0.191032
0.359268 0.136947 1.904277 0.466043 -0.125541 0.854841 0.190499
0.363259 0.135601 1.906878 0.465121 -0.124728 0.855542 0.190140
0.366691 0.133967 1.909023 0.464461 -0.124568 0.855896 0.190268
0.369577 0.132382 1.910802 0.463958 -0.124660 0.856086 0.190577
0.373796 0.131786 1.913206 0.463133 -0.122775 0.856845 0.190398
0.377947 0.130665 1.915271 0.462525 -0.121362 0.857293 0.190761
0.381534 0.129230 1.916924 0.462160 -0.120656 0.857423 0.191511
0.384610 0.127842 1.918325 0.461908 -0.120218 0.857432 0.192350
0.388668 0.126771 1.920775 0.461398 -0.118776 0.857742 0.193090
0.392286 0.124814 1.923223 0.460823 -0.118631 0.857876 0.193953
0.395313 0.122551 1.925371 0.460342 -0.119217 0.857823 0.194969
0.398008 0.120485 1.927290 0.459935 -0.119867 0.857778 0.195725
0.402424 0.119185 1.929791 0.459610 -0.118988 0.858259 0.194917
0.406548 0.117277 1.931885 0.459499 -0.118770 0.858367 0.194833
0.410065 0.115175 1.933595 0.459504 -0.119047 0.858250 0.195166
0.413259 0.113331 1.935189 0.459450 -0.119387 0.858177 0.195411
0.417448 0.111944 1.937495 0.458847 -0.119077 0.858648 0.194945
0.421159 0.110051 1.939449 0.458397 -0.119332 0.858831 0.195045
0.424287 0.108069 1.941069 0.458079 -0.119875 0.858833 0.195446
0.427323 0.106377 1.942695 0.457760 -0.120287 0.858857 0.195836
0.431482 0.104334 1.945059 0.457110 -0.120473 0.859051 0.196387
0.435171 0.101310 1.947101 0.456644 -0.121723 0.858832 0.197656
0.438283 0.098085 1.948840 0.456296 -0.123379 0.858434 0.199159
0.441275 0.095252 1.950525 0.455914 -0.124690 0.858175 0.200322
0.444915 0.092655 1.952271 0.455461 -0.125196 0.858165 0.201082
0.448136 0.089873 1.953589 0.455252 -0.125990 0.857880 0.202271
0.450863 0.087265 1.954635 0.455147 -0.126840 0.857516 0.203517
0.453599 0.085049 1.955687 0.454799 -0.127585 0.857466 0.204038
0.456989 0.082493 1.956527 0.454377 -0.128287 0.857469 0.204524
0.460111 0.079569 1.956940 0.454343 -0.129330 0.857031 0.205779
0.462384 0.076875 1.957302 0.454020 -0.130148 0.856843 0.206758
0.463429 0.074645 1.958434 0.452431 -0.131279 0.857753 0.205747
0.464284 0.072243 1.960291 0.450325 -0.133262 0.859016 0.203815
0.465128 0.069616 1.962000 0.448681 -0.135589 0.859763 0.202751
0.465972 0.066972 1.963404 0.447481 -0.138026 0.860088 0.202383
0.466911 0.063656 1.964525 0.446416 -0.141541 0.860125 0.202150
0.468032 0.059162 1.965694 0.445223 -0.145215 0.860056 0.202468
0.469012 0.054313 1.966862 0.444110 -0.148922 0.859799 0.203310
0.469822 0.049611 1.967978 0.443116 -0.152511 0.859426 0.204389
0.470855 0.044822 1.969050 0.442089 -0.155628 0.858982 0.206122
0.472016 0.039306 1.970140 0.440900 -0.158820 0.858468 0.208365
0.472962 0.033706 1.971255 0.439661 -0.162471 0.857966 0.210231
0.473779 0.028553 1.972243 0.438642 -0.165687 0.857390 0.212184
0.474826 0.023083 1.973042 0.437752 -0.168637 0.856659 0.214640
0.475742 0.016485 1.973954 0.436594 -0.172505 0.855792 0.217363
0.476527 0.009891 1.974790 0.435630 -0.176352 0.854751 0.220291
0.477244 0.003984 1.975442 0.434940 -0.179329 0.853694 0.223328
0.478318 -0.002442 1.976144 0.434027 -0.182869 0.852670 0.226126
0.479385 -0.009786 1.976884 0.433015 -0.186753 0.851488 0.229325
0.480301 -0.016924 1.977506 0.432214 -0.190530 0.850171 0.232591
0.481093 -0.023310 1.977996 0.431630 -0.193871 0.848869 0.235652
0.482160 -0.030180 1.978562 0.431010 -0.197280 0.847523 0.238779
0.483061 -0.037671 1.979156 0.430324 -0.200972 0.846029 0.242209
0.483723 -0.044773 1.979664 0.429691 -0.204503 0.844565 0.245466
0.484290 -0.050975 1.980023 0.429271 -0.207148 0.843195 0.248674
0.485151 -0.058339 1.980588 0.428308 -0.210554 0.841721 0.252438
0.485875 -0.066407 1.981156 0.427285 -0.214133 0.840191 0.256227
0.486487 -0.073877 1.981567 0.426523 -0.217289 0.838663 0.259824
0.487039 -0.080394 1.981867 0.425939 -0.220019 0.837232 0.263079
0.487887 -0.087738 1.982242 0.424999 -0.223498 0.835537 0.267026
0.488622 -0.095099 1.982490 0.424284 -0.226282 0.833781 0.271276
0.489222 -0.101692 1.982645 0.423753 -0.228777 0.832140 0.275024
0.489783 -0.107431 1.982764 0.423332 -0.231029 0.830624 0.278351
0.490545 -0.114081 1.983160 0.422575 -0.234034 0.828912 0.282072
0.491222 -0.120630 1.983446 0.422041 -0.236622 0.827200 0.285714
0.491810 -0.126379 1.983596 0.421726 -0.238726 0.825607 0.289015
0.492374 -0.131494 1.983729 0.421360 -0.240850 0.824184 0.291836
0.493135 -0.137853 1.983950 0.420601 -0.243766 0.822576 0.295030
0.493763 -0.144148 1.984043 0.420062 -0.246209 0.820964 0.298240
0.494301 -0.149695 1.984029 0.419723 -0.248303 0.819462 0.301100
0.494847 -0.154814 1.984084 0.419278 -0.250687 0.818043 0.303589
0.495529 -0.161241 1.984424 0.418499 -0.254051 0.816333 0.306458
0.496127 -0.167442 1.984617 0.417978 -0.257091 0.814637 0.309137
0.496679 -0.172810 1.984655 0.417714 -0.259627 0.813036 0.311577
0.497319 -0.177829 1.984746 0.417406 -0.262299 0.811398 0.314011
0.498066 -0.183848 1.985063 0.417006 -0.265207 0.809351 0.317368
0.498654 -0.189447 1.985303 0.416731 -0.267605 0.807513 0.320380
0.499179 -0.194246 1.985427 0.416621 -0.269686 0.805845 0.322972
0.499716 -0.198854 1.985580 0.416340 -0.272184 0.804376 0.324892
0.500200 -0.204284 1.985819 0.415896 -0.275131 0.802870 0.326700
0.500650 -0.209287 1.985892 0.415769 -0.277616 0.801302 0.328606
0.501070 -0.213533 1.985853 0.415810 -0.279633 0.799852 0.330371
0.501684 -0.217575 1.985775 0.415785 -0.281691 0.798230 0.332569
0.502242 -0.221990 1.985785 0.415576 -0.283744 0.796407 0.335441
0.502683 -0.225898 1.985748 0.415483 -0.285143 0.794888 0.337964
0.503076 -0.229227 1.985672 0.415481 -0.286486 0.793484 0.340125
0.503496 -0.232479 1.985757 0.415224 -0.288433 0.792164 0.341864
0.503931 -0.235715 1.985936 0.414958 -0.290161 0.790982 0.343461
0.504321 -0.238527 1.986052 0.414825 -0.291715 0.789849 0.344909
0.504661 -0.240869 1.986111 0.414785 -0.292917 0.788855 0.346209
0.505077 -0.243141 1.985914 0.414685 -0.293993 0.788045 0.347259
0.505226 -0.245630 1.985728 0.414385 -0.295055 0.787237 0.348548
0.505312 -0.247885 1.985557 0.414153 -0.295886 0.786551 0.349665
0.505433 -0.249791 1.985347 0.414019 -0.296608 0.785954 0.350556
0.505767 -0.251163 1.984841 0.414192 -0.296797 0.785429 0.351366
0.505840 -0.252318 1.984531 0.414077 -0.297287 0.784959 0.352135
0.505857 -0.253354 1.984295 0.413944 -0.297846 0.784576 0.352674
0.505938 -0.254212 1.984022 0.413919 -0.298267 0.784225 0.353127
0.506235 -0.254774 1.983370 0.414231 -0.297948 0.783722 0.354144
0.506215 -0.255420 1.982935 0.414188 -0.298047 0.783242 0.355174
0.506192 -0.256054 1.982538 0.414148 -0.298181 0.782871 0.355924
0.506268 -0.256571 1.982075 0.414251 -0.298150 0.782532 0.356576
0.506383 -0.256697 1.981240 0.414825 -0.297487 0.782196 0.357198
0.506222 -0.256796 1.980741 0.414950 -0.297385 0.782016 0.357535
0.506133 -0.256877 1.980284 0.415076 -0.297334 0.781906 0.357668
0.506122 -0.256903 1.979753 0.415339 -0.297097 0.781778 0.357841
0.505863 -0.256407 1.978771 0.415784 -0.296369 0.781827 0.357821
0.505601 -0.255771 1.978004 0.415996 -0.295992 0.781969 0.357576
0.505295 -0.255222 1.977410 0.416050 -0.295615 0.782176 0.357371
0.504976 -0.254786 1.976820 0.416088 -0.295570 0.782428 0.356815
0.504651 -0.253843 1.975590 0.417003 -0.294729 0.782400 0.356504
0.504409 -0.252574 1.974656 0.417785 -0.293175 0.782504 0.356640
0.504248 -0.251316 1.973943 0.418336 -0.291643 0.782870 0.356445
0.503869 -0.250311 1.973174 0.418760 -0.291290 0.783064 0.355812
0.503068 -0.248614 1.971928 0.420246 -0.288881 0.782646 0.356941
0.502626 -0.246589 1.970893 0.421579 -0.286428 0.782429 0.357820
0.502285 -0.244698 1.970096 0.422534 -0.284434 0.782504 0.358120
0.501340 -0.243233 1.969357 0.423006 -0.283680 0.782699 0.357735
0.499683 -0.241224 1.968419 0.423958 -0.281404 0.782742 0.358310
0.498549 -0.238840 1.967703 0.424726 -0.278951 0.783206 0.358306
0.497769 -0.236539 1.967075 0.425397 -0.276781 0.783738 0.358030
0.496409 -0.234571 1.966447 0.426222 -0.274551 0.783536 0.359205
0.493916 -0.232079 1.966313 0.426456 -0.272001 0.783634 0.360652
0.491715 -0.229448 1.966664 0.426185 -0.269827 0.784341 0.361066
0.489851 -0.227072 1.967106 0.425792 -0.268086 0.785152 0.361065
0.487432 -0.224794 1.967296 0.425916 -0.265933 0.785149 0.362516
0.484132 -0.221647 1.967929 0.425682 -0.263822 0.785531 0.363502
0.481288 -0.218258 1.968967 0.424977 -0.261839 0.786646 0.363351
0.478919 -0.215164 1.969964 0.424236 -0.260163 0.787849 0.362813
0.475939 -0.212125 1.970578 0.424032 -0.257607 0.788112 0.364301
0.472355 -0.208265 1.971516 0.423339 -0.254804 0.788930 0.365305
0.469335 -0.204357 1.972662 0.422353 -0.252234 0.790290 0.365290
0.466847 -0.200882 1.973675 0.421445 -0.250095 0.791623 0.364924
0.463635 -0.197716 1.974310 0.421260 -0.248233 0.791697 0.366247
0.459792 -0.194166 1.975458 0.420498 -0.247062 0.792288 0.366634
0.456398 -0.190761 1.976829 0.419372 -0.246024 0.793409 0.366197
0.453514 -0.187852 1.978056 0.418313 -0.245248 0.794512 0.365539
0.449701 -0.185156 1.978724 0.418059 -0.244188 0.794485 0.366594
0.445424 -0.181871 1.979793 0.417375 -0.243750 0.795174 0.366174
0.441744 -0.178477 1.981067 0.416354 -0.243140 0.796457 0.364951
0.438686 -0.175462 1.982182 0.415421 -0.242573 0.797728 0.363613
0.434746 -0.172592 1.982585 0.415418 -0.241625 0.797549 0.364639
0.430753 -0.169104 1.983086 0.415308 -0.241136 0.797932 0.364252
0.427494 -0.165030 1.983693 0.415186 -0.240368 0.798959 0.362642
0.424943 -0.160951 1.984253 0.415025 -0.239164 0.800242 0.360788
0.421457 -0.157031 1.984515 0.415602 -0.237220 0.800085 0.361752
0.417826 -0.152825 1.985138 0.415707 -0.236000 0.800697 0.361076
0.414726 -0.148223 1.985873 0.415765 -0.234834 0.801903 0.359088
0.412225 -0.143608 1.986585 0.415725 -0.233291 0.803373 0.356848
0.408131 -0.139536 1.986755 0.415939 -0.232194 0.803098 0.357931
0.404081 -0.135380 1.987084 0.415804 -0.231834 0.803544 0.357319
0.400644 -0.130856 1.987465 0.415844 -0.231373 0.804502 0.355411
0.397768 -0.125927 1.987809 0.416146 -0.230478 0.805705 0.352905
0.393351 -0.121388 1.988142 0.415909 -0.229889 0.805927 0.353062
0.389012 -0.116927 1.988729 0.415283 -0.229885 0.806887 0.351605
