0.351925 0.233321 1.730335 0.555005 -0.240234 0.795178 0.044146
0.350666 0.232748 1.732858 0.553659 -0.234843 0.797376 0.050014
0.349436 0.232366 1.735874 0.552236 -0.227709 0.799959 0.056995
0.347869 0.231869 1.740002 0.550038 -0.220765 0.802921 0.063547
0.346301 0.231319 1.743895 0.547758 -0.215769 0.805451 0.068211
0.344904 0.230814 1.747239 0.545749 -0.212035 0.807504 0.071673
0.343688 0.230436 1.750657 0.544412 -0.205114 0.809487 0.079216
0.342249 0.229678 1.755080 0.542405 -0.198485 0.811685 0.087000
0.340668 0.228748 1.759627 0.539960 -0.194177 0.813743 0.092524
0.339193 0.227896 1.763639 0.537677 -0.191158 0.815497 0.096572
0.338062 0.227419 1.767580 0.535832 -0.186165 0.817073 0.103042
0.336856 0.226972 1.772346 0.533400 -0.181130 0.818961 0.109445
0.335434 0.226417 1.777144 0.530646 -0.177910 0.820850 0.113875
0.334071 0.225932 1.781362 0.528121 -0.175678 0.822514 0.117037
0.332995 0.225459 1.785529 0.525962 -0.172070 0.823855 0.122552
0.331932 0.224303 1.790616 0.523111 -0.169186 0.825323 0.128734
0.330788 0.222873 1.795467 0.520106 -0.167990 0.826723 0.133411
0.329749 0.221558 1.799615 0.517442 -0.167409 0.827915 0.137059
0.328874 0.220534 1.803841 0.515218 -0.164986 0.828820 0.142784
0.327807 0.219397 1.809248 0.512332 -0.162640 0.830084 0.148406
0.326641 0.218199 1.814230 0.509419 -0.161614 0.831339 0.152478
0.325572 0.217170 1.818443 0.506851 -0.161015 0.832440 0.155625
0.324701 0.216522 1.822635 0.504665 -0.158507 0.833393 0.160142
0.324006 0.215908 1.827629 0.502016 -0.155457 0.834737 0.164397
0.323375 0.215072 1.831998 0.499485 -0.153676 0.835908 0.167794
0.322846 0.214266 1.835621 0.497273 -0.152469 0.836875 0.170628
0.322372 0.213679 1.839402 0.495205 -0.149869 0.837695 0.174865
0.321699 0.212889 1.844680 0.492194 -0.147027 0.839046 0.179249
0.320962 0.211839 1.849437 0.489216 -0.145649 0.840299 0.182624
0.320312 0.210865 1.853401 0.486604 -0.144780 0.841352 0.185426
0.319784 0.210214 1.857242 0.484233 -0.142743 0.842349 0.188654
0.319424 0.209606 1.862141 0.481412 -0.139553 0.843768 0.191890
0.319140 0.208556 1.866514 0.478860 -0.137825 0.844886 0.194589
0.318937 0.207416 1.870181 0.476664 -0.136862 0.845741 0.196931
0.318842 0.206497 1.873608 0.474879 -0.135113 0.846407 0.199568
0.318842 0.205610 1.878079 0.473133 -0.132008 0.847203 0.202402
0.318776 0.204285 1.882228 0.471563 -0.130095 0.847687 0.205255
0.318726 0.202886 1.885765 0.470176 -0.129076 0.848042 0.207601
0.318866 0.201757 1.889137 0.468973 -0.127441 0.848330 0.210142
0.319537 0.200540 1.894029 0.467429 -0.124437 0.848960 0.212823
0.320142 0.198466 1.898672 0.466019 -0.123336 0.849262 0.215332
0.320703 0.196170 1.902664 0.464824 -0.123299 0.849367 0.217511
0.321292 0.194100 1.906254 0.463856 -0.122483 0.849309 0.220248
0.322032 0.191895 1.910970 0.462514 -0.119841 0.849648 0.223198
0.322579 0.188949 1.915534 0.461207 -0.119419 0.849870 0.225274
0.323041 0.185912 1.919505 0.460105 -0.119988 0.849926 0.227007
0.323544 0.183230 1.923036 0.459184 -0.120048 0.849860 0.229075
0.324480 0.180905 1.927482 0.457781 -0.117989 0.850287 0.231360
0.325278 0.178044 1.931671 0.456472 -0.117627 0.850588 0.233020
0.325965 0.175143 1.935277 0.455407 -0.118105 0.850699 0.234449
0.326648 0.172597 1.938461 0.454479 -0.118297 0.850749 0.235967
0.327772 0.170474 1.942844 0.452784 -0.116314 0.851606 0.237118
0.328645 0.167580 1.947183 0.451199 -0.116229 0.852299 0.237693
0.329347 0.164510 1.951002 0.449898 -0.117114 0.852723 0.238199
0.330010 0.161725 1.954304 0.448824 -0.117860 0.853004 0.238852
0.331340 0.159573 1.958094 0.447522 -0.115651 0.853749 0.239713
0.332558 0.156726 1.961759 0.446523 -0.115041 0.854219 0.240193
0.333571 0.153666 1.964995 0.445761 -0.115505 0.854430 0.240632
0.334477 0.150836 1.967770 0.445179 -0.116065 0.854512 0.241152
0.336095 0.148825 1.970679 0.444587 -0.113209 0.854905 0.242205
0.337606 0.146431 1.973363 0.444178 -0.111570 0.855083 0.243086
0.338896 0.143969 1.975675 0.443934 -0.110895 0.855081 0.243847
0.340037 0.141731 1.977639 0.443802 -0.110596 0.855021 0.244431
0.342413 0.140518 1.979778 0.444202 -0.107776 0.855221 0.244267
0.344726 0.138801 1.981816 0.444864 -0.105951 0.855163 0.244063
0.346674 0.136798 1.983637 0.445520 -0.105217 0.854955 0.243913
0.348317 0.134854 1.985214 0.446111 -0.104976 0.854723 0.243751
0.351041 0.133548 1.986709 0.446624 -0.101411 0.854930 0.243591
0.353875 0.131379 1.987969 0.447555 -0.099047 0.854584 0.244070
0.356375 0.128813 1.989036 0.448590 -0.098010 0.853980 0.244703
0.358492 0.126285 1.989956 0.449562 -0.097676 0.853340 0.245285
0.361510 0.124363 1.991195 0.450621 -0.096525 0.853368 0.243696
0.364375 0.121893 1.992437 0.451762 -0.096158 0.853100 0.242662
0.366793 0.119229 1.993557 0.452832 -0.096582 0.852682 0.241969
0.368795 0.116710 1.994548 0.453762 -0.097319 0.852252 0.241445
0.371521 0.115155 1.995532 0.454504 -0.095981 0.852673 0.239088
0.374228 0.113449 1.996335 0.455389 -0.094654 0.852799 0.237474
0.376549 0.111643 1.997000 0.456273 -0.094003 0.852718 0.236330
0.378480 0.109953 1.997578 0.457056 -0.093722 0.852575 0.235438
0.381519 0.108725 1.997963 0.458014 -0.092227 0.852850 0.233160
0.385065 0.106852 1.997820 0.459610 -0.091010 0.852387 0.232190
0.388283 0.104640 1.997510 0.461322 -0.090602 0.851576 0.231932
0.391026 0.102468 1.997220 0.462872 -0.090624 0.850740 0.231902
0.393773 0.100783 1.997066 0.463592 -0.090088 0.850849 0.230265
0.396452 0.099027 1.996810 0.464261 -0.089471 0.850854 0.229138
0.398782 0.097256 1.996533 0.464987 -0.089254 0.850654 0.228492
0.400733 0.095639 1.996307 0.465642 -0.089239 0.850412 0.228066
0.403070 0.094478 1.995912 0.466446 -0.088888 0.850561 0.225995
0.405700 0.093346 1.995121 0.467698 -0.088294 0.850350 0.224427
0.408066 0.092218 1.994275 0.468988 -0.087904 0.849932 0.223472
0.409969 0.091445 1.993576 0.469849 -0.087187 0.849818 0.222370
0.411964 0.090866 1.992664 0.470169 -0.086105 0.850622 0.219019
0.414312 0.089373 1.991337 0.470739 -0.085534 0.851105 0.216125
0.415919 0.087263 1.990569 0.470873 -0.086415 0.851461 0.214068
0.416772 0.085002 1.990493 0.470473 -0.087634 0.851981 0.212377
0.418040 0.082723 1.990371 0.470016 -0.088295 0.852724 0.210117
0.420002 0.079785 1.989798 0.470017 -0.088745 0.853094 0.208419
0.422229 0.076599 1.988771 0.470822 -0.089442 0.852649 0.208126
0.424065 0.073566 1.987963 0.471433 -0.090364 0.852240 0.208020
0.425927 0.070606 1.987145 0.471729 -0.090858 0.852377 0.206567
0.428181 0.066953 1.985964 0.472413 -0.091309 0.852209 0.205496
0.430044 0.063142 1.985026 0.472843 -0.092258 0.852018 0.204875
0.432107 0.059559 1.983806 0.474240 -0.093218 0.850963 0.205593
0.434766 0.056016 1.982373 0.475620 -0.093755 0.850138 0.205576
0.437756 0.051347 1.981097 0.476658 -0.094412 0.849443 0.205744
0.440094 0.046193 1.980210 0.477146 -0.096062 0.848915 0.206029
0.442659 0.041195 1.978925 0.478900 -0.097868 0.847258 0.207916
0.444781 0.036228 1.978292 0.479242 -0.099768 0.846732 0.208367
0.447361 0.030274 1.977606 0.479644 -0.100815 0.846017 0.209842
0.450018 0.023963 1.976462 0.480920 -0.102525 0.844407 0.212561
0.451837 0.018040 1.975843 0.481302 -0.104822 0.843451 0.214362
0.453389 0.012406 1.975762 0.480934 -0.106993 0.843211 0.215061
0.456073 0.005696 1.975003 0.481702 -0.108326 0.841969 0.217527
0.458516 -0.001479 1.973951 0.482701 -0.110658 0.840295 0.220589
0.460383 -0.008247 1.973200 0.483443 -0.113330 0.838755 0.223450
0.461766 -0.014628 1.972978 0.483193 -0.116182 0.838104 0.224963
0.463346 -0.022127 1.972805 0.482576 -0.119388 0.837572 0.226587
0.464222 -0.030363 1.972863 0.481634 -0.123746 0.836884 0.228784
0.464731 -0.038223 1.973006 0.480744 -0.128047 0.836112 0.231099
0.465123 -0.045572 1.973227 0.479773 -0.132281 0.835541 0.232791
0.465723 -0.053816 1.973480 0.478665 -0.136797 0.834986 0.234446
0.466229 -0.061870 1.973637 0.477811 -0.141090 0.834154 0.236593
0.466609 -0.069002 1.973744 0.477150 -0.144831 0.833282 0.238730
0.466966 -0.075427 1.973853 0.476457 -0.148263 0.832648 0.240216
0.467492 -0.083214 1.973963 0.475520 -0.152401 0.832095 0.241398
0.467870 -0.090998 1.973980 0.474785 -0.156249 0.831268 0.243226
0.468131 -0.097987 1.973925 0.474333 -0.159690 0.830266 0.245286
0.468370 -0.104233 1.973889 0.473822 -0.162887 0.829423 0.247016
0.468907 -0.111280 1.973871 0.473232 -0.166708 0.828423 0.248948
0.469278 -0.118024 1.973725 0.472775 -0.170088 0.827339 0.251123
0.469514 -0.123989 1.973527 0.472470 -0.173112 0.826241 0.253237
0.469786 -0.129350 1.973348 0.472254 -0.176129 0.825175 0.255031
0.470336 -0.135551 1.973298 0.471894 -0.179713 0.824134 0.256560
0.470733 -0.141556 1.973122 0.471729 -0.182926 0.822937 0.258426
0.471019 -0.146931 1.972877 0.471745 -0.185912 0.821654 0.260343
0.471275 -0.151814 1.972694 0.471796 -0.188829 0.820378 0.262167
0.471792 -0.157601 1.972905 0.471854 -0.191730 0.818996 0.264269
0.472133 -0.163223 1.973024 0.471993 -0.194216 0.817585 0.266566
0.472304 -0.168215 1.973093 0.472102 -0.196479 0.816284 0.268695
0.472444 -0.172662 1.973187 0.472259 -0.198586 0.814978 0.270825
0.472772 -0.177912 1.973614 0.472622 -0.200447 0.813243 0.274015
0.472911 -0.183121 1.973968 0.473060 -0.202322 0.811393 0.277347
0.472873 -0.187817 1.974277 0.473375 -0.204204 0.809711 0.280328
0.472824 -0.191956 1.974600 0.473589 -0.206021 0.808223 0.282919
0.473263 -0.196534 1.975216 0.473827 -0.207752 0.806672 0.285670
0.473369 -0.201118 1.975689 0.473937 -0.209401 0.805181 0.288475
0.473315 -0.205274 1.976098 0.473998 -0.211030 0.803793 0.291048
0.473238 -0.208930 1.976477 0.474010 -0.212617 0.802539 0.293325
0.473463 -0.213087 1.977080 0.473711 -0.214643 0.801337 0.295612
0.473484 -0.217222 1.977542 0.473452 -0.216577 0.800093 0.297973
0.473368 -0.220957 1.977926 0.473207 -0.218393 0.798931 0.300146
0.473221 -0.224225 1.978289 0.472974 -0.220053 0.797885 0.302078
0.473428 -0.228042 1.979120 0.472738 -0.221763 0.796724 0.304253
0.473385 -0.231939 1.979849 0.472563 -0.223394 0.795476 0.306588
0.473176 -0.235509 1.980490 0.472349 -0.225020 0.794321 0.308717
0.472906 -0.238660 1.981076 0.472108 -0.226618 0.793261 0.310637
0.472683 -0.242233 1.981801 0.471986 -0.227512 0.791456 0.314746
0.472343 -0.245869 1.982301 0.472010 -0.228279 0.789569 0.318866
0.471904 -0.249181 1.982718 0.471969 -0.229119 0.787889 0.322460
0.471423 -0.252097 1.983111 0.471862 -0.230020 0.786426 0.325532
0.471012 -0.254890 1.983754 0.471775 -0.230735 0.785172 0.328169
0.470531 -0.257499 1.984431 0.471742 -0.231412 0.783918 0.330728
0.470007 -0.259825 1.985073 0.471645 -0.232157 0.782804 0.332976
0.469498 -0.261830 1.985651 0.471481 -0.232913 0.781894 0.334811
0.469057 -0.263861 1.986240 0.471453 -0.232988 0.780900 0.337112
0.468577 -0.265893 1.986707 0.471517 -0.232877 0.779888 0.339433
0.468069 -0.267731 1.987134 0.471486 -0.232895 0.779030 0.341429
0.467566 -0.269330 1.987540 0.471363 -0.233022 0.778345 0.343070
0.466682 -0.270759 1.987881 0.471246 -0.232813 0.777481 0.345321
0.465467 -0.272308 1.988385 0.470757 -0.233049 0.776784 0.347395
0.464079 -0.273883 1.989084 0.469871 -0.233734 0.776394 0.349002
0.462639 -0.275385 1.989910 0.468766 -0.234656 0.776237 0.350216
0.461334 -0.276318 1.990200 0.468348 -0.234745 0.776288 0.350602
0.459951 -0.277051 1.990523 0.467595 -0.235315 0.776691 0.350331
0.458505 -0.277794 1.991059 0.466516 -0.236198 0.777250 0.349936
0.457075 -0.278538 1.991714 0.465361 -0.237122 0.777810 0.349606
0.455534 -0.278598 1.992083 0.465248 -0.235977 0.777924 0.350277
0.453903 -0.278317 1.992659 0.465040 -0.234529 0.778267 0.350762
0.452778 -0.277940 1.992983 0.465227 -0.233191 0.778338 0.351247
0.451741 -0.277636 1.993330 0.465138 -0.232299 0.778529 0.351533
0.449967 -0.276965 1.993242 0.464730 -0.231094 0.779327 0.351100
0.448139 -0.276115 1.993012 0.464325 -0.229853 0.780296 0.350296
0.446904 -0.275140 1.992636 0.464314 -0.228575 0.780987 0.349608
0.445711 -0.274405 1.992408 0.464054 -0.227807 0.781604 0.349076
0.443529 -0.273115 1.992018 0.463945 -0.226449 0.782131 0.348922
0.440725 -0.271361 1.992147 0.463381 -0.225149 0.783009 0.348545
0.438501 -0.269682 1.992331 0.463121 -0.223851 0.783736 0.348090
0.436535 -0.268260 1.992559 0.462535 -0.223200 0.784546 0.347463
0.433240 -0.266577 1.992694 0.461205 -0.223398 0.786081 0.345631
0.428715 -0.264729 1.993609 0.458484 -0.224727 0.788460 0.342959
0.424290 -0.263397 1.995019 0.455337 -0.226506 0.790822 0.340536
0.420152 -0.262681 1.996463 0.452264 -0.228695 0.792766 0.338641
0.415432 -0.261601 1.997340 0.449950 -0.230724 0.794073 0.337283
0.410498 -0.259218 1.998356 0.447924 -0.231300 0.795719 0.335701
0.406358 -0.256660 1.999541 0.445865 -0.231372 0.797630 0.333854
0.402927 -0.254332 2.000586 0.444066 -0.231322 0.799351 0.332163
0.399024 -0.251782 2.000934 0.442693 -0.231902 0.800680 0.330387
0.394666 -0.248137 2.001204 0.441491 -0.231729 0.802218 0.328380
