-0.042933 0.397597 1.441074 0.715989 -0.008509 0.697592 0.025542
-0.043185 0.397628 1.440722 0.715922 -0.007583 0.697666 0.025697
-0.043316 0.397603 1.440532 0.715843 -0.006747 0.697743 0.026051
-0.043129 0.397438 1.440607 0.715693 -0.006363 0.697873 0.026776
-0.042813 0.397234 1.440732 0.715543 -0.006287 0.697999 0.027510
-0.042475 0.397032 1.440854 0.715406 -0.006329 0.698112 0.028180
-0.042167 0.396876 1.440948 0.715300 -0.006381 0.698209 0.028449
-0.041854 0.396761 1.440966 0.715151 -0.006208 0.698382 0.027996
-0.041533 0.396617 1.440957 0.715021 -0.006111 0.698525 0.027763
-0.041239 0.396475 1.440949 0.714909 -0.006069 0.698645 0.027624
-0.040982 0.396359 1.440940 0.714808 -0.006011 0.698752 0.027551
-0.040740 0.396502 1.441012 0.714750 -0.005534 0.698834 0.027071
-0.040457 0.396647 1.441179 0.714724 -0.005265 0.698881 0.026598
-0.040177 0.396748 1.441345 0.714700 -0.005131 0.698919 0.026252
-0.039920 0.396818 1.441491 0.714676 -0.005066 0.698953 0.026005
-0.039854 0.397408 1.441323 0.714444 -0.003521 0.699228 0.025237
-0.040016 0.398307 1.440908 0.714250 -0.001176 0.699474 0.024126
-0.040221 0.399086 1.440516 0.714135 0.000824 0.699624 0.023166
-0.040415 0.399731 1.440177 0.714055 0.002461 0.699727 0.022383
-0.040513 0.400651 1.439714 0.713868 0.004596 0.699961 0.020633
-0.040176 0.401907 1.438951 0.713575 0.007598 0.700295 0.018454
-0.039574 0.402814 1.438262 0.713355 0.009750 0.700525 0.017125
-0.038907 0.403469 1.437687 0.713172 0.011285 0.700708 0.016313
-0.038262 0.404212 1.437107 0.712922 0.012734 0.700967 0.014979
-0.037389 0.406027 1.435946 0.712509 0.016257 0.701378 0.011626
-0.036226 0.407459 1.434824 0.712266 0.018964 0.701591 0.009372
-0.035019 0.408512 1.433877 0.712085 0.020878 0.701738 0.007928
-0.033887 0.409321 1.433081 0.711927 0.022268 0.701867 0.006918
-0.032514 0.411390 1.431747 0.711034 0.025220 0.702702 0.002334
-0.030534 0.413121 1.430359 0.710412 0.027713 0.703239 -0.000813
-0.028414 0.414312 1.429184 0.709961 0.029220 0.703630 -0.002672
-0.026412 0.415163 1.428206 0.709615 0.030157 0.703934 -0.003798
-0.024576 0.417152 1.426785 0.708490 0.033049 0.704915 -0.006680
-0.022360 0.419639 1.424973 0.707534 0.037070 0.705641 -0.009592
-0.020003 0.421479 1.423409 0.706887 0.039849 0.706113 -0.011294
-0.017772 0.422854 1.422100 0.706423 0.041781 0.706449 -0.012263
-0.015786 0.424618 1.420621 0.705369 0.043799 0.707343 -0.014184
-0.013665 0.427332 1.418315 0.703997 0.047854 0.708383 -0.017069
-0.011398 0.429408 1.416198 0.703096 0.050910 0.709021 -0.018783
-0.009240 0.430979 1.414402 0.702476 0.053104 0.709449 -0.019759
-0.007297 0.432459 1.412786 0.701696 0.054547 0.710080 -0.020782
-0.005196 0.435675 1.410740 0.700186 0.057040 0.711285 -0.023665
-0.002789 0.438427 1.409081 0.699261 0.058750 0.711978 -0.025874
-0.000399 0.440562 1.407761 0.698609 0.059705 0.712487 -0.027252
0.001788 0.442251 1.406687 0.698153 0.060242 0.712855 -0.028123
0.003927 0.445352 1.404332 0.696694 0.061305 0.714104 -0.030267
0.006591 0.448390 1.401606 0.695974 0.062922 0.714595 -0.031863
0.009444 0.450660 1.399277 0.695519 0.063751 0.714938 -0.032451
0.012145 0.452400 1.397351 0.695230 0.064098 0.715183 -0.032531
0.014590 0.454871 1.394984 0.694653 0.064850 0.715649 -0.033133
0.017312 0.458044 1.392091 0.694749 0.066604 0.715338 -0.034333
0.020506 0.460492 1.389624 0.695037 0.067436 0.714965 -0.034643
0.023705 0.462297 1.387621 0.695307 0.067579 0.714706 -0.034306
0.026631 0.464206 1.385570 0.695360 0.067496 0.714671 -0.034130
0.029467 0.467277 1.382544 0.696060 0.068770 0.713813 -0.035251
0.032736 0.469768 1.379802 0.696986 0.069499 0.712814 -0.035726
0.036083 0.471577 1.377552 0.697777 0.069526 0.712050 -0.035463
0.039189 0.473069 1.375618 0.698339 0.069210 0.711554 -0.034981
0.042085 0.475913 1.372752 0.699002 0.070935 0.710701 -0.035631
0.045490 0.478404 1.370040 0.700111 0.072286 0.709451 -0.036044
0.049431 0.480157 1.367795 0.701131 0.072567 0.708438 -0.035548
0.053378 0.481313 1.366007 0.701934 0.072144 0.707741 -0.034460
0.056889 0.483555 1.363560 0.702602 0.072054 0.707050 -0.035201
0.060434 0.486022 1.360891 0.703943 0.072533 0.705598 -0.036540
0.064372 0.487825 1.358622 0.705223 0.072298 0.704320 -0.036986
0.068280 0.489034 1.356806 0.706247 0.071513 0.703387 -0.036706
0.071819 0.490851 1.354948 0.706754 0.071514 0.702868 -0.036895
0.075311 0.493615 1.353150 0.707702 0.072464 0.701737 -0.038379
0.079282 0.495786 1.351793 0.708662 0.072490 0.700716 -0.039241
0.083372 0.497272 1.350804 0.709383 0.071786 0.700057 -0.039277
0.087171 0.498701 1.349809 0.709747 0.071210 0.699728 -0.039619
0.090885 0.501119 1.348269 0.710427 0.072763 0.698755 -0.041720
0.095111 0.502919 1.347023 0.711236 0.073367 0.697791 -0.042995
0.099435 0.504043 1.346110 0.711834 0.073115 0.697188 -0.043300
0.103470 0.504828 1.345382 0.712228 0.072420 0.696859 -0.043278
0.107206 0.507177 1.344073 0.712760 0.073138 0.696091 -0.045605
0.111359 0.509292 1.343081 0.713694 0.073352 0.694966 -0.047784
0.115875 0.510659 1.342421 0.714424 0.072669 0.694215 -0.048834
0.120262 0.511479 1.341988 0.714924 0.071527 0.693800 -0.049089
0.124210 0.513294 1.340833 0.715473 0.071687 0.693090 -0.050854
0.128242 0.515361 1.339420 0.716763 0.072439 0.691501 -0.053205
0.132753 0.516697 1.338271 0.717959 0.072285 0.690174 -0.054491
0.137327 0.517390 1.337425 0.718842 0.071458 0.689316 -0.054798
0.141599 0.518498 1.336389 0.719349 0.070916 0.688793 -0.055424
0.145786 0.520464 1.335117 0.720404 0.071203 0.687503 -0.057339
0.150441 0.521818 1.334125 0.721483 0.070715 0.686319 -0.058544
0.155398 0.522444 1.333413 0.722306 0.069491 0.685563 -0.058732
0.160168 0.522906 1.332728 0.722766 0.068106 0.685231 -0.058567
0.164700 0.524363 1.331369 0.723725 0.068097 0.684126 -0.059631
0.169547 0.525298 1.330159 0.724865 0.067551 0.682916 -0.060271
0.174557 0.525577 1.329232 0.725746 0.066363 0.682115 -0.060052
0.179297 0.525504 1.328531 0.726359 0.064886 0.681665 -0.059376
0.183629 0.527029 1.327157 0.727348 0.064546 0.680539 -0.060538
0.188055 0.528447 1.325950 0.728808 0.064099 0.678880 -0.062072
0.192792 0.529162 1.325037 0.730013 0.063002 0.677625 -0.062739
0.197429 0.529352 1.324380 0.730867 0.061549 0.676843 -0.062676
0.201789 0.530411 1.323240 0.731650 0.060450 0.676045 -0.063224
0.206116 0.531799 1.321851 0.733135 0.059597 0.674376 -0.064640
0.210624 0.532519 1.320734 0.734396 0.058301 0.673051 -0.065305
0.214961 0.532763 1.319890 0.735322 0.056780 0.672166 -0.065344
0.219041 0.533398 1.318949 0.735933 0.055243 0.671593 -0.065676
0.223298 0.534809 1.317867 0.737064 0.053521 0.670313 -0.067466
0.227814 0.535554 1.317125 0.737977 0.051448 0.669364 -0.068516
0.232203 0.535796 1.316620 0.738580 0.049288 0.668827 -0.068852
0.236246 0.536003 1.316111 0.738898 0.047680 0.668598 -0.068800
0.240283 0.537145 1.314776 0.739833 0.048681 0.667439 -0.069306
0.244695 0.537586 1.313610 0.740864 0.048914 0.666267 -0.069399
0.249123 0.537463 1.312740 0.741584 0.048498 0.665552 -0.068861
0.253247 0.537081 1.312094 0.742092 0.047783 0.665118 -0.068073
0.257330 0.538220 1.311327 0.742251 0.048374 0.664844 -0.068603
0.261423 0.539381 1.311179 0.742461 0.048596 0.664485 -0.069636
0.265286 0.540141 1.311276 0.742441 0.048406 0.664456 -0.070256
0.268747 0.540632 1.311416 0.742358 0.048067 0.664537 -0.070611
0.271951 0.541877 1.311143 0.742280 0.048418 0.664461 -0.071882
0.275089 0.543475 1.310938 0.742592 0.048972 0.663836 -0.074027
0.278044 0.544664 1.310958 0.742733 0.049144 0.663482 -0.075661
0.280694 0.545559 1.311044 0.742789 0.049143 0.663277 -0.076899
0.283105 0.546716 1.310816 0.742746 0.049795 0.663129 -0.078159
0.285687 0.548274 1.309968 0.743339 0.051539 0.662104 -0.080056
0.288386 0.549211 1.309302 0.743837 0.052588 0.661311 -0.081290
0.290986 0.549772 1.308827 0.744185 0.053154 0.660779 -0.082066
0.293362 0.550257 1.308419 0.744370 0.053552 0.660439 -0.082867
0.295675 0.551612 1.307779 0.744934 0.055599 0.659267 -0.085723
0.298187 0.552524 1.307523 0.745346 0.056985 0.658386 -0.087984
0.300674 0.553050 1.307416 0.745554 0.057826 0.657865 -0.089549
0.302975 0.553342 1.307359 0.745676 0.058339 0.657530 -0.090659
0.304882 0.554062 1.306843 0.745583 0.059769 0.657194 -0.092899
0.306497 0.554758 1.306332 0.745714 0.061381 0.656593 -0.095015
0.307897 0.555335 1.305960 0.745832 0.062611 0.656089 -0.096756
0.309076 0.555838 1.305690 0.745934 0.063564 0.655665 -0.098213
0.309807 0.556434 1.305026 0.745988 0.065027 0.655083 -0.100694
0.310857 0.556298 1.303824 0.745607 0.066810 0.655200 -0.101582
0.312298 0.555808 1.302887 0.745198 0.067683 0.655531 -0.101875
0.313567 0.555472 1.302274 0.744992 0.068199 0.655625 -0.102429
0.314523 0.554950 1.301617 0.744932 0.069060 0.655458 -0.103352
0.314426 0.554590 1.300702 0.745134 0.070393 0.654609 -0.106333
0.314216 0.554359 1.300034 0.744865 0.070798 0.654518 -0.108492
0.314150 0.554115 1.299524 0.744502 0.071001 0.654652 -0.110031
0.314041 0.553894 1.299125 0.744217 0.071345 0.654722 -0.111309
0.313070 0.553072 1.298351 0.744545 0.072675 0.653768 -0.113834
0.311783 0.552658 1.297688 0.744654 0.073327 0.653158 -0.116183
0.310729 0.552322 1.297213 0.744524 0.073587 0.652961 -0.117937
0.309662 0.552276 1.296950 0.744393 0.074048 0.652774 -0.119509
0.307658 0.551731 1.296543 0.744325 0.076227 0.652283 -0.121233
0.305097 0.551283 1.295761 0.744272 0.077360 0.651807 -0.123382
0.302763 0.550896 1.294930 0.744149 0.078109 0.651558 -0.124954
0.300788 0.550601 1.294306 0.744056 0.078674 0.651354 -0.126212
0.298447 0.550079 1.294044 0.743992 0.079681 0.651031 -0.127612
0.295226 0.549466 1.293750 0.743921 0.080636 0.650639 -0.129411
0.292132 0.549046 1.293266 0.743777 0.081668 0.650407 -0.130755
0.289373 0.548758 1.292828 0.743690 0.082548 0.650166 -0.131894
0.286680 0.548480 1.292642 0.743790 0.083261 0.649669 -0.133315
0.283039 0.547795 1.292489 0.743886 0.084523 0.649071 -0.134891
0.279564 0.547246 1.292083 0.743804 0.085957 0.648770 -0.135884
0.276443 0.546906 1.291764 0.743731 0.087158 0.648498 -0.136814
0.273671 0.546693 1.291546 0.743705 0.088196 0.648201 -0.137700
0.269733 0.546202 1.291611 0.743670 0.089416 0.647787 -0.139037
0.265450 0.545911 1.291234 0.743591 0.090936 0.647413 -0.140211
0.261401 0.545864 1.290809 0.743547 0.092383 0.647005 -0.141379
0.257737 0.545977 1.290460 0.743556 0.093648 0.646551 -0.142570
0.253819 0.545651 1.290645 0.743751 0.094472 0.645880 -0.144040
0.249271 0.545533 1.290921 0.743716 0.096449 0.645338 -0.145340
0.244951 0.545615 1.291024 0.743627 0.098570 0.644858 -0.146502
0.241086 0.545786 1.291087 0.743532 0.100506 0.644426 -0.147558
0.237257 0.545908 1.291363 0.743371 0.101832 0.644137 -0.148720
0.232432 0.545934 1.291491 0.743273 0.103145 0.643713 -0.150133
0.227492 0.546225 1.291325 0.743173 0.104944 0.643217 -0.151502
0.222862 0.546712 1.291157 0.743114 0.106619 0.642653 -0.153007
0.218577 0.547245 1.291164 0.743022 0.107968 0.642159 -0.154574
0.213509 0.547599 1.291577 0.742744 0.109907 0.641796 -0.156044
0.208061 0.548165 1.291670 0.742487 0.112735 0.641255 -0.157468
0.202826 0.548934 1.291670 0.742241 0.115553 0.640661 -0.158997
0.198037 0.549784 1.291687 0.742003 0.118135 0.640077 -0.160552
0.192856 0.550621 1.292024 0.741615 0.119778 0.639812 -0.162176
0.186759 0.551726 1.292022 0.741262 0.122767 0.639223 -0.163871
0.180430 0.553073 1.291888 0.740863 0.126160 0.638531 -0.165783
0.174381 0.554551 1.291771 0.740475 0.129388 0.637782 -0.167897
0.168475 0.555996 1.292062 0.739987 0.131460 0.637378 -0.169960
0.161814 0.557504 1.292248 0.739581 0.134158 0.636694 -0.172164
0.154829 0.559155 1.292238 0.739149 0.137407 0.635839 -0.174605
0.148290 0.560596 1.292053 0.738657 0.140705 0.635101 -0.176736
0.142421 0.561884 1.292044 0.738362 0.141536 0.634526 -0.179350
0.135862 0.563312 1.292142 0.738271 0.141617 0.633784 -0.182263
0.128864 0.564815 1.292057 0.737891 0.144304 0.633015 -0.184350
0.122104 0.566337 1.291936 0.737369 0.147882 0.632273 -0.186142
0.115847 0.567854 1.291887 0.736896 0.150736 0.631559 -0.188138
0.108841 0.569885 1.292046 0.736790 0.150478 0.630708 -0.191580
0.101259 0.571997 1.292018 0.736332 0.153441 0.629788 -0.194006
0.093877 0.574090 1.291998 0.735692 0.157603 0.628868 -0.196071
0.087042 0.576061 1.292023 0.735021 0.161945 0.627933 -0.198034
0.080376 0.578350 1.292340 0.734733 0.161649 0.627413 -0.200972
0.073177 0.580660 1.292371 0.734299 0.164356 0.626631 -0.202792
0.066232 0.582834 1.292415 0.733845 0.167541 0.625690 -0.204728
0.059924 0.584740 1.292457 0.733422 0.170723 0.624708 -0.206608
0.054068 0.586488 1.292782 0.732904 0.172520 0.624404 -0.207863
0.047462 0.588305 1.293076 0.732738 0.174620 0.623466 -0.209507
0.040827 0.590119 1.293311 0.732691 0.177002 0.622091 -0.211747
0.034728 0.591741 1.293510 0.732582 0.179244 0.620791 -0.214040
0.029403 0.593185 1.293831 0.732385 0.180381 0.620115 -0.215712
0.023795 0.594610 1.294022 0.732241 0.180963 0.619811 -0.216587
0.018027 0.595893 1.294023 0.732160 0.181970 0.619148 -0.217907
0.012712 0.597064 1.294046 0.731959 0.183273 0.618551 -0.219185
0.008059 0.598032 1.294101 0.731649 0.184618 0.618213 -0.220043
0.003485 0.598823 1.294266 0.731223 0.185705 0.618802 -0.218885
-0.001406 0.599564 1.294183 0.731153 0.187058 0.618557 -0.218659
-0.006110 0.600259 1.294056 0.731128 0.188580 0.618043 -0.218892
-0.010225 0.600906 1.294033 0.731053 0.190009 0.617550 -0.219295
-0.013881 0.601229 1.294273 0.730979 0.190408 0.617911 -0.218178
-0.017872 0.601444 1.294290 0.731139 0.190618 0.617860 -0.217600
-0.021818 0.601657 1.294172 0.731364 0.191294 0.617416 -0.217512
-0.025508 0.601847 1.293982 0.731607 0.192237 0.616756 -0.217737
-0.028687 0.601761 1.294000 0.731771 0.193314 0.616639 -0.216557
-0.031557 0.601399 1.294131 0.731816 0.193797 0.617097 -0.214661
-0.034126 0.601049 1.294181 0.731832 0.194302 0.617445 -0.213145
-0.036422 0.600744 1.294170 0.731890 0.194932 0.617551 -0.212063
-0.038337 0.600231 1.294277 0.732108 0.195457 0.617621 -0.210616
-0.040048 0.598869 1.294419 0.732621 0.194619 0.618178 -0.207958
-0.042060 0.597617 1.294224 0.733139 0.194434 0.618306 -0.205912
-0.044101 0.596557 1.293947 0.733607 0.194631 0.618174 -0.204451
-0.045965 0.595612 1.293701 0.734006 0.195047 0.617966 -0.203249
-0.046904 0.593378 1.294326 0.734392 0.194205 0.618869 -0.199883
-0.047698 0.591205 1.294780 0.734497 0.193305 0.620047 -0.196695
-0.048443 0.589328 1.295097 0.734576 0.192709 0.620953 -0.194108
-0.049085 0.587720 1.295338 0.734617 0.192292 0.621688 -0.192004
-0.049156 0.585008 1.296207 0.734855 0.190867 0.622914 -0.188510
-0.049211 0.581844 1.296957 0.734758 0.189132 0.624768 -0.184462
-0.049541 0.579110 1.297434 0.734690 0.188026 0.626126 -0.181226
-0.049972 0.576792 1.297792 0.734621 0.187298 0.627157 -0.178677
-0.050146 0.574059 1.298461 0.735037 0.185268 0.628114 -0.175694
-0.050157 0.570137 1.299128 0.735688 0.181223 0.629652 -0.171639
-0.050111 0.566259 1.299512 0.736168 0.178197 0.630946 -0.167957
-0.049833 0.562771 1.299785 0.736453 0.175743 0.632188 -0.164592
-0.049378 0.559507 1.300194 0.736688 0.173460 0.633474 -0.160979
-0.049180 0.555283 1.301461 0.737072 0.168449 0.635622 -0.155995
-0.049540 0.551294 1.302652 0.737468 0.164220 0.637137 -0.152412
-0.049626 0.547485 1.303786 0.737641 0.160868 0.638505 -0.149399
-0.049005 0.543772 1.304920 0.737577 0.157829 0.640028 -0.146408
-0.048314 0.539104 1.306154 0.737957 0.153166 0.642201 -0.139781
-0.048770 0.534435 1.307086 0.738885 0.148195 0.643292 -0.135140
-0.049473 0.530121 1.307976 0.740069 0.143735 0.643577 -0.132085
-0.049719 0.526038 1.308974 0.740935 0.139980 0.643946 -0.129436
-0.049497 0.521571 1.310436 0.741484 0.136345 0.645159 -0.124018
-0.050177 0.516981 1.312159 0.742366 0.131772 0.645959 -0.119437
-0.051239 0.512800 1.313926 0.743834 0.126963 0.645674 -0.117035
-0.051913 0.508899 1.315769 0.745174 0.122474 0.645291 -0.115388
-0.051897 0.504914 1.317979 0.745759 0.119316 0.645889 -0.111509
-0.052097 0.500721 1.320775 0.746055 0.116561 0.647004 -0.105840
-0.052297 0.496844 1.323574 0.747059 0.112760 0.647074 -0.102384
-0.051971 0.493152 1.326373 0.748227 0.108318 0.646851 -0.100036
-0.050916 0.489472 1.329261 0.748807 0.104468 0.647273 -0.097015
-0.049903 0.485591 1.333253 0.748338 0.101659 0.649068 -0.091466
-0.049112 0.481962 1.337218 0.748399 0.098407 0.650026 -0.087635
-0.048028 0.478474 1.341004 0.748387 0.095146 0.650922 -0.084654
-0.046377 0.474993 1.344597 0.748148 0.091814 0.652024 -0.081910
-0.044300 0.471406 1.349124 0.747352 0.088973 0.653924 -0.077015
-0.042242 0.467891 1.353716 0.746412 0.085944 0.655864 -0.072967
-0.039915 0.464402 1.358034 0.745424 0.082798 0.657765 -0.069527
-0.037158 0.460858 1.362104 0.744347 0.079401 0.659731 -0.066328
-0.033933 0.457360 1.366897 0.742665 0.076722 0.662415 -0.061386
-0.030625 0.453945 1.372523 0.741232 0.073088 0.664845 -0.056693
-0.027426 0.450525 1.378063 0.740478 0.068676 0.666470 -0.052851
-0.024180 0.447085 1.383352 0.739805 0.064029 0.667923 -0.049681
-0.020761 0.443678 1.388573 0.738569 0.060798 0.669878 -0.045646
-0.017200 0.440717 1.394794 0.736481 0.059089 0.672614 -0.041166
-0.013337 0.437629 1.400942 0.734519 0.056181 0.675214 -0.037585
-0.009176 0.434239 1.406621 0.732644 0.052555 0.677720 -0.034155
-0.004780 0.430584 1.411863 0.730683 0.048858 0.680286 -0.030422
-0.000580 0.427478 1.418010 0.727291 0.048500 0.684120 -0.025986
0.003646 0.424299 1.424286 0.724293 0.046748 0.687531 -0.022709
0.008006 0.420789 1.430109 0.721631 0.043994 0.690601 -0.019602
0.012507 0.416929 1.435416 0.719227 0.040526 0.693399 -0.016391
0.017292 0.413458 1.441094 0.715640 0.039856 0.697233 -0.011709
0.022629 0.409824 1.447099 0.712240 0.037966 0.700869 -0.007397
0.028189 0.405673 1.452728 0.709271 0.034647 0.704078 -0.003005
0.033763 0.401110 1.457866 0.706633 0.030503 0.706921 0.001497
0.039162 0.396779 1.463150 0.703313 0.028421 0.710275 0.007249
0.044602 0.392585 1.469397 0.699710 0.026582 0.713822 0.012527
0.049896 0.388238 1.475206 0.696680 0.023316 0.716791 0.017441
0.054618 0.384202 1.480160 0.694188 0.019804 0.719188 0.021906
0.058731 0.380755 1.484626 0.691556 0.017694 0.721631 0.026181
0.063195 0.377699 1.490293 0.687929 0.016850 0.724938 0.030593
0.067630 0.374554 1.495660 0.684980 0.014316 0.727602 0.034536
0.071598 0.371587 1.500249 0.682581 0.011468 0.729727 0.038080
0.074990 0.368968 1.504126 0.680567 0.008983 0.731475 0.041142
0.078984 0.366862 1.508491 0.677630 0.009586 0.733947 0.045245
0.083472 0.364313 1.512728 0.675182 0.008144 0.735941 0.049522
0.087695 0.361680 1.516394 0.673160 0.005936 0.737522 0.053670
0.091383 0.359244 1.519480 0.671504 0.003656 0.738770 0.057339
0.095008 0.357342 1.523107 0.669485 0.003270 0.740452 0.059244
0.099041 0.355179 1.527252 0.667625 0.001610 0.742017 0.060712
0.102859 0.352860 1.530929 0.666066 -0.000862 0.743270 0.062481
0.106213 0.350673 1.534041 0.664770 -0.003363 0.744273 0.064236
0.109448 0.349000 1.537242 0.663353 -0.004293 0.745423 0.065496
0.113587 0.347216 1.541441 0.661868 -0.006018 0.746659 0.066289
0.117755 0.344976 1.545316 0.660560 -0.009069 0.747658 0.067724
0.121514 0.342720 1.548623 0.659423 -0.012247 0.748462 0.069403
0.124872 0.340821 1.551599 0.658332 -0.014173 0.749256 0.070797
0.129172 0.339124 1.555555 0.657002 -0.014521 0.750383 0.071160
0.133759 0.336696 1.559345 0.655784 -0.016917 0.751271 0.072488
0.137987 0.334114 1.562603 0.654691 -0.019806 0.751974 0.074318
0.141661 0.331712 1.565356 0.653741 -0.022531 0.752539 0.076160
0.145822 0.330072 1.568980 0.652676 -0.022130 0.753398 0.076914
0.150416 0.327796 1.572739 0.651659 -0.023903 0.754108 0.078040
0.154693 0.325264 1.576014 0.650694 -0.026430 0.754678 0.079754
