0.046041 0.336885 1.552793 0.703210 0.121956 0.700445 -0.000125
0.050963 0.333476 1.558219 0.700980 0.119810 0.703043 0.001658
0.055714 0.329966 1.562864 0.699507 0.116531 0.705051 0.003845
0.059868 0.326755 1.566693 0.698372 0.113265 0.706690 0.006071
0.063883 0.323916 1.570897 0.696189 0.112258 0.708987 0.007489
0.068895 0.320529 1.575736 0.693939 0.110224 0.711491 0.008962
0.073810 0.316935 1.579850 0.692483 0.106925 0.713380 0.011126
0.078126 0.313619 1.583229 0.691356 0.103601 0.714921 0.013440
0.081981 0.310955 1.586690 0.689412 0.102162 0.716970 0.015135
0.086434 0.308450 1.591067 0.686825 0.100571 0.719662 0.015600
0.090907 0.305502 1.595040 0.685095 0.098124 0.721615 0.017003
0.094889 0.302636 1.598396 0.683815 0.095593 0.723122 0.018798
0.098400 0.300281 1.601334 0.682122 0.094129 0.724870 0.020309
0.102525 0.298179 1.604329 0.679555 0.093322 0.727334 0.021937
0.107214 0.295504 1.606993 0.677677 0.091528 0.729214 0.024963
0.112016 0.292395 1.609331 0.676502 0.089161 0.730452 0.028888
0.116319 0.289523 1.611474 0.675472 0.087206 0.731500 0.032262
0.120230 0.288095 1.613878 0.673745 0.086540 0.733116 0.033470
0.124252 0.286432 1.616197 0.672330 0.085336 0.734476 0.035154
0.128459 0.284251 1.618300 0.671347 0.083543 0.735449 0.037786
0.132370 0.281997 1.620157 0.670659 0.081779 0.736138 0.040354
0.135791 0.282086 1.621798 0.669607 0.081816 0.737115 0.039923
0.139179 0.282165 1.623401 0.668682 0.081747 0.737961 0.039958
0.142886 0.281497 1.624921 0.667974 0.080954 0.738622 0.041167
0.146953 0.280119 1.626324 0.667570 0.079403 0.739030 0.043358
0.150686 0.281372 1.627261 0.667935 0.078823 0.738815 0.042455
0.154054 0.283063 1.628146 0.668111 0.079048 0.738672 0.041752
0.157618 0.283891 1.629062 0.668187 0.078779 0.738608 0.042164
0.161567 0.283673 1.629975 0.668344 0.077726 0.738483 0.043805
0.165608 0.285029 1.631895 0.669000 0.076015 0.738067 0.043803
0.169133 0.287407 1.634138 0.669002 0.074948 0.738256 0.042390
0.172572 0.289896 1.636105 0.668855 0.074350 0.738518 0.041180
0.176155 0.291708 1.637813 0.668630 0.073829 0.738781 0.041049
0.180267 0.293465 1.640770 0.669257 0.072232 0.738298 0.042345
0.184090 0.295511 1.644220 0.668555 0.070892 0.739033 0.042878
0.187862 0.297579 1.647145 0.667728 0.070178 0.739818 0.043393
0.191709 0.299054 1.649588 0.666880 0.069786 0.740545 0.044659
0.196178 0.300388 1.652382 0.667914 0.068844 0.739552 0.047053
0.200442 0.302026 1.655522 0.668145 0.068493 0.739232 0.049275
0.204617 0.302882 1.658283 0.667843 0.068368 0.739336 0.051909
0.208940 0.302746 1.660651 0.667392 0.068012 0.739545 0.055095
0.213615 0.302695 1.663066 0.667789 0.067405 0.739033 0.057830
0.218022 0.303356 1.665760 0.667852 0.067473 0.738815 0.059772
0.222529 0.303247 1.668027 0.668393 0.067203 0.738201 0.061601
0.227389 0.302054 1.670085 0.669849 0.065863 0.736866 0.063187
0.232574 0.300741 1.672319 0.671864 0.063922 0.735138 0.063908
0.237462 0.300487 1.675286 0.673431 0.062558 0.733869 0.063350
0.242019 0.299689 1.678155 0.673977 0.061373 0.733462 0.063426
0.246625 0.298065 1.680652 0.674154 0.060022 0.733327 0.064379
0.251506 0.296163 1.682843 0.674488 0.058470 0.733062 0.065332
0.256433 0.295347 1.685116 0.675047 0.057769 0.732591 0.065450
0.261152 0.294065 1.687178 0.675110 0.057202 0.732505 0.066257
0.265923 0.291983 1.688927 0.675013 0.056331 0.732521 0.067811
0.270888 0.289437 1.690404 0.674863 0.055066 0.732599 0.069470
0.275970 0.288125 1.691775 0.674677 0.054711 0.732720 0.070278
0.280890 0.286495 1.692907 0.674394 0.054576 0.732850 0.071734
0.285826 0.284100 1.693818 0.674082 0.054066 0.732967 0.073819
0.290893 0.281070 1.694561 0.673770 0.053051 0.733090 0.076146
0.296174 0.279264 1.695419 0.673524 0.052742 0.733224 0.077246
0.301236 0.277270 1.696149 0.673176 0.052727 0.733367 0.078914
0.306248 0.274557 1.696710 0.672785 0.052334 0.733509 0.081153
0.311320 0.271102 1.697098 0.672398 0.051404 0.733633 0.083796
0.316853 0.268743 1.696938 0.672423 0.051179 0.733457 0.085253
0.322356 0.266372 1.696379 0.672849 0.051591 0.732798 0.087296
0.327775 0.263307 1.695731 0.673245 0.051607 0.732127 0.089827
0.333147 0.259436 1.695082 0.673541 0.051023 0.731522 0.092817
0.338598 0.256014 1.694622 0.673146 0.050247 0.731641 0.095135
0.343908 0.252521 1.694145 0.672829 0.049766 0.731611 0.097821
0.349098 0.248411 1.693631 0.672520 0.048901 0.731538 0.100883
0.354076 0.243695 1.693038 0.672277 0.047618 0.731387 0.104154
0.359064 0.239307 1.692396 0.671692 0.046240 0.731613 0.106931
0.363891 0.235025 1.691524 0.671472 0.045321 0.731460 0.109722
0.368079 0.230855 1.690532 0.671315 0.044509 0.731290 0.112117
0.371591 0.226986 1.689524 0.671084 0.043877 0.731242 0.114044
0.375237 0.224008 1.688424 0.670679 0.043622 0.731462 0.115109
0.379132 0.221469 1.686917 0.670962 0.044334 0.731007 0.116072
0.382548 0.218946 1.685302 0.671279 0.045079 0.730548 0.116844
0.385422 0.216532 1.683741 0.671423 0.045783 0.730284 0.117391
0.388168 0.214480 1.682394 0.671025 0.046327 0.730570 0.117675
0.391043 0.212520 1.681123 0.670677 0.046631 0.730884 0.117587
0.393567 0.210441 1.679803 0.670428 0.045306 0.731477 0.115817
0.395706 0.208381 1.678482 0.670185 0.042646 0.732369 0.112553
0.397774 0.206561 1.677112 0.669590 0.039483 0.733640 0.108911
0.400268 0.204857 1.675347 0.669367 0.036384 0.734556 0.105128
0.402581 0.202982 1.673432 0.669383 0.032368 0.735403 0.100302
0.404581 0.201070 1.671553 0.669346 0.027544 0.736388 0.094603
0.406539 0.199414 1.669773 0.669011 0.022060 0.737690 0.088046
0.409115 0.198188 1.667941 0.668965 0.017012 0.738682 0.080905
0.411482 0.196907 1.666169 0.669062 0.012489 0.739338 0.074687
0.413523 0.195740 1.664651 0.669155 0.008805 0.739774 0.069914
0.415412 0.194871 1.663525 0.668998 0.005360 0.740325 0.065821
0.417904 0.194393 1.663130 0.668693 0.002493 0.740927 0.062215
0.420183 0.193702 1.662879 0.668477 0.000196 0.741336 0.059654
0.422133 0.192956 1.662676 0.668268 -0.001777 0.741670 0.057788
0.423832 0.192378 1.662510 0.667853 -0.004081 0.742178 0.055925
0.426034 0.192855 1.661959 0.667383 -0.006876 0.742785 0.053123
0.428163 0.193542 1.661118 0.667600 -0.008370 0.742746 0.050683
0.429718 0.194315 1.660407 0.667602 -0.009715 0.742867 0.048590
0.430016 0.195677 1.660002 0.666561 -0.011727 0.743903 0.046553
0.430250 0.197862 1.659462 0.664789 -0.015787 0.745635 0.042828
0.430469 0.200117 1.659249 0.663301 -0.018697 0.747072 0.039567
0.430730 0.202248 1.659201 0.662191 -0.020734 0.748160 0.036452
0.430992 0.204173 1.659237 0.661316 -0.022214 0.749023 0.033645
0.431328 0.206260 1.659287 0.660018 -0.025523 0.750196 0.030506
0.431480 0.207228 1.659292 0.658969 -0.028452 0.751064 0.029211
0.431633 0.208276 1.659270 0.658145 -0.031076 0.751759 0.027170
0.431752 0.209528 1.659232 0.657134 -0.033795 0.752618 0.024483
0.431970 0.211085 1.659424 0.656061 -0.036720 0.753462 0.023019
0.432122 0.212716 1.659559 0.654885 -0.040570 0.754358 0.020582
0.432256 0.214153 1.659766 0.653724 -0.045198 0.755201 0.016574
0.432243 0.215425 1.659960 0.652507 -0.049654 0.756053 0.012367
0.432443 0.216652 1.660414 0.651518 -0.052571 0.756732 0.010798
0.432646 0.217785 1.660850 0.650887 -0.054758 0.757124 0.010494
0.432777 0.218815 1.661277 0.650283 -0.057564 0.757453 0.009114
0.432891 0.219733 1.661720 0.649584 -0.061259 0.757794 0.006155
0.432989 0.220586 1.662189 0.648845 -0.064705 0.758155 0.003694
0.433096 0.221415 1.662655 0.648305 -0.067421 0.758387 0.002328
0.433198 0.222205 1.663150 0.647793 -0.070270 0.758568 0.000641
0.433298 0.222992 1.663666 0.647287 -0.073163 0.758727 -0.001274
0.433334 0.223503 1.664212 0.646810 -0.076002 0.758850 -0.002658
0.433325 0.223608 1.664684 0.646539 -0.078730 0.758800 -0.003310
0.433346 0.223588 1.665114 0.646285 -0.081645 0.758704 -0.004129
0.433372 0.223601 1.665532 0.645994 -0.084612 0.758621 -0.005130
0.433335 0.223584 1.666061 0.645777 -0.087348 0.758490 -0.005798
0.433256 0.223205 1.666636 0.645920 -0.090143 0.758038 -0.006244
0.433226 0.222733 1.667099 0.646005 -0.093201 0.757591 -0.006883
0.433202 0.222352 1.667523 0.646005 -0.096262 0.757200 -0.007632
0.433126 0.222043 1.668006 0.646017 -0.099044 0.756828 -0.008013
0.432951 0.221487 1.668589 0.646559 -0.101391 0.756059 -0.007557
0.432864 0.220809 1.668985 0.646904 -0.104284 0.755370 -0.007509
0.432793 0.220243 1.669337 0.647099 -0.107211 0.754793 -0.007594
0.432699 0.219803 1.669747 0.647247 -0.109991 0.754265 -0.007597
0.432457 0.219185 1.670539 0.648228 -0.112152 0.753111 -0.006779
0.432359 0.218425 1.671091 0.648998 -0.115167 0.751993 -0.006755
0.432273 0.217829 1.671571 0.649517 -0.118127 0.751085 -0.006740
0.432194 0.217413 1.672037 0.649864 -0.121044 0.750318 -0.006850
0.431970 0.217010 1.672857 0.650830 -0.123123 0.749148 -0.006189
0.431901 0.216613 1.673555 0.651818 -0.125733 0.747856 -0.006013
0.431874 0.216358 1.674219 0.652624 -0.128613 0.746660 -0.006225
0.431873 0.216318 1.674872 0.653300 -0.131442 0.745573 -0.006571
0.431843 0.216427 1.675638 0.653982 -0.134268 0.744466 -0.007076
0.431887 0.216715 1.676392 0.654694 -0.136955 0.743344 -0.007605
0.431988 0.217110 1.677065 0.655228 -0.139797 0.742335 -0.008461
0.432090 0.217530 1.677681 0.655581 -0.143070 0.741376 -0.010228
0.432057 0.217759 1.678322 0.655971 -0.146557 0.740320 -0.012241
0.432058 0.217775 1.678795 0.656396 -0.150444 0.739117 -0.014764
0.432075 0.217692 1.679150 0.656656 -0.154608 0.737960 -0.017699
0.432091 0.217557 1.679444 0.656776 -0.159032 0.736824 -0.021095
0.432066 0.217333 1.679687 0.656763 -0.163850 0.735652 -0.025121
0.432032 0.217025 1.679871 0.656662 -0.168992 0.734410 -0.029641
0.432002 0.216701 1.680058 0.656425 -0.174316 0.733165 -0.034478
0.431966 0.216359 1.680259 0.656089 -0.179807 0.731879 -0.039605
0.431944 0.216042 1.680465 0.655669 -0.185369 0.730558 -0.044963
0.431940 0.215801 1.680686 0.655188 -0.190883 0.729211 -0.050433
0.431942 0.215609 1.680902 0.654654 -0.196346 0.727837 -0.055938
0.431947 0.215452 1.681107 0.654060 -0.201774 0.726439 -0.061474
0.431970 0.215303 1.681250 0.653322 -0.207348 0.725005 -0.067408
0.431996 0.215229 1.681308 0.652433 -0.212854 0.723616 -0.073508
0.432012 0.215174 1.681355 0.651493 -0.218218 0.722238 -0.079426
0.432031 0.215133 1.681393 0.650489 -0.223573 0.720831 -0.085337
0.432042 0.215084 1.681441 0.649406 -0.229032 0.719347 -0.091411
0.432029 0.215022 1.681517 0.648274 -0.234642 0.717728 -0.097725
0.432033 0.214965 1.681578 0.647127 -0.240172 0.716065 -0.103899
0.432046 0.214913 1.681608 0.645921 -0.245646 0.714386 -0.109979
0.432047 0.214832 1.681621 0.644687 -0.251079 0.712674 -0.115903
0.432015 0.214703 1.681601 0.643447 -0.256566 0.710867 -0.121727
0.431996 0.214531 1.681552 0.642154 -0.262106 0.708993 -0.127549
0.431985 0.214355 1.681495 0.640803 -0.267633 0.707084 -0.133327
0.431981 0.214191 1.681436 0.639351 -0.273212 0.705123 -0.139237
0.431974 0.214039 1.681403 0.637679 -0.279045 0.703034 -0.145750
0.431972 0.213941 1.681415 0.635962 -0.284853 0.700877 -0.152259
0.431986 0.213878 1.681483 0.634156 -0.290752 0.698619 -0.158876
0.432018 0.213860 1.681612 0.632234 -0.296729 0.696278 -0.165614
0.432093 0.214012 1.681707 0.630075 -0.302673 0.693963 -0.172654
0.432164 0.214216 1.681880 0.627802 -0.308620 0.691612 -0.179697
0.432251 0.214494 1.682156 0.625441 -0.314540 0.689225 -0.186702
0.432351 0.214853 1.682510 0.623009 -0.320358 0.686834 -0.193622
0.432420 0.215117 1.682944 0.620349 -0.326575 0.684163 -0.201089
0.432489 0.215353 1.683364 0.617686 -0.332745 0.681406 -0.208401
0.432559 0.215561 1.683725 0.615002 -0.338826 0.678624 -0.215496
0.432622 0.215754 1.684036 0.612257 -0.344833 0.675838 -0.222428
0.432638 0.215932 1.684238 0.609665 -0.350638 0.673063 -0.228797
0.432646 0.216083 1.684326 0.606995 -0.356445 0.670258 -0.235072
0.432655 0.216176 1.684364 0.604222 -0.362313 0.667376 -0.241361
0.432665 0.216252 1.684369 0.601357 -0.368180 0.664444 -0.247642
0.432580 0.216337 1.684369 0.598862 -0.373862 0.661454 -0.253123
0.432491 0.216342 1.684201 0.596407 -0.379692 0.658266 -0.258491
0.432436 0.216287 1.683975 0.593804 -0.385670 0.654937 -0.264035
0.432394 0.216228 1.683737 0.591061 -0.391704 0.651512 -0.269718
0.432233 0.216379 1.683452 0.589277 -0.396960 0.648382 -0.273452
0.432040 0.216435 1.682630 0.587884 -0.402359 0.645045 -0.276436
0.431875 0.216370 1.681784 0.585991 -0.408165 0.641510 -0.280144
0.431722 0.216325 1.680974 0.583766 -0.414186 0.637789 -0.284418
0.431425 0.216633 1.680308 0.582635 -0.419183 0.634636 -0.286459
0.431051 0.217188 1.679250 0.582608 -0.423908 0.631302 -0.286928
0.430785 0.217628 1.678226 0.581882 -0.429202 0.627645 -0.288549
0.430512 0.218012 1.677216 0.580509 -0.434888 0.623759 -0.291215
0.429990 0.218568 1.676245 0.580302 -0.438822 0.621291 -0.291001
0.428983 0.219725 1.674690 0.582603 -0.439961 0.620468 -0.286405
0.428199 0.221173 1.672768 0.585490 -0.441045 0.618757 -0.282522
0.427555 0.222641 1.670814 0.588458 -0.441927 0.616832 -0.279170
0.426565 0.223911 1.669078 0.591912 -0.440585 0.616911 -0.273762
0.424338 0.225416 1.667195 0.596958 -0.434334 0.621122 -0.263062
0.422249 0.227277 1.665363 0.601610 -0.428818 0.624075 -0.254381
0.420377 0.229069 1.663821 0.605434 -0.424260 0.626167 -0.247727
0.418443 0.230567 1.662624 0.608832 -0.419457 0.628693 -0.241091
0.414813 0.231877 1.661979 0.612437 -0.410519 0.635209 -0.230009
0.411417 0.233766 1.661314 0.616125 -0.402082 0.640505 -0.220168
0.408453 0.235672 1.660641 0.619315 -0.395041 0.644401 -0.212458
0.405795 0.237287 1.660063 0.622004 -0.388946 0.647655 -0.205848
0.401835 0.237839 1.660097 0.624358 -0.380596 0.653669 -0.195040
0.398228 0.238534 1.660290 0.626485 -0.372512 0.659241 -0.184800
0.395192 0.239303 1.660432 0.628411 -0.365296 0.663893 -0.175792
0.392624 0.239900 1.660512 0.629905 -0.359482 0.667510 -0.168592
0.388866 0.239800 1.661297 0.630714 -0.352242 0.672980 -0.158817
0.385113 0.240184 1.662466 0.631265 -0.344687 0.678409 -0.149854
0.381875 0.240996 1.663516 0.632090 -0.337045 0.683353 -0.141038
