0.463266 0.037414 1.967416 0.486380 -0.119917 0.837984 0.216419
0.463869 0.031073 1.967891 0.485650 -0.123024 0.837430 0.218450
0.464458 0.024931 1.968293 0.484881 -0.126260 0.836995 0.219973
0.465096 0.017977 1.968596 0.484010 -0.129825 0.836478 0.221775
0.465588 0.011619 1.968865 0.483273 -0.133120 0.835888 0.223646
0.466122 0.005659 1.969053 0.482583 -0.135992 0.835258 0.225751
0.466690 -0.000787 1.969170 0.481835 -0.138763 0.834511 0.228408
0.467119 -0.006486 1.969270 0.481199 -0.141207 0.833804 0.230822
0.467549 -0.012213 1.969303 0.480567 -0.143859 0.833197 0.232685
0.467942 -0.018993 1.969263 0.479860 -0.146890 0.832448 0.234924
0.468227 -0.025139 1.969209 0.479307 -0.149724 0.831640 0.237114
0.468649 -0.031199 1.969249 0.478785 -0.152098 0.830835 0.239467
0.469164 -0.037898 1.969275 0.478333 -0.154316 0.829837 0.242393
0.469535 -0.043803 1.969281 0.477998 -0.156419 0.828854 0.245055
0.470088 -0.049704 1.969471 0.477637 -0.158535 0.827783 0.247999
0.470672 -0.056114 1.969718 0.477341 -0.160676 0.826499 0.251453
0.471093 -0.061672 1.969922 0.477137 -0.162676 0.825306 0.254453
0.471670 -0.067660 1.970263 0.477062 -0.164519 0.823880 0.258006
0.472204 -0.074479 1.970607 0.477122 -0.166436 0.822131 0.262210
0.472572 -0.080435 1.970882 0.477215 -0.168358 0.820533 0.265795
0.473118 -0.086832 1.971496 0.477093 -0.170737 0.818887 0.269546
0.473655 -0.093758 1.972066 0.477121 -0.173271 0.816977 0.273643
0.473999 -0.099647 1.972529 0.477133 -0.175576 0.815327 0.277055
0.474596 -0.106176 1.973156 0.476893 -0.178454 0.813439 0.281150
0.475068 -0.113123 1.973676 0.476765 -0.181175 0.811317 0.285720
0.475306 -0.119018 1.974118 0.476631 -0.183629 0.809498 0.289510
0.475911 -0.124900 1.974905 0.476407 -0.186256 0.807768 0.293013
0.476488 -0.130407 1.975532 0.476345 -0.188347 0.806105 0.296336
0.476903 -0.134847 1.976013 0.476320 -0.189990 0.804716 0.299089
0.477488 -0.140249 1.976465 0.476044 -0.191921 0.803068 0.302704
0.477892 -0.145827 1.976751 0.475859 -0.193420 0.801377 0.306500
0.478139 -0.150462 1.976980 0.475704 -0.194747 0.799957 0.309592
0.478560 -0.156192 1.977402 0.475391 -0.196769 0.798377 0.312856
0.478827 -0.161937 1.977668 0.475302 -0.198422 0.796665 0.316290
0.478911 -0.166755 1.977908 0.475171 -0.200016 0.795217 0.319116
0.479360 -0.172594 1.978339 0.474166 -0.203875 0.794184 0.320740
0.479731 -0.178111 1.978507 0.473532 -0.206934 0.792979 0.322694
0.479952 -0.182669 1.978644 0.473044 -0.209457 0.791868 0.324501
0.480526 -0.188100 1.978997 0.472379 -0.212515 0.790297 0.327300
0.480968 -0.193096 1.979151 0.472010 -0.214771 0.788740 0.330105
0.481274 -0.197179 1.979274 0.471660 -0.216631 0.787480 0.332389
0.481729 -0.202153 1.979549 0.471072 -0.219360 0.785955 0.335032
0.482000 -0.206742 1.979689 0.470736 -0.221471 0.784427 0.337686
0.482148 -0.210548 1.979822 0.470340 -0.223357 0.783183 0.339877
0.482531 -0.214759 1.979974 0.469435 -0.226324 0.781682 0.342609
0.482754 -0.218459 1.980033 0.468760 -0.228620 0.780306 0.345136
0.482887 -0.221550 1.980079 0.468249 -0.230528 0.779059 0.347371
0.482870 -0.225233 1.980059 0.467829 -0.232425 0.777359 0.350468
0.482603 -0.228805 1.979992 0.467498 -0.234263 0.775696 0.353358
0.482202 -0.231944 1.979940 0.467185 -0.236077 0.774235 0.355760
0.481521 -0.234933 1.979862 0.466750 -0.237845 0.773038 0.357753
0.480782 -0.237603 1.979838 0.466301 -0.239542 0.772012 0.359416
0.480031 -0.239811 1.979849 0.465867 -0.241025 0.771102 0.360938
0.478996 -0.241491 1.980002 0.465052 -0.242741 0.770414 0.362306
0.478047 -0.242873 1.980251 0.464261 -0.244342 0.769919 0.363295
0.477204 -0.243876 1.980345 0.463843 -0.245247 0.769422 0.364272
0.475449 -0.244891 1.980642 0.463145 -0.246261 0.769026 0.365310
0.473523 -0.246113 1.981277 0.462055 -0.247633 0.768895 0.366038
0.471333 -0.247210 1.981695 0.461186 -0.248695 0.768657 0.366913
0.468124 -0.247814 1.981729 0.460443 -0.248869 0.768534 0.367985
0.465597 -0.248183 1.981866 0.459929 -0.248683 0.768478 0.368868
0.463494 -0.247319 1.981544 0.460276 -0.246373 0.768229 0.370501
0.460795 -0.244734 1.981178 0.461134 -0.243034 0.767807 0.372509
0.458746 -0.242151 1.980990 0.461543 -0.240717 0.767913 0.373287
0.456431 -0.239555 1.980699 0.462212 -0.238211 0.767806 0.374285
0.453196 -0.235911 1.980518 0.462851 -0.235605 0.767877 0.375000
0.450362 -0.232836 1.980835 0.462726 -0.233920 0.768597 0.374734
0.447603 -0.229306 1.980280 0.463757 -0.230782 0.768514 0.375573
0.443089 -0.224790 1.980126 0.463519 -0.228892 0.769428 0.375152
0.439584 -0.220814 1.980109 0.463122 -0.227704 0.770579 0.374000
0.434171 -0.217564 1.980882 0.461214 -0.227638 0.771889 0.373697
0.426048 -0.214028 1.983121 0.457581 -0.229665 0.773602 0.373383
0.418530 -0.211553 1.985967 0.453245 -0.232541 0.775896 0.372128
0.410928 -0.209644 1.987794 0.449939 -0.235625 0.776806 0.372302
0.403209 -0.206466 1.988837 0.447508 -0.238456 0.777556 0.371864
0.397543 -0.201940 1.989741 0.445916 -0.239894 0.779194 0.369413
0.391865 -0.196822 1.990081 0.444733 -0.239527 0.779897 0.369593
0.385402 -0.191372 1.990228 0.443278 -0.239242 0.780422 0.370418
0.380467 -0.185273 1.990498 0.442365 -0.238622 0.781880 0.368832
0.375401 -0.178885 1.990156 0.441936 -0.238182 0.782191 0.368972
0.370165 -0.172697 1.989249 0.441737 -0.238420 0.781865 0.369746
0.366273 -0.165977 1.988535 0.442027 -0.237861 0.782585 0.368231
0.361606 -0.159176 1.987662 0.442337 -0.237605 0.782137 0.368976
0.356220 -0.152631 1.986946 0.442020 -0.238192 0.781759 0.369780
0.351978 -0.145673 1.986529 0.441997 -0.237913 0.782642 0.368114
0.347500 -0.138436 1.985872 0.441579 -0.238583 0.782861 0.367716
0.343540 -0.130324 1.984918 0.441204 -0.238433 0.783495 0.366913
0.340697 -0.121546 1.984139 0.441463 -0.236495 0.785247 0.364098
0.337506 -0.112734 1.983161 0.441738 -0.235863 0.785873 0.362822
0.334628 -0.103276 1.982019 0.442136 -0.234383 0.786864 0.361144
0.332417 -0.093453 1.981124 0.442898 -0.231346 0.788933 0.357638
0.329300 -0.083754 1.980476 0.442907 -0.230302 0.789975 0.355997
0.326171 -0.073238 1.980015 0.442493 -0.228270 0.791966 0.353387
0.323550 -0.062498 1.979689 0.442543 -0.224635 0.794903 0.349031
0.320554 -0.051768 1.979065 0.442424 -0.223360 0.796409 0.346559
0.318099 -0.039742 1.978048 0.442581 -0.219788 0.798622 0.343538
0.315900 -0.027587 1.977161 0.443099 -0.214483 0.801722 0.338971
0.312663 -0.016232 1.976190 0.443306 -0.212218 0.803408 0.336123
0.309434 -0.004547 1.975102 0.443566 -0.208817 0.805743 0.332301
0.306336 0.006952 1.974197 0.444125 -0.204100 0.808780 0.327061
0.302725 0.017934 1.973272 0.444726 -0.202811 0.810483 0.322806
0.299321 0.029696 1.972153 0.445444 -0.199440 0.812968 0.317626
0.295922 0.041322 1.971178 0.446345 -0.194532 0.816078 0.311367
0.291564 0.053144 1.970670 0.446765 -0.192426 0.817920 0.307212
0.287020 0.066371 1.970141 0.446649 -0.187353 0.821260 0.301556
0.282381 0.079330 1.969636 0.446667 -0.180850 0.825176 0.294731
0.277498 0.091904 1.968946 0.447586 -0.177078 0.827484 0.289105
0.272644 0.105039 1.967928 0.448388 -0.170993 0.830563 0.282622
0.267592 0.117571 1.966979 0.449161 -0.164034 0.833998 0.275307
0.261535 0.130062 1.966272 0.449554 -0.160494 0.837115 0.267173
0.255173 0.143363 1.965382 0.449427 -0.154150 0.841166 0.258249
0.248639 0.155993 1.964536 0.449403 -0.146902 0.845234 0.249071
0.242070 0.168577 1.963667 0.450550 -0.141050 0.848173 0.240232
0.235301 0.181331 1.962567 0.451262 -0.133330 0.851576 0.231092
0.228414 0.193082 1.961640 0.451644 -0.125427 0.854962 0.222094
0.221662 0.204316 1.960529 0.453983 -0.120005 0.856863 0.212801
0.214881 0.215330 1.959485 0.454929 -0.113059 0.859440 0.204009
0.208966 0.224650 1.958630 0.455334 -0.106640 0.861717 0.196830
0.203886 0.234677 1.957709 0.457547 -0.100958 0.862738 0.190107
0.198906 0.244566 1.956666 0.458149 -0.093792 0.864514 0.184169
0.194625 0.252913 1.955713 0.458411 -0.087382 0.866084 0.179226
0.190871 0.261310 1.955028 0.459772 -0.081911 0.867246 0.172580
0.187225 0.269002 1.954359 0.460111 -0.076135 0.868705 0.166890
0.184320 0.275338 1.953901 0.460612 -0.071238 0.869800 0.161896
0.181768 0.282250 1.954015 0.461878 -0.066795 0.870811 0.154579
0.179241 0.288419 1.954186 0.462413 -0.062245 0.871961 0.148268
0.177143 0.293675 1.954353 0.462932 -0.058629 0.872857 0.142749
0.175187 0.300963 1.954471 0.463427 -0.054084 0.874060 0.135384
0.172968 0.308067 1.954185 0.463011 -0.048599 0.875484 0.129563
0.171191 0.314322 1.954065 0.462838 -0.043706 0.876593 0.124320
0.169852 0.322027 1.954385 0.462585 -0.037785 0.877924 0.117630
0.168412 0.328852 1.954365 0.461930 -0.032061 0.879171 0.112476
0.167390 0.335056 1.954399 0.461667 -0.026952 0.880067 0.107789
0.167079 0.343144 1.954788 0.461663 -0.020231 0.880961 0.101814
0.166574 0.350113 1.954787 0.461346 -0.014101 0.881756 0.097301
0.166325 0.356373 1.954991 0.461175 -0.009003 0.882340 0.093339
0.166847 0.363838 1.955966 0.460690 -0.003363 0.883082 0.088998
0.167299 0.369967 1.956506 0.460210 0.001509 0.883643 0.085909
0.168101 0.375521 1.957085 0.460315 0.005220 0.883957 0.081872
0.170069 0.381979 1.958061 0.461237 0.008845 0.883964 0.076086
0.171865 0.387080 1.958645 0.462055 0.011896 0.883836 0.072094
0.173730 0.391915 1.959322 0.462963 0.014164 0.883663 0.067855
0.176104 0.398147 1.960245 0.463688 0.017289 0.883580 0.063102
0.177968 0.403404 1.960691 0.464146 0.020375 0.883506 0.059758
0.180006 0.408406 1.961366 0.465035 0.022181 0.883259 0.055723
0.183401 0.413633 1.962569 0.466581 0.023203 0.882670 0.051554
0.186648 0.417428 1.963397 0.468027 0.023902 0.882027 0.049061
0.190234 0.421168 1.964458 0.469877 0.023563 0.881228 0.045797
0.195265 0.425442 1.965977 0.472368 0.023002 0.880066 0.042701
0.199611 0.429165 1.967050 0.474382 0.023112 0.879071 0.040771
0.203968 0.432799 1.968111 0.476852 0.021407 0.877933 0.037250
0.209815 0.436531 1.969079 0.480214 0.018793 0.876285 0.034149
0.214947 0.439745 1.969512 0.482899 0.017389 0.874898 0.032565
0.220138 0.442951 1.970086 0.485953 0.014746 0.873366 0.029404
0.226727 0.445976 1.970808 0.489689 0.011512 0.871412 0.026710
0.232498 0.448411 1.971150 0.492680 0.009410 0.869788 0.025432
0.238045 0.450972 1.971717 0.495918 0.006748 0.868041 0.022899
0.244055 0.453734 1.972493 0.499347 0.004358 0.866149 0.020503
0.248860 0.456420 1.972925 0.501871 0.003364 0.864728 0.018941
0.253470 0.459350 1.973567 0.504419 0.002261 0.863300 0.016391
0.258875 0.461800 1.974264 0.507049 0.001115 0.861794 0.014576
0.263732 0.463280 1.974696 0.509236 0.000061 0.860514 0.013930
0.268570 0.465229 1.975592 0.511580 -0.001503 0.859153 0.011797
0.273582 0.466851 1.976669 0.513592 -0.002881 0.857973 0.009895
0.277949 0.467678 1.977535 0.515218 -0.004154 0.857002 0.009002
0.282440 0.469276 1.978529 0.517114 -0.005212 0.855868 0.007493
0.287334 0.470492 1.979164 0.518876 -0.005976 0.854801 0.006913
0.291740 0.471035 1.979516 0.520408 -0.006779 0.853861 0.007149
0.296125 0.471979 1.980264 0.521834 -0.007944 0.852984 0.006649
0.300811 0.472208 1.980977 0.523007 -0.009250 0.852251 0.006865
0.305061 0.471854 1.981532 0.524051 -0.010626 0.851586 0.007681
0.309770 0.472650 1.982401 0.525239 -0.011238 0.850854 0.006819
0.315044 0.472627 1.983174 0.526324 -0.011965 0.850173 0.006842
0.319900 0.471885 1.983810 0.527394 -0.013112 0.849485 0.007602
0.324820 0.471826 1.984966 0.528624 -0.014821 0.848683 0.008548
0.329637 0.471077 1.986252 0.529529 -0.016634 0.848070 0.009974
0.333796 0.469935 1.987431 0.530251 -0.018422 0.847563 0.011457
0.338412 0.470154 1.988774 0.530865 -0.019695 0.847158 0.010835
0.343351 0.469530 1.989896 0.531375 -0.020982 0.846803 0.011174
0.347805 0.468380 1.990830 0.531934 -0.022459 0.846403 0.012047
0.352635 0.468284 1.992038 0.532706 -0.023863 0.845885 0.011605
0.357523 0.467329 1.993132 0.533324 -0.025351 0.845445 0.012065
0.361821 0.465974 1.994092 0.533894 -0.026917 0.845024 0.012937
0.366801 0.465652 1.994980 0.534554 -0.027174 0.844586 0.013747
0.372257 0.464373 1.995339 0.535239 -0.027727 0.844097 0.015833
0.377232 0.462712 1.995503 0.535986 -0.028637 0.843545 0.018185
0.382005 0.461933 1.995320 0.537622 -0.029095 0.842485 0.018275
0.386190 0.461433 1.994561 0.539012 -0.029044 0.841587 0.018833
0.389556 0.461197 1.993659 0.540142 -0.028696 0.840858 0.019539
0.392858 0.460951 1.993071 0.541529 -0.028175 0.839998 0.018866
0.396156 0.460045 1.992636 0.542652 -0.028251 0.839268 0.018989
0.397790 0.460533 1.992161 0.542611 -0.026165 0.839406 0.016896
0.398842 0.461059 1.991371 0.542964 -0.023118 0.839275 0.016501
0.400040 0.461204 1.990587 0.543265 -0.020893 0.839118 0.017527
0.401188 0.460636 1.990406 0.543447 -0.019792 0.838997 0.018891
0.401755 0.459934 1.990217 0.543879 -0.018236 0.838746 0.019187
0.402146 0.459560 1.989907 0.544372 -0.017207 0.838442 0.019451
0.402345 0.459262 1.989592 0.544747 -0.016413 0.838216 0.019359
0.402001 0.458632 1.988882 0.545165 -0.015417 0.837938 0.020428
0.401845 0.458166 1.988120 0.545422 -0.014760 0.837751 0.021686
0.401499 0.457565 1.987495 0.545656 -0.014478 0.837600 0.021828
0.400267 0.455836 1.986428 0.546703 -0.015356 0.836895 0.022069
0.399126 0.454756 1.985388 0.547105 -0.015689 0.836609 0.022695
0.397920 0.453424 1.984812 0.547284 -0.016189 0.836469 0.023218
0.395372 0.451585 1.983732 0.548945 -0.017191 0.835248 0.026919
0.392521 0.450411 1.982617 0.549300 -0.017612 0.834924 0.029347
0.389723 0.448863 1.982013 0.549220 -0.018221 0.834887 0.031461
0.385804 0.447661 1.981026 0.550229 -0.017991 0.834038 0.036133
0.382053 0.446599 1.980040 0.550718 -0.018414 0.833560 0.039349
0.378302 0.445203 1.979381 0.550523 -0.018755 0.833559 0.041849
0.373861 0.444611 1.977412 0.551738 -0.018518 0.832526 0.046291
0.369818 0.444063 1.975403 0.552310 -0.018723 0.831962 0.049426
0.365705 0.442996 1.974037 0.552291 -0.018784 0.831799 0.052281
0.360824 0.442067 1.972429 0.553298 -0.018002 0.830744 0.058321
0.356311 0.440866 1.971222 0.553620 -0.018103 0.830232 0.062379
0.351731 0.439444 1.970232 0.553528 -0.017985 0.830019 0.065971
0.346434 0.438193 1.968791 0.553871 -0.017065 0.829290 0.072209
0.341679 0.436842 1.967406 0.554038 -0.017108 0.828813 0.076266
0.336865 0.435278 1.966233 0.553577 -0.016775 0.828744 0.080342
0.331495 0.434076 1.964507 0.553671 -0.015761 0.828130 0.086026
0.326654 0.432801 1.962853 0.553604 -0.015605 0.827765 0.089916
0.321943 0.430650 1.961804 0.553154 -0.016370 0.827732 0.092805
0.316763 0.428737 1.960259 0.553243 -0.016196 0.827037 0.098338
0.312189 0.426622 1.958873 0.553209 -0.016960 0.826596 0.102038
0.307719 0.424131 1.957812 0.553035 -0.017136 0.826234 0.105813
0.303398 0.421342 1.957081 0.553331 -0.016913 0.825448 0.110335
0.299518 0.417354 1.959414 0.553793 -0.018421 0.825053 0.110731
0.295250 0.411676 1.963249 0.553995 -0.021160 0.824701 0.111846
0.290297 0.406598 1.966568 0.553956 -0.022864 0.824368 0.114134
0.285905 0.401495 1.969484 0.554092 -0.025741 0.824111 0.114716
0.281689 0.396328 1.971579 0.553928 -0.028452 0.823972 0.115863
0.277535 0.392018 1.972705 0.553605 -0.029998 0.823879 0.117665
0.273811 0.387471 1.974052 0.553122 -0.032372 0.824052 0.118093
0.270199 0.382511 1.975133 0.552325 -0.034017 0.824370 0.119143
0.266728 0.377948 1.975724 0.551648 -0.034907 0.824618 0.120293
0.263631 0.372967 1.976615 0.550905 -0.037079 0.825003 0.120416
0.260596 0.367449 1.977318 0.550090 -0.038625 0.825464 0.120493
0.257362 0.362168 1.977864 0.549382 -0.039928 0.825957 0.119914
0.254475 0.356458 1.978680 0.548567 -0.042575 0.826494 0.119029
0.251529 0.350252 1.979206 0.548035 -0.043930 0.826723 0.119402
0.248119 0.344484 1.979630 0.547598 -0.044788 0.826943 0.119562
0.244936 0.338550 1.980260 0.547149 -0.046978 0.827181 0.119133
0.241587 0.331852 1.981034 0.547181 -0.047745 0.826901 0.120618
0.237658 0.325302 1.982019 0.546903 -0.048412 0.826834 0.122060
0.234121 0.318368 1.983131 0.546463 -0.051124 0.826946 0.122162
0.230273 0.310778 1.984391 0.545676 -0.051953 0.827265 0.123172
0.226562 0.303132 1.985468 0.545227 -0.053340 0.827346 0.124021
0.223359 0.295075 1.986537 0.544848 -0.057033 0.827409 0.123620
0.219354 0.286301 1.988139 0.544292 -0.058666 0.827449 0.125033
0.215045 0.277319 1.989786 0.544094 -0.060690 0.827133 0.127004
0.211372 0.268128 1.991143 0.543327 -0.064662 0.827149 0.128211
0.207407 0.258079 1.992666 0.543954 -0.067194 0.826218 0.130239
0.203030 0.247845 1.994225 0.544108 -0.070430 0.825580 0.131921
0.199063 0.237655 1.995430 0.543814 -0.075424 0.825224 0.132599
0.194756 0.226906 1.996699 0.544019 -0.078659 0.824523 0.134231
0.190296 0.216162 1.997781 0.544163 -0.082941 0.823878 0.135032
0.187037 0.205585 1.998020 0.544036 -0.088151 0.823104 0.136939
0.183231 0.194421 1.998428 0.544673 -0.091980 0.822034 0.138312
0.179031 0.183357 1.998690 0.545402 -0.097211 0.821067 0.137609
0.175564 0.172596 1.998313 0.545918 -0.103664 0.820095 0.136640
0.172037 0.161552 1.997882 0.546405 -0.108769 0.819089 0.136762
0.168809 0.150280 1.997017 0.547656 -0.115369 0.817469 0.136043
0.166113 0.139417 1.995694 0.549023 -0.122543 0.815575 0.135626
0.162709 0.128947 1.994478 0.550254 -0.127872 0.814149 0.134278
0.159353 0.120150 1.993517 0.551330 -0.132442 0.812928 0.132824
0.156345 0.113131 1.992815 0.551343 -0.136507 0.812469 0.131462
0.153590 0.106520 1.992035 0.551921 -0.138879 0.811883 0.130157
0.151240 0.100760 1.991324 0.552224 -0.141547 0.811425 0.128849
0.149429 0.096027 1.990639 0.552465 -0.143897 0.810992 0.127933
0.147320 0.092014 1.990208 0.552325 -0.144559 0.811380 0.125307
0.145123 0.088912 1.990131 0.551523 -0.145354 0.812203 0.122561
0.143318 0.086557 1.990057 0.550823 -0.145799 0.812914 0.120447
0.141761 0.084878 1.989231 0.551826 -0.144029 0.813193 0.116025
0.140168 0.083747 1.988785 0.552388 -0.142628 0.813666 0.111677
0.138828 0.082927 1.988433 0.552620 -0.141379 0.814176 0.108361
0.137771 0.082522 1.987654 0.552685 -0.139285 0.815004 0.104436
0.136902 0.082245 1.987109 0.552811 -0.137715 0.815605 0.101110
0.136215 0.082109 1.986564 0.552867 -0.136289 0.816091 0.098784
0.136099 0.082942 1.985163 0.553852 -0.133112 0.816125 0.097308
0.136186 0.083809 1.984063 0.555096 -0.130395 0.815887 0.095888
0.136239 0.084576 1.983101 0.555992 -0.128190 0.815765 0.094695
