-0.051462 0.365581 1.467154 0.696419 0.024094 0.717230 0.000671
-0.051761 0.365709 1.467036 0.696332 0.024623 0.717298 0.000322
-0.051982 0.365808 1.466952 0.696331 0.025424 0.717270 -0.000081
-0.051863 0.365676 1.466932 0.696299 0.026460 0.717263 -0.000226
-0.051586 0.365452 1.466923 0.696239 0.027064 0.717300 -0.000056
-0.051283 0.365224 1.466923 0.696179 0.027441 0.717343 0.000189
-0.050967 0.365059 1.466980 0.696143 0.027537 0.717375 0.000394
-0.050476 0.364941 1.467309 0.696234 0.026947 0.717309 0.000497
-0.049945 0.364802 1.467666 0.696308 0.026235 0.717263 0.000659
-0.049456 0.364664 1.467977 0.696350 0.025581 0.717245 0.000844
-0.049126 0.364679 1.468031 0.696226 0.026005 0.717350 0.001390
-0.049172 0.364970 1.467509 0.695870 0.028000 0.717618 0.002194
-0.049359 0.365270 1.466953 0.695599 0.029880 0.717803 0.002737
-0.049572 0.365539 1.466470 0.695403 0.031453 0.717925 0.003108
-0.049670 0.365925 1.466084 0.695316 0.033125 0.717934 0.002965
-0.049421 0.366335 1.465800 0.695317 0.034465 0.717871 0.002729
-0.049035 0.366590 1.465589 0.695314 0.035297 0.717833 0.002769
-0.048638 0.366757 1.465426 0.695301 0.035847 0.717817 0.002918
-0.048160 0.367368 1.465308 0.695032 0.037795 0.717981 0.002395
-0.047213 0.368204 1.465310 0.694721 0.039954 0.718166 0.001735
-0.046106 0.368745 1.465365 0.694491 0.041214 0.718318 0.001604
-0.045050 0.369106 1.465430 0.694299 0.041988 0.718459 0.001712
-0.044209 0.370035 1.465283 0.693578 0.044133 0.719027 0.001023
-0.043503 0.371304 1.464954 0.692836 0.046921 0.719567 0.000021
-0.042854 0.372316 1.464669 0.692290 0.049043 0.719950 -0.000680
-0.042275 0.373115 1.464434 0.691869 0.050642 0.720244 -0.001154
-0.041614 0.374720 1.463960 0.691222 0.053848 0.720623 -0.003726
-0.040485 0.376393 1.463373 0.690722 0.057006 0.720844 -0.006105
-0.039216 0.377591 1.462895 0.690372 0.059095 0.720998 -0.007500
-0.038010 0.378473 1.462512 0.690112 0.060522 0.721120 -0.008338
-0.036725 0.380690 1.461402 0.689479 0.064256 0.721376 -0.010318
-0.034963 0.383039 1.459912 0.689097 0.068101 0.721367 -0.011715
-0.033106 0.384773 1.458647 0.688860 0.070733 0.721331 -0.012223
-0.031384 0.386084 1.457605 0.688703 0.072573 0.721297 -0.012309
-0.029620 0.388887 1.456401 0.688310 0.074992 0.721374 -0.015026
-0.027424 0.391648 1.455425 0.688277 0.076744 0.721166 -0.017434
-0.025195 0.393738 1.454687 0.688324 0.077606 0.720994 -0.018840
-0.023156 0.395348 1.454099 0.688396 0.078021 0.720859 -0.019650
-0.021444 0.398663 1.452450 0.688487 0.081235 0.720325 -0.022772
-0.019718 0.401799 1.450596 0.688843 0.084576 0.719513 -0.025358
-0.018067 0.404260 1.449024 0.689208 0.087021 0.718810 -0.027051
-0.016577 0.406262 1.447703 0.689513 0.088769 0.718257 -0.028262
-0.014698 0.409942 1.445867 0.689374 0.091637 0.717935 -0.030554
-0.012136 0.413092 1.444312 0.689529 0.093496 0.717487 -0.031933
-0.009487 0.415442 1.443085 0.689743 0.094359 0.717149 -0.032379
-0.007061 0.417380 1.442026 0.689929 0.094618 0.716925 -0.032607
-0.004788 0.421163 1.439912 0.690146 0.096140 0.716397 -0.035087
-0.002320 0.424464 1.437919 0.690605 0.097455 0.715685 -0.036914
0.000059 0.427027 1.436278 0.691063 0.098165 0.715092 -0.037924
0.002178 0.429287 1.434808 0.691382 0.098346 0.714715 -0.038757
0.004197 0.433534 1.432495 0.691584 0.099504 0.714204 -0.041511
0.006610 0.437203 1.430507 0.692047 0.100246 0.713525 -0.043630
0.009046 0.440037 1.428917 0.692505 0.100387 0.712987 -0.044818
0.011255 0.442620 1.427427 0.692825 0.100058 0.712654 -0.045899
0.013368 0.446968 1.425035 0.693339 0.100749 0.711846 -0.049053
0.015923 0.450624 1.422962 0.694045 0.101055 0.710952 -0.051351
0.018518 0.453426 1.421300 0.694692 0.100824 0.710258 -0.052634
0.020882 0.456076 1.419669 0.695175 0.100301 0.709775 -0.053763
0.023221 0.460256 1.417023 0.696082 0.101041 0.708570 -0.056468
0.025996 0.463661 1.414693 0.697082 0.101345 0.707399 -0.058237
0.028786 0.466241 1.412807 0.697943 0.101123 0.706512 -0.059080
0.031336 0.468798 1.410969 0.698463 0.101041 0.705951 -0.059768
0.034000 0.472585 1.408636 0.698977 0.102735 0.705057 -0.061405
0.036916 0.475572 1.406762 0.699539 0.103597 0.704291 -0.062331
0.039703 0.477863 1.405278 0.700044 0.103884 0.703718 -0.062671
0.042259 0.480294 1.403707 0.700447 0.104121 0.703211 -0.063458
0.045384 0.483592 1.401626 0.701256 0.105144 0.702080 -0.065328
0.049037 0.485976 1.399959 0.702022 0.105153 0.701251 -0.066003
0.052613 0.487675 1.398655 0.702660 0.104595 0.700702 -0.065931
0.055867 0.489716 1.397160 0.703197 0.104315 0.700135 -0.066654
0.059486 0.492621 1.395217 0.704251 0.104972 0.698764 -0.068853
0.063498 0.494669 1.393685 0.705187 0.104700 0.697763 -0.069828
0.067348 0.496091 1.392496 0.705947 0.103942 0.697089 -0.070017
0.070847 0.497988 1.390917 0.706355 0.104307 0.696576 -0.070457
0.074789 0.500459 1.388678 0.707089 0.106202 0.695459 -0.071299
0.079192 0.502037 1.386818 0.707802 0.106882 0.694656 -0.071020
0.083433 0.503020 1.385350 0.708399 0.106818 0.694148 -0.070143
0.087202 0.504825 1.383643 0.708812 0.107651 0.693545 -0.070669
0.091191 0.507454 1.381961 0.709625 0.109443 0.692225 -0.072661
0.095649 0.509239 1.380762 0.710351 0.109912 0.691314 -0.073532
0.099979 0.510381 1.379899 0.710921 0.109621 0.690768 -0.073584
0.103882 0.512283 1.378311 0.711456 0.109919 0.690019 -0.074983
0.108031 0.514522 1.376065 0.712648 0.111133 0.688368 -0.077024
0.112941 0.515872 1.374118 0.713893 0.111239 0.686978 -0.077743
0.118094 0.516438 1.372607 0.714904 0.110385 0.686114 -0.077301
0.122730 0.518058 1.370792 0.715695 0.110162 0.685197 -0.078426
0.127163 0.520349 1.369149 0.716929 0.110537 0.683551 -0.080944
0.132161 0.521895 1.367882 0.718148 0.109995 0.682178 -0.082445
0.137470 0.522623 1.366964 0.719130 0.108608 0.681334 -0.082706
0.142413 0.524195 1.365444 0.719710 0.107996 0.680725 -0.083468
0.147273 0.525960 1.363803 0.720743 0.107827 0.679496 -0.084787
0.152673 0.526964 1.362427 0.721844 0.106884 0.678420 -0.085228
0.158434 0.527170 1.361385 0.722761 0.105146 0.677792 -0.084610
0.163677 0.528533 1.359587 0.723230 0.105285 0.677320 -0.084211
0.168580 0.530113 1.357680 0.724269 0.105977 0.676053 -0.084589
0.173866 0.530975 1.356073 0.725385 0.105798 0.674907 -0.084408
0.179280 0.531122 1.354845 0.726267 0.104825 0.674230 -0.083439
0.184263 0.532607 1.353095 0.727144 0.104526 0.673290 -0.083769
0.189153 0.534099 1.351526 0.728486 0.104134 0.671773 -0.084770
0.194416 0.534811 1.350284 0.729705 0.103023 0.670591 -0.084991
0.199612 0.534905 1.349352 0.730591 0.101462 0.669936 -0.084431
0.204456 0.536396 1.347667 0.731585 0.101215 0.668844 -0.084775
0.209351 0.537630 1.346084 0.733032 0.100766 0.667230 -0.085524
0.214520 0.538060 1.344826 0.734258 0.099638 0.666060 -0.085444
0.219488 0.538037 1.343838 0.735124 0.098197 0.665409 -0.084742
0.224310 0.539244 1.342113 0.736400 0.097592 0.664071 -0.084854
0.229338 0.539901 1.340528 0.737961 0.096507 0.662475 -0.085017
0.234344 0.539895 1.339295 0.739160 0.094996 0.661428 -0.084454
0.238973 0.539707 1.338247 0.739998 0.093465 0.660821 -0.083571
0.243562 0.540539 1.335939 0.741316 0.092615 0.659481 -0.083411
0.248018 0.540740 1.333623 0.742843 0.091577 0.657961 -0.082978
0.252092 0.540597 1.331706 0.744112 0.090428 0.656775 -0.082263
0.255707 0.540540 1.330046 0.745062 0.089550 0.655906 -0.081550
0.259829 0.541093 1.327906 0.746246 0.089668 0.654566 -0.081362
0.264363 0.540825 1.326184 0.747245 0.088967 0.653629 -0.080493
0.268773 0.540145 1.324857 0.747967 0.087866 0.653106 -0.079231
0.272821 0.539645 1.323636 0.748407 0.087073 0.652866 -0.077917
0.276741 0.540183 1.321898 0.749193 0.087413 0.651963 -0.077546
0.280401 0.540366 1.320492 0.749934 0.087329 0.651171 -0.077137
0.283647 0.540370 1.319394 0.750518 0.087048 0.650588 -0.076678
0.286472 0.540670 1.318214 0.750933 0.087296 0.650100 -0.076474
0.289162 0.541590 1.316044 0.752087 0.089251 0.648398 -0.077327
0.291808 0.541967 1.314100 0.753211 0.090557 0.646862 -0.077730
0.294257 0.542098 1.312553 0.754130 0.091342 0.645662 -0.077885
0.296518 0.542535 1.311137 0.754651 0.092249 0.644899 -0.078088
0.298887 0.543643 1.309779 0.755087 0.093491 0.644094 -0.079035
0.301198 0.544394 1.308832 0.755383 0.094173 0.643562 -0.079725
0.303294 0.544909 1.308122 0.755588 0.094559 0.643206 -0.080202
0.305152 0.545479 1.307225 0.755841 0.095233 0.642728 -0.080841
0.307039 0.545784 1.305556 0.756763 0.096430 0.641365 -0.081623
0.308990 0.545660 1.304051 0.757653 0.097119 0.640175 -0.081891
0.310848 0.545407 1.302889 0.758374 0.097419 0.639266 -0.081958
0.312553 0.545444 1.301866 0.758711 0.098037 0.638758 -0.082062
0.314099 0.545821 1.301032 0.758873 0.098998 0.638370 -0.082435
0.315450 0.546135 1.300433 0.758978 0.099671 0.638095 -0.082785
0.316581 0.546401 1.299956 0.759064 0.100176 0.637872 -0.083103
0.317428 0.546931 1.299218 0.759122 0.101038 0.637505 -0.084332
0.318025 0.547601 1.298198 0.759491 0.102456 0.636592 -0.086179
0.318709 0.547969 1.297344 0.759748 0.103234 0.635988 -0.087430
0.320265 0.547387 1.296555 0.759554 0.102965 0.636325 -0.086983
0.321893 0.546717 1.295695 0.759425 0.103707 0.636320 -0.087264
0.322805 0.546946 1.295324 0.759136 0.105938 0.636112 -0.088609
0.323308 0.547386 1.295146 0.758738 0.107359 0.636152 -0.090005
0.323743 0.547733 1.294958 0.758365 0.108515 0.636259 -0.091004
0.324010 0.547725 1.294476 0.758297 0.110502 0.635724 -0.092895
0.323999 0.548032 1.294292 0.757871 0.112358 0.635574 -0.095149
0.324053 0.548278 1.294190 0.757349 0.113632 0.635719 -0.096809
0.324055 0.548569 1.294153 0.756990 0.114381 0.635767 -0.098400
0.323509 0.548360 1.293880 0.756710 0.116284 0.635432 -0.100467
0.322489 0.548376 1.293685 0.756121 0.117685 0.635521 -0.102689
0.321569 0.548440 1.293520 0.755435 0.118892 0.635867 -0.104191
0.320727 0.548613 1.293452 0.755013 0.119579 0.635981 -0.105757
0.319205 0.548371 1.293263 0.754620 0.121310 0.635816 -0.107573
0.317232 0.548338 1.292970 0.753912 0.123008 0.636067 -0.109103
0.315431 0.548416 1.292705 0.753230 0.124375 0.636408 -0.110275
0.313875 0.548567 1.292538 0.752721 0.125272 0.636636 -0.111415
0.311455 0.548414 1.292660 0.752508 0.125526 0.636420 -0.113778
0.308621 0.548470 1.292560 0.752205 0.125844 0.636310 -0.116019
0.305969 0.548681 1.292390 0.751916 0.126263 0.636226 -0.117884
0.303617 0.548976 1.292276 0.751693 0.126648 0.636111 -0.119502
0.300601 0.548770 1.292626 0.751638 0.126228 0.635850 -0.121661
0.297193 0.548928 1.292805 0.751341 0.126956 0.635734 -0.123337
0.293942 0.549326 1.292913 0.751068 0.127789 0.635580 -0.124919
0.290984 0.549819 1.293046 0.750852 0.128500 0.635395 -0.126426
0.287090 0.549848 1.293149 0.750421 0.129267 0.635559 -0.127376
0.282673 0.550265 1.292847 0.749869 0.130972 0.635709 -0.128124
0.278563 0.550877 1.292595 0.749481 0.132074 0.635702 -0.129299
0.274867 0.551561 1.292504 0.749199 0.132599 0.635635 -0.130716
0.270450 0.551743 1.292742 0.748860 0.132301 0.635909 -0.131625
0.265550 0.552188 1.292501 0.748541 0.133544 0.635895 -0.132254
0.261082 0.552687 1.292201 0.748246 0.134672 0.635856 -0.132961
0.257454 0.552863 1.291958 0.747985 0.134894 0.636001 -0.133506
0.253288 0.552926 1.292067 0.747922 0.133231 0.636214 -0.134511
0.248982 0.553083 1.291821 0.747765 0.133440 0.636282 -0.134857
0.245166 0.553231 1.291523 0.747544 0.134186 0.636370 -0.134926
0.241841 0.553349 1.291410 0.747361 0.134051 0.636549 -0.135232
0.237604 0.553606 1.291710 0.747428 0.132090 0.636649 -0.136314
0.233057 0.553974 1.291591 0.747309 0.132693 0.636618 -0.136525
0.228978 0.554293 1.291367 0.747075 0.134018 0.636648 -0.136371
0.225366 0.554594 1.291313 0.746878 0.134247 0.636788 -0.136576
0.220997 0.555101 1.291439 0.746871 0.132897 0.636872 -0.137537
0.216623 0.555599 1.291251 0.746658 0.133687 0.636938 -0.137624
0.212725 0.556035 1.291008 0.746327 0.135133 0.637073 -0.137379
0.209193 0.556466 1.291002 0.746069 0.135191 0.637304 -0.137649
0.204632 0.557130 1.291188 0.745992 0.134291 0.637376 -0.138617
0.199994 0.557791 1.291038 0.745708 0.135572 0.637407 -0.138752
0.195821 0.558374 1.290816 0.745299 0.137493 0.637518 -0.138551
0.191955 0.559010 1.290792 0.744957 0.138041 0.637722 -0.138908
0.187054 0.559965 1.290844 0.744616 0.138192 0.637883 -0.139839
0.182064 0.560899 1.290621 0.744043 0.140087 0.638082 -0.140095
0.177603 0.561682 1.290339 0.743373 0.142332 0.638381 -0.140025
0.173408 0.562484 1.290247 0.742834 0.143164 0.638715 -0.140518
0.168349 0.563472 1.290205 0.742399 0.143652 0.638890 -0.141519
0.163380 0.564421 1.289989 0.741799 0.145512 0.639064 -0.141981
0.158865 0.565297 1.289748 0.741122 0.147788 0.639274 -0.142218
0.154470 0.566244 1.289602 0.740568 0.148974 0.639475 -0.142961
0.149294 0.567404 1.289366 0.740035 0.150127 0.639575 -0.144063
0.144183 0.568549 1.289028 0.739346 0.152313 0.639689 -0.144800
0.139499 0.569599 1.288703 0.738645 0.154747 0.639777 -0.145404
0.134726 0.570727 1.288576 0.738051 0.156190 0.639840 -0.146593
0.128819 0.572123 1.288489 0.737420 0.158047 0.639712 -0.148332
0.122815 0.573588 1.288309 0.736650 0.160889 0.639522 -0.149910
0.117132 0.575038 1.288136 0.735828 0.164047 0.639315 -0.151402
0.111521 0.576587 1.288232 0.735258 0.165449 0.639084 -0.153601
0.105445 0.578248 1.288435 0.734756 0.167282 0.638614 -0.155957
0.099453 0.579967 1.288615 0.734079 0.170394 0.638066 -0.158005
0.093817 0.581654 1.288822 0.733323 0.173932 0.637505 -0.159913
0.088114 0.583484 1.289353 0.732950 0.175075 0.636913 -0.162711
0.081514 0.585605 1.289997 0.732539 0.177278 0.635995 -0.165740
0.074798 0.587791 1.290589 0.731873 0.181031 0.634975 -0.168510
0.068441 0.589918 1.291195 0.731116 0.185204 0.633927 -0.171189
0.062296 0.592107 1.292301 0.730831 0.186478 0.632920 -0.174710
0.055743 0.594377 1.293461 0.730375 0.189264 0.631721 -0.177931
0.049450 0.596567 1.294519 0.729629 0.193445 0.630549 -0.180633
0.043802 0.598536 1.295570 0.728802 0.197734 0.629481 -0.183034
0.038612 0.600453 1.296661 0.728224 0.200086 0.628756 -0.185262
0.033447 0.602332 1.297720 0.727192 0.204400 0.628195 -0.186500
0.028748 0.604013 1.298704 0.726283 0.208147 0.627571 -0.187993
0.024669 0.605429 1.299529 0.725502 0.211271 0.626987 -0.189467
0.021026 0.606385 1.300296 0.724619 0.213811 0.627096 -0.189638
0.017338 0.607223 1.300890 0.723975 0.216134 0.626876 -0.190190
0.013924 0.607982 1.301365 0.723437 0.218220 0.626543 -0.190953
0.010935 0.608627 1.301761 0.722955 0.220004 0.626239 -0.191728
0.008089 0.609191 1.302079 0.722261 0.221856 0.626490 -0.191390
0.005066 0.609767 1.302323 0.721695 0.223675 0.626457 -0.191515
0.002208 0.610315 1.302517 0.721163 0.225507 0.626320 -0.191817
-0.000246 0.610797 1.302700 0.720737 0.226985 0.626152 -0.192222
-0.002318 0.611012 1.302843 0.720270 0.228175 0.626438 -0.191634
-0.004301 0.611126 1.302759 0.719953 0.229528 0.626446 -0.191178
-0.006078 0.611223 1.302646 0.719744 0.230683 0.626330 -0.190958
-0.007572 0.611286 1.302578 0.719585 0.231571 0.626248 -0.190751
-0.009170 0.611202 1.302561 0.720009 0.231782 0.625734 -0.190585
-0.011110 0.611172 1.302352 0.720459 0.232396 0.624907 -0.190846
-0.012801 0.611123 1.302144 0.720771 0.232854 0.624316 -0.191044
-0.014361 0.611021 1.302006 0.721139 0.233590 0.623591 -0.191124
-0.015935 0.610494 1.302437 0.721612 0.233936 0.623180 -0.190256
-0.017797 0.610137 1.302825 0.721897 0.234461 0.622753 -0.189926
-0.019514 0.609851 1.303140 0.722049 0.234907 0.622460 -0.189756
-0.020825 0.609303 1.303549 0.722243 0.235171 0.622320 -0.189152
-0.021954 0.607375 1.303947 0.722853 0.234933 0.622320 -0.187105
-0.023596 0.605647 1.303845 0.723424 0.235445 0.621916 -0.185592
-0.025368 0.604224 1.303652 0.723898 0.236203 0.621365 -0.184623
-0.026927 0.602594 1.303776 0.724524 0.236832 0.620747 -0.183439
-0.028153 0.599360 1.304598 0.725215 0.235834 0.621181 -0.180498
-0.029691 0.596488 1.305068 0.725662 0.235475 0.621482 -0.178118
-0.031263 0.594088 1.305384 0.725973 0.235487 0.621608 -0.176390
-0.032599 0.591631 1.306018 0.726240 0.235255 0.621979 -0.174276
-0.034274 0.588222 1.307687 0.726140 0.233166 0.623757 -0.171121
-0.036233 0.584969 1.309242 0.725910 0.231855 0.625106 -0.168940
-0.037504 0.581764 1.310652 0.725602 0.230727 0.626419 -0.166929
-0.038105 0.578513 1.312150 0.725358 0.229415 0.628070 -0.163560
-0.039588 0.574786 1.314059 0.725137 0.227289 0.630136 -0.159512
-0.041860 0.571246 1.315798 0.724882 0.226198 0.631488 -0.156859
-0.043749 0.567843 1.317490 0.724696 0.225334 0.632504 -0.154853
-0.044718 0.564280 1.319609 0.724524 0.223638 0.634208 -0.151103
-0.046310 0.560640 1.322678 0.724599 0.219659 0.636421 -0.147224
-0.048739 0.557216 1.325753 0.724568 0.216702 0.637985 -0.144971
-0.050942 0.553945 1.328641 0.724582 0.214384 0.639080 -0.143519
-0.052363 0.550421 1.331689 0.724816 0.211917 0.640390 -0.140121
-0.054440 0.546674 1.335135 0.725740 0.207823 0.641380 -0.136906
-0.057113 0.543097 1.338387 0.726491 0.204758 0.641879 -0.135191
-0.059318 0.539637 1.341349 0.727115 0.202323 0.642189 -0.134023
-0.060703 0.536038 1.344819 0.727209 0.200541 0.643333 -0.130662
-0.062446 0.532516 1.349011 0.727259 0.198242 0.644609 -0.127561
-0.063921 0.529177 1.352999 0.727367 0.196151 0.645522 -0.125556
-0.064465 0.525821 1.356676 0.727425 0.193890 0.646495 -0.123704
-0.064296 0.522282 1.361020 0.726942 0.191884 0.648307 -0.120140
-0.064557 0.518880 1.365952 0.726474 0.189313 0.650044 -0.117641
-0.064541 0.515570 1.370549 0.726087 0.186811 0.651509 -0.115916
-0.063725 0.512187 1.374746 0.725693 0.184075 0.653033 -0.114169
-0.062386 0.508535 1.379704 0.724763 0.181783 0.655446 -0.109838
-0.061532 0.505001 1.385242 0.723642 0.180001 0.657890 -0.105454
-0.060502 0.501554 1.390424 0.722749 0.177965 0.659941 -0.102175
-0.058825 0.498020 1.395134 0.721977 0.175459 0.661909 -0.099199
-0.057031 0.494403 1.400824 0.720472 0.173733 0.664566 -0.095341
-0.055854 0.490974 1.406919 0.718662 0.172734 0.667220 -0.092224
-0.054481 0.487545 1.412524 0.717142 0.171253 0.669553 -0.089882
-0.052495 0.483972 1.417592 0.715825 0.169110 0.671805 -0.087604
-0.050109 0.480316 1.423303 0.714503 0.167491 0.674026 -0.084385
-0.047601 0.476652 1.428991 0.712965 0.166378 0.676362 -0.080834
-0.044653 0.472835 1.434176 0.711578 0.164534 0.678666 -0.077445
-0.041162 0.468814 1.438881 0.710346 0.161876 0.680975 -0.074011
-0.037440 0.464814 1.445050 0.708924 0.159160 0.683542 -0.069744
-0.033774 0.460869 1.451688 0.707490 0.156165 0.686093 -0.065937
-0.029916 0.456763 1.457820 0.706283 0.152475 0.688475 -0.062587
-0.025887 0.452633 1.463243 0.705250 0.148361 0.690731 -0.059171
-0.021713 0.448492 1.469500 0.704592 0.145128 0.692335 -0.056217
-0.017194 0.444138 1.475723 0.703834 0.141721 0.694094 -0.052616
-0.012780 0.439994 1.481127 0.703182 0.137915 0.695786 -0.048952
-0.008896 0.436310 1.485639 0.702678 0.134549 0.697181 -0.045585
-0.004802 0.431874 1.491322 0.702606 0.132146 0.697997 -0.041018
-0.000697 0.427550 1.496946 0.702813 0.128830 0.698661 -0.036459
0.002903 0.423756 1.501730 0.703065 0.125462 0.699204 -0.032754
0.005925 0.420476 1.505778 0.703081 0.123064 0.699762 -0.029425
0.009448 0.416670 1.511235 0.702018 0.122461 0.701092 -0.025374
0.013332 0.412825 1.516557 0.701444 0.119727 0.702257 -0.021835
0.016907 0.409341 1.521048 0.701063 0.116695 0.703239 -0.018677
0.019995 0.406272 1.524893 0.700498 0.114760 0.704195 -0.015512
0.023512 0.402804 1.529641 0.698950 0.114893 0.705792 -0.011171
0.027228 0.399309 1.534029 0.697988 0.113216 0.707066 -0.007214
0.030590 0.396151 1.537694 0.697303 0.111165 0.708094 -0.003720
0.033506 0.393412 1.541004 0.696407 0.110341 0.709114 -0.000492
0.037140 0.390528 1.545796 0.694830 0.110491 0.710632 0.002056
0.041086 0.387443 1.550320 0.693912 0.108513 0.711821 0.004511
