-0.056956 0.394828 1.455591 0.698506 -0.011544 0.714766 0.032651
-0.057299 0.395138 1.455085 0.698430 -0.010463 0.714859 0.032603
-0.057648 0.395416 1.454645 0.698389 -0.009509 0.714917 0.032501
-0.057843 0.395789 1.454372 0.698539 -0.008518 0.714798 0.032164
-0.057669 0.396206 1.454415 0.698772 -0.007991 0.714595 0.031740
-0.057330 0.396487 1.454534 0.698934 -0.007840 0.714446 0.031565
-0.056958 0.396677 1.454652 0.699046 -0.007846 0.714338 0.031538
-0.056624 0.396879 1.454703 0.699164 -0.007597 0.714227 0.031477
-0.056380 0.397126 1.454712 0.699310 -0.007178 0.714097 0.031315
-0.056190 0.397337 1.454721 0.699429 -0.006842 0.713989 0.031168
-0.056037 0.397509 1.454729 0.699521 -0.006578 0.713906 0.031052
-0.055922 0.397815 1.454690 0.699345 -0.005642 0.714099 0.030785
-0.055836 0.398276 1.454563 0.698944 -0.004000 0.714517 0.030450
-0.055745 0.398644 1.454436 0.698643 -0.002702 0.714827 0.030219
-0.055656 0.398933 1.454329 0.698409 -0.001696 0.715065 0.030061
-0.055495 0.399444 1.454158 0.698109 -0.000373 0.715384 0.029475
-0.054948 0.400281 1.453830 0.697781 0.001392 0.715735 0.028685
-0.054205 0.400873 1.453551 0.697522 0.002523 0.715997 0.028387
-0.053453 0.401290 1.453328 0.697300 0.003248 0.716212 0.028347
-0.052774 0.401806 1.453159 0.697088 0.004141 0.716426 0.028038
-0.052167 0.402663 1.453128 0.697008 0.005399 0.716530 0.027105
-0.051600 0.403375 1.453161 0.696972 0.006286 0.716585 0.026357
-0.051091 0.403940 1.453202 0.696941 0.006916 0.716631 0.025816
-0.050616 0.404592 1.453099 0.696618 0.007893 0.716954 0.025251
-0.049972 0.405475 1.452452 0.695931 0.009889 0.717605 0.025013
-0.049247 0.406122 1.451775 0.695402 0.011424 0.718090 0.025154
-0.048560 0.406603 1.451194 0.694991 0.012552 0.718459 0.025427
-0.047898 0.407296 1.450664 0.694575 0.013759 0.718860 0.024814
-0.046792 0.408538 1.450029 0.694190 0.015603 0.719254 0.023015
-0.045426 0.409414 1.449502 0.693905 0.016670 0.719534 0.022085
-0.044080 0.410025 1.449081 0.693668 0.017253 0.719762 0.021660
-0.042865 0.410829 1.448703 0.693288 0.017918 0.720136 0.020855
-0.041548 0.412519 1.448372 0.692936 0.019439 0.720497 0.018597
-0.040132 0.413873 1.448185 0.692728 0.020318 0.720713 0.016999
-0.038792 0.414906 1.448063 0.692554 0.020785 0.720890 0.015951
-0.037558 0.416115 1.447822 0.692055 0.021479 0.721374 0.014772
-0.035684 0.418424 1.446916 0.691130 0.023975 0.722215 0.013036
-0.033348 0.420130 1.446068 0.690480 0.025436 0.722797 0.012448
-0.031029 0.421345 1.445375 0.689969 0.026162 0.723257 0.012512
-0.028952 0.422609 1.444680 0.689326 0.026646 0.723861 0.011971
-0.026849 0.425138 1.443290 0.688543 0.028918 0.724561 0.009131
-0.024617 0.427150 1.441975 0.688085 0.030592 0.724948 0.007329
-0.022519 0.428672 1.440877 0.687764 0.031654 0.725217 0.006278
-0.020654 0.430166 1.439867 0.687358 0.032378 0.725579 0.005134
-0.018658 0.433209 1.438458 0.687122 0.034098 0.725739 0.001936
-0.016457 0.435750 1.437293 0.687144 0.035192 0.725668 -0.000404
-0.014337 0.437708 1.436365 0.687194 0.035725 0.725592 -0.001886
-0.012414 0.439488 1.435484 0.687089 0.036091 0.725669 -0.003242
-0.010062 0.442576 1.433664 0.686830 0.038368 0.725781 -0.005788
-0.007286 0.444995 1.431948 0.686831 0.039891 0.725686 -0.007140
-0.004552 0.446775 1.430529 0.686863 0.040669 0.725608 -0.007638
-0.002072 0.448344 1.429262 0.686834 0.041095 0.725606 -0.008156
0.000629 0.451460 1.427014 0.687281 0.043088 0.725026 -0.011221
0.003647 0.453953 1.424889 0.687911 0.044516 0.724310 -0.013130
0.006567 0.455790 1.423124 0.688459 0.045238 0.723725 -0.014074
0.009179 0.457363 1.421602 0.688802 0.045684 0.723357 -0.014764
0.011815 0.460941 1.419145 0.688962 0.049127 0.722919 -0.017469
0.015163 0.463984 1.416854 0.689541 0.051724 0.722140 -0.019257
0.018691 0.466152 1.415006 0.690040 0.053065 0.721550 -0.019845
0.021981 0.467841 1.413469 0.690387 0.053699 0.721165 -0.020070
0.024977 0.471360 1.411355 0.690845 0.056314 0.720432 -0.023228
0.028564 0.474518 1.409506 0.691726 0.058243 0.719346 -0.025796
0.032481 0.476771 1.408074 0.692470 0.058920 0.718530 -0.026977
0.036213 0.478435 1.406923 0.693013 0.058883 0.717991 -0.027496
0.039515 0.481619 1.404497 0.693428 0.061324 0.717254 -0.030704
0.043318 0.484409 1.401871 0.694397 0.063733 0.716002 -0.033055
0.047576 0.486296 1.399661 0.695309 0.064832 0.714977 -0.033921
0.051709 0.487555 1.397877 0.696034 0.065059 0.714248 -0.033954
0.055475 0.490193 1.395604 0.696500 0.066559 0.713513 -0.036828
0.059751 0.492566 1.393553 0.697410 0.067811 0.712382 -0.039155
0.064543 0.494100 1.391931 0.698236 0.067833 0.711520 -0.040035
0.069226 0.494995 1.390684 0.698875 0.067122 0.710966 -0.039944
0.073354 0.497481 1.388683 0.699188 0.067580 0.710513 -0.041717
0.077583 0.499996 1.386751 0.700083 0.068318 0.709445 -0.043635
0.082057 0.501734 1.385216 0.700886 0.068168 0.708615 -0.044454
0.086303 0.502885 1.384023 0.701514 0.067502 0.708053 -0.044527
0.090128 0.505296 1.382086 0.702346 0.068791 0.706959 -0.046762
0.094347 0.507590 1.380145 0.703701 0.070203 0.705324 -0.048921
0.099286 0.509039 1.378555 0.704961 0.070378 0.703990 -0.049748
0.104430 0.509717 1.377349 0.705918 0.069581 0.703134 -0.049413
0.109168 0.511392 1.375650 0.706710 0.069967 0.702223 -0.050470
0.114037 0.513106 1.373983 0.707958 0.070577 0.700806 -0.051822
0.119237 0.514066 1.372663 0.709042 0.070203 0.699726 -0.052098
0.124232 0.514470 1.371669 0.709856 0.069228 0.699035 -0.051604
0.128792 0.516057 1.370175 0.710356 0.069933 0.698416 -0.052138
0.133554 0.517812 1.368768 0.711322 0.070909 0.697256 -0.053180
0.138645 0.518789 1.367723 0.712128 0.070804 0.696437 -0.053261
0.143534 0.519211 1.366963 0.712703 0.070074 0.695969 -0.052657
0.148072 0.520678 1.365574 0.713152 0.070243 0.695461 -0.053052
0.152776 0.522305 1.363983 0.714179 0.070700 0.694290 -0.053972
0.157599 0.523182 1.362720 0.715018 0.070357 0.693458 -0.053993
0.162101 0.523602 1.361749 0.715652 0.069596 0.692919 -0.053501
0.166277 0.524997 1.360331 0.716285 0.070199 0.692143 -0.054278
0.170864 0.526515 1.358865 0.717446 0.071072 0.690743 -0.055628
0.175793 0.527195 1.357769 0.718348 0.070897 0.689803 -0.055877
0.180524 0.527359 1.356962 0.718989 0.070157 0.689245 -0.055444
0.184952 0.528472 1.355755 0.719420 0.070470 0.688729 -0.055869
0.189560 0.529894 1.354561 0.720287 0.071107 0.687658 -0.057070
0.194151 0.530651 1.353730 0.720902 0.070960 0.686997 -0.057456
0.198371 0.531022 1.353124 0.721338 0.070449 0.686597 -0.057380
0.202306 0.532326 1.351922 0.721711 0.071120 0.686100 -0.057802
0.206489 0.533903 1.350312 0.722763 0.072313 0.684776 -0.058874
0.210720 0.534736 1.349027 0.723595 0.072685 0.683837 -0.059120
0.214650 0.535156 1.348033 0.724225 0.072597 0.683194 -0.058937
0.218392 0.536270 1.346616 0.724832 0.072943 0.682467 -0.059471
0.222619 0.537443 1.344775 0.726131 0.073394 0.680936 -0.060607
0.227082 0.537794 1.343273 0.727159 0.073061 0.679865 -0.060720
0.231328 0.537720 1.342107 0.727926 0.072318 0.679158 -0.060302
0.235349 0.538488 1.340757 0.728501 0.072317 0.678542 -0.060310
0.239650 0.539883 1.339408 0.729695 0.072577 0.677114 -0.061592
0.244149 0.540519 1.338475 0.730569 0.072079 0.676182 -0.062061
0.248423 0.540688 1.337805 0.731169 0.071229 0.675631 -0.061970
0.252461 0.541369 1.336659 0.731478 0.071199 0.675319 -0.061765
0.256550 0.542501 1.334626 0.732570 0.072067 0.674004 -0.062185
0.260505 0.543026 1.332870 0.733589 0.072368 0.672866 -0.062144
0.264104 0.543243 1.331481 0.734406 0.072309 0.672006 -0.061876
0.267513 0.543950 1.329964 0.734892 0.072741 0.671442 -0.061705
0.271205 0.545082 1.328080 0.735783 0.073662 0.670329 -0.062108
0.274841 0.545645 1.326578 0.736529 0.073957 0.669476 -0.062102
0.278181 0.545897 1.325416 0.737100 0.073904 0.668874 -0.061880
0.281339 0.546560 1.324066 0.737532 0.074166 0.668359 -0.061975
0.284917 0.547700 1.322016 0.738733 0.074870 0.666854 -0.063033
0.288549 0.548268 1.320303 0.739828 0.074972 0.665574 -0.063597
0.291951 0.548482 1.318994 0.740675 0.074707 0.664642 -0.063796
0.295178 0.548931 1.317615 0.741109 0.074876 0.664131 -0.063879
0.298721 0.549735 1.315589 0.741811 0.075748 0.663216 -0.064219
0.302040 0.550327 1.313896 0.742536 0.076174 0.662325 -0.064524
0.304957 0.550744 1.312619 0.743130 0.076308 0.661617 -0.064787
0.307503 0.551422 1.311440 0.743437 0.076528 0.661182 -0.065443
0.309828 0.552615 1.310176 0.743881 0.076946 0.660459 -0.067192
0.311914 0.553524 1.309204 0.744268 0.077152 0.659851 -0.068632
0.313719 0.554245 1.308450 0.744583 0.077242 0.659361 -0.069809
0.315242 0.555101 1.307676 0.744644 0.077840 0.659100 -0.070939
0.316522 0.556392 1.306676 0.744728 0.079773 0.658601 -0.072534
0.317674 0.557442 1.305932 0.744843 0.081241 0.658137 -0.073921
0.318676 0.558313 1.305384 0.744932 0.082348 0.657765 -0.075094
0.319586 0.559022 1.304815 0.744877 0.083139 0.657615 -0.076073
0.321154 0.558840 1.303660 0.744420 0.083180 0.658195 -0.075502
0.322682 0.558558 1.302701 0.744267 0.083073 0.658419 -0.075162
0.323807 0.558514 1.302005 0.744311 0.083148 0.658343 -0.075319
0.324242 0.558828 1.301485 0.744246 0.084330 0.658213 -0.075775
0.324269 0.559112 1.300907 0.743808 0.087167 0.658296 -0.076137
0.324213 0.559496 1.300536 0.743521 0.088283 0.658350 -0.077190
0.324134 0.559888 1.300269 0.743345 0.088646 0.658355 -0.078411
0.323985 0.560185 1.300024 0.743174 0.089143 0.658359 -0.079424
0.323597 0.560245 1.299672 0.743075 0.089598 0.658244 -0.080781
0.323178 0.560405 1.299411 0.743075 0.089044 0.658115 -0.082441
0.322785 0.560574 1.299199 0.743062 0.088475 0.658030 -0.083828
0.322356 0.560582 1.299054 0.743007 0.088054 0.658002 -0.084969
0.320743 0.560450 1.299026 0.742726 0.088528 0.658058 -0.086488
0.318613 0.560791 1.298864 0.742505 0.088929 0.658027 -0.088194
0.316423 0.561365 1.298707 0.742370 0.089369 0.657885 -0.089926
0.314244 0.561905 1.298619 0.742179 0.090013 0.657801 -0.091472
0.310871 0.561984 1.298382 0.742006 0.091126 0.657525 -0.093726
0.307007 0.562574 1.297916 0.741759 0.092365 0.657322 -0.095868
0.303362 0.563310 1.297521 0.741577 0.093317 0.657092 -0.097905
0.300038 0.564011 1.297285 0.741441 0.094151 0.656838 -0.099827
0.296130 0.564001 1.297495 0.741325 0.094207 0.656591 -0.102231
0.292417 0.563844 1.297271 0.741177 0.094260 0.656496 -0.103851
0.289350 0.563569 1.296942 0.741136 0.094262 0.656355 -0.105027
0.286725 0.563319 1.296707 0.741093 0.094348 0.656243 -0.105942
0.283192 0.562943 1.296625 0.740989 0.093994 0.656262 -0.106865
0.278983 0.562913 1.296120 0.740970 0.094246 0.656100 -0.107765
0.275082 0.562910 1.295535 0.740927 0.094380 0.656017 -0.108456
0.271736 0.562876 1.295031 0.740872 0.094458 0.655979 -0.108989
0.267870 0.562679 1.295024 0.740745 0.094175 0.656059 -0.109614
0.263527 0.562712 1.294724 0.740717 0.094471 0.655920 -0.110371
0.259221 0.562839 1.294251 0.740622 0.095014 0.655842 -0.111007
0.255457 0.562917 1.293795 0.740519 0.095404 0.655820 -0.111492
0.251473 0.562899 1.294029 0.740619 0.093431 0.655816 -0.112519
0.246901 0.563099 1.293908 0.740796 0.093273 0.655506 -0.113282
0.242198 0.563381 1.293561 0.740798 0.094066 0.655315 -0.113721
0.237714 0.563657 1.293117 0.740693 0.095096 0.655238 -0.113986
0.233297 0.564105 1.293278 0.740935 0.091844 0.655219 -0.115191
0.228455 0.564645 1.293153 0.741160 0.090953 0.655014 -0.115612
0.223573 0.565175 1.292801 0.741186 0.091710 0.654902 -0.115485
0.219113 0.565641 1.292356 0.741107 0.093004 0.654869 -0.115137
0.214620 0.566067 1.292617 0.741248 0.091306 0.654859 -0.115651
0.209493 0.566649 1.292609 0.741423 0.091466 0.654583 -0.115959
0.204141 0.567302 1.292347 0.741382 0.093022 0.654408 -0.115978
0.199044 0.567951 1.291953 0.741224 0.095002 0.654314 -0.115907
0.194023 0.568718 1.292132 0.741400 0.093037 0.654241 -0.116783
0.188366 0.569610 1.292065 0.741548 0.092879 0.654026 -0.117181
0.182421 0.570552 1.291755 0.741451 0.094563 0.653891 -0.117198
0.176678 0.571488 1.291314 0.741227 0.096924 0.653811 -0.117136
0.171056 0.572557 1.291509 0.741320 0.095901 0.653689 -0.118065
0.164837 0.573745 1.291604 0.741426 0.096199 0.653383 -0.118848
0.158321 0.574980 1.291445 0.741307 0.098318 0.653109 -0.119356
0.152079 0.576193 1.291161 0.741068 0.101110 0.652874 -0.119792
0.145895 0.577593 1.291366 0.741055 0.101114 0.652663 -0.121016
0.139020 0.579163 1.291529 0.741021 0.101973 0.652336 -0.122259
0.132217 0.580728 1.291473 0.740822 0.104418 0.651998 -0.123200
0.125929 0.582193 1.291359 0.740519 0.107476 0.651687 -0.124035
0.119649 0.583884 1.291498 0.740474 0.108187 0.651340 -0.125498
0.112625 0.585809 1.291541 0.740395 0.109420 0.650931 -0.127012
0.105657 0.587715 1.291458 0.740135 0.112166 0.650498 -0.128339
0.099124 0.589533 1.291365 0.739789 0.115569 0.650025 -0.129705
0.092772 0.591480 1.291628 0.739762 0.116603 0.649486 -0.131622
0.085895 0.593635 1.291972 0.739773 0.117946 0.648817 -0.133646
0.079081 0.595753 1.292217 0.739582 0.120932 0.648096 -0.135522
0.072698 0.597751 1.292450 0.739301 0.124598 0.647322 -0.137424
0.066370 0.599806 1.292933 0.739243 0.126685 0.646489 -0.139721
0.058960 0.602207 1.293483 0.739159 0.129406 0.645430 -0.142543
0.051335 0.604700 1.294055 0.738878 0.133608 0.644202 -0.145644
0.044084 0.607092 1.294645 0.738614 0.138079 0.642774 -0.149082
0.037328 0.609187 1.295348 0.738139 0.142408 0.641871 -0.151239
0.030417 0.611149 1.296035 0.737745 0.146379 0.640924 -0.153371
0.023837 0.612966 1.296638 0.737406 0.150102 0.639848 -0.155870
0.017931 0.614564 1.297188 0.737186 0.153210 0.638714 -0.158520
0.012636 0.615860 1.297686 0.736578 0.155997 0.638490 -0.159522
0.006894 0.617123 1.297986 0.736077 0.159124 0.638083 -0.160375
0.001250 0.618335 1.298182 0.735577 0.162582 0.637480 -0.161596
-0.003894 0.619390 1.298335 0.735124 0.165671 0.636862 -0.162950
-0.008484 0.620254 1.298655 0.734581 0.168637 0.636665 -0.163124
-0.013315 0.621187 1.299181 0.734457 0.171232 0.635948 -0.163772
-0.018041 0.622092 1.299584 0.734222 0.174065 0.635199 -0.164748
-0.022214 0.622888 1.299947 0.734011 0.176483 0.634473 -0.165904
-0.025769 0.623354 1.300396 0.733726 0.177932 0.634288 -0.166326
-0.029651 0.623587 1.300809 0.733594 0.178923 0.634077 -0.166652
-0.033779 0.623885 1.301020 0.733546 0.180410 0.633466 -0.167587
-0.037731 0.624178 1.301116 0.733508 0.182031 0.632741 -0.168730
-0.041181 0.624224 1.301246 0.733474 0.183446 0.632242 -0.169217
-0.044494 0.624000 1.301250 0.733626 0.184846 0.631628 -0.169323
-0.047544 0.623781 1.301115 0.733761 0.186241 0.630998 -0.169558
-0.050340 0.623621 1.300948 0.733892 0.187674 0.630301 -0.170008
-0.052385 0.622953 1.301047 0.733932 0.188211 0.630235 -0.169481
-0.054138 0.621398 1.301175 0.733767 0.188049 0.630967 -0.167643
-0.056161 0.620068 1.301067 0.733675 0.188386 0.631303 -0.166398
-0.058178 0.618977 1.300912 0.733613 0.188946 0.631409 -0.165631
-0.059799 0.617598 1.301088 0.733872 0.189231 0.631274 -0.164673
-0.060678 0.615386 1.302018 0.734013 0.187884 0.632087 -0.162455
-0.061521 0.613510 1.302824 0.734003 0.186825 0.632865 -0.160676
-0.062271 0.611932 1.303481 0.733943 0.186058 0.633513 -0.159287
-0.062735 0.610029 1.304289 0.734257 0.185196 0.633838 -0.157543
-0.062866 0.606485 1.305331 0.734766 0.182927 0.634801 -0.153896
-0.063232 0.603182 1.305921 0.735061 0.181374 0.635679 -0.150671
-0.063720 0.600380 1.306326 0.735272 0.180331 0.636328 -0.148131
-0.064117 0.597641 1.306954 0.735694 0.179158 0.636784 -0.145477
-0.064869 0.593804 1.308514 0.736147 0.176032 0.638015 -0.141549
-0.066264 0.590251 1.309938 0.736285 0.174122 0.638949 -0.138958
-0.067096 0.586805 1.311184 0.736205 0.172483 0.639997 -0.136585
-0.067448 0.583554 1.312443 0.736313 0.170918 0.640908 -0.133669
-0.068226 0.579605 1.314630 0.737028 0.167253 0.641964 -0.129219
-0.069939 0.575755 1.316776 0.737150 0.164643 0.643120 -0.126092
-0.071793 0.572110 1.318690 0.736986 0.163010 0.644138 -0.123962
-0.072916 0.568490 1.320543 0.736846 0.161538 0.645181 -0.121262
-0.073882 0.564341 1.322999 0.737823 0.157314 0.645921 -0.116859
-0.075558 0.560300 1.325450 0.738483 0.153647 0.646553 -0.114040
-0.077532 0.556412 1.327722 0.738638 0.151155 0.647290 -0.112166
-0.078948 0.552639 1.329904 0.738652 0.149235 0.648094 -0.109983
-0.080005 0.548448 1.332981 0.739184 0.145316 0.649141 -0.105389
-0.081602 0.544395 1.336152 0.739149 0.142141 0.650385 -0.102245
-0.083397 0.540493 1.339099 0.738749 0.139895 0.651652 -0.100146
-0.084609 0.536727 1.341880 0.738246 0.138168 0.652927 -0.097923
-0.085495 0.532605 1.345837 0.738021 0.135050 0.654557 -0.092962
-0.086941 0.528664 1.349996 0.737387 0.132269 0.656280 -0.089792
-0.088473 0.524914 1.353835 0.736573 0.130187 0.657878 -0.087793
-0.089331 0.521284 1.357392 0.735732 0.128451 0.659422 -0.085805
-0.090162 0.517375 1.362218 0.734817 0.126536 0.661361 -0.081452
-0.091563 0.513776 1.367290 0.733691 0.124678 0.663235 -0.079190
-0.092585 0.510387 1.371950 0.732563 0.122992 0.664953 -0.077863
-0.092681 0.507005 1.376215 0.731463 0.121161 0.666677 -0.076316
-0.092654 0.503186 1.381124 0.730566 0.119803 0.668371 -0.072124
-0.092726 0.499634 1.386015 0.729641 0.118132 0.669950 -0.069540
-0.092188 0.496184 1.390527 0.728693 0.116167 0.671530 -0.067512
-0.090768 0.492698 1.394677 0.727724 0.113775 0.673209 -0.065296
-0.089486 0.489058 1.399851 0.726154 0.112748 0.675455 -0.061219
-0.088496 0.485727 1.405346 0.724653 0.111116 0.677530 -0.059025
-0.087064 0.482443 1.410467 0.723264 0.109001 0.679498 -0.057367
-0.084908 0.479058 1.415137 0.721983 0.106292 0.681436 -0.055563
-0.082834 0.475552 1.420322 0.720084 0.106289 0.683771 -0.051377
-0.080935 0.472185 1.425594 0.718341 0.105485 0.685924 -0.048648
-0.078630 0.468777 1.430484 0.716790 0.103880 0.687948 -0.046343
-0.075709 0.465223 1.434951 0.715404 0.101455 0.689909 -0.043938
-0.072635 0.461704 1.440100 0.713794 0.100991 0.691909 -0.039510
-0.069474 0.458248 1.445552 0.712383 0.099263 0.693786 -0.036303
-0.065927 0.454648 1.450634 0.711127 0.096614 0.695593 -0.033393
-0.061916 0.450837 1.455266 0.710003 0.093204 0.697342 -0.030376
-0.058043 0.447225 1.460522 0.708605 0.092072 0.699057 -0.026834
-0.054365 0.443700 1.466114 0.707369 0.090072 0.700649 -0.024649
-0.050463 0.439978 1.471309 0.706265 0.087199 0.702194 -0.022587
-0.046215 0.435997 1.476019 0.705265 0.083600 0.703706 -0.020244
-0.041805 0.432263 1.481343 0.703533 0.082882 0.705634 -0.015914
-0.037175 0.428488 1.487117 0.701955 0.080988 0.707494 -0.012383
-0.032269 0.424376 1.492462 0.700631 0.077841 0.709208 -0.008938
-0.027202 0.420035 1.497221 0.699513 0.073864 0.710773 -0.005247
-0.022134 0.416223 1.502404 0.697958 0.072494 0.712458 -0.001711
-0.016522 0.412185 1.508073 0.696582 0.069794 0.714073 0.001229
-0.010860 0.407956 1.513146 0.695504 0.065839 0.715484 0.004637
-0.005762 0.404061 1.517381 0.694657 0.061799 0.716637 0.007979
-0.000928 0.400341 1.522076 0.692995 0.061116 0.718256 0.011439
0.004278 0.396300 1.527142 0.691441 0.059209 0.719844 0.015107
0.009112 0.392473 1.531506 0.690280 0.056475 0.721094 0.018651
0.013277 0.389074 1.535123 0.689366 0.053753 0.722088 0.021779
0.017346 0.386265 1.539370 0.687752 0.053913 0.723560 0.023485
0.022231 0.383189 1.544328 0.686297 0.052486 0.724997 0.024934
0.026988 0.380025 1.548647 0.685231 0.049857 0.726119 0.026908
0.031182 0.377098 1.552230 0.684389 0.047094 0.727019 0.028935
0.035308 0.374650 1.556163 0.682995 0.047248 0.728296 0.029482
0.040421 0.371751 1.560572 0.681714 0.046113 0.729546 0.030049
0.045463 0.368611 1.564376 0.680781 0.043617 0.730504 0.031595
0.049932 0.365653 1.567528 0.680027 0.040912 0.731283 0.033405
0.054315 0.363168 1.571258 0.678502 0.041459 0.732605 0.034736
0.059847 0.360064 1.575917 0.676965 0.040570 0.734002 0.036232
