0.344856 0.206283 1.750854 0.520275 -0.215251 0.820701 0.097117
0.343659 0.206342 1.754734 0.517515 -0.212327 0.822608 0.102043
0.342344 0.206428 1.758479 0.514962 -0.208999 0.824395 0.107268
0.341212 0.206560 1.761744 0.512870 -0.204991 0.825914 0.113172
0.340415 0.206582 1.765531 0.510620 -0.200360 0.827532 0.119637
0.339510 0.206212 1.769442 0.508144 -0.196157 0.829050 0.126442
0.338583 0.205677 1.772982 0.505814 -0.192076 0.830309 0.133586
0.337803 0.205119 1.775817 0.503940 -0.187849 0.831193 0.140984
0.337612 0.204729 1.779262 0.502410 -0.181088 0.832016 0.150134
0.337385 0.203765 1.783140 0.500233 -0.175705 0.832875 0.158790
0.337024 0.202597 1.786828 0.497849 -0.172103 0.833672 0.165883
0.336654 0.201510 1.790059 0.495666 -0.169523 0.834353 0.171563
0.336590 0.200788 1.793656 0.493823 -0.165431 0.834801 0.178547
0.336724 0.199954 1.797941 0.491453 -0.162105 0.835464 0.184922
0.336800 0.198967 1.801753 0.489078 -0.160010 0.836073 0.190211
0.336845 0.198045 1.804996 0.486963 -0.158513 0.836591 0.194566
0.336933 0.197398 1.808128 0.485395 -0.155896 0.836945 0.199025
0.337104 0.196801 1.812658 0.483542 -0.152040 0.837687 0.203353
0.337145 0.195828 1.816929 0.481246 -0.149940 0.838494 0.206999
0.337149 0.194838 1.820575 0.479107 -0.148534 0.839185 0.210150
0.337154 0.193963 1.823677 0.477256 -0.147390 0.839760 0.212851
0.337626 0.193558 1.828061 0.475193 -0.144713 0.840860 0.214952
0.338120 0.192694 1.832388 0.472595 -0.143642 0.842093 0.216563
0.338558 0.191677 1.836047 0.470181 -0.143110 0.843090 0.218285
0.338949 0.190706 1.839099 0.468086 -0.142776 0.843892 0.219903
0.339849 0.190096 1.842462 0.466420 -0.140433 0.844842 0.221299
0.341402 0.188817 1.845935 0.464446 -0.138681 0.845845 0.222719
0.342975 0.187022 1.848740 0.462555 -0.137858 0.846435 0.224912
0.344424 0.185178 1.851003 0.460897 -0.137422 0.846778 0.227280
0.345869 0.183814 1.853366 0.459439 -0.135926 0.847207 0.229520
0.347719 0.182983 1.856928 0.457292 -0.133465 0.848572 0.230209
0.349471 0.181715 1.860045 0.455083 -0.132090 0.849668 0.231334
0.351039 0.180340 1.862613 0.453145 -0.131190 0.850453 0.232762
0.352427 0.179093 1.864806 0.451486 -0.130362 0.851057 0.234236
0.354473 0.178496 1.868178 0.449645 -0.128696 0.852620 0.233015
0.356766 0.177014 1.871418 0.447673 -0.128266 0.853938 0.232219
0.358959 0.174932 1.874112 0.445942 -0.128619 0.854717 0.232492
0.360928 0.172738 1.876330 0.444457 -0.129259 0.855171 0.233308
0.363277 0.171260 1.879082 0.443476 -0.127956 0.855985 0.232905
0.366026 0.169360 1.882208 0.442316 -0.127006 0.857045 0.231735
0.368669 0.166699 1.884891 0.441192 -0.127157 0.857598 0.231748
0.371042 0.163842 1.887114 0.440214 -0.127822 0.857808 0.232462
0.373370 0.161514 1.889536 0.439137 -0.127794 0.858200 0.233066
0.376086 0.159708 1.892927 0.437308 -0.127249 0.859544 0.231847
0.378638 0.157366 1.895912 0.435585 -0.127497 0.860496 0.231424
0.380902 0.154876 1.898396 0.434119 -0.128130 0.861074 0.231679
0.382952 0.152623 1.900557 0.432914 -0.128503 0.861489 0.232182
0.385830 0.151187 1.903454 0.431747 -0.126759 0.862795 0.230460
0.388641 0.149161 1.906044 0.430652 -0.125926 0.863759 0.229347
0.391141 0.146872 1.908199 0.429729 -0.125737 0.864323 0.229062
0.393311 0.144639 1.909990 0.428953 -0.125835 0.864654 0.229212
0.395927 0.143255 1.912592 0.427569 -0.124330 0.865855 0.228082
0.398750 0.141538 1.915332 0.425922 -0.123205 0.867228 0.226555
0.401306 0.139385 1.917615 0.424557 -0.122851 0.868091 0.226005
0.403546 0.137185 1.919502 0.423438 -0.122864 0.868631 0.226020
0.405890 0.135328 1.921646 0.422342 -0.121937 0.869188 0.226433
0.408587 0.132949 1.924610 0.420807 -0.121030 0.870054 0.226449
0.410974 0.129784 1.927338 0.419386 -0.121468 0.870491 0.227171
0.413034 0.126460 1.929712 0.418157 -0.122490 0.870644 0.228296
0.414960 0.123462 1.931867 0.417059 -0.123328 0.870807 0.229232
0.417917 0.121039 1.934486 0.415689 -0.122452 0.871872 0.228137
0.420840 0.117993 1.936630 0.414620 -0.122299 0.872446 0.227971
0.423468 0.114773 1.938352 0.413822 -0.122673 0.872626 0.228531
0.425750 0.111728 1.939763 0.413204 -0.123240 0.872617 0.229380
0.428347 0.109230 1.941530 0.412379 -0.122604 0.873110 0.229325
0.430901 0.106502 1.943174 0.411603 -0.122325 0.873524 0.229293
0.433149 0.103701 1.944533 0.411002 -0.122509 0.873661 0.229749
0.435080 0.101089 1.945661 0.410530 -0.122872 0.873659 0.230404
0.437136 0.098936 1.946861 0.410021 -0.122816 0.873986 0.230104
0.439478 0.096750 1.948105 0.409514 -0.122583 0.874494 0.229199
0.441583 0.094383 1.949102 0.409170 -0.122781 0.874692 0.228951
0.443411 0.092106 1.949914 0.408930 -0.123170 0.874723 0.229054
0.445131 0.090078 1.950649 0.408737 -0.123314 0.874778 0.229107
0.447527 0.087803 1.951302 0.408680 -0.122489 0.875070 0.228539
0.449897 0.085232 1.951584 0.408899 -0.121926 0.874998 0.228723
0.452059 0.082365 1.951718 0.409198 -0.122221 0.874589 0.229592
0.453683 0.079505 1.951944 0.409223 -0.123182 0.874115 0.230838
0.455217 0.076113 1.952949 0.408711 -0.124096 0.874295 0.230571
0.457301 0.072103 1.953675 0.408886 -0.124682 0.874107 0.230663
0.459379 0.067977 1.953991 0.409367 -0.125360 0.873564 0.231495
0.461257 0.063984 1.954135 0.409894 -0.126418 0.872829 0.232756
0.463174 0.060021 1.954698 0.410030 -0.127730 0.872519 0.232963
0.465699 0.055569 1.955256 0.410542 -0.128674 0.872203 0.232723
0.468146 0.050910 1.955402 0.411279 -0.129933 0.871517 0.233295
0.469472 0.046192 1.955915 0.411086 -0.132410 0.871059 0.233949
0.470347 0.041567 1.956753 0.410715 -0.134891 0.870628 0.234786
0.471545 0.035524 1.958504 0.410184 -0.138436 0.870111 0.235565
0.472711 0.028489 1.960269 0.409675 -0.143104 0.869149 0.237209
0.473745 0.021325 1.961873 0.409203 -0.148171 0.867925 0.239380
0.474690 0.014653 1.963206 0.408919 -0.152511 0.866616 0.241873
0.476079 0.007363 1.965044 0.408698 -0.156713 0.865224 0.244528
0.477406 -0.001065 1.967088 0.408187 -0.161925 0.863641 0.247561
0.478573 -0.009634 1.968878 0.407734 -0.167381 0.861855 0.250884
0.479599 -0.017629 1.970381 0.407407 -0.172495 0.860036 0.254168
0.480790 -0.025551 1.971956 0.407211 -0.177372 0.858171 0.257409
0.482136 -0.034542 1.973677 0.406969 -0.182510 0.856061 0.261202
0.483359 -0.043741 1.975083 0.406758 -0.187506 0.853830 0.265264
0.484402 -0.052265 1.976228 0.406667 -0.191960 0.851657 0.269172
0.485430 -0.060044 1.977260 0.406629 -0.195883 0.849694 0.272584
0.486645 -0.068870 1.978577 0.406286 -0.200795 0.847639 0.275900
0.487741 -0.077905 1.979647 0.406059 -0.205367 0.845453 0.279552
0.488640 -0.086260 1.980467 0.405938 -0.209449 0.843369 0.282973
0.489411 -0.093564 1.981117 0.405928 -0.212798 0.841484 0.286084
0.490444 -0.101483 1.982053 0.405933 -0.215989 0.839260 0.290190
0.491305 -0.109603 1.982865 0.405970 -0.219046 0.837090 0.294086
0.492004 -0.116912 1.983444 0.406183 -0.221255 0.835122 0.297714
0.492521 -0.123225 1.983947 0.406285 -0.223290 0.833470 0.300670
0.493097 -0.129809 1.984725 0.405819 -0.226556 0.831966 0.303009
0.493673 -0.137059 1.985533 0.405308 -0.230117 0.830486 0.305063
0.494184 -0.143758 1.986116 0.405022 -0.233250 0.829059 0.306943
0.494637 -0.149529 1.986522 0.404931 -0.235703 0.827748 0.308719
0.495186 -0.155039 1.986980 0.404739 -0.238250 0.826328 0.310813
0.495842 -0.161934 1.987604 0.404423 -0.241154 0.824522 0.313766
0.496344 -0.168593 1.988072 0.404306 -0.243491 0.822868 0.316443
0.496783 -0.174468 1.988377 0.404344 -0.245470 0.821354 0.318793
0.497205 -0.179561 1.988618 0.404380 -0.247241 0.819971 0.320930
0.497854 -0.185673 1.989086 0.403865 -0.250200 0.818299 0.323541
0.498386 -0.191704 1.989428 0.403527 -0.252681 0.816796 0.325825
0.498859 -0.197030 1.989611 0.403393 -0.254706 0.815424 0.327844
0.499268 -0.201545 1.989711 0.403361 -0.256322 0.814210 0.329638
0.499789 -0.206489 1.990002 0.403063 -0.258739 0.812815 0.331552
0.500211 -0.211732 1.990312 0.402923 -0.260686 0.811443 0.333553
0.500545 -0.216478 1.990534 0.402809 -0.262583 0.810260 0.335072
0.500869 -0.220516 1.990640 0.402844 -0.264074 0.809185 0.336456
0.501278 -0.224526 1.990822 0.402541 -0.266268 0.808140 0.337599
0.501720 -0.229336 1.991069 0.402049 -0.268828 0.807017 0.338840
0.502047 -0.233840 1.991227 0.401655 -0.271154 0.806054 0.339742
0.502362 -0.237738 1.991264 0.401442 -0.273097 0.805157 0.340565
0.502677 -0.241156 1.991274 0.401276 -0.274895 0.804345 0.341232
0.502984 -0.245146 1.991533 0.400829 -0.277397 0.803600 0.341488
0.503167 -0.248929 1.991783 0.400460 -0.279564 0.802988 0.341593
0.503354 -0.252222 1.991931 0.400209 -0.281505 0.802422 0.341622
0.503547 -0.254995 1.992001 0.400086 -0.283094 0.801872 0.341748
0.503817 -0.257837 1.991902 0.399909 -0.284403 0.801280 0.342255
0.503955 -0.260687 1.991764 0.399802 -0.285163 0.800706 0.343088
0.504023 -0.263248 1.991630 0.399696 -0.285864 0.800230 0.343739
0.504111 -0.265458 1.991456 0.399653 -0.286521 0.799785 0.344277
0.504307 -0.267359 1.991111 0.399743 -0.286867 0.799491 0.344568
0.504364 -0.269246 1.990760 0.399568 -0.287376 0.799281 0.344830
0.504355 -0.270966 1.990461 0.399494 -0.287658 0.799044 0.345234
0.504366 -0.272444 1.990162 0.399479 -0.287854 0.798839 0.345562
0.504383 -0.273710 1.989764 0.399517 -0.288041 0.798846 0.345344
0.504227 -0.274890 1.989189 0.399528 -0.288076 0.799330 0.344181
0.503985 -0.276079 1.988704 0.399442 -0.288258 0.799717 0.343228
0.503820 -0.277143 1.988195 0.399464 -0.288356 0.800001 0.342459
0.503735 -0.278053 1.987677 0.399564 -0.288399 0.800190 0.341864
0.503334 -0.278359 1.986656 0.399664 -0.287767 0.800824 0.340795
0.503048 -0.278350 1.985721 0.399672 -0.287279 0.801390 0.339864
0.502858 -0.278289 1.984888 0.399706 -0.286915 0.801829 0.339096
0.502764 -0.278223 1.984094 0.399822 -0.286561 0.802158 0.338476
0.502397 -0.277870 1.982988 0.400112 -0.285609 0.802845 0.337309
0.502014 -0.277188 1.981692 0.400435 -0.284513 0.803661 0.335906
0.501757 -0.276479 1.980580 0.400704 -0.283625 0.804348 0.334689
0.501581 -0.275836 1.979607 0.400956 -0.282897 0.804913 0.333646
0.501122 -0.275122 1.978592 0.401303 -0.281836 0.805442 0.332847
0.500305 -0.273676 1.977095 0.402051 -0.279726 0.806232 0.331809
0.499716 -0.272125 1.975847 0.402557 -0.278090 0.807017 0.330661
0.499101 -0.270694 1.974972 0.402608 -0.276956 0.807963 0.329240
0.498584 -0.269386 1.974224 0.402669 -0.275963 0.808811 0.327914
0.496978 -0.267531 1.973007 0.403071 -0.273361 0.809665 0.327490
0.495888 -0.265177 1.971832 0.403867 -0.269884 0.810578 0.327137
0.495057 -0.263038 1.970830 0.404480 -0.267291 0.811267 0.326798
0.494329 -0.261244 1.970009 0.404921 -0.265269 0.811863 0.326419
0.492571 -0.259269 1.968822 0.405725 -0.263080 0.812134 0.326519
0.490367 -0.256733 1.968023 0.406286 -0.260899 0.812705 0.326149
0.488410 -0.254311 1.967651 0.406441 -0.259318 0.813430 0.325411
0.486701 -0.252131 1.967464 0.406431 -0.257964 0.814207 0.324555
0.484622 -0.249918 1.967171 0.406603 -0.256284 0.814701 0.324430
0.481644 -0.246355 1.967197 0.406708 -0.253507 0.815561 0.324318
0.479024 -0.242579 1.967772 0.406283 -0.251194 0.816882 0.323324
0.476794 -0.239024 1.968465 0.405744 -0.249147 0.818271 0.322072
0.474760 -0.235885 1.969035 0.405275 -0.247276 0.819502 0.320972
0.471025 -0.232064 1.969103 0.405079 -0.244603 0.820548 0.320594
0.467413 -0.227875 1.969631 0.404472 -0.242871 0.821932 0.319128
0.464368 -0.223473 1.970393 0.403725 -0.241219 0.823626 0.316953
0.461879 -0.219224 1.971147 0.403022 -0.239350 0.825421 0.314588
0.458491 -0.214877 1.971503 0.402938 -0.236229 0.826266 0.314834
0.454646 -0.210228 1.972117 0.402576 -0.233424 0.827262 0.314774
0.451299 -0.205332 1.972966 0.402026 -0.231173 0.828642 0.313510
0.448545 -0.200427 1.973859 0.401435 -0.228914 0.830254 0.311652
0.445522 -0.195776 1.974491 0.401192 -0.226078 0.831206 0.311497
0.441041 -0.191217 1.975084 0.400717 -0.223395 0.831721 0.312667
0.436679 -0.186848 1.975911 0.399847 -0.221874 0.832596 0.312535
0.432882 -0.182375 1.976796 0.399011 -0.220828 0.833730 0.311318
0.429570 -0.177660 1.977611 0.398369 -0.219682 0.834891 0.309839
0.424895 -0.172806 1.978319 0.397377 -0.217946 0.835146 0.311645
0.420124 -0.168183 1.979047 0.396038 -0.217071 0.835810 0.312179
0.415910 -0.163561 1.979796 0.394835 -0.216566 0.836740 0.311561
0.412352 -0.158728 1.980491 0.393904 -0.216031 0.837919 0.309938
0.408006 -0.153839 1.980915 0.393033 -0.215240 0.837957 0.311487
0.403310 -0.149171 1.981212 0.391884 -0.214950 0.838088 0.312780
0.399177 -0.144467 1.981554 0.390896 -0.214794 0.838596 0.312761
0.395662 -0.139548 1.981895 0.390161 -0.214458 0.839458 0.311597
0.392056 -0.134488 1.982103 0.389705 -0.213930 0.839636 0.312051
0.387901 -0.129393 1.982254 0.389018 -0.213529 0.839353 0.313938
0.384245 -0.124077 1.982499 0.388383 -0.212933 0.839688 0.314232
0.381116 -0.118519 1.982766 0.387934 -0.212024 0.840501 0.313226
0.378209 -0.112831 1.982990 0.387657 -0.211087 0.841199 0.312327
