0.297149 0.227636 1.772782 0.573570 -0.157013 0.802495 0.048634
0.296211 0.226735 1.776296 0.571130 -0.153351 0.804740 0.051841
0.295480 0.225264 1.780496 0.568103 -0.150870 0.807212 0.053901
0.294920 0.223542 1.784229 0.565800 -0.148411 0.809047 0.057337
0.294515 0.221908 1.787345 0.564221 -0.145484 0.810328 0.062104
0.294266 0.220393 1.790725 0.561579 -0.142463 0.812468 0.065026
0.294266 0.217866 1.795326 0.557418 -0.141318 0.815485 0.065565
0.294412 0.214764 1.799539 0.554158 -0.140696 0.817627 0.067817
0.294657 0.211743 1.803071 0.551836 -0.139624 0.819045 0.071748
0.295116 0.209267 1.806471 0.549157 -0.137979 0.820860 0.074674
0.296015 0.206760 1.811059 0.545069 -0.137476 0.823698 0.074307
0.296836 0.203770 1.815363 0.541793 -0.137389 0.825758 0.075556
0.297606 0.200859 1.819019 0.539419 -0.136789 0.827128 0.078579
0.298310 0.198518 1.822345 0.536752 -0.135121 0.828817 0.081867
0.298936 0.197209 1.826873 0.531217 -0.132055 0.832778 0.082767
0.299540 0.195479 1.831256 0.526940 -0.129658 0.835678 0.084657
0.300258 0.193375 1.835165 0.524123 -0.127750 0.837434 0.087626
0.301126 0.191237 1.838717 0.522176 -0.125376 0.838535 0.092050
0.302101 0.190900 1.842765 0.517497 -0.117110 0.841599 0.100954
0.302942 0.190538 1.846445 0.512922 -0.108889 0.844373 0.109944
0.303856 0.189722 1.849685 0.509751 -0.101968 0.845983 0.118616
0.304892 0.188506 1.852596 0.507742 -0.096350 0.846684 0.126656
0.306159 0.188608 1.856287 0.503011 -0.086565 0.848894 0.137347
0.307420 0.188213 1.859714 0.498297 -0.078362 0.850989 0.146208
0.308769 0.187068 1.862738 0.495028 -0.072910 0.852241 0.152695
0.310171 0.185322 1.865447 0.493004 -0.069700 0.852852 0.157268
0.311737 0.185044 1.869219 0.488423 -0.064671 0.855345 0.160139
0.313472 0.184908 1.872943 0.484589 -0.058830 0.857248 0.163826
0.315231 0.184174 1.876205 0.482196 -0.054630 0.858348 0.166555
0.316921 0.182798 1.879137 0.480846 -0.052282 0.858945 0.168128
0.319038 0.181996 1.882593 0.478199 -0.049001 0.860480 0.168817
0.321632 0.180883 1.885932 0.476079 -0.045155 0.861479 0.170777
0.324180 0.178897 1.888877 0.475140 -0.043221 0.861832 0.172101
0.326547 0.176282 1.891575 0.474981 -0.042899 0.861818 0.172691
0.329036 0.174013 1.894954 0.473669 -0.041933 0.862588 0.172690
0.331609 0.171293 1.898855 0.471678 -0.041011 0.863637 0.173120
0.333991 0.167709 1.902494 0.470561 -0.041885 0.864206 0.173106
0.336155 0.163639 1.905853 0.470125 -0.043995 0.864428 0.172658
0.338565 0.159910 1.909385 0.469649 -0.045891 0.864824 0.171474
0.341419 0.156340 1.913098 0.469083 -0.046954 0.865192 0.170876
0.344049 0.152205 1.916463 0.469129 -0.049143 0.865187 0.170161
0.346391 0.147747 1.919551 0.469576 -0.052192 0.864961 0.169170
0.348759 0.143385 1.922700 0.469770 -0.055557 0.865041 0.167135
0.351648 0.138788 1.926084 0.469476 -0.058510 0.865322 0.165489
0.354348 0.133486 1.929139 0.469743 -0.062505 0.865130 0.164270
0.356618 0.128133 1.931873 0.470058 -0.066906 0.864792 0.163414
0.358697 0.123323 1.934357 0.470113 -0.070991 0.864627 0.162403
0.361435 0.118964 1.936619 0.470004 -0.073831 0.864470 0.162288
0.364001 0.114607 1.938349 0.470296 -0.076698 0.863949 0.162883
0.366183 0.110606 1.939761 0.470638 -0.079423 0.863378 0.163616
0.368114 0.107252 1.941069 0.470784 -0.081891 0.863060 0.163656
0.370633 0.104855 1.942954 0.470288 -0.083061 0.863387 0.162770
0.372838 0.102387 1.944626 0.469885 -0.084298 0.863536 0.162499
0.374656 0.100053 1.946069 0.469528 -0.085598 0.863615 0.162436
0.376196 0.098039 1.947346 0.469156 -0.086821 0.863747 0.162159
0.378764 0.096674 1.948953 0.468950 -0.086552 0.864092 0.161054
0.381217 0.094754 1.950315 0.469080 -0.086725 0.864018 0.160984
0.383288 0.092650 1.951486 0.469241 -0.087385 0.863825 0.161191
0.384986 0.090646 1.952514 0.469333 -0.088201 0.863637 0.161485
0.387667 0.089469 1.953506 0.469808 -0.087748 0.863566 0.160732
0.390456 0.088137 1.954062 0.470791 -0.087049 0.863017 0.161183
0.392868 0.086733 1.954429 0.471754 -0.086714 0.862399 0.161858
0.394868 0.085423 1.954739 0.472529 -0.086577 0.861862 0.162524
0.397655 0.084309 1.955123 0.473436 -0.086549 0.861538 0.161616
0.400775 0.082420 1.955201 0.474922 -0.086871 0.860622 0.161962
0.403485 0.080197 1.955186 0.476287 -0.087641 0.859648 0.162714
0.405436 0.078570 1.955346 0.476530 -0.087665 0.859474 0.162904
0.407988 0.077357 1.955775 0.477110 -0.087543 0.859222 0.162604
0.410857 0.075754 1.956180 0.477893 -0.087460 0.858714 0.163033
0.412926 0.073975 1.956589 0.477929 -0.087898 0.858630 0.163134
0.414323 0.071956 1.957151 0.477583 -0.089318 0.858708 0.162962
0.416113 0.070111 1.957803 0.477087 -0.089809 0.859004 0.162587
0.419141 0.067759 1.957880 0.477824 -0.089226 0.858452 0.163659
0.422143 0.064978 1.957489 0.479251 -0.089218 0.857284 0.165599
0.424338 0.062147 1.957300 0.479838 -0.089918 0.856618 0.166960
0.426174 0.059260 1.957724 0.479412 -0.091141 0.856651 0.167352
0.429185 0.055882 1.958131 0.479767 -0.091539 0.856089 0.168985
0.432242 0.052111 1.958035 0.481025 -0.092348 0.854772 0.171616
0.434692 0.048435 1.957953 0.481884 -0.093629 0.853699 0.173834
0.436453 0.044807 1.958311 0.481615 -0.095249 0.853424 0.175049
0.439123 0.040577 1.958651 0.481830 -0.095388 0.852713 0.177824
0.441716 0.035959 1.958618 0.482579 -0.095913 0.851512 0.181230
0.443523 0.031189 1.958778 0.482670 -0.097834 0.850721 0.183663
0.444962 0.026772 1.959176 0.482308 -0.099714 0.850323 0.185439
0.447430 0.021423 1.959392 0.482548 -0.100906 0.849413 0.188312
0.449889 0.015102 1.959187 0.483336 -0.102892 0.847831 0.192309
0.451402 0.008568 1.959337 0.483080 -0.105910 0.846880 0.195474
0.452553 0.002569 1.959677 0.482606 -0.108777 0.846175 0.198110
0.454544 -0.003711 1.960387 0.482403 -0.111015 0.845417 0.200582
0.456713 -0.010783 1.960810 0.483043 -0.113635 0.843729 0.204642
0.458216 -0.017826 1.961190 0.483083 -0.116664 0.842420 0.208203
0.459176 -0.024244 1.961670 0.482696 -0.119516 0.841481 0.211260
0.460823 -0.030732 1.962474 0.482783 -0.121633 0.840212 0.214875
0.462404 -0.038062 1.963098 0.482952 -0.124164 0.838561 0.219446
0.463326 -0.045936 1.963610 0.482504 -0.127432 0.837127 0.223987
0.463833 -0.053573 1.964122 0.481950 -0.131046 0.835757 0.228168
0.464384 -0.061298 1.964749 0.481253 -0.134823 0.834596 0.231666
0.465032 -0.069582 1.965325 0.480670 -0.138402 0.833135 0.235981
0.465540 -0.077725 1.965819 0.480204 -0.141834 0.831514 0.240568
0.465897 -0.084998 1.966271 0.479878 -0.144934 0.829948 0.244740
0.466369 -0.091996 1.966870 0.479389 -0.148191 0.828736 0.247834
0.466985 -0.099674 1.967470 0.478990 -0.151273 0.827263 0.251634
0.467439 -0.107320 1.967954 0.478693 -0.154172 0.825597 0.255879
0.467721 -0.114190 1.968385 0.478492 -0.156806 0.823990 0.259802
0.468141 -0.120619 1.969098 0.478095 -0.159644 0.822632 0.263089
0.468867 -0.127572 1.970036 0.477790 -0.162299 0.820978 0.267154
0.469437 -0.134584 1.970768 0.477593 -0.164575 0.819111 0.271804
0.469808 -0.140976 1.971371 0.477443 -0.166543 0.817343 0.276158
0.470173 -0.146919 1.972061 0.477111 -0.168859 0.815969 0.279366
0.470796 -0.153575 1.972807 0.476871 -0.171207 0.814476 0.282688
0.471260 -0.160273 1.973338 0.476783 -0.173136 0.812731 0.286653
0.471499 -0.166357 1.973783 0.476721 -0.174898 0.811061 0.290390
0.471759 -0.171881 1.974418 0.476358 -0.177271 0.809858 0.292896
0.472410 -0.178195 1.975429 0.475782 -0.181014 0.808662 0.294839
0.472878 -0.184735 1.976149 0.475455 -0.183861 0.807047 0.298015
0.473071 -0.190947 1.976704 0.475152 -0.186256 0.805417 0.301401
0.473253 -0.196528 1.977342 0.474762 -0.188695 0.804038 0.304168
0.474282 -0.202308 1.978373 0.474545 -0.191622 0.802474 0.306796
0.474893 -0.208379 1.979030 0.474292 -0.194150 0.800729 0.310140
0.475293 -0.213891 1.979498 0.474165 -0.195902 0.799053 0.313533
0.475583 -0.218697 1.979944 0.473980 -0.197594 0.797612 0.316410
0.476114 -0.224218 1.980610 0.473142 -0.200983 0.796502 0.318320
0.476618 -0.229351 1.981063 0.472669 -0.203617 0.795240 0.320496
0.477002 -0.233714 1.981392 0.472321 -0.205593 0.794111 0.322542
0.477313 -0.237364 1.981672 0.472025 -0.207225 0.793138 0.324317
0.477767 -0.241839 1.982272 0.471153 -0.210056 0.792246 0.325940
0.478248 -0.246298 1.982639 0.470787 -0.212208 0.790976 0.328153
0.478584 -0.250177 1.982883 0.470431 -0.213975 0.789920 0.330053
0.478822 -0.253452 1.983091 0.470095 -0.215428 0.789031 0.331709
0.479126 -0.256918 1.983543 0.469553 -0.217254 0.788339 0.332928
0.479519 -0.260225 1.983929 0.469380 -0.218493 0.787478 0.334397
0.479853 -0.263022 1.984197 0.469253 -0.219431 0.786748 0.335677
0.480121 -0.265348 1.984417 0.469094 -0.220234 0.786183 0.336697
0.480361 -0.267469 1.984729 0.468590 -0.221455 0.785852 0.337367
0.480696 -0.269368 1.984950 0.468114 -0.222721 0.785574 0.337845
0.481017 -0.270924 1.985103 0.467770 -0.223679 0.785280 0.338370
0.481292 -0.272204 1.985236 0.467491 -0.224439 0.785009 0.338879
0.481439 -0.273360 1.985280 0.467190 -0.225095 0.784945 0.339010
0.481481 -0.274559 1.985157 0.466923 -0.225646 0.784994 0.338896
0.481496 -0.275646 1.985005 0.466724 -0.226067 0.784985 0.338912
0.481496 -0.276586 1.984866 0.466561 -0.226403 0.784953 0.338987
0.481397 -0.277354 1.984750 0.466546 -0.226419 0.784867 0.339194
0.481198 -0.278167 1.984572 0.466954 -0.226379 0.784368 0.339815
0.480993 -0.279061 1.984348 0.467385 -0.226620 0.783726 0.340542
0.480790 -0.279863 1.984151 0.467723 -0.226850 0.783179 0.341183
0.480325 -0.280461 1.983851 0.468204 -0.226933 0.782637 0.341710
0.479107 -0.280604 1.983753 0.468778 -0.226564 0.782288 0.341967
0.477792 -0.280677 1.984102 0.468807 -0.226426 0.782336 0.341909
0.476529 -0.280776 1.984594 0.468593 -0.226488 0.782514 0.341754
0.475033 -0.280761 1.984916 0.468415 -0.226584 0.782640 0.341646
0.472327 -0.279686 1.984996 0.468545 -0.225667 0.782859 0.341573
0.469887 -0.278296 1.985552 0.468200 -0.224691 0.783621 0.340940
0.467781 -0.276968 1.986207 0.467701 -0.223907 0.784479 0.340168
0.465803 -0.275760 1.986711 0.467315 -0.223302 0.785136 0.339580
0.462370 -0.273569 1.986878 0.467579 -0.222013 0.785392 0.339468
0.459194 -0.271036 1.987692 0.467165 -0.220633 0.786436 0.338521
0.456433 -0.268710 1.988625 0.466511 -0.219522 0.787634 0.337360
0.454023 -0.266741 1.989439 0.465888 -0.218728 0.788667 0.336320
0.449835 -0.264022 1.989711 0.466041 -0.217179 0.788785 0.336834
0.445811 -0.260758 1.990672 0.465525 -0.215586 0.789797 0.336201
0.442346 -0.257635 1.991811 0.464680 -0.214163 0.791145 0.335108
0.439404 -0.254940 1.992830 0.463850 -0.213062 0.792397 0.334001
0.435123 -0.251975 1.992968 0.463822 -0.211370 0.792449 0.334986
0.430341 -0.248732 1.993287 0.463509 -0.209966 0.792658 0.335807
0.425838 -0.245249 1.994263 0.462626 -0.208934 0.793422 0.335864
0.421911 -0.241793 1.995511 0.461377 -0.207922 0.794688 0.335218
0.417585 -0.238328 1.995849 0.460770 -0.206878 0.795327 0.335182
0.412922 -0.234788 1.995607 0.460622 -0.205938 0.795505 0.335543
0.408291 -0.231317 1.995659 0.460193 -0.205561 0.795838 0.335570
0.403982 -0.227607 1.996331 0.459300 -0.205356 0.796722 0.334823
0.399811 -0.223543 1.996464 0.459099 -0.204517 0.797331 0.334161
0.395468 -0.219619 1.995641 0.459909 -0.203220 0.797012 0.334600
0.391157 -0.215878 1.995117 0.460406 -0.202514 0.796850 0.334729
0.386987 -0.211929 1.995408 0.460196 -0.201959 0.797334 0.334202
0.382785 -0.207652 1.995566 0.459739 -0.201617 0.798119 0.333161
0.378451 -0.203271 1.994480 0.460221 -0.200853 0.797954 0.333352
0.374376 -0.198846 1.993695 0.460621 -0.200061 0.797964 0.333253
0.370427 -0.194167 1.993778 0.460337 -0.199218 0.798643 0.332522
0.366309 -0.189215 1.994080 0.459642 -0.198780 0.799662 0.331296
0.362255 -0.184097 1.992633 0.460548 -0.197989 0.799110 0.331842
0.358681 -0.178726 1.991480 0.461511 -0.196606 0.798792 0.332092
0.355164 -0.173057 1.991240 0.461667 -0.194923 0.799356 0.331509
0.351368 -0.167218 1.991545 0.461004 -0.193684 0.800603 0.330146
0.347307 -0.161355 1.990305 0.461390 -0.192861 0.800370 0.330655
0.343697 -0.155172 1.989371 0.461843 -0.191092 0.800474 0.330797
0.340074 -0.148763 1.989321 0.461513 -0.188948 0.801499 0.330006
0.336260 -0.142283 1.990025 0.460352 -0.187181 0.803320 0.328201
0.332452 -0.135712 1.989772 0.459890 -0.186858 0.803751 0.327980
0.328985 -0.128625 1.989737 0.459466 -0.185086 0.804617 0.327453
0.325400 -0.121328 1.990450 0.458343 -0.182700 0.806402 0.325973
0.321670 -0.114057 1.991765 0.456554 -0.180376 0.808985 0.323366
0.318015 -0.106777 1.992080 0.455614 -0.180123 0.809834 0.322709
0.314560 -0.098845 1.992464 0.454741 -0.178045 0.811025 0.322103
0.310973 -0.090733 1.993436 0.453234 -0.175241 0.813196 0.320285
0.307550 -0.082743 1.994603 0.451533 -0.172233 0.815976 0.317234
0.303978 -0.075222 1.994950 0.450589 -0.171993 0.817279 0.315344
0.300411 -0.067481 1.995211 0.449714 -0.170689 0.818622 0.313815
0.297120 -0.059705 1.995588 0.448759 -0.168557 0.820612 0.311125
