0.389974 0.240387 1.687475 0.554788 -0.367971 0.714283 -0.215891
0.387196 0.241687 1.688494 0.556274 -0.362166 0.717452 -0.211325
0.383428 0.242489 1.689443 0.558788 -0.354469 0.721919 -0.202335
0.379827 0.243879 1.690088 0.560761 -0.347284 0.725719 -0.195635
0.376656 0.245417 1.690618 0.562269 -0.341032 0.728849 -0.190603
0.373828 0.246697 1.691165 0.563875 -0.335114 0.731790 -0.185004
0.370334 0.247011 1.692076 0.566231 -0.327542 0.736089 -0.173987
0.367118 0.247470 1.692913 0.567694 -0.321098 0.739729 -0.165592
0.364339 0.247975 1.693690 0.568622 -0.315775 0.742718 -0.159139
0.361833 0.248296 1.694531 0.569641 -0.310838 0.745483 -0.152130
0.358309 0.248187 1.696116 0.570881 -0.304564 0.749339 -0.140804
0.354822 0.248612 1.697752 0.571297 -0.298945 0.752745 -0.132766
0.351687 0.249262 1.699284 0.571323 -0.294151 0.755621 -0.126896
0.348904 0.249949 1.700645 0.571743 -0.289005 0.758354 -0.120352
0.345967 0.250434 1.702236 0.574167 -0.281589 0.761073 -0.108664
0.343174 0.250747 1.704299 0.575764 -0.276579 0.762786 -0.100782
0.340664 0.250938 1.706394 0.576682 -0.272974 0.764093 -0.095308
0.338333 0.250986 1.708401 0.577294 -0.269643 0.765467 -0.089916
0.335122 0.250736 1.711386 0.577455 -0.264349 0.768161 -0.081208
0.331961 0.250796 1.714356 0.577108 -0.259168 0.770896 -0.074150
0.329160 0.250930 1.716905 0.576593 -0.254964 0.773159 -0.068975
0.326671 0.250999 1.719147 0.576231 -0.251080 0.775143 -0.063791
0.323753 0.251065 1.721878 0.575993 -0.245603 0.777679 -0.055904
0.321004 0.251454 1.724378 0.575666 -0.239951 0.780162 -0.048775
0.318604 0.251868 1.726460 0.575286 -0.235230 0.782203 -0.043254
0.316500 0.252176 1.728399 0.575223 -0.230379 0.784014 -0.036963
0.314014 0.252264 1.731348 0.574972 -0.224497 0.786245 -0.028736
0.311533 0.252326 1.734368 0.574129 -0.220154 0.788265 -0.023335
0.309333 0.252382 1.737018 0.573228 -0.216835 0.789944 -0.019511
0.307478 0.252468 1.739435 0.572946 -0.212488 0.791446 -0.013962
0.305771 0.252659 1.742304 0.573041 -0.206177 0.793147 -0.005765
0.304187 0.252763 1.744979 0.572736 -0.201464 0.794598 0.000135
0.302817 0.252814 1.747270 0.572328 -0.197882 0.795777 0.004569
0.301580 0.252806 1.749659 0.572027 -0.193030 0.797135 0.009993
0.300322 0.252263 1.753409 0.570867 -0.187070 0.799292 0.015776
0.299239 0.251323 1.756967 0.569429 -0.183321 0.801091 0.019917
0.298355 0.250353 1.759969 0.568089 -0.180732 0.802542 0.023184
0.297684 0.249596 1.762840 0.566833 -0.176817 0.804173 0.027222
0.297450 0.248765 1.766358 0.565132 -0.170642 0.806494 0.032791
0.297446 0.247553 1.769411 0.563592 -0.166237 0.808268 0.037851
0.297539 0.246315 1.771911 0.562236 -0.163144 0.809632 0.042085
0.297765 0.245414 1.774469 0.560734 -0.159043 0.811292 0.045712
0.298394 0.244466 1.778105 0.558463 -0.153465 0.813735 0.049017
0.299115 0.243008 1.781390 0.556727 -0.148893 0.815488 0.053532
0.299836 0.241482 1.784116 0.555298 -0.145651 0.816771 0.057572
0.300591 0.240263 1.787035 0.553512 -0.141744 0.818452 0.060571
0.301520 0.238675 1.791478 0.550670 -0.137391 0.820956 0.062585
0.302407 0.236479 1.795653 0.548393 -0.134166 0.822750 0.065939
0.303246 0.234258 1.799182 0.546536 -0.132075 0.824061 0.069120
0.304234 0.232611 1.802662 0.544343 -0.128216 0.825891 0.071799
0.305681 0.230789 1.807176 0.541456 -0.122923 0.828341 0.074606
0.307078 0.228287 1.811340 0.539036 -0.119973 0.830096 0.077374
0.308369 0.225724 1.814859 0.537073 -0.118478 0.831363 0.079699
0.309863 0.223925 1.818369 0.534695 -0.114230 0.833137 0.083278
0.312050 0.222145 1.822667 0.531658 -0.108617 0.835441 0.087058
0.314262 0.219429 1.826666 0.529507 -0.106107 0.836833 0.089854
0.316259 0.216460 1.830159 0.527852 -0.105285 0.837736 0.092119
0.318404 0.214357 1.833583 0.525852 -0.102544 0.839011 0.094999
0.321039 0.212684 1.837444 0.523528 -0.098466 0.840614 0.097932
0.323555 0.210300 1.841027 0.522085 -0.096730 0.841489 0.099833
0.325778 0.207600 1.844264 0.521107 -0.096521 0.841961 0.101158
0.328013 0.205643 1.847425 0.519410 -0.094521 0.843080 0.102443
0.330641 0.203845 1.850772 0.517381 -0.091302 0.844512 0.103833
0.333163 0.201297 1.853865 0.516250 -0.090214 0.845222 0.104631
0.335373 0.198457 1.856667 0.515504 -0.090462 0.845585 0.105158
0.337773 0.196349 1.859511 0.514269 -0.088971 0.846399 0.105923
0.340712 0.194127 1.862620 0.512983 -0.086723 0.847270 0.107054
0.343443 0.191118 1.865527 0.512327 -0.086500 0.847588 0.107859
0.345784 0.187951 1.868123 0.511867 -0.087298 0.847700 0.108515
0.348539 0.185658 1.870918 0.511105 -0.086852 0.848152 0.108930
0.351802 0.183374 1.874058 0.510131 -0.085897 0.848720 0.109826
0.354664 0.180638 1.876846 0.509411 -0.086160 0.849004 0.110763
0.357080 0.177943 1.879244 0.508853 -0.086940 0.849148 0.111611
0.359566 0.175947 1.881901 0.507870 -0.086369 0.849697 0.112357
0.362051 0.173805 1.885093 0.506401 -0.085684 0.850546 0.113080
0.364122 0.171333 1.888032 0.505099 -0.086066 0.851203 0.113669
0.365833 0.168943 1.890589 0.503998 -0.086850 0.851709 0.114177
0.367739 0.167146 1.893158 0.502485 -0.086400 0.852566 0.114780
0.369913 0.165101 1.895666 0.500869 -0.085658 0.853411 0.116111
0.371865 0.162769 1.897795 0.499663 -0.085768 0.853912 0.117531
0.373528 0.160529 1.899595 0.498713 -0.086233 0.854241 0.118836
0.375322 0.158770 1.901741 0.497580 -0.085664 0.854764 0.120224
0.377033 0.156621 1.904406 0.496111 -0.085440 0.855446 0.121595
0.378420 0.154191 1.906905 0.494767 -0.086120 0.855992 0.122741
0.379550 0.151868 1.909097 0.493603 -0.087090 0.856425 0.123721
0.380826 0.150149 1.911564 0.492057 -0.086462 0.857169 0.125167
0.382053 0.148277 1.914307 0.490179 -0.085738 0.858085 0.126743
0.383051 0.146237 1.916779 0.488542 -0.085787 0.858813 0.128086
0.383865 0.144317 1.918909 0.487160 -0.086138 0.859393 0.129231
0.384790 0.142785 1.921367 0.485469 -0.085664 0.860283 0.129975
0.385559 0.140844 1.924245 0.483448 -0.085703 0.861337 0.130502
0.386122 0.138678 1.926914 0.481625 -0.086480 0.862215 0.130936
0.386561 0.136618 1.929236 0.480068 -0.087467 0.862922 0.131340
0.386987 0.134977 1.931513 0.478145 -0.086554 0.863843 0.132894
0.387390 0.133236 1.933687 0.476165 -0.085522 0.864756 0.134720
0.387742 0.131469 1.935563 0.474541 -0.085103 0.865441 0.136312
0.388040 0.129861 1.937147 0.473209 -0.084972 0.865968 0.137666
0.388512 0.128400 1.938777 0.472056 -0.084033 0.866406 0.139436
0.388986 0.126421 1.940493 0.470968 -0.083698 0.866714 0.141386
0.389374 0.124265 1.942064 0.470034 -0.084083 0.866904 0.143094
0.389686 0.122230 1.943438 0.469241 -0.084729 0.867029 0.144552
0.390203 0.120641 1.944680 0.468525 -0.084485 0.867291 0.145440
0.390770 0.119094 1.945789 0.467963 -0.084220 0.867468 0.146347
0.391251 0.117619 1.946742 0.467511 -0.084255 0.867570 0.147163
0.391645 0.116316 1.947553 0.467133 -0.084410 0.867641 0.147857
0.392497 0.114974 1.948617 0.466950 -0.083830 0.867561 0.149224
0.393442 0.112762 1.949821 0.466833 -0.084175 0.867274 0.151049
0.394252 0.110233 1.950956 0.466741 -0.085281 0.866915 0.152768
0.394914 0.107791 1.951975 0.466640 -0.086607 0.866571 0.154277
0.396223 0.105660 1.952568 0.467054 -0.086722 0.866071 0.155759
0.397872 0.103254 1.952684 0.468017 -0.086884 0.865132 0.157980
0.399380 0.100857 1.952666 0.469007 -0.087406 0.864146 0.160141
0.400651 0.098690 1.952641 0.469847 -0.088043 0.863276 0.162009
0.402304 0.096875 1.952425 0.470383 -0.087475 0.862905 0.162734
0.404131 0.094680 1.951941 0.471246 -0.087108 0.862192 0.164211
0.405767 0.092420 1.951457 0.472146 -0.087251 0.861385 0.165778
0.407135 0.090343 1.951062 0.472916 -0.087613 0.860654 0.167182
0.409280 0.088415 1.950436 0.474146 -0.087321 0.860009 0.167167
0.411606 0.085867 1.949585 0.475827 -0.087554 0.858863 0.168154
0.413651 0.083187 1.948807 0.477402 -0.088326 0.857671 0.169370
0.415346 0.080696 1.948184 0.478715 -0.089274 0.856616 0.170501
0.417668 0.078676 1.947364 0.480297 -0.088196 0.855632 0.171551
0.420041 0.076285 1.946327 0.482135 -0.087394 0.854291 0.173479
0.422097 0.073867 1.945386 0.483798 -0.087179 0.852983 0.175384
0.423618 0.072179 1.944769 0.484653 -0.086307 0.852383 0.176367
0.425495 0.070399 1.943974 0.486073 -0.085243 0.851629 0.176622
0.427221 0.068157 1.943221 0.487362 -0.084681 0.850824 0.177213
0.428680 0.065797 1.942628 0.488534 -0.084892 0.849958 0.178041
0.429892 0.063587 1.942177 0.489499 -0.085400 0.849203 0.178751
0.431056 0.061003 1.942088 0.489766 -0.086466 0.849249 0.177284
0.432012 0.058028 1.942213 0.489761 -0.087392 0.849308 0.176558
0.432930 0.055207 1.942310 0.489865 -0.088194 0.849194 0.176417
0.433787 0.052649 1.942354 0.490114 -0.089052 0.848930 0.176569
0.435039 0.049915 1.942241 0.490731 -0.088384 0.848602 0.176768
0.436172 0.046542 1.942172 0.491259 -0.088715 0.848138 0.177356
0.437025 0.043154 1.942256 0.491478 -0.089839 0.847818 0.177716
0.437712 0.039995 1.942395 0.491625 -0.091102 0.847496 0.178204
0.439057 0.036815 1.942511 0.492185 -0.090702 0.847086 0.178808
0.440260 0.033200 1.942612 0.492622 -0.091024 0.846605 0.179719
0.441213 0.029718 1.942778 0.492893 -0.091735 0.846164 0.180686
0.442035 0.026564 1.942953 0.493142 -0.092567 0.845742 0.181557
0.443344 0.022933 1.942973 0.493768 -0.092101 0.845285 0.182216
0.444663 0.018592 1.942850 0.494713 -0.092609 0.844325 0.183842
0.445681 0.014220 1.942811 0.495357 -0.094040 0.843479 0.185261
0.446400 0.010228 1.942964 0.495617 -0.095480 0.842917 0.186383
0.447758 0.005689 1.943471 0.496177 -0.095774 0.842172 0.188103
0.449028 0.000375 1.943947 0.496949 -0.097254 0.840960 0.190707
0.449970 -0.004821 1.944428 0.497477 -0.099254 0.839851 0.193174
0.450751 -0.009571 1.944881 0.497879 -0.101309 0.838869 0.195327
0.451966 -0.014701 1.945643 0.498306 -0.102491 0.837862 0.197922
0.452897 -0.020215 1.946337 0.498595 -0.104427 0.836799 0.200664
0.453517 -0.025422 1.946990 0.498677 -0.106593 0.835878 0.203144
0.454084 -0.030088 1.947616 0.498778 -0.108634 0.835009 0.205377
0.455344 -0.035230 1.948194 0.499198 -0.109933 0.834037 0.207601
0.456140 -0.040836 1.948684 0.499183 -0.112166 0.833232 0.209665
0.456628 -0.046165 1.949224 0.498992 -0.114701 0.832506 0.211623
0.457070 -0.050982 1.949795 0.498806 -0.117066 0.831792 0.213563
0.458041 -0.056634 1.950641 0.498677 -0.119279 0.830749 0.216678
0.458691 -0.062735 1.951414 0.498495 -0.122334 0.829537 0.220014
0.459083 -0.068490 1.952101 0.498319 -0.125492 0.828331 0.223155
0.459453 -0.073615 1.952791 0.498049 -0.128301 0.827362 0.225742
0.460508 -0.079142 1.953598 0.497846 -0.130367 0.826422 0.228432
0.461227 -0.084790 1.954257 0.497576 -0.132820 0.825425 0.231194
0.461693 -0.089960 1.954846 0.497303 -0.135276 0.824471 0.233747
0.462152 -0.094576 1.955454 0.497004 -0.137531 0.823651 0.235946
0.462964 -0.100195 1.956255 0.496594 -0.140210 0.822658 0.238683
0.463493 -0.106035 1.956938 0.496237 -0.143195 0.821478 0.241698
0.463835 -0.111347 1.957557 0.495919 -0.146057 0.820337 0.244497
0.464191 -0.116120 1.958169 0.495601 -0.148615 0.819282 0.247125
0.464869 -0.121996 1.958880 0.495118 -0.151468 0.818003 0.250573
0.465346 -0.127822 1.959490 0.494703 -0.154331 0.816657 0.254012
0.465681 -0.132954 1.960033 0.494360 -0.156912 0.815416 0.257067
0.466058 -0.137539 1.960577 0.494023 -0.159180 0.814306 0.259824
0.466733 -0.143133 1.961273 0.493576 -0.161496 0.813045 0.263173
0.467202 -0.148555 1.961864 0.493217 -0.163695 0.811762 0.266427
0.467535 -0.153279 1.962377 0.492921 -0.165654 0.810606 0.269268
0.467902 -0.157500 1.962920 0.492540 -0.167685 0.809616 0.271676
0.468553 -0.162452 1.963628 0.491880 -0.170719 0.808560 0.274114
0.469060 -0.167044 1.964192 0.491385 -0.173322 0.807497 0.276492
0.469443 -0.170949 1.964649 0.490997 -0.175385 0.806563 0.278601
0.469842 -0.174402 1.965084 0.490606 -0.177252 0.805614 0.280843
0.470432 -0.178250 1.965500 0.490085 -0.179533 0.804327 0.283976
0.470913 -0.181707 1.965811 0.489677 -0.181424 0.803155 0.286782
0.471297 -0.184622 1.966071 0.489345 -0.182974 0.802149 0.289167
0.471604 -0.187113 1.966384 0.489067 -0.184151 0.801198 0.291519
0.471840 -0.189544 1.966917 0.488855 -0.185076 0.800081 0.294343
0.472028 -0.191641 1.967437 0.488678 -0.185886 0.799104 0.296773
0.472181 -0.193368 1.967904 0.488503 -0.186575 0.798303 0.298777
0.472308 -0.194981 1.968360 0.488308 -0.187260 0.797564 0.300635
0.472313 -0.197095 1.968864 0.488098 -0.188030 0.796654 0.302898
0.472178 -0.199184 1.969362 0.487866 -0.188803 0.795806 0.305014
0.471968 -0.201064 1.969844 0.487590 -0.189603 0.795085 0.306830
0.471698 -0.202747 1.970379 0.487266 -0.190384 0.794414 0.308597
0.471299 -0.204444 1.971071 0.486874 -0.191355 0.793635 0.310615
0.470842 -0.206050 1.971735 0.486459 -0.192402 0.792934 0.312401
0.470376 -0.207492 1.972349 0.486033 -0.193422 0.792347 0.313920
0.469803 -0.208753 1.972941 0.485779 -0.193782 0.791576 0.316031
0.468899 -0.209970 1.973694 0.485524 -0.193356 0.790699 0.318866
