-0.008160 0.384819 1.493136 0.681484 0.052106 0.729788 -0.016558
-0.002557 0.381049 1.497375 0.680149 0.050068 0.731237 -0.013571
0.003842 0.377481 1.502449 0.678477 0.049953 0.732827 -0.011723
0.010629 0.373269 1.507209 0.677104 0.047259 0.734320 -0.008539
0.016806 0.369191 1.511229 0.675963 0.043883 0.735610 -0.004999
0.022272 0.365753 1.515034 0.674865 0.042964 0.736685 -0.002596
0.028788 0.362372 1.519978 0.673795 0.043217 0.737652 -0.001465
0.035401 0.358537 1.524481 0.672965 0.040948 0.738539 0.000960
0.041282 0.354841 1.528260 0.672230 0.038104 0.739352 0.003720
0.046548 0.351794 1.531861 0.671428 0.037643 0.740093 0.005383
0.052763 0.348838 1.536213 0.670547 0.038521 0.740846 0.005421
0.058900 0.345460 1.540071 0.669821 0.037348 0.741552 0.006742
0.064313 0.342182 1.543298 0.669161 0.035501 0.742219 0.008577
0.069165 0.339572 1.546609 0.668555 0.036046 0.742723 0.009840
0.074902 0.337278 1.550876 0.668079 0.037344 0.743097 0.009097
0.080821 0.334566 1.554650 0.667588 0.036893 0.743557 0.009377
0.086187 0.331733 1.557805 0.667081 0.035471 0.744065 0.010589
0.090914 0.329502 1.561086 0.666636 0.036160 0.744418 0.011374
0.095790 0.327949 1.565036 0.666249 0.037581 0.744720 0.009538
0.100950 0.326087 1.568477 0.665750 0.037504 0.745180 0.008761
0.106114 0.323831 1.571339 0.665221 0.036129 0.745711 0.009477
0.110701 0.321941 1.574351 0.664511 0.036998 0.746293 0.010054
0.115029 0.320703 1.577990 0.663540 0.039088 0.747078 0.007885
0.119520 0.319243 1.581220 0.662472 0.039781 0.748004 0.006196
0.124392 0.317326 1.583901 0.661437 0.039061 0.748957 0.006205
0.129048 0.315478 1.586776 0.660112 0.040197 0.750059 0.006923
0.133125 0.314130 1.590451 0.658152 0.042644 0.751653 0.005809
0.137384 0.312405 1.593969 0.656333 0.043427 0.753200 0.005455
0.142027 0.310199 1.597008 0.654760 0.042387 0.754623 0.006096
0.146519 0.308399 1.599829 0.653573 0.043215 0.755599 0.006663
0.150374 0.307391 1.603088 0.652461 0.044929 0.756470 0.005448
0.154383 0.305975 1.606270 0.651310 0.045337 0.757438 0.005188
0.158804 0.304024 1.608988 0.650310 0.044276 0.758353 0.006101
0.163056 0.302557 1.611536 0.649420 0.045511 0.759036 0.006694
0.166801 0.301898 1.614286 0.648357 0.048402 0.759767 0.006763
0.170786 0.300840 1.616710 0.647361 0.049919 0.760508 0.007708
0.175210 0.299169 1.618704 0.646617 0.049853 0.761122 0.009660
0.179494 0.297987 1.620767 0.645775 0.052913 0.761594 0.012226
0.183474 0.297185 1.623340 0.644948 0.055447 0.762101 0.013040
0.187718 0.295832 1.625725 0.644267 0.056069 0.762612 0.014154
0.192361 0.293823 1.627742 0.643841 0.055204 0.762994 0.016186
0.196891 0.292858 1.629880 0.643412 0.056257 0.763258 0.017117
0.201046 0.292576 1.632575 0.642847 0.056870 0.763713 0.015981
0.205363 0.291693 1.635114 0.642308 0.056145 0.764232 0.015401
0.210031 0.290044 1.637299 0.641963 0.054282 0.764644 0.016003
0.214621 0.289205 1.639389 0.641276 0.054983 0.765160 0.016473
0.219029 0.288563 1.641657 0.640376 0.055646 0.765868 0.016353
0.223637 0.287215 1.643727 0.639648 0.055015 0.766509 0.016970
0.228539 0.285098 1.645506 0.639170 0.053254 0.766994 0.018620
0.233503 0.284095 1.647140 0.638929 0.052845 0.767213 0.019002
0.238250 0.283404 1.648919 0.638518 0.052481 0.767586 0.018783
0.243086 0.282030 1.650571 0.638138 0.051196 0.767975 0.019318
0.248134 0.279870 1.652008 0.637903 0.049002 0.768273 0.020881
0.253231 0.278673 1.653322 0.637863 0.048202 0.768350 0.021111
0.258154 0.277505 1.654794 0.637635 0.047334 0.768593 0.021130
0.263149 0.275629 1.656173 0.637409 0.045609 0.768861 0.021968
0.268308 0.272995 1.657376 0.637291 0.043064 0.769052 0.023781
0.273650 0.271341 1.658121 0.637596 0.040978 0.768907 0.023969
0.278851 0.269642 1.658684 0.637803 0.039385 0.768794 0.024727
0.284072 0.267274 1.659183 0.637979 0.037259 0.768699 0.026382
0.289388 0.264219 1.659628 0.638185 0.034451 0.768571 0.028827
0.294960 0.262352 1.660269 0.638588 0.032042 0.768296 0.029982
0.300262 0.260489 1.661146 0.638596 0.029808 0.768339 0.031003
0.305496 0.257970 1.662000 0.638493 0.027154 0.768453 0.032701
0.310773 0.254779 1.662746 0.638418 0.023903 0.768523 0.034985
0.316135 0.252541 1.663278 0.638306 0.021782 0.768633 0.035973
0.321301 0.250152 1.663736 0.638039 0.020052 0.768831 0.037438
0.326432 0.247102 1.664138 0.637789 0.017864 0.768980 0.039697
0.331615 0.243425 1.664467 0.637631 0.014921 0.769032 0.042360
0.336976 0.240589 1.664272 0.637828 0.012476 0.768856 0.043349
0.342181 0.237589 1.663886 0.638042 0.010545 0.768607 0.045103
0.347295 0.233978 1.663517 0.638249 0.008208 0.768307 0.047689
0.352092 0.230143 1.663197 0.638567 0.005171 0.767901 0.050344
0.357270 0.226989 1.663002 0.638857 0.001956 0.767607 0.051357
0.362148 0.223518 1.662890 0.639096 -0.001405 0.767293 0.053050
0.366366 0.220139 1.662820 0.639321 -0.004655 0.766959 0.054970
0.370050 0.217311 1.662815 0.639428 -0.007472 0.766760 0.056168
0.374264 0.215244 1.663183 0.638955 -0.009249 0.767163 0.055785
0.378105 0.212882 1.663633 0.638493 -0.011370 0.767497 0.056082
0.381384 0.210610 1.664054 0.638098 -0.013415 0.767749 0.056677
0.384255 0.208736 1.664410 0.637740 -0.015136 0.768003 0.056834
0.387444 0.207249 1.664592 0.637397 -0.016016 0.768305 0.056361
0.390337 0.205554 1.664677 0.637192 -0.017073 0.768434 0.056606
0.392807 0.203938 1.664738 0.637042 -0.018110 0.768498 0.057105
0.395145 0.202775 1.664764 0.636929 -0.018920 0.768585 0.056912
0.398268 0.202243 1.664614 0.636886 -0.018727 0.768705 0.055846
0.401122 0.201366 1.664400 0.636937 -0.018857 0.768678 0.055593
0.403569 0.200418 1.664206 0.637001 -0.019135 0.768610 0.055694
0.405878 0.199723 1.664011 0.637074 -0.019142 0.768572 0.055379
0.408788 0.199027 1.663680 0.637234 -0.018439 0.768487 0.054967
0.411485 0.197839 1.663336 0.637457 -0.018388 0.768274 0.055366
0.413820 0.196562 1.663045 0.637660 -0.018617 0.768051 0.056038
0.416090 0.195669 1.662760 0.637998 -0.018866 0.767766 0.056010
0.418747 0.195350 1.662481 0.638559 -0.018615 0.767364 0.055217
0.421037 0.194916 1.662306 0.638976 -0.018570 0.767051 0.054742
0.422954 0.194479 1.662199 0.639278 -0.018606 0.766820 0.054443
0.424643 0.194173 1.662140 0.639309 -0.018881 0.766853 0.053518
0.426342 0.193846 1.661908 0.639071 -0.019068 0.767124 0.052404
0.427862 0.193379 1.661547 0.638987 -0.019211 0.767222 0.051934
0.429163 0.192908 1.661194 0.638955 -0.019319 0.767257 0.051757
0.430445 0.192506 1.660876 0.639084 -0.020318 0.767197 0.050669
0.431210 0.192897 1.660668 0.638961 -0.019808 0.767540 0.047107
0.431493 0.193913 1.660541 0.638700 -0.018434 0.768015 0.043313
0.431719 0.194970 1.660473 0.638492 -0.017287 0.768384 0.040188
0.431970 0.195786 1.660451 0.638243 -0.017972 0.768772 0.036236
0.432213 0.196514 1.660245 0.638024 -0.019293 0.769119 0.031774
0.432366 0.196456 1.660084 0.637885 -0.021340 0.769298 0.028776
0.432481 0.196275 1.659957 0.637752 -0.022950 0.769449 0.026336
0.432516 0.196161 1.660034 0.637665 -0.026134 0.769540 0.022566
0.432497 0.196193 1.660151 0.637803 -0.030025 0.769394 0.018407
0.432503 0.196178 1.660231 0.637917 -0.033545 0.769228 0.015023
0.432520 0.196115 1.660300 0.637981 -0.036567 0.769086 0.012256
0.432501 0.195913 1.660554 0.638050 -0.041654 0.768828 0.007874
0.432481 0.195760 1.660708 0.638213 -0.047656 0.768379 0.002603
0.432464 0.195496 1.660776 0.638293 -0.052992 0.767966 -0.001724
0.432439 0.195175 1.660819 0.638313 -0.057534 0.767606 -0.005252
0.432390 0.194790 1.661033 0.638340 -0.064265 0.766993 -0.010619
0.432337 0.194562 1.661257 0.638407 -0.072275 0.766105 -0.017210
0.432299 0.194340 1.661377 0.638374 -0.079379 0.765276 -0.023008
0.432262 0.194125 1.661462 0.638287 -0.085324 0.764550 -0.027806
0.432178 0.193935 1.661818 0.638301 -0.093172 0.763373 -0.033921
0.432092 0.193868 1.662256 0.638452 -0.102107 0.761783 -0.040520
0.432046 0.193793 1.662569 0.638443 -0.110587 0.760230 -0.047036
0.431998 0.193734 1.662789 0.638309 -0.117848 0.758873 -0.052771
0.431927 0.193427 1.663264 0.638285 -0.126610 0.756950 -0.059896
0.431823 0.193035 1.663830 0.638449 -0.135596 0.754629 -0.067318
0.431750 0.192625 1.664233 0.638402 -0.144168 0.752394 -0.074578
0.431687 0.192243 1.664509 0.638150 -0.151896 0.750393 -0.081257
0.431635 0.191907 1.665012 0.637957 -0.160632 0.747901 -0.088607
0.431604 0.191765 1.665575 0.637835 -0.169396 0.745154 -0.095997
0.431589 0.191686 1.665999 0.637458 -0.177747 0.742538 -0.103396
0.431581 0.191648 1.666321 0.636798 -0.185725 0.740073 -0.110849
0.431538 0.191626 1.666794 0.636036 -0.195836 0.736684 -0.120011
0.431469 0.191636 1.667273 0.635390 -0.206025 0.732998 -0.128634
0.431430 0.191620 1.667602 0.634524 -0.215580 0.729513 -0.136804
0.431401 0.191577 1.667809 0.633375 -0.224609 0.726236 -0.144800
0.431259 0.191556 1.668158 0.632221 -0.235371 0.722006 -0.153636
0.431113 0.191492 1.668442 0.631269 -0.245867 0.717589 -0.161601
0.431012 0.191399 1.668567 0.630095 -0.255588 0.713438 -0.169293
0.430931 0.191313 1.668590 0.628647 -0.264681 0.709541 -0.176913
0.430833 0.191201 1.668719 0.626868 -0.275483 0.704670 -0.185972
0.430728 0.191088 1.668810 0.625176 -0.285670 0.699825 -0.194404
0.430648 0.190993 1.668794 0.623303 -0.295084 0.695270 -0.202531
0.430584 0.190930 1.668706 0.621210 -0.303927 0.690958 -0.210482
0.430483 0.191047 1.668833 0.618609 -0.314954 0.685404 -0.219880
0.430400 0.191237 1.669001 0.616097 -0.325380 0.679952 -0.228508
0.430350 0.191435 1.669100 0.613457 -0.334924 0.674870 -0.236741
0.430304 0.191637 1.669188 0.610895 -0.343300 0.670339 -0.244125
0.430241 0.191974 1.669341 0.607830 -0.353358 0.664686 -0.252733
0.430194 0.192349 1.669502 0.604736 -0.362857 0.659286 -0.260713
0.430155 0.192693 1.669659 0.601864 -0.371007 0.654598 -0.267608
0.430123 0.192985 1.669787 0.599298 -0.378027 0.650443 -0.273607
0.429971 0.193246 1.670052 0.596369 -0.386796 0.644966 -0.280627
0.429835 0.193452 1.670325 0.593950 -0.394364 0.640159 -0.286177
0.429743 0.193613 1.670547 0.591900 -0.400628 0.636089 -0.290761
0.429674 0.193753 1.670717 0.590032 -0.406093 0.632448 -0.294890
0.429563 0.194047 1.670902 0.587488 -0.413063 0.627793 -0.300189
0.429467 0.194330 1.671100 0.585283 -0.419125 0.623774 -0.304440
0.429399 0.194562 1.671270 0.583406 -0.424167 0.620385 -0.307966
0.429344 0.194769 1.671426 0.581754 -0.428481 0.617406 -0.311087
0.429277 0.195127 1.671776 0.579987 -0.432990 0.614221 -0.314431
0.429250 0.195495 1.672190 0.578379 -0.436922 0.611490 -0.317266
0.429247 0.195819 1.672589 0.576970 -0.440210 0.609186 -0.319708
0.429243 0.196134 1.672949 0.575739 -0.442970 0.607265 -0.321764
0.429194 0.196664 1.673251 0.574619 -0.445437 0.605677 -0.323348
0.429159 0.197181 1.673468 0.573702 -0.447550 0.604340 -0.324557
0.429139 0.197610 1.673611 0.572970 -0.449316 0.603219 -0.325494
0.429097 0.197965 1.673701 0.572495 -0.450577 0.602570 -0.325790
0.428951 0.198405 1.673514 0.572716 -0.450815 0.602853 -0.324546
0.428808 0.198800 1.673094 0.573152 -0.450947 0.603106 -0.323121
0.428685 0.199117 1.672602 0.573628 -0.451075 0.603306 -0.321722
0.428415 0.199300 1.672288 0.574412 -0.450309 0.604509 -0.319128
0.427864 0.199100 1.671777 0.576576 -0.447492 0.608448 -0.311611
0.427277 0.199242 1.671068 0.578815 -0.444540 0.611599 -0.305457
0.426801 0.199309 1.670300 0.580617 -0.442338 0.614083 -0.300206
0.426401 0.198996 1.669870 0.582345 -0.439464 0.617957 -0.293043
0.425792 0.198641 1.669320 0.584496 -0.434346 0.624490 -0.282347
0.425018 0.199107 1.668679 0.586532 -0.429163 0.629645 -0.274492
0.424249 0.199833 1.668323 0.588009 -0.424678 0.633738 -0.268831
0.423361 0.200066 1.668285 0.589317 -0.419991 0.638685 -0.261525
0.421817 0.200224 1.668179 0.591548 -0.412460 0.645567 -0.251377
0.420333 0.200841 1.667777 0.593665 -0.405667 0.651077 -0.243093
0.419050 0.201475 1.667346 0.595305 -0.400172 0.655444 -0.236364
0.417651 0.201774 1.667286 0.596578 -0.394611 0.660531 -0.228198
0.415637 0.202384 1.667053 0.598280 -0.387502 0.666865 -0.217245
0.413695 0.203603 1.666501 0.600196 -0.380646 0.671935 -0.208270
0.411980 0.204878 1.665947 0.601753 -0.374825 0.675958 -0.201197
0.409894 0.205500 1.665856 0.602756 -0.369139 0.680698 -0.192540
0.406890 0.205959 1.665794 0.603756 -0.362637 0.686295 -0.181583
0.404101 0.207049 1.665492 0.604991 -0.356268 0.690770 -0.172906
0.401653 0.208297 1.665219 0.606010 -0.350675 0.694354 -0.166285
0.398912 0.209035 1.665645 0.606283 -0.345202 0.698625 -0.158684
0.395431 0.210016 1.666751 0.606118 -0.338862 0.703634 -0.150641
0.392219 0.211576 1.667709 0.606245 -0.332611 0.707754 -0.144639
0.389411 0.213210 1.668534 0.606319 -0.327181 0.711093 -0.140278
0.386221 0.214131 1.669723 0.605670 -0.322721 0.714860 -0.134129
0.382249 0.215389 1.671043 0.605043 -0.317573 0.718980 -0.127036
0.378587 0.217291 1.672073 0.605006 -0.311895 0.722427 -0.121605
0.375385 0.219246 1.672922 0.604994 -0.306837 0.725240 -0.117736
0.371814 0.220422 1.674625 0.604177 -0.301921 0.728993 -0.111278
0.367583 0.221682 1.677239 0.602798 -0.296469 0.733355 -0.104553
0.363726 0.223343 1.679616 0.601708 -0.291184 0.737018 -0.099813
0.360372 0.224992 1.681647 0.600723 -0.286644 0.740034 -0.096525
0.356635 0.225433 1.684261 0.598948 -0.282622 0.743868 -0.089708
0.352517 0.225377 1.687254 0.596837 -0.278488 0.748035 -0.081693
0.348892 0.225605 1.689839 0.595366 -0.274034 0.751574 -0.074711
0.345789 0.225932 1.692014 0.594035 -0.270330 0.754469 -0.069440
0.342083 0.225484 1.694918 0.591943 -0.266675 0.758108 -0.061332
0.337834 0.225168 1.698330 0.589617 -0.262436 0.761997 -0.053299
0.334011 0.225332 1.701345 0.588097 -0.257374 0.765366 -0.045990
0.330704 0.225678 1.703892 0.586774 -0.252962 0.768167 -0.040335
0.326852 0.225314 1.707257 0.584343 -0.249100 0.771681 -0.031613
0.322615 0.225115 1.711001 0.581652 -0.244803 0.775379 -0.023232
0.318818 0.225318 1.714262 0.579817 -0.239648 0.778553 -0.015366
0.315536 0.225677 1.717000 0.578289 -0.234995 0.781203 -0.008954
0.311710 0.225484 1.720557 0.575915 -0.229228 0.784713 0.001100
0.307651 0.225287 1.724453 0.573340 -0.223261 0.788240 0.010607
