0.100339 0.305495 1.601170 0.682124 0.025112 0.730546 0.019453
0.104239 0.302894 1.604242 0.681611 0.023070 0.731013 0.022255
0.107720 0.301144 1.607762 0.680517 0.022683 0.732008 0.023384
0.111390 0.299815 1.611990 0.679189 0.022009 0.733284 0.022649
0.115341 0.298062 1.615844 0.678135 0.020752 0.734277 0.023244
0.119228 0.296039 1.619068 0.677289 0.019456 0.735020 0.025408
0.122684 0.294314 1.621981 0.676287 0.018734 0.735895 0.027236
0.125799 0.293762 1.625838 0.674174 0.019620 0.737848 0.026173
0.129068 0.292913 1.629570 0.672236 0.019733 0.739633 0.025549
0.132649 0.291519 1.632923 0.670632 0.019201 0.741074 0.026334
0.136245 0.289775 1.635734 0.669352 0.018521 0.742161 0.028694
0.139489 0.289143 1.638605 0.667804 0.019681 0.743536 0.028363
0.142736 0.288565 1.641584 0.666357 0.020346 0.744840 0.027702
0.146245 0.287415 1.644368 0.665122 0.020165 0.745933 0.028112
0.150080 0.285638 1.646906 0.664145 0.019188 0.746767 0.029710
0.153859 0.284359 1.649213 0.663264 0.018844 0.747530 0.030418
0.157229 0.284320 1.651602 0.662283 0.019718 0.748412 0.029527
0.160629 0.283887 1.653948 0.661283 0.020041 0.749295 0.029336
0.164298 0.282758 1.656143 0.660418 0.019569 0.750031 0.030308
0.168202 0.281251 1.658128 0.659636 0.018754 0.750686 0.031625
0.171800 0.281583 1.659921 0.659030 0.019730 0.751256 0.030081
0.175235 0.281822 1.661816 0.658354 0.020411 0.751875 0.028946
0.178852 0.281306 1.663671 0.657676 0.020277 0.752470 0.028998
0.182765 0.279950 1.665414 0.657116 0.019276 0.752932 0.030332
0.186432 0.279603 1.667328 0.655517 0.019548 0.754358 0.029322
0.189745 0.279730 1.669575 0.653532 0.020208 0.756135 0.027351
0.193287 0.279089 1.671734 0.652215 0.019736 0.757321 0.026285
0.197231 0.277649 1.673670 0.651509 0.018807 0.757917 0.027309
0.201284 0.276411 1.675484 0.650115 0.019898 0.758962 0.030526
0.204919 0.276350 1.677530 0.647223 0.024160 0.761143 0.034349
0.208469 0.276006 1.679560 0.644157 0.028265 0.763408 0.038357
0.212353 0.274989 1.681333 0.642071 0.030362 0.764893 0.041963
0.216655 0.273472 1.682815 0.640945 0.030918 0.765621 0.045360
0.220811 0.273951 1.684116 0.638457 0.035633 0.767240 0.049438
0.224846 0.274424 1.685227 0.636165 0.039914 0.768713 0.052726
0.229146 0.274101 1.686164 0.634969 0.042281 0.769374 0.055592
0.233789 0.272866 1.686972 0.634795 0.042733 0.769294 0.058274
0.238370 0.272367 1.687990 0.633633 0.043728 0.770135 0.059073
0.242829 0.272099 1.689099 0.632320 0.045226 0.771086 0.059603
0.247480 0.271035 1.690107 0.631922 0.045237 0.771365 0.060192
0.252390 0.269082 1.691025 0.632355 0.043725 0.771032 0.061023
0.257553 0.267046 1.691794 0.633274 0.040997 0.770476 0.060421
0.262749 0.266066 1.692205 0.634239 0.039684 0.769864 0.058952
0.267949 0.264556 1.692508 0.635673 0.037834 0.768841 0.058065
0.273240 0.262240 1.692831 0.637505 0.034916 0.767489 0.057694
0.278651 0.259235 1.693210 0.639604 0.030784 0.765938 0.057425
0.284292 0.257549 1.693498 0.641829 0.027010 0.764388 0.055106
0.289680 0.255829 1.693797 0.643607 0.023920 0.763085 0.053839
0.294914 0.253539 1.694102 0.645042 0.020629 0.761986 0.053593
0.300081 0.250612 1.694402 0.646242 0.016981 0.761008 0.054314
0.305383 0.248174 1.694497 0.647491 0.012818 0.760103 0.053232
0.310587 0.246155 1.694413 0.648593 0.009812 0.759250 0.052637
0.315633 0.243651 1.694319 0.649475 0.006804 0.758499 0.053052
0.320563 0.240556 1.694251 0.650233 0.003471 0.757780 0.054347
0.325341 0.237590 1.694121 0.651086 -0.000495 0.757024 0.054790
0.330467 0.235819 1.693650 0.652050 -0.003098 0.756199 0.054627
0.335405 0.233718 1.693102 0.652888 -0.005358 0.755402 0.055477
0.339906 0.231260 1.692605 0.653717 -0.007871 0.754560 0.056845
0.343830 0.228851 1.692208 0.654434 -0.010487 0.753816 0.058033
0.348272 0.227242 1.691301 0.655103 -0.013027 0.753302 0.056633
0.352795 0.225056 1.690091 0.656147 -0.015199 0.752321 0.057039
0.356859 0.222579 1.688976 0.657223 -0.017594 0.751251 0.058051
0.360359 0.220181 1.688053 0.658144 -0.019908 0.750300 0.059163
0.364151 0.218692 1.687277 0.658703 -0.022394 0.749807 0.058303
0.368360 0.217486 1.686473 0.659176 -0.024174 0.749371 0.057851
0.372100 0.216033 1.685733 0.659672 -0.025976 0.748862 0.058010
0.375309 0.214583 1.685123 0.660082 -0.027663 0.748410 0.058373
0.378284 0.213500 1.684556 0.660399 -0.029440 0.748105 0.057840
0.381982 0.213065 1.683478 0.661024 -0.030277 0.747579 0.057056
0.385380 0.212332 1.682251 0.661831 -0.030953 0.746823 0.057249
0.388319 0.211489 1.681140 0.662568 -0.031635 0.746102 0.057739
0.390814 0.210677 1.680207 0.663164 -0.032263 0.745504 0.058276
0.394080 0.210573 1.679141 0.663614 -0.033777 0.745219 0.055890
0.397405 0.210044 1.677939 0.664246 -0.034960 0.744676 0.054889
0.400354 0.209210 1.676847 0.664865 -0.036212 0.744088 0.054556
0.402892 0.208315 1.675931 0.665378 -0.037391 0.743575 0.054501
0.405548 0.207897 1.675041 0.665833 -0.038563 0.743220 0.052953
0.408510 0.207496 1.673997 0.666442 -0.039050 0.742738 0.051675
0.411171 0.206747 1.673047 0.667043 -0.039750 0.742199 0.051128
0.413472 0.205898 1.672260 0.667544 -0.040516 0.741723 0.050909
0.415603 0.205224 1.671619 0.667900 -0.041762 0.741397 0.049954
0.418411 0.204947 1.670967 0.668037 -0.043614 0.741327 0.047530
0.421032 0.204291 1.670301 0.668229 -0.045304 0.741138 0.046177
0.423324 0.203484 1.669719 0.668409 -0.046861 0.740928 0.045393
0.425284 0.202688 1.669245 0.668536 -0.048207 0.740755 0.044907
0.427719 0.202560 1.668532 0.669103 -0.050415 0.740249 0.042322
0.429503 0.202907 1.667763 0.669108 -0.050681 0.740403 0.039107
0.429993 0.204354 1.667225 0.668144 -0.048787 0.741639 0.034291
0.430290 0.206274 1.666889 0.667295 -0.046707 0.742730 0.029779
0.430713 0.208081 1.666888 0.666474 -0.046310 0.743700 0.024020
0.431236 0.209582 1.666844 0.666010 -0.046681 0.744271 0.017677
0.431582 0.210237 1.666764 0.665814 -0.047914 0.744466 0.012878
0.431825 0.211073 1.666676 0.665624 -0.048498 0.744660 0.008554
0.432020 0.211994 1.666705 0.665392 -0.049262 0.744856 0.004200
0.432299 0.212848 1.667189 0.665147 -0.052579 0.744851 -0.003435
0.432507 0.213858 1.667550 0.664949 -0.055908 0.744708 -0.011250
0.432660 0.214777 1.667838 0.664724 -0.059449 0.744486 -0.018641
0.432770 0.215589 1.668044 0.664503 -0.062587 0.744241 -0.024972
0.432909 0.216127 1.668636 0.664125 -0.067136 0.743899 -0.032311
0.433035 0.216740 1.669171 0.663783 -0.071807 0.743381 -0.040249
0.433113 0.217261 1.669643 0.663357 -0.076728 0.742811 -0.047974
0.433178 0.217258 1.670030 0.662852 -0.082533 0.742137 -0.055210
0.433256 0.216918 1.670351 0.662279 -0.088689 0.741361 -0.062489
0.433331 0.216362 1.670824 0.661522 -0.095310 0.740442 -0.071065
0.433354 0.215909 1.671210 0.660687 -0.101458 0.739518 -0.079447
0.433369 0.215503 1.671546 0.659770 -0.107463 0.738574 -0.087536
0.433347 0.215168 1.671870 0.658793 -0.113556 0.737570 -0.095328
0.433314 0.214849 1.672372 0.657683 -0.120977 0.736210 -0.103981
0.433281 0.214567 1.672887 0.656557 -0.128381 0.734752 -0.112203
0.433259 0.214333 1.673365 0.655416 -0.135559 0.733261 -0.119921
0.433241 0.214149 1.673816 0.654245 -0.142548 0.731747 -0.127239
0.433239 0.213952 1.674266 0.652960 -0.150163 0.729949 -0.135158
0.433199 0.213746 1.674755 0.651616 -0.157782 0.728032 -0.143075
0.433162 0.213588 1.675208 0.650278 -0.165054 0.726120 -0.150483
0.433139 0.213464 1.675624 0.648924 -0.172055 0.724219 -0.157485
0.433128 0.213374 1.676077 0.647473 -0.179539 0.722063 -0.164830
0.433094 0.213329 1.676853 0.645889 -0.188676 0.719188 -0.173198
0.433086 0.213296 1.677580 0.644384 -0.197389 0.716302 -0.180885
0.433096 0.213265 1.678221 0.642861 -0.205529 0.713518 -0.188093
0.433106 0.213239 1.678787 0.641278 -0.213239 0.710813 -0.195028
0.433114 0.213114 1.679436 0.639304 -0.222194 0.707521 -0.203308
0.433093 0.212992 1.680092 0.637332 -0.230739 0.704247 -0.211196
0.433086 0.212885 1.680667 0.635365 -0.238723 0.701104 -0.218578
0.433086 0.212778 1.681158 0.633372 -0.246258 0.698078 -0.225572
0.433101 0.212642 1.681685 0.631069 -0.254703 0.694563 -0.233366
0.433092 0.212495 1.682346 0.628626 -0.263667 0.690679 -0.241398
0.433093 0.212371 1.682933 0.626230 -0.271998 0.686958 -0.248878
0.433099 0.212260 1.683438 0.623829 -0.279755 0.683418 -0.255960
0.433119 0.212145 1.683862 0.621217 -0.287666 0.679714 -0.263298
0.433114 0.211938 1.684384 0.617997 -0.297092 0.675199 -0.271884
0.433101 0.211728 1.684850 0.614898 -0.305872 0.670866 -0.279789
0.433103 0.211529 1.685223 0.611879 -0.313969 0.666761 -0.287153
0.433107 0.211343 1.685512 0.608902 -0.321513 0.662847 -0.294113
0.433089 0.211379 1.686000 0.605227 -0.330593 0.658121 -0.302136
0.433043 0.211502 1.686629 0.601440 -0.339543 0.653405 -0.309906
0.433021 0.211640 1.687237 0.597739 -0.347795 0.648935 -0.317222
0.433012 0.211793 1.687788 0.594149 -0.355395 0.644689 -0.324124
0.432993 0.211954 1.688310 0.590538 -0.362921 0.640342 -0.330933
0.432957 0.212158 1.688802 0.587204 -0.370240 0.635952 -0.337163
0.432941 0.212392 1.689184 0.584404 -0.376545 0.632068 -0.342307
0.432987 0.212647 1.689483 0.582125 -0.381981 0.628656 -0.346429
0.433071 0.212925 1.689638 0.580244 -0.386770 0.625605 -0.349778
0.433075 0.213273 1.689611 0.578347 -0.391158 0.622916 -0.352826
0.433057 0.213590 1.689539 0.576666 -0.394980 0.620589 -0.355410
0.433038 0.213905 1.689431 0.575287 -0.398249 0.618556 -0.357535
0.433017 0.214226 1.689302 0.574161 -0.401049 0.616768 -0.359299
0.432851 0.214969 1.689091 0.574225 -0.402971 0.615673 -0.358926
0.432745 0.215650 1.688815 0.574331 -0.405486 0.614531 -0.357877
0.432686 0.216228 1.688445 0.574576 -0.407916 0.613408 -0.356648
0.432619 0.216755 1.688042 0.574876 -0.410137 0.612343 -0.355445
0.432426 0.217584 1.687589 0.575953 -0.411312 0.612052 -0.352837
0.432210 0.218478 1.687108 0.577049 -0.412888 0.612262 -0.348818
0.432084 0.219128 1.686560 0.578049 -0.414784 0.612256 -0.344900
0.431960 0.219683 1.685993 0.579003 -0.416653 0.612101 -0.341305
0.431737 0.220301 1.685401 0.580442 -0.417745 0.612280 -0.337180
0.431079 0.221193 1.684410 0.583536 -0.417308 0.614240 -0.328708
0.430650 0.221729 1.683091 0.586376 -0.418073 0.615520 -0.320176
0.430344 0.222081 1.681683 0.589053 -0.419231 0.616304 -0.312139
0.430063 0.222341 1.680341 0.591424 -0.420624 0.616715 -0.304886
0.429014 0.222519 1.679104 0.594723 -0.419928 0.619199 -0.294205
0.427999 0.222656 1.677033 0.598981 -0.419363 0.621475 -0.281292
0.427275 0.222678 1.674580 0.603080 -0.419881 0.622641 -0.268909
0.426745 0.222530 1.672173 0.606654 -0.421033 0.623135 -0.257690
0.425608 0.222264 1.670953 0.609552 -0.419801 0.625496 -0.246916
0.423281 0.222303 1.670445 0.612301 -0.416513 0.629422 -0.235440
0.421023 0.222851 1.669538 0.614922 -0.413628 0.632292 -0.225810
0.418988 0.223564 1.668590 0.617218 -0.410987 0.634563 -0.217857
0.417132 0.224167 1.667817 0.619337 -0.408285 0.636727 -0.210482
0.414206 0.224090 1.668178 0.621304 -0.403738 0.641279 -0.199346
0.411233 0.224569 1.668394 0.622815 -0.399619 0.645050 -0.190570
0.408515 0.225438 1.668602 0.624086 -0.395630 0.648248 -0.183760
0.406103 0.226409 1.668856 0.625060 -0.392022 0.650974 -0.178468
0.402912 0.226283 1.669665 0.626229 -0.387432 0.655182 -0.168730
0.399099 0.226340 1.670458 0.626879 -0.382722 0.659594 -0.159627
0.395583 0.227026 1.671093 0.627482 -0.378037 0.663375 -0.152601
0.392454 0.227946 1.671704 0.627905 -0.373733 0.666626 -0.147206
0.389306 0.228408 1.672680 0.628522 -0.368746 0.670392 -0.139858
0.385154 0.228230 1.674446 0.628255 -0.362581 0.675965 -0.130010
0.381257 0.228688 1.675955 0.627796 -0.356639 0.680944 -0.122457
0.377787 0.229437 1.677294 0.627273 -0.351299 0.685211 -0.116632
0.374711 0.230197 1.678565 0.626752 -0.346480 0.688953 -0.111703
0.370389 0.229924 1.681121 0.625953 -0.339625 0.694601 -0.101826
0.365967 0.230239 1.683773 0.624474 -0.333325 0.699949 -0.094850
0.361965 0.230964 1.686184 0.623011 -0.327689 0.704566 -0.089796
0.358436 0.231806 1.688338 0.621591 -0.322830 0.708519 -0.086057
0.354618 0.231914 1.691123 0.620358 -0.316371 0.713402 -0.078246
0.350423 0.231709 1.694436 0.618370 -0.309740 0.718838 -0.070364
0.346655 0.231760 1.697422 0.616345 -0.304168 0.723495 -0.064462
0.343353 0.231938 1.700039 0.614417 -0.299533 0.727445 -0.059954
0.340133 0.231845 1.702660 0.612586 -0.294842 0.731307 -0.054742
0.335827 0.231028 1.706228 0.609821 -0.288743 0.736539 -0.047490
0.331809 0.230629 1.709480 0.607490 -0.282495 0.741261 -0.041057
0.328260 0.230503 1.712304 0.605330 -0.277176 0.745284 -0.036075
0.325171 0.230503 1.714729 0.603342 -0.272759 0.748694 -0.032204
0.321384 0.229809 1.718693 0.600440 -0.266991 0.753332 -0.026018
0.317558 0.229089 1.723035 0.597336 -0.261434 0.757896 -0.020885
0.314139 0.228544 1.726911 0.594939 -0.255816 0.761814 -0.015628
0.311162 0.228145 1.730217 0.592868 -0.250961 0.765116 -0.011120
0.308099 0.227616 1.733914 0.590279 -0.246015 0.768765 -0.006836
0.304662 0.226903 1.738496 0.586849 -0.240821 0.773048 -0.003282
0.301540 0.226298 1.742640 0.584098 -0.235585 0.776742 0.000687
0.298817 0.225817 1.746169 0.582112 -0.230164 0.779834 0.005433
0.296355 0.225405 1.749397 0.580353 -0.224678 0.782688 0.010443
0.293332 0.224674 1.754084 0.577261 -0.218814 0.786564 0.014439
0.290636 0.223661 1.758693 0.575056 -0.213989 0.789433 0.017767
0.288396 0.222439 1.762835 0.573775 -0.209819 0.791387 0.021566
0.286522 0.221186 1.766407 0.573025 -0.205887 0.792831 0.025942
0.284697 0.219842 1.770772 0.571243 -0.201530 0.795086 0.030094
0.282873 0.218171 1.775387 0.569029 -0.197668 0.797476 0.034145
0.281265 0.216543 1.779390 0.567306 -0.193773 0.799433 0.039027
0.279909 0.215098 1.782726 0.566149 -0.189660 0.800943 0.044666
0.278514 0.213944 1.786379 0.564438 -0.185609 0.802831 0.049202
0.276472 0.212970 1.791429 0.561207 -0.181637 0.805844 0.051667
0.274369 0.212127 1.796130 0.558264 -0.177582 0.808598 0.054537
0.272476 0.211453 1.800143 0.555911 -0.173409 0.810874 0.058107
0.270853 0.210954 1.803643 0.553743 -0.169570 0.812930 0.061318
0.269357 0.210726 1.808004 0.550254 -0.164131 0.816150 0.064654
