0.110720 0.326449 1.563942 0.669267 0.061672 0.739260 0.042106
0.115591 0.323220 1.567263 0.668434 0.059873 0.740070 0.043668
0.119928 0.320112 1.570037 0.667697 0.057719 0.740787 0.045630
0.123795 0.317675 1.572908 0.666643 0.058018 0.741654 0.046585
0.128183 0.315536 1.576122 0.665477 0.058300 0.742710 0.046083
0.132800 0.312958 1.578894 0.664554 0.056994 0.743586 0.046892
0.137053 0.310298 1.581194 0.663768 0.055114 0.744330 0.048451
0.140760 0.308055 1.583349 0.662781 0.054786 0.745122 0.050127
0.144551 0.306650 1.586277 0.661139 0.056253 0.746492 0.049815
0.148716 0.304863 1.588997 0.659730 0.055775 0.747766 0.049917
0.153071 0.302652 1.591272 0.658535 0.054221 0.748845 0.051231
0.157100 0.300356 1.593148 0.657568 0.052711 0.749660 0.053262
0.160775 0.298746 1.595554 0.656236 0.054688 0.750674 0.053391
0.164699 0.296816 1.598109 0.655143 0.054194 0.751704 0.052821
0.168952 0.294446 1.600326 0.654240 0.052431 0.752579 0.053344
0.173255 0.291747 1.602126 0.653599 0.049905 0.753190 0.054975
0.177113 0.290106 1.604236 0.652609 0.050560 0.753919 0.056140
0.180847 0.288969 1.606579 0.651519 0.050667 0.754868 0.055953
0.184791 0.287467 1.608624 0.650582 0.049760 0.755697 0.056464
0.188976 0.285484 1.610305 0.649898 0.047963 0.756286 0.057995
0.192876 0.283859 1.611894 0.649074 0.047590 0.756949 0.058880
0.196607 0.282842 1.613699 0.648051 0.047607 0.757883 0.058110
0.200527 0.281434 1.615326 0.647191 0.046641 0.758680 0.058068
0.204728 0.279488 1.616681 0.646572 0.044798 0.759239 0.059110
0.208899 0.277511 1.617903 0.646098 0.043649 0.759554 0.061081
0.212938 0.276304 1.619689 0.645531 0.043772 0.759945 0.062115
0.217054 0.274729 1.621530 0.645021 0.042654 0.760362 0.063074
0.221306 0.272629 1.623140 0.644697 0.040616 0.760609 0.064731
0.225307 0.270422 1.624503 0.644514 0.038403 0.760719 0.066580
0.229217 0.269344 1.626342 0.643566 0.037712 0.761603 0.066044
0.233240 0.267927 1.628299 0.642634 0.036056 0.762506 0.065614
0.237416 0.265911 1.630033 0.641931 0.033591 0.763166 0.066139
0.241358 0.263579 1.631480 0.641539 0.030691 0.763512 0.067351
0.245327 0.262699 1.633017 0.640589 0.030589 0.764282 0.067693
0.249390 0.261916 1.634699 0.639472 0.030375 0.765217 0.067792
0.253562 0.260477 1.636226 0.638570 0.029223 0.765941 0.068622
0.257518 0.258593 1.637521 0.638004 0.027380 0.766350 0.070059
0.261451 0.257125 1.638660 0.637587 0.026173 0.766685 0.070655
0.265800 0.255449 1.639843 0.637348 0.024640 0.766881 0.071228
0.270235 0.253070 1.640952 0.637249 0.022166 0.766909 0.072620
0.274329 0.250404 1.641904 0.637334 0.019248 0.766739 0.074468
0.278189 0.248324 1.642847 0.637191 0.017288 0.766762 0.075924
0.282474 0.246791 1.644107 0.636391 0.016621 0.767329 0.077047
0.286801 0.244595 1.645317 0.635734 0.014992 0.767733 0.078765
0.290762 0.242105 1.646367 0.635327 0.012815 0.767894 0.080827
0.294358 0.239899 1.647283 0.635042 0.010622 0.768002 0.082350
0.298709 0.238280 1.648347 0.634796 0.008634 0.768192 0.082711
0.303000 0.236049 1.649441 0.634661 0.005832 0.768219 0.083728
0.306813 0.233661 1.650425 0.634612 0.002848 0.768134 0.085027
0.310093 0.231464 1.651282 0.634571 0.000109 0.768039 0.086229
0.314023 0.230577 1.652345 0.633844 -0.001243 0.768704 0.085643
0.317821 0.229546 1.653458 0.633058 -0.002628 0.769366 0.085478
0.321130 0.228377 1.654454 0.632417 -0.004143 0.769871 0.085622
0.323944 0.227264 1.655321 0.631876 -0.005539 0.770277 0.085880
0.327202 0.226785 1.655784 0.631424 -0.005587 0.770715 0.085267
0.330905 0.225924 1.655825 0.631332 -0.005262 0.770730 0.085827
0.334285 0.224647 1.655774 0.631432 -0.005539 0.770516 0.086986
0.337217 0.223316 1.655733 0.631563 -0.006057 0.770265 0.088225
0.340363 0.222590 1.655589 0.631894 -0.006697 0.770018 0.087959
0.344250 0.222139 1.655232 0.632647 -0.007170 0.769455 0.087444
0.347761 0.221288 1.654923 0.633371 -0.008036 0.768836 0.087567
0.350785 0.220335 1.654694 0.633977 -0.009013 0.768287 0.087903
0.353632 0.219727 1.654546 0.634403 -0.009736 0.767964 0.087575
0.357377 0.219720 1.654578 0.634338 -0.009174 0.768161 0.086377
0.360897 0.219093 1.654656 0.634318 -0.009316 0.768214 0.086028
0.363978 0.218212 1.654755 0.634327 -0.009816 0.768193 0.086102
0.366669 0.217368 1.654856 0.634360 -0.010480 0.768154 0.086125
0.370162 0.217439 1.654550 0.634985 -0.010581 0.767776 0.084868
0.373445 0.217308 1.654131 0.635682 -0.010595 0.767259 0.084325
0.376276 0.217008 1.653760 0.636285 -0.010750 0.766779 0.084125
0.378670 0.216674 1.653466 0.636770 -0.010949 0.766381 0.084053
0.381764 0.216857 1.653307 0.637305 -0.011420 0.766087 0.082597
0.385085 0.216567 1.653378 0.637707 -0.012280 0.765835 0.081709
0.388038 0.215868 1.653532 0.638014 -0.013501 0.765594 0.081373
0.390579 0.215071 1.653711 0.638237 -0.014724 0.765394 0.081294
0.393400 0.214735 1.653846 0.638565 -0.016368 0.765207 0.080155
0.396629 0.214637 1.653980 0.638953 -0.018016 0.764985 0.078819
0.399450 0.214320 1.654127 0.639249 -0.019562 0.764787 0.077972
0.401847 0.213945 1.654273 0.639466 -0.020899 0.764628 0.077403
0.404160 0.213724 1.654415 0.639568 -0.022369 0.764624 0.076180
0.407125 0.213363 1.654540 0.639482 -0.024295 0.764803 0.074492
0.409894 0.212496 1.654589 0.639462 -0.026317 0.764823 0.073773
0.412326 0.211479 1.654608 0.639468 -0.028188 0.764772 0.073547
0.414476 0.210550 1.654620 0.639465 -0.029889 0.764741 0.073233
0.417193 0.209745 1.654784 0.639441 -0.031939 0.764826 0.071662
0.419777 0.208490 1.655071 0.639367 -0.034240 0.764866 0.070836
0.422049 0.207118 1.655369 0.639277 -0.036456 0.764873 0.070462
0.423992 0.205834 1.655640 0.639185 -0.038388 0.764869 0.070311
0.426223 0.204792 1.656113 0.638767 -0.040668 0.765294 0.068180
0.428491 0.203367 1.656786 0.638229 -0.043152 0.765750 0.066550
0.430391 0.201969 1.657390 0.637692 -0.045043 0.766205 0.065188
0.431069 0.202298 1.657456 0.637045 -0.042980 0.767131 0.061936
0.431444 0.203273 1.657418 0.636483 -0.041719 0.768031 0.057245
0.431850 0.204455 1.657325 0.636069 -0.040596 0.768775 0.052469
0.432140 0.205058 1.657268 0.635790 -0.040527 0.769241 0.048954
0.432312 0.205190 1.657241 0.635657 -0.040708 0.769485 0.046647
0.432471 0.205312 1.657477 0.635816 -0.041790 0.769491 0.043319
0.432762 0.205702 1.657784 0.636232 -0.043701 0.769390 0.036562
0.432948 0.206185 1.657938 0.636430 -0.045442 0.769406 0.030089
0.433076 0.206541 1.658096 0.636510 -0.047205 0.769432 0.024518
0.433174 0.206769 1.658413 0.636588 -0.049432 0.769378 0.019223
0.433283 0.206829 1.659229 0.637150 -0.054001 0.768766 0.011013
0.433371 0.206937 1.659831 0.637652 -0.058911 0.768064 0.002635
0.433433 0.206979 1.660332 0.637969 -0.064096 0.767371 -0.005405
0.433478 0.207009 1.660719 0.638178 -0.068738 0.766713 -0.012383
0.433531 0.206830 1.661622 0.638533 -0.075602 0.765564 -0.021700
0.433556 0.206858 1.662445 0.639016 -0.082071 0.764179 -0.030870
0.433585 0.206903 1.663143 0.639300 -0.088507 0.762815 -0.039675
0.433612 0.206928 1.663754 0.639404 -0.094851 0.761478 -0.048126
0.433667 0.206882 1.664575 0.639504 -0.102299 0.759744 -0.057948
0.433674 0.206884 1.665616 0.640072 -0.109572 0.757450 -0.067615
0.433681 0.206968 1.666507 0.640403 -0.116717 0.755210 -0.076935
0.433683 0.207079 1.667291 0.640489 -0.123516 0.753096 -0.085813
0.433698 0.207132 1.668031 0.640370 -0.131060 0.750784 -0.095255
0.433668 0.207152 1.668956 0.640547 -0.139339 0.747811 -0.105178
0.433639 0.207155 1.669821 0.640530 -0.147623 0.744821 -0.114765
0.433619 0.207158 1.670562 0.640272 -0.155526 0.741976 -0.123833
0.433599 0.207113 1.671212 0.639801 -0.163391 0.739156 -0.132688
0.433540 0.206972 1.672055 0.639353 -0.172342 0.735725 -0.142246
0.433486 0.206822 1.672824 0.638917 -0.180879 0.732286 -0.151076
0.433452 0.206690 1.673450 0.638196 -0.189112 0.729057 -0.159429
0.433431 0.206534 1.673957 0.637208 -0.197183 0.725980 -0.167441
0.433369 0.206182 1.674554 0.636234 -0.206862 0.721966 -0.176576
0.433307 0.205755 1.675118 0.635306 -0.216528 0.717776 -0.185200
0.433277 0.205330 1.675518 0.634176 -0.225736 0.713810 -0.193232
0.433257 0.204918 1.675786 0.632836 -0.234475 0.710063 -0.200872
0.433235 0.204394 1.676141 0.631412 -0.243851 0.705736 -0.209267
0.433184 0.203835 1.676573 0.630107 -0.253353 0.700970 -0.217756
0.433144 0.203375 1.676909 0.628669 -0.262390 0.696351 -0.225880
0.433119 0.203021 1.677135 0.626999 -0.270934 0.691997 -0.233679
0.433046 0.202805 1.677425 0.625250 -0.279957 0.687309 -0.241440
0.432942 0.202819 1.677982 0.623773 -0.289656 0.681939 -0.248932
0.432890 0.202932 1.678485 0.622179 -0.298854 0.676805 -0.255959
0.432846 0.203103 1.678893 0.620212 -0.307768 0.672006 -0.262722
0.432809 0.203243 1.679313 0.618058 -0.316512 0.667317 -0.269281
0.432671 0.203073 1.679877 0.615989 -0.326144 0.661579 -0.276589
0.432554 0.202967 1.680296 0.613849 -0.335512 0.655947 -0.283468
0.432528 0.202931 1.680524 0.611946 -0.343829 0.650906 -0.289179
0.432479 0.202907 1.680668 0.610170 -0.351191 0.646384 -0.294185
0.432341 0.203054 1.681039 0.607886 -0.360142 0.640965 -0.299893
0.432242 0.203349 1.681354 0.606046 -0.368067 0.636090 -0.304342
0.432175 0.203676 1.681642 0.604403 -0.374912 0.631884 -0.307993
0.432113 0.204005 1.681898 0.602959 -0.380772 0.628276 -0.311003
0.432013 0.204273 1.682134 0.601361 -0.386671 0.624642 -0.314121
0.431903 0.204525 1.682286 0.600029 -0.391970 0.621364 -0.316595
0.431818 0.204761 1.682359 0.598965 -0.396491 0.618545 -0.318492
0.431744 0.204989 1.682379 0.598107 -0.400338 0.616125 -0.319979
0.431600 0.205520 1.682258 0.597867 -0.403121 0.614535 -0.319992
0.431427 0.206174 1.682162 0.597864 -0.405374 0.613513 -0.319113
0.431317 0.206741 1.681962 0.597705 -0.407900 0.612512 -0.318112
0.431241 0.207160 1.681777 0.597766 -0.409711 0.611755 -0.317127
0.431034 0.207780 1.681522 0.598645 -0.409892 0.612203 -0.314356
0.430710 0.208596 1.680868 0.599602 -0.410110 0.614057 -0.308579
0.430501 0.209032 1.679974 0.600425 -0.410812 0.615593 -0.302933
0.430305 0.209273 1.679044 0.601438 -0.411009 0.616944 -0.297865
0.429993 0.209465 1.678199 0.602672 -0.410344 0.618641 -0.292723
0.429246 0.209619 1.677411 0.604417 -0.407593 0.623110 -0.283339
0.428563 0.210091 1.676417 0.607113 -0.403269 0.627420 -0.274102
0.428042 0.210369 1.675332 0.609241 -0.400248 0.630745 -0.266059
0.427642 0.210466 1.674320 0.610898 -0.398016 0.633392 -0.259232
0.426439 0.209728 1.674437 0.611861 -0.393730 0.639550 -0.248149
0.425006 0.209547 1.674285 0.613298 -0.388573 0.645271 -0.237703
0.423633 0.209838 1.674010 0.614726 -0.383665 0.649897 -0.229233
0.422380 0.210332 1.673759 0.615908 -0.379327 0.653647 -0.222518
0.420701 0.210618 1.674188 0.616732 -0.373904 0.658826 -0.213975
0.418554 0.211655 1.674790 0.617737 -0.367070 0.664328 -0.205739
0.416478 0.213258 1.675204 0.618860 -0.360432 0.668855 -0.199331
0.414591 0.214980 1.675523 0.619812 -0.354550 0.672551 -0.194427
0.412384 0.216099 1.676149 0.620362 -0.348643 0.676948 -0.187991
0.409327 0.217056 1.676906 0.620696 -0.341663 0.682426 -0.179710
0.406452 0.218582 1.677334 0.621605 -0.334245 0.687130 -0.172454
0.403889 0.220243 1.677635 0.622367 -0.327685 0.690979 -0.166822
0.401439 0.221519 1.678150 0.622687 -0.322054 0.694689 -0.161085
0.397970 0.222171 1.679671 0.621481 -0.317172 0.699754 -0.153322
0.394563 0.223583 1.681019 0.621133 -0.310881 0.704358 -0.146377
0.391484 0.225266 1.682163 0.621036 -0.304734 0.708261 -0.140774
0.388749 0.226855 1.683174 0.620872 -0.299388 0.711565 -0.136234
0.384830 0.227209 1.685093 0.619472 -0.295187 0.715962 -0.128520
0.380812 0.228188 1.686965 0.618578 -0.289860 0.720094 -0.121680
0.377179 0.229529 1.688601 0.618185 -0.284040 0.723724 -0.115732
0.374001 0.230896 1.690009 0.617759 -0.278988 0.726750 -0.111238
0.370084 0.231364 1.692297 0.616052 -0.274558 0.730979 -0.103767
0.365647 0.232287 1.694832 0.614137 -0.269124 0.735566 -0.096695
0.361571 0.233717 1.697035 0.612743 -0.263240 0.739586 -0.090899
0.357971 0.235235 1.698926 0.611461 -0.258057 0.742978 -0.086627
0.354282 0.236049 1.700982 0.610125 -0.253373 0.746495 -0.079334
0.349979 0.236668 1.703245 0.608594 -0.248206 0.750393 -0.070125
0.346009 0.237761 1.705201 0.607532 -0.242334 0.753867 -0.062143
0.342499 0.238974 1.706894 0.606483 -0.237167 0.756827 -0.056055
0.339141 0.239804 1.708719 0.605272 -0.232473 0.759742 -0.048917
0.334755 0.240059 1.711532 0.602862 -0.227582 0.763705 -0.038973
0.330554 0.240853 1.714137 0.600496 -0.222822 0.767301 -0.031680
0.326792 0.241859 1.716426 0.598305 -0.218598 0.770423 -0.026332
0.323461 0.242780 1.718490 0.596362 -0.214759 0.773158 -0.021362
0.319592 0.242634 1.721549 0.593834 -0.210553 0.776477 -0.010617
0.315884 0.242621 1.724478 0.591134 -0.207003 0.779554 -0.002395
0.312595 0.242781 1.727037 0.588648 -0.204026 0.782209 0.003831
0.309732 0.243020 1.729230 0.586410 -0.201534 0.784495 0.008617
0.306593 0.243126 1.731912 0.583709 -0.194996 0.787940 0.020254
0.303217 0.242961 1.735246 0.580360 -0.189328 0.791474 0.030109
0.300109 0.242785 1.738455 0.577130 -0.185211 0.794500 0.037259
0.297501 0.242591 1.741230 0.574682 -0.182232 0.796706 0.042323
0.295521 0.242091 1.744042 0.573057 -0.180460 0.798055 0.046354
0.293451 0.241128 1.747716 0.571023 -0.178766 0.799603 0.051099
0.291471 0.240149 1.751350 0.568974 -0.176873 0.801147 0.056108
0.289801 0.239377 1.754286 0.567308 -0.174233 0.802484 0.061842
0.288391 0.238754 1.756818 0.565607 -0.171438 0.803860 0.067135
0.286738 0.237822 1.760324 0.562954 -0.169358 0.805814 0.071159
0.285010 0.236824 1.764065 0.560241 -0.167195 0.807743 0.075670
0.283321 0.235931 1.767646 0.557712 -0.164661 0.809527 0.080682
0.281847 0.235266 1.770689 0.555637 -0.161112 0.811064 0.086523
0.280361 0.234838 1.774444 0.553255 -0.155589 0.813105 0.092524
0.278814 0.234194 1.778353 0.550724 -0.151999 0.815040 0.096484
0.277389 0.233530 1.781826 0.548449 -0.149538 0.816688 0.099318
0.276144 0.232913 1.784794 0.546496 -0.147760 0.818056 0.101450
0.274980 0.233137 1.789057 0.544326 -0.140100 0.820314 0.105670
0.273954 0.233205 1.793471 0.541792 -0.134356 0.822672 0.107801
