0.069112 0.340439 1.554976 0.698077 0.021858 0.714827 0.035101
0.072856 0.338467 1.558359 0.697260 0.019920 0.715531 0.038045
0.076168 0.336825 1.561485 0.696252 0.019218 0.716366 0.041041
0.080082 0.335441 1.565689 0.694668 0.019604 0.717737 0.043657
0.084063 0.333626 1.569519 0.693513 0.018214 0.718729 0.046239
0.087637 0.331779 1.572724 0.692603 0.016376 0.719484 0.048745
0.090767 0.330264 1.575634 0.691571 0.015631 0.720332 0.051057
0.094573 0.329419 1.579877 0.689570 0.017213 0.722142 0.052031
0.098576 0.327992 1.583818 0.688067 0.016618 0.723501 0.053223
0.102224 0.326392 1.587128 0.686869 0.015312 0.724557 0.054724
0.105415 0.324958 1.590014 0.685722 0.014447 0.725552 0.056134
0.109380 0.323911 1.594032 0.683680 0.015235 0.727482 0.055837
0.113733 0.322114 1.597760 0.682146 0.013767 0.728912 0.056346
0.117754 0.320096 1.600874 0.680932 0.011635 0.729992 0.057504
0.121249 0.318231 1.603519 0.679867 0.009831 0.730911 0.058767
0.125233 0.316985 1.606970 0.678248 0.009724 0.732506 0.057621
0.129938 0.315088 1.610139 0.676962 0.007651 0.733725 0.057535
0.134580 0.312746 1.612752 0.675973 0.004702 0.734572 0.058686
0.138695 0.310441 1.614917 0.675132 0.001917 0.735229 0.060272
0.142608 0.309202 1.617979 0.673637 0.002270 0.736738 0.058525
0.146908 0.307776 1.620860 0.672229 0.001245 0.738142 0.057043
0.151569 0.305830 1.623261 0.670981 -0.000849 0.739270 0.057126
0.156198 0.303492 1.625186 0.669969 -0.003629 0.740076 0.058455
0.160289 0.301782 1.627865 0.668069 -0.001876 0.741761 0.058916
0.164502 0.299885 1.630659 0.666258 -0.002339 0.743465 0.057908
0.169012 0.297533 1.633060 0.664646 -0.004105 0.744885 0.058083
0.173763 0.294762 1.635000 0.663259 -0.006714 0.745983 0.059611
0.178030 0.293141 1.637242 0.661636 -0.005081 0.747311 0.061145
0.181957 0.292054 1.639803 0.659852 -0.004178 0.748932 0.060662
0.186026 0.290510 1.642174 0.658222 -0.005143 0.750403 0.060102
0.190394 0.288442 1.644132 0.656812 -0.007064 0.751563 0.060823
0.194552 0.286959 1.645764 0.655400 -0.005293 0.752742 0.061655
0.198568 0.285733 1.647400 0.654013 -0.003438 0.753933 0.061973
0.202760 0.283912 1.648978 0.652765 -0.003853 0.754999 0.062124
0.207254 0.281521 1.650287 0.651717 -0.005459 0.755788 0.063391
0.211698 0.279843 1.651590 0.650823 -0.004418 0.756472 0.064503
0.215759 0.278848 1.653412 0.649881 -0.003252 0.757331 0.063983
0.219861 0.277345 1.655251 0.648875 -0.003901 0.758237 0.063429
0.224235 0.275233 1.656793 0.648018 -0.005613 0.758906 0.064041
0.228730 0.273655 1.657938 0.647344 -0.004878 0.759386 0.065234
0.233101 0.273021 1.658976 0.646939 -0.003278 0.759704 0.065650
0.237520 0.271924 1.659936 0.646523 -0.002872 0.759981 0.066541
0.242149 0.270130 1.660729 0.646227 -0.003651 0.760076 0.068279
0.246818 0.268594 1.661464 0.645603 -0.002759 0.760427 0.070279
0.251297 0.267799 1.662554 0.644786 -0.000996 0.761041 0.071179
0.255796 0.266438 1.663691 0.644034 -0.000651 0.761573 0.072301
0.260451 0.264341 1.664677 0.643496 -0.001554 0.761848 0.074151
0.265096 0.262539 1.665492 0.643069 -0.001959 0.762073 0.075518
0.269872 0.261437 1.666617 0.642812 -0.001667 0.762266 0.075769
0.274665 0.259626 1.667873 0.642581 -0.002719 0.762398 0.076359
0.279430 0.257090 1.669000 0.642535 -0.004829 0.762294 0.077675
0.284016 0.254943 1.669840 0.642566 -0.006481 0.762192 0.078302
0.288983 0.253651 1.670468 0.642744 -0.006588 0.762021 0.078489
0.293789 0.251729 1.671083 0.643086 -0.007696 0.761640 0.079281
0.298060 0.249544 1.671629 0.643568 -0.009407 0.761108 0.080289
0.302033 0.247963 1.672173 0.643763 -0.010670 0.760929 0.080266
0.306724 0.247177 1.673083 0.643362 -0.010559 0.761345 0.079542
0.311307 0.245524 1.674063 0.643149 -0.011705 0.761506 0.079573
0.315384 0.243511 1.674959 0.643127 -0.013497 0.761452 0.079970
0.319142 0.241875 1.675683 0.643079 -0.015276 0.761514 0.079450
0.323569 0.240998 1.676021 0.643275 -0.015771 0.761449 0.078379
0.327627 0.239689 1.676282 0.643701 -0.016787 0.761098 0.078080
0.331116 0.238267 1.676537 0.644132 -0.018047 0.760709 0.078040
0.334254 0.237156 1.676793 0.644339 -0.019299 0.760582 0.077273
0.338165 0.236408 1.677137 0.643881 -0.019593 0.761102 0.075872
0.341910 0.234908 1.677462 0.643692 -0.020728 0.761265 0.075537
0.345201 0.233183 1.677774 0.643631 -0.022232 0.761265 0.075631
0.348171 0.231735 1.678030 0.643602 -0.023839 0.761286 0.075179
0.352116 0.231544 1.678033 0.643860 -0.024289 0.761238 0.073299
0.355757 0.231017 1.678029 0.644229 -0.024909 0.761002 0.072283
0.358874 0.230307 1.678067 0.644562 -0.025724 0.760752 0.071657
0.361588 0.229687 1.678115 0.644797 -0.026656 0.760605 0.070752
0.365382 0.229508 1.677728 0.645059 -0.026447 0.760537 0.069153
0.369202 0.228397 1.677182 0.645633 -0.026883 0.760034 0.069161
0.372605 0.226897 1.676702 0.646230 -0.027835 0.759441 0.069720
0.375553 0.225427 1.676320 0.646728 -0.029063 0.758937 0.070089
0.379276 0.224564 1.675700 0.647255 -0.030866 0.758627 0.067766
0.382916 0.223126 1.675073 0.647929 -0.032812 0.758056 0.066810
0.386104 0.221482 1.674560 0.648540 -0.034849 0.757471 0.066471
0.388818 0.219929 1.674162 0.649034 -0.036747 0.756972 0.066314
0.392304 0.219320 1.673355 0.649447 -0.038395 0.756772 0.063563
0.395787 0.218307 1.672312 0.650069 -0.039586 0.756273 0.062410
0.398847 0.217065 1.671343 0.650701 -0.040848 0.755695 0.062003
0.401445 0.215851 1.670536 0.651235 -0.042025 0.755180 0.061890
0.404755 0.215379 1.669144 0.652372 -0.043245 0.754286 0.059940
0.408144 0.214616 1.667396 0.653865 -0.043970 0.752986 0.059475
0.411106 0.213629 1.665796 0.655218 -0.044771 0.751752 0.059616
0.413609 0.212646 1.664457 0.656333 -0.045549 0.750708 0.059919
0.416176 0.211950 1.663148 0.657264 -0.047015 0.749971 0.057776
0.418706 0.210895 1.661958 0.658171 -0.048531 0.749190 0.056292
0.420927 0.209664 1.660990 0.658935 -0.050112 0.748478 0.055440
0.422814 0.208482 1.660223 0.659545 -0.051566 0.747881 0.054905
0.424940 0.207490 1.659346 0.660092 -0.053819 0.747390 0.052821
0.427282 0.205981 1.658261 0.660814 -0.056238 0.746653 0.051693
0.429003 0.204772 1.657366 0.661001 -0.057257 0.746513 0.050173
0.429451 0.205195 1.656879 0.660211 -0.055565 0.747582 0.046422
0.429817 0.206365 1.656660 0.659381 -0.054316 0.748683 0.041719
0.430341 0.208092 1.656480 0.658781 -0.052600 0.749569 0.037268
0.430803 0.209711 1.656340 0.658346 -0.051266 0.750221 0.033478
0.431079 0.210111 1.656272 0.658128 -0.051790 0.750473 0.031224
0.431388 0.210412 1.656328 0.658045 -0.052644 0.750607 0.028186
0.431763 0.211195 1.656213 0.657623 -0.052818 0.751138 0.023132
0.432007 0.212112 1.656103 0.657230 -0.052576 0.751620 0.018746
0.432210 0.212983 1.656043 0.656943 -0.052450 0.751963 0.015055
0.432405 0.213666 1.656308 0.656531 -0.053934 0.752299 0.010225
0.432613 0.214328 1.656562 0.656216 -0.056067 0.752474 0.004541
0.432754 0.214895 1.656734 0.655941 -0.057976 0.752582 -0.000299
0.432851 0.215345 1.656893 0.655691 -0.059707 0.752653 -0.004336
0.432902 0.215723 1.657361 0.655220 -0.063335 0.752718 -0.009516
0.432975 0.216293 1.657797 0.654838 -0.068873 0.752458 -0.015856
0.433049 0.216796 1.658091 0.654522 -0.073718 0.752143 -0.021137
0.433097 0.217203 1.658338 0.654209 -0.077844 0.751862 -0.025569
0.433129 0.217422 1.658912 0.653625 -0.083100 0.751599 -0.031095
0.433183 0.217653 1.659625 0.653042 -0.089818 0.750985 -0.038599
0.433224 0.217926 1.660134 0.652565 -0.095527 0.750342 -0.044935
0.433252 0.218148 1.660573 0.652107 -0.100466 0.749760 -0.050243
0.433252 0.218202 1.661240 0.651388 -0.106352 0.749146 -0.056233
0.433215 0.218138 1.662129 0.650510 -0.114939 0.747954 -0.064737
0.433207 0.218080 1.662729 0.649824 -0.122488 0.746709 -0.071773
0.433205 0.217968 1.663220 0.649190 -0.129059 0.745573 -0.077563
0.433185 0.217777 1.663837 0.648332 -0.136040 0.744431 -0.083549
0.433134 0.217673 1.664802 0.647010 -0.146281 0.742591 -0.092408
0.433123 0.217688 1.665498 0.645905 -0.155524 0.740690 -0.099982
0.433120 0.217714 1.666073 0.644918 -0.163506 0.738961 -0.106223
0.433093 0.217696 1.666724 0.643813 -0.171494 0.737207 -0.112339
0.432955 0.217718 1.667964 0.642196 -0.183896 0.734149 -0.121618
0.432889 0.217826 1.668970 0.640948 -0.195361 0.730977 -0.129200
0.432858 0.217923 1.669817 0.639873 -0.205342 0.728078 -0.135277
0.432824 0.217957 1.670594 0.638729 -0.214713 0.725320 -0.140832
0.432716 0.217899 1.671577 0.636641 -0.227325 0.721586 -0.149417
0.432633 0.217861 1.672355 0.634871 -0.238742 0.717976 -0.156371
0.432580 0.217793 1.672991 0.633349 -0.248695 0.714706 -0.161908
0.432528 0.217711 1.673541 0.631943 -0.257694 0.711668 -0.166640
0.432356 0.217827 1.674256 0.629769 -0.269708 0.707485 -0.173536
0.432194 0.218053 1.674721 0.628277 -0.279950 0.703598 -0.178453
0.432059 0.218265 1.674991 0.627158 -0.288617 0.700128 -0.182190
0.431964 0.218414 1.675159 0.626145 -0.296543 0.696889 -0.185337
0.431768 0.218790 1.675288 0.624260 -0.307477 0.692269 -0.191102
0.431634 0.219190 1.675624 0.622304 -0.318514 0.687572 -0.196291
0.431581 0.219530 1.676045 0.620517 -0.328479 0.683244 -0.200591
0.431584 0.219870 1.676607 0.618935 -0.337226 0.679344 -0.204183
0.431516 0.220226 1.677194 0.616690 -0.347534 0.674645 -0.209204
0.431457 0.220558 1.677797 0.614397 -0.357952 0.669857 -0.213726
0.431409 0.220784 1.678316 0.612355 -0.367078 0.665567 -0.217474
0.431343 0.220935 1.678732 0.610581 -0.374641 0.661919 -0.220675
0.431235 0.221210 1.679184 0.608468 -0.382544 0.658063 -0.224455
0.431115 0.221457 1.679615 0.606417 -0.390083 0.654317 -0.227952
0.431022 0.221627 1.680000 0.604609 -0.396410 0.651127 -0.230957
0.430950 0.221742 1.680315 0.603053 -0.401648 0.648439 -0.233526
0.430889 0.222093 1.680664 0.601238 -0.406951 0.645862 -0.236148
0.430855 0.222482 1.681026 0.599485 -0.411870 0.643510 -0.238484
0.430848 0.222788 1.681378 0.597898 -0.415999 0.641543 -0.240598
0.430855 0.223023 1.681686 0.596503 -0.419443 0.639895 -0.242461
0.430737 0.223258 1.682095 0.594869 -0.423101 0.638336 -0.244219
0.430582 0.223168 1.682561 0.592782 -0.427494 0.636678 -0.245968
0.430547 0.222842 1.683102 0.590473 -0.431906 0.635066 -0.247970
0.430584 0.222358 1.683672 0.588376 -0.435692 0.633767 -0.249650
0.430382 0.221924 1.684048 0.587217 -0.438398 0.633145 -0.249220
0.430119 0.221401 1.684014 0.586502 -0.441005 0.632650 -0.247555
0.429946 0.220865 1.683746 0.585992 -0.443349 0.632134 -0.245891
0.429865 0.220244 1.683390 0.585545 -0.445517 0.631637 -0.244307
0.429520 0.219774 1.683255 0.585736 -0.446118 0.632392 -0.240774
0.429183 0.218814 1.683319 0.585835 -0.446442 0.633955 -0.235770
0.429007 0.217644 1.683373 0.585677 -0.446966 0.635319 -0.231460
0.428893 0.216529 1.683476 0.585399 -0.447427 0.636531 -0.227915
0.428590 0.215448 1.683879 0.586217 -0.446348 0.638953 -0.221048
0.427705 0.214969 1.684483 0.587540 -0.443511 0.642542 -0.212681
0.426730 0.215126 1.684956 0.588676 -0.440562 0.645624 -0.206242
0.425780 0.215578 1.685395 0.589571 -0.437791 0.648246 -0.201298
0.424572 0.215906 1.686085 0.590479 -0.434550 0.651709 -0.194363
0.422562 0.216562 1.686841 0.591187 -0.429777 0.656728 -0.185735
0.420584 0.217843 1.687290 0.591915 -0.424946 0.661072 -0.179002
0.418766 0.219310 1.687672 0.592484 -0.420514 0.664768 -0.173823
0.416757 0.220408 1.688372 0.593177 -0.415830 0.668863 -0.166879
0.413693 0.221410 1.689665 0.593414 -0.410146 0.674291 -0.158022
0.410732 0.223046 1.690814 0.593532 -0.404603 0.679002 -0.151566
0.408056 0.224846 1.691877 0.593515 -0.399593 0.683015 -0.146816
0.405370 0.226327 1.693027 0.593611 -0.394518 0.687041 -0.141267
0.401664 0.227679 1.694315 0.593542 -0.388303 0.692135 -0.133709
0.398160 0.229657 1.695288 0.593531 -0.382215 0.696569 -0.128152
0.395036 0.231751 1.696132 0.593460 -0.376725 0.700349 -0.124073
0.392063 0.233502 1.697057 0.593511 -0.371498 0.703903 -0.119389
0.387937 0.235075 1.698398 0.593278 -0.365567 0.708327 -0.112492
0.383950 0.237419 1.699506 0.593084 -0.359538 0.712293 -0.107808
0.380369 0.239918 1.700483 0.592868 -0.353980 0.715729 -0.104583
0.377045 0.242098 1.701494 0.592796 -0.348415 0.719036 -0.100925
0.372469 0.243709 1.703123 0.592385 -0.340665 0.724033 -0.093822
0.368107 0.245839 1.704521 0.591811 -0.333390 0.728499 -0.088888
0.364243 0.248035 1.705742 0.591190 -0.326991 0.732309 -0.085401
0.360797 0.249937 1.706911 0.590707 -0.321077 0.735720 -0.081798
0.356242 0.250993 1.708985 0.590066 -0.313320 0.740442 -0.073471
0.351831 0.252417 1.711040 0.589012 -0.306496 0.744665 -0.067808
0.347916 0.253941 1.712894 0.587904 -0.300658 0.748264 -0.063841
0.344482 0.255311 1.714541 0.586876 -0.295537 0.751385 -0.060460
0.339985 0.255970 1.716381 0.585891 -0.287790 0.755808 -0.051618
0.335620 0.257036 1.717973 0.584662 -0.280794 0.759800 -0.045054
0.331763 0.258254 1.719369 0.583433 -0.274797 0.763198 -0.040261
0.328429 0.259386 1.720602 0.582232 -0.269777 0.766085 -0.036589
0.324300 0.260124 1.722225 0.581724 -0.260985 0.769934 -0.026180
0.320201 0.260677 1.724571 0.581702 -0.254467 0.772338 -0.019046
0.316503 0.261065 1.727148 0.581497 -0.249971 0.774054 -0.014733
0.313293 0.261304 1.729535 0.581133 -0.246686 0.775428 -0.011891
0.309369 0.260832 1.732478 0.579385 -0.244144 0.777585 -0.008238
0.305162 0.260425 1.735804 0.577360 -0.241111 0.780065 -0.004430
0.301472 0.260388 1.738546 0.575726 -0.237152 0.782495 0.000039
0.298434 0.260522 1.740568 0.574581 -0.232554 0.784695 0.005411
0.294866 0.260177 1.743304 0.572390 -0.230414 0.786895 0.008679
0.290735 0.259988 1.746857 0.569799 -0.228313 0.789355 0.010981
0.287000 0.260200 1.749900 0.567665 -0.225090 0.791768 0.013940
0.283889 0.260571 1.752209 0.566103 -0.220996 0.793953 0.018076
0.280797 0.260553 1.754992 0.563867 -0.218652 0.796107 0.021400
0.277298 0.260282 1.758838 0.560967 -0.216990 0.798534 0.023995
0.274117 0.260198 1.762237 0.558428 -0.214477 0.800884 0.027264
0.271485 0.260239 1.764861 0.556464 -0.211072 0.802988 0.031707
0.268898 0.260151 1.767661 0.554491 -0.207714 0.804999 0.037030
0.265794 0.260030 1.771418 0.552023 -0.204732 0.807234 0.041588
0.262887 0.260126 1.774764 0.549782 -0.201146 0.809403 0.046337
