0.425042 -0.195510 1.999316 0.484252 -0.174660 0.785928 0.342507
0.420976 -0.193319 2.000385 0.482046 -0.175881 0.787598 0.341155
0.417121 -0.191791 2.001651 0.479687 -0.177523 0.789207 0.339910
0.412934 -0.190636 2.002466 0.477601 -0.179945 0.790398 0.338804
0.407843 -0.188493 2.002711 0.475909 -0.182052 0.791370 0.337788
0.403536 -0.185877 2.003192 0.474144 -0.183064 0.792792 0.336387
0.399961 -0.183330 2.003654 0.472573 -0.183572 0.794200 0.334995
0.396717 -0.181023 2.003860 0.471393 -0.184125 0.795245 0.333873
0.392284 -0.178061 2.003330 0.471177 -0.184732 0.795216 0.333913
0.388348 -0.174312 2.003264 0.470659 -0.184545 0.795990 0.332901
0.385088 -0.170395 2.003412 0.469957 -0.183712 0.797194 0.331470
0.382347 -0.166781 2.003568 0.469262 -0.182760 0.798430 0.330003
0.378201 -0.162760 2.002894 0.468507 -0.182884 0.799511 0.328384
0.374354 -0.157931 2.002530 0.467677 -0.182069 0.801070 0.326216
0.371185 -0.152702 2.002412 0.466852 -0.180558 0.803020 0.323430
0.368586 -0.147680 2.002412 0.466027 -0.178610 0.805007 0.320752
0.364910 -0.142670 2.001574 0.465564 -0.177101 0.805979 0.319819
0.361064 -0.136876 2.000710 0.465178 -0.174715 0.807028 0.319042
0.357833 -0.130644 2.000138 0.464772 -0.171898 0.808624 0.317118
0.355144 -0.124239 1.999759 0.464402 -0.168743 0.810539 0.314459
0.352038 -0.118108 1.998935 0.464099 -0.166596 0.811993 0.312289
0.348571 -0.111752 1.997587 0.464171 -0.164505 0.812915 0.310889
0.345645 -0.105131 1.996459 0.464303 -0.161859 0.814242 0.308600
0.343134 -0.098398 1.995564 0.464453 -0.158903 0.815894 0.305532
0.340459 -0.091759 1.994544 0.464591 -0.156359 0.817482 0.302373
0.336999 -0.084888 1.992861 0.464997 -0.153738 0.818340 0.300769
0.333974 -0.077718 1.991431 0.465351 -0.150426 0.819648 0.298326
0.331284 -0.070493 1.990294 0.465621 -0.146823 0.821317 0.295093
0.328700 -0.063450 1.989351 0.465749 -0.143655 0.823117 0.291412
0.325270 -0.056524 1.988161 0.465673 -0.142191 0.824089 0.289495
0.322054 -0.049213 1.987230 0.465407 -0.139745 0.825603 0.286789
0.319096 -0.041824 1.986540 0.465087 -0.136728 0.827504 0.283261
0.316325 -0.034528 1.986015 0.464782 -0.133519 0.829622 0.279066
0.312926 -0.027265 1.984860 0.464569 -0.131847 0.830838 0.276587
0.309704 -0.019451 1.983670 0.464386 -0.128729 0.832283 0.274009
0.306692 -0.011516 1.982693 0.464155 -0.124881 0.834118 0.270576
0.303798 -0.003724 1.981930 0.463896 -0.120773 0.836190 0.266459
0.300572 0.003634 1.980711 0.463775 -0.119067 0.837419 0.263564
0.297322 0.011318 1.979235 0.463740 -0.116537 0.838460 0.261436
0.294188 0.019131 1.977983 0.463611 -0.113080 0.839947 0.258394
0.291094 0.026800 1.976991 0.463392 -0.109250 0.841740 0.254573
0.287915 0.034179 1.975914 0.462989 -0.107570 0.843492 0.250183
0.284647 0.042009 1.974564 0.462469 -0.105697 0.845076 0.246571
0.281392 0.050097 1.973387 0.461908 -0.102491 0.847017 0.242277
0.278093 0.058047 1.972446 0.461320 -0.098715 0.849166 0.237395
0.274784 0.065601 1.971529 0.460806 -0.096108 0.851038 0.232714
0.271413 0.073235 1.970216 0.460368 -0.094159 0.852147 0.230307
0.267956 0.081130 1.969027 0.459832 -0.090858 0.853667 0.227051
0.264385 0.088899 1.968074 0.459216 -0.086980 0.855476 0.222970
0.260784 0.096313 1.967268 0.458575 -0.083680 0.857388 0.218156
0.257479 0.103345 1.966017 0.458077 -0.082462 0.858623 0.214785
0.254127 0.110476 1.964751 0.457678 -0.079972 0.859990 0.211073
0.250630 0.117482 1.963686 0.457268 -0.076830 0.861558 0.206694
0.247010 0.124259 1.962832 0.456855 -0.073482 0.863241 0.201741
0.244167 0.131279 1.961626 0.456628 -0.071794 0.864143 0.198982
0.241273 0.138849 1.960190 0.456491 -0.068290 0.865169 0.196046
0.238077 0.146412 1.958897 0.456298 -0.063982 0.866453 0.192245
0.234584 0.153728 1.957824 0.456040 -0.059418 0.867907 0.187706
0.231493 0.160912 1.957007 0.455846 -0.056364 0.869067 0.183712
0.228337 0.168124 1.956305 0.455619 -0.052966 0.870268 0.179551
0.224848 0.175129 1.955702 0.455362 -0.049123 0.871611 0.174721
0.221067 0.181853 1.955212 0.455095 -0.045078 0.873027 0.169352
0.217718 0.188559 1.954839 0.454814 -0.042165 0.874123 0.165151
0.214802 0.195725 1.954232 0.454651 -0.039024 0.875021 0.161582
0.211544 0.202830 1.953510 0.454577 -0.035054 0.876003 0.157315
0.207907 0.209680 1.952835 0.454509 -0.030755 0.877066 0.152419
0.204324 0.216395 1.952392 0.454351 -0.026893 0.878102 0.147573
0.201062 0.223670 1.952057 0.454280 -0.023316 0.879101 0.142369
0.197400 0.230838 1.951612 0.454239 -0.019042 0.880134 0.136630
0.193588 0.237520 1.951242 0.454007 -0.014557 0.881207 0.130917
0.190138 0.243586 1.950996 0.453719 -0.010557 0.882119 0.126070
0.187263 0.250546 1.950939 0.453611 -0.006877 0.882859 0.121449
0.184314 0.257345 1.950737 0.453345 -0.002531 0.883669 0.116625
0.181541 0.263414 1.950451 0.453046 0.001689 0.884389 0.112263
0.179088 0.268655 1.950144 0.452795 0.005471 0.884966 0.108547
0.177160 0.274835 1.950191 0.452904 0.009191 0.885407 0.104154
0.175084 0.281069 1.950132 0.452857 0.013465 0.885944 0.099213
0.173065 0.286661 1.949950 0.452743 0.017600 0.886411 0.094812
0.171244 0.291482 1.949710 0.452635 0.021305 0.886778 0.091068
0.170205 0.296923 1.949973 0.452690 0.024155 0.887026 0.087593
0.169407 0.302651 1.950162 0.452776 0.027185 0.887294 0.083448
0.168649 0.307742 1.950091 0.452898 0.030246 0.887457 0.079929
0.167974 0.312113 1.949898 0.453050 0.033054 0.887536 0.077024
0.167552 0.316883 1.950109 0.453350 0.035408 0.887625 0.073092
0.166990 0.322549 1.950594 0.453544 0.038102 0.887888 0.067088
0.166254 0.327724 1.950825 0.453640 0.041012 0.888093 0.061818
0.165508 0.332234 1.950892 0.453712 0.043781 0.888218 0.057425
0.165140 0.336736 1.951083 0.453861 0.046266 0.888235 0.053914
0.165601 0.342445 1.951165 0.454242 0.048969 0.888143 0.049698
0.166187 0.347671 1.950680 0.454752 0.052052 0.887884 0.046396
0.166758 0.352191 1.949984 0.455298 0.055002 0.887554 0.043882
0.167430 0.356337 1.949413 0.455907 0.057593 0.887182 0.041723
0.169020 0.361887 1.949546 0.456885 0.059694 0.886748 0.037013
0.170730 0.366841 1.949313 0.457934 0.061867 0.886216 0.033032
0.172341 0.371001 1.948874 0.458974 0.063879 0.885641 0.030051
0.173805 0.374511 1.948408 0.459954 0.065692 0.885071 0.027851
0.176028 0.379034 1.949067 0.461310 0.067100 0.884350 0.024815
0.178240 0.383346 1.949874 0.462486 0.068301 0.883729 0.021569
0.180138 0.387008 1.950474 0.463530 0.069449 0.883154 0.018864
0.181742 0.390082 1.950902 0.464454 0.070518 0.882628 0.016674
0.184101 0.393770 1.951859 0.466021 0.070576 0.881852 0.013437
0.187002 0.397537 1.952776 0.467752 0.070306 0.881004 0.009872
0.189707 0.400704 1.953330 0.469376 0.070269 0.880168 0.007187
0.192096 0.403325 1.953658 0.470845 0.070359 0.879391 0.005150
0.194919 0.406333 1.954269 0.472587 0.070589 0.878447 0.003309
0.198675 0.409735 1.954974 0.474681 0.070192 0.877354 0.000340
0.202282 0.412636 1.955305 0.476653 0.069988 0.876299 -0.001787
0.205500 0.415010 1.955398 0.478446 0.069928 0.875322 -0.003289
0.208793 0.417363 1.955734 0.480345 0.069483 0.874311 -0.004476
0.213324 0.419938 1.956619 0.482769 0.067512 0.873117 -0.006429
0.217771 0.422223 1.957347 0.484959 0.065903 0.872019 -0.007450
0.221580 0.424258 1.957898 0.486806 0.064820 0.871062 -0.008274
0.224994 0.426138 1.958412 0.488688 0.063819 0.870074 -0.009034
0.229665 0.428176 1.959454 0.491967 0.060423 0.868435 -0.011781
0.234348 0.429869 1.960432 0.494945 0.057251 0.866927 -0.013739
0.238321 0.431658 1.961351 0.497334 0.055008 0.865679 -0.015292
0.241484 0.433405 1.962131 0.499258 0.053531 0.864635 -0.016770
0.245914 0.435039 1.963488 0.502114 0.049764 0.863174 -0.018266
0.250897 0.436094 1.964686 0.504931 0.045872 0.861736 -0.018766
0.255392 0.437142 1.965786 0.507277 0.042823 0.860513 -0.018840
0.259069 0.438173 1.966719 0.509142 0.040626 0.859511 -0.019068
0.263462 0.439183 1.968129 0.511512 0.037034 0.858255 -0.019522
0.268736 0.439604 1.969491 0.514044 0.032781 0.856919 -0.019327
0.273648 0.439981 1.970739 0.516192 0.029286 0.855769 -0.018624
0.277693 0.440550 1.971871 0.517833 0.026775 0.854870 -0.018179
0.281774 0.441340 1.973047 0.519922 0.024503 0.853664 -0.018401
0.286811 0.441954 1.973921 0.522483 0.021840 0.852169 -0.018542
0.291569 0.442605 1.974544 0.524702 0.019815 0.850865 -0.017999
0.295462 0.443689 1.975130 0.526372 0.018707 0.849867 -0.017597
0.298952 0.445110 1.975705 0.528349 0.018426 0.848644 -0.017656
0.303878 0.446084 1.975974 0.531491 0.017339 0.846701 -0.017746
0.308913 0.446739 1.976018 0.534355 0.016284 0.844936 -0.016839
0.313256 0.447570 1.976091 0.536661 0.015719 0.843500 -0.015966
0.316914 0.448540 1.976255 0.538673 0.015864 0.842227 -0.015228
0.321557 0.449105 1.977008 0.541015 0.015941 0.840735 -0.014628
0.326505 0.448915 1.977940 0.543067 0.015314 0.839444 -0.013345
0.330926 0.448706 1.979045 0.544691 0.014666 0.838422 -0.012086
0.334444 0.448885 1.980259 0.545834 0.014555 0.837692 -0.011269
0.338626 0.449112 1.981373 0.547600 0.015060 0.836535 -0.010776
0.343409 0.448909 1.982052 0.549261 0.015184 0.835461 -0.009388
0.347836 0.448804 1.982597 0.550668 0.015348 0.834548 -0.007747
0.351389 0.449207 1.983168 0.551633 0.015960 0.833909 -0.006527
0.355004 0.449836 1.983794 0.552847 0.017547 0.833081 -0.005305
0.359096 0.450019 1.984250 0.554128 0.018600 0.832215 -0.003638
0.362778 0.450289 1.984713 0.555146 0.019565 0.831520 -0.001981
0.365676 0.450818 1.985188 0.555791 0.020730 0.831063 -0.000849
0.368411 0.451605 1.985746 0.556607 0.021846 0.830488 -0.001060
0.371587 0.452311 1.986117 0.557549 0.022697 0.829832 -0.001526
0.374450 0.453080 1.986341 0.558291 0.023673 0.829306 -0.001598
0.376799 0.453838 1.986451 0.558831 0.024712 0.828912 -0.001671
0.378922 0.454761 1.986697 0.559393 0.025662 0.828503 -0.002047
0.381311 0.455797 1.987113 0.559930 0.026477 0.828112 -0.002928
0.383539 0.456575 1.987358 0.560355 0.027253 0.827797 -0.003370
0.385509 0.457156 1.987499 0.560706 0.027931 0.827536 -0.003571
0.387252 0.457702 1.987648 0.561036 0.028636 0.827288 -0.003854
0.389220 0.458286 1.987766 0.561401 0.029463 0.827004 -0.005083
0.391306 0.458540 1.987604 0.561827 0.030070 0.826689 -0.005580
0.393304 0.458602 1.987331 0.562262 0.030503 0.826377 -0.005646
0.395205 0.458329 1.987209 0.562735 0.030403 0.826063 -0.005134
0.397640 0.457324 1.987843 0.563309 0.029437 0.825705 -0.005212
0.400028 0.456486 1.988060 0.563590 0.029377 0.825515 -0.005265
0.402263 0.455786 1.987920 0.563969 0.029328 0.825261 -0.004839
0.404271 0.455114 1.987726 0.564348 0.029206 0.825010 -0.004242
0.406146 0.454084 1.987752 0.564671 0.028652 0.824805 -0.004792
0.407866 0.453207 1.987628 0.564753 0.028453 0.824748 -0.005945
0.408735 0.453180 1.987397 0.564581 0.028884 0.824835 -0.007793
0.409473 0.453142 1.987197 0.564469 0.029220 0.824890 -0.008771
0.410105 0.452800 1.986929 0.564391 0.029703 0.824910 -0.010190
0.410794 0.452318 1.986469 0.564364 0.030230 0.824896 -0.011180
0.411486 0.451898 1.985967 0.564324 0.030701 0.824899 -0.011769
0.412132 0.451544 1.985469 0.564284 0.031115 0.824906 -0.012069
0.412488 0.450951 1.984973 0.564225 0.031359 0.824924 -0.012907
0.412789 0.449857 1.984366 0.563949 0.032049 0.825101 -0.011918
0.412998 0.449054 1.983776 0.563504 0.032820 0.825385 -0.011219
0.413222 0.448199 1.983430 0.563214 0.033164 0.825581 -0.010297
0.413182 0.447138 1.983147 0.563144 0.032827 0.825639 -0.010535
0.412502 0.445071 1.982651 0.563386 0.032142 0.825516 -0.009238
0.411859 0.443401 1.982194 0.563015 0.032274 0.825780 -0.007709
0.411149 0.442197 1.981760 0.562633 0.032554 0.826042 -0.006214
0.410459 0.441198 1.981343 0.562300 0.032604 0.826274 -0.005203
0.408752 0.439636 1.980679 0.562199 0.032670 0.826353 -0.002505
0.407197 0.437888 1.980009 0.561705 0.033271 0.826668 0.000359
0.405560 0.436376 1.979355 0.561201 0.033620 0.826993 0.002295
0.404148 0.434833 1.978655 0.560752 0.033631 0.827291 0.004198
0.401874 0.433394 1.978058 0.560423 0.033407 0.827502 0.007094
0.399342 0.431917 1.977619 0.559999 0.033920 0.827725 0.010980
0.396888 0.430403 1.977262 0.559558 0.034050 0.827982 0.013483
0.394633 0.428898 1.976858 0.558965 0.033778 0.828368 0.014944
0.391758 0.427579 1.976524 0.558432 0.033507 0.828702 0.016844
0.388534 0.426058 1.976381 0.558180 0.033499 0.828805 0.019861
0.385462 0.424489 1.976272 0.557880 0.033813 0.828929 0.022419
0.382617 0.422974 1.976051 0.557371 0.034151 0.829196 0.024583
0.379540 0.421496 1.975859 0.556757 0.034089 0.829539 0.026922
0.375675 0.419922 1.975955 0.556642 0.033853 0.829508 0.030328
0.371994 0.418274 1.976084 0.556609 0.033829 0.829420 0.033229
0.368565 0.416700 1.976103 0.556299 0.033670 0.829549 0.035318
0.365227 0.415116 1.976110 0.555881 0.033262 0.829749 0.037490
0.360951 0.413409 1.976408 0.555658 0.032971 0.829716 0.041582
0.356975 0.411552 1.976671 0.555650 0.032803 0.829538 0.045205
0.353292 0.409788 1.976827 0.555336 0.032552 0.829593 0.048144
0.349964 0.407959 1.976899 0.554947 0.031946 0.829734 0.050547
0.345633 0.406005 1.976971 0.554608 0.031784 0.829757 0.053871
0.341599 0.404011 1.976843 0.554639 0.031791 0.829509 0.057277
0.337961 0.402118 1.976552 0.554569 0.031563 0.829358 0.060180
0.334656 0.400267 1.976196 0.554297 0.031071 0.829384 0.062552
0.330379 0.398179 1.976173 0.553713 0.031089 0.829508 0.065968
0.326033 0.396020 1.976160 0.553684 0.031298 0.829189 0.070000
0.322097 0.393898 1.976053 0.553665 0.031109 0.828918 0.073368
0.318545 0.391756 1.975898 0.553484 0.030560 0.828807 0.076168
0.314498 0.389294 1.975974 0.553228 0.029763 0.828826 0.078117
0.309959 0.386793 1.976268 0.553099 0.030202 0.828491 0.082294
0.305791 0.384403 1.976435 0.553031 0.030319 0.828158 0.085980
0.302234 0.381825 1.976478 0.553062 0.029795 0.827823 0.089132
0.298516 0.378870 1.976664 0.552712 0.028546 0.827942 0.090598
0.294076 0.375637 1.977126 0.552574 0.028262 0.827712 0.093574
0.289873 0.372641 1.977497 0.552325 0.028137 0.827501 0.096885
0.286242 0.369501 1.977740 0.552193 0.027278 0.827304 0.099536
0.282800 0.366148 1.978016 0.551876 0.025915 0.827351 0.101249
0.278792 0.362527 1.978439 0.551648 0.025803 0.827117 0.104383
0.275174 0.358989 1.978687 0.551464 0.025388 0.826854 0.107497
0.272000 0.355396 1.978852 0.551263 0.024287 0.826696 0.109966
0.269167 0.351630 1.979026 0.550976 0.022571 0.826679 0.111877
0.265262 0.347430 1.979728 0.550410 0.022157 0.826537 0.115731
0.261422 0.343406 1.980370 0.550065 0.021778 0.826185 0.119885
0.258047 0.339294 1.980878 0.549880 0.020516 0.825887 0.122973
0.255062 0.335057 1.981343 0.549634 0.018589 0.825724 0.125452
0.251585 0.330257 1.982110 0.549595 0.017685 0.825387 0.127945
0.247871 0.325415 1.983046 0.549467 0.017177 0.824979 0.131152
0.244470 0.320511 1.983916 0.549244 0.015724 0.824793 0.133420
0.241456 0.315489 1.984709 0.548972 0.013502 0.824727 0.135181
0.238343 0.309963 1.985607 0.549005 0.011692 0.824611 0.135915
0.234869 0.304190 1.986719 0.548916 0.010444 0.824507 0.137005
0.231654 0.298373 1.987766 0.548653 0.008297 0.824599 0.137652
0.228814 0.292468 1.988682 0.548381 0.005355 0.824739 0.138044
0.226048 0.286264 1.989537 0.548291 0.002653 0.824792 0.138160
0.222916 0.279930 1.990284 0.548343 0.001411 0.824562 0.139345
0.220027 0.273725 1.990861 0.548258 -0.000006 0.824306 0.141184
0.217465 0.267511 1.991291 0.548054 -0.002345 0.824177 0.142702
0.215095 0.261093 1.991697 0.547932 -0.005130 0.824080 0.143658
0.212189 0.254158 1.992581 0.548070 -0.006697 0.823734 0.145041
0.209405 0.247075 1.993443 0.548229 -0.009120 0.823417 0.146105
0.206934 0.239877 1.994129 0.548330 -0.012581 0.823195 0.146714
0.204701 0.232611 1.994655 0.548411 -0.016574 0.822978 0.147234
0.202075 0.224948 1.995137 0.548793 -0.018851 0.822710 0.147031
0.199621 0.217099 1.995804 0.549615 -0.021529 0.822132 0.146829
0.197517 0.208989 1.996378 0.550243 -0.025054 0.821549 0.147183
0.195629 0.200774 1.996757 0.550557 -0.029618 0.821121 0.147548
0.193526 0.192035 1.997495 0.551696 -0.032851 0.820223 0.147601
0.190893 0.183172 1.998255 0.552515 -0.036737 0.819566 0.147272
0.188320 0.174583 1.998637 0.553526 -0.041319 0.818864 0.146161
0.185998 0.166335 1.998648 0.554413 -0.046114 0.818128 0.145490
0.183805 0.157807 1.998773 0.555700 -0.049807 0.817291 0.144060
0.180975 0.148916 1.999121 0.556980 -0.053460 0.816545 0.142019
0.178333 0.140403 1.999014 0.558254 -0.057514 0.815768 0.139881
0.175979 0.132221 1.998537 0.559278 -0.062086 0.815046 0.138035
0.173494 0.124576 1.998001 0.560093 -0.065892 0.814901 0.133755
0.170278 0.116896 1.997543 0.561845 -0.068113 0.814106 0.130093
0.167402 0.109155 1.996653 0.564222 -0.070888 0.812744 0.126788
0.164772 0.101509 1.995476 0.566147 -0.074429 0.811482 0.124238
0.162227 0.094308 1.994309 0.567479 -0.077556 0.810541 0.122373
0.158975 0.087113 1.993453 0.569524 -0.078322 0.809309 0.120533
0.155388 0.080754 1.992878 0.570125 -0.079689 0.809033 0.118631
0.151969 0.075171 1.992443 0.569831 -0.081579 0.809268 0.117147
0.148989 0.070296 1.991995 0.569445 -0.083273 0.809518 0.116093
0.146012 0.065839 1.991006 0.570441 -0.082012 0.809161 0.114581
0.142886 0.062041 1.990310 0.570729 -0.081241 0.809431 0.111759
0.140037 0.058875 1.989807 0.570613 -0.080810 0.809920 0.109083
0.137609 0.056226 1.989383 0.570419 -0.080583 0.810391 0.106745
0.135094 0.054073 1.988780 0.570293 -0.078927 0.810888 0.104863
0.132379 0.052393 1.988450 0.569654 -0.077463 0.811847 0.101977
0.129896 0.051006 1.988283 0.568851 -0.076372 0.812853 0.099228
0.127782 0.049832 1.988155 0.568127 -0.075559 0.813724 0.096828
0.125793 0.048891 1.987617 0.568253 -0.073297 0.813983 0.095644
0.123521 0.048207 1.987061 0.568497 -0.070535 0.814330 0.093294
0.121330 0.047639 1.986740 0.568348 -0.068363 0.814906 0.090746
0.119426 0.047145 1.986499 0.568120 -0.066657 0.815460 0.088442
0.117765 0.046937 1.986094 0.567859 -0.064861 0.816005 0.086404
0.116191 0.047493 1.985675 0.567732 -0.062239 0.816607 0.083427
0.114747 0.048117 1.985464 0.567570 -0.059861 0.817195 0.080462
0.113496 0.048649 1.985314 0.567401 -0.057894 0.817705 0.077866
0.112387 0.049135 1.985035 0.567191 -0.056165 0.818151 0.075956
