0.355422 0.251349 1.693827 0.604349 -0.297391 0.729542 -0.118695
0.351308 0.252790 1.695002 0.605498 -0.291970 0.732153 -0.109901
0.347534 0.254472 1.696132 0.606163 -0.286978 0.734513 -0.103447
0.344192 0.256093 1.697205 0.606460 -0.282638 0.736607 -0.098650
0.340360 0.256958 1.698943 0.607290 -0.276446 0.739631 -0.087874
0.335906 0.257999 1.701101 0.607174 -0.269927 0.743213 -0.078186
0.331767 0.259384 1.703116 0.606672 -0.264086 0.746418 -0.071191
0.328082 0.260790 1.704941 0.605964 -0.259082 0.749216 -0.066032
0.324532 0.261809 1.706985 0.606212 -0.252355 0.752111 -0.056148
0.320521 0.262499 1.709830 0.606282 -0.245133 0.755203 -0.044731
0.316743 0.263295 1.712679 0.605754 -0.239353 0.757911 -0.036647
0.313371 0.264079 1.715265 0.604982 -0.234690 0.760246 -0.030701
0.310439 0.264750 1.717694 0.605034 -0.228999 0.762202 -0.023255
0.307097 0.265060 1.721544 0.605449 -0.221410 0.764355 -0.013043
0.303751 0.265220 1.725790 0.605092 -0.216148 0.766223 -0.006761
0.300719 0.265333 1.729664 0.604459 -0.212213 0.767847 -0.002515
0.298062 0.265419 1.733037 0.603978 -0.208242 0.769312 0.002060
0.294986 0.265596 1.737070 0.603911 -0.199744 0.771502 0.013350
0.291757 0.265868 1.741232 0.603058 -0.193099 0.773689 0.020972
0.288799 0.266198 1.744922 0.602039 -0.187833 0.775611 0.026384
0.286228 0.266484 1.748059 0.601065 -0.183691 0.777209 0.030395
0.283622 0.266435 1.751740 0.600370 -0.176107 0.779055 0.040203
0.280992 0.266051 1.755652 0.599076 -0.170506 0.780889 0.047415
0.278651 0.265629 1.759116 0.597757 -0.166357 0.782453 0.052719
0.276653 0.265212 1.762052 0.596578 -0.163227 0.783728 0.056769
0.274792 0.265005 1.765790 0.595190 -0.156772 0.785511 0.064370
0.272708 0.264585 1.770629 0.592789 -0.151195 0.787913 0.070237
0.270725 0.264066 1.775064 0.590403 -0.147282 0.790075 0.074249
0.268988 0.263577 1.778838 0.588303 -0.144363 0.791891 0.077250
0.267450 0.263097 1.782852 0.586216 -0.139669 0.793779 0.082206
0.265921 0.262037 1.788055 0.583202 -0.135374 0.796255 0.086758
0.264548 0.260692 1.792782 0.580351 -0.132869 0.798395 0.090017
0.263388 0.259404 1.796766 0.577892 -0.131224 0.800152 0.092618
0.262409 0.258232 1.800581 0.575619 -0.128710 0.801771 0.096227
0.261489 0.256488 1.805852 0.572237 -0.125871 0.804161 0.100135
0.260685 0.254350 1.810720 0.569030 -0.124841 0.806238 0.102960
0.260027 0.252324 1.814812 0.566274 -0.124485 0.807924 0.105334
0.259493 0.250625 1.818400 0.563816 -0.123624 0.809422 0.108000
0.259111 0.249407 1.823736 0.559515 -0.119105 0.812501 0.112246
0.258891 0.247701 1.828828 0.555516 -0.116428 0.815179 0.115454
0.258788 0.245885 1.833161 0.552190 -0.114984 0.817257 0.118133
0.258750 0.244203 1.836766 0.549429 -0.114161 0.818897 0.120426
0.258892 0.242659 1.841511 0.545541 -0.110059 0.821522 0.123991
0.259257 0.240324 1.846357 0.542023 -0.107139 0.823619 0.127997
0.259726 0.237741 1.850533 0.539225 -0.105597 0.825066 0.131728
0.260216 0.235301 1.854017 0.536957 -0.104875 0.826124 0.134898
0.260960 0.233603 1.858247 0.533613 -0.101376 0.828151 0.138368
0.261933 0.231535 1.863103 0.529986 -0.097836 0.830249 0.142233
0.262900 0.229089 1.867374 0.527105 -0.095820 0.831683 0.145885
0.263813 0.226699 1.870969 0.524795 -0.094801 0.832717 0.148946
0.264736 0.224702 1.874888 0.521777 -0.092182 0.834323 0.152173
0.265766 0.222065 1.880034 0.517844 -0.089486 0.836480 0.155342
0.266760 0.218785 1.884756 0.514677 -0.088897 0.838026 0.157854
0.267702 0.215515 1.888786 0.512180 -0.089286 0.839117 0.159944
0.268696 0.212895 1.892506 0.509546 -0.088073 0.840271 0.162945
0.270245 0.211068 1.896953 0.505698 -0.083922 0.842230 0.166961
0.271855 0.208629 1.901026 0.502817 -0.081858 0.843546 0.170009
0.273337 0.206017 1.904532 0.500635 -0.081077 0.844420 0.172469
0.274661 0.203654 1.907595 0.498677 -0.080111 0.845106 0.175208
0.275983 0.201872 1.911571 0.494719 -0.075398 0.846757 0.180476
0.277363 0.199291 1.915487 0.491682 -0.072969 0.847947 0.184149
0.278809 0.196138 1.919071 0.489774 -0.072364 0.848564 0.186613
0.280207 0.192719 1.922278 0.488623 -0.072992 0.848791 0.188348
0.281803 0.190882 1.926214 0.484756 -0.069610 0.850516 0.191804
0.283527 0.188908 1.930005 0.481336 -0.066806 0.852038 0.194635
0.285265 0.186403 1.933409 0.479124 -0.065575 0.852956 0.196487
0.286977 0.183475 1.936495 0.477875 -0.065620 0.853409 0.197543
0.289166 0.181498 1.939660 0.475750 -0.063259 0.854202 0.199997
0.291914 0.179761 1.942476 0.473927 -0.060018 0.854698 0.203180
0.294656 0.177445 1.944906 0.473205 -0.058253 0.854654 0.205548
0.297242 0.174635 1.947135 0.473247 -0.057817 0.854302 0.207035
0.299907 0.172236 1.949602 0.472686 -0.056538 0.854344 0.208490
0.302836 0.170372 1.952231 0.471368 -0.053677 0.854722 0.210670
0.305622 0.167946 1.954592 0.470911 -0.052204 0.854708 0.212114
0.308185 0.165024 1.956799 0.471105 -0.052018 0.854441 0.212803
0.310661 0.162099 1.959059 0.470990 -0.052082 0.854495 0.212827
0.313723 0.159404 1.961437 0.469751 -0.050389 0.855044 0.213759
0.316833 0.155860 1.963494 0.469601 -0.050155 0.854932 0.214594
0.319727 0.151754 1.965403 0.470165 -0.051214 0.854460 0.214987
0.322371 0.147599 1.967251 0.470801 -0.052976 0.854041 0.214836
0.326193 0.144234 1.969075 0.470839 -0.052322 0.853980 0.215154
0.330173 0.140103 1.970456 0.471933 -0.052634 0.853144 0.215997
0.333719 0.135592 1.971669 0.473372 -0.054057 0.852042 0.216845
0.336704 0.131241 1.972757 0.474716 -0.055938 0.850983 0.217588
0.340685 0.128099 1.974039 0.475335 -0.055220 0.850834 0.216999
0.344751 0.124368 1.975069 0.476587 -0.054942 0.850041 0.217431
0.348285 0.120392 1.975939 0.477983 -0.055654 0.849056 0.218035
0.351234 0.116622 1.976719 0.479247 -0.056784 0.848126 0.218589
0.354922 0.113711 1.977631 0.480232 -0.057116 0.848005 0.216800
0.359072 0.110396 1.978326 0.481774 -0.057426 0.847357 0.215830
0.362723 0.106772 1.978854 0.483444 -0.058540 0.846431 0.215429
0.365783 0.103294 1.979330 0.484934 -0.059968 0.845530 0.215223
0.369085 0.100612 1.979873 0.485776 -0.060348 0.845303 0.214109
0.373227 0.098042 1.980012 0.486829 -0.059387 0.844785 0.214028
0.377016 0.095169 1.979864 0.488275 -0.059155 0.843824 0.214594
0.380243 0.092378 1.979701 0.489646 -0.059361 0.842843 0.215265
0.383447 0.090152 1.979623 0.490740 -0.059463 0.842414 0.214422
0.387884 0.088193 1.979239 0.492338 -0.058248 0.841921 0.213023
0.391987 0.085699 1.978609 0.494327 -0.057853 0.840876 0.212653
0.395484 0.083130 1.978036 0.496174 -0.058008 0.839786 0.212615
0.398572 0.080860 1.977626 0.497648 -0.058452 0.839050 0.211953
0.402918 0.079192 1.977062 0.499042 -0.057642 0.838757 0.210054
0.407090 0.077085 1.976115 0.500939 -0.057201 0.837795 0.209493
0.410694 0.074901 1.975197 0.502765 -0.057189 0.836726 0.209392
0.413608 0.073148 1.974472 0.503994 -0.056833 0.836080 0.209116
0.417381 0.071955 1.973916 0.504804 -0.056100 0.836266 0.206602
0.421086 0.070301 1.973084 0.505945 -0.055375 0.835924 0.205389
0.424230 0.068684 1.972313 0.506962 -0.054829 0.835539 0.204591
0.426893 0.067084 1.971666 0.507933 -0.054687 0.835069 0.204139
0.429943 0.065646 1.970822 0.508810 -0.054731 0.835023 0.202123
0.433116 0.063941 1.969567 0.509872 -0.054797 0.834760 0.200507
0.435029 0.061678 1.969268 0.509670 -0.056755 0.835302 0.198209
0.436643 0.059675 1.969158 0.509380 -0.057954 0.835802 0.196492
0.438698 0.057857 1.968763 0.509222 -0.058206 0.836281 0.194784
0.441556 0.055330 1.967568 0.509863 -0.057920 0.836009 0.194356
0.443678 0.052285 1.966843 0.509872 -0.059059 0.836086 0.193653
0.445351 0.049241 1.966445 0.509733 -0.060365 0.836167 0.193268
0.446990 0.046403 1.966094 0.509521 -0.061565 0.836407 0.192410
0.449695 0.043017 1.964857 0.510626 -0.062366 0.835674 0.192408
0.451839 0.039257 1.963866 0.511106 -0.064253 0.835328 0.192016
0.453561 0.035592 1.963188 0.511437 -0.066206 0.834977 0.191998
0.455006 0.032232 1.962674 0.511620 -0.067844 0.834699 0.192147
0.456554 0.028461 1.962216 0.511378 -0.068843 0.834704 0.192411
0.457384 0.023974 1.962134 0.510641 -0.070856 0.834847 0.193017
0.457890 0.019348 1.962254 0.509928 -0.073574 0.834894 0.193680
0.458278 0.014985 1.962414 0.509341 -0.076316 0.834821 0.194475
0.458868 0.009994 1.962640 0.508374 -0.078868 0.835045 0.195027
0.459468 0.004273 1.962894 0.507435 -0.081827 0.835050 0.196224
0.459924 -0.001425 1.963186 0.506625 -0.085128 0.834888 0.197601
0.460298 -0.006649 1.963443 0.505983 -0.088256 0.834617 0.199014
0.460843 -0.012109 1.963783 0.505334 -0.090831 0.834268 0.200958
0.461432 -0.018433 1.964237 0.504692 -0.093637 0.833712 0.203576
0.461884 -0.024711 1.964700 0.504139 -0.096889 0.833054 0.206101
0.462231 -0.030426 1.965133 0.503674 -0.100071 0.832396 0.208365
0.462627 -0.036077 1.965587 0.503167 -0.102997 0.831727 0.210818
0.463133 -0.042912 1.966061 0.502614 -0.106357 0.830831 0.213979
0.463508 -0.049754 1.966516 0.502151 -0.110047 0.829820 0.217101
0.463784 -0.055967 1.966934 0.501813 -0.113563 0.828794 0.219971
0.464038 -0.061661 1.967367 0.501474 -0.116752 0.827925 0.222336
0.464443 -0.068254 1.967840 0.501088 -0.119810 0.827109 0.224605
0.464771 -0.074761 1.968239 0.500827 -0.122918 0.826153 0.227011
0.465007 -0.080645 1.968601 0.500665 -0.126028 0.825176 0.229206
0.465238 -0.085803 1.968948 0.500558 -0.128793 0.824224 0.231320
0.465790 -0.091751 1.969511 0.500351 -0.131730 0.822945 0.234643
0.466261 -0.097684 1.970033 0.500286 -0.134534 0.821518 0.238165
0.466610 -0.102984 1.970497 0.500278 -0.137057 0.820169 0.241373
0.466892 -0.107509 1.970909 0.500301 -0.139267 0.818963 0.244139
0.467319 -0.112505 1.971235 0.500145 -0.141473 0.817773 0.247161
0.467670 -0.117625 1.971448 0.499967 -0.143500 0.816614 0.250163
0.467916 -0.122241 1.971628 0.499846 -0.145370 0.815513 0.252901
0.468112 -0.126218 1.971788 0.499829 -0.147043 0.814453 0.255374
0.468530 -0.130478 1.972150 0.499684 -0.149182 0.813370 0.257856
0.469014 -0.135224 1.972561 0.499667 -0.151552 0.812041 0.260680
0.469382 -0.139573 1.972883 0.499751 -0.153616 0.810727 0.263386
0.469669 -0.143322 1.973157 0.499850 -0.155408 0.809550 0.265757
0.469962 -0.147040 1.973585 0.499901 -0.157102 0.808367 0.268258
0.470275 -0.151454 1.974185 0.500078 -0.158920 0.806867 0.271353
0.470493 -0.155583 1.974714 0.500324 -0.160584 0.805378 0.274328
0.470633 -0.159175 1.975190 0.500539 -0.162090 0.804044 0.276949
0.470745 -0.162394 1.975663 0.500704 -0.163282 0.802793 0.279566
0.470824 -0.166007 1.976169 0.500882 -0.164194 0.801325 0.282907
0.470747 -0.169525 1.976662 0.500983 -0.165349 0.799925 0.285999
0.470593 -0.172662 1.977120 0.501065 -0.166353 0.798644 0.288838
0.470447 -0.175419 1.977634 0.501088 -0.167366 0.797508 0.291345
0.470488 -0.178192 1.978788 0.501167 -0.168174 0.796115 0.294533
0.470369 -0.180868 1.979953 0.501208 -0.169173 0.794764 0.297524
0.470165 -0.183292 1.980988 0.501161 -0.170227 0.793609 0.300074
0.469936 -0.185398 1.981904 0.501066 -0.171201 0.792634 0.302249
0.469746 -0.187532 1.982703 0.500999 -0.171979 0.791546 0.304759
0.469511 -0.189657 1.983333 0.500947 -0.172751 0.790481 0.307162
0.469235 -0.191596 1.983894 0.500851 -0.173557 0.789548 0.309256
0.468953 -0.193297 1.984403 0.500725 -0.174339 0.788755 0.311040
0.468603 -0.195057 1.985009 0.500618 -0.174814 0.787712 0.313580
0.468023 -0.197122 1.985752 0.500373 -0.175544 0.786560 0.316440
0.467146 -0.199242 1.986746 0.499682 -0.176747 0.785772 0.318811
0.466291 -0.201233 1.987630 0.499039 -0.177991 0.785078 0.320829
0.465250 -0.202983 1.988579 0.498375 -0.178705 0.784419 0.323071
0.463974 -0.204578 1.989665 0.497597 -0.179088 0.783861 0.325402
0.462592 -0.206089 1.990874 0.496518 -0.179664 0.783650 0.327235
0.461216 -0.207501 1.992090 0.495326 -0.180404 0.783627 0.328688
0.459777 -0.208724 1.993199 0.494179 -0.181184 0.783580 0.330093
0.458099 -0.209521 1.994325 0.492894 -0.181963 0.783660 0.331395
0.456495 -0.210121 1.995542 0.491434 -0.182752 0.784039 0.332232
0.455053 -0.210623 1.996682 0.490059 -0.183472 0.784465 0.332861
0.453713 -0.211020 1.997636 0.488942 -0.183983 0.784760 0.333523
0.452006 -0.211029 1.998207 0.488542 -0.183744 0.784502 0.334844
0.450169 -0.211094 1.999068 0.487622 -0.183835 0.784701 0.335670
0.448525 -0.211178 1.999922 0.486766 -0.183869 0.784924 0.336370
0.447400 -0.211054 2.000409 0.486481 -0.183445 0.784872 0.337136
0.445103 -0.210353 2.000214 0.485883 -0.183194 0.785250 0.337253
0.443153 -0.209397 2.000016 0.485552 -0.182696 0.785566 0.337264
0.441627 -0.208432 1.999762 0.485395 -0.182251 0.785762 0.337276
0.440183 -0.207671 1.999649 0.484995 -0.182086 0.786086 0.337184
0.437627 -0.206430 1.999448 0.484987 -0.180931 0.785552 0.339058
0.435519 -0.204195 1.999111 0.485789 -0.178277 0.784711 0.341256
0.433171 -0.202202 1.999351 0.485166 -0.176991 0.785004 0.342134
0.431297 -0.200551 1.999588 0.484980 -0.175747 0.785015 0.343014
0.428864 -0.198289 1.999132 0.485216 -0.174515 0.785039 0.343255
