-0.047100 0.403338 1.445636 0.697648 0.042038 0.714581 -0.029890
-0.047179 0.403840 1.446205 0.696711 0.043288 0.715421 -0.029883
-0.047679 0.404466 1.446608 0.696072 0.044765 0.715926 -0.030483
-0.048194 0.404999 1.446909 0.695635 0.045964 0.716247 -0.031132
-0.048522 0.405256 1.447108 0.695485 0.046369 0.716349 -0.031548
-0.048781 0.405426 1.447249 0.695384 0.046610 0.716419 -0.031814
-0.048975 0.405565 1.447354 0.695302 0.046824 0.716474 -0.032063
-0.048846 0.406031 1.447404 0.695106 0.047773 0.716563 -0.032906
-0.048429 0.406331 1.447479 0.694977 0.048196 0.716643 -0.033262
-0.047984 0.406511 1.447539 0.694955 0.048444 0.716640 -0.033446
-0.047004 0.406430 1.447003 0.695753 0.049233 0.715780 -0.034103
-0.045702 0.406079 1.446400 0.696267 0.049459 0.715284 -0.033683
-0.044538 0.405751 1.445929 0.696662 0.049611 0.714916 -0.033100
-0.043624 0.405885 1.445714 0.697290 0.050553 0.714232 -0.033217
-0.042820 0.405989 1.445645 0.697763 0.051053 0.713731 -0.033295
-0.042188 0.406129 1.445544 0.698250 0.051691 0.713191 -0.033669
-0.041732 0.406865 1.444742 0.699503 0.054488 0.711626 -0.036256
-0.041211 0.407353 1.443981 0.700413 0.056552 0.710488 -0.037829
-0.040745 0.407819 1.443347 0.700956 0.058563 0.709714 -0.039199
-0.040183 0.409031 1.442575 0.700898 0.063352 0.709226 -0.041569
-0.039380 0.409824 1.441989 0.700880 0.066520 0.708875 -0.042884
-0.038569 0.410578 1.441405 0.700855 0.068931 0.708569 -0.044502
-0.036926 0.411936 1.439943 0.700851 0.072274 0.708056 -0.047329
-0.034829 0.412625 1.438681 0.700903 0.074062 0.707760 -0.048221
-0.032949 0.413483 1.437580 0.700831 0.075819 0.707562 -0.049436
-0.031059 0.416006 1.436317 0.700728 0.079984 0.706935 -0.053153
-0.029042 0.417798 1.435430 0.700786 0.082421 0.706428 -0.055373
-0.027082 0.419586 1.434541 0.700830 0.084192 0.705966 -0.057969
-0.023440 0.422137 1.433339 0.701133 0.085528 0.705213 -0.061407
-0.019216 0.423550 1.432537 0.701464 0.084995 0.704869 -0.062318
-0.015359 0.425186 1.431476 0.701566 0.084920 0.704669 -0.063525
-0.010608 0.428059 1.429234 0.701756 0.086896 0.704058 -0.065506
-0.005716 0.429757 1.427457 0.702068 0.087208 0.703712 -0.065452
-0.001383 0.431698 1.425739 0.702304 0.087779 0.703396 -0.065561
0.003647 0.434780 1.423878 0.702884 0.088993 0.702579 -0.066456
0.008641 0.436725 1.422595 0.703445 0.088645 0.702107 -0.065979
0.012856 0.439170 1.420898 0.703771 0.089263 0.701679 -0.066220
0.016894 0.443075 1.417989 0.704411 0.092549 0.700453 -0.067873
0.020699 0.445803 1.415678 0.705093 0.094384 0.699478 -0.068311
0.024096 0.448860 1.413246 0.705647 0.096014 0.698632 -0.068966
0.028621 0.452708 1.410319 0.706604 0.097716 0.697340 -0.069848
0.033634 0.455090 1.408148 0.707478 0.097562 0.696558 -0.069025
0.038101 0.457938 1.405770 0.708247 0.097886 0.695798 -0.068346
0.042988 0.461809 1.402871 0.709592 0.099235 0.694202 -0.068672
0.048443 0.464246 1.400721 0.710772 0.098815 0.693163 -0.067550
0.053302 0.467291 1.398121 0.711882 0.098347 0.692204 -0.066363
0.058031 0.471444 1.394608 0.713729 0.099009 0.690193 -0.066490
0.063111 0.474175 1.391865 0.715321 0.098449 0.688722 -0.065464
0.067560 0.477743 1.388932 0.716537 0.099028 0.687518 -0.063932
0.071904 0.482416 1.385741 0.718257 0.100879 0.685455 -0.063891
0.076756 0.485556 1.383370 0.719724 0.101077 0.683977 -0.062898
0.081088 0.489575 1.380990 0.720576 0.102100 0.683006 -0.062026
0.085330 0.494778 1.378947 0.721766 0.103903 0.681358 -0.063316
0.090846 0.498340 1.377530 0.722970 0.103764 0.680094 -0.063398
0.096572 0.501995 1.375754 0.723409 0.102331 0.679921 -0.062570
0.101950 0.506234 1.373787 0.724192 0.101551 0.679150 -0.063155
0.108223 0.508970 1.372305 0.725099 0.099705 0.678502 -0.062657
0.114447 0.512045 1.370353 0.725158 0.097719 0.678896 -0.060802
0.120353 0.515609 1.368189 0.725704 0.096702 0.678518 -0.060129
0.127038 0.517740 1.366546 0.726423 0.094679 0.678160 -0.058695
0.133720 0.520368 1.364672 0.726422 0.091276 0.678802 -0.056642
0.140110 0.523511 1.362845 0.726941 0.088427 0.678673 -0.056032
0.146686 0.525331 1.361542 0.727461 0.085234 0.678630 -0.054735
0.153147 0.527626 1.359633 0.728130 0.080287 0.678599 -0.053701
0.160006 0.529345 1.357531 0.729372 0.075352 0.677898 -0.052844
0.166567 0.529966 1.355969 0.730258 0.070741 0.677575 -0.051093
0.172823 0.531684 1.353819 0.730794 0.067829 0.677515 -0.048093
0.178678 0.533086 1.351799 0.731535 0.065450 0.677128 -0.045508
0.183594 0.533940 1.350272 0.732119 0.063349 0.676842 -0.043292
0.188503 0.535679 1.348364 0.733094 0.061690 0.676022 -0.041967
0.193751 0.536619 1.346776 0.734080 0.059608 0.675231 -0.040443
0.198458 0.536952 1.345625 0.734767 0.057495 0.674768 -0.038729
0.203086 0.538877 1.343997 0.735868 0.056820 0.673634 -0.038568
0.207801 0.540272 1.342824 0.736974 0.055780 0.672510 -0.038571
0.211978 0.541038 1.342019 0.737725 0.054536 0.671812 -0.038140
0.216032 0.543173 1.340992 0.737976 0.055190 0.671447 -0.038781
0.220056 0.544757 1.340525 0.738138 0.055322 0.671224 -0.039367
0.223578 0.545755 1.340270 0.738200 0.055041 0.671171 -0.039518
0.227305 0.548059 1.339360 0.739085 0.056644 0.669931 -0.041681
0.231473 0.549343 1.338843 0.739846 0.057135 0.668966 -0.042975
0.235351 0.549961 1.338542 0.740297 0.056943 0.668457 -0.043388
0.239391 0.551950 1.337675 0.741253 0.058891 0.667073 -0.045709
0.243730 0.552984 1.337275 0.741987 0.059639 0.666094 -0.047097
0.247707 0.553458 1.337036 0.742399 0.059712 0.665589 -0.047630
0.251926 0.554780 1.336181 0.743178 0.062045 0.664404 -0.049026
0.256492 0.555087 1.335710 0.743724 0.062917 0.663687 -0.049345
0.260672 0.555009 1.335379 0.744018 0.063104 0.663356 -0.049121
0.264593 0.555880 1.333921 0.745152 0.065928 0.661698 -0.050567
0.268482 0.555957 1.332654 0.746167 0.067555 0.660351 -0.051074
0.271933 0.555864 1.331689 0.746868 0.068406 0.659457 -0.051245
0.275593 0.556642 1.330742 0.747713 0.069875 0.658188 -0.053211
0.279464 0.556672 1.330289 0.748204 0.070191 0.657525 -0.054080
0.282957 0.556499 1.329910 0.748482 0.070264 0.657173 -0.054421
0.286152 0.556912 1.328864 0.749165 0.072398 0.656053 -0.055716
0.289208 0.556833 1.328060 0.749725 0.073581 0.655234 -0.056277
0.291844 0.556771 1.327404 0.750133 0.074388 0.654632 -0.056771
0.294317 0.557405 1.326607 0.750807 0.076474 0.653451 -0.058680
0.296760 0.557593 1.326122 0.751247 0.077628 0.652708 -0.059792
0.298866 0.557700 1.325660 0.751606 0.078275 0.652105 -0.060990
0.300712 0.557972 1.324765 0.752390 0.079418 0.650813 -0.063589
0.302512 0.557922 1.324082 0.752994 0.080000 0.649885 -0.065196
0.303967 0.557923 1.323396 0.753527 0.080535 0.649009 -0.067069
0.305184 0.557759 1.321916 0.754318 0.081828 0.647674 -0.069477
0.307493 0.556477 1.320757 0.754341 0.081440 0.647760 -0.068884
0.309272 0.555528 1.319859 0.754604 0.081210 0.647375 -0.069886
0.310430 0.554823 1.319148 0.754567 0.081671 0.647117 -0.072102
0.311281 0.554360 1.318621 0.754571 0.082300 0.646847 -0.073746
0.311740 0.553763 1.317994 0.754855 0.082746 0.646187 -0.076087
0.310640 0.553828 1.317399 0.754953 0.084634 0.645361 -0.079953
0.309414 0.554077 1.316890 0.754829 0.085810 0.645013 -0.082633
0.308019 0.553952 1.316245 0.754971 0.086338 0.644388 -0.085607
0.305501 0.553514 1.314696 0.755580 0.086476 0.643165 -0.089215
0.303124 0.553323 1.313283 0.756106 0.086841 0.642151 -0.091677
0.300566 0.552871 1.312306 0.756721 0.086652 0.641053 -0.094431
0.296497 0.552485 1.311154 0.757372 0.086702 0.639801 -0.097598
0.292658 0.552307 1.309687 0.758129 0.087292 0.638466 -0.099907
0.288520 0.551960 1.308646 0.758795 0.087875 0.637239 -0.102149
0.282739 0.551540 1.306969 0.759619 0.088969 0.635753 -0.104318
0.277356 0.551471 1.305192 0.760461 0.090569 0.634241 -0.105992
0.272131 0.551075 1.304061 0.761267 0.091278 0.632876 -0.107746
0.265616 0.550959 1.303018 0.761886 0.092387 0.631632 -0.109710
0.259916 0.550996 1.301918 0.762322 0.093305 0.630696 -0.111271
0.254346 0.550856 1.301278 0.762769 0.094414 0.629653 -0.113162
0.247550 0.551088 1.300616 0.762881 0.096618 0.628815 -0.115190
0.241301 0.551719 1.299963 0.762844 0.099095 0.628142 -0.116994
0.235104 0.552067 1.299624 0.762694 0.101795 0.627542 -0.118856
0.227948 0.552587 1.299053 0.762438 0.105323 0.626889 -0.120854
0.221782 0.553046 1.298341 0.762158 0.108425 0.626426 -0.122265
0.216001 0.552926 1.297680 0.761645 0.112500 0.626144 -0.123222
0.209140 0.553280 1.296927 0.760948 0.116686 0.625847 -0.125134
0.203104 0.553734 1.296158 0.760301 0.120118 0.625661 -0.126740
0.196854 0.554005 1.295618 0.759649 0.124805 0.625082 -0.128958
0.189640 0.554719 1.294977 0.758954 0.129577 0.624285 -0.132162
0.183061 0.555765 1.294419 0.758374 0.133840 0.623443 -0.135183
0.175719 0.557094 1.294381 0.757899 0.138845 0.621958 -0.139566
0.167140 0.559063 1.294380 0.756995 0.144570 0.620635 -0.144469
0.159425 0.560895 1.294181 0.756175 0.149786 0.619441 -0.148519
0.151834 0.562158 1.294239 0.755203 0.155729 0.618363 -0.151801
0.144435 0.563156 1.294148 0.754407 0.160011 0.617337 -0.155440
0.138145 0.564156 1.294086 0.753857 0.162850 0.616360 -0.158994
0.131486 0.564964 1.294296 0.753004 0.167586 0.615340 -0.162040
0.124004 0.566148 1.294452 0.752290 0.171989 0.613904 -0.166139
0.117182 0.567497 1.294600 0.751764 0.175460 0.612427 -0.170285
0.110061 0.568536 1.294843 0.751018 0.180027 0.611001 -0.173894
0.102224 0.569916 1.294955 0.750188 0.185051 0.609394 -0.177800
0.095116 0.571338 1.295047 0.749460 0.189534 0.607834 -0.181452
0.087867 0.572351 1.295470 0.748645 0.194399 0.606124 -0.185344
0.080223 0.573627 1.295836 0.747896 0.198887 0.604185 -0.189880
0.073437 0.574886 1.296129 0.747239 0.202791 0.602414 -0.193925
0.066473 0.575427 1.296397 0.746705 0.206592 0.600471 -0.197955
0.059131 0.576142 1.296406 0.746032 0.210330 0.598648 -0.202036
0.052644 0.576925 1.296421 0.745382 0.213748 0.597043 -0.205565
0.046779 0.576254 1.296973 0.744614 0.216676 0.596021 -0.208233
0.040903 0.575550 1.297130 0.744282 0.220045 0.594272 -0.210869
0.035996 0.575121 1.297258 0.743845 0.222564 0.593080 -0.213112
0.031392 0.573045 1.297154 0.743655 0.223888 0.592259 -0.214663
0.026239 0.570999 1.296058 0.743900 0.226603 0.590494 -0.215823
0.022001 0.569606 1.295445 0.743745 0.228393 0.589599 -0.216915
0.017818 0.566082 1.295621 0.743250 0.229975 0.589729 -0.216590
0.013162 0.562933 1.295039 0.742917 0.232933 0.589133 -0.216192
0.009017 0.560425 1.294480 0.742819 0.235445 0.588253 -0.216204
0.005167 0.555554 1.294573 0.741542 0.235975 0.590326 -0.214351
0.000421 0.551385 1.294151 0.740458 0.238020 0.591318 -0.213098
-0.003992 0.548093 1.293752 0.739703 0.239939 0.591708 -0.212487
-0.008226 0.542807 1.293709 0.738620 0.239900 0.594206 -0.209301
-0.012798 0.537471 1.293554 0.737858 0.240885 0.595649 -0.206741
-0.015953 0.532478 1.293665 0.737347 0.241157 0.597130 -0.203955
-0.019718 0.527099 1.294539 0.736683 0.237926 0.600420 -0.200465
-0.024659 0.522050 1.295616 0.736371 0.236315 0.602033 -0.198668
-0.028265 0.517073 1.296900 0.736221 0.234565 0.603760 -0.196039
-0.032172 0.511822 1.298918 0.734809 0.230044 0.609124 -0.190007
-0.037255 0.506795 1.300877 0.734202 0.227408 0.611955 -0.186399
-0.040898 0.501679 1.302743 0.734008 0.224508 0.614511 -0.182222
-0.044732 0.496002 1.305069 0.733392 0.217326 0.619749 -0.175548
-0.049932 0.490481 1.307313 0.733834 0.212713 0.621987 -0.171391
-0.053839 0.484892 1.309371 0.734521 0.208495 0.623906 -0.166582
-0.057393 0.478261 1.311163 0.734648 0.200624 0.628732 -0.157285
-0.060744 0.471799 1.312633 0.735688 0.194266 0.631295 -0.149967
-0.062132 0.465142 1.313985 0.736584 0.188582 0.633897 -0.141618
-0.062409 0.457678 1.315477 0.736889 0.179596 0.638709 -0.129575
-0.061388 0.450365 1.317030 0.737514 0.169457 0.642744 -0.119322
-0.058713 0.442929 1.318569 0.737692 0.160866 0.646778 -0.107752
-0.054828 0.434862 1.320447 0.737379 0.149810 0.652093 -0.092755
-0.050774 0.427710 1.322175 0.737515 0.138223 0.656086 -0.080732
-0.047117 0.421537 1.323509 0.737307 0.129198 0.659509 -0.068808
-0.043160 0.415121 1.324354 0.736554 0.117905 0.663768 -0.054755
-0.039957 0.409799 1.324829 0.736890 0.107003 0.665996 -0.044648
-0.037198 0.405288 1.325216 0.736914 0.098602 0.667879 -0.034236
-0.033702 0.400577 1.325612 0.736923 0.087802 0.669884 -0.022185
-0.030727 0.396681 1.325806 0.737424 0.078291 0.670745 -0.013330
-0.027962 0.393639 1.325989 0.737658 0.070691 0.671450 -0.004350
-0.023905 0.391035 1.326323 0.738209 0.060295 0.671855 0.004827
-0.020061 0.388715 1.326597 0.738501 0.051526 0.672172 0.012146
-0.016661 0.386787 1.326685 0.738861 0.043526 0.672169 0.019476
-0.013415 0.385061 1.326205 0.740024 0.033822 0.671224 0.026065
-0.010847 0.383628 1.325627 0.740789 0.026788 0.670483 0.031088
-0.008260 0.382666 1.325063 0.741746 0.020348 0.669386 0.036355
-0.004180 0.381703 1.324400 0.742507 0.012307 0.668404 0.042045
-0.000180 0.380541 1.323865 0.742458 0.005944 0.668200 0.047218
0.003812 0.379470 1.323471 0.742922 -0.001316 0.667326 0.052361
0.008841 0.378049 1.323193 0.743517 -0.011152 0.666158 0.057367
0.013421 0.376573 1.322990 0.743364 -0.018809 0.665751 0.061891
0.017717 0.375541 1.322395 0.743906 -0.025970 0.664448 0.066632
0.022560 0.374414 1.321096 0.744247 -0.032815 0.663253 0.071523
0.026882 0.373152 1.319969 0.743920 -0.037981 0.662850 0.075955
0.031142 0.372475 1.318733 0.744818 -0.044281 0.661011 0.079690
0.036191 0.371844 1.317376 0.745785 -0.051611 0.658995 0.082869
0.040744 0.370966 1.316333 0.745904 -0.057326 0.657982 0.086024
0.045444 0.370614 1.315314 0.746834 -0.063417 0.655868 0.089751
0.051166 0.370091 1.314383 0.747261 -0.070089 0.654158 0.093631
0.056350 0.369202 1.313697 0.746908 -0.075471 0.653411 0.097407
0.061558 0.369141 1.313224 0.746894 -0.080555 0.652352 0.100489
0.067510 0.369141 1.313095 0.746231 -0.085585 0.652094 0.102898
0.072789 0.368694 1.313078 0.745112 -0.089772 0.652401 0.105458
0.077826 0.368494 1.312651 0.744724 -0.094050 0.651606 0.109318
0.082356 0.368144 1.312360 0.745775 -0.099658 0.648835 0.113588
0.085434 0.368156 1.312400 0.747121 -0.104381 0.646028 0.116459
0.088189 0.368970 1.312358 0.747725 -0.107774 0.644340 0.118816
0.091161 0.369804 1.312559 0.748031 -0.111002 0.643099 0.120634
0.093730 0.370312 1.312804 0.748135 -0.113760 0.642196 0.122220
0.096453 0.370855 1.312961 0.747285 -0.116139 0.642312 0.124545
0.099478 0.371035 1.313313 0.746280 -0.118818 0.642511 0.127001
0.102082 0.371000 1.313661 0.745435 -0.121225 0.642619 0.129118
0.104519 0.371169 1.313793 0.744862 -0.123522 0.642340 0.131618
0.106826 0.371302 1.314016 0.744438 -0.125787 0.641968 0.133662
0.108714 0.371356 1.314219 0.744092 -0.127647 0.641665 0.135272
0.110506 0.371566 1.313995 0.743879 -0.130168 0.641207 0.136215
0.112199 0.371626 1.313729 0.743759 -0.132474 0.640695 0.137053
0.113584 0.371619 1.313525 0.743640 -0.134285 0.640293 0.137809
0.114827 0.371874 1.313075 0.743352 -0.135153 0.639936 0.140156
0.115895 0.372163 1.312663 0.743194 -0.135778 0.639591 0.141954
0.116728 0.372399 1.312335 0.743107 -0.136276 0.639289 0.143284
0.117970 0.372654 1.312252 0.743253 -0.137722 0.638629 0.144091
0.119519 0.372633 1.312488 0.743191 -0.139575 0.638109 0.144923
0.120894 0.372493 1.312733 0.743046 -0.141207 0.637727 0.145765
0.121676 0.372638 1.312599 0.743053 -0.142647 0.637030 0.147363
0.121995 0.373075 1.312372 0.743278 -0.143380 0.636434 0.148091
0.122127 0.373523 1.312160 0.743538 -0.143746 0.635958 0.148478
0.121919 0.373903 1.312205 0.743578 -0.143802 0.635702 0.149319
0.121515 0.374429 1.312276 0.743690 -0.143615 0.635550 0.149587
0.121116 0.374919 1.312317 0.743875 -0.143332 0.635397 0.149587
0.120491 0.375315 1.312232 0.744337 -0.142399 0.635231 0.148882
0.119746 0.375742 1.312057 0.744783 -0.141371 0.635101 0.148187
0.119107 0.376089 1.311910 0.745179 -0.140520 0.634967 0.147577
0.118886 0.375873 1.312028 0.745480 -0.141441 0.634463 0.147342
0.118938 0.375522 1.312209 0.745553 -0.142446 0.634129 0.147447
0.119016 0.375160 1.312410 0.745632 -0.143109 0.633868 0.147524
0.118409 0.374636 1.312876 0.745751 -0.142814 0.633920 0.146987
0.117525 0.374452 1.313161 0.745942 -0.142142 0.634015 0.146259
0.116688 0.374361 1.313396 0.746219 -0.141216 0.634075 0.145479
0.115480 0.373977 1.313747 0.746544 -0.139506 0.634213 0.144859
0.114245 0.373799 1.313933 0.746835 -0.137897 0.634371 0.144207
0.113207 0.373676 1.314135 0.747115 -0.136148 0.634594 0.143434
0.112278 0.373293 1.314678 0.747102 -0.132793 0.635471 0.142768
0.111521 0.372920 1.315103 0.747029 -0.130329 0.636157 0.142365
0.110893 0.372552 1.315546 0.746958 -0.128576 0.636742 0.141706
-0.067135 0.373061 1.465329 0.688985 0.007971 0.724690 0.007786
-0.067365 0.373430 1.464779 0.689184 0.009471 0.724479 0.008109
-0.067659 0.373760 1.464317 0.689349 0.010739 0.724304 0.008221
-0.067900 0.374354 1.463963 0.689293 0.011819 0.724342 0.008009
-0.068032 0.375147 1.463709 0.689256 0.012744 0.724366 0.007560
-0.068084 0.375746 1.463524 0.689242 0.013362 0.724371 0.007278
-0.067825 0.376240 1.463550 0.689208 0.013956 0.724395 0.007006
-0.067006 0.376452 1.463881 0.689088 0.013799 0.724510 0.007240
-0.066153 0.376516 1.464186 0.688974 0.013361 0.724622 0.007685
-0.065285 0.376999 1.463761 0.689494 0.013585 0.724117 0.008226
-0.064276 0.377620 1.462764 0.690187 0.014140 0.723436 0.009041
-0.063370 0.378042 1.461952 0.690666 0.014454 0.722962 0.009896
-0.062440 0.378691 1.461444 0.690899 0.015289 0.722723 0.009815
-0.061258 0.379211 1.461229 0.691040 0.015677 0.722580 0.009833
-0.060170 0.379527 1.461098 0.691125 0.015705 0.722494 0.010100
-0.059154 0.380794 1.460380 0.691002 0.017862 0.722566 0.009765
-0.057919 0.382176 1.459358 0.690946 0.020245 0.722558 0.009696
-0.056762 0.383135 1.458553 0.690897 0.021758 0.722557 0.009983
-0.055500 0.384775 1.457610 0.691101 0.024318 0.722294 0.008915
-0.053870 0.386224 1.456752 0.691410 0.026195 0.721940 0.008301
-0.052347 0.387200 1.456109 0.691624 0.027225 0.721697 0.008267
-0.050658 0.389354 1.455230 0.691066 0.030737 0.722112 0.006079
-0.048348 0.391149 1.454463 0.690659 0.033282 0.722398 0.004911
-0.046158 0.392315 1.453904 0.690356 0.034617 0.722626 0.004650
-0.044212 0.394754 1.452414 0.689716 0.038818 0.723033 0.003042
-0.042173 0.396850 1.450751 0.689362 0.042481 0.723167 0.002268
-0.040367 0.398316 1.449438 0.689152 0.044887 0.723221 0.002128
-0.038327 0.401696 1.447595 0.688537 0.050008 0.723475 -0.000962
-0.035624 0.404423 1.445975 0.688317 0.053586 0.723423 -0.002623
-0.033063 0.406276 1.444753 0.688183 0.055638 0.723394 -0.003164
-0.030171 0.409667 1.443009 0.687402 0.059504 0.723824 -0.003954
-0.026803 0.412250 1.441525 0.687055 0.061824 0.723962 -0.003659
-0.023769 0.414066 1.440392 0.686826 0.062987 0.724083 -0.002862
-0.020580 0.418053 1.438561 0.686155 0.066205 0.724428 -0.003366
-0.017070 0.421189 1.437054 0.685985 0.068096 0.724415 -0.003179
-0.013936 0.423501 1.435899 0.685838 0.068943 0.724477 -0.002537
-0.011023 0.428093 1.434474 0.685121 0.070549 0.724996 -0.003537
-0.008201 0.431896 1.433539 0.684925 0.071371 0.725096 -0.004470
-0.005751 0.434907 1.432805 0.684758 0.071717 0.725217 -0.004937
-0.002895 0.440310 1.431185 0.684840 0.074472 0.724846 -0.006892
0.000454 0.444460 1.430002 0.685212 0.075766 0.724348 -0.007860
0.003535 0.447680 1.429033 0.685442 0.076190 0.724083 -0.008161
0.007036 0.452656 1.426540 0.685984 0.078339 0.723324 -0.009515
0.010958 0.456264 1.424383 0.686666 0.079336 0.722568 -0.009562
0.014487 0.459152 1.422626 0.687132 0.079800 0.722077 -0.009326
0.018436 0.464011 1.420806 0.687895 0.082079 0.721059 -0.011737
0.022967 0.467469 1.419702 0.688643 0.082462 0.720285 -0.012655
0.027072 0.470283 1.418698 0.689186 0.082312 0.719772 -0.013269
