-0.039434 0.384337 1.444738 0.708247 -0.014161 0.704942 0.035229
-0.039470 0.384587 1.444938 0.708173 -0.013849 0.705043 0.034834
-0.039477 0.384915 1.445127 0.708090 -0.013097 0.705167 0.034292
-0.039308 0.385401 1.445390 0.707942 -0.011767 0.705376 0.033514
-0.039030 0.385756 1.445655 0.707823 -0.010880 0.705535 0.032999
-0.038725 0.386010 1.445893 0.707711 -0.010277 0.705672 0.032666
-0.038427 0.386222 1.446089 0.707599 -0.009808 0.705801 0.032441
-0.037986 0.386605 1.446053 0.707480 -0.008944 0.705936 0.032341
-0.037427 0.386879 1.445945 0.707372 -0.008328 0.706046 0.032486
-0.036869 0.387055 1.445845 0.707279 -0.007939 0.706130 0.032751
-0.036362 0.387176 1.445759 0.707203 -0.007688 0.706196 0.033036
-0.036046 0.387588 1.445833 0.707009 -0.006954 0.706422 0.032503
-0.035937 0.388155 1.446030 0.706895 -0.006068 0.706590 0.031522
-0.035904 0.388662 1.446225 0.706825 -0.005331 0.706705 0.030612
-0.035894 0.389091 1.446394 0.706771 -0.004732 0.706797 0.029847
-0.035859 0.389574 1.446460 0.706675 -0.003643 0.706915 0.029458
-0.035725 0.390137 1.446281 0.706536 -0.002045 0.707059 0.029501
-0.035541 0.390575 1.446078 0.706422 -0.000786 0.707168 0.029654
-0.035350 0.390915 1.445901 0.706330 0.000184 0.707254 0.029842
-0.035170 0.391277 1.445759 0.706272 0.001194 0.707313 0.029774
-0.034926 0.392110 1.445711 0.706194 0.003134 0.707434 0.028597
-0.034590 0.392813 1.445715 0.706160 0.004599 0.707497 0.027669
-0.034233 0.393355 1.445736 0.706133 0.005661 0.707541 0.027017
-0.033893 0.393777 1.445758 0.706107 0.006448 0.707578 0.026556
-0.033536 0.394967 1.445868 0.706219 0.009986 0.707485 0.024918
-0.032983 0.396189 1.446123 0.706356 0.013122 0.707354 0.023248
-0.032349 0.397122 1.446400 0.706455 0.015373 0.707248 0.022066
-0.031719 0.397834 1.446651 0.706509 0.017026 0.707180 0.021244
-0.031095 0.398912 1.446779 0.706383 0.020020 0.707270 0.019803
-0.030145 0.400251 1.446792 0.706145 0.023794 0.707434 0.018185
-0.029029 0.401214 1.446822 0.705955 0.026457 0.707553 0.017260
-0.027927 0.401912 1.446861 0.705786 0.028363 0.707658 0.016755
-0.026940 0.402733 1.446840 0.705501 0.030361 0.707875 0.016105
-0.025955 0.404670 1.446591 0.705022 0.034359 0.708212 0.014115
-0.024844 0.406293 1.446397 0.704720 0.037401 0.708387 0.012608
-0.023744 0.407551 1.446256 0.704486 0.039615 0.708517 0.011612
-0.022730 0.408549 1.446139 0.704289 0.041269 0.708628 0.010942
-0.021689 0.410744 1.445763 0.703968 0.044700 0.708768 0.008839
-0.020374 0.412831 1.445472 0.703881 0.047533 0.708692 0.006910
-0.018995 0.414447 1.445275 0.703832 0.049459 0.708620 0.005660
-0.017690 0.415711 1.445126 0.703794 0.050803 0.708569 0.004860
-0.016401 0.417647 1.444532 0.703340 0.052686 0.708890 0.003334
-0.014698 0.419945 1.443467 0.702957 0.055079 0.709095 0.001731
-0.012834 0.421684 1.442516 0.702712 0.056642 0.709215 0.000982
-0.011047 0.423015 1.441717 0.702548 0.057645 0.709298 0.000706
-0.009442 0.424616 1.440842 0.702374 0.058698 0.709383 0.000302
-0.007922 0.427704 1.439515 0.702614 0.061034 0.708947 -0.001562
-0.006386 0.430365 1.438396 0.702953 0.062820 0.708450 -0.003105
-0.004935 0.432519 1.437477 0.703265 0.064075 0.708023 -0.004158
-0.003622 0.434344 1.436678 0.703511 0.064962 0.707692 -0.004994
-0.001947 0.437737 1.435196 0.703903 0.066757 0.707102 -0.008356
0.000312 0.440683 1.433821 0.704477 0.068000 0.706377 -0.010876
0.002707 0.442917 1.432697 0.704990 0.068485 0.705796 -0.012319
0.004976 0.444651 1.431772 0.705434 0.068579 0.705328 -0.013131
0.007235 0.447315 1.430329 0.705526 0.069691 0.705097 -0.014654
0.010085 0.450209 1.428553 0.705806 0.071258 0.704628 -0.016097
0.013134 0.452351 1.427039 0.706115 0.071952 0.704238 -0.016529
0.016031 0.453963 1.425781 0.706414 0.072138 0.703922 -0.016431
0.018604 0.455982 1.424372 0.706748 0.072503 0.703530 -0.017210
0.021248 0.459398 1.422230 0.707710 0.074322 0.702293 -0.020180
0.024215 0.462122 1.420343 0.708668 0.075400 0.701153 -0.022096
0.027138 0.464177 1.418781 0.709493 0.075824 0.700240 -0.023113
0.029810 0.465930 1.417413 0.710142 0.075939 0.699545 -0.023841
0.032320 0.469375 1.415420 0.710742 0.077984 0.698604 -0.026752
0.035429 0.472453 1.413627 0.711570 0.079532 0.697491 -0.029145
0.038939 0.474692 1.412185 0.712323 0.079984 0.696621 -0.030278
0.042380 0.476312 1.411026 0.712967 0.079812 0.695967 -0.030619
0.045469 0.478952 1.409396 0.713655 0.080658 0.695055 -0.032979
0.048864 0.481822 1.407667 0.714649 0.082032 0.693735 -0.035778
0.052774 0.483918 1.406245 0.715587 0.082358 0.692648 -0.037290
0.056709 0.485342 1.405114 0.716373 0.081949 0.691856 -0.037796
0.060267 0.487177 1.403678 0.717113 0.081587 0.691063 -0.039046
0.063622 0.490058 1.401408 0.718339 0.082676 0.689489 -0.041924
0.067412 0.492288 1.399326 0.719584 0.083181 0.688015 -0.043751
0.071331 0.493798 1.397602 0.720656 0.082919 0.686878 -0.044468
0.074982 0.495099 1.396071 0.721546 0.082419 0.685971 -0.044980
0.078164 0.498108 1.394183 0.722790 0.083900 0.684237 -0.048522
0.081721 0.500755 1.392668 0.724097 0.084845 0.682507 -0.051663
0.085614 0.502619 1.391509 0.725203 0.084822 0.681192 -0.053520
0.089406 0.503897 1.390608 0.726102 0.084251 0.680229 -0.054458
0.092805 0.506413 1.388961 0.727006 0.084967 0.678988 -0.056738
0.096379 0.509021 1.387219 0.728196 0.086112 0.677344 -0.059336
0.100597 0.510885 1.385731 0.729359 0.086328 0.675930 -0.060834
0.105286 0.511965 1.384542 0.730375 0.085570 0.674901 -0.061145
0.109741 0.513360 1.383084 0.731223 0.085036 0.673997 -0.061730
0.113818 0.515520 1.381156 0.732406 0.085842 0.672431 -0.063630
0.118217 0.517100 1.379456 0.733602 0.086044 0.670985 -0.064834
0.122773 0.518005 1.378079 0.734622 0.085470 0.669918 -0.065072
0.127064 0.518828 1.376797 0.735403 0.084830 0.669152 -0.064963
0.130972 0.521085 1.375147 0.736295 0.086323 0.667831 -0.066481
0.135222 0.522905 1.373821 0.737262 0.087159 0.666519 -0.067831
0.140028 0.523981 1.372768 0.738172 0.086979 0.665490 -0.068263
0.144971 0.524392 1.371978 0.738908 0.085994 0.664850 -0.067794
0.149497 0.526065 1.370501 0.739859 0.085530 0.663755 -0.068706
0.153954 0.527698 1.369020 0.741094 0.085346 0.662254 -0.070115
0.158806 0.528670 1.367753 0.742265 0.084544 0.660976 -0.070758
0.163794 0.528986 1.366758 0.743225 0.083110 0.660105 -0.070499
0.168425 0.530044 1.365448 0.743976 0.082627 0.659349 -0.070225
0.172708 0.531878 1.363953 0.745045 0.083378 0.657939 -0.071221
0.177233 0.533116 1.362721 0.746074 0.083469 0.656696 -0.071807
0.181776 0.533725 1.361762 0.746903 0.082892 0.655842 -0.071661
0.186057 0.534434 1.360831 0.747554 0.081961 0.655234 -0.071510
0.190250 0.536376 1.359947 0.748427 0.081441 0.654094 -0.073382
0.194577 0.537785 1.359487 0.749131 0.080443 0.653243 -0.074876
0.198733 0.538663 1.359218 0.749636 0.079156 0.652730 -0.075660
0.202516 0.539272 1.359007 0.750021 0.077837 0.652403 -0.076027
0.206393 0.541129 1.357964 0.750874 0.076913 0.651382 -0.077291
0.210613 0.542451 1.356945 0.751891 0.075782 0.650205 -0.078430
0.214878 0.543095 1.356125 0.752694 0.074284 0.649414 -0.078706
0.218871 0.543364 1.355482 0.753333 0.072692 0.648874 -0.078540
0.222760 0.544392 1.354545 0.753932 0.072117 0.648223 -0.078685
0.227110 0.545433 1.353757 0.754679 0.071764 0.647314 -0.079331
0.231641 0.545788 1.353255 0.755196 0.070744 0.646837 -0.079213
0.235961 0.545745 1.352902 0.755564 0.069451 0.646617 -0.078654
0.240043 0.546061 1.352364 0.755892 0.068178 0.646439 -0.078075
0.244317 0.547169 1.351578 0.756596 0.067000 0.645673 -0.078605
0.248508 0.547758 1.351037 0.757136 0.065575 0.645172 -0.078733
0.252377 0.548016 1.350635 0.757540 0.064116 0.644866 -0.078543
0.255825 0.548197 1.350264 0.757848 0.062796 0.644673 -0.078239
0.259279 0.549106 1.349532 0.758351 0.062087 0.644088 -0.078742
0.262707 0.549619 1.349002 0.758795 0.061185 0.643612 -0.079059
0.265911 0.549831 1.348606 0.759124 0.060176 0.643320 -0.079050
0.268768 0.549894 1.348298 0.759384 0.059202 0.643121 -0.078906
0.271603 0.550771 1.347458 0.759678 0.059714 0.642694 -0.079169
0.274790 0.551406 1.346589 0.760118 0.060415 0.642059 -0.079563
0.278060 0.551517 1.345902 0.760431 0.060507 0.641702 -0.079377
0.281158 0.551363 1.345369 0.760667 0.060262 0.641502 -0.078924
0.284007 0.551598 1.344652 0.760841 0.060413 0.641322 -0.078592
0.286585 0.552349 1.343585 0.761311 0.061431 0.640603 -0.079122
0.288917 0.552848 1.342658 0.761745 0.062162 0.639971 -0.079476
0.290964 0.553206 1.341896 0.762120 0.062656 0.639448 -0.079718
0.292745 0.553610 1.341234 0.762401 0.063133 0.639042 -0.079905
0.294573 0.554555 1.340489 0.762692 0.064287 0.638499 -0.080542
0.296431 0.555187 1.339952 0.762926 0.065024 0.638084 -0.081018
0.298197 0.555582 1.339536 0.763096 0.065451 0.637806 -0.081265
0.299791 0.555841 1.339208 0.763232 0.065694 0.637601 -0.081397
0.301202 0.556504 1.338985 0.763393 0.066524 0.637144 -0.082782
0.302659 0.557128 1.339160 0.763443 0.067258 0.636802 -0.084351
0.304214 0.557395 1.339348 0.763322 0.067446 0.636827 -0.085101
0.306160 0.556906 1.339197 0.763112 0.066572 0.637258 -0.084446
0.308029 0.556320 1.338754 0.762836 0.066571 0.637681 -0.083735
0.309462 0.556100 1.338361 0.762517 0.067378 0.637959 -0.083886
0.310555 0.556046 1.338114 0.762227 0.068109 0.638192 -0.084144
0.311460 0.556021 1.337928 0.761953 0.068696 0.638439 -0.084288
0.312201 0.555847 1.337739 0.761740 0.069109 0.638586 -0.084764
0.312474 0.555318 1.337254 0.761526 0.071084 0.638473 -0.085900
0.312625 0.554900 1.336811 0.761307 0.072800 0.638439 -0.086644
0.312775 0.554527 1.336440 0.761131 0.074109 0.638430 -0.087151
0.312648 0.554536 1.336326 0.761036 0.075462 0.638250 -0.088125
0.311289 0.554138 1.335823 0.760815 0.079050 0.637841 -0.089839
0.309589 0.553889 1.335083 0.760696 0.080636 0.637501 -0.091825
0.307989 0.553734 1.334370 0.760568 0.081881 0.637291 -0.093228
0.306566 0.553646 1.333767 0.760497 0.082920 0.637073 -0.094367
0.304699 0.552934 1.333410 0.760621 0.083991 0.636408 -0.096885
0.301894 0.552394 1.333204 0.760568 0.086131 0.635744 -0.099738
0.299145 0.552095 1.332895 0.760425 0.088228 0.635304 -0.101778
0.296702 0.551875 1.332575 0.760287 0.090116 0.634965 -0.103258
0.294204 0.551453 1.332311 0.760126 0.092341 0.634599 -0.104714
0.290434 0.550593 1.331702 0.760100 0.094579 0.633862 -0.107335
0.286637 0.550028 1.330791 0.760050 0.096848 0.633275 -0.109120
0.283180 0.549644 1.329930 0.760063 0.098872 0.632698 -0.110548
0.280083 0.549428 1.329298 0.760110 0.100646 0.632123 -0.111913
0.275889 0.548717 1.329208 0.760050 0.102595 0.631343 -0.114908
0.271525 0.548254 1.328828 0.759943 0.104904 0.630644 -0.117346
0.267513 0.547990 1.328387 0.759861 0.107080 0.630006 -0.119322
0.263966 0.547851 1.328016 0.759831 0.108985 0.629392 -0.121017
0.260242 0.547111 1.327911 0.759860 0.109885 0.628710 -0.123535
0.255575 0.546558 1.327676 0.759764 0.112197 0.627967 -0.125810
0.250896 0.546424 1.327342 0.759609 0.114575 0.627312 -0.127855
0.246684 0.546477 1.327094 0.759434 0.116229 0.626807 -0.129861
0.242713 0.546341 1.326966 0.759347 0.117610 0.626244 -0.131831
0.237822 0.546143 1.326935 0.759256 0.119387 0.625511 -0.134211
0.232572 0.546320 1.326740 0.759003 0.121446 0.624938 -0.136447
0.227463 0.546784 1.326522 0.758682 0.123456 0.624460 -0.138598
0.222728 0.547391 1.326407 0.758391 0.125265 0.623983 -0.140706
0.217659 0.547631 1.326539 0.758233 0.126012 0.623496 -0.143028
0.212410 0.547873 1.326328 0.757961 0.127688 0.623108 -0.144663
0.207526 0.548188 1.326017 0.757657 0.129526 0.622787 -0.145995
0.203162 0.548557 1.325740 0.757390 0.131282 0.622456 -0.147228
0.198569 0.548907 1.325716 0.757136 0.133814 0.622098 -0.147759
0.193105 0.549573 1.325728 0.756680 0.137078 0.621780 -0.148439
0.187315 0.550519 1.325636 0.756101 0.140623 0.621461 -0.149404
0.181680 0.551684 1.325552 0.755549 0.143961 0.621036 -0.150781
0.176278 0.553007 1.325642 0.754845 0.146807 0.620949 -0.151917
0.169966 0.554673 1.325580 0.754126 0.150053 0.620775 -0.153023
0.163022 0.556664 1.325443 0.753474 0.153721 0.620209 -0.154878
0.156363 0.558532 1.325223 0.752772 0.157257 0.619709 -0.156734
0.150242 0.560318 1.325071 0.752167 0.160310 0.619174 -0.158648
0.143628 0.562001 1.324927 0.751561 0.162863 0.618887 -0.160034
0.136562 0.563665 1.324587 0.750674 0.166652 0.618715 -0.160961
0.129846 0.565206 1.324232 0.749740 0.170697 0.618528 -0.161786
0.123742 0.566636 1.323916 0.748870 0.174530 0.618267 -0.162723
0.117451 0.568412 1.323773 0.748627 0.174497 0.617812 -0.165578
0.110123 0.570490 1.323520 0.748028 0.176686 0.617283 -0.167924
0.102698 0.572607 1.323255 0.747124 0.180550 0.616750 -0.169784
0.095659 0.574665 1.323064 0.746156 0.184826 0.616147 -0.171618
0.088843 0.576865 1.323004 0.745560 0.186815 0.615485 -0.174412
0.080918 0.579599 1.322975 0.744776 0.189290 0.614829 -0.177378
0.072606 0.582534 1.323168 0.743942 0.192492 0.613781 -0.181026
0.064657 0.585294 1.323434 0.743120 0.195739 0.612615 -0.184829
0.057407 0.587733 1.323727 0.742234 0.198963 0.611704 -0.187938
0.049890 0.590121 1.324197 0.741333 0.201289 0.611220 -0.190571
0.042218 0.592427 1.324600 0.740392 0.204394 0.610467 -0.193321
0.035009 0.594526 1.324982 0.739577 0.207532 0.609465 -0.196236
0.028587 0.596323 1.325327 0.738873 0.210247 0.608476 -0.199043
0.022681 0.598042 1.325967 0.737600 0.211681 0.609439 -0.199304
0.016294 0.599818 1.326530 0.736771 0.213566 0.609361 -0.200590
0.010253 0.601475 1.327076 0.736102 0.215446 0.608928 -0.202346
0.004760 0.602877 1.327552 0.735507 0.217135 0.608430 -0.204192
-0.000162 0.604063 1.328113 0.734818 0.217930 0.608855 -0.204560
-0.005112 0.605182 1.328737 0.734284 0.217590 0.609596 -0.204631
-0.009971 0.606204 1.329370 0.733614 0.217829 0.610250 -0.204829
-0.014419 0.607130 1.329896 0.733070 0.218344 0.610543 -0.205355
-0.018087 0.607854 1.330485 0.732745 0.218365 0.610916 -0.205387
-0.022028 0.608376 1.331485 0.732570 0.216468 0.612146 -0.204353
-0.026534 0.608991 1.332383 0.732382 0.215507 0.612751 -0.204227
-0.030992 0.609584 1.333099 0.732216 0.215289 0.612882 -0.204661
-0.035161 0.610104 1.333646 0.732054 0.215563 0.612756 -0.205328
-0.038561 0.609986 1.334810 0.731928 0.213893 0.614208 -0.203171
-0.042224 0.609899 1.335882 0.731918 0.212362 0.615171 -0.201896
-0.045613 0.609811 1.336757 0.731885 0.211284 0.615891 -0.200951
-0.048701 0.609739 1.337429 0.731866 0.210749 0.616261 -0.200449
-0.051225 0.609049 1.338327 0.732053 0.210012 0.616957 -0.198388
-0.053789 0.607989 1.339085 0.732374 0.208830 0.617775 -0.195888
-0.056506 0.607107 1.339587 0.732659 0.208371 0.618125 -0.194202
-0.059104 0.606374 1.339941 0.732877 0.208327 0.618234 -0.193075
-0.061172 0.605308 1.340565 0.733101 0.208098 0.618626 -0.191207
-0.062481 0.603346 1.342061 0.733241 0.205766 0.620401 -0.187409
-0.063904 0.601697 1.343425 0.733286 0.203939 0.621814 -0.184521
-0.065302 0.600317 1.344562 0.733286 0.202649 0.622869 -0.182371
-0.066518 0.599050 1.345543 0.733284 0.201768 0.623712 -0.180466
-0.066832 0.596125 1.347365 0.734058 0.197688 0.625442 -0.175783
-0.067611 0.593440 1.348911 0.734800 0.193880 0.626831 -0.171937
-0.068723 0.591200 1.350151 0.735372 0.191197 0.627743 -0.169151
-0.069913 0.589322 1.351142 0.735792 0.189296 0.628376 -0.167094
-0.070363 0.586123 1.352823 0.736395 0.186198 0.629916 -0.162044
-0.070633 0.582169 1.354786 0.737244 0.181411 0.631682 -0.156649
-0.070910 0.578595 1.356475 0.737860 0.177548 0.633137 -0.152238
-0.071157 0.575536 1.357873 0.738320 0.174482 0.634305 -0.148651
-0.071117 0.572279 1.359500 0.738945 0.171102 0.635514 -0.144244
-0.071100 0.568077 1.362012 0.739777 0.165525 0.637248 -0.138733
-0.071293 0.564166 1.364446 0.740239 0.161040 0.638744 -0.134608
-0.071242 0.560629 1.366614 0.740476 0.157263 0.640131 -0.131133
-0.071002 0.557441 1.368541 0.740680 0.154061 0.641352 -0.127768
-0.070771 0.553066 1.371161 0.741228 0.149002 0.642975 -0.122317
-0.071127 0.548883 1.373701 0.741425 0.144868 0.644460 -0.118213
-0.071295 0.544965 1.376070 0.741382 0.141492 0.645829 -0.115054
-0.070899 0.541286 1.378258 0.741193 0.138331 0.647239 -0.112156
-0.070388 0.537145 1.381043 0.741305 0.135237 0.648645 -0.106944
-0.070496 0.533087 1.384310 0.741245 0.132064 0.650024 -0.102879
-0.070516 0.529325 1.387461 0.740966 0.129364 0.651334 -0.099992
-0.070023 0.525775 1.390366 0.740578 0.126693 0.652689 -0.097416
-0.069197 0.522197 1.393185 0.740497 0.124501 0.653722 -0.093868
-0.068312 0.518251 1.396360 0.740606 0.121828 0.654640 -0.090040
-0.067158 0.514465 1.399441 0.740493 0.119150 0.655678 -0.086948
-0.065432 0.510737 1.402373 0.740216 0.116260 0.656881 -0.084093
-0.063199 0.507046 1.405157 0.739867 0.113846 0.658153 -0.080436
-0.061385 0.503032 1.408397 0.739386 0.113277 0.659405 -0.075247
-0.059817 0.499222 1.411649 0.738764 0.112411 0.660676 -0.071401
-0.057968 0.495507 1.414763 0.738071 0.111092 0.662014 -0.068172
-0.055798 0.491994 1.417591 0.737412 0.109265 0.663366 -0.065033
-0.053656 0.488437 1.420872 0.737093 0.110031 0.663995 -0.060816
-0.051462 0.484892 1.424527 0.736689 0.109829 0.664759 -0.057628
-0.048930 0.481349 1.428073 0.736185 0.108745 0.665735 -0.054806
-0.046234 0.478029 1.431228 0.735713 0.107065 0.666754 -0.051975
-0.043492 0.474839 1.434547 0.735366 0.107213 0.667390 -0.048291
-0.040212 0.471403 1.438821 0.735054 0.106628 0.668072 -0.044786
-0.036560 0.467931 1.443008 0.734710 0.104741 0.668961 -0.041497
-0.033005 0.464741 1.446661 0.734420 0.102398 0.669828 -0.038360
-0.029757 0.461818 1.449992 0.734059 0.101502 0.670540 -0.035074
-0.026117 0.458397 1.454236 0.733345 0.102466 0.671367 -0.031173
-0.022163 0.454877 1.458376 0.732755 0.101669 0.672297 -0.027394
-0.018413 0.451649 1.461977 0.732292 0.100214 0.673152 -0.023904
-0.015095 0.448793 1.465018 0.731897 0.098654 0.673914 -0.020852
-0.011431 0.445931 1.469362 0.730735 0.099715 0.675097 -0.018100
-0.007221 0.442999 1.474076 0.729846 0.098511 0.676295 -0.015694
-0.003152 0.440214 1.478273 0.729171 0.096484 0.677365 -0.013347
0.000482 0.437689 1.481824 0.728617 0.094336 0.678302 -0.011175
0.003974 0.435127 1.485983 0.727421 0.094205 0.679639 -0.008713
0.008008 0.432195 1.491333 0.726168 0.092677 0.681210 -0.006707
0.011955 0.429353 1.496245 0.725239 0.090123 0.682556 -0.004851
0.015491 0.426753 1.500425 0.724492 0.087472 0.683704 -0.003113
0.018657 0.424419 1.504270 0.723507 0.086203 0.684913 -0.000809
0.022274 0.421988 1.509078 0.722089 0.085421 0.686503 0.002189
0.025924 0.419543 1.513601 0.721061 0.083368 0.687821 0.004782
0.029242 0.417265 1.517472 0.720252 0.081078 0.688921 0.007118
0.032123 0.415233 1.520749 0.719546 0.079117 0.689861 0.009208
0.035537 0.413028 1.525010 0.718052 0.079086 0.691387 0.011427
0.039492 0.410477 1.529295 0.717000 0.077074 0.692664 0.013687
0.043298 0.407943 1.533008 0.716239 0.074473 0.693685 0.016026
0.046678 0.405621 1.536117 0.715643 0.071903 0.694516 0.018213
0.050015 0.403270 1.539594 0.714378 0.071475 0.695791 0.020736
0.053877 0.400470 1.543456 0.713195 0.070013 0.697068 0.023398
0.057630 0.397675 1.546854 0.712353 0.067749 0.698057 0.026068
0.060973 0.395115 1.549708 0.711695 0.065419 0.698854 0.028541
0.064041 0.392846 1.552605 0.710663 0.064401 0.699910 0.030607
0.067925 0.390221 1.556674 0.709218 0.063018 0.701443 0.031875
0.072005 0.387322 1.560466 0.708233 0.060196 0.702610 0.033501
0.075768 0.384536 1.563686 0.707479 0.057156 0.703534 0.035303
0.079071 0.382043 1.566454 0.706746 0.054777 0.704365 0.037149
0.083118 0.379512 1.570120 0.705284 0.054216 0.705765 0.039127
0.087676 0.376481 1.573651 0.704319 0.051672 0.706782 0.041515
0.091989 0.373435 1.576655 0.703636 0.048603 0.707520 0.044151
0.095780 0.370647 1.579152 0.703096 0.045646 0.708093 0.046663
