0.232290 0.236468 1.821838 0.551067 -0.105929 0.818707 0.121754
0.232471 0.234520 1.826852 0.547171 -0.102267 0.821453 0.123943
0.233003 0.231660 1.831459 0.544016 -0.101273 0.823366 0.125931
0.233651 0.228708 1.835293 0.541534 -0.101443 0.824680 0.127878
0.234376 0.226141 1.838678 0.539350 -0.101061 0.825823 0.130016
0.235991 0.223954 1.843390 0.536198 -0.098131 0.827908 0.132026
0.237843 0.221019 1.847679 0.533690 -0.097492 0.829304 0.133880
0.239614 0.217984 1.851238 0.531790 -0.097926 0.830171 0.135742
0.241242 0.215292 1.854316 0.530132 -0.097911 0.830872 0.137932
0.243593 0.212930 1.858924 0.526996 -0.094218 0.832790 0.140923
0.246216 0.209394 1.863358 0.524744 -0.093590 0.833903 0.143142
0.248677 0.205549 1.867126 0.523173 -0.094489 0.834431 0.145215
0.250883 0.202031 1.870313 0.521898 -0.095465 0.834750 0.147315
0.253623 0.200319 1.874564 0.518450 -0.091264 0.836852 0.150198
0.256495 0.198155 1.878572 0.515835 -0.088765 0.838397 0.152069
0.259300 0.195447 1.882081 0.514374 -0.088032 0.839155 0.153262
0.261890 0.192507 1.885166 0.513545 -0.088389 0.839455 0.154193
0.265060 0.191182 1.889174 0.509999 -0.083484 0.841464 0.157702
0.268562 0.189223 1.892837 0.507241 -0.079989 0.842882 0.160804
0.271987 0.186511 1.896001 0.505806 -0.078522 0.843433 0.163143
0.275215 0.183322 1.898802 0.505344 -0.078561 0.843410 0.164664
0.279095 0.181621 1.902367 0.502692 -0.076254 0.845066 0.165377
0.283309 0.179531 1.905624 0.500458 -0.074312 0.846343 0.166501
0.287353 0.176663 1.908410 0.499483 -0.073992 0.846773 0.167381
0.291071 0.173293 1.910906 0.499375 -0.074935 0.846678 0.167767
0.295314 0.171053 1.914231 0.497837 -0.074461 0.847695 0.167415
0.299743 0.168490 1.917515 0.496326 -0.074049 0.848599 0.167503
0.303868 0.165172 1.920400 0.495812 -0.075005 0.848821 0.167473
0.307584 0.161390 1.923023 0.495972 -0.076996 0.848621 0.167110
0.311837 0.158764 1.926211 0.494864 -0.077133 0.849437 0.166186
0.316527 0.156017 1.929305 0.493554 -0.076624 0.850261 0.166103
0.320984 0.152349 1.931957 0.493213 -0.077559 0.850345 0.166247
0.324875 0.148275 1.934323 0.493301 -0.079544 0.850066 0.166479
0.328988 0.145070 1.937093 0.492261 -0.080907 0.850901 0.164625
0.333348 0.141605 1.939982 0.490632 -0.081904 0.851939 0.163622
0.337416 0.137434 1.942403 0.489471 -0.083799 0.852391 0.163785
0.340966 0.133204 1.944402 0.488767 -0.086133 0.852447 0.164384
0.345010 0.129842 1.946411 0.488003 -0.088433 0.852951 0.162809
0.349691 0.126484 1.948160 0.487511 -0.090289 0.853213 0.161890
0.353905 0.122852 1.949466 0.487493 -0.092501 0.852988 0.161887
0.357484 0.119409 1.950534 0.487609 -0.094705 0.852622 0.162187
0.361250 0.116764 1.951880 0.487172 -0.095914 0.852821 0.161739
0.365524 0.113987 1.953316 0.486502 -0.096426 0.853081 0.162082
0.369337 0.110812 1.954423 0.486264 -0.097610 0.852905 0.163011
0.372565 0.107733 1.955349 0.486170 -0.099006 0.852599 0.164046
0.375880 0.105261 1.956456 0.485507 -0.100003 0.852979 0.163431
0.379722 0.102572 1.957612 0.484671 -0.100567 0.853490 0.162899
0.383144 0.099473 1.958496 0.484289 -0.101790 0.853519 0.163123
0.386036 0.096457 1.959244 0.484065 -0.103212 0.853383 0.163603
0.388914 0.093995 1.959997 0.483579 -0.104012 0.853654 0.163118
0.392394 0.091563 1.960508 0.483230 -0.103810 0.853913 0.162926
0.395549 0.088852 1.960745 0.483320 -0.104185 0.853716 0.163452
0.398231 0.086248 1.960915 0.483507 -0.104818 0.853396 0.164163
0.400855 0.084100 1.961058 0.483675 -0.105366 0.853282 0.163905
0.403869 0.082738 1.960946 0.483685 -0.104183 0.853647 0.162731
0.406779 0.081129 1.960549 0.484513 -0.103971 0.853202 0.162738
0.409248 0.079637 1.960131 0.485214 -0.103742 0.852810 0.162854
0.411720 0.078380 1.959831 0.485826 -0.103519 0.852593 0.162303
0.414552 0.076369 1.959856 0.486009 -0.103795 0.852673 0.161157
0.416680 0.073744 1.960254 0.485628 -0.104823 0.852944 0.160199
0.418844 0.071207 1.960502 0.485826 -0.105689 0.852747 0.160079
0.421287 0.069071 1.960274 0.486567 -0.105924 0.852279 0.160163
0.424014 0.066507 1.959964 0.486534 -0.105861 0.852410 0.159606
0.426133 0.063569 1.959919 0.486106 -0.106420 0.852657 0.159225
0.428462 0.060792 1.959467 0.486683 -0.106907 0.852157 0.159808
0.430713 0.058269 1.958857 0.487452 -0.107226 0.851534 0.160571
0.433317 0.055109 1.958621 0.487653 -0.107043 0.851467 0.160438
0.435653 0.051197 1.958437 0.487956 -0.107961 0.851065 0.161033
0.437879 0.047221 1.958098 0.488744 -0.109437 0.850198 0.162227
0.439557 0.043486 1.958056 0.488922 -0.110979 0.849711 0.163186
0.441915 0.039669 1.958344 0.488876 -0.112701 0.849431 0.163606
0.444482 0.035614 1.958124 0.489709 -0.114741 0.848387 0.165104
0.446422 0.031763 1.958032 0.490018 -0.116778 0.847686 0.166352
0.447924 0.028341 1.958162 0.489973 -0.118583 0.847288 0.167235
0.450200 0.024092 1.958215 0.490004 -0.120202 0.846912 0.167891
0.452786 0.018861 1.957715 0.491122 -0.122808 0.845455 0.170066
0.455034 0.013555 1.957068 0.492264 -0.125743 0.843852 0.172566
0.456689 0.008700 1.956786 0.492828 -0.128432 0.842671 0.174733
0.459028 0.003594 1.957150 0.493110 -0.130383 0.841522 0.178000
0.460991 -0.002207 1.957456 0.493242 -0.133255 0.840248 0.181489
0.461947 -0.008244 1.957973 0.492556 -0.137017 0.839450 0.184225
0.462542 -0.013930 1.958551 0.491819 -0.140598 0.838712 0.186836
0.463394 -0.020728 1.959244 0.490889 -0.144644 0.837918 0.189733
0.464206 -0.028562 1.959979 0.489979 -0.149269 0.836836 0.193248
0.464826 -0.036136 1.960645 0.489225 -0.153779 0.835629 0.196811
0.465311 -0.042895 1.961233 0.488628 -0.157906 0.834442 0.200039
0.466128 -0.050093 1.961815 0.487910 -0.161633 0.833160 0.204114
0.466927 -0.058124 1.962380 0.487110 -0.165353 0.831717 0.208877
0.467532 -0.065700 1.962863 0.486452 -0.168844 0.830262 0.213354
0.468006 -0.072337 1.963278 0.485941 -0.172040 0.828902 0.217219
0.468827 -0.079238 1.963893 0.485499 -0.175615 0.827128 0.222057
0.469704 -0.086555 1.964563 0.485180 -0.179032 0.825127 0.227405
0.470396 -0.093197 1.965138 0.484950 -0.182171 0.823259 0.232123
0.470966 -0.098884 1.965615 0.484833 -0.184861 0.821573 0.236179
0.471723 -0.104871 1.966160 0.485017 -0.186823 0.819412 0.241701
0.472450 -0.111775 1.966741 0.485368 -0.188678 0.816875 0.248064
0.472998 -0.118147 1.967198 0.485694 -0.190323 0.814571 0.253678
0.473437 -0.123654 1.967582 0.486019 -0.191925 0.812509 0.258417
0.474078 -0.129194 1.968138 0.486169 -0.193718 0.810283 0.263730
0.474860 -0.135310 1.968709 0.486395 -0.195499 0.807768 0.269651
0.475471 -0.140781 1.969126 0.486584 -0.196825 0.805603 0.274772
0.475949 -0.145447 1.969487 0.486717 -0.198119 0.803753 0.278993
0.476455 -0.150044 1.969995 0.486716 -0.199971 0.801972 0.282772
0.477038 -0.155378 1.970532 0.486974 -0.202669 0.799703 0.286804
0.477491 -0.160101 1.970900 0.487228 -0.204448 0.797777 0.290450
0.477816 -0.164113 1.971224 0.487354 -0.206053 0.796203 0.293409
0.478217 -0.168107 1.971726 0.487230 -0.208283 0.794797 0.295844
0.478811 -0.172875 1.972337 0.487222 -0.211452 0.793014 0.298383
0.479268 -0.177086 1.972728 0.487276 -0.213357 0.791545 0.300828
0.479607 -0.180622 1.973064 0.487259 -0.214853 0.790378 0.302855
0.480024 -0.184286 1.973639 0.487004 -0.217155 0.789177 0.304744
0.480731 -0.189199 1.974467 0.487051 -0.220732 0.787079 0.307515
0.481301 -0.193586 1.975024 0.487241 -0.222818 0.785292 0.310263
0.481717 -0.197293 1.975508 0.487287 -0.224557 0.783896 0.312463
0.482131 -0.200853 1.976170 0.487090 -0.226961 0.782608 0.314255
0.482743 -0.205148 1.977133 0.486796 -0.230681 0.781029 0.315925
0.483287 -0.208849 1.977804 0.486775 -0.232805 0.779653 0.317793
0.483716 -0.211911 1.978362 0.486664 -0.234511 0.778623 0.319231
0.484111 -0.214791 1.979014 0.486316 -0.236679 0.777675 0.320471
0.484751 -0.218394 1.979845 0.485917 -0.240087 0.776197 0.322120
0.485334 -0.221572 1.980421 0.485764 -0.242496 0.774836 0.323820
0.485780 -0.224234 1.980876 0.485558 -0.244393 0.773809 0.325153
0.486180 -0.226697 1.981373 0.485290 -0.246326 0.772873 0.326318
0.486703 -0.229923 1.982166 0.485185 -0.248816 0.771392 0.328088
0.487185 -0.232881 1.982790 0.485322 -0.250793 0.769887 0.329907
0.487584 -0.235322 1.983260 0.485462 -0.252100 0.768700 0.331470
0.487918 -0.237453 1.983702 0.485399 -0.253511 0.767735 0.332721
0.488385 -0.239788 1.984126 0.485129 -0.255285 0.766513 0.334569
0.488789 -0.241847 1.984443 0.484950 -0.256644 0.765429 0.336267
0.489117 -0.243573 1.984701 0.484803 -0.257710 0.764535 0.337696
0.489403 -0.245120 1.984972 0.484594 -0.258892 0.763796 0.338760
0.489798 -0.247334 1.985521 0.484170 -0.261054 0.763005 0.339490
0.490154 -0.249409 1.985974 0.483973 -0.262739 0.762170 0.340347
0.490447 -0.251175 1.986329 0.483854 -0.264064 0.761433 0.341139
0.490673 -0.252692 1.986643 0.483680 -0.265283 0.760841 0.341759
0.490942 -0.254463 1.986897 0.483491 -0.266612 0.759750 0.343415
0.491144 -0.256089 1.987077 0.483408 -0.267434 0.758736 0.345132
0.491276 -0.257497 1.987239 0.483294 -0.268154 0.757929 0.346503
0.491361 -0.258700 1.987393 0.483159 -0.268847 0.757274 0.347583
0.491426 -0.259720 1.987735 0.483227 -0.269632 0.756287 0.349028
0.491499 -0.260449 1.988110 0.483309 -0.270207 0.755473 0.350231
0.491547 -0.261036 1.988467 0.483315 -0.270855 0.754840 0.351085
0.491585 -0.261511 1.988765 0.483322 -0.271366 0.754332 0.351773
0.491170 -0.261920 1.989148 0.483121 -0.271854 0.753588 0.353264
0.490565 -0.262302 1.989733 0.482579 -0.272410 0.753241 0.354315
0.489955 -0.262689 1.990324 0.482021 -0.272963 0.753015 0.355127
0.489395 -0.263059 1.990854 0.481515 -0.273472 0.752845 0.355781
0.487547 -0.263254 1.991204 0.480599 -0.274362 0.752629 0.356790
0.485818 -0.263122 1.991623 0.479696 -0.275195 0.752643 0.357333
0.484368 -0.262853 1.992046 0.478814 -0.275895 0.752867 0.357506
0.483126 -0.262594 1.992458 0.478020 -0.276502 0.753122 0.357562
0.480447 -0.262027 1.992575 0.477155 -0.276792 0.753225 0.358274
0.477673 -0.261084 1.992991 0.475993 -0.277248 0.753807 0.358244
0.475618 -0.260028 1.993236 0.475406 -0.277167 0.754126 0.358415
0.473797 -0.259054 1.993528 0.474582 -0.277350 0.754742 0.358070
0.470615 -0.257611 1.993668 0.474052 -0.277548 0.754421 0.359291
0.467628 -0.254938 1.994158 0.473458 -0.277148 0.754797 0.359594
0.464936 -0.252150 1.995052 0.472233 -0.276903 0.756047 0.358767
0.462620 -0.249653 1.995967 0.471040 -0.276659 0.757334 0.357807
0.458861 -0.247109 1.996388 0.469787 -0.276278 0.757947 0.358452
0.455575 -0.243431 1.996347 0.469741 -0.274895 0.758079 0.359293
0.453430 -0.239033 1.996119 0.470050 -0.273274 0.758669 0.358882
0.452095 -0.234526 1.995819 0.470545 -0.271304 0.759468 0.358035
0.449516 -0.229930 1.995471 0.470602 -0.268237 0.760053 0.359030
0.445163 -0.225476 1.995746 0.468874 -0.266931 0.761730 0.358710
0.441082 -0.221141 1.996528 0.467064 -0.266346 0.763789 0.357124
0.437234 -0.216862 1.997620 0.465012 -0.266714 0.766227 0.354293
0.432601 -0.212593 1.998734 0.462424 -0.265763 0.768496 0.353481
0.426769 -0.208708 1.999595 0.459058 -0.265116 0.770822 0.353287
0.421512 -0.205220 2.000138 0.456434 -0.265393 0.772749 0.352269
0.417172 -0.201595 2.000537 0.454591 -0.265777 0.774522 0.350465
0.412703 -0.197709 2.000846 0.453195 -0.265135 0.775528 0.350534
0.406963 -0.194307 2.001169 0.451103 -0.264948 0.776295 0.351675
0.401728 -0.191226 2.001434 0.449389 -0.265622 0.777121 0.351534
0.397350 -0.187946 2.001664 0.448223 -0.266320 0.778109 0.350307
0.392875 -0.184187 2.001831 0.447154 -0.265736 0.778725 0.350749
0.387046 -0.180211 2.002003 0.444821 -0.264449 0.779510 0.352937
0.381977 -0.176158 2.002208 0.442905 -0.263587 0.780634 0.353508
0.377822 -0.171813 2.002396 0.441579 -0.262673 0.782020 0.352782
0.373699 -0.167254 2.002415 0.440559 -0.261578 0.782835 0.353063
0.368247 -0.162875 2.002122 0.438609 -0.261415 0.783051 0.355126
0.363626 -0.158299 2.001891 0.437129 -0.261131 0.783767 0.355580
0.359867 -0.153417 2.001700 0.436205 -0.260449 0.784889 0.354739
0.356260 -0.148406 2.001357 0.435676 -0.259640 0.785667 0.354262
0.351319 -0.143888 2.000443 0.434582 -0.260339 0.785487 0.355489
0.347113 -0.139249 1.999613 0.433907 -0.260714 0.785817 0.355310
0.343665 -0.134352 1.998910 0.433678 -0.260505 0.786619 0.353964
0.340484 -0.129249 1.998286 0.433835 -0.259997 0.787131 0.353005
0.336152 -0.123638 1.997652 0.433058 -0.260249 0.786794 0.354525
0.332593 -0.117217 1.997170 0.432397 -0.259130 0.787575 0.354415
0.329727 -0.110417 1.996791 0.432108 -0.257085 0.789013 0.353057
0.327130 -0.103571 1.996421 0.432141 -0.254940 0.790453 0.351345
0.323477 -0.096779 1.995537 0.431510 -0.255209 0.790928 0.350856
0.320543 -0.089351 1.994625 0.431228 -0.253918 0.792187 0.349297
0.318155 -0.081701 1.993823 0.431330 -0.251567 0.793957 0.346842
0.315992 -0.074127 1.993143 0.431814 -0.248914 0.795713 0.344120
0.312741 -0.066593 1.992534 0.432063 -0.248607 0.796095 0.343148
0.309838 -0.058343 1.992055 0.432087 -0.246712 0.797623 0.340926
