0.017189 0.373902 1.488955 0.685301 0.056962 0.725800 0.018248
0.020182 0.371445 1.492401 0.684331 0.057186 0.726651 0.019937
0.023278 0.368914 1.495522 0.683559 0.056161 0.727399 0.022005
0.026106 0.366566 1.498187 0.682904 0.054798 0.728053 0.024037
0.028622 0.364514 1.500630 0.682331 0.054474 0.728564 0.025518
0.031830 0.362349 1.503702 0.681737 0.055522 0.729021 0.026059
0.035373 0.359883 1.506570 0.681293 0.054821 0.729437 0.027499
0.038693 0.357480 1.509041 0.680902 0.053529 0.729831 0.029235
0.041603 0.355305 1.511129 0.680542 0.052129 0.730199 0.030912
0.044877 0.353246 1.514384 0.680218 0.053781 0.730394 0.030590
0.048858 0.350618 1.517964 0.680055 0.052813 0.730602 0.030918
0.052723 0.347888 1.521121 0.679899 0.050876 0.730840 0.031964
0.056161 0.345344 1.523795 0.679711 0.048787 0.731102 0.033224
0.059386 0.343272 1.526621 0.679446 0.049973 0.731268 0.033204
0.063184 0.341009 1.529737 0.679263 0.051065 0.731377 0.032885
0.066931 0.338541 1.532485 0.679109 0.050746 0.731515 0.033485
0.070289 0.336185 1.534820 0.678907 0.049927 0.731715 0.034446
0.073344 0.334190 1.537096 0.678563 0.050407 0.731989 0.034688
0.077653 0.332092 1.540311 0.678047 0.051883 0.732458 0.032659
0.082451 0.329271 1.543293 0.677690 0.050926 0.732862 0.032500
0.086940 0.326335 1.545845 0.677347 0.049127 0.733264 0.033331
0.090868 0.323611 1.548008 0.676977 0.047309 0.733672 0.034507
0.095104 0.321497 1.551413 0.676076 0.049142 0.734431 0.033437
0.100040 0.318958 1.554961 0.675257 0.048679 0.735258 0.032462
0.104904 0.316066 1.558032 0.674554 0.046868 0.736002 0.032866
0.109251 0.313237 1.560615 0.673888 0.044714 0.736699 0.033905
0.113210 0.310858 1.563549 0.672873 0.045740 0.737548 0.034235
0.117563 0.308463 1.567020 0.671625 0.046890 0.738651 0.033429
0.122246 0.305695 1.570068 0.670524 0.046305 0.739668 0.033840
0.126794 0.302720 1.572619 0.669568 0.044711 0.740561 0.035348
0.130821 0.300053 1.574922 0.668507 0.044415 0.741458 0.036964
0.134622 0.298130 1.577745 0.666566 0.046918 0.743064 0.036682
0.138470 0.296113 1.580551 0.664504 0.048094 0.744881 0.035689
0.142577 0.293770 1.583043 0.662702 0.047544 0.746531 0.035458
0.146886 0.291131 1.585104 0.661210 0.046180 0.747884 0.036584
0.150666 0.289276 1.586941 0.660130 0.048453 0.748672 0.037016
0.154150 0.287734 1.588889 0.658780 0.050654 0.749737 0.036579
0.157809 0.285923 1.590707 0.657528 0.051166 0.750806 0.036463
0.161791 0.283733 1.592211 0.656511 0.050476 0.751692 0.037489
0.165624 0.282031 1.593661 0.655893 0.051877 0.752070 0.038792
0.168807 0.281334 1.595473 0.655053 0.054160 0.752705 0.037540
0.171899 0.280625 1.597231 0.653825 0.055900 0.753716 0.036056
0.175321 0.279455 1.598722 0.652816 0.056358 0.754574 0.035687
0.179001 0.278146 1.599847 0.652214 0.057289 0.754982 0.036565
0.182306 0.277896 1.600792 0.652085 0.060823 0.754820 0.036508
0.185419 0.277651 1.601898 0.651437 0.063808 0.755178 0.035561
0.188799 0.276898 1.602924 0.650893 0.065368 0.755526 0.035311
0.192545 0.275579 1.603793 0.650616 0.065601 0.755714 0.035932
0.195999 0.275318 1.604834 0.650185 0.067534 0.755991 0.034304
0.199292 0.275072 1.606193 0.649494 0.068813 0.756569 0.032026
0.202848 0.274242 1.607485 0.648995 0.068823 0.757051 0.030712
0.206747 0.272749 1.608617 0.648746 0.067707 0.757369 0.030610
0.210564 0.271973 1.609336 0.648605 0.068243 0.757499 0.029144
0.214144 0.271830 1.609921 0.648531 0.069851 0.757493 0.027041
0.217883 0.271161 1.610520 0.648573 0.070360 0.757454 0.025809
0.221895 0.269799 1.611085 0.648766 0.069717 0.757352 0.025696
0.226117 0.268344 1.611619 0.649145 0.068859 0.757103 0.025792
0.230198 0.267724 1.612455 0.649488 0.069088 0.756820 0.024834
0.234304 0.266667 1.613439 0.649726 0.068356 0.756700 0.024252
0.238581 0.264963 1.614385 0.649993 0.066705 0.756608 0.024587
0.243044 0.262754 1.615238 0.650332 0.064265 0.756497 0.025511
0.247340 0.261890 1.616371 0.650261 0.062923 0.756730 0.023691
0.251472 0.260978 1.617712 0.649903 0.061422 0.757214 0.021925
0.255689 0.259476 1.618980 0.649578 0.059329 0.757681 0.021162
0.260065 0.257316 1.620108 0.649366 0.056636 0.758058 0.021530
0.264583 0.255976 1.621144 0.649125 0.054941 0.758397 0.021256
0.268901 0.255244 1.622252 0.648506 0.054255 0.758994 0.020598
0.273198 0.254002 1.623284 0.647919 0.053110 0.759575 0.020651
0.277597 0.252079 1.624203 0.647460 0.051317 0.760061 0.021639
0.282199 0.250057 1.624888 0.647354 0.049214 0.760261 0.022682
0.286854 0.248799 1.625183 0.647562 0.048303 0.760119 0.023441
0.291428 0.247140 1.625406 0.647733 0.047193 0.760001 0.024762
0.296024 0.244853 1.625618 0.647900 0.045500 0.759893 0.026784
0.300701 0.242062 1.625836 0.648106 0.043090 0.759772 0.029114
0.305448 0.240255 1.626475 0.647997 0.040900 0.759977 0.029363
0.309994 0.238319 1.627345 0.647572 0.038665 0.760446 0.029610
0.314499 0.235830 1.628191 0.647136 0.036071 0.760907 0.030577
0.319025 0.232731 1.628945 0.646768 0.033078 0.761281 0.032379
0.323837 0.229940 1.629369 0.646778 0.030013 0.761327 0.034028
0.328602 0.227300 1.629470 0.646899 0.027699 0.761219 0.036079
0.333245 0.224223 1.629496 0.647026 0.025247 0.761066 0.038707
0.337521 0.220900 1.629512 0.647211 0.022486 0.760836 0.041720
0.341591 0.218121 1.629636 0.647265 0.019819 0.760755 0.043662
0.345720 0.215971 1.630107 0.646811 0.017603 0.761141 0.044611
0.349317 0.213901 1.630620 0.646332 0.015453 0.761534 0.045632
0.352364 0.212052 1.631094 0.645885 0.013588 0.761889 0.046617
0.355025 0.210561 1.631487 0.645518 0.012054 0.762184 0.047292
0.358178 0.209494 1.631503 0.645410 0.011590 0.762232 0.048097
0.361142 0.208162 1.631324 0.645470 0.011027 0.762097 0.049551
0.363730 0.206811 1.631123 0.645560 0.010405 0.761926 0.051112
0.365931 0.205590 1.630955 0.645621 0.009839 0.761785 0.052537
0.368418 0.205247 1.630891 0.645784 0.009523 0.761668 0.052278
0.370762 0.205164 1.630967 0.645817 0.009485 0.761674 0.051796
0.372743 0.205071 1.631097 0.645773 0.009421 0.761738 0.051415
0.374405 0.204989 1.631242 0.645689 0.009383 0.761830 0.051117
0.376300 0.205340 1.631498 0.645597 0.009746 0.761960 0.050265
0.378678 0.205904 1.632112 0.645257 0.010313 0.762318 0.049080
0.380800 0.206127 1.632803 0.644846 0.010406 0.762717 0.048249
0.382624 0.206190 1.633448 0.644448 0.010343 0.763090 0.047682
0.384364 0.206342 1.634039 0.644125 0.010340 0.763401 0.047057
0.387056 0.206871 1.634946 0.643706 0.010644 0.763810 0.046073
0.389608 0.206873 1.635973 0.643164 0.010269 0.764304 0.045555
0.391841 0.206621 1.636928 0.642642 0.009680 0.764761 0.045361
0.393753 0.206305 1.637765 0.642168 0.009114 0.765168 0.045328
0.396240 0.206777 1.638641 0.641847 0.009465 0.765482 0.044484
0.398657 0.207278 1.639679 0.641365 0.009714 0.765939 0.043512
0.400714 0.207616 1.640671 0.640858 0.009794 0.766407 0.042725
0.402450 0.207871 1.641549 0.640384 0.009846 0.766836 0.042104
0.404455 0.208284 1.642386 0.640025 0.010239 0.767165 0.041482
0.406954 0.208239 1.643432 0.639553 0.010219 0.767563 0.041392
0.409253 0.207697 1.644452 0.639076 0.009619 0.767949 0.041750
0.411268 0.207002 1.645360 0.638639 0.008890 0.768293 0.042288
0.413237 0.206485 1.646111 0.638347 0.008314 0.768523 0.042607
0.416167 0.206344 1.646589 0.638465 0.008274 0.768415 0.042818
0.418916 0.205791 1.646945 0.638609 0.007890 0.768261 0.043509
0.421321 0.205085 1.647230 0.638734 0.007395 0.768113 0.044363
0.423376 0.204392 1.647468 0.638821 0.006933 0.767995 0.045190
0.426095 0.204263 1.647857 0.639036 0.005933 0.767850 0.044786
0.428710 0.203994 1.648426 0.639000 0.004864 0.767895 0.044636
0.430956 0.203606 1.648990 0.638884 0.003842 0.767997 0.044647
0.432769 0.203299 1.649469 0.638714 0.003266 0.768152 0.044456
0.433967 0.204002 1.649655 0.638646 0.004898 0.768372 0.041368
0.435363 0.205023 1.649752 0.638852 0.006934 0.768358 0.038033
0.436489 0.205438 1.649819 0.639073 0.007720 0.768259 0.036117
0.436546 0.205522 1.649794 0.639124 0.008466 0.768257 0.035081
0.436256 0.205695 1.650022 0.638861 0.008299 0.768565 0.033097
0.436081 0.206180 1.650430 0.638800 0.007485 0.768767 0.029598
0.436006 0.206838 1.650605 0.638937 0.007214 0.768768 0.026492
0.435872 0.207539 1.650714 0.639045 0.007154 0.768770 0.023725
0.435729 0.208098 1.650836 0.639098 0.006831 0.768799 0.021388
0.435500 0.208389 1.651658 0.639001 0.002757 0.769030 0.016231
0.435524 0.208634 1.652103 0.639369 -0.000962 0.768808 0.011826
0.435527 0.208865 1.652389 0.639717 -0.004007 0.768556 0.008175
0.435486 0.209103 1.652620 0.639993 -0.006538 0.768336 0.005107
0.435294 0.209438 1.653254 0.640012 -0.010431 0.768293 0.000993
0.435232 0.209942 1.653873 0.640316 -0.015388 0.767950 -0.003513
0.435235 0.210438 1.654370 0.640593 -0.020473 0.767565 -0.008075
0.435246 0.210920 1.654756 0.640818 -0.025342 0.767172 -0.012503
0.435221 0.211374 1.655191 0.641018 -0.030008 0.766754 -0.016824
0.435148 0.211870 1.656015 0.641497 -0.035629 0.765981 -0.022042
0.435123 0.212384 1.656712 0.642014 -0.041170 0.765108 -0.027075
0.435104 0.212882 1.657320 0.642380 -0.046695 0.764290 -0.032084
0.435082 0.213362 1.657870 0.642599 -0.052236 0.763518 -0.037120
0.435023 0.213803 1.658585 0.643060 -0.058422 0.762375 -0.042961
0.434962 0.214249 1.659278 0.643558 -0.064469 0.761130 -0.048552
0.434916 0.214680 1.659876 0.643897 -0.070391 0.759953 -0.053981
0.434891 0.215036 1.660396 0.643933 -0.076532 0.758920 -0.059439
0.434846 0.215211 1.661078 0.643974 -0.083303 0.757657 -0.065691
0.434763 0.215293 1.661892 0.644218 -0.090015 0.756100 -0.072075
0.434699 0.215383 1.662590 0.644410 -0.096342 0.754556 -0.078097
0.434645 0.215476 1.663194 0.644468 -0.102416 0.753081 -0.083911
0.434585 0.215598 1.663830 0.644421 -0.108938 0.751483 -0.090153
0.434510 0.215847 1.664802 0.644504 -0.116780 0.749381 -0.096985
0.434494 0.216091 1.665661 0.644575 -0.124282 0.747281 -0.103186
0.434498 0.216317 1.666402 0.644498 -0.131394 0.745289 -0.109095
0.434507 0.216531 1.667050 0.644258 -0.138288 0.743369 -0.114936
0.434486 0.216692 1.667936 0.643850 -0.147014 0.740815 -0.122623
0.434474 0.216858 1.668826 0.643512 -0.155371 0.738190 -0.129725
0.434485 0.217007 1.669577 0.643120 -0.163096 0.735682 -0.136265
0.434494 0.217141 1.670211 0.642654 -0.170260 0.733287 -0.142470
0.434499 0.217230 1.670954 0.641850 -0.178737 0.730507 -0.149798
0.434508 0.217304 1.671844 0.641048 -0.187643 0.727426 -0.157159
0.434533 0.217357 1.672595 0.640383 -0.195601 0.724436 -0.163836
0.434568 0.217413 1.673210 0.639483 -0.203300 0.721632 -0.170227
0.434606 0.217415 1.673798 0.638353 -0.211334 0.718669 -0.177080
0.434603 0.217357 1.674597 0.637083 -0.220213 0.715174 -0.184818
0.434633 0.217318 1.675268 0.635733 -0.228704 0.711845 -0.191870
0.434674 0.217266 1.675817 0.634328 -0.236597 0.708704 -0.198465
0.434703 0.217220 1.676277 0.632861 -0.244080 0.705619 -0.204970
0.434738 0.217312 1.677070 0.630796 -0.253972 0.701570 -0.213056
0.434822 0.217428 1.677910 0.628856 -0.263654 0.697461 -0.220396
0.434923 0.217543 1.678617 0.626949 -0.272554 0.693587 -0.227126
0.435030 0.217715 1.679141 0.625261 -0.280308 0.690042 -0.233061
0.435075 0.217895 1.679613 0.623050 -0.288845 0.686170 -0.239892
0.435116 0.218128 1.680024 0.620850 -0.297103 0.682473 -0.245979
0.435191 0.218344 1.680329 0.618964 -0.304235 0.679250 -0.250884
0.435268 0.218535 1.680573 0.617339 -0.310300 0.676453 -0.254987
0.435333 0.218717 1.680785 0.615860 -0.315775 0.673876 -0.258638
0.435380 0.218856 1.681033 0.614510 -0.320947 0.671415 -0.261862
0.435445 0.218979 1.681237 0.613386 -0.325395 0.669271 -0.264485
0.435522 0.219098 1.681392 0.612442 -0.329194 0.667415 -0.266651
0.435605 0.219263 1.681483 0.611693 -0.332434 0.665804 -0.268374
0.435681 0.219660 1.681562 0.611093 -0.335365 0.664469 -0.269402
0.435777 0.219986 1.681708 0.610552 -0.338061 0.663357 -0.269997
0.435898 0.220290 1.681824 0.610106 -0.340489 0.662391 -0.270328
0.436027 0.220579 1.681897 0.609743 -0.342679 0.661545 -0.270448
0.436145 0.220979 1.681713 0.610041 -0.343492 0.661421 -0.269046
0.436228 0.221238 1.681597 0.610111 -0.344337 0.661588 -0.267392
0.436391 0.221358 1.681391 0.610170 -0.345520 0.661700 -0.265447
0.436535 0.221439 1.681221 0.610305 -0.346362 0.661810 -0.263760
0.436527 0.221507 1.680866 0.610804 -0.346224 0.662702 -0.260526
0.436434 0.221299 1.680353 0.611046 -0.345564 0.664590 -0.255986
0.436494 0.220828 1.679922 0.611129 -0.345291 0.666298 -0.251680
0.436791 0.219883 1.679979 0.610290 -0.346383 0.668017 -0.247626
0.436872 0.219279 1.680646 0.609680 -0.345702 0.670251 -0.244017
0.436311 0.218646 1.681690 0.609814 -0.341721 0.675078 -0.235846
0.435626 0.218659 1.682269 0.610491 -0.337299 0.679124 -0.228740
0.435005 0.218786 1.682628 0.610839 -0.334189 0.682324 -0.222773
0.434484 0.218865 1.682899 0.610837 -0.332263 0.684859 -0.217823
0.433070 0.218051 1.683508 0.609766 -0.330067 0.689350 -0.209850
0.431455 0.217463 1.683698 0.608816 -0.327689 0.693592 -0.202220
0.430110 0.216915 1.683433 0.608129 -0.326569 0.696815 -0.194887
0.429126 0.215969 1.682879 0.607520 -0.326611 0.699292 -0.187710
0.428090 0.213712 1.682378 0.607047 -0.326450 0.702701 -0.176453
0.426657 0.210603 1.681902 0.606219 -0.326174 0.706757 -0.163106
0.425385 0.207952 1.681332 0.605541 -0.325837 0.709974 -0.151942
0.424258 0.205763 1.680855 0.604919 -0.325447 0.712567 -0.142847
0.423005 0.203756 1.680692 0.604301 -0.324351 0.715262 -0.134226
0.420407 0.201313 1.681317 0.602978 -0.320990 0.719949 -0.122705
0.417882 0.199750 1.681741 0.602102 -0.317191 0.723945 -0.112993
0.415621 0.198790 1.682092 0.601376 -0.313674 0.727225 -0.105350
0.413632 0.198181 1.682431 0.600707 -0.310578 0.729949 -0.099329
0.410247 0.197152 1.683789 0.599250 -0.305027 0.734533 -0.091215
0.406588 0.196816 1.685236 0.598090 -0.298436 0.739078 -0.083596
0.403517 0.197158 1.685686 0.598476 -0.290932 0.742615 -0.075548
0.400719 0.197607 1.686428 0.598092 -0.284922 0.745804 -0.069863
0.397317 0.197465 1.687916 0.596599 -0.279477 0.749549 -0.064333
