0.435726 -0.221095 1.982974 0.455852 -0.225584 0.779664 0.365289
0.432547 -0.216850 1.983943 0.455014 -0.225597 0.780945 0.363584
0.430014 -0.212432 1.984888 0.454280 -0.225082 0.782526 0.361412
0.426575 -0.208074 1.985229 0.454055 -0.223473 0.782875 0.361941
0.422919 -0.203720 1.985509 0.453897 -0.222058 0.783131 0.362456
0.419817 -0.199182 1.985894 0.453749 -0.220872 0.783843 0.361825
0.417318 -0.194335 1.986289 0.453733 -0.219618 0.784938 0.360231
0.414485 -0.189322 1.986435 0.453755 -0.218254 0.785528 0.359745
0.410412 -0.184713 1.986519 0.453333 -0.217444 0.785329 0.361201
0.406672 -0.180179 1.986869 0.452748 -0.217048 0.785693 0.361379
0.403467 -0.175472 1.987309 0.452250 -0.216609 0.786531 0.360443
0.400581 -0.170525 1.987673 0.451838 -0.216035 0.787613 0.358938
0.396184 -0.165883 1.987579 0.450827 -0.216120 0.787856 0.359625
0.392117 -0.161347 1.987615 0.449866 -0.216405 0.788437 0.359384
0.388633 -0.156650 1.987741 0.449115 -0.216460 0.789420 0.358129
0.385736 -0.151687 1.987896 0.448629 -0.216110 0.790751 0.356007
0.382172 -0.146561 1.987593 0.448354 -0.215100 0.790635 0.357222
0.378838 -0.141163 1.987146 0.448207 -0.213702 0.790636 0.358241
0.376090 -0.135470 1.986778 0.448233 -0.211933 0.791223 0.357963
0.373824 -0.129531 1.986497 0.448404 -0.209848 0.792300 0.356592
0.371034 -0.123688 1.986039 0.448372 -0.208477 0.792915 0.356070
0.367358 -0.118206 1.985476 0.447903 -0.208080 0.793006 0.356691
0.364060 -0.112669 1.985118 0.447475 -0.207459 0.793681 0.356085
0.361183 -0.107002 1.984896 0.447189 -0.206470 0.794839 0.354435
0.358470 -0.101258 1.984697 0.446980 -0.205362 0.795944 0.352857
0.355158 -0.095419 1.984167 0.446400 -0.204797 0.795861 0.354106
0.352350 -0.089122 1.983635 0.446050 -0.203337 0.796436 0.354093
0.349950 -0.082564 1.983193 0.445908 -0.201224 0.797588 0.352887
0.347842 -0.075884 1.982846 0.445932 -0.198703 0.799168 0.350705
0.345086 -0.069455 1.982347 0.445424 -0.197926 0.799469 0.351103
0.342486 -0.062686 1.981818 0.444945 -0.196564 0.800180 0.350855
0.340179 -0.055697 1.981376 0.444670 -0.194435 0.801475 0.349430
0.338065 -0.048652 1.981030 0.444568 -0.191844 0.803191 0.347044
0.335739 -0.041859 1.980750 0.444348 -0.190235 0.804231 0.345801
0.333205 -0.035031 1.980515 0.443899 -0.189037 0.805109 0.344990
0.330836 -0.028027 1.980345 0.443603 -0.187088 0.806554 0.343054
0.328589 -0.020993 1.980230 0.443476 -0.184644 0.808387 0.340215
0.326377 -0.014112 1.980148 0.443424 -0.182599 0.809985 0.337574
0.324171 -0.007199 1.979907 0.443211 -0.181773 0.810690 0.336606
0.322139 0.000102 1.979570 0.443219 -0.179746 0.811942 0.334661
0.320151 0.007506 1.979257 0.443379 -0.176993 0.813626 0.331815
0.318135 0.014842 1.979002 0.443647 -0.173917 0.815550 0.328342
0.315760 0.021764 1.978990 0.443449 -0.173106 0.816430 0.326847
0.313325 0.028909 1.978990 0.443235 -0.171682 0.817804 0.324446
0.310884 0.036126 1.978982 0.443190 -0.169492 0.819580 0.321162
0.308416 0.043280 1.978974 0.443301 -0.166826 0.821609 0.317195
0.305958 0.050415 1.979093 0.443129 -0.165419 0.823397 0.313514
0.303625 0.058188 1.979075 0.442848 -0.163529 0.825433 0.309524
0.301273 0.066221 1.978924 0.442802 -0.160462 0.827751 0.304971
0.298816 0.074186 1.978737 0.442925 -0.156835 0.830206 0.299963
0.296261 0.081886 1.978637 0.443184 -0.153627 0.832330 0.295319
0.293675 0.089587 1.978639 0.443392 -0.151340 0.834118 0.291114
0.290979 0.097360 1.978544 0.443707 -0.148240 0.836150 0.286361
0.288143 0.104996 1.978412 0.444119 -0.144698 0.838307 0.281181
0.285171 0.112413 1.978302 0.444603 -0.141005 0.840455 0.275828
0.282049 0.120279 1.978601 0.444642 -0.137921 0.842538 0.270926
0.278705 0.128602 1.978823 0.444542 -0.133811 0.845047 0.265276
0.275170 0.136877 1.978949 0.444498 -0.129180 0.847661 0.259238
0.271476 0.144878 1.979014 0.444540 -0.124406 0.850247 0.252957
0.268058 0.152684 1.979030 0.444975 -0.121515 0.852541 0.245775
0.264833 0.160649 1.978736 0.445667 -0.118369 0.854683 0.238508
0.261458 0.168474 1.978299 0.446420 -0.114541 0.856760 0.231416
0.257881 0.176011 1.977846 0.447177 -0.110435 0.858772 0.224382
0.254148 0.183426 1.977470 0.447915 -0.106396 0.860591 0.217793
0.250280 0.191542 1.976971 0.448399 -0.101700 0.862518 0.211326
0.246154 0.199808 1.976327 0.448758 -0.096180 0.864557 0.204709
0.241779 0.207830 1.975679 0.449056 -0.090486 0.866585 0.197970
0.237246 0.215531 1.975126 0.449366 -0.085150 0.868539 0.190945
0.232820 0.223999 1.974840 0.449689 -0.080659 0.870652 0.182317
0.228050 0.232677 1.974404 0.449789 -0.075165 0.872850 0.173701
0.222990 0.241047 1.973922 0.449782 -0.069378 0.874960 0.165309
0.217916 0.248797 1.973549 0.449441 -0.063656 0.877016 0.157461
0.213361 0.256668 1.972925 0.449921 -0.059421 0.878815 0.147390
0.208928 0.264941 1.971931 0.450182 -0.054125 0.880578 0.137798
0.204732 0.272632 1.970859 0.450117 -0.048544 0.882185 0.129563
0.200953 0.279376 1.969831 0.449944 -0.043372 0.883534 0.122625
0.197879 0.285642 1.969039 0.450319 -0.039373 0.884361 0.116486
0.195157 0.292265 1.968399 0.450870 -0.035451 0.885035 0.110324
0.192532 0.298362 1.967709 0.451113 -0.031355 0.885722 0.104938
0.190150 0.303699 1.967033 0.451228 -0.027556 0.886317 0.100375
0.188158 0.308463 1.966490 0.451466 -0.024590 0.886780 0.095891
0.186595 0.314148 1.966268 0.451981 -0.022372 0.887298 0.088963
0.184980 0.319674 1.965856 0.452161 -0.019421 0.887862 0.082910
0.183443 0.324632 1.965358 0.452217 -0.016419 0.888351 0.077864
0.182067 0.328934 1.964851 0.452238 -0.013650 0.888742 0.073698
0.181543 0.334346 1.964446 0.453250 -0.011535 0.888746 0.067539
0.181159 0.340118 1.963607 0.454065 -0.008302 0.888768 0.062014
0.180756 0.345395 1.962567 0.454704 -0.004869 0.888765 0.057603
0.180363 0.350022 1.961525 0.455232 -0.001653 0.888730 0.054034
0.180520 0.354754 1.960830 0.456473 0.000582 0.888328 0.050055
0.181231 0.359769 1.960222 0.458064 0.002662 0.887740 0.045699
0.181957 0.364140 1.959469 0.459470 0.004760 0.887171 0.042337
0.182632 0.367867 1.958709 0.460707 0.006678 0.886639 0.039706
0.183486 0.371419 1.958117 0.462208 0.008171 0.885958 0.037081
0.185131 0.376260 1.957710 0.464514 0.009751 0.884902 0.032854
0.186681 0.380745 1.956988 0.466473 0.011797 0.883963 0.029542
0.188042 0.384660 1.956164 0.468164 0.013817 0.883122 0.026984
0.189222 0.388043 1.955377 0.469641 0.015630 0.882368 0.024906
0.191423 0.392070 1.955490 0.472463 0.015409 0.880977 0.020549
0.193744 0.395963 1.955836 0.475021 0.015305 0.879684 0.016620
0.195701 0.399456 1.956108 0.477120 0.015551 0.878600 0.013329
0.197303 0.402466 1.956288 0.478849 0.015961 0.877688 0.010600
0.199497 0.405742 1.956634 0.481294 0.016300 0.876378 0.007168
0.202632 0.409192 1.956906 0.484162 0.016625 0.874811 0.003962
0.205611 0.412560 1.957017 0.486696 0.017293 0.873399 0.001664
0.208084 0.415663 1.956978 0.488763 0.018267 0.872225 -0.000256
0.210541 0.418657 1.956986 0.490967 0.019158 0.870964 -0.002415
0.214475 0.421678 1.957159 0.494116 0.019298 0.869167 -0.005048
0.218624 0.424321 1.957236 0.497127 0.019318 0.867439 -0.006503
0.222256 0.426994 1.957300 0.499676 0.019697 0.865955 -0.007614
0.225210 0.429549 1.957326 0.501731 0.020436 0.864738 -0.008686
0.229142 0.432000 1.957994 0.504211 0.020485 0.863278 -0.010172
0.233512 0.433782 1.958825 0.506660 0.019924 0.861847 -0.010879
0.237490 0.435492 1.959707 0.508796 0.019478 0.860592 -0.011309
0.240667 0.437537 1.960596 0.510427 0.019619 0.859615 -0.011916
0.243987 0.439728 1.961657 0.512035 0.019671 0.858641 -0.012989
0.248178 0.441274 1.962746 0.513881 0.019017 0.857548 -0.013299
0.252213 0.442654 1.963782 0.515592 0.018390 0.856536 -0.013164
0.255560 0.444330 1.964774 0.516923 0.018294 0.855736 -0.013162
0.258544 0.446403 1.965814 0.518092 0.018126 0.855017 -0.014108
0.262802 0.447820 1.966885 0.519748 0.016675 0.854027 -0.014862
0.267280 0.448795 1.967853 0.521445 0.015124 0.853024 -0.014700
0.271234 0.449919 1.968777 0.522858 0.014067 0.852182 -0.014425
0.274419 0.451345 1.969665 0.523837 0.013524 0.851585 -0.014679
0.278288 0.452700 1.970784 0.524513 0.012126 0.851163 -0.016116
0.282531 0.453659 1.971684 0.525318 0.010799 0.850678 -0.016448
0.286384 0.454594 1.972425 0.526020 0.009882 0.850256 -0.016423
0.289645 0.455408 1.972997 0.526549 0.009301 0.849937 -0.016326
0.293428 0.456526 1.973755 0.527630 0.007808 0.849242 -0.018270
0.297863 0.457305 1.974409 0.528889 0.006177 0.848442 -0.019596
0.302079 0.457758 1.974890 0.530051 0.004761 0.847713 -0.020173
0.305841 0.457959 1.975252 0.531061 0.003530 0.847082 -0.020372
0.309473 0.458448 1.975835 0.531856 0.002348 0.846568 -0.021119
0.313663 0.459089 1.976564 0.532317 0.001509 0.846257 -0.022047
0.317800 0.459268 1.977049 0.532841 0.000653 0.845925 -0.022158
0.321607 0.459145 1.977394 0.533375 -0.000221 0.845597 -0.021850
0.325148 0.459090 1.977712 0.534092 -0.001182 0.845138 -0.022027
0.329681 0.459579 1.978018 0.535569 -0.002409 0.844134 -0.024419
0.334449 0.459412 1.978025 0.537054 -0.003741 0.843156 -0.025461
0.339004 0.458812 1.977916 0.538484 -0.005191 0.842227 -0.025692
0.343114 0.458031 1.977802 0.539758 -0.006586 0.841407 -0.025550
0.347620 0.458074 1.978087 0.541058 -0.007230 0.840546 -0.026189
0.352388 0.457809 1.978297 0.542100 -0.007630 0.839869 -0.026255
0.356935 0.457096 1.978391 0.543124 -0.008309 0.839217 -0.025726
0.361041 0.456192 1.978463 0.544053 -0.009096 0.838630 -0.024975
0.365107 0.455807 1.978583 0.545048 -0.009439 0.837972 -0.025211
0.369758 0.455454 1.978204 0.546049 -0.009288 0.837316 -0.025432
0.374449 0.454689 1.977462 0.547206 -0.009462 0.836581 -0.024672
0.378819 0.453749 1.976631 0.548348 -0.009809 0.835862 -0.023524
0.382820 0.452994 1.975866 0.549592 -0.010155 0.835069 -0.022506
0.386836 0.452981 1.974765 0.551162 -0.010016 0.834042 -0.022264
0.390544 0.453091 1.973258 0.552643 -0.009581 0.833085 -0.021555
0.393800 0.453297 1.971653 0.553975 -0.008999 0.832226 -0.020696
0.396562 0.453587 1.970114 0.555123 -0.008311 0.831489 -0.019889
0.399267 0.453926 1.968652 0.556489 -0.007009 0.830562 -0.020921
0.402107 0.454020 1.966959 0.557839 -0.006012 0.829650 -0.021428
0.404835 0.453952 1.965261 0.559122 -0.005259 0.828793 -0.021373
0.407309 0.453809 1.963695 0.560268 -0.004673 0.828031 -0.021065
0.409465 0.453516 1.962523 0.561355 -0.004065 0.827300 -0.020950
0.411451 0.453098 1.961548 0.562334 -0.003715 0.826632 -0.021138
0.413251 0.452667 1.960660 0.563163 -0.003458 0.826070 -0.021073
0.414499 0.452665 1.959889 0.563499 -0.002559 0.825829 -0.021664
0.414722 0.453375 1.959242 0.563390 -0.000792 0.825851 -0.023707
0.415171 0.453019 1.958975 0.563527 0.000202 0.825730 -0.024647
0.415792 0.452489 1.958778 0.563563 0.001163 0.825698 -0.024875
0.416360 0.452078 1.958519 0.563579 0.001897 0.825676 -0.025189
0.416833 0.451734 1.958223 0.563579 0.002519 0.825666 -0.025473
0.416722 0.450946 1.957845 0.563468 0.003452 0.825767 -0.024499
0.416658 0.450300 1.957354 0.563420 0.004038 0.825826 -0.023494
0.416657 0.449670 1.956974 0.563378 0.004379 0.825882 -0.022475
0.416691 0.449102 1.956657 0.563328 0.004589 0.825940 -0.021532
0.416183 0.448018 1.956373 0.563143 0.005167 0.826101 -0.020012
0.415521 0.446856 1.956042 0.562948 0.005320 0.826260 -0.018849
0.414950 0.445918 1.955717 0.562737 0.005434 0.826426 -0.017790
0.414506 0.445054 1.955468 0.562588 0.005362 0.826551 -0.016713
0.413677 0.443812 1.955295 0.562310 0.005944 0.826778 -0.014465
0.412026 0.441947 1.955113 0.561949 0.006404 0.827066 -0.011629
0.410485 0.440160 1.955022 0.561619 0.006115 0.827310 -0.010303
0.409116 0.438659 1.954980 0.561280 0.005746 0.827554 -0.009258
0.407779 0.437360 1.954980 0.560979 0.005323 0.827771 -0.008390
0.405235 0.435747 1.955119 0.560683 0.005877 0.827999 -0.004257
0.402751 0.434143 1.955171 0.560508 0.005770 0.828128 -0.001542
0.400432 0.432619 1.955142 0.560225 0.005318 0.828323 0.000301
0.398372 0.431197 1.955089 0.559842 0.004822 0.828582 0.001966
0.395333 0.429802 1.955270 0.559444 0.004731 0.828843 0.004292
0.392061 0.428251 1.955517 0.559373 0.004800 0.828868 0.007537
0.388983 0.426804 1.955643 0.559237 0.004445 0.828942 0.009507
0.386155 0.425421 1.955660 0.558947 0.003911 0.829120 0.011064
0.382983 0.424031 1.955794 0.558602 0.003512 0.829329 0.012837
0.379247 0.422382 1.956195 0.558505 0.003754 0.829333 0.016299
0.375644 0.420979 1.956418 0.558330 0.004054 0.829394 0.018865
0.372461 0.419515 1.956503 0.558159 0.004004 0.829452 0.021259
0.369409 0.418014 1.956558 0.557809 0.003648 0.829644 0.022923
0.365518 0.416234 1.956716 0.557670 0.003724 0.829665 0.025415
0.361781 0.414602 1.956774 0.557538 0.004044 0.829675 0.027842
0.358394 0.413019 1.956713 0.557364 0.004125 0.829710 0.030168
0.355329 0.411421 1.956586 0.557033 0.003783 0.829868 0.031915
0.351370 0.409536 1.956616 0.556822 0.003679 0.829939 0.033715
0.347343 0.407593 1.956630 0.556909 0.003905 0.829773 0.036271
0.343636 0.405766 1.956540 0.556913 0.003879 0.829665 0.038567
0.340241 0.403946 1.956413 0.556756 0.003421 0.829694 0.040254
0.336496 0.401889 1.956368 0.556308 0.003091 0.829925 0.041676
0.332338 0.399997 1.956108 0.556239 0.004204 0.829762 0.045544
0.328545 0.398202 1.955697 0.556230 0.005031 0.829554 0.049224
0.325130 0.396330 1.955285 0.556141 0.005206 0.829435 0.052138
0.321824 0.394274 1.954940 0.555774 0.005242 0.829530 0.054469
0.318088 0.392037 1.954341 0.555472 0.006457 0.829501 0.057771
0.314727 0.389959 1.953521 0.555351 0.007963 0.829270 0.061923
0.311715 0.387864 1.952698 0.555173 0.008752 0.829113 0.065404
0.308988 0.385666 1.951991 0.554858 0.008913 0.829089 0.068306
0.305430 0.383122 1.951497 0.554372 0.009974 0.829081 0.072094
0.301884 0.380830 1.950879 0.554212 0.011708 0.828704 0.077214
0.298675 0.378456 1.950316 0.554131 0.012531 0.828352 0.081330
0.295742 0.375947 1.949896 0.553950 0.012571 0.828149 0.084563
0.292558 0.373052 1.949651 0.553703 0.012455 0.828091 0.086733
0.289294 0.370128 1.949267 0.553588 0.013680 0.827650 0.091369
0.286324 0.367390 1.948783 0.553417 0.014400 0.827301 0.095372
0.283613 0.364599 1.948368 0.553169 0.014372 0.827090 0.098582
0.281006 0.361391 1.948186 0.553002 0.013605 0.826996 0.100405
0.277814 0.357793 1.948443 0.552926 0.014248 0.826613 0.103827
0.274843 0.354246 1.948785 0.552942 0.015090 0.826034 0.108142
0.272473 0.350294 1.949858 0.553364 0.014717 0.825408 0.110784
0.270286 0.345441 1.951813 0.553654 0.012711 0.825099 0.111879
0.267871 0.339671 1.954218 0.554022 0.011584 0.824727 0.112919
0.265513 0.333532 1.956675 0.554307 0.009521 0.824421 0.113936
0.263420 0.327328 1.958855 0.554418 0.006609 0.824269 0.114702
0.261466 0.321480 1.960676 0.554664 0.003336 0.824088 0.114960
0.259162 0.315580 1.962259 0.554345 0.001507 0.824255 0.115340
0.256649 0.309809 1.963697 0.554344 0.000343 0.824156 0.116059
0.254330 0.304058 1.965056 0.554437 -0.001559 0.823998 0.116727
0.252287 0.298149 1.966302 0.554443 -0.004312 0.823897 0.117335
0.250405 0.291927 1.967336 0.554496 -0.006892 0.823795 0.117678
0.248082 0.285480 1.968273 0.554603 -0.008367 0.823714 0.117650
0.245663 0.279200 1.969238 0.554524 -0.009804 0.823619 0.118573
0.243237 0.273216 1.970085 0.554279 -0.011825 0.823665 0.119208
0.240935 0.267317 1.970826 0.554066 -0.014317 0.823735 0.119443
0.238402 0.260849 1.971509 0.554301 -0.016029 0.823791 0.117741
0.235953 0.254206 1.972157 0.554323 -0.017617 0.823732 0.117819
0.233764 0.247434 1.972707 0.554215 -0.019744 0.823601 0.118899
0.231801 0.240654 1.973086 0.554055 -0.022699 0.823474 0.119995
0.229496 0.233624 1.973428 0.554199 -0.025252 0.823504 0.118604
0.226838 0.226379 1.973821 0.554177 -0.027470 0.823642 0.117247
0.224350 0.219163 1.974071 0.554153 -0.029526 0.823558 0.117450
0.222118 0.211977 1.974129 0.554113 -0.031744 0.823285 0.118969
0.219860 0.204710 1.973993 0.554211 -0.034456 0.823141 0.118749
0.216752 0.197535 1.973915 0.554526 -0.036633 0.823187 0.116281
0.213509 0.190709 1.973880 0.554847 -0.037869 0.822952 0.116022
0.210515 0.184033 1.973690 0.555071 -0.038843 0.822553 0.117444
0.207765 0.177252 1.973356 0.555259 -0.040434 0.822173 0.118683
0.204308 0.170168 1.973302 0.556104 -0.041956 0.821965 0.115590
0.200597 0.163327 1.973265 0.556804 -0.042871 0.821683 0.113876
0.197122 0.156590 1.973033 0.557352 -0.043657 0.821289 0.113735
0.194050 0.149856 1.972551 0.557877 -0.044701 0.820730 0.114788
0.190795 0.142945 1.972260 0.559173 -0.045318 0.819942 0.113869
0.186927 0.136000 1.972160 0.560116 -0.045862 0.819460 0.112479
0.183389 0.129317 1.971768 0.560960 -0.046510 0.818912 0.111996
0.180199 0.122576 1.971117 0.561578 -0.048493 0.818475 0.111245
0.177188 0.115885 1.970349 0.563025 -0.049276 0.817389 0.111577
0.173452 0.109284 1.969790 0.564418 -0.049711 0.816534 0.110608
0.169768 0.102688 1.969079 0.565526 -0.051291 0.815898 0.108907
0.166364 0.095958 1.968092 0.566321 -0.053998 0.815362 0.107471
0.163120 0.088992 1.966892 0.566885 -0.057388 0.814903 0.106220
0.159226 0.081814 1.965874 0.568026 -0.059719 0.814249 0.103820
0.154987 0.074552 1.964807 0.568066 -0.063353 0.814268 0.101263
0.150998 0.066992 1.963411 0.567684 -0.068284 0.814395 0.099160
0.147488 0.059157 1.961589 0.567320 -0.074228 0.814328 0.097512
0.143867 0.051724 1.959439 0.567979 -0.078070 0.813640 0.096408
0.140040 0.045269 1.957649 0.567904 -0.081741 0.813637 0.093803
0.136625 0.039837 1.956147 0.567567 -0.085030 0.813833 0.091181
0.133772 0.035272 1.954817 0.567300 -0.087864 0.813980 0.088813
0.131195 0.031348 1.953431 0.567830 -0.089416 0.813651 0.086863
0.128374 0.027927 1.952195 0.568244 -0.090459 0.813582 0.083665
0.125770 0.025039 1.951231 0.568259 -0.091504 0.813777 0.080472
0.123566 0.022599 1.950408 0.568226 -0.092447 0.813968 0.077645
0.121685 0.020568 1.949590 0.568437 -0.092976 0.813973 0.075383
0.119703 0.019001 1.948695 0.569072 -0.092623 0.813830 0.072513
0.117818 0.017719 1.948044 0.569350 -0.092355 0.813935 0.069432
0.116197 0.016632 1.947513 0.569519 -0.092175 0.814067 0.066686
0.114843 0.015709 1.947039 0.569661 -0.092034 0.814172 0.064352
0.113136 0.015452 1.946455 0.569275 -0.091477 0.814704 0.061766
0.111365 0.015529 1.946215 0.568678 -0.090688 0.815450 0.058502
