0.060873 0.329394 1.556125 0.656628 0.022708 0.752847 0.039294
0.065723 0.327632 1.560455 0.655193 0.023473 0.754129 0.038223
0.071336 0.325117 1.564639 0.654131 0.021468 0.755092 0.038578
0.076772 0.322231 1.568230 0.653247 0.018393 0.755858 0.040110
0.081586 0.319408 1.571255 0.652498 0.015186 0.756474 0.041980
0.085948 0.317759 1.575036 0.651099 0.015938 0.757675 0.041764
0.090494 0.316326 1.579174 0.649893 0.015979 0.758784 0.040362
0.095190 0.314507 1.582782 0.648898 0.014648 0.759674 0.040154
0.099551 0.312474 1.585834 0.648055 0.012670 0.760395 0.040803
0.103417 0.310936 1.588971 0.646831 0.013123 0.761414 0.041058
0.107366 0.309817 1.592752 0.645349 0.014944 0.762705 0.039772
0.111646 0.308287 1.596121 0.644120 0.015117 0.763757 0.039461
0.116252 0.306335 1.598988 0.643114 0.014018 0.764576 0.040396
0.120870 0.304208 1.601598 0.642148 0.012834 0.765322 0.041981
0.124738 0.302951 1.605376 0.640671 0.014461 0.766600 0.040685
0.128536 0.301675 1.609038 0.639334 0.014947 0.767790 0.039067
0.132585 0.300049 1.612197 0.638200 0.014283 0.768769 0.038622
0.136936 0.298027 1.614877 0.637254 0.012636 0.769542 0.039396
0.140717 0.296848 1.618131 0.636103 0.012831 0.770602 0.037154
0.144189 0.295990 1.621518 0.634925 0.012564 0.771726 0.033920
0.147866 0.294807 1.624486 0.633840 0.011470 0.772719 0.031959
0.151865 0.293175 1.627013 0.632879 0.009591 0.773551 0.031461
0.155673 0.291915 1.629643 0.631825 0.009266 0.774460 0.030391
0.158924 0.291593 1.632495 0.630724 0.009939 0.775473 0.027041
0.162308 0.291019 1.635007 0.629687 0.009875 0.776394 0.024694
0.166020 0.289931 1.637148 0.628718 0.008963 0.777217 0.023816
0.169895 0.288662 1.639162 0.627686 0.008357 0.778054 0.023911
0.173054 0.288818 1.641779 0.626192 0.009977 0.779317 0.021196
0.176171 0.288939 1.644195 0.624723 0.010987 0.780545 0.018707
0.179588 0.288513 1.646260 0.623379 0.011107 0.781644 0.017536
0.183379 0.287470 1.647990 0.622204 0.010373 0.782585 0.017754
0.186809 0.287749 1.650084 0.620890 0.011447 0.783656 0.015738
0.189968 0.288449 1.652192 0.619463 0.012464 0.784821 0.012869
0.193335 0.288623 1.654023 0.618147 0.012775 0.785880 0.011126
0.197064 0.288090 1.655551 0.617018 0.012234 0.786780 0.010786
0.200928 0.287798 1.656930 0.616214 0.012551 0.787409 0.010461
0.204594 0.288140 1.658320 0.615517 0.013532 0.787954 0.009106
0.208387 0.288005 1.659567 0.614845 0.013799 0.788481 0.008513
0.212463 0.287189 1.660619 0.614277 0.013212 0.788928 0.009044
0.216759 0.286048 1.661511 0.613833 0.012169 0.789282 0.009718
0.220867 0.285650 1.662378 0.613339 0.011890 0.789685 0.008525
0.225007 0.284939 1.663152 0.612842 0.011293 0.790084 0.008033
0.229345 0.283629 1.663799 0.612427 0.010064 0.790415 0.008628
0.233906 0.281747 1.664325 0.612121 0.008206 0.790656 0.010139
0.238462 0.280998 1.665052 0.612012 0.006645 0.790767 0.009278
0.242797 0.280395 1.665959 0.611727 0.005178 0.791010 0.008127
0.247183 0.279278 1.666804 0.611413 0.003358 0.791266 0.007861
0.251732 0.277527 1.667524 0.611141 0.001070 0.791473 0.008683
0.256277 0.275944 1.668034 0.610895 -0.000623 0.791667 0.008347
0.260693 0.274613 1.668444 0.610630 -0.001592 0.791878 0.007633
0.265175 0.272801 1.668804 0.610380 -0.002988 0.792063 0.007897
0.269797 0.270398 1.669106 0.610177 -0.004949 0.792197 0.009206
0.274581 0.267821 1.669297 0.610059 -0.007203 0.792250 0.010739
0.279386 0.266051 1.669282 0.610090 -0.008690 0.792202 0.011395
0.284110 0.264040 1.669236 0.610085 -0.010188 0.792170 0.012588
0.288868 0.261505 1.669186 0.610069 -0.012108 0.792123 0.014553
0.293687 0.258484 1.669141 0.610027 -0.014386 0.792064 0.017147
0.298299 0.256124 1.669358 0.609539 -0.015061 0.792394 0.018621
0.302769 0.253653 1.669703 0.608936 -0.015922 0.792804 0.020110
0.307260 0.250714 1.670037 0.608377 -0.017345 0.793147 0.022232
0.311822 0.247246 1.670323 0.607889 -0.019346 0.793390 0.025065
0.316598 0.244468 1.670410 0.607508 -0.020796 0.793574 0.027228
0.321253 0.242355 1.670260 0.607158 -0.021154 0.793772 0.028963
0.325821 0.239893 1.670059 0.606855 -0.021741 0.793903 0.031173
0.330397 0.236866 1.669868 0.606590 -0.022901 0.793957 0.034007
0.335236 0.233781 1.669766 0.606499 -0.024625 0.793828 0.037274
0.340186 0.231501 1.670006 0.606339 -0.026165 0.793772 0.039925
0.344903 0.228959 1.670357 0.606015 -0.027822 0.793830 0.042478
0.349473 0.225911 1.670696 0.605674 -0.029882 0.793852 0.045434
0.353738 0.222772 1.670965 0.605424 -0.032265 0.793769 0.048486
0.358411 0.220365 1.671295 0.605010 -0.034453 0.793885 0.050219
0.362794 0.217784 1.671538 0.604642 -0.036671 0.793936 0.052240
0.366627 0.215257 1.671693 0.604372 -0.038791 0.793897 0.054383
0.369891 0.212995 1.671802 0.604158 -0.040624 0.793831 0.056361
0.373681 0.211679 1.671872 0.604157 -0.042190 0.793611 0.058280
0.377323 0.210686 1.671846 0.604195 -0.043427 0.793382 0.060056
0.380431 0.209790 1.671769 0.604246 -0.044396 0.793167 0.061657
0.383047 0.209034 1.671686 0.604287 -0.045130 0.792988 0.063014
0.385974 0.208895 1.671418 0.604725 -0.045638 0.792581 0.063554
0.389552 0.209275 1.670766 0.605732 -0.045597 0.791802 0.063719
0.392707 0.209433 1.670086 0.606657 -0.045555 0.791060 0.064156
0.395402 0.209477 1.669477 0.607442 -0.045532 0.790419 0.064649
0.397903 0.209591 1.668914 0.608196 -0.045664 0.789801 0.065017
0.401253 0.210051 1.668141 0.609390 -0.046193 0.788807 0.065528
0.404295 0.210238 1.667369 0.610468 -0.046715 0.787881 0.066257
0.406906 0.210268 1.666681 0.611376 -0.047187 0.787084 0.067016
0.409117 0.210250 1.666098 0.612123 -0.047574 0.786422 0.067686
0.411905 0.210877 1.665026 0.613479 -0.047385 0.785420 0.067179
0.414631 0.211446 1.663710 0.614946 -0.046690 0.784322 0.067083
0.416996 0.211814 1.662477 0.616237 -0.046072 0.783332 0.067241
0.419007 0.212072 1.661412 0.617319 -0.045558 0.782490 0.067453
0.421175 0.212543 1.660155 0.618717 -0.045375 0.781473 0.066559
0.423615 0.213003 1.658530 0.620501 -0.044982 0.780163 0.065575
0.425789 0.213182 1.657007 0.622084 -0.044691 0.778956 0.065129
0.427661 0.213221 1.655688 0.623419 -0.044507 0.777915 0.064926
0.429181 0.213290 1.654694 0.624388 -0.044530 0.777212 0.064029
0.429719 0.214192 1.654446 0.624525 -0.043672 0.777499 0.059642
0.430047 0.215898 1.654365 0.624627 -0.042066 0.777835 0.055179
0.430553 0.217631 1.654267 0.624823 -0.040765 0.777980 0.051785
0.431000 0.219119 1.654156 0.625013 -0.039698 0.778066 0.048953
0.431429 0.220641 1.654175 0.625374 -0.039508 0.778047 0.044601
0.431694 0.221455 1.654224 0.625691 -0.040315 0.777941 0.041165
0.431865 0.222011 1.654307 0.625857 -0.041151 0.777913 0.038226
0.432062 0.222727 1.654373 0.626014 -0.041540 0.777893 0.035557
0.432324 0.223349 1.654563 0.626209 -0.042813 0.777817 0.032073
0.432499 0.223874 1.654744 0.626428 -0.044391 0.777715 0.027879
0.432570 0.224364 1.654870 0.626584 -0.045686 0.777637 0.024191
0.432711 0.224550 1.654982 0.626688 -0.047325 0.777535 0.021491
0.432805 0.224388 1.655208 0.626755 -0.049586 0.777410 0.018760
0.432736 0.224161 1.655518 0.626850 -0.052913 0.777210 0.014294
0.432740 0.224091 1.655656 0.626907 -0.055918 0.777016 0.010322
0.432799 0.224024 1.655744 0.626934 -0.058584 0.776835 0.007030
0.432852 0.223922 1.655855 0.626940 -0.061051 0.776662 0.004044
0.432932 0.223397 1.656736 0.627093 -0.066303 0.776111 -0.003008
0.432991 0.223141 1.657252 0.627488 -0.070564 0.775357 -0.010008
0.433010 0.222931 1.657621 0.627760 -0.074326 0.774683 -0.016058
0.433039 0.222709 1.657924 0.627895 -0.077757 0.774114 -0.021222
0.433134 0.222144 1.658914 0.628011 -0.084176 0.773085 -0.029251
0.433166 0.221818 1.659780 0.628819 -0.090215 0.771367 -0.037959
0.433201 0.221630 1.660393 0.629476 -0.095510 0.769789 -0.045405
0.433306 0.221460 1.660862 0.630048 -0.100066 0.768359 -0.051479
0.433282 0.221101 1.661698 0.630189 -0.105797 0.766956 -0.058716
0.433365 0.220731 1.662980 0.630509 -0.113914 0.764712 -0.068538
0.433369 0.220441 1.663975 0.630855 -0.121487 0.762361 -0.077894
0.433310 0.220204 1.664683 0.631086 -0.128146 0.760185 -0.086183
0.433392 0.219950 1.665281 0.631236 -0.134169 0.758177 -0.093310
0.433422 0.219318 1.666284 0.631105 -0.142317 0.755461 -0.103586
0.433423 0.218722 1.667154 0.631130 -0.150083 0.752469 -0.113753
0.433428 0.218140 1.667862 0.630934 -0.157527 0.749590 -0.123381
0.433552 0.217652 1.668303 0.630827 -0.164035 0.746844 -0.131809
0.433500 0.217039 1.669006 0.630419 -0.171473 0.743761 -0.141381
0.433525 0.216502 1.669813 0.630199 -0.179435 0.740216 -0.150774
0.433418 0.215954 1.670646 0.629956 -0.187213 0.736597 -0.159783
0.433444 0.215495 1.671357 0.629629 -0.194892 0.733129 -0.167650
0.433449 0.214961 1.671939 0.629134 -0.202655 0.729543 -0.175748
0.433383 0.214449 1.672645 0.628194 -0.211441 0.725607 -0.184821
0.433330 0.213959 1.673381 0.627361 -0.219877 0.721578 -0.193384
0.433294 0.213507 1.674031 0.626567 -0.227763 0.717634 -0.201346
0.433274 0.213080 1.674532 0.625638 -0.235287 0.713825 -0.208977
0.433230 0.212792 1.675233 0.624134 -0.244062 0.709470 -0.218042
0.433300 0.212695 1.676011 0.622607 -0.253067 0.705090 -0.226198
0.433235 0.212426 1.676750 0.620967 -0.261361 0.700763 -0.234569
0.433194 0.212297 1.677412 0.619648 -0.268445 0.696681 -0.242093
0.433162 0.212190 1.678068 0.617386 -0.277328 0.691989 -0.251145
0.433126 0.212098 1.678897 0.614991 -0.286403 0.687093 -0.260120
0.433099 0.212012 1.679652 0.612699 -0.294735 0.682401 -0.268440
0.433108 0.211975 1.680245 0.610806 -0.301887 0.678030 -0.275783
0.433100 0.211847 1.680714 0.608319 -0.309904 0.673224 -0.284035
0.433036 0.211675 1.681300 0.605154 -0.319090 0.667812 -0.293253
0.433022 0.211567 1.681685 0.602402 -0.327091 0.662906 -0.301128
0.433017 0.211479 1.681909 0.600329 -0.333392 0.658613 -0.307707
0.433000 0.211426 1.682055 0.598235 -0.339208 0.654655 -0.313814
0.433002 0.211501 1.682325 0.595617 -0.345589 0.650553 -0.320297
0.433008 0.211678 1.682578 0.593402 -0.350947 0.646971 -0.325791
0.433004 0.211890 1.682783 0.591569 -0.355352 0.643863 -0.330470
0.432996 0.212118 1.682928 0.590073 -0.358988 0.641158 -0.334453
0.432971 0.212739 1.682940 0.589172 -0.361427 0.639192 -0.337165
0.432981 0.213389 1.683092 0.588140 -0.363844 0.637636 -0.339307
0.433033 0.214068 1.683220 0.587373 -0.365936 0.636301 -0.340889
0.433114 0.214778 1.683281 0.586890 -0.367738 0.635137 -0.341950
0.433214 0.215873 1.683021 0.587540 -0.367813 0.635082 -0.340854
0.433380 0.217288 1.682729 0.588133 -0.367778 0.635918 -0.338300
0.433614 0.218456 1.682388 0.588606 -0.368337 0.636634 -0.335510
0.433824 0.219511 1.682024 0.589002 -0.369129 0.637216 -0.332829
0.434013 0.220728 1.681439 0.590138 -0.368773 0.638366 -0.328986
0.434111 0.222348 1.680616 0.591760 -0.366361 0.641517 -0.322574
0.434293 0.223711 1.680043 0.592752 -0.364907 0.644358 -0.316687
0.434556 0.224931 1.679502 0.593739 -0.363884 0.646755 -0.311079
0.434885 0.226082 1.678868 0.594850 -0.363274 0.648828 -0.305298
0.434924 0.227500 1.677383 0.597445 -0.358974 0.653822 -0.294472
0.434984 0.228572 1.675758 0.599235 -0.355694 0.658515 -0.284179
0.435137 0.229338 1.674336 0.600385 -0.353615 0.662469 -0.275006
0.435382 0.229832 1.672999 0.601302 -0.352374 0.665779 -0.266469
0.434617 0.229431 1.673220 0.600193 -0.350869 0.671095 -0.257468
0.433447 0.228957 1.673506 0.599655 -0.348381 0.677293 -0.245597
0.432461 0.228809 1.673165 0.599644 -0.346501 0.682201 -0.234447
0.431594 0.228766 1.672733 0.599491 -0.345476 0.686104 -0.224764
0.430367 0.228218 1.672820 0.598626 -0.344399 0.690644 -0.214589
0.428342 0.226776 1.672681 0.598091 -0.341312 0.697349 -0.198737
0.426769 0.225513 1.671334 0.598383 -0.339011 0.702596 -0.182668
0.425568 0.224181 1.669782 0.598434 -0.338130 0.706659 -0.167864
0.424582 0.222667 1.668433 0.598131 -0.338111 0.710023 -0.154233
0.422272 0.220397 1.667996 0.596842 -0.335879 0.715561 -0.137613
0.419850 0.218944 1.667428 0.595662 -0.333399 0.720182 -0.123971
0.417613 0.218148 1.666945 0.594696 -0.330788 0.723944 -0.113227
0.415606 0.217730 1.666633 0.593807 -0.328331 0.727053 -0.104820
0.412965 0.216860 1.667416 0.592278 -0.324071 0.731776 -0.093206
0.409921 0.216264 1.668668 0.590056 -0.319828 0.736668 -0.082847
0.407143 0.216199 1.669822 0.588113 -0.315921 0.740743 -0.074950
0.404684 0.216400 1.670889 0.586393 -0.312464 0.744151 -0.068900
0.401972 0.216273 1.672350 0.584608 -0.308179 0.748013 -0.061117
0.398271 0.215738 1.674515 0.581804 -0.303307 0.752900 -0.051479
0.394857 0.215753 1.676429 0.579313 -0.298911 0.757030 -0.044198
0.391840 0.216057 1.678117 0.577135 -0.295039 0.760506 -0.038691
0.389139 0.216409 1.679732 0.575211 -0.291270 0.763654 -0.033566
0.385837 0.216440 1.682446 0.572327 -0.285435 0.768361 -0.024274
0.382733 0.216827 1.684888 0.569673 -0.279986 0.772528 -0.016755
0.379993 0.217408 1.686973 0.567331 -0.275298 0.776032 -0.010975
0.377610 0.218040 1.688751 0.565261 -0.271332 0.778984 -0.006487
0.374943 0.218202 1.691401 0.563337 -0.263741 0.782993 0.003813
0.372221 0.217920 1.694613 0.560707 -0.257369 0.786890 0.013065
0.369821 0.217602 1.697573 0.558122 -0.252594 0.790117 0.020254
0.367737 0.217331 1.700156 0.555752 -0.248864 0.792802 0.025920
0.365838 0.217066 1.702516 0.553660 -0.244340 0.795419 0.032675
0.363875 0.216241 1.705651 0.552297 -0.239279 0.797503 0.041265
0.362086 0.215158 1.708956 0.551101 -0.235382 0.799049 0.049019
0.360508 0.214052 1.711945 0.549937 -0.232445 0.800290 0.055449
0.359112 0.213026 1.714602 0.548542 -0.230701 0.801429 0.059913
0.357335 0.212068 1.718045 0.545946 -0.229665 0.803280 0.062761
0.355343 0.211314 1.721929 0.543178 -0.227991 0.805365 0.066061
0.353352 0.210771 1.725805 0.540593 -0.225607 0.807448 0.069917
0.351547 0.210378 1.729155 0.538495 -0.222607 0.809280 0.074396
0.350279 0.209854 1.732617 0.535319 -0.222298 0.811299 0.076228
0.349093 0.208957 1.736489 0.531845 -0.222028 0.813398 0.078916
0.347868 0.207953 1.740369 0.528576 -0.221087 0.815408 0.082694
0.346693 0.206996 1.743870 0.525764 -0.219478 0.817182 0.087267
0.345810 0.206372 1.747086 0.523154 -0.217556 0.818809 0.092363
