0.031251 0.474991 1.416114 0.690605 0.084779 0.718046 -0.016909
0.035800 0.478245 1.413965 0.691915 0.085832 0.716618 -0.018523
0.039927 0.480903 1.412108 0.692808 0.086530 0.715647 -0.019474
0.044696 0.484633 1.409636 0.693780 0.089244 0.714317 -0.021368
0.049764 0.486968 1.407788 0.694630 0.090100 0.713378 -0.021511
0.054278 0.489052 1.406040 0.695421 0.090326 0.712556 -0.022240
0.059082 0.492379 1.402941 0.697219 0.092074 0.710450 -0.025868
0.063898 0.494425 1.400398 0.698731 0.092610 0.708837 -0.027349
0.068190 0.496311 1.398111 0.699943 0.093091 0.707520 -0.028793
0.073158 0.498882 1.395170 0.701568 0.094964 0.705555 -0.031255
0.078206 0.500264 1.392895 0.702872 0.095339 0.704181 -0.031787
0.082780 0.501730 1.390869 0.703981 0.095427 0.703002 -0.033062
0.088476 0.503835 1.388804 0.705506 0.095594 0.701306 -0.035956
0.094376 0.504731 1.387425 0.706608 0.094306 0.700336 -0.036623
0.099622 0.505898 1.386065 0.707450 0.093853 0.699473 -0.037981
0.105178 0.507970 1.384619 0.708593 0.095117 0.697965 -0.041148
0.110560 0.509039 1.383740 0.709415 0.094955 0.697071 -0.042481
0.115370 0.510399 1.382708 0.710042 0.095630 0.696227 -0.044319
0.121086 0.512095 1.381552 0.710856 0.097347 0.695002 -0.046689
0.126836 0.512692 1.380888 0.711402 0.097310 0.694418 -0.047140
0.131935 0.513550 1.379908 0.711871 0.097619 0.693804 -0.048444
0.137138 0.514622 1.378349 0.712667 0.098930 0.692666 -0.050318
0.141967 0.514966 1.377180 0.713300 0.099162 0.691945 -0.050814
0.146185 0.516006 1.375855 0.714065 0.100375 0.690815 -0.053022
0.150920 0.517442 1.374667 0.715152 0.102329 0.689142 -0.056299
0.155566 0.518010 1.373969 0.715886 0.102793 0.688188 -0.057769
0.159988 0.518984 1.373079 0.716629 0.103418 0.687091 -0.060450
0.165620 0.519663 1.372488 0.717400 0.103569 0.686037 -0.062964
0.171269 0.519442 1.372294 0.717813 0.102456 0.685718 -0.063547
0.176514 0.519796 1.371447 0.718398 0.102014 0.685011 -0.065244
0.182284 0.519967 1.370159 0.719371 0.101923 0.683858 -0.066758
0.187707 0.519480 1.369241 0.720059 0.101008 0.683260 -0.066841
0.192657 0.520045 1.367717 0.720898 0.101179 0.682235 -0.068006
0.197826 0.520773 1.365917 0.722161 0.101687 0.680687 -0.069341
0.202534 0.520885 1.364600 0.723085 0.101438 0.679715 -0.069616
0.207110 0.521844 1.362986 0.723985 0.102037 0.678479 -0.071414
0.212706 0.522398 1.361837 0.724787 0.102106 0.677469 -0.072758
0.218122 0.522159 1.361171 0.725208 0.101212 0.677152 -0.072749
0.223174 0.522843 1.359456 0.725890 0.101274 0.676288 -0.073911
0.228196 0.523272 1.357166 0.727113 0.101625 0.674820 -0.074819
0.232627 0.523212 1.355390 0.728088 0.101443 0.673782 -0.074934
0.236959 0.524536 1.353361 0.729161 0.102285 0.672299 -0.076666
0.241799 0.525592 1.351938 0.730175 0.102405 0.670991 -0.078287
0.246280 0.525963 1.351016 0.730787 0.101901 0.670331 -0.078880
0.250793 0.527884 1.349199 0.731461 0.102853 0.669257 -0.080508
0.255478 0.529553 1.347509 0.732418 0.103318 0.667935 -0.082167
0.259651 0.530500 1.346320 0.733075 0.103252 0.667122 -0.083002
0.264131 0.532486 1.344269 0.733961 0.104394 0.665815 -0.084222
0.269312 0.533498 1.342320 0.735129 0.104454 0.664446 -0.084783
0.274175 0.533693 1.340944 0.735913 0.103868 0.663701 -0.084522
0.279069 0.535373 1.339232 0.736799 0.105143 0.662476 -0.084840
0.283907 0.536665 1.338028 0.737695 0.105566 0.661343 -0.085367
0.288114 0.537363 1.337213 0.738279 0.105546 0.660682 -0.085473
0.292140 0.539289 1.335334 0.738813 0.107031 0.659829 -0.085583
0.295661 0.540805 1.333449 0.739790 0.107953 0.658526 -0.086016
0.298529 0.541898 1.332075 0.740559 0.108498 0.657525 -0.086377
0.301465 0.543826 1.330347 0.741820 0.110508 0.655569 -0.087859
0.304777 0.544771 1.329052 0.742953 0.111429 0.654011 -0.088736
0.307891 0.545123 1.328136 0.743716 0.111736 0.653056 -0.088996
0.310813 0.546549 1.326545 0.744355 0.114175 0.651823 -0.089583
0.313494 0.547463 1.325255 0.745135 0.115788 0.650568 -0.090162
0.315777 0.548070 1.324335 0.745685 0.116789 0.649700 -0.090578
0.317419 0.549341 1.323092 0.746164 0.117168 0.648808 -0.092513
0.319007 0.549917 1.321922 0.746432 0.116932 0.648423 -0.093355
0.321393 0.549462 1.321024 0.746290 0.116025 0.648852 -0.092629
0.323263 0.549233 1.320210 0.746641 0.115970 0.648336 -0.093485
0.324740 0.549100 1.319656 0.746661 0.115789 0.648274 -0.093974
0.325986 0.548915 1.319283 0.746658 0.115464 0.648279 -0.094362
0.325687 0.549087 1.319153 0.746778 0.115430 0.647857 -0.096331
0.324886 0.549621 1.319029 0.746702 0.115101 0.647712 -0.098271
0.323983 0.550107 1.318992 0.746549 0.115025 0.647677 -0.099744
0.321767 0.550097 1.319300 0.746379 0.114700 0.647663 -0.101461
0.319626 0.550212 1.319281 0.746426 0.114364 0.647412 -0.103089
0.317451 0.550357 1.319460 0.746336 0.114424 0.647290 -0.104427
0.312722 0.549969 1.320154 0.746149 0.114942 0.647055 -0.106628
0.307966 0.550092 1.320240 0.745979 0.115880 0.646767 -0.108535
0.303660 0.550083 1.320493 0.746218 0.116160 0.646037 -0.110908
0.297962 0.549247 1.321624 0.746472 0.117304 0.645005 -0.113968
0.291823 0.549364 1.322241 0.746254 0.119502 0.644402 -0.116486
0.286280 0.549450 1.322935 0.746179 0.121038 0.643755 -0.118937
0.279793 0.548977 1.324041 0.746249 0.122911 0.642824 -0.121580
0.272914 0.549146 1.324687 0.745745 0.125803 0.642490 -0.123470
0.266245 0.549545 1.325383 0.745329 0.127850 0.642134 -0.125711
0.259326 0.549564 1.326617 0.744941 0.129445 0.641798 -0.128072
0.252099 0.550061 1.327297 0.744303 0.132062 0.641597 -0.130101
0.244721 0.550850 1.328017 0.743652 0.133548 0.641524 -0.132641
0.237272 0.551251 1.329112 0.743301 0.134226 0.641275 -0.135107
0.229566 0.551979 1.329712 0.742678 0.136527 0.641082 -0.137127
0.221735 0.553057 1.330253 0.741800 0.137980 0.641302 -0.139376
0.213832 0.553980 1.330675 0.740913 0.139677 0.641702 -0.140562
0.206000 0.554748 1.330647 0.739828 0.143019 0.642127 -0.140971
0.198411 0.555718 1.330506 0.739074 0.143442 0.642483 -0.142861
0.190716 0.556963 1.330119 0.738381 0.143089 0.643013 -0.144405
0.182709 0.558216 1.329573 0.737086 0.146291 0.643757 -0.144500
0.174612 0.559787 1.329070 0.736063 0.146806 0.644435 -0.146164
0.166183 0.561575 1.328403 0.735161 0.147252 0.645101 -0.147310
0.157273 0.563351 1.327624 0.733654 0.151471 0.645847 -0.147269
0.148205 0.565546 1.327019 0.732581 0.152332 0.646422 -0.149192
0.138549 0.568078 1.326465 0.731637 0.153281 0.646882 -0.150850
0.128234 0.570619 1.325813 0.730014 0.158427 0.647323 -0.151504
0.118071 0.573515 1.325415 0.728974 0.159792 0.647570 -0.154005
0.106536 0.576824 1.325050 0.727952 0.161934 0.647608 -0.156421
0.094373 0.580241 1.324672 0.726276 0.168302 0.647399 -0.158338
0.082539 0.583926 1.324757 0.725217 0.171282 0.646891 -0.162035
0.069323 0.588131 1.325050 0.724177 0.175751 0.645820 -0.166117
0.056698 0.592185 1.325725 0.723128 0.180913 0.644289 -0.171019
0.045255 0.595748 1.326736 0.721860 0.185359 0.643580 -0.174258
0.033433 0.598964 1.327325 0.720844 0.190556 0.642357 -0.177341
0.022975 0.601810 1.328012 0.719986 0.195458 0.640871 -0.180831
0.013796 0.604445 1.329343 0.719377 0.198156 0.639954 -0.183548
0.004224 0.607365 1.331055 0.718939 0.201309 0.638369 -0.187316
-0.004326 0.609769 1.332567 0.718424 0.204160 0.636897 -0.191176
-0.012248 0.611850 1.334129 0.717650 0.206966 0.636443 -0.192572
-0.021553 0.614143 1.335850 0.717167 0.210120 0.635047 -0.195543
-0.029706 0.616075 1.337284 0.716666 0.213248 0.633563 -0.198782
-0.037490 0.617848 1.339120 0.716453 0.215196 0.632405 -0.201124
-0.045133 0.619688 1.341158 0.716332 0.216955 0.630962 -0.204171
-0.051699 0.621142 1.342865 0.716050 0.218578 0.629760 -0.207119
-0.057220 0.621928 1.344548 0.715842 0.219325 0.629691 -0.207255
-0.062708 0.622446 1.345903 0.715791 0.219771 0.629548 -0.207398
-0.067664 0.622880 1.346871 0.715706 0.220773 0.629051 -0.208134
-0.071708 0.622049 1.347807 0.715896 0.221309 0.629038 -0.206943
-0.075739 0.620854 1.348135 0.716120 0.222055 0.628940 -0.205665
-0.079419 0.619913 1.348241 0.716267 0.223156 0.628564 -0.205109
-0.082100 0.617385 1.349373 0.716699 0.222086 0.629394 -0.202199
-0.085419 0.614907 1.350512 0.716880 0.221095 0.630243 -0.199983
-0.088811 0.613009 1.351308 0.716905 0.221067 0.630538 -0.198993
-0.090502 0.608680 1.352998 0.717778 0.217786 0.632181 -0.194195
-0.092110 0.604247 1.354187 0.718442 0.214547 0.634007 -0.189329
-0.093742 0.600734 1.354995 0.718871 0.212591 0.635174 -0.185967
-0.094399 0.595470 1.357403 0.720057 0.206822 0.637812 -0.178708
-0.095834 0.590048 1.360165 0.720882 0.201135 0.640167 -0.173381
-0.096740 0.585309 1.362480 0.721231 0.196958 0.642148 -0.169348
-0.096778 0.579387 1.365621 0.722578 0.189720 0.645068 -0.160544
-0.097969 0.573480 1.368830 0.723800 0.182890 0.647102 -0.154676
-0.098687 0.568154 1.371623 0.724382 0.177896 0.648843 -0.150425
-0.098371 0.561633 1.375239 0.726266 0.169124 0.651245 -0.140765
-0.099427 0.555170 1.378928 0.727886 0.161032 0.652775 -0.134663
-0.100949 0.549153 1.382255 0.728570 0.155621 0.654142 -0.130637
-0.101292 0.542299 1.386562 0.730567 0.147273 0.655724 -0.120870
-0.102439 0.535693 1.390937 0.731778 0.140131 0.657090 -0.114442
-0.103233 0.529621 1.394872 0.732302 0.134939 0.658387 -0.109781
-0.103508 0.522834 1.400070 0.733092 0.128422 0.660205 -0.101060
-0.104277 0.516675 1.405288 0.733227 0.123125 0.661836 -0.095871
-0.103786 0.510922 1.410032 0.732986 0.118527 0.663569 -0.091427
-0.103320 0.504650 1.416154 0.732115 0.114583 0.666225 -0.083798
-0.102840 0.499035 1.422185 0.731097 0.110792 0.668521 -0.079391
-0.100981 0.493613 1.427675 0.729995 0.106833 0.670864 -0.075069
-0.098497 0.488124 1.434814 0.728234 0.103073 0.674089 -0.068224
-0.095315 0.482921 1.441848 0.726682 0.098172 0.676945 -0.063577
-0.091272 0.477850 1.448058 0.725170 0.093112 0.679718 -0.058667
-0.087778 0.472564 1.455752 0.722521 0.089552 0.683445 -0.053348
-0.084161 0.467488 1.463020 0.720371 0.085004 0.686558 -0.049783
-0.080594 0.462988 1.469190 0.718374 0.081074 0.689379 -0.046071
-0.076520 0.458160 1.477465 0.714928 0.077705 0.693619 -0.041629
-0.072347 0.453803 1.484897 0.712438 0.072907 0.696897 -0.038096
-0.068724 0.449995 1.491104 0.710186 0.069548 0.699713 -0.034633
-0.064790 0.445550 1.498763 0.706967 0.067051 0.703437 -0.029642
-0.061244 0.441732 1.505306 0.704711 0.063600 0.706162 -0.025949
-0.058260 0.438437 1.510905 0.702351 0.061908 0.708772 -0.022637
-0.054474 0.434449 1.518229 0.698490 0.061401 0.712752 -0.018070
-0.050747 0.430835 1.524462 0.695816 0.059119 0.715640 -0.014300
-0.047440 0.427661 1.529916 0.693336 0.057887 0.718202 -0.010924
-0.043071 0.423842 1.537330 0.690303 0.055859 0.721326 -0.007125
-0.038771 0.420265 1.543629 0.688268 0.052269 0.723561 -0.003783
-0.034931 0.417132 1.549032 0.686543 0.050459 0.725335 -0.000870
-0.029784 0.413364 1.555364 0.684823 0.048454 0.727092 0.002592
-0.024721 0.409711 1.560566 0.683712 0.044931 0.728341 0.006206
-0.020335 0.406707 1.565331 0.682628 0.043508 0.729413 0.009077
-0.015473 0.403848 1.571682 0.681579 0.042149 0.730457 0.010305
-0.010975 0.401041 1.576955 0.680911 0.039425 0.731209 0.011759
-0.007020 0.398693 1.581812 0.679776 0.039544 0.732230 0.013422
-0.002094 0.396043 1.587767 0.678200 0.040015 0.733628 0.015277
0.002621 0.393266 1.592604 0.677159 0.038512 0.734618 0.017580
0.006882 0.390740 1.597317 0.675957 0.039382 0.735630 0.019464
0.012245 0.387347 1.603352 0.674862 0.039032 0.736611 0.021010
0.017306 0.383891 1.608233 0.674184 0.036799 0.737281 0.023181
0.021840 0.381197 1.612912 0.672948 0.038194 0.738276 0.025074
0.027341 0.378380 1.618216 0.671470 0.039614 0.739485 0.026848
0.032466 0.375407 1.622407 0.670486 0.038886 0.740322 0.029304
0.037226 0.372798 1.626977 0.669596 0.040757 0.740990 0.030228
0.043276 0.369301 1.632743 0.669177 0.040234 0.741399 0.030175
0.048887 0.365638 1.637321 0.668923 0.037824 0.741703 0.031435
0.054069 0.362468 1.642209 0.668227 0.038806 0.742268 0.031710
0.060330 0.358523 1.647830 0.667697 0.037777 0.742803 0.031579
0.066005 0.354538 1.652213 0.667348 0.035144 0.743193 0.032801
0.071269 0.351169 1.657024 0.666200 0.036282 0.744162 0.032929
0.077531 0.347077 1.662293 0.665052 0.036143 0.745161 0.033684
0.083144 0.342990 1.666344 0.664245 0.034251 0.745881 0.035605
0.088492 0.339865 1.670691 0.662672 0.035153 0.747210 0.036155
0.095372 0.336209 1.675215 0.661639 0.033133 0.748218 0.036134
0.101773 0.332248 1.678627 0.661045 0.029489 0.748813 0.037818
0.107501 0.328792 1.682777 0.658839 0.029901 0.750672 0.039095
0.114284 0.324393 1.687621 0.656687 0.027958 0.752570 0.040216
0.120883 0.319657 1.691296 0.655391 0.023990 0.753691 0.042851
0.126901 0.316022 1.694586 0.653379 0.024518 0.755305 0.044826
0.133697 0.312050 1.697764 0.651672 0.023707 0.756675 0.046944
0.140358 0.307618 1.700168 0.650804 0.020401 0.757329 0.049912
0.146590 0.304461 1.702209 0.649546 0.021309 0.758194 0.052703
0.153308 0.301085 1.704213 0.648697 0.020116 0.758819 0.054608
0.159419 0.297224 1.705862 0.648616 0.016053 0.758913 0.055585
0.165367 0.294242 1.707216 0.647341 0.017154 0.759832 0.057535
0.172276 0.290235 1.708469 0.646620 0.014809 0.760365 0.059219
0.178740 0.285542 1.709496 0.646744 0.009414 0.760266 0.060237
0.184984 0.282284 1.710352 0.645565 0.010900 0.761124 0.061773
0.191828 0.278121 1.711450 0.644974 0.009466 0.761517 0.063342
0.198014 0.273299 1.712423 0.645132 0.004543 0.761391 0.063781
0.204032 0.270381 1.713108 0.643394 0.005862 0.762785 0.064561
0.210428 0.266860 1.713730 0.642992 0.004119 0.763133 0.064583
0.215973 0.263121 1.714179 0.643414 0.000674 0.762768 0.064827
0.221563 0.260730 1.714346 0.640670 0.003040 0.764912 0.066652
0.227392 0.257773 1.714303 0.638733 0.003950 0.766348 0.068670
0.232689 0.254533 1.714054 0.639072 0.002624 0.765966 0.069835
0.238510 0.253350 1.713538 0.636535 0.006505 0.767808 0.072473
0.244240 0.251593 1.712835 0.634653 0.009605 0.769085 0.075046
0.249316 0.249385 1.712202 0.634874 0.010148 0.768797 0.076052
0.255230 0.248909 1.711144 0.632795 0.015101 0.770356 0.076781
