-0.055490 0.355708 1.446265 0.696723 0.010964 0.717254 -0.001838
-0.055024 0.355106 1.446233 0.696574 0.011125 0.717397 -0.001404
-0.054776 0.354696 1.446164 0.696514 0.011525 0.717449 -0.001852
-0.054694 0.354401 1.446074 0.696484 0.012052 0.717468 -0.002366
-0.054676 0.354173 1.445996 0.696456 0.012543 0.717484 -0.002844
-0.054676 0.353986 1.445932 0.696421 0.012963 0.717509 -0.003251
-0.054612 0.353903 1.445900 0.696692 0.013486 0.717233 -0.003878
-0.054405 0.353871 1.445921 0.697112 0.013800 0.716815 -0.004526
-0.054150 0.353806 1.445963 0.697436 0.013937 0.716494 -0.004952
-0.053896 0.353727 1.446008 0.697684 0.013991 0.716250 -0.005233
-0.053650 0.353706 1.446057 0.697898 0.014179 0.716034 -0.005626
-0.053303 0.353914 1.446146 0.698197 0.014595 0.715728 -0.006448
-0.052900 0.354065 1.446255 0.698452 0.014781 0.715470 -0.007027
-0.052507 0.354160 1.446358 0.698650 0.014843 0.715271 -0.007411
-0.052151 0.354221 1.446448 0.698804 0.014884 0.715117 -0.007685
-0.051660 0.354271 1.446335 0.698863 0.015568 0.715042 -0.007935
-0.051048 0.354221 1.446129 0.698858 0.016065 0.715037 -0.007776
-0.050448 0.354127 1.445948 0.698832 0.016367 0.715059 -0.007488
-0.049907 0.354025 1.445800 0.698796 0.016556 0.715093 -0.007185
-0.049350 0.354033 1.445704 0.698691 0.017756 0.715170 -0.007043
-0.048595 0.353998 1.445613 0.698489 0.019118 0.715334 -0.006649
-0.047809 0.353882 1.445545 0.698307 0.020017 0.715493 -0.006097
-0.047085 0.353743 1.445499 0.698143 0.020636 0.715640 -0.005544
-0.046479 0.353701 1.445476 0.698049 0.021276 0.715714 -0.005362
-0.046142 0.353944 1.445472 0.698118 0.022310 0.715610 -0.005891
-0.045946 0.354203 1.445473 0.698210 0.023222 0.715487 -0.006465
-0.045811 0.354425 1.445475 0.698286 0.023980 0.715383 -0.006964
-0.045700 0.354635 1.445477 0.698338 0.024661 0.715304 -0.007483
-0.045232 0.355076 1.445438 0.698369 0.026208 0.715193 -0.009595
-0.044406 0.355255 1.445395 0.698342 0.027133 0.715169 -0.010762
-0.043513 0.355281 1.445375 0.698298 0.027613 0.715183 -0.011384
-0.042676 0.355245 1.445372 0.698244 0.027864 0.715221 -0.011731
-0.041842 0.355905 1.445381 0.697832 0.030041 0.715522 -0.012481
-0.040734 0.356851 1.445482 0.697478 0.032381 0.715751 -0.013298
-0.039550 0.357530 1.445626 0.697215 0.033884 0.715930 -0.013672
-0.038435 0.358020 1.445767 0.696996 0.034892 0.716092 -0.013791
-0.037392 0.358787 1.445751 0.696665 0.036662 0.716311 -0.014581
-0.035938 0.360084 1.445303 0.696207 0.039948 0.716550 -0.015985
-0.034269 0.360974 1.444881 0.695867 0.042168 0.716742 -0.016487
-0.032658 0.361584 1.444539 0.695592 0.043661 0.716919 -0.016545
-0.031205 0.362154 1.444236 0.695295 0.044909 0.717128 -0.016603
-0.029589 0.364273 1.443672 0.694874 0.048084 0.717278 -0.018742
-0.027674 0.366124 1.443243 0.694749 0.050235 0.717209 -0.020290
-0.025770 0.367517 1.442936 0.694679 0.051542 0.717159 -0.021148
-0.024022 0.368591 1.442697 0.694629 0.052368 0.717134 -0.021603
-0.022278 0.370929 1.441952 0.694100 0.055339 0.717363 -0.023496
-0.020118 0.373571 1.441002 0.693867 0.058461 0.717279 -0.025334
-0.017874 0.375590 1.440232 0.693765 0.060463 0.717177 -0.026289
-0.015774 0.377150 1.439608 0.693718 0.061775 0.717094 -0.026733
-0.013906 0.379203 1.438823 0.693080 0.063732 0.717488 -0.028079
-0.011632 0.382505 1.437713 0.692251 0.067279 0.717857 -0.030705
-0.008746 0.385102 1.436834 0.691819 0.069266 0.718024 -0.032095
-0.005797 0.387005 1.436163 0.691549 0.070203 0.718173 -0.032544
-0.003089 0.388629 1.435527 0.691179 0.070668 0.718475 -0.032727
-0.000770 0.391964 1.433927 0.690079 0.073614 0.719192 -0.033685
0.001931 0.395098 1.432356 0.689579 0.076062 0.719381 -0.034440
0.005008 0.397495 1.431064 0.689344 0.077302 0.719481 -0.034311
0.008013 0.399285 1.430034 0.689225 0.077780 0.719573 -0.033671
0.010599 0.402096 1.428421 0.688250 0.079120 0.720323 -0.034456
0.013363 0.405216 1.426664 0.687683 0.081069 0.720596 -0.035520
0.016756 0.407702 1.425170 0.687487 0.081929 0.720677 -0.035695
0.020536 0.409467 1.423987 0.687446 0.081732 0.720774 -0.034940
0.023962 0.411544 1.422568 0.686800 0.081564 0.721429 -0.034526
0.026727 0.414912 1.420512 0.686187 0.083539 0.721732 -0.035655
0.029777 0.417848 1.418672 0.686059 0.084944 0.721650 -0.036457
0.033140 0.420063 1.417176 0.686115 0.085379 0.721547 -0.036426
0.036358 0.421925 1.415872 0.685984 0.085189 0.721709 -0.036120
0.039018 0.425425 1.414140 0.685413 0.086838 0.721989 -0.037403
0.041906 0.428711 1.412707 0.685388 0.088072 0.721787 -0.038858
0.045245 0.431254 1.411589 0.685539 0.088320 0.721582 -0.039435
0.048587 0.433119 1.410753 0.685689 0.087913 0.721495 -0.039316
0.051549 0.436048 1.409241 0.685321 0.088322 0.721737 -0.040373
0.054591 0.439207 1.407644 0.685507 0.089249 0.721359 -0.041906
0.058162 0.441676 1.406313 0.685893 0.089340 0.720941 -0.042588
0.061923 0.443410 1.405294 0.686236 0.088674 0.720707 -0.042393
0.065354 0.445485 1.403984 0.686114 0.088785 0.720798 -0.042597
0.068584 0.448426 1.402203 0.686346 0.090639 0.720266 -0.043942
0.072287 0.450782 1.400663 0.686861 0.091620 0.719607 -0.044653
0.076401 0.452385 1.399442 0.687386 0.091576 0.719126 -0.044414
0.080374 0.453710 1.398297 0.687544 0.091154 0.719061 -0.043875
0.083700 0.456592 1.396090 0.687510 0.093794 0.718718 -0.044470
0.087138 0.459190 1.393996 0.688034 0.096051 0.717875 -0.045161
0.091007 0.461072 1.392247 0.688670 0.097200 0.717114 -0.045099
0.094895 0.462313 1.390879 0.689190 0.097493 0.716618 -0.044394
0.098315 0.464673 1.388726 0.689602 0.098848 0.715929 -0.046091
0.101800 0.467081 1.386509 0.690636 0.100563 0.714565 -0.048025
0.105714 0.468776 1.384644 0.691699 0.101286 0.713370 -0.048960
0.109646 0.469843 1.383179 0.692560 0.101241 0.712535 -0.049046
0.113166 0.471626 1.381417 0.693142 0.101449 0.711840 -0.050455
0.116371 0.474538 1.379464 0.694390 0.102707 0.710198 -0.053789
0.119990 0.476855 1.377892 0.695706 0.103138 0.708652 -0.056294
0.123913 0.478403 1.376690 0.696799 0.102743 0.707528 -0.057617
0.127691 0.479754 1.375493 0.697538 0.101891 0.706831 -0.058719
0.130952 0.482605 1.373100 0.698965 0.102523 0.705069 -0.061759
0.134300 0.485103 1.370795 0.700784 0.102990 0.702949 -0.064477
0.138003 0.486845 1.368863 0.702420 0.102770 0.701196 -0.066101
0.141678 0.487980 1.367332 0.703705 0.102091 0.699934 -0.066845
0.145063 0.490314 1.364919 0.705095 0.101839 0.698315 -0.069473
0.148426 0.492708 1.362447 0.707099 0.101867 0.695995 -0.072280
0.152219 0.494380 1.360333 0.708977 0.101299 0.693977 -0.074075
0.156148 0.495372 1.358650 0.710463 0.100234 0.692526 -0.074857
0.159897 0.496860 1.356702 0.711514 0.099648 0.691418 -0.075895
0.163501 0.499123 1.354459 0.713091 0.099763 0.689557 -0.077846
0.167412 0.500789 1.352549 0.714678 0.099304 0.687823 -0.079212
0.171445 0.501782 1.351036 0.715936 0.098343 0.686593 -0.079715
0.175275 0.502702 1.349564 0.716829 0.097451 0.685743 -0.080096
0.178986 0.504510 1.347300 0.718380 0.097858 0.683886 -0.081580
0.183016 0.505708 1.345246 0.720042 0.097681 0.682048 -0.082517
0.187121 0.506279 1.343582 0.721361 0.096985 0.680735 -0.082650
0.190964 0.506531 1.342246 0.722376 0.096070 0.679818 -0.082406
0.194700 0.508167 1.340159 0.723354 0.096326 0.678623 -0.083370
0.198514 0.509713 1.338166 0.724819 0.096312 0.676912 -0.084569
0.202298 0.510681 1.336562 0.726001 0.095854 0.675639 -0.085129
0.205793 0.511297 1.335284 0.726924 0.095213 0.674714 -0.085309
0.209177 0.512680 1.333820 0.727690 0.095138 0.673796 -0.086114
0.212907 0.514488 1.332413 0.728926 0.094823 0.672297 -0.087702
0.216825 0.515616 1.331401 0.729862 0.093952 0.671290 -0.088564
0.220573 0.516282 1.330653 0.730522 0.092899 0.670676 -0.088887
0.224067 0.517148 1.329880 0.730975 0.092339 0.670220 -0.089190
0.227842 0.519043 1.329002 0.732045 0.092345 0.668835 -0.090784
0.232098 0.520227 1.328500 0.732955 0.091505 0.667812 -0.091815
0.236425 0.520752 1.328225 0.733517 0.090281 0.667329 -0.092056
0.240495 0.520956 1.328041 0.733843 0.089015 0.667162 -0.091898
0.244585 0.522488 1.327259 0.734399 0.088543 0.666456 -0.093026
0.248630 0.523791 1.326657 0.735185 0.087620 0.665528 -0.094326
0.252412 0.524648 1.326252 0.735735 0.086592 0.664941 -0.095122
0.255787 0.525235 1.325959 0.736143 0.085615 0.664543 -0.095627
0.259133 0.526506 1.325228 0.736442 0.086150 0.664081 -0.096060
0.262962 0.527620 1.324386 0.737155 0.086555 0.663164 -0.096562
0.266908 0.528067 1.323792 0.737622 0.086369 0.662688 -0.096434
0.270647 0.528151 1.323372 0.737920 0.085905 0.662479 -0.095999
0.274183 0.528578 1.322885 0.738008 0.085725 0.662436 -0.095771
0.277902 0.529898 1.322431 0.738399 0.085378 0.661884 -0.096895
0.281515 0.530798 1.322310 0.738579 0.084660 0.661657 -0.097696
0.284821 0.531384 1.322297 0.738626 0.083900 0.661629 -0.098176
0.287754 0.531858 1.322264 0.738584 0.083351 0.661704 -0.098455
0.290924 0.533322 1.321640 0.739066 0.083772 0.660935 -0.099644
0.294285 0.534196 1.321190 0.739623 0.083511 0.660206 -0.100556
0.297560 0.534613 1.320900 0.739980 0.083002 0.659807 -0.100967
0.300564 0.534783 1.320706 0.740221 0.082415 0.659587 -0.101121
0.303474 0.535771 1.320039 0.740357 0.083666 0.659265 -0.101197
0.306396 0.536795 1.319291 0.740878 0.084915 0.658457 -0.101604
0.309182 0.537432 1.318751 0.741256 0.085681 0.657907 -0.101767
0.311710 0.537844 1.318357 0.741525 0.086161 0.657534 -0.101813
0.313988 0.538491 1.317836 0.741713 0.086693 0.657156 -0.102426
0.316274 0.539462 1.317166 0.742256 0.087198 0.656220 -0.104054
0.318531 0.540075 1.316710 0.742649 0.087372 0.655565 -0.105235
0.320625 0.540460 1.316382 0.742918 0.087386 0.655122 -0.106079
0.322477 0.540773 1.316073 0.743089 0.087338 0.654804 -0.106880
0.323838 0.541620 1.315159 0.743501 0.088519 0.653900 -0.108565
0.324845 0.542406 1.314259 0.744094 0.089639 0.652804 -0.110160
0.325615 0.543134 1.313512 0.744632 0.090573 0.651820 -0.111578
0.326198 0.543817 1.312919 0.745086 0.091352 0.650974 -0.112845
0.326285 0.544516 1.312089 0.745566 0.090642 0.650009 -0.115777
0.325589 0.545485 1.310984 0.746270 0.090325 0.648675 -0.118925
0.324533 0.546604 1.309959 0.746985 0.090384 0.647310 -0.121789
0.324604 0.546634 1.309049 0.746770 0.090190 0.647506 -0.122217
0.325051 0.546123 1.308460 0.746814 0.088994 0.647472 -0.123005
0.324870 0.545752 1.308108 0.747146 0.087106 0.646962 -0.125000
0.324366 0.545747 1.307830 0.747306 0.085793 0.646602 -0.126804
0.323452 0.546222 1.307726 0.747362 0.085157 0.646258 -0.128641
0.322386 0.546683 1.307613 0.747359 0.085004 0.645986 -0.130122
0.320346 0.546770 1.307451 0.747440 0.085370 0.645538 -0.131626
0.318347 0.546853 1.307020 0.747722 0.084756 0.644914 -0.133474
0.316540 0.546996 1.306618 0.747930 0.084221 0.644420 -0.135020
0.314900 0.547260 1.306386 0.748061 0.083847 0.644026 -0.136402
0.312030 0.547206 1.306448 0.748016 0.084566 0.643768 -0.137420
0.308407 0.547196 1.306052 0.747886 0.085993 0.643585 -0.138091
0.304890 0.547408 1.305555 0.747805 0.087353 0.643339 -0.138822
0.301648 0.547771 1.305143 0.747791 0.088535 0.643009 -0.139677
0.298364 0.547686 1.305091 0.748280 0.088323 0.642116 -0.141290
0.294203 0.547528 1.305266 0.748696 0.088646 0.641217 -0.142962
0.289923 0.547780 1.305289 0.748865 0.089613 0.640545 -0.144473
0.285947 0.548173 1.305246 0.748999 0.090689 0.639921 -0.145869
0.282269 0.548519 1.305324 0.749186 0.091303 0.639272 -0.147362
0.277938 0.548093 1.305822 0.749387 0.091728 0.638722 -0.148459
0.273243 0.547919 1.305942 0.749468 0.093291 0.638226 -0.149208
0.268655 0.547978 1.305888 0.749442 0.095186 0.637828 -0.149841
0.264509 0.548152 1.305830 0.749396 0.096887 0.637467 -0.150512
0.260043 0.547852 1.306238 0.749260 0.098423 0.637273 -0.151013
0.255178 0.547469 1.306373 0.749256 0.100323 0.636850 -0.151564
0.250158 0.547357 1.306303 0.749158 0.102578 0.636468 -0.152145
0.245278 0.547491 1.306155 0.749019 0.104671 0.636097 -0.152960
0.240662 0.547380 1.306318 0.748788 0.106407 0.635979 -0.153379
0.235582 0.547184 1.306629 0.748611 0.109170 0.635713 -0.153405
0.230232 0.547254 1.306731 0.748380 0.112338 0.635372 -0.153656
0.224826 0.547566 1.306687 0.748052 0.115713 0.635054 -0.154061
0.219738 0.547981 1.306694 0.747720 0.118207 0.634791 -0.154866
0.214344 0.548139 1.306810 0.747365 0.120056 0.634669 -0.155650
0.208661 0.548433 1.306691 0.746965 0.122793 0.634453 -0.156314
0.202783 0.548951 1.306481 0.746458 0.125849 0.634238 -0.157178
0.197037 0.549638 1.306213 0.745901 0.128864 0.634022 -0.158246
0.191316 0.550277 1.306318 0.745344 0.131226 0.633913 -0.159364
0.185194 0.551099 1.306376 0.744786 0.134512 0.633573 -0.160578
0.178823 0.552104 1.306336 0.744157 0.138018 0.633169 -0.162105
0.172251 0.553317 1.306246 0.743456 0.141749 0.632705 -0.163909
0.165741 0.554612 1.306287 0.742780 0.144726 0.632310 -0.165878
0.158937 0.555866 1.306317 0.742072 0.148120 0.631890 -0.167642
0.151903 0.557198 1.306249 0.741293 0.151866 0.631395 -0.169597
0.144732 0.558655 1.306146 0.740457 0.155791 0.630816 -0.171823
0.137824 0.560177 1.306107 0.739647 0.159621 0.630225 -0.173953
0.130598 0.561865 1.306471 0.738816 0.163319 0.629623 -0.176218
0.122902 0.563810 1.306908 0.737964 0.167034 0.628769 -0.179329
0.115139 0.565786 1.307199 0.737070 0.171152 0.627794 -0.182509
0.107844 0.567738 1.307495 0.736236 0.174804 0.626784 -0.185855
0.100404 0.569596 1.307825 0.735407 0.178255 0.626096 -0.188165
0.092245 0.571614 1.308031 0.734525 0.181934 0.625181 -0.191107
0.084094 0.573649 1.308180 0.733593 0.186037 0.624128 -0.194154
0.076531 0.575551 1.308334 0.732721 0.189809 0.623048 -0.197246
0.069547 0.577216 1.308947 0.731368 0.192645 0.623081 -0.199398
0.061992 0.578805 1.309670 0.730134 0.196312 0.622709 -0.201494
0.054510 0.580455 1.310213 0.729205 0.200132 0.621727 -0.204110
0.047724 0.581958 1.310722 0.728295 0.203465 0.620848 -0.206730
0.041730 0.583216 1.311339 0.727325 0.206190 0.620411 -0.208742
0.035551 0.584312 1.312305 0.725629 0.209526 0.621047 -0.209433
0.029347 0.585471 1.313105 0.724245 0.212890 0.621070 -0.210756
0.023626 0.586538 1.313796 0.723067 0.215846 0.620881 -0.212348
0.018621 0.587417 1.314450 0.721849 0.218236 0.620980 -0.213754
0.013916 0.588059 1.315430 0.720062 0.220652 0.622406 -0.213156
0.008924 0.588651 1.316181 0.718774 0.223148 0.622921 -0.213398
0.004199 0.589286 1.316802 0.717817 0.225391 0.622944 -0.214196
0.000037 0.589794 1.317288 0.717032 0.227322 0.622841 -0.215083
-0.003822 0.590243 1.318198 0.715948 0.228674 0.623561 -0.215170
-0.008117 0.590866 1.319261 0.714945 0.230008 0.624014 -0.215770
-0.012304 0.591454 1.320066 0.714134 0.231946 0.623951 -0.216561
-0.015990 0.591984 1.320764 0.713494 0.233319 0.623812 -0.217594
-0.019185 0.592328 1.321682 0.712819 0.233850 0.624165 -0.218223
-0.022021 0.592257 1.322706 0.712514 0.233360 0.624637 -0.218392
-0.024607 0.592132 1.323481 0.712262 0.233082 0.624957 -0.218596
-0.026860 0.592003 1.324119 0.711922 0.233138 0.625310 -0.218636
-0.028660 0.591819 1.324568 0.711700 0.233449 0.625487 -0.218519
-0.030156 0.591118 1.325444 0.711474 0.231866 0.626708 -0.217439
-0.032232 0.590446 1.326011 0.711164 0.231501 0.627490 -0.216584
-0.034373 0.589890 1.326397 0.710931 0.231489 0.627918 -0.216123
-0.036360 0.589419 1.326679 0.710725 0.231625 0.628187 -0.215871
-0.038131 0.588393 1.327390 0.710766 0.231339 0.628419 -0.215365
-0.040119 0.587193 1.328250 0.710659 0.231004 0.628781 -0.215026
-0.042211 0.586217 1.328938 0.710535 0.231048 0.628897 -0.215049
-0.044183 0.585403 1.329483 0.710408 0.231279 0.628892 -0.215230
-0.045788 0.584195 1.330153 0.710535 0.231008 0.628919 -0.215025
-0.047102 0.581875 1.330712 0.710807 0.229510 0.629611 -0.213703
-0.048628 0.579782 1.330860 0.711089 0.228790 0.629928 -0.212597
-0.050155 0.577996 1.330889 0.711342 0.228474 0.630024 -0.211810
-0.051515 0.576387 1.330943 0.711539 0.228373 0.630092 -0.211049
-0.052307 0.573013 1.331750 0.711348 0.226828 0.631937 -0.207821
-0.053148 0.569510 1.332285 0.711008 0.225703 0.633763 -0.204622
-0.053951 0.566442 1.332644 0.710708 0.224986 0.635213 -0.201939
-0.054645 0.563814 1.332921 0.710434 0.224484 0.636391 -0.199741
-0.055068 0.560426 1.333580 0.710392 0.222296 0.638302 -0.196207
-0.055796 0.556442 1.333992 0.710298 0.219929 0.640362 -0.192470
-0.056377 0.552589 1.334249 0.710205 0.218286 0.641996 -0.189211
-0.056634 0.549148 1.334431 0.710038 0.216953 0.643503 -0.186230
-0.056551 0.545615 1.334838 0.710066 0.214853 0.645403 -0.181932
-0.056947 0.541165 1.335599 0.710439 0.210371 0.647982 -0.176467
-0.057908 0.536936 1.336239 0.710841 0.207208 0.649678 -0.172299
-0.058643 0.533004 1.336896 0.711184 0.204693 0.651019 -0.168796
-0.059061 0.529482 1.337546 0.711405 0.202619 0.652348 -0.165202
-0.059073 0.525023 1.338723 0.711761 0.197930 0.654991 -0.158766
-0.059219 0.520615 1.339734 0.712278 0.193561 0.656972 -0.153564
-0.058973 0.516385 1.340704 0.712691 0.189914 0.658639 -0.148994
-0.058306 0.512560 1.341589 0.712917 0.186691 0.660256 -0.144767
-0.057312 0.508196 1.343180 0.712927 0.182639 0.662948 -0.137394
-0.056689 0.503678 1.345206 0.713255 0.177566 0.665301 -0.130815
-0.056057 0.499457 1.347199 0.713601 0.173229 0.667094 -0.125504
-0.055265 0.495701 1.348989 0.713825 0.169470 0.668667 -0.120901
-0.054263 0.491891 1.351064 0.713729 0.165740 0.670756 -0.114923
-0.053239 0.487312 1.353928 0.713306 0.160708 0.673692 -0.107267
-0.052381 0.483096 1.356528 0.713043 0.156336 0.675961 -0.101017
-0.051659 0.479479 1.358723 0.712823 0.152769 0.677751 -0.095912
-0.051001 0.476268 1.360709 0.712652 0.149923 0.679209 -0.091245
-0.049672 0.471971 1.363910 0.712684 0.144894 0.681142 -0.084456
-0.048090 0.467783 1.367112 0.712867 0.139294 0.682799 -0.078765
-0.046536 0.464124 1.369899 0.712960 0.134436 0.684216 -0.073925
-0.045141 0.460989 1.372247 0.713000 0.130391 0.685376 -0.069922
-0.043422 0.457273 1.376049 0.712636 0.125470 0.687208 -0.064446
-0.041420 0.453347 1.380621 0.712051 0.119081 0.689397 -0.059454
-0.039579 0.449938 1.384707 0.711546 0.113388 0.691217 -0.055359
-0.038011 0.447038 1.388190 0.711113 0.108619 0.692681 -0.052093
-0.036586 0.444086 1.391962 0.710501 0.105385 0.694072 -0.048454
-0.034941 0.440420 1.396877 0.709291 0.101853 0.696097 -0.044512
-0.033257 0.437032 1.401392 0.708174 0.098214 0.697964 -0.041109
-0.031741 0.434106 1.405273 0.707213 0.094960 0.699544 -0.038338
-0.030399 0.431509 1.408792 0.706332 0.092499 0.700897 -0.035809
-0.028514 0.428396 1.413897 0.704732 0.089468 0.703046 -0.032794
-0.026441 0.425481 1.418807 0.703239 0.085719 0.705125 -0.030109
-0.024529 0.422923 1.423070 0.701959 0.082213 0.706906 -0.027874
-0.022890 0.420709 1.426662 0.700923 0.079171 0.708350 -0.026055
-0.021147 0.417756 1.430814 0.700213 0.077981 0.709295 -0.022816
-0.019210 0.414608 1.435188 0.699625 0.075620 0.710229 -0.019547
-0.017442 0.411843 1.439037 0.699185 0.073150 0.710987 -0.016873
-0.015924 0.409469 1.442298 0.698810 0.070938 0.711629 -0.014735
-0.014409 0.407051 1.445744 0.698034 0.070274 0.712502 -0.012317
-0.012261 0.404134 1.450144 0.696859 0.068835 0.713836 -0.009298
-0.010008 0.401398 1.454177 0.695886 0.066609 0.715028 -0.006543
-0.007936 0.398964 1.457621 0.695073 0.064368 0.716040 -0.004152
-0.006085 0.396751 1.460690 0.694264 0.063089 0.716947 -0.002161
-0.003559 0.393742 1.464519 0.692813 0.063113 0.718350 0.000067
-0.000652 0.390605 1.468106 0.691565 0.061673 0.719670 0.002849
0.002111 0.387720 1.471191 0.690534 0.059853 0.720799 0.005524
0.004541 0.385181 1.473797 0.689673 0.058065 0.721747 0.007866
0.007052 0.382780 1.477063 0.688535 0.059022 0.722723 0.010289
0.009869 0.380297 1.480528 0.687582 0.058553 0.723632 0.012620
0.012547 0.377962 1.483575 0.686802 0.057437 0.724419 0.014844
0.014909 0.375879 1.486158 0.686148 0.056195 0.725093 0.016815
