0.059008 0.387044 1.569527 0.707884 0.018819 0.705775 -0.020669
0.062871 0.384073 1.573715 0.706137 0.019025 0.707549 -0.019572
0.066515 0.381161 1.577229 0.704755 0.018245 0.708986 -0.018072
0.069709 0.378532 1.580172 0.703565 0.017458 0.710225 -0.016485
0.073557 0.375816 1.584284 0.701480 0.019329 0.712249 -0.015952
0.078102 0.372478 1.588275 0.699917 0.018381 0.713834 -0.014752
0.082443 0.369117 1.591632 0.698715 0.016439 0.715094 -0.012957
0.086250 0.366054 1.594387 0.697723 0.014342 0.716139 -0.011061
0.090441 0.363128 1.597990 0.695772 0.015956 0.718016 -0.010047
0.095464 0.359544 1.601500 0.694246 0.015008 0.719532 -0.008440
0.100282 0.355871 1.604424 0.693118 0.012927 0.720682 -0.006120
0.104506 0.352504 1.606814 0.692183 0.010668 0.721634 -0.003708
0.108666 0.349280 1.610134 0.690501 0.011483 0.723236 -0.002667
0.113418 0.345437 1.613914 0.688961 0.010609 0.724719 -0.001568
0.117923 0.341548 1.617134 0.687771 0.008543 0.725878 0.000143
0.121849 0.338011 1.619773 0.686742 0.006313 0.726871 0.002037
0.125695 0.335079 1.622513 0.684790 0.007052 0.728700 0.002898
0.130637 0.331701 1.625304 0.682772 0.007424 0.730581 0.004354
0.135597 0.327916 1.627639 0.681449 0.006088 0.731808 0.006792
0.140020 0.324339 1.629520 0.680395 0.004251 0.732773 0.009482
0.144050 0.321293 1.631463 0.678690 0.004437 0.734317 0.011735
0.148815 0.317934 1.633866 0.676426 0.004796 0.736360 0.014115
0.153637 0.314068 1.636036 0.674830 0.002991 0.737780 0.016627
0.157954 0.310363 1.637824 0.673594 0.000552 0.738854 0.019138
0.161797 0.307458 1.639355 0.672236 0.000017 0.740031 0.021306
0.166093 0.305364 1.641003 0.670567 0.001350 0.741490 0.023043
0.170398 0.302799 1.642549 0.669418 0.001342 0.742452 0.025341
0.174246 0.300081 1.643973 0.668673 -0.000456 0.743086 0.026440
0.177642 0.297831 1.645207 0.667797 -0.001396 0.743847 0.027150
0.181620 0.296508 1.646149 0.666400 0.000494 0.745053 0.028417
0.186052 0.294497 1.646994 0.665392 0.001265 0.745845 0.031113
0.190492 0.291836 1.647786 0.664825 0.000303 0.746231 0.033885
0.194496 0.289208 1.648540 0.664380 -0.001428 0.746551 0.035493
0.198565 0.288363 1.649546 0.663565 -0.000009 0.747263 0.035770
0.202719 0.287158 1.650816 0.662866 0.000485 0.747845 0.036545
0.206809 0.285241 1.652080 0.662412 -0.000247 0.748180 0.037912
0.210475 0.283043 1.653260 0.662091 -0.002451 0.748446 0.038177
0.214234 0.282608 1.654051 0.660892 -0.001108 0.749576 0.036840
0.218274 0.281886 1.654839 0.660206 -0.000426 0.750189 0.036668
0.222487 0.280228 1.655682 0.659701 -0.000864 0.750574 0.037851
0.226482 0.277926 1.656482 0.659508 -0.002581 0.750664 0.039309
0.230193 0.276709 1.657596 0.657407 -0.002302 0.752531 0.038831
0.234058 0.275382 1.659008 0.655390 -0.001975 0.754271 0.039171
0.238262 0.273353 1.660240 0.654427 -0.002614 0.755016 0.040871
0.242378 0.270883 1.661249 0.654363 -0.004638 0.754967 0.042578
0.246300 0.269919 1.662239 0.652433 -0.002478 0.756465 0.045671
0.250370 0.269426 1.663209 0.649956 0.000702 0.758394 0.048945
0.254684 0.268143 1.664023 0.648666 0.001832 0.759302 0.051865
0.258857 0.266288 1.664691 0.648595 0.001232 0.759203 0.054158
0.262850 0.265357 1.665362 0.647308 0.002265 0.760193 0.055628
0.267214 0.264607 1.665832 0.645664 0.004648 0.761404 0.057974
0.271561 0.263077 1.666129 0.645409 0.005171 0.761459 0.059996
0.275536 0.261197 1.666414 0.646100 0.004327 0.760778 0.061264
0.279368 0.260055 1.666745 0.646017 0.003584 0.760929 0.060295
0.283754 0.259178 1.666836 0.645591 0.004142 0.761327 0.059799
0.287978 0.257597 1.666831 0.646317 0.003273 0.760744 0.059442
0.291775 0.255722 1.666915 0.647687 0.001370 0.759636 0.058759
0.295428 0.254415 1.667024 0.648793 -0.000765 0.758873 0.056374
0.299869 0.253777 1.666702 0.650182 -0.001320 0.757840 0.054224
0.304007 0.252548 1.666390 0.651839 -0.002622 0.756502 0.052943
0.307591 0.251110 1.666182 0.653343 -0.004286 0.755261 0.052018
0.310852 0.249997 1.666029 0.654422 -0.006225 0.754446 0.050032
0.314873 0.249354 1.665778 0.655071 -0.007349 0.754026 0.047670
0.318704 0.248048 1.665520 0.655925 -0.009019 0.753337 0.046506
0.322058 0.246512 1.665338 0.656740 -0.010946 0.752643 0.045838
0.325014 0.245188 1.665189 0.657353 -0.013009 0.752149 0.044599
0.328495 0.244804 1.664518 0.657708 -0.013423 0.751955 0.042467
0.331783 0.244064 1.663637 0.658405 -0.013756 0.751383 0.041663
0.334634 0.243154 1.662846 0.659114 -0.014310 0.750771 0.041313
0.337095 0.242306 1.662202 0.659715 -0.015112 0.750256 0.040786
0.340509 0.241913 1.661519 0.660572 -0.015792 0.749566 0.039296
0.343974 0.240733 1.660924 0.661590 -0.017055 0.748650 0.039126
0.347056 0.239216 1.660492 0.662473 -0.018730 0.747815 0.039381
0.349690 0.237699 1.660197 0.663173 -0.020424 0.747130 0.039756
0.353210 0.237088 1.660120 0.663181 -0.022530 0.747176 0.037560
0.356876 0.235926 1.660086 0.663231 -0.024543 0.747108 0.036785
0.360139 0.234429 1.660102 0.663303 -0.026742 0.746976 0.036619
0.362929 0.232934 1.660167 0.663333 -0.028802 0.746868 0.036701
0.366210 0.232189 1.660406 0.662772 -0.030354 0.747374 0.035264
0.369709 0.231067 1.660698 0.662120 -0.031604 0.747919 0.034868
0.372835 0.229599 1.660979 0.661614 -0.033155 0.748291 0.035039
0.375516 0.228126 1.661255 0.661174 -0.034672 0.748594 0.035414
0.378428 0.227288 1.661565 0.660548 -0.035906 0.749140 0.034329
0.381565 0.226375 1.661943 0.659878 -0.036699 0.749719 0.033690
0.384349 0.225172 1.662321 0.659324 -0.037794 0.750159 0.033559
0.386729 0.223959 1.662685 0.658836 -0.038903 0.750526 0.033644
0.389304 0.222998 1.663022 0.658252 -0.040036 0.751013 0.032875
0.392539 0.221249 1.663333 0.657720 -0.041536 0.751392 0.033010
0.395596 0.218874 1.663639 0.657346 -0.043706 0.751555 0.033942
0.398284 0.216450 1.663948 0.657021 -0.045950 0.751651 0.035094
0.400924 0.214707 1.664229 0.656668 -0.047508 0.751849 0.035396
0.403871 0.213814 1.664410 0.656278 -0.047154 0.752203 0.035595
0.406437 0.212854 1.664530 0.655973 -0.046954 0.752458 0.036078
0.408601 0.211940 1.664642 0.655701 -0.046877 0.752674 0.036614
0.410620 0.211341 1.664745 0.655374 -0.046792 0.752977 0.036347
0.413104 0.210904 1.664825 0.654890 -0.045838 0.753487 0.035709
0.415418 0.209980 1.664899 0.654529 -0.045523 0.753818 0.035754
0.417443 0.208909 1.664993 0.654228 -0.045576 0.754060 0.036072
0.419303 0.208009 1.665073 0.653983 -0.046000 0.754262 0.035775
0.421755 0.207470 1.664925 0.654043 -0.046279 0.754264 0.034223
0.424060 0.206503 1.664765 0.654183 -0.046852 0.754136 0.033581
0.426070 0.205404 1.664658 0.654293 -0.047598 0.754004 0.033352
0.427834 0.204404 1.664593 0.654372 -0.048659 0.753891 0.032840
0.430208 0.204029 1.664425 0.654533 -0.050874 0.753741 0.029567
0.431149 0.204918 1.664040 0.653601 -0.049363 0.754828 0.024579
0.431435 0.206517 1.663726 0.652546 -0.047373 0.756018 0.019423
0.431615 0.207026 1.663608 0.652005 -0.047520 0.756551 0.016159
0.431912 0.207211 1.663888 0.651776 -0.050526 0.756652 0.010622
0.432183 0.208054 1.663858 0.651386 -0.052318 0.756928 0.004395
0.432380 0.209004 1.663828 0.650959 -0.053768 0.757205 -0.001163
0.432549 0.209842 1.663836 0.650570 -0.055121 0.757420 -0.005875
0.432679 0.210192 1.664345 0.650157 -0.059599 0.757353 -0.012680
0.432783 0.210488 1.664778 0.649928 -0.064812 0.756962 -0.020064
0.432868 0.210628 1.665089 0.649659 -0.070214 0.756492 -0.027066
0.432925 0.210685 1.665280 0.649371 -0.074943 0.756050 -0.033000
0.432953 0.210477 1.665605 0.648855 -0.081522 0.755479 -0.039915
0.432968 0.210197 1.665833 0.648230 -0.088930 0.754742 -0.047469
0.432988 0.209854 1.665999 0.647511 -0.096333 0.753950 -0.054857
0.433010 0.209486 1.666108 0.646714 -0.103589 0.753113 -0.062056
0.432991 0.209085 1.666222 0.645841 -0.111610 0.752051 -0.069660
0.432930 0.208593 1.666444 0.644879 -0.120832 0.750648 -0.077834
0.432904 0.208077 1.666614 0.643877 -0.129794 0.749166 -0.085589
0.432898 0.207576 1.666729 0.642801 -0.138432 0.747649 -0.093080
0.432840 0.207108 1.666792 0.641633 -0.147537 0.745908 -0.100804
0.432689 0.206565 1.666894 0.640402 -0.157938 0.743728 -0.108666
0.432604 0.205968 1.666948 0.639130 -0.168086 0.741483 -0.116028
0.432553 0.205388 1.666937 0.637785 -0.177781 0.739238 -0.123093
0.432498 0.204896 1.666826 0.636266 -0.187728 0.736812 -0.130506
0.432372 0.204596 1.666651 0.634347 -0.199270 0.733889 -0.138928
0.432281 0.204338 1.666486 0.632415 -0.210241 0.730961 -0.146782
0.432222 0.204142 1.666299 0.630472 -0.220485 0.728078 -0.154247
0.432164 0.203975 1.666079 0.628487 -0.230485 0.725085 -0.161652
0.432010 0.203830 1.666051 0.626521 -0.241570 0.721340 -0.169656
0.431902 0.203707 1.666076 0.624532 -0.252275 0.717588 -0.177155
0.431835 0.203617 1.666056 0.622482 -0.262376 0.713946 -0.184273
0.431786 0.203556 1.665968 0.620296 -0.272144 0.710334 -0.191298
0.431632 0.203623 1.665798 0.617621 -0.283568 0.705920 -0.199526
0.431496 0.203717 1.665643 0.614958 -0.294615 0.701512 -0.207143
0.431413 0.203830 1.665439 0.612314 -0.304943 0.697261 -0.214261
0.431359 0.203950 1.665192 0.609614 -0.314719 0.693142 -0.221079
0.431382 0.204157 1.665021 0.606196 -0.325869 0.688167 -0.229700
0.431369 0.204435 1.665075 0.602789 -0.336277 0.683328 -0.237961
0.431349 0.204767 1.665139 0.599422 -0.345859 0.678732 -0.245757
0.431331 0.205108 1.665173 0.596085 -0.354740 0.674371 -0.253112
0.431361 0.205581 1.665248 0.592082 -0.364733 0.669254 -0.261739
0.431368 0.206153 1.665446 0.587951 -0.374548 0.664055 -0.270292
0.431374 0.206710 1.665671 0.584155 -0.383189 0.659376 -0.277763
0.431381 0.207221 1.665891 0.580860 -0.390550 0.655299 -0.284000
0.431379 0.207765 1.666249 0.577580 -0.398064 0.650960 -0.290168
0.431347 0.208351 1.666812 0.574621 -0.405397 0.646605 -0.295577
0.431335 0.208892 1.667363 0.572127 -0.411699 0.642792 -0.299988
0.431329 0.209379 1.667867 0.570010 -0.417011 0.639519 -0.303655
0.431371 0.209877 1.668273 0.567564 -0.422323 0.636176 -0.307886
0.431398 0.210401 1.668659 0.564883 -0.427568 0.632838 -0.312422
0.431417 0.210860 1.669018 0.562576 -0.431956 0.630000 -0.316264
0.431436 0.211266 1.669337 0.560613 -0.435601 0.627593 -0.319516
0.431453 0.211643 1.669598 0.559043 -0.438461 0.625716 -0.322027
0.431488 0.211957 1.669819 0.557902 -0.440398 0.624467 -0.323784
0.431519 0.212233 1.670004 0.556951 -0.441938 0.623444 -0.325289
0.431543 0.212479 1.670157 0.556141 -0.443225 0.622573 -0.326591
0.431513 0.212768 1.670254 0.555791 -0.443963 0.622145 -0.327000
0.431440 0.213008 1.670090 0.556308 -0.444073 0.622306 -0.325661
0.431376 0.213137 1.669740 0.556897 -0.444214 0.622416 -0.324251
0.431300 0.213225 1.669342 0.557433 -0.444326 0.622501 -0.323008
0.431122 0.213401 1.669054 0.558425 -0.443603 0.623230 -0.320879
0.430805 0.213958 1.668920 0.560909 -0.441445 0.625549 -0.314952
0.430655 0.214299 1.668575 0.563213 -0.439879 0.627396 -0.309309
0.430532 0.214534 1.668174 0.565245 -0.438410 0.628983 -0.304426
0.430343 0.214712 1.667833 0.567287 -0.436596 0.630677 -0.299693
0.429593 0.214778 1.667571 0.570959 -0.433053 0.633812 -0.291123
0.428962 0.215041 1.666964 0.575206 -0.428921 0.636734 -0.282375
0.428406 0.215353 1.666339 0.578706 -0.425435 0.639024 -0.275232
0.427901 0.215633 1.665768 0.581626 -0.422433 0.640927 -0.269208
0.426292 0.214966 1.665851 0.584869 -0.417354 0.645287 -0.259517
0.424520 0.214748 1.665853 0.587734 -0.412205 0.649198 -0.251391
0.422919 0.214894 1.665812 0.590111 -0.407671 0.652334 -0.245020
0.421516 0.215188 1.665788 0.592008 -0.403799 0.654874 -0.240026
0.419061 0.214640 1.666590 0.593769 -0.399440 0.658889 -0.231845
0.416188 0.214750 1.667604 0.595576 -0.394077 0.662971 -0.224638
0.413558 0.215420 1.668510 0.597290 -0.388809 0.666417 -0.219002
0.411245 0.216274 1.669302 0.598653 -0.384219 0.669233 -0.214749
0.408081 0.216337 1.670589 0.600221 -0.379800 0.672867 -0.206729
0.404161 0.217139 1.672049 0.601997 -0.374046 0.676831 -0.198968
0.400508 0.218689 1.673328 0.604250 -0.367225 0.680512 -0.192173
0.397269 0.220419 1.674442 0.606097 -0.361079 0.683586 -0.187023
0.393720 0.221261 1.675952 0.607660 -0.355553 0.687221 -0.179052
0.389564 0.221999 1.677689 0.608917 -0.349263 0.691552 -0.170270
0.385787 0.223206 1.679182 0.610682 -0.341943 0.695614 -0.162061
0.382483 0.224512 1.680496 0.612256 -0.335081 0.699135 -0.155156
0.379147 0.225312 1.682294 0.613507 -0.328460 0.703082 -0.146278
0.375052 0.226022 1.684977 0.613919 -0.320621 0.708326 -0.136307
0.371243 0.227195 1.687458 0.614545 -0.312247 0.713148 -0.127502
0.367870 0.228480 1.689657 0.614885 -0.304881 0.717242 -0.120528
0.364579 0.229382 1.691978 0.615255 -0.298019 0.721182 -0.111989
0.360241 0.230109 1.695201 0.615065 -0.289898 0.726265 -0.100962
0.356065 0.231435 1.698220 0.614818 -0.281520 0.730953 -0.091941
0.352313 0.232932 1.700895 0.614274 -0.274325 0.734951 -0.085199
0.348889 0.234163 1.703497 0.613718 -0.267690 0.738629 -0.078228
0.344951 0.234530 1.707240 0.612335 -0.260143 0.743438 -0.068341
0.341311 0.234922 1.710803 0.611013 -0.252679 0.747848 -0.059494
0.338123 0.235345 1.713917 0.609705 -0.246310 0.751571 -0.052275
0.335289 0.235672 1.716705 0.608421 -0.240910 0.754771 -0.045898
0.331695 0.235432 1.720530 0.606237 -0.234813 0.758897 -0.037607
0.328207 0.235457 1.724206 0.604192 -0.228346 0.762824 -0.030151
0.325110 0.235666 1.727396 0.602709 -0.221669 0.766215 -0.022797
0.322411 0.235939 1.730128 0.601366 -0.215843 0.769089 -0.016517
0.319251 0.235848 1.734162 0.598557 -0.209599 0.773108 -0.010093
0.316148 0.235690 1.738322 0.595655 -0.203507 0.777021 -0.004349
0.313413 0.235580 1.741950 0.593435 -0.197352 0.780310 0.001789
0.311069 0.235523 1.744994 0.591752 -0.191449 0.783016 0.007966
0.308608 0.234814 1.748584 0.589146 -0.186601 0.786073 0.013233
0.306322 0.233663 1.752241 0.586534 -0.182270 0.788931 0.018517
0.304401 0.232512 1.755390 0.584620 -0.177800 0.791203 0.024561
0.302803 0.231495 1.758005 0.583352 -0.172994 0.792964 0.031334
0.301285 0.230664 1.761524 0.580894 -0.168721 0.795496 0.035788
0.299719 0.229646 1.765790 0.577774 -0.165027 0.798382 0.039110
0.298324 0.228585 1.769593 0.575320 -0.161218 0.800710 0.043348
