0.032114 0.384157 1.546558 0.707336 0.040563 0.705255 0.025397
0.034652 0.382114 1.550687 0.706378 0.039062 0.706242 0.026956
0.036874 0.380319 1.554344 0.705333 0.038550 0.707251 0.028574
0.039985 0.378131 1.559350 0.703267 0.039879 0.709150 0.030533
0.043670 0.375415 1.564077 0.701813 0.038740 0.710549 0.032842
0.047204 0.372701 1.568074 0.700714 0.036826 0.711617 0.035290
0.050324 0.370227 1.571407 0.699823 0.034899 0.712473 0.037584
0.053584 0.368196 1.575911 0.697875 0.036499 0.714211 0.039244
0.057156 0.365841 1.580418 0.696386 0.036000 0.715617 0.040537
0.060506 0.363471 1.584260 0.695248 0.034677 0.716702 0.042019
0.063435 0.361296 1.587450 0.694340 0.033165 0.717566 0.043472
0.066529 0.359681 1.591520 0.692529 0.034618 0.719202 0.044187
0.070373 0.357655 1.596102 0.690912 0.034288 0.720755 0.044466
0.074163 0.355363 1.600061 0.689697 0.032725 0.721933 0.045375
0.077554 0.353152 1.603353 0.688715 0.030865 0.722878 0.046538
0.080886 0.351538 1.607205 0.687068 0.031784 0.724351 0.047359
0.085183 0.349781 1.612303 0.685172 0.031859 0.726168 0.046963
0.089544 0.347512 1.616811 0.683751 0.030175 0.727550 0.047389
0.093493 0.345209 1.620570 0.682604 0.028035 0.728651 0.048311
0.097032 0.343256 1.624199 0.681202 0.027776 0.729905 0.049308
0.101314 0.341402 1.628873 0.679170 0.028527 0.731780 0.049106
0.105802 0.338981 1.633002 0.677659 0.027286 0.733180 0.049800
0.109911 0.336486 1.636431 0.676453 0.025415 0.734274 0.051064
0.113489 0.334235 1.639471 0.675311 0.024248 0.735262 0.052498
0.117372 0.332421 1.644051 0.673416 0.024851 0.737057 0.051373
0.121849 0.330065 1.648387 0.671828 0.023237 0.738596 0.050831
0.126297 0.327369 1.651993 0.670579 0.020642 0.739763 0.051477
0.130285 0.324743 1.654940 0.669539 0.017915 0.740691 0.052665
0.134086 0.322730 1.658949 0.667517 0.018574 0.742461 0.053183
0.138281 0.320366 1.663126 0.665729 0.017461 0.744101 0.053045
0.142783 0.317586 1.666737 0.664280 0.014885 0.745405 0.053687
0.147092 0.314667 1.669668 0.663143 0.011834 0.746361 0.055202
0.151000 0.312616 1.672776 0.661433 0.011776 0.747776 0.056565
0.154914 0.310962 1.676180 0.659387 0.012243 0.749517 0.057304
0.159010 0.308847 1.679282 0.657737 0.011585 0.750879 0.058561
0.162946 0.306469 1.681881 0.656524 0.009819 0.751850 0.060014
0.166627 0.304527 1.684279 0.655227 0.009705 0.752869 0.061411
0.170663 0.302739 1.687002 0.653856 0.010233 0.753973 0.062388
0.175004 0.300297 1.689590 0.652816 0.009529 0.754735 0.064146
0.179459 0.297343 1.691854 0.652154 0.007155 0.755186 0.065871
0.183662 0.294591 1.693751 0.651657 0.005419 0.755447 0.067921
0.188077 0.292541 1.695789 0.651075 0.005286 0.755786 0.069722
0.192629 0.290004 1.697782 0.650616 0.004422 0.755955 0.072190
0.197070 0.286973 1.699567 0.650477 0.002090 0.755882 0.074290
0.201052 0.283973 1.701129 0.650431 -0.000785 0.755812 0.075408
0.205354 0.282008 1.702511 0.649689 -0.000185 0.756347 0.076438
0.209937 0.279491 1.703835 0.649270 -0.000524 0.756499 0.078466
0.214332 0.276429 1.705018 0.649228 -0.002735 0.756380 0.079905
0.218206 0.273282 1.706076 0.649390 -0.006181 0.756178 0.080304
0.222370 0.271201 1.707160 0.648820 -0.006051 0.756577 0.081156
0.226765 0.268755 1.708303 0.648660 -0.006551 0.756536 0.082763
0.230730 0.265918 1.709373 0.648791 -0.008277 0.756268 0.084032
0.234141 0.263094 1.710350 0.649003 -0.011107 0.756025 0.084248
0.237659 0.261278 1.711214 0.648128 -0.011309 0.756776 0.084213
0.241669 0.259547 1.711965 0.647780 -0.011182 0.757017 0.084745
0.245327 0.257417 1.712669 0.647862 -0.011975 0.756838 0.085602
0.248531 0.255369 1.713234 0.648089 -0.013207 0.756534 0.086382
0.251476 0.253819 1.713793 0.647090 -0.012954 0.757320 0.087023
0.254934 0.252324 1.714434 0.645645 -0.011708 0.758412 0.088409
0.258402 0.250371 1.714894 0.645442 -0.012010 0.758449 0.089531
0.261637 0.248275 1.715243 0.646049 -0.013294 0.757833 0.090179
0.264545 0.246601 1.715602 0.645929 -0.013899 0.757849 0.090819
0.267895 0.246032 1.715801 0.644253 -0.011755 0.759103 0.092530
0.271283 0.245129 1.715718 0.643916 -0.010712 0.759223 0.094014
0.274445 0.243964 1.715579 0.644519 -0.010759 0.758612 0.094808
0.277333 0.242794 1.715491 0.645414 -0.011397 0.757835 0.094857
0.280500 0.242866 1.715341 0.643292 -0.008133 0.759492 0.096344
0.283888 0.242422 1.714790 0.642539 -0.005628 0.759919 0.098164
0.287105 0.241510 1.714206 0.642922 -0.004525 0.759457 0.099276
0.290044 0.240337 1.713729 0.644043 -0.004530 0.758464 0.099599
0.293386 0.240555 1.713237 0.643527 -0.002657 0.759019 0.098781
0.296991 0.240662 1.712373 0.643844 -0.000231 0.758733 0.098935
0.300347 0.240235 1.711531 0.645075 0.000905 0.757720 0.098671
0.303365 0.239455 1.710873 0.646840 0.000925 0.756324 0.097835
0.306663 0.239215 1.710224 0.647866 0.000565 0.755827 0.094837
0.310593 0.238683 1.709110 0.649451 0.001033 0.754665 0.093233
0.314302 0.237447 1.708072 0.651584 0.000369 0.752970 0.092062
0.317529 0.235958 1.707267 0.653549 -0.000870 0.751379 0.091115
0.320828 0.235060 1.706444 0.654904 -0.002165 0.750488 0.088684
0.325205 0.234321 1.704975 0.656515 -0.002241 0.749250 0.087224
0.329358 0.232825 1.703462 0.658471 -0.003069 0.747567 0.086895
0.332984 0.231081 1.702166 0.660297 -0.004342 0.745949 0.086885
0.336270 0.229652 1.701075 0.661695 -0.006157 0.744835 0.085687
0.340288 0.228925 1.699788 0.662639 -0.007967 0.744308 0.082766
0.344061 0.227691 1.698503 0.663828 -0.009891 0.743405 0.081140
0.347336 0.226276 1.697410 0.664945 -0.011880 0.742490 0.080095
0.350160 0.224971 1.696514 0.665886 -0.013932 0.741733 0.078959
0.353821 0.224337 1.695460 0.666992 -0.015875 0.740975 0.076327
0.357427 0.223065 1.694432 0.668306 -0.017904 0.739862 0.075176
0.360595 0.221513 1.693592 0.669481 -0.020112 0.738800 0.074590
0.363292 0.219976 1.692940 0.670446 -0.022213 0.737899 0.074256
0.366386 0.219294 1.692070 0.670879 -0.024614 0.737722 0.071278
0.369562 0.218429 1.690895 0.671566 -0.026246 0.737192 0.069700
0.372359 0.217351 1.689797 0.672301 -0.027834 0.736542 0.068869
0.374740 0.216273 1.688877 0.672935 -0.029295 0.735953 0.068371
0.377415 0.215961 1.687967 0.673207 -0.030202 0.735846 0.066422
0.380516 0.215732 1.686853 0.673569 -0.029969 0.735620 0.065353
0.383297 0.215097 1.685816 0.674044 -0.030123 0.735211 0.064985
0.385690 0.214327 1.684952 0.674472 -0.030491 0.734810 0.064891
0.388065 0.213883 1.684157 0.674719 -0.031696 0.734686 0.063130
0.390912 0.213607 1.683136 0.675062 -0.032955 0.734514 0.060783
0.393496 0.212951 1.682166 0.675513 -0.034253 0.734150 0.059434
0.395726 0.212172 1.681354 0.675915 -0.035515 0.733790 0.058577
0.397803 0.211596 1.680670 0.676202 -0.036878 0.733561 0.057259
0.400606 0.211461 1.679827 0.676567 -0.037598 0.733323 0.055498
0.403230 0.210849 1.679000 0.677030 -0.038455 0.732908 0.054748
0.405516 0.210042 1.678309 0.677436 -0.039423 0.732505 0.054431
0.407495 0.209266 1.677760 0.677731 -0.040484 0.732202 0.054051
0.410094 0.209179 1.677059 0.677651 -0.041116 0.732379 0.052153
0.412613 0.208700 1.676171 0.677759 -0.041419 0.732305 0.051544
0.414829 0.208006 1.675339 0.677936 -0.041847 0.732122 0.051453
0.416722 0.207286 1.674641 0.678084 -0.042295 0.731952 0.051559
0.419045 0.207235 1.674007 0.678028 -0.043219 0.732097 0.049438
0.421430 0.207112 1.673409 0.677968 -0.043732 0.732226 0.047870
0.423513 0.206773 1.672899 0.677943 -0.044318 0.732280 0.046865
0.425289 0.206371 1.672491 0.677910 -0.044881 0.732319 0.046178
0.427274 0.206199 1.672077 0.678047 -0.046415 0.732210 0.044343
0.429280 0.206039 1.671590 0.678080 -0.047464 0.732225 0.042425
0.429638 0.207125 1.671013 0.676897 -0.045538 0.733660 0.038457
0.429957 0.208817 1.670703 0.675940 -0.043648 0.734840 0.034777
0.430424 0.210138 1.670617 0.675089 -0.043526 0.735824 0.030403
0.430904 0.210547 1.670471 0.674587 -0.044455 0.736392 0.026124
0.431230 0.211211 1.670234 0.674230 -0.044532 0.736839 0.022315
0.431462 0.212115 1.669999 0.673828 -0.044279 0.737324 0.018676
0.431659 0.212962 1.669962 0.673311 -0.044856 0.737852 0.014670
0.431952 0.213899 1.670221 0.672537 -0.047962 0.738469 0.007516
0.432170 0.214914 1.670280 0.672075 -0.050381 0.738765 0.001482
0.432330 0.215816 1.670342 0.671713 -0.052597 0.738933 -0.003642
0.432450 0.216595 1.670438 0.671360 -0.054659 0.739069 -0.008114
0.432528 0.216976 1.671136 0.670769 -0.060204 0.739058 -0.015409
0.432598 0.217362 1.671614 0.670318 -0.065902 0.738791 -0.022783
0.432656 0.217625 1.671911 0.669933 -0.071139 0.738428 -0.029201
0.432695 0.217778 1.672138 0.669571 -0.075719 0.738069 -0.034561
0.432720 0.217715 1.672864 0.668943 -0.082796 0.737511 -0.041678
0.432749 0.217760 1.673568 0.668315 -0.090608 0.736674 -0.049559
0.432777 0.217799 1.674182 0.667616 -0.098255 0.735775 -0.057183
0.432802 0.217844 1.674651 0.666920 -0.105358 0.734842 -0.064220
0.432792 0.217772 1.675298 0.666083 -0.113184 0.733753 -0.071618
0.432758 0.217604 1.676109 0.665141 -0.122299 0.732288 -0.079889
0.432748 0.217421 1.676814 0.664156 -0.131121 0.730757 -0.087737
0.432752 0.217224 1.677440 0.663099 -0.139623 0.729201 -0.095242
0.432737 0.217044 1.677974 0.661972 -0.148101 0.727552 -0.102608
0.432662 0.216756 1.678587 0.660639 -0.157964 0.725520 -0.110559
0.432619 0.216412 1.679106 0.659276 -0.167552 0.723429 -0.118031
0.432598 0.216062 1.679542 0.657854 -0.176719 0.721342 -0.125161
0.432579 0.215745 1.679890 0.656375 -0.185595 0.719213 -0.132134
0.432509 0.215332 1.680457 0.654591 -0.196156 0.716469 -0.140373
0.432450 0.214940 1.680976 0.652825 -0.206352 0.713650 -0.148124
0.432417 0.214590 1.681406 0.651042 -0.215940 0.710889 -0.155408
0.432389 0.214349 1.681690 0.649393 -0.224464 0.708315 -0.161843
0.432344 0.214169 1.682203 0.647165 -0.235083 0.705003 -0.169948
0.432308 0.214134 1.682755 0.644932 -0.245491 0.701560 -0.177789
0.432296 0.214163 1.683229 0.642743 -0.255117 0.698243 -0.185077
0.432287 0.214278 1.683586 0.640778 -0.263510 0.695232 -0.191359
0.432277 0.214263 1.684207 0.638209 -0.273718 0.691446 -0.199174
0.432259 0.214362 1.685019 0.635467 -0.284436 0.687209 -0.207416
0.432264 0.214545 1.685719 0.632900 -0.294146 0.683208 -0.214807
0.432272 0.214770 1.686301 0.630653 -0.302528 0.679639 -0.221006
0.432295 0.214835 1.686874 0.627942 -0.311631 0.675759 -0.227867
0.432307 0.214974 1.687502 0.624735 -0.321399 0.671456 -0.235703
0.432321 0.215207 1.688025 0.621945 -0.329870 0.667567 -0.242332
0.432337 0.215427 1.688451 0.619549 -0.337183 0.664115 -0.247824
0.432346 0.215524 1.688845 0.617048 -0.344607 0.660562 -0.253288
0.432314 0.215588 1.689379 0.614017 -0.353447 0.656161 -0.259828
0.432297 0.215703 1.689833 0.611478 -0.361233 0.652139 -0.265181
0.432295 0.215808 1.690184 0.609348 -0.367963 0.648577 -0.269528
0.432292 0.215906 1.690453 0.607459 -0.373893 0.645391 -0.273256
0.432285 0.216182 1.690807 0.605213 -0.380432 0.641938 -0.277317
0.432303 0.216479 1.691146 0.603253 -0.386293 0.638796 -0.280719
0.432325 0.216743 1.691427 0.601588 -0.391217 0.636097 -0.283587
0.432343 0.216986 1.691654 0.600170 -0.395332 0.633794 -0.286033
0.432222 0.217477 1.691679 0.599063 -0.399196 0.631884 -0.287209
0.432134 0.217748 1.691469 0.597992 -0.403218 0.630050 -0.287850
0.432065 0.217900 1.691146 0.597168 -0.406633 0.628470 -0.288210
0.431994 0.218018 1.690798 0.596516 -0.409464 0.627128 -0.288477
0.431810 0.218723 1.690504 0.596890 -0.410488 0.627165 -0.286156
0.431732 0.219291 1.690050 0.597206 -0.411805 0.627497 -0.282856
0.431672 0.219638 1.689512 0.597505 -0.412919 0.627803 -0.279909
0.431588 0.219918 1.689009 0.597766 -0.413748 0.628102 -0.277446
0.431207 0.220456 1.688557 0.599111 -0.412792 0.629579 -0.272577
0.430690 0.220781 1.687650 0.600899 -0.412189 0.631428 -0.265175
0.430424 0.220784 1.686418 0.603093 -0.411309 0.633101 -0.257463
0.430199 0.220691 1.685235 0.604956 -0.410355 0.634591 -0.250860
0.429707 0.220529 1.684412 0.606824 -0.408533 0.636733 -0.243796
0.428683 0.220085 1.684065 0.609251 -0.404618 0.640846 -0.233267
0.427766 0.219765 1.683629 0.611175 -0.401205 0.644277 -0.224512
0.426953 0.219573 1.683266 0.612658 -0.398252 0.647129 -0.217415
0.426163 0.219397 1.683098 0.614052 -0.395191 0.649874 -0.210781
0.424396 0.219279 1.683634 0.615742 -0.389578 0.654657 -0.201282
0.422424 0.220182 1.684009 0.617169 -0.383830 0.658820 -0.194249
0.420547 0.221554 1.684282 0.618438 -0.378425 0.662307 -0.188887
0.418848 0.223031 1.684521 0.619464 -0.373615 0.665234 -0.184770
0.416090 0.223600 1.684942 0.620757 -0.367938 0.669279 -0.177053
0.413078 0.224872 1.684934 0.621942 -0.362226 0.672902 -0.170831
0.410325 0.226589 1.684752 0.623126 -0.356729 0.675948 -0.165992
0.407895 0.228356 1.684570 0.624119 -0.351789 0.678523 -0.162253
0.404934 0.229537 1.685183 0.625374 -0.345588 0.682149 -0.155402
0.401381 0.231155 1.686406 0.625924 -0.339057 0.686154 -0.149837
0.398071 0.233201 1.687584 0.626267 -0.332974 0.689625 -0.146067
0.395132 0.235256 1.688648 0.626452 -0.327609 0.692582 -0.143389
0.392141 0.236706 1.689913 0.627124 -0.321720 0.695838 -0.137918
0.388567 0.237954 1.691479 0.627483 -0.315501 0.699604 -0.131450
0.385265 0.239558 1.692843 0.627646 -0.309777 0.702875 -0.126754
0.382349 0.241190 1.694032 0.627665 -0.304757 0.705669 -0.123249
0.379572 0.242386 1.695268 0.627846 -0.299287 0.708690 -0.118302
0.376089 0.242603 1.696876 0.627404 -0.292288 0.713295 -0.110193
0.372975 0.242960 1.698156 0.626767 -0.286246 0.717266 -0.103712
0.370295 0.243376 1.699235 0.626081 -0.281172 0.720594 -0.098534
0.367938 0.243674 1.700240 0.625544 -0.276608 0.723495 -0.093475
0.364601 0.243064 1.701833 0.625340 -0.270220 0.727371 -0.082839
0.361289 0.243002 1.703276 0.624745 -0.264289 0.730945 -0.074587
0.358325 0.243286 1.704554 0.624039 -0.259101 0.734020 -0.068242
0.355733 0.243691 1.705695 0.623264 -0.254711 0.736650 -0.063335
0.352555 0.243166 1.707833 0.622217 -0.248236 0.740508 -0.053591
0.349334 0.242559 1.710200 0.620575 -0.242034 0.744502 -0.044989
0.346510 0.242143 1.712316 0.618901 -0.236996 0.747883 -0.038291
0.344071 0.241858 1.714159 0.617304 -0.232914 0.750730 -0.033036
