0.393163 0.197078 1.689740 0.594553 -0.273698 0.753797 -0.058195
0.389466 0.197109 1.691305 0.593343 -0.267276 0.757508 -0.051866
0.386271 0.197312 1.692642 0.592510 -0.261169 0.760660 -0.046047
0.383247 0.197436 1.693992 0.591479 -0.255671 0.763613 -0.040974
0.379160 0.197436 1.696212 0.589370 -0.249385 0.767565 -0.035980
0.375341 0.197916 1.698340 0.587814 -0.242595 0.771140 -0.031064
0.371992 0.198579 1.700199 0.586863 -0.235583 0.774227 -0.025792
0.369119 0.199236 1.701774 0.586060 -0.229446 0.776814 -0.021207
0.365475 0.199063 1.704053 0.583942 -0.222994 0.780399 -0.016215
0.361990 0.198674 1.706387 0.581850 -0.216838 0.783781 -0.010909
0.359008 0.198318 1.708418 0.580369 -0.210684 0.786612 -0.004959
0.356487 0.197994 1.710129 0.579441 -0.204506 0.788938 0.001586
0.353797 0.197495 1.712540 0.577492 -0.198657 0.791824 0.007231
0.350718 0.196752 1.716160 0.574252 -0.193520 0.795394 0.011519
0.347954 0.196062 1.719567 0.571536 -0.188555 0.798456 0.016204
0.345574 0.195466 1.722491 0.569509 -0.183444 0.800962 0.021644
0.343399 0.194865 1.725143 0.567761 -0.178202 0.803219 0.027044
0.340897 0.193537 1.728704 0.565301 -0.173157 0.805878 0.031799
0.338669 0.191907 1.732220 0.563092 -0.169010 0.808082 0.036958
0.336784 0.190318 1.735273 0.561440 -0.164922 0.809783 0.042878
0.335213 0.188889 1.737830 0.560312 -0.160651 0.811049 0.049417
0.333747 0.187691 1.741269 0.558277 -0.154829 0.813215 0.055105
0.332406 0.186164 1.744964 0.556108 -0.150006 0.815207 0.060658
0.331264 0.184589 1.748234 0.554407 -0.145546 0.816687 0.066864
0.330321 0.183133 1.750983 0.553151 -0.141305 0.817728 0.073338
0.329382 0.182090 1.754268 0.551530 -0.135282 0.819203 0.080119
0.328168 0.180933 1.758724 0.549056 -0.129339 0.821206 0.086194
0.326980 0.179639 1.762932 0.546730 -0.124674 0.822875 0.091755
0.325943 0.178400 1.766563 0.544644 -0.121313 0.824257 0.096157
0.325152 0.177398 1.769982 0.542791 -0.116836 0.825488 0.101478
0.324668 0.176004 1.774622 0.540299 -0.110411 0.827078 0.108760
0.324247 0.173912 1.779135 0.537779 -0.106920 0.828417 0.114402
0.323911 0.171702 1.783065 0.535571 -0.104956 0.829451 0.118996
0.323660 0.169665 1.786416 0.533718 -0.103512 0.830234 0.123050
0.323702 0.168425 1.790845 0.531614 -0.097700 0.831286 0.129633
0.323545 0.166877 1.795603 0.529088 -0.094236 0.832620 0.133900
0.323314 0.165231 1.799887 0.526747 -0.092236 0.833813 0.137062
0.323096 0.163677 1.803557 0.524723 -0.091003 0.834808 0.139569
0.323443 0.162735 1.807491 0.522317 -0.086606 0.836018 0.144078
0.324228 0.161354 1.811793 0.519490 -0.082596 0.837401 0.148553
0.324975 0.159490 1.815614 0.517080 -0.080449 0.838418 0.152352
0.325645 0.157576 1.818880 0.515079 -0.079265 0.839169 0.155585
0.326497 0.156060 1.822077 0.513234 -0.077322 0.839842 0.158991
0.327793 0.154640 1.826509 0.510711 -0.074779 0.841030 0.162026
0.328819 0.152667 1.830819 0.508270 -0.074128 0.842146 0.164186
0.329651 0.150609 1.834619 0.506146 -0.074285 0.843066 0.165947
0.330389 0.148739 1.837927 0.504328 -0.074532 0.843814 0.167562
0.331915 0.147149 1.842450 0.501818 -0.072586 0.844906 0.170426
0.333285 0.144624 1.847093 0.499259 -0.072745 0.845955 0.172653
0.334424 0.141814 1.851240 0.497046 -0.073922 0.846756 0.174597
0.335370 0.139134 1.854806 0.495172 -0.075361 0.847374 0.176303
0.337066 0.137334 1.858666 0.492955 -0.074183 0.848353 0.178294
0.339160 0.135223 1.862751 0.490606 -0.073069 0.849375 0.180359
0.340984 0.132722 1.866367 0.488655 -0.073124 0.850076 0.182321
0.342526 0.130262 1.869480 0.487031 -0.073653 0.850578 0.184098
0.344334 0.128398 1.872521 0.485494 -0.073070 0.851056 0.186170
0.347040 0.126867 1.876097 0.483670 -0.070997 0.851663 0.188927
0.349445 0.124854 1.879291 0.482147 -0.070150 0.852020 0.191510
0.351485 0.122771 1.882050 0.480885 -0.069946 0.852227 0.193821
0.353311 0.120929 1.884488 0.479804 -0.069891 0.852427 0.195630
0.356342 0.119715 1.887777 0.478609 -0.068375 0.853005 0.196575
0.359093 0.117780 1.891016 0.477472 -0.068118 0.853418 0.197631
0.361394 0.115578 1.893904 0.476487 -0.068627 0.853677 0.198710
0.363306 0.113455 1.896416 0.475626 -0.069382 0.853861 0.199716
0.365807 0.112095 1.899349 0.474842 -0.067911 0.854184 0.200705
0.368255 0.110348 1.902658 0.473844 -0.066642 0.854576 0.201819
0.370233 0.108233 1.905718 0.472870 -0.066462 0.854882 0.202860
0.371838 0.106131 1.908425 0.471975 -0.066743 0.855129 0.203811
0.373919 0.104671 1.911200 0.471264 -0.066196 0.855479 0.204171
0.376981 0.103483 1.914582 0.470590 -0.064550 0.855913 0.204429
0.379568 0.101743 1.917686 0.469939 -0.064026 0.856195 0.204909
0.381705 0.099874 1.920427 0.469333 -0.064069 0.856390 0.205469
0.383637 0.098213 1.922901 0.468736 -0.064213 0.856663 0.205647
0.386953 0.097129 1.926086 0.467918 -0.063047 0.857468 0.204516
0.389996 0.095463 1.929091 0.467184 -0.062735 0.858019 0.203976
0.392546 0.093565 1.931732 0.466556 -0.062995 0.858386 0.203792
0.394663 0.091726 1.934027 0.465992 -0.063452 0.858662 0.203778
0.397852 0.090535 1.936426 0.465437 -0.063249 0.859379 0.202079
0.401428 0.089060 1.938470 0.465254 -0.062952 0.859716 0.201158
0.404581 0.087327 1.940103 0.465294 -0.063060 0.859752 0.200879
0.407264 0.085627 1.941470 0.465374 -0.063328 0.859690 0.200871
0.410296 0.084296 1.942844 0.465350 -0.063241 0.859879 0.200144
0.414370 0.082558 1.943987 0.465622 -0.062775 0.859806 0.199974
0.418143 0.080209 1.944693 0.466285 -0.063000 0.859255 0.200726
0.421419 0.077759 1.945215 0.466994 -0.063557 0.858584 0.201768
0.424297 0.075541 1.945710 0.467528 -0.064149 0.858118 0.202328
0.427508 0.073580 1.946456 0.467547 -0.064000 0.858316 0.201485
0.430372 0.071294 1.947078 0.467679 -0.064302 0.858266 0.201298
0.432801 0.069058 1.947610 0.467820 -0.064748 0.858141 0.201359
0.434732 0.067457 1.948088 0.467699 -0.064468 0.858290 0.201096
0.437090 0.065832 1.948446 0.467403 -0.064098 0.858535 0.200855
0.439652 0.063838 1.948305 0.467492 -0.063676 0.858402 0.201352
0.442028 0.061716 1.947953 0.467910 -0.063612 0.857949 0.202335
0.444071 0.059638 1.947608 0.468330 -0.063968 0.857464 0.203298
0.445776 0.057369 1.947826 0.467881 -0.065555 0.857621 0.203163
0.447957 0.054825 1.948087 0.467499 -0.066230 0.857599 0.203916
0.450282 0.052212 1.947867 0.467884 -0.066563 0.856948 0.205656
0.452256 0.049698 1.947592 0.468205 -0.067258 0.856368 0.207109
0.453742 0.047306 1.947645 0.468002 -0.068226 0.856200 0.207947
0.455525 0.044049 1.947784 0.467551 -0.068972 0.856068 0.209255
0.457355 0.040171 1.947701 0.467527 -0.070017 0.855457 0.211445
0.458642 0.036065 1.947742 0.467280 -0.071991 0.854949 0.213378
0.459318 0.032040 1.948004 0.466741 -0.074275 0.854614 0.215104
0.460023 0.027827 1.948485 0.465925 -0.075776 0.854358 0.217357
0.460747 0.023256 1.949064 0.465024 -0.077322 0.854054 0.219923
0.461330 0.018671 1.949667 0.464250 -0.079558 0.853650 0.222315
0.461843 0.014393 1.950199 0.463658 -0.081950 0.853171 0.224511
0.462412 0.010171 1.950748 0.462967 -0.083870 0.852880 0.226327
0.463113 0.005106 1.951386 0.462041 -0.085823 0.852706 0.228132
0.463715 -0.000314 1.952026 0.461287 -0.088685 0.852262 0.230214
0.464221 -0.005465 1.952612 0.460671 -0.091588 0.851723 0.232297
0.464721 -0.010242 1.953132 0.460158 -0.094062 0.851169 0.234347
0.465423 -0.016206 1.953825 0.459472 -0.095943 0.850557 0.237135
0.466015 -0.022880 1.954562 0.458874 -0.098986 0.849663 0.240226
0.466508 -0.029362 1.955206 0.458438 -0.102240 0.848640 0.243294
0.466929 -0.035177 1.955770 0.458106 -0.105291 0.847630 0.246118
0.467645 -0.041293 1.956636 0.457668 -0.107951 0.846472 0.249743
0.468380 -0.047753 1.957571 0.457265 -0.110947 0.845189 0.253486
0.469007 -0.053789 1.958370 0.456976 -0.113851 0.843920 0.256922
0.469537 -0.059141 1.959102 0.456843 -0.116538 0.842609 0.260239
0.470262 -0.064446 1.960011 0.456505 -0.118976 0.841393 0.263637
0.471158 -0.070648 1.961316 0.455923 -0.121414 0.840067 0.267733
0.471926 -0.076811 1.962459 0.455528 -0.124308 0.838632 0.271547
0.472577 -0.082341 1.963460 0.455317 -0.126821 0.837171 0.275225
0.473231 -0.087353 1.964443 0.455043 -0.129149 0.835844 0.278605
0.474281 -0.093592 1.965759 0.454472 -0.131454 0.834189 0.283379
0.475181 -0.100070 1.966994 0.453993 -0.133576 0.832444 0.288244
0.475910 -0.106045 1.968037 0.453632 -0.135744 0.830813 0.292476
0.476533 -0.111219 1.968913 0.453332 -0.137711 0.829406 0.295993
0.477514 -0.117241 1.970379 0.452497 -0.141076 0.827862 0.299980
0.478533 -0.123554 1.971944 0.451770 -0.144073 0.826182 0.304253
0.479442 -0.129164 1.973284 0.451278 -0.146380 0.824608 0.308126
0.480267 -0.133906 1.974334 0.450915 -0.148342 0.823296 0.311216
0.481205 -0.138937 1.975655 0.450293 -0.151245 0.821839 0.314551
0.482318 -0.145088 1.977353 0.449706 -0.154515 0.819850 0.318960
0.483332 -0.150794 1.978817 0.449410 -0.157115 0.817900 0.323087
0.484201 -0.155613 1.980037 0.449213 -0.159026 0.816224 0.326643
0.484970 -0.160075 1.981246 0.448778 -0.161342 0.814855 0.329510
0.485948 -0.165606 1.982871 0.448079 -0.164513 0.813473 0.332299
0.486834 -0.170838 1.984187 0.447591 -0.167142 0.812186 0.334781
0.487525 -0.175478 1.985222 0.447141 -0.169552 0.811080 0.336847
0.488062 -0.179495 1.986112 0.446726 -0.171675 0.810101 0.338673
0.488619 -0.184593 1.987630 0.446107 -0.175487 0.808810 0.340615
0.489239 -0.189692 1.988958 0.446180 -0.178155 0.806992 0.343437
0.489779 -0.194094 1.990050 0.446351 -0.180145 0.805365 0.345986
0.490222 -0.197768 1.990979 0.446362 -0.181940 0.804171 0.347804
0.490651 -0.201673 1.992257 0.445967 -0.184978 0.802928 0.349573
0.491230 -0.205928 1.993503 0.445867 -0.187937 0.801360 0.351716
0.491808 -0.209608 1.994442 0.446032 -0.189971 0.799810 0.353936
0.492297 -0.212699 1.995215 0.446156 -0.191648 0.798503 0.355823
0.492666 -0.215544 1.996027 0.446049 -0.193550 0.797456 0.357270
0.492996 -0.218968 1.996903 0.446039 -0.195840 0.796183 0.358870
0.493353 -0.222113 1.997509 0.446340 -0.197411 0.794796 0.360706
0.493671 -0.224804 1.997974 0.446640 -0.198672 0.793564 0.362351
0.493941 -0.227102 1.998386 0.446851 -0.199837 0.792518 0.363737
0.494264 -0.230153 1.999015 0.446814 -0.202213 0.791249 0.365228
0.494564 -0.233245 1.999435 0.447040 -0.204094 0.789829 0.366974
0.494790 -0.236011 1.999741 0.447260 -0.205723 0.788544 0.368558
0.494943 -0.238407 2.000003 0.447418 -0.207177 0.787437 0.369916
0.495106 -0.240990 2.000213 0.447464 -0.208746 0.786375 0.371235
0.495221 -0.243873 2.000268 0.447612 -0.210026 0.785208 0.372802
0.495245 -0.246575 2.000258 0.447778 -0.211178 0.784083 0.374318
0.495210 -0.248991 2.000235 0.447912 -0.212278 0.783056 0.375679
0.495150 -0.251146 2.000192 0.447990 -0.213299 0.782086 0.377029
0.495026 -0.253168 2.000148 0.447892 -0.214287 0.781194 0.378430
0.494887 -0.254918 2.000117 0.447801 -0.214991 0.780472 0.379627
0.494766 -0.256373 2.000093 0.447716 -0.215536 0.779893 0.380609
0.494631 -0.257648 2.000066 0.447634 -0.216077 0.779351 0.381506
0.494343 -0.259178 1.999820 0.447719 -0.216489 0.778410 0.383088
0.493999 -0.260955 1.999444 0.447923 -0.217193 0.777229 0.384847
0.493670 -0.262717 1.999014 0.448186 -0.217991 0.776015 0.386534
0.493361 -0.264320 1.998612 0.448419 -0.218761 0.774926 0.388012
0.492589 -0.265714 1.997998 0.448355 -0.219376 0.774054 0.389477
0.491845 -0.266878 1.997247 0.448296 -0.219854 0.773332 0.390707
0.491283 -0.267832 1.996533 0.448316 -0.220225 0.772687 0.391749
0.490850 -0.268606 1.995893 0.448373 -0.220525 0.772128 0.392617
0.489924 -0.269101 1.995088 0.448351 -0.220667 0.771801 0.393206
0.488325 -0.269197 1.994144 0.448206 -0.220790 0.771757 0.393390
0.486958 -0.269125 1.993446 0.448009 -0.220890 0.771829 0.393415
0.485803 -0.268994 1.992897 0.447810 -0.220995 0.771936 0.393374
0.484637 -0.268774 1.992376 0.447699 -0.220894 0.771959 0.393511
0.482244 -0.267341 1.991839 0.447744 -0.219426 0.772182 0.393842
0.480131 -0.265231 1.991943 0.447345 -0.217790 0.773154 0.393297
0.478363 -0.263022 1.992268 0.446794 -0.216252 0.774352 0.392415
0.476892 -0.260983 1.992613 0.446260 -0.214935 0.775490 0.391497
0.473979 -0.258122 1.992551 0.445630 -0.213347 0.776838 0.390407
0.470936 -0.254185 1.993104 0.444543 -0.211271 0.779029 0.388407
0.468370 -0.250148 1.993952 0.443280 -0.209161 0.781480 0.386060
0.466221 -0.246458 1.994776 0.442104 -0.207283 0.783744 0.383827
0.463577 -0.242911 1.995045 0.441497 -0.205014 0.785236 0.382692
0.460037 -0.238797 1.994956 0.441388 -0.202363 0.786325 0.381993
0.457022 -0.234376 1.995183 0.441106 -0.200098 0.787823 0.380422
0.454572 -0.230037 1.995526 0.440720 -0.197868 0.789504 0.378544
0.452331 -0.226025 1.995717 0.440428 -0.195664 0.791032 0.376839
0.448793 -0.221465 1.995456 0.440597 -0.192082 0.792197 0.376036
0.445518 -0.216643 1.995645 0.440455 -0.189136 0.793804 0.374303
0.442778 -0.211545 1.996038 0.440227 -0.186632 0.795715 0.371761
0.440616 -0.206302 1.996499 0.439976 -0.184095 0.797815 0.368813
