0.036713 0.418247 1.509656 0.701694 0.030532 0.709706 -0.054880
0.041194 0.415879 1.513914 0.701339 0.029475 0.710226 -0.053251
0.045559 0.413424 1.517686 0.700986 0.027326 0.710802 -0.051311
0.049417 0.411146 1.520822 0.700623 0.025061 0.711380 -0.049379
0.052983 0.409186 1.524578 0.700157 0.025185 0.711957 -0.047571
0.056748 0.407138 1.529129 0.699696 0.023954 0.712511 -0.046686
0.060236 0.405106 1.533155 0.699253 0.021967 0.713069 -0.045761
0.063252 0.403259 1.536496 0.698823 0.019983 0.713610 -0.044815
0.066315 0.401431 1.540037 0.698050 0.020375 0.714519 -0.042102
0.069952 0.399182 1.543831 0.697303 0.019381 0.715450 -0.039047
0.073442 0.396903 1.547100 0.696698 0.017579 0.716240 -0.036094
0.076497 0.394835 1.549796 0.696186 0.015714 0.716909 -0.033461
0.079652 0.392802 1.553017 0.695436 0.015913 0.717779 -0.030162
0.083397 0.390312 1.556677 0.694780 0.014372 0.718568 -0.027066
0.086979 0.387800 1.559855 0.694250 0.012080 0.719230 -0.024081
0.090105 0.385531 1.562478 0.693785 0.009820 0.719797 -0.021414
0.093119 0.383338 1.565536 0.692729 0.010359 0.720887 -0.018480
0.096479 0.380785 1.568818 0.691724 0.009640 0.721926 -0.015759
0.099633 0.378285 1.571630 0.690935 0.008177 0.722751 -0.013134
0.102365 0.376054 1.573946 0.690283 0.006632 0.723428 -0.010797
0.105391 0.374166 1.576946 0.689370 0.007154 0.724327 -0.008305
0.109067 0.371861 1.580297 0.688591 0.005771 0.725101 -0.006110
0.112590 0.369460 1.583175 0.687971 0.003621 0.725719 -0.003760
0.115669 0.367264 1.585541 0.687439 0.001475 0.726239 -0.001552
0.118823 0.365323 1.588896 0.686379 0.002696 0.727239 -0.000272
0.122476 0.362900 1.592591 0.685432 0.001905 0.728134 0.000530
0.125937 0.360385 1.595747 0.684664 0.000222 0.728858 0.001751
0.128952 0.358090 1.598334 0.683988 -0.001552 0.729485 0.003083
0.132299 0.355691 1.601785 0.682783 -0.000609 0.730612 0.003612
0.136385 0.352520 1.605326 0.681819 -0.002133 0.731505 0.004426
0.140300 0.349252 1.608292 0.681066 -0.004543 0.732184 0.005933
0.143716 0.346281 1.610700 0.680394 -0.006947 0.732774 0.007614
0.147180 0.343844 1.614011 0.678985 -0.005603 0.734085 0.008270
0.150946 0.341014 1.617514 0.677842 -0.006259 0.735133 0.008384
0.154413 0.338173 1.620493 0.676901 -0.007867 0.735978 0.008899
0.157396 0.335624 1.622911 0.676047 -0.009525 0.736733 0.009693
0.160779 0.333618 1.625508 0.673988 -0.006987 0.738643 0.009883
0.164772 0.330932 1.627887 0.672323 -0.005812 0.740146 0.011471
0.168540 0.327958 1.629998 0.671214 -0.005942 0.741118 0.013434
0.171817 0.325189 1.631782 0.670347 -0.006903 0.741862 0.015041
0.175627 0.323360 1.633830 0.668701 -0.004450 0.743355 0.015578
0.180004 0.320824 1.635953 0.667521 -0.003726 0.744383 0.017178
0.184079 0.317903 1.637919 0.666794 -0.003877 0.744975 0.019554
0.187599 0.315028 1.639734 0.666309 -0.005098 0.745362 0.021016
0.191547 0.313484 1.641096 0.665350 -0.003056 0.746236 0.020813
0.195792 0.311514 1.642295 0.664898 -0.001974 0.746607 0.022027
0.199641 0.309188 1.643452 0.664729 -0.001613 0.746698 0.023960
0.202944 0.306834 1.644589 0.664652 -0.001419 0.746698 0.026013
0.206943 0.305116 1.645466 0.664209 0.000103 0.747097 0.025924
0.211539 0.302475 1.646392 0.664368 -0.000102 0.746901 0.027475
0.215817 0.299328 1.647333 0.664761 -0.001163 0.746459 0.029847
0.219514 0.296196 1.648287 0.665093 -0.002257 0.746060 0.032262
0.223442 0.294535 1.649327 0.663993 -0.001118 0.747077 0.031444
0.227434 0.292432 1.650520 0.663587 -0.001238 0.747435 0.031510
0.230956 0.289975 1.651766 0.663365 -0.002042 0.747598 0.032254
0.233946 0.287480 1.652987 0.663043 -0.002912 0.747839 0.033211
0.237298 0.285669 1.654072 0.660607 -0.001946 0.750039 0.032193
0.240830 0.283152 1.655142 0.659033 -0.002210 0.751418 0.032280
0.244126 0.280164 1.656184 0.658547 -0.003724 0.751812 0.032868
0.247104 0.277264 1.657177 0.658637 -0.004718 0.751653 0.034556
0.250277 0.275625 1.658463 0.655870 0.000163 0.753841 0.039474
0.253446 0.273715 1.659626 0.653619 0.003597 0.755550 0.043742
0.256425 0.271653 1.660573 0.652697 0.005033 0.756155 0.046810
0.259152 0.269779 1.661396 0.652520 0.005309 0.756197 0.048540
0.262275 0.268960 1.662443 0.650006 0.008899 0.758187 0.050649
0.265632 0.267407 1.663250 0.648839 0.010694 0.759025 0.052683
0.268813 0.265482 1.663927 0.648904 0.010760 0.758880 0.053946
0.271703 0.263657 1.664592 0.649426 0.009960 0.758437 0.054026
0.274939 0.262805 1.665468 0.647742 0.012783 0.759819 0.054243
0.278357 0.261167 1.666131 0.647407 0.013868 0.760054 0.054681
0.281555 0.259137 1.666732 0.648099 0.013337 0.759478 0.054622
0.284475 0.257177 1.667356 0.649227 0.011808 0.758624 0.053427
0.287873 0.255714 1.668121 0.649465 0.011727 0.758553 0.051531
0.291337 0.253500 1.668823 0.650589 0.010142 0.757706 0.050133
0.294464 0.251035 1.669571 0.651919 0.007659 0.756670 0.048929
0.297231 0.248901 1.670276 0.652923 0.005104 0.755936 0.047190
0.300539 0.247961 1.670763 0.653285 0.004757 0.755784 0.044585
0.303687 0.246647 1.671139 0.653915 0.003956 0.755333 0.043027
0.306417 0.245203 1.671482 0.654565 0.002787 0.754837 0.041928
0.308850 0.244044 1.671795 0.655040 0.001608 0.754512 0.040395
0.311936 0.243544 1.671956 0.655121 0.002261 0.754525 0.038773
0.314920 0.242454 1.672030 0.655482 0.002169 0.754241 0.038206
0.317531 0.241158 1.672123 0.655882 0.001569 0.753905 0.038009
0.319888 0.240007 1.672222 0.656157 0.000559 0.753712 0.037084
0.323031 0.238598 1.672187 0.656424 -0.000578 0.753543 0.035776
0.326172 0.236399 1.672173 0.656944 -0.002656 0.753090 0.035678
0.328957 0.234066 1.672229 0.657438 -0.005013 0.752631 0.035986
0.331497 0.232111 1.672313 0.657700 -0.007112 0.752399 0.035726
0.334731 0.230507 1.672203 0.657674 -0.007703 0.752423 0.035590
0.337830 0.228407 1.672033 0.657905 -0.008901 0.752169 0.036380
0.340526 0.226278 1.671921 0.658152 -0.010351 0.751886 0.037366
0.342973 0.224557 1.671865 0.658252 -0.011984 0.751767 0.037500
0.345815 0.223501 1.671695 0.658146 -0.013006 0.751869 0.036980
0.348363 0.222325 1.671469 0.658172 -0.013991 0.751824 0.037081
0.350521 0.221196 1.671286 0.658201 -0.014937 0.751767 0.037364
0.352561 0.220330 1.671080 0.658100 -0.016193 0.751869 0.036518
0.355455 0.219156 1.670436 0.658148 -0.017562 0.751844 0.035549
0.358294 0.217312 1.669726 0.658501 -0.019406 0.751473 0.035884
0.360791 0.215368 1.669141 0.658845 -0.021335 0.751084 0.036603
0.363113 0.213726 1.668619 0.658996 -0.023208 0.750902 0.036484
0.365956 0.211956 1.667713 0.659124 -0.024312 0.750744 0.036715
0.368644 0.209772 1.666756 0.659492 -0.025726 0.750314 0.037925
0.370973 0.207634 1.665954 0.659832 -0.027189 0.749892 0.039308
0.373124 0.205999 1.665292 0.659989 -0.028472 0.749690 0.039597
0.375549 0.204891 1.664591 0.659988 -0.028636 0.749698 0.039336
0.377707 0.203656 1.663954 0.660065 -0.028971 0.749604 0.039603
0.379534 0.202479 1.663445 0.660122 -0.029387 0.749516 0.040022
0.381405 0.201800 1.663006 0.660150 -0.029737 0.749516 0.039290
0.383922 0.201512 1.662507 0.660272 -0.029238 0.749486 0.038176
0.386208 0.200838 1.662085 0.660435 -0.029208 0.749363 0.037796
0.388164 0.200057 1.661773 0.660551 -0.029415 0.749256 0.037718
0.390175 0.199578 1.661570 0.660525 -0.029819 0.749316 0.036652
0.392798 0.199018 1.661440 0.660329 -0.029990 0.749534 0.035572
0.395210 0.197964 1.661352 0.660200 -0.030675 0.749630 0.035336
0.397290 0.196809 1.661323 0.660072 -0.031510 0.749704 0.035445
0.399426 0.196142 1.661206 0.659891 -0.032436 0.749882 0.034175
0.402049 0.195926 1.660619 0.659902 -0.032384 0.749943 0.032643
0.404380 0.195462 1.659931 0.660084 -0.032367 0.749811 0.032008
0.406358 0.194941 1.659324 0.660258 -0.032404 0.749667 0.031748
0.408281 0.194699 1.659028 0.660167 -0.032760 0.749791 0.030324
0.410395 0.194452 1.659412 0.659462 -0.033341 0.750470 0.028176
0.412256 0.193889 1.659978 0.658699 -0.034270 0.751154 0.026622
0.413840 0.193255 1.660547 0.657995 -0.035202 0.751766 0.025515
0.415471 0.192817 1.661005 0.657360 -0.037527 0.752289 0.023043
0.417314 0.192501 1.661150 0.656884 -0.040302 0.752638 0.020385
0.418864 0.192253 1.661125 0.656555 -0.042018 0.752878 0.018554
0.419776 0.193131 1.660887 0.656270 -0.040863 0.753239 0.016466
0.420877 0.194108 1.660714 0.656092 -0.042379 0.753383 0.012670
0.422252 0.194804 1.660891 0.655610 -0.045007 0.753711 0.008297
0.423408 0.195342 1.661120 0.655130 -0.047054 0.754033 0.004861
0.424382 0.195622 1.661322 0.654734 -0.048849 0.754275 0.002375
0.425283 0.195321 1.661311 0.654481 -0.053145 0.754208 -0.000833
0.426442 0.195055 1.661102 0.653993 -0.058904 0.754183 -0.005560
0.427455 0.194915 1.660846 0.653594 -0.063394 0.754128 -0.009332
0.428245 0.194931 1.660618 0.653250 -0.066551 0.754111 -0.012307
0.429067 0.194892 1.660444 0.653003 -0.072414 0.753705 -0.016517
0.429926 0.195068 1.660229 0.652513 -0.080011 0.753221 -0.021999
0.430571 0.195380 1.660037 0.652032 -0.085751 0.752864 -0.026384
0.431087 0.195534 1.659921 0.651624 -0.090306 0.752568 -0.029533
0.431329 0.195789 1.659787 0.651152 -0.096521 0.752018 -0.033962
0.431362 0.196317 1.659591 0.650323 -0.103854 0.751498 -0.039300
0.431363 0.196788 1.659454 0.649516 -0.110017 0.751071 -0.043792
0.431362 0.197211 1.659348 0.648796 -0.115035 0.750714 -0.047545
0.431338 0.197824 1.659317 0.647934 -0.121843 0.750059 -0.052416
0.431364 0.198600 1.659281 0.646773 -0.130353 0.749206 -0.058167
0.431394 0.199222 1.659243 0.645662 -0.137624 0.748465 -0.063091
0.431408 0.199760 1.659215 0.644643 -0.143590 0.747856 -0.067292
0.431331 0.200538 1.659097 0.643394 -0.151750 0.746803 -0.072815
0.431244 0.201379 1.658868 0.641463 -0.162435 0.745495 -0.079858
0.431208 0.202080 1.658663 0.639741 -0.171886 0.744141 -0.086251
0.431195 0.202637 1.658457 0.638187 -0.179817 0.742947 -0.091727
0.431122 0.203413 1.658364 0.636566 -0.188961 0.741308 -0.097667
0.431067 0.204292 1.658405 0.634486 -0.199789 0.739316 -0.104510
0.431042 0.205093 1.658409 0.632593 -0.209338 0.737363 -0.110907
0.431030 0.205746 1.658409 0.630837 -0.217390 0.735676 -0.116475
0.430985 0.206720 1.658256 0.628797 -0.227014 0.733451 -0.122997
0.430880 0.207847 1.657984 0.626069 -0.238166 0.730899 -0.130769
0.430824 0.208800 1.657761 0.623648 -0.247866 0.728492 -0.137569
0.430791 0.209631 1.657509 0.621456 -0.256043 0.726361 -0.143647
0.430967 0.210642 1.657283 0.618163 -0.267418 0.723316 -0.152236
0.431100 0.211779 1.657234 0.614881 -0.278467 0.720165 -0.160437
0.431178 0.212821 1.657245 0.612006 -0.287243 0.717585 -0.167368
0.431236 0.213718 1.657297 0.609596 -0.294158 0.715488 -0.173030
0.431259 0.214923 1.657370 0.606789 -0.302763 0.712568 -0.179966
0.431270 0.216056 1.657647 0.603261 -0.312405 0.709449 -0.187515
0.431314 0.216954 1.657949 0.600520 -0.320086 0.706801 -0.193270
0.431360 0.217718 1.658191 0.598240 -0.326329 0.704548 -0.198069
0.431371 0.218880 1.658264 0.595352 -0.334017 0.701674 -0.204062
0.431318 0.220161 1.658199 0.591707 -0.342750 0.698443 -0.211148
0.431362 0.221097 1.658200 0.588661 -0.350260 0.695561 -0.216773
0.431415 0.221841 1.658187 0.586217 -0.356256 0.693161 -0.221266
0.431565 0.222963 1.658126 0.582953 -0.364272 0.689803 -0.227250
0.431555 0.223934 1.658319 0.579186 -0.372403 0.686519 -0.233558
0.431580 0.224757 1.658500 0.576132 -0.379082 0.683667 -0.238680
0.431584 0.225449 1.658665 0.573444 -0.384710 0.681211 -0.243128
0.431558 0.226177 1.658813 0.570511 -0.391101 0.678502 -0.247371
0.431354 0.226741 1.659154 0.566698 -0.398178 0.675615 -0.252687
0.431189 0.227230 1.659461 0.563796 -0.403512 0.673363 -0.256699
0.431030 0.227691 1.659727 0.561473 -0.407660 0.671543 -0.259982
0.431020 0.228361 1.660241 0.558520 -0.413464 0.668992 -0.263727
0.431024 0.228924 1.660791 0.555620 -0.419315 0.666339 -0.267307
0.430944 0.229431 1.661352 0.552927 -0.424363 0.663956 -0.270831
0.430787 0.229854 1.661982 0.550160 -0.428857 0.661814 -0.274606
0.430710 0.230385 1.662694 0.547471 -0.433438 0.659878 -0.277430
0.430582 0.230739 1.663350 0.544580 -0.438214 0.657828 -0.280469
0.430324 0.230953 1.664212 0.541158 -0.442644 0.655912 -0.284594
0.430113 0.230991 1.664959 0.538021 -0.446823 0.654077 -0.288213
0.429766 0.231259 1.665755 0.535158 -0.450664 0.652282 -0.291609
0.429342 0.231550 1.666461 0.532587 -0.454394 0.650385 -0.294749
0.428955 0.231567 1.667133 0.529774 -0.458092 0.648579 -0.298053
0.428622 0.231716 1.667712 0.527775 -0.460596 0.647295 -0.300522
0.428064 0.231672 1.668366 0.525593 -0.462368 0.646843 -0.302591
0.427555 0.231604 1.668893 0.523800 -0.463501 0.646742 -0.304179
0.427149 0.231612 1.669238 0.522546 -0.464343 0.646662 -0.305220
0.426808 0.231600 1.669518 0.521515 -0.464919 0.646684 -0.306060
0.426088 0.231346 1.670569 0.520173 -0.464511 0.647748 -0.306712
0.425481 0.230830 1.671840 0.518756 -0.464322 0.648812 -0.307150
0.425027 0.230268 1.672938 0.517442 -0.464296 0.649695 -0.307536
0.424661 0.229757 1.673887 0.516451 -0.464105 0.650576 -0.307629
0.424040 0.229315 1.675007 0.517478 -0.461017 0.653419 -0.304505
0.423392 0.229163 1.675968 0.518236 -0.458203 0.655846 -0.302239
0.422815 0.229176 1.676744 0.518854 -0.455816 0.657810 -0.300517
0.422287 0.229237 1.677387 0.519598 -0.453542 0.659609 -0.298718
0.420917 0.228843 1.678143 0.522283 -0.448476 0.663771 -0.292400
0.419495 0.228854 1.678659 0.524405 -0.443940 0.667238 -0.287593
0.418238 0.229110 1.679030 0.526156 -0.440054 0.670025 -0.283865
0.417116 0.229415 1.679347 0.527848 -0.436474 0.672510 -0.280352
0.415208 0.229714 1.679746 0.531203 -0.430333 0.676891 -0.272867
0.413235 0.230692 1.679887 0.534062 -0.424488 0.680552 -0.267277
0.411451 0.231923 1.679936 0.536461 -0.419333 0.683507 -0.263036
0.409827 0.233073 1.680025 0.538752 -0.414518 0.686208 -0.258917
0.407193 0.233704 1.680878 0.542348 -0.407048 0.691058 -0.250219
0.404520 0.234771 1.681860 0.544910 -0.400344 0.695139 -0.244086
0.402127 0.235985 1.682786 0.546828 -0.394637 0.698442 -0.239623
0.399948 0.237046 1.683679 0.548613 -0.389409 0.701459 -0.235244
0.396497 0.237651 1.685069 0.551314 -0.381599 0.706478 -0.226549
0.393051 0.238910 1.686348 0.553298 -0.374296 0.710774 -0.220370
