0.620000 0.927516 1.088238
0.623076 0.927499 1.088237
0.626151 0.927452 1.088236
0.629226 0.927373 1.088235
0.629227 0.927371 1.088233
0.632301 0.927262 1.088232
0.635373 0.927122 1.088231
0.638444 0.926951 1.088230
0.641513 0.926750 1.088228
0.644580 0.926518 1.088227
0.647645 0.926255 1.088226
0.650706 0.925961 1.088225
0.653765 0.925637 1.088223
0.656820 0.925283 1.088222
0.659872 0.924898 1.088221
0.662919 0.924482 1.088220
0.666280 0.926137 1.089085
0.669908 0.929183 1.086847
0.673598 0.932164 1.084573
0.677079 0.933596 1.077519
0.680566 0.934846 1.070433
0.684053 0.935910 1.063319
0.687537 0.936791 1.056180
0.691013 0.937486 1.049018
0.694474 0.937998 1.041838
0.697918 0.938327 1.034641
0.701337 0.938472 1.027431
0.704729 0.938435 1.020211
0.708088 0.938216 1.012985
0.711409 0.937818 1.005754
0.714688 0.937240 0.998523
0.717920 0.936484 0.991294
0.721100 0.935552 0.984070
0.724223 0.934445 0.976855
0.727286 0.933164 0.969651
0.730283 0.931713 0.962461
0.733211 0.930093 0.955289
0.736065 0.928307 0.948139
0.738841 0.926358 0.941012
0.741535 0.924247 0.933912
0.744143 0.921978 0.926842
0.746661 0.919552 0.919804
0.749084 0.916973 0.912803
0.751410 0.914243 0.905840
0.753635 0.911366 0.898918
0.755754 0.908345 0.892041
0.757764 0.905183 0.885211
0.759663 0.901884 0.878432
0.761446 0.898451 0.871706
0.763110 0.894888 0.865035
0.764653 0.891199 0.858423
0.766072 0.887387 0.851873
0.767363 0.883457 0.845387
0.769989 0.881971 0.845387
0.772600 0.880458 0.845387
0.775196 0.878920 0.845387
0.777776 0.877356 0.845387
0.781557 0.877707 0.845517
0.785360 0.878008 0.845671
0.789185 0.878257 0.845847
0.793029 0.878453 0.846046
0.796338 0.877785 0.843140
0.799635 0.877053 0.840220
0.803522 0.877105 0.840442
0.807426 0.877102 0.840687
0.811348 0.877045 0.840955
0.815285 0.876932 0.841245
0.816625 0.873393 0.837859
0.817891 0.869828 0.834494
0.819084 0.866237 0.831149
0.820204 0.862621 0.827824
0.824083 0.862347 0.828137
0.827974 0.862018 0.828473
0.831877 0.861632 0.828832
0.833374 0.863330 0.829213
0.834862 0.865031 0.829617
0.838799 0.864556 0.830043
0.842750 0.864019 0.830492
0.846708 0.863425 0.830963
0.848241 0.865061 0.831457
0.849764 0.866699 0.831974
0.851283 0.868333 0.832512
0.852798 0.869964 0.833073
0.854310 0.871589 0.833656
0.855817 0.873211 0.834261
0.857320 0.874828 0.834888
0.858819 0.876441 0.835538
0.860313 0.878048 0.836209
0.861803 0.879651 0.836902
0.863287 0.881249 0.837617
0.864767 0.882841 0.838354
0.866242 0.884428 0.839113
0.867711 0.886009 0.839893
0.869175 0.887585 0.840695
0.870633 0.889154 0.841518
0.872086 0.890718 0.842362
0.870639 0.889162 0.839059
0.869167 0.887584 0.835777
0.867673 0.885982 0.832517
0.866156 0.884357 0.829279
0.864618 0.882708 0.826063
0.863058 0.881035 0.822870
0.861476 0.879339 0.819700
0.859873 0.877620 0.816553
0.858248 0.875878 0.813430
0.856602 0.874113 0.810331
0.854936 0.872325 0.807257
0.853248 0.870515 0.804206
0.851539 0.868683 0.801181
0.849811 0.866829 0.798181
0.847043 0.863859 0.791867
0.844192 0.860800 0.785647
0.842364 0.858838 0.782777
0.839051 0.855280 0.779132
0.839050 0.855281 0.779132
0.839048 0.855282 0.779132
0.839047 0.855283 0.779132
0.839046 0.855283 0.779132
0.840510 0.856859 0.779934
0.841969 0.858428 0.780757
0.843421 0.859992 0.781601
0.844868 0.861549 0.782467
0.846309 0.863100 0.783354
0.847743 0.864644 0.784262
0.849172 0.866182 0.785192
0.849513 0.866552 0.782765
0.849838 0.866905 0.780334
0.850147 0.867240 0.777898
0.850438 0.867557 0.775458
0.850713 0.867856 0.773014
0.850972 0.868137 0.770565
0.851214 0.868401 0.768113
0.851439 0.868646 0.765658
0.851647 0.868874 0.763199
0.850409 0.867546 0.759808
0.850407 0.867547 0.759808
0.850406 0.867549 0.759808
0.850404 0.867550 0.759808
0.850403 0.867551 0.759808
0.850401 0.867553 0.759808
0.850400 0.867554 0.759808
0.850398 0.867555 0.759808
0.851826 0.869093 0.760737
0.852000 0.869285 0.758273
0.850728 0.867922 0.754876
0.849433 0.866535 0.751499
0.850866 0.868080 0.752407
0.852294 0.869619 0.753337
0.850988 0.868220 0.749936
0.849658 0.866797 0.746555
0.849656 0.866799 0.746555
0.849654 0.866800 0.746555
0.849652 0.866802 0.746555
0.849650 0.866804 0.746555
0.849648 0.866805 0.746555
0.849646 0.866807 0.746555
0.849644 0.866809 0.746555
0.849642 0.866811 0.746555
0.849620 0.866823 0.746552
0.849592 0.866836 0.746547
0.849565 0.866847 0.746542
0.849562 0.866850 0.746542
0.850883 0.868280 0.749922
0.852182 0.869685 0.753322
0.853458 0.871065 0.756741
0.854711 0.872420 0.760179
0.855940 0.873749 0.763635
0.857147 0.875053 0.767108
0.861704 0.879977 0.774269
0.866168 0.884787 0.781596
0.870531 0.889488 0.789085
0.874789 0.894077 0.796733
0.878940 0.898550 0.804538
0.882982 0.902907 0.812495
0.886912 0.907143 0.820602
0.890729 0.911257 0.828856
0.894429 0.915247 0.837253
0.898012 0.919109 0.845789
0.901474 0.922843 0.854461
0.904814 0.926445 0.863265
0.906853 0.928644 0.870690
0.908796 0.930742 0.878189
0.910644 0.932736 0.885758
0.912394 0.934625 0.893396
0.914046 0.936409 0.901098
0.915599 0.938086 0.908863
0.917052 0.939656 0.916687
0.918404 0.941117 0.924568
0.919654 0.942468 0.932503
0.920801 0.943709 0.940488
0.921845 0.944839 0.948522
0.922785 0.945856 0.956600
0.923620 0.946761 0.964721
0.924349 0.947552 0.972880
0.924972 0.948229 0.981076
0.925489 0.948792 0.989304
0.925898 0.949238 0.997562
0.926199 0.949569 1.005847
0.926392 0.949784 1.014155
0.926477 0.949882 1.022484
0.926452 0.949862 1.030830
0.926318 0.949726 1.039190
0.926074 0.949471 1.047562
0.925721 0.949098 1.055941
0.925257 0.948607 1.064325
0.924683 0.947997 1.072711
0.923999 0.947268 1.081095
0.923204 0.946421 1.089474
0.922299 0.945456 1.097845
0.921283 0.944371 1.106205
0.920157 0.943168 1.114551
0.918921 0.941847 1.122879
0.917574 0.940407 1.131186
0.916117 0.938848 1.139470
0.914551 0.937172 1.147726
0.912875 0.935379 1.155952
0.911090 0.933468 1.164145
0.909197 0.931440 1.172301
0.907194 0.929296 1.180417
0.907193 0.929297 1.180417
0.904084 0.932155 1.180416
0.900946 0.934982 1.180415
0.899331 0.939547 1.176182
0.897625 0.944078 1.171926
0.894369 0.946839 1.171924
0.891085 0.949568 1.171923
0.888089 0.952662 1.177827
0.885022 0.955682 1.183736
0.881245 0.957799 1.187607
0.877428 0.959842 1.191471
0.873574 0.961813 1.195328
0.869683 0.963709 1.199178
0.865758 0.965530 1.203019
0.861799 0.967275 1.206853
0.857711 0.968794 1.204821
0.853606 0.970249 1.202799
0.850089 0.972569 1.202797
0.846550 0.974853 1.202796
0.842987 0.977102 1.202795
0.839403 0.979315 1.202794
0.835797 0.981492 1.202793
0.832168 0.983633 1.202791
0.828519 0.985738 1.202790
0.824849 0.987805 1.202789
0.821158 0.989836 1.202788
0.817448 0.991831 1.202787
0.813717 0.993787 1.202785
0.809967 0.995707 1.202784
0.806198 0.997588 1.202783
0.802411 0.999432 1.202782
0.798605 1.001238 1.202781
0.794781 1.003006 1.202779
0.790940 1.004736 1.202778
0.787081 1.006427 1.202777
0.783206 1.008079 1.202776
0.779315 1.009692 1.202775
0.775408 1.011266 1.202773
0.771485 1.012802 1.202772
0.767547 1.014298 1.202771
0.763594 1.015754 1.202770
0.759627 1.017171 1.202769
0.755646 1.018548 1.202767
0.751651 1.019885 1.202766
0.747643 1.021182 1.202765
0.743622 1.022439 1.202764
0.739589 1.023655 1.202763
0.739518 1.023407 1.196918
0.739429 1.023102 1.191076
0.739426 1.023102 1.191074
0.739097 1.022001 1.189086
0.738762 1.020881 1.187109
0.734418 1.020907 1.185145
0.730080 1.020867 1.183192
0.725750 1.020761 1.181251
0.721428 1.020590 1.179323
0.717115 1.020355 1.177407
0.712812 1.020055 1.175504
0.708522 1.019690 1.173614
0.704244 1.019261 1.171738
0.699979 1.018769 1.169874
0.695729 1.018213 1.168024
0.691495 1.017594 1.166188
0.687278 1.016912 1.164366
0.683079 1.016168 1.162557
0.678899 1.015362 1.160763
0.674739 1.014495 1.158984
0.670599 1.013566 1.157219
0.666482 1.012577 1.155469
0.662387 1.011528 1.153734
0.658316 1.010418 1.152014
0.654270 1.009250 1.150309
0.650250 1.008023 1.148619
0.646257 1.006738 1.146946
0.642291 1.005396 1.145288
0.638354 1.003997 1.143646
0.634447 1.002541 1.142020
0.630570 1.001029 1.140411
0.626724 0.999463 1.138818
0.626720 0.999462 1.138817
0.626716 0.999462 1.138816
0.626681 0.997793 1.137240
0.626645 0.996108 1.135680
0.626609 0.994408 1.134138
0.626573 0.992692 1.132612
0.626536 0.990961 1.131104
0.626499 0.989216 1.129613
0.622787 0.987501 1.128140
0.619110 0.985735 1.126684
0.615468 0.983918 1.125246
0.615484 0.982114 1.123826
0.615500 0.980295 1.122425
0.619101 0.978490 1.121041
0.622665 0.976635 1.119676
0.622644 0.974775 1.118329
0.622623 0.972902 1.117002
0.622602 0.971016 1.115693
0.622581 0.969117 1.114402
0.622560 0.967205 1.113131
0.622538 0.965281 1.111880
0.622516 0.963344 1.110647
0.622494 0.961395 1.109434
0.622472 0.959433 1.108240
0.622450 0.957460 1.107067
0.622428 0.955476 1.105912
0.622406 0.953480 1.104778
0.622383 0.951472 1.103664
0.622361 0.949454 1.102570
0.622338 0.947425 1.101496
0.622315 0.945385 1.100443
0.622292 0.943335 1.099410
0.622269 0.941274 1.098398
0.622246 0.939204 1.097406
0.622223 0.937123 1.096435
0.622199 0.935033 1.095485
0.622176 0.932934 1.094556
0.622152 0.930826 1.093648
0.622129 0.928708 1.092761
0.622105 0.926582 1.091895
