0.609170 0.972160 1.021430
0.612735 0.969072 1.020677
0.616237 0.965957 1.019891
0.619676 0.962815 1.019074
0.623052 0.959647 1.018225
0.626364 0.956455 1.017345
0.629723 0.956374 1.017345
0.629699 0.955614 1.020706
0.629671 0.954820 1.024059
0.626304 0.954073 1.027404
0.622951 0.953258 1.030741
0.619614 0.952376 1.034068
0.619592 0.949289 1.033001
0.619570 0.946213 1.031903
0.619567 0.945307 1.035160
0.619563 0.944369 1.038408
0.619577 0.945425 1.046095
0.619591 0.946315 1.053832
0.619587 0.945190 1.057090
0.619584 0.944033 1.060335
0.619580 0.942843 1.063569
0.619577 0.941621 1.066791
0.619573 0.940367 1.070001
0.619570 0.939081 1.073198
0.619567 0.937762 1.076381
0.619564 0.936412 1.079552
0.619560 0.935031 1.082708
0.619557 0.933618 1.085851
0.619554 0.932173 1.088980
0.619551 0.930697 1.092093
0.619548 0.929191 1.095192
0.619545 0.927653 1.098276
0.619542 0.926085 1.101344
0.619537 0.926084 1.101344
0.619530 0.927652 1.098275
0.619542 0.930482 1.099904
0.619554 0.933327 1.101506
0.622727 0.936177 1.103079
0.625957 0.939011 1.104624
0.629245 0.941826 1.106139
0.632590 0.944622 1.107626
0.632717 0.947541 1.109083
0.632845 0.950475 1.110511
0.632974 0.953423 1.111910
0.636466 0.956237 1.113279
0.636625 0.959211 1.114618
0.636785 0.962198 1.115928
0.636945 0.965198 1.117207
0.637106 0.968210 1.118456
0.637267 0.971235 1.119676
0.637428 0.974273 1.120864
0.637590 0.977321 1.122023
0.637752 0.980381 1.123150
0.637915 0.983453 1.124247
0.638078 0.986535 1.125314
0.638242 0.989627 1.126349
0.638406 0.992730 1.127353
0.638570 0.995843 1.128326
0.638734 0.998965 1.129268
0.638899 1.002097 1.130178
0.639064 1.005237 1.131057
0.639229 1.008386 1.131905
0.639395 1.011544 1.132721
0.639560 1.014709 1.133505
0.639726 1.017882 1.134258
0.639892 1.021062 1.134978
0.640058 1.024250 1.135667
0.640224 1.027444 1.136324
0.640390 1.030645 1.136949
0.640555 1.033851 1.137541
0.640721 1.037064 1.138102
0.640887 1.040282 1.138630
0.641052 1.043505 1.139126
0.641217 1.046732 1.139589
0.641381 1.049965 1.140020
0.641545 1.053201 1.140419
0.641708 1.056441 1.140785
0.641871 1.059685 1.141118
0.642033 1.062932 1.141419
0.642193 1.066182 1.141688
0.642353 1.069434 1.141923
0.642563 1.073517 1.138288
0.642765 1.077563 1.134611
0.642965 1.081571 1.130894
0.643161 1.085543 1.127136
0.643354 1.089477 1.123339
0.643544 1.093372 1.119502
0.643731 1.097229 1.115627
0.643914 1.101048 1.111713
0.644093 1.104827 1.107761
0.644269 1.108566 1.103771
0.644441 1.112265 1.099743
0.644609 1.115924 1.095679
0.644774 1.119542 1.091578
0.644935 1.123119 1.087441
0.645092 1.126654 1.083268
0.645246 1.130148 1.079060
0.645396 1.133599 1.074817
0.645543 1.137008 1.070540
0.645687 1.140373 1.066228
0.645827 1.143696 1.061883
0.645965 1.146975 1.057505
0.646100 1.150209 1.053094
0.646233 1.153400 1.048651
0.646363 1.156546 1.044176
0.646492 1.159647 1.039669
0.646619 1.162703 1.035132
0.646744 1.165713 1.030564
0.646869 1.168677 1.025966
0.646876 1.169476 1.020465
0.646879 1.170221 1.014955
0.646997 1.173045 1.010269
0.647118 1.175822 1.005556
0.647241 1.178552 1.000816
0.647366 1.181235 0.996048
0.647492 1.183869 0.991254
0.647619 1.186455 0.986433
0.647628 1.186858 0.980755
0.647636 1.187202 0.975073
0.647644 1.187490 0.969388
0.647652 1.187721 0.963701
0.647661 1.187895 0.958011
0.647728 1.187890 0.958009
0.647766 1.187887 0.958007
0.647789 1.187885 0.958006
0.647853 1.187701 0.963689
0.647881 1.187464 0.969370
0.647888 1.187170 0.975049
0.647881 1.186820 0.980725
0.647865 1.186413 0.986396
0.647841 1.185949 0.992063
0.647808 1.185430 0.997725
0.647769 1.184855 1.003383
0.647723 1.184224 1.009033
0.647671 1.183536 1.014678
0.647613 1.182792 1.020315
0.647549 1.181992 1.025944
0.647479 1.181136 1.031565
0.647405 1.180224 1.037177
0.647325 1.179257 1.042779
0.643986 1.178392 1.048395
0.639276 1.177495 1.053986
0.633956 1.174434 1.054534
0.628391 1.169295 1.053963
0.622821 1.164086 1.053379
0.620828 1.158800 1.052758
0.620088 1.153501 1.052141
0.619799 1.148189 1.051519
0.619664 1.142865 1.050887
0.619580 1.137528 1.050244
0.619514 1.132179 1.049590
0.619455 1.126818 1.048924
0.619398 1.121445 1.048247
0.619344 1.116062 1.047559
0.619292 1.110668 1.046859
0.619242 1.105265 1.046148
0.619195 1.099852 1.045426
0.619149 1.094431 1.044693
0.619106 1.089001 1.043949
0.619064 1.083564 1.043194
0.619025 1.078120 1.042428
0.618987 1.072669 1.041651
0.618951 1.067213 1.040864
0.618917 1.061750 1.040066
0.618885 1.056283 1.039258
0.618854 1.050812 1.038439
0.618824 1.045337 1.037609
0.618796 1.039858 1.036769
0.618769 1.034377 1.035919
0.618743 1.028894 1.035059
0.618718 1.023409 1.034189
0.618693 1.017923 1.033309
0.618670 1.012437 1.032419
0.618647 1.006950 1.031519
0.618625 1.001464 1.030609
0.618602 0.995979 1.029690
0.618580 0.990496 1.028761
0.618570 0.987285 1.028167
0.618561 0.984079 1.027541
0.618551 0.980880 1.026883
0.618541 0.977687 1.026193
0.618531 0.974502 1.025472
0.618522 0.971324 1.024718
0.618512 0.968153 1.023932
0.618502 0.964990 1.023115
0.618492 0.961835 1.022266
0.618483 0.958689 1.021386
0.618473 0.955552 1.020474
0.618464 0.952423 1.019530
0.618455 0.949303 1.018556
0.618455 0.948530 1.021844
0.618455 0.947723 1.025124
0.618466 0.949089 1.032759
0.618468 0.948173 1.036044
0.618469 0.947225 1.039320
0.618471 0.946243 1.042587
0.618472 0.945229 1.045843
0.618474 0.944183 1.049089
0.618476 0.943104 1.052325
0.618478 0.941993 1.055549
0.618480 0.940850 1.058762
0.618482 0.939674 1.061964
0.618485 0.938467 1.065153
0.618487 0.937228 1.068331
0.618489 0.935957 1.071496
0.618492 0.934655 1.074648
0.618494 0.933321 1.077786
0.618497 0.931956 1.080912
0.618499 0.930559 1.084023
0.618502 0.929132 1.087120
0.618504 0.927673 1.090203
0.618507 0.926184 1.093271
0.618510 0.924665 1.096324
