0.619261 0.940007 1.092981
0.619252 0.942926 1.094445
0.619243 0.945859 1.095880
0.619234 0.948806 1.097286
0.619225 0.951767 1.098662
0.619217 0.954742 1.100009
0.619208 0.957730 1.101325
0.619199 0.960732 1.102612
0.619190 0.963745 1.103869
0.619181 0.966772 1.105095
0.622670 0.969801 1.106291
0.626218 0.972812 1.107456
0.629829 0.975792 1.108591
0.633501 0.978747 1.109695
0.633616 0.981829 1.110769
0.633731 0.984921 1.111811
0.633847 0.988023 1.112823
0.633962 0.991136 1.113803
0.634079 0.994258 1.114753
0.634195 0.997389 1.115671
0.634312 1.000530 1.116558
0.634429 1.003679 1.117413
0.634547 1.006837 1.118236
0.634665 1.010002 1.119028
0.634783 1.013176 1.119788
0.634901 1.016356 1.120517
0.635020 1.019544 1.121213
0.635138 1.022739 1.121878
0.635257 1.025940 1.122510
0.635408 1.029860 1.119248
0.635556 1.033746 1.115947
0.635703 1.037599 1.112607
0.635848 1.041419 1.109229
0.635991 1.045204 1.105812
0.636132 1.048955 1.102358
0.636272 1.052672 1.098867
0.636409 1.056353 1.095338
0.636544 1.059999 1.091772
0.636677 1.063610 1.088171
0.636808 1.067184 1.084533
0.636936 1.070721 1.080859
0.637061 1.074222 1.077151
0.637184 1.077685 1.073407
0.637304 1.081111 1.069629
0.637421 1.084499 1.065817
0.637535 1.087848 1.061970
0.637627 1.091111 1.062017
0.637728 1.094374 1.062032
0.637829 1.097637 1.062015
0.637928 1.100900 1.061964
0.638047 1.104211 1.057955
0.638151 1.107481 1.053911
0.638249 1.110710 1.049835
0.638344 1.113899 1.045727
0.638416 1.117155 1.045511
0.638499 1.120409 1.045265
0.638583 1.123660 1.044985
0.638667 1.126909 1.044673
0.638771 1.130046 1.040405
0.638859 1.133139 1.036103
0.638941 1.136189 1.031770
0.639018 1.139195 1.027407
0.639093 1.142158 1.023014
0.639166 1.145077 1.018592
0.639236 1.147951 1.014140
0.639305 1.150781 1.009660
0.639363 1.153987 1.009054
0.639431 1.157188 1.008418
0.639514 1.159961 1.003848
0.639589 1.162687 0.999248
0.639661 1.165366 0.994621
0.639728 1.168537 0.993855
0.639805 1.171701 0.993059
0.639888 1.174858 0.992232
0.639974 1.177468 0.987486
0.640056 1.180028 0.982711
0.640137 1.182540 0.977910
0.640219 1.185004 0.973084
0.640303 1.187419 0.968234
0.640388 1.189786 0.963360
0.640393 1.189958 0.957654
0.640398 1.190071 0.951945
0.640405 1.190128 0.946236
0.640413 1.190127 0.940527
0.640423 1.190069 0.934818
0.640435 1.189954 0.929110
0.640446 1.189782 0.923403
0.640459 1.189553 0.917699
0.640474 1.189266 0.911997
0.640491 1.188923 0.906298
0.640508 1.188522 0.900603
0.640525 1.188064 0.894913
0.640543 1.187549 0.889227
0.640561 1.186978 0.883547
0.640579 1.186349 0.877873
0.640694 1.186343 0.877870
0.640768 1.186339 0.877869
0.640824 1.186335 0.877867
0.640966 1.186951 0.883535
0.641063 1.187513 0.889210
0.641139 1.188019 0.894890
0.641205 1.188469 0.900576
0.641263 1.188862 0.906265
0.641316 1.189198 0.911959
0.641364 1.189477 0.917655
0.641408 1.189700 0.923354
0.641446 1.189866 0.929055
0.641479 1.189975 0.934757
0.641507 1.190027 0.940460
0.641529 1.190022 0.946163
0.641545 1.189960 0.951866
0.641556 1.189842 0.957568
0.641561 1.189667 0.963269
0.641560 1.189435 0.968967
0.641454 1.186321 0.969948
0.641337 1.183198 0.970896
0.641127 1.177925 0.970981
0.640909 1.172637 0.971057
0.640687 1.167333 0.971124
0.640460 1.162012 0.971181
0.640229 1.156677 0.971228
0.639995 1.151326 0.971265
0.639759 1.145961 0.971292
0.639520 1.140582 0.971309
0.639280 1.135190 0.971316
0.639037 1.129785 0.971314
0.638794 1.124367 0.971301
0.638549 1.118938 0.971278
0.638304 1.113497 0.971245
0.638059 1.108046 0.971203
0.637814 1.102584 0.971150
0.637569 1.097113 0.971088
0.637324 1.091632 0.971015
0.637081 1.086143 0.970933
0.636838 1.080646 0.970840
0.636597 1.075141 0.970738
0.636358 1.069629 0.970626
0.636119 1.064111 0.970504
0.635883 1.058587 0.970372
0.635648 1.053058 0.970230
0.635415 1.047524 0.970078
0.635183 1.041986 0.969917
0.634954 1.036444 0.969745
0.634726 1.030899 0.969564
0.634500 1.025351 0.969373
0.634275 1.019802 0.969173
0.634052 1.014251 0.968962
0.633831 1.008699 0.968742
0.633611 1.003147 0.968512
0.633392 0.997595 0.968273
0.633175 0.992044 0.968023
0.632959 0.986494 0.967765
0.632744 0.980946 0.967496
0.632530 0.975401 0.967218
0.632317 0.969858 0.966930
0.632105 0.964319 0.966633
0.632099 0.964320 0.966633
0.628715 0.964423 0.966635
0.625269 0.964493 0.966635
0.621819 0.964275 0.970079
0.618373 0.963987 0.973520
0.614931 0.963954 0.973520
0.614890 0.963630 0.976957
0.614892 0.963273 0.980392
0.614894 0.962882 0.983823
0.614936 0.959663 0.983287
0.614976 0.956448 0.982717
0.615017 0.953238 0.982116
0.618347 0.952361 0.981551
0.618354 0.952361 0.981551
0.618353 0.952361 0.981551
0.618351 0.952361 0.981551
0.618349 0.951959 0.984872
0.618348 0.951523 0.988190
0.618336 0.953729 0.995572
0.618325 0.955779 1.003028
0.618324 0.955164 1.006384
0.618320 0.956792 1.010007
0.618316 0.958377 1.013691
0.618316 0.957652 1.017071
0.618315 0.956892 1.020442
0.618315 0.956099 1.023806
0.618315 0.955272 1.027162
0.618315 0.954412 1.030510
0.618315 0.953518 1.033848
0.618316 0.952591 1.037178
0.618317 0.951631 1.040498
0.618318 0.950637 1.043808
0.618319 0.949611 1.047108
0.618320 0.948551 1.050398
0.618321 0.947459 1.053677
0.618323 0.946334 1.056945
0.618324 0.945176 1.060201
0.618326 0.943986 1.063446
0.618327 0.942763 1.066678
0.618329 0.941508 1.069898
0.618330 0.940222 1.073106
0.618332 0.938903 1.076300
0.618334 0.937552 1.079481
0.618335 0.936169 1.082649
0.618337 0.934755 1.085802
0.618339 0.933310 1.088941
0.618340 0.931833 1.092065
0.618342 0.930325 1.095175
0.618344 0.928786 1.098269
0.618346 0.927216 1.101347
0.618347 0.927214 1.101346
0.615276 0.927180 1.101344
0.612205 0.927116 1.101343
0.609135 0.927021 1.101341
0.606003 0.928462 1.098260
0.602768 0.931127 1.099896
0.599478 0.933773 1.101503
0.596132 0.936400 1.103082
0.592730 0.939007 1.104632
0.589273 0.941593 1.106153
0.585760 0.944156 1.107645
0.582190 0.946696 1.109109
0.578565 0.949211 1.110543
0.574884 0.951700 1.111948
0.571147 0.954162 1.113323
0.567299 0.956953 1.119002
0.563402 0.959626 1.124754
0.560008 0.959044 1.124756
0.556621 0.958426 1.124755
0.553241 0.957774 1.124753
0.549868 0.957088 1.124752
0.546125 0.958129 1.121298
0.542087 0.960286 1.122614
0.537995 0.962409 1.123900
0.533850 0.964496 1.125155
0.529653 0.966546 1.126380
0.525402 0.968557 1.127575
0.521100 0.970530 1.128739
0.516746 0.972461 1.129873
0.512340 0.974352 1.130976
0.511804 0.976135 1.127264
0.507710 0.976777 1.123532
0.503603 0.977336 1.119781
0.499486 0.977813 1.116013
0.495359 0.978207 1.112227
0.491226 0.978519 1.108425
0.487086 0.978747 1.104606
0.482943 0.978893 1.100770
0.478210 0.980446 1.101593
0.473429 0.981947 1.102384
0.468602 0.983395 1.103143
0.463728 0.984790 1.103870
0.458808 0.986129 1.104565
0.453843 0.987412 1.105229
0.448833 0.988639 1.105860
0.443780 0.989807 1.106460
