0.620088 0.885202 1.157115
0.622680 0.883035 1.159758
0.625235 0.880815 1.162376
0.627745 0.878544 1.164971
0.630208 0.876223 1.167545
0.632625 0.873854 1.170096
0.634993 0.871436 1.172624
0.637312 0.868972 1.175129
0.639580 0.866463 1.177612
0.641798 0.863908 1.180070
0.643964 0.861310 1.182505
0.646371 0.861058 1.182504
0.648775 0.860782 1.182502
0.651175 0.860482 1.182500
0.653573 0.860158 1.182499
0.655968 0.859811 1.182497
0.658358 0.859439 1.182495
0.660745 0.859044 1.182494
0.663128 0.858625 1.182492
0.665506 0.858182 1.182490
0.667880 0.857715 1.182488
0.670249 0.857225 1.182487
0.672613 0.856711 1.182485
0.674972 0.856173 1.182483
0.677326 0.855612 1.182482
0.680292 0.857329 1.180044
0.680841 0.859437 1.182465
0.683790 0.860955 1.184875
0.686793 0.862454 1.187258
0.689838 0.863940 1.189619
0.692927 0.865411 1.191957
0.696060 0.866867 1.194272
0.699236 0.868306 1.196564
0.702456 0.869728 1.198832
0.705720 0.871131 1.201076
0.709028 0.872514 1.203297
0.712385 0.873876 1.205494
0.715787 0.875216 1.207667
0.719233 0.876532 1.209815
0.722723 0.877824 1.211939
0.726257 0.879092 1.214037
0.729836 0.880333 1.216110
0.733458 0.881547 1.218158
0.737125 0.882733 1.220180
0.740835 0.883889 1.222177
0.744589 0.885014 1.224147
0.748386 0.886109 1.226091
0.752226 0.887170 1.228008
0.756110 0.888198 1.229899
0.760035 0.889192 1.231763
0.764002 0.890150 1.233600
0.768011 0.891071 1.235411
0.772063 0.891955 1.237193
0.776156 0.892799 1.238948
0.780290 0.893603 1.240676
0.784465 0.894365 1.242375
0.788680 0.895086 1.244046
0.792936 0.895762 1.245688
0.797232 0.896393 1.247302
0.801567 0.896979 1.248887
0.805940 0.897518 1.250444
0.810350 0.898010 1.251971
0.814798 0.898453 1.253469
0.819393 0.898987 1.250057
0.824001 0.899421 1.246607
0.828616 0.899764 1.243127
0.830439 0.902124 1.239618
0.832228 0.904464 1.236078
0.833995 0.906777 1.232509
0.835740 0.909060 1.228911
0.837464 0.911314 1.225283
0.839165 0.913539 1.221628
0.840844 0.915735 1.217945
0.842500 0.917902 1.214234
0.844346 0.920329 1.215367
0.846196 0.922773 1.216476
0.848052 0.925226 1.217555
0.852959 0.925387 1.218600
0.857919 0.925474 1.219617
0.859641 0.927619 1.215735
0.861326 0.929733 1.211815
0.862985 0.931817 1.207868
0.864620 0.933869 1.203895
0.866230 0.935891 1.199896
0.867815 0.937881 1.195871
0.869375 0.939840 1.191822
0.870909 0.941767 1.187747
0.872417 0.943662 1.183648
0.873897 0.945526 1.179523
0.875350 0.947358 1.175376
0.876777 0.949157 1.171205
0.878178 0.950924 1.167011
0.879555 0.952657 1.162797
0.880907 0.954357 1.158560
0.885511 0.953436 1.154300
0.890159 0.952373 1.150021
0.894785 0.951218 1.145721
0.896173 0.952668 1.141405
0.897438 0.954161 1.137066
0.898671 0.955623 1.132707
0.899876 0.957054 1.128330
0.901051 0.958451 1.123934
0.902197 0.959814 1.119521
0.903314 0.961145 1.115089
0.904402 0.962442 1.110641
0.904399 0.962444 1.110641
0.904393 0.962449 1.110640
0.904387 0.962454 1.110640
0.900074 0.963803 1.115088
0.895527 0.965230 1.119513
0.890940 0.966576 1.123921
0.886327 0.967830 1.128310
0.881691 0.968990 1.132681
0.877034 0.970057 1.137033
0.872356 0.971030 1.141366
0.867661 0.971910 1.145678
0.862949 0.972694 1.149971
0.858223 0.973385 1.154243
0.853483 0.973980 1.158493
0.848733 0.974481 1.162722
0.843973 0.974887 1.166929
0.839205 0.975196 1.171113
0.834432 0.975411 1.175273
0.829656 0.975529 1.179410
0.824878 0.975552 1.183524
0.820101 0.975480 1.187613
0.815327 0.975312 1.191678
0.810556 0.975049 1.195718
0.805792 0.974691 1.199732
0.801036 0.974237 1.203721
0.796289 0.973689 1.207684
0.791554 0.973046 1.211620
0.786833 0.972308 1.215530
0.782127 0.971477 1.219412
0.777314 0.970261 1.218390
0.772549 0.968991 1.217334
0.767830 0.967669 1.216246
0.763157 0.966299 1.215128
0.758530 0.964880 1.213979
0.753951 0.963415 1.212800
0.749420 0.961904 1.211591
0.744937 0.960349 1.210351
0.740502 0.958749 1.209080
0.736117 0.957108 1.207780
0.731781 0.955425 1.206450
0.727495 0.953702 1.205091
0.723258 0.951941 1.203701
0.719073 0.950142 1.202283
0.714938 0.948306 1.200834
0.710853 0.946434 1.199357
0.706820 0.944528 1.197850
0.702839 0.942590 1.196315
0.698908 0.940619 1.194751
0.695030 0.938618 1.193159
0.691203 0.936587 1.191538
0.687429 0.934527 1.189888
0.684280 0.935184 1.189887
0.681126 0.935809 1.189884
0.677966 0.936403 1.189882
0.674799 0.936965 1.189880
0.671628 0.937495 1.189877
0.668451 0.937993 1.189875
0.665269 0.938460 1.189873
0.662083 0.938895 1.189870
0.658893 0.939298 1.189868
0.655699 0.939669 1.189866
0.652501 0.940008 1.189863
0.649300 0.940315 1.189861
0.646097 0.940591 1.189859
0.642876 0.940466 1.184981
0.639658 0.940261 1.180107
0.636443 0.939975 1.175238
0.633233 0.939608 1.170374
0.630030 0.939160 1.165515
0.626836 0.938632 1.160662
0.623653 0.938023 1.155815
0.620482 0.937333 1.150975
0.617325 0.936564 1.146142
0.614184 0.935715 1.141318
0.611029 0.935639 1.141316
0.607874 0.935532 1.141314
0.607874 0.935531 1.141312
0.607917 0.934677 1.136496
0.611098 0.933880 1.131689
0.614264 0.933004 1.126891
0.614290 0.932005 1.122103
0.614317 0.930958 1.117325
0.614345 0.929864 1.112557
0.614373 0.928722 1.107801
0.614402 0.927533 1.103057
0.614431 0.926296 1.098324
0.614460 0.925012 1.093605
0.614490 0.923682 1.088899
0.614520 0.922304 1.084206
