0.620000 0.932724 1.100650
0.620001 0.933952 1.105411
0.620002 0.935132 1.110184
0.620003 0.936265 1.114968
0.620004 0.937349 1.119764
0.620005 0.937347 1.119762
0.620006 0.937346 1.119761
0.620006 0.937344 1.119759
0.620007 0.937343 1.119758
0.623181 0.937325 1.119756
0.626355 0.937276 1.119755
0.629613 0.940032 1.121368
0.632928 0.942770 1.122953
0.636299 0.945490 1.124509
0.639727 0.948190 1.126037
0.643211 0.950868 1.127535
0.646753 0.953524 1.129005
0.650351 0.956156 1.130445
0.654005 0.958763 1.131855
0.657717 0.961345 1.133236
0.661484 0.963900 1.134588
0.665309 0.966427 1.135910
0.669190 0.968924 1.137202
0.673127 0.971391 1.138464
0.677121 0.973825 1.139695
0.681170 0.976227 1.140896
0.685276 0.978594 1.142067
0.689437 0.980927 1.143207
0.693653 0.983222 1.144317
0.697924 0.985480 1.145396
0.702250 0.987699 1.146444
0.706630 0.989877 1.147460
0.711065 0.992014 1.148446
0.715553 0.994109 1.149401
0.720094 0.996160 1.150324
0.724688 0.998166 1.151216
0.729335 1.000125 1.152077
0.734033 1.002038 1.152905
0.738782 1.003902 1.153702
0.743249 1.004683 1.149673
0.747732 1.005373 1.145622
0.752611 1.007092 1.146324
0.757538 1.008759 1.146994
0.762514 1.010373 1.147633
0.767538 1.011932 1.148240
0.772610 1.013434 1.148815
0.777728 1.014880 1.149358
0.782893 1.016267 1.149869
0.788103 1.017595 1.150348
0.793356 1.018862 1.150794
0.798653 1.020068 1.151208
0.803993 1.021212 1.151590
0.809373 1.022292 1.151939
0.814794 1.023308 1.152255
0.816336 1.026177 1.152542
0.817755 1.029106 1.152792
0.819167 1.032042 1.153011
0.820579 1.034981 1.153197
0.821991 1.037922 1.153350
0.823402 1.040864 1.153471
0.824813 1.043808 1.153559
0.826222 1.046753 1.153614
0.827631 1.049700 1.153636
0.829038 1.052646 1.153626
0.830444 1.055594 1.153583
0.831848 1.058541 1.153507
0.832744 1.060419 1.148626
0.833611 1.062256 1.143724
0.835001 1.065206 1.143548
0.836395 1.068152 1.143342
0.837788 1.071095 1.143103
0.839179 1.074037 1.142831
0.840567 1.076977 1.142526
0.841953 1.079915 1.142189
0.843336 1.082850 1.141819
0.845083 1.086526 1.137579
0.846807 1.090165 1.133297
0.848509 1.093766 1.128975
0.850192 1.097329 1.124612
0.851855 1.100852 1.120211
0.853498 1.104336 1.115771
0.855122 1.107780 1.111292
0.856726 1.111183 1.106776
0.858311 1.114544 1.102222
0.859878 1.117865 1.097631
0.861425 1.121143 1.093004
0.865743 1.123019 1.088322
0.868515 1.125596 1.083631
0.870612 1.128449 1.078901
0.872387 1.131406 1.074134
0.874002 1.134388 1.069331
0.875532 1.137358 1.064495
0.877011 1.140299 1.059625
0.878456 1.143202 1.054722
0.879876 1.146063 1.049787
0.881273 1.148880 1.044820
0.882650 1.151651 1.039821
0.884007 1.154375 1.034792
0.885346 1.157053 1.029733
0.886665 1.159683 1.024644
0.887966 1.162266 1.019525
0.889247 1.164801 1.014378
0.890622 1.167482 1.013120
0.891988 1.170155 1.011835
0.893349 1.172817 1.010519
0.894705 1.175465 1.009174
0.896057 1.178100 1.007798
0.897406 1.180722 1.006393
0.898751 1.183329 1.004957
0.899970 1.185733 0.999578
0.901179 1.188078 0.994165
0.902372 1.190369 0.988725
0.903722 1.192902 0.987165
0.905056 1.195430 0.985583
0.906378 1.197945 0.983972
0.906574 1.198269 0.977520
0.906706 1.198189 0.977498
0.906795 1.198138 0.977488
0.906866 1.198097 0.977478
0.905493 1.198733 0.977455
0.904170 1.199362 0.977451
0.902909 1.199962 0.977454
0.902527 1.200133 0.977437
0.902222 1.200269 0.977421
0.901940 1.200393 0.977406
0.901877 1.200423 0.977405
0.901769 1.199932 0.983739
0.901657 1.199445 0.990135
0.898717 1.200239 0.996507
0.894186 1.201708 1.002883
0.888858 1.203441 1.009257
0.883338 1.205976 1.009281
0.877415 1.207723 1.015577
0.871359 1.209466 1.021936
0.865205 1.211115 1.028288
0.858986 1.212656 1.034631
0.852716 1.214082 1.040964
0.846405 1.215388 1.047286
0.840059 1.216572 1.053596
0.833684 1.217633 1.059894
0.827281 1.218570 1.066179
0.820855 1.219381 1.072451
0.814407 1.220067 1.078709
0.807941 1.220627 1.084952
0.801458 1.221060 1.091180
0.794963 1.221366 1.097392
0.788456 1.221545 1.103587
0.781943 1.221596 1.109767
0.775424 1.221520 1.115928
0.768897 1.221315 1.122067
0.762376 1.220982 1.128191
0.755860 1.220521 1.134297
0.749346 1.219930 1.140379
0.742842 1.219211 1.146439
0.736350 1.218365 1.152480
0.729874 1.217394 1.158500
0.723419 1.216319 1.164512
0.716988 1.215102 1.170493
0.710578 1.213755 1.176451
0.704199 1.212288 1.182386
0.697839 1.210686 1.188290
0.691511 1.208951 1.194164
0.685222 1.207091 1.200011
0.678973 1.205107 1.205831
0.672767 1.202999 1.211625
0.666607 1.200769 1.217391
0.660499 1.198419 1.223132
0.654445 1.195948 1.228846
0.648446 1.193358 1.234530
0.642504 1.190650 1.240184
0.636620 1.187824 1.245806
0.630797 1.184885 1.251404
0.625039 1.181831 1.256970
0.619349 1.178664 1.262505
0.613729 1.175385 1.268006
0.612374 1.170637 1.266435
0.612026 1.165841 1.264736
0.611968 1.161030 1.263023
0.611984 1.156203 1.261300
0.612019 1.151359 1.259563
0.612060 1.146499 1.257813
0.612104 1.141622 1.256048
0.612151 1.136731 1.254271
0.612201 1.131824 1.252480
0.612252 1.126903 1.250676
0.612306 1.121969 1.248859
0.612361 1.117021 1.247029
0.612419 1.112061 1.245185
0.612477 1.107088 1.243329
0.612538 1.102103 1.241459
0.612599 1.097107 1.239577
0.612662 1.092101 1.237682
0.612726 1.087084 1.235774
0.612790 1.082057 1.233854
0.612856 1.077021 1.231920
0.612922 1.071976 1.229975
0.612989 1.066923 1.228016
0.613057 1.061863 1.226047
0.613125 1.056795 1.224065
0.613193 1.051721 1.222071
0.613262 1.046640 1.220064
0.613330 1.041553 1.218046
0.613399 1.036461 1.216016
0.613468 1.031365 1.213974
0.613537 1.026263 1.211920
0.613607 1.021158 1.209855
0.613649 1.018001 1.208980
0.613690 1.014855 1.208077
0.613730 1.011719 1.207143
0.613771 1.008592 1.206178
0.613812 1.005475 1.205183
0.613853 1.002368 1.204156
0.613894 0.999272 1.203099
0.613934 0.996186 1.202011
0.613975 0.993112 1.200893
0.614016 0.990049 1.199744
0.614057 0.986998 1.198565
0.614098 0.983959 1.197355
0.614138 0.980932 1.196116
0.614179 0.977918 1.194847
0.614220 0.974917 1.193547
0.614261 0.971929 1.192218
0.614301 0.968954 1.190860
0.614342 0.965993 1.189472
0.614383 0.963047 1.188054
0.614423 0.960114 1.186607
0.614464 0.957196 1.185131
0.614504 0.954294 1.183626
0.614544 0.951406 1.182093
0.614585 0.948534 1.180530
0.614625 0.945678 1.178939
0.614665 0.942838 1.177320
0.614706 0.940014 1.175673
0.614723 0.939502 1.170815
0.614741 0.938941 1.165962
0.614761 0.938331 1.161114
0.614780 0.937672 1.156272
0.614800 0.936966 1.151438
0.614821 0.936211 1.146611
0.614843 0.935408 1.141792
0.614864 0.934556 1.136981
0.614887 0.933657 1.132179
0.614910 0.932710 1.127387
0.614934 0.931715 1.122604
0.614958 0.930672 1.117831
0.614983 0.929582 1.113070
0.615008 0.928444 1.108319
0.615034 0.927258 1.103580
0.615061 0.926026 1.098854
0.615088 0.924746 1.094139
0.615099 0.923216 1.097176
0.615109 0.921658 1.100200
0.615120 0.920069 1.103207
0.618115 0.918485 1.106199
0.618111 0.916836 1.109174
0.618106 0.915158 1.112132
0.618101 0.913451 1.115074
0.618096 0.911714 1.117998
0.618091 0.909948 1.120904
0.618086 0.908154 1.123793
0.618081 0.906330 1.126664
0.618076 0.904478 1.129517
0.618071 0.902597 1.132350
0.618066 0.900688 1.135165
0.618061 0.898751 1.137960
0.618056 0.896787 1.140736
0.618051 0.894794 1.143493
0.618046 0.892774 1.146229
0.618041 0.890727 1.148944
0.618036 0.888653 1.151640
0.618031 0.886552 1.154314
0.620666 0.884432 1.156968
0.623262 0.882259 1.159600
0.625813 0.880034 1.162210
0.628409 0.879963 1.162209
0.631003 0.879865 1.162207
0.633597 0.879741 1.162205
0.636335 0.881936 1.164470
0.639120 0.884126 1.166713
0.641953 0.886307 1.168931
0.644834 0.888480 1.171126
0.647508 0.888341 1.176004
0.650176 0.888127 1.180884
0.652836 0.887838 1.185764
0.655486 0.887474 1.190645
0.658154 0.887106 1.190644
0.660819 0.886711 1.190642
0.663479 0.886289 1.190640
0.666136 0.885840 1.190637
0.668788 0.885365 1.190635
0.671435 0.884863 1.190632
0.674076 0.884335 1.190630
0.676713 0.883781 1.190628
0.679343 0.883200 1.190625
0.681968 0.882593 1.190623
0.684587 0.881960 1.190620
0.687199 0.881301 1.190618
0.689804 0.880616 1.190616
0.692403 0.879904 1.190613
0.694994 0.879167 1.190611
0.697578 0.878404 1.190608
0.700153 0.877616 1.190606
0.702721 0.876801 1.190603
0.705281 0.875961 1.190601
0.707832 0.875096 1.190599
0.710375 0.874205 1.190596
0.712908 0.873288 1.190594
0.715432 0.872347 1.190591
0.717023 0.869068 1.193273
0.718547 0.865758 1.195931
0.720005 0.862420 1.198564
0.722419 0.861409 1.198562
0.723776 0.858027 1.201168
0.726148 0.856979 1.201167
0.728508 0.855905 1.201164
