0.666329 0.922098 1.098438
0.666329 0.922096 1.098437
0.666330 0.922094 1.098436
0.666330 0.922092 1.098434
0.666331 0.922090 1.098433
0.663308 0.922537 1.098432
0.660281 0.922953 1.098430
0.657250 0.923339 1.098429
0.654216 0.923694 1.098428
0.651178 0.924019 1.098426
0.648137 0.924314 1.098425
0.645093 0.924579 1.098423
0.642046 0.924812 1.098422
0.638998 0.925016 1.098421
0.635947 0.925189 1.098419
0.632896 0.925331 1.098418
0.629842 0.925443 1.098417
0.626788 0.925525 1.098415
0.623733 0.925576 1.098414
0.620678 0.925596 1.098413
0.617623 0.925586 1.098411
0.614568 0.925545 1.098410
0.611514 0.925474 1.098409
0.611515 0.925472 1.098407
0.614571 0.925540 1.098406
0.617627 0.925578 1.098405
0.620694 0.928406 1.100047
0.623817 0.931220 1.101661
0.626997 0.934018 1.103246
0.630234 0.936798 1.104803
0.633528 0.939561 1.106331
0.636880 0.942303 1.107830
0.640289 0.945027 1.109300
0.643755 0.947728 1.110741
0.647279 0.950406 1.112153
0.650860 0.953060 1.113535
0.654499 0.955689 1.114887
0.658195 0.958291 1.116210
0.661948 0.960866 1.117502
0.665759 0.963411 1.118764
0.669626 0.965927 1.119997
0.673551 0.968411 1.121199
0.677532 0.970863 1.122371
0.681570 0.973282 1.123512
0.685664 0.975665 1.124622
0.689814 0.978012 1.125701
0.694020 0.980321 1.126749
0.698281 0.982592 1.127767
0.702598 0.984823 1.128753
0.706969 0.987014 1.129709
0.711395 0.989162 1.130633
0.715874 0.991267 1.131526
0.720407 0.993328 1.132387
0.724993 0.995342 1.133216
0.729631 0.997311 1.134014
0.734322 0.999231 1.134781
0.739063 1.001102 1.135515
0.743856 1.002923 1.136218
0.748699 1.004692 1.136889
0.753592 1.006410 1.137529
0.758534 1.008074 1.138136
0.763525 1.009683 1.138712
0.768564 1.011236 1.139256
0.773651 1.012731 1.139768
0.778784 1.014169 1.140247
0.783963 1.015547 1.140694
0.789186 1.016865 1.141109
0.794453 1.018122 1.141491
0.799763 1.019316 1.141841
0.805114 1.020447 1.142158
0.810507 1.021514 1.142443
0.815939 1.022516 1.142695
0.821410 1.023451 1.142914
0.826918 1.024320 1.143101
0.832464 1.025121 1.143255
0.838045 1.025853 1.143376
0.843660 1.026516 1.143465
0.849309 1.027108 1.143521
0.854989 1.027629 1.143544
0.860701 1.028078 1.143534
0.866443 1.028455 1.143492
0.872213 1.028759 1.143417
0.878011 1.028988 1.143309
0.883835 1.029143 1.143168
0.889684 1.029223 1.142995
0.895557 1.029226 1.142789
0.901452 1.029153 1.142550
0.907369 1.029002 1.142278
0.913307 1.028774 1.141974
0.919263 1.028467 1.141637
0.922262 1.030293 1.141286
0.924504 1.032668 1.140889
0.926516 1.035205 1.140456
0.928454 1.037792 1.139990
0.930365 1.040393 1.139491
0.932264 1.042995 1.138959
0.936865 1.043579 1.138375
0.942402 1.043420 1.137771
0.948303 1.042925 1.137139
0.951818 1.044243 1.136495
0.954429 1.046254 1.135809
0.956663 1.048548 1.135087
0.958735 1.050959 1.134330
0.960736 1.053417 1.133541
0.961905 1.054888 1.128021
0.963028 1.056321 1.122475
0.964974 1.058787 1.121585
0.966911 1.061252 1.120669
0.968842 1.063709 1.119720
0.970768 1.066157 1.118741
0.972689 1.068596 1.117730
0.974607 1.071025 1.116687
0.976522 1.073443 1.115613
0.978432 1.075850 1.114507
0.980338 1.078246 1.113370
0.982240 1.080631 1.112202
0.984138 1.083004 1.111003
0.986031 1.085364 1.109772
0.987919 1.087713 1.108511
0.989803 1.090049 1.107219
0.991681 1.092372 1.105895
0.993553 1.094682 1.104542
0.995420 1.096980 1.103157
0.997280 1.099264 1.101742
0.999134 1.101535 1.100296
1.000981 1.103792 1.098820
1.002821 1.106036 1.097314
1.004653 1.108266 1.095777
1.006478 1.110482 1.094210
1.008295 1.112684 1.092613
1.010103 1.114872 1.090986
1.011902 1.117045 1.089330
1.013692 1.119204 1.087643
1.015473 1.121349 1.085927
1.017245 1.123479 1.084182
1.019006 1.125594 1.082406
1.020757 1.127694 1.080602
1.022498 1.129778 1.078768
1.024227 1.131848 1.076905
1.025946 1.133902 1.075014
1.027653 1.135940 1.073093
1.029348 1.137963 1.071143
1.031031 1.139969 1.069165
1.029502 1.144464 1.067134
1.029814 1.147495 1.065115
1.031009 1.149806 1.063058
1.032485 1.151872 1.060968
1.034043 1.153846 1.058849
1.035617 1.155780 1.056702
1.037186 1.157690 1.054527
1.038745 1.159580 1.052324
1.040290 1.161452 1.050093
1.041821 1.163307 1.047836
1.043338 1.165143 1.045551
1.044841 1.166961 1.043239
1.046329 1.168762 1.040900
1.047801 1.170543 1.038534
1.049259 1.172307 1.036142
1.050701 1.174052 1.033724
1.052127 1.175777 1.031279
1.053538 1.177484 1.028809
1.054933 1.179172 1.026312
1.056311 1.180841 1.023790
1.057674 1.182490 1.021243
1.059019 1.184119 1.018671
1.060348 1.185729 1.016073
1.061661 1.187319 1.013451
1.062956 1.188889 1.010805
1.064234 1.190438 1.008134
1.065494 1.191967 1.005439
1.066738 1.193476 1.002720
1.067963 1.194965 0.999978
1.064811 1.199797 0.997199
1.064854 1.202127 0.994420
1.064939 1.202666 0.987098
1.065154 1.202947 0.979621
1.065361 1.203136 0.972136
1.065397 1.202923 0.971728
1.065427 1.202828 0.971570
1.065446 1.202746 0.971420
1.064543 1.203383 0.971430
1.063616 1.204031 0.971436
1.062707 1.204659 0.971436
1.062579 1.204760 0.971498
1.062447 1.204855 0.971521
1.062444 1.204841 0.971440
1.062103 1.204196 0.978055
1.057974 1.206608 0.985084
1.052386 1.209987 0.992125
1.046308 1.213566 0.999161
1.040031 1.217123 1.006189
1.033651 1.220583 1.013209
1.027198 1.223927 1.020220
1.020664 1.227155 1.027220
1.014070 1.230258 1.034210
1.007423 1.233231 1.041189
1.000726 1.236073 1.048156
0.993961 1.238792 1.055110
0.987146 1.241380 1.062051
0.980283 1.243838 1.068978
0.973370 1.246162 1.075891
0.966414 1.248354 1.082788
0.959415 1.250412 1.089669
0.952379 1.252335 1.096534
0.945306 1.254123 1.103383
0.938201 1.255775 1.110215
0.931069 1.257289 1.117028
0.923911 1.258666 1.123823
0.916727 1.259904 1.130599
0.909518 1.261007 1.137349
0.902289 1.261972 1.144078
0.895042 1.262799 1.150787
0.887780 1.263488 1.157474
0.880504 1.264040 1.164139
0.873228 1.264451 1.170783
0.865962 1.264715 1.177402
0.858674 1.264846 1.183997
0.851369 1.264843 1.190566
0.844065 1.264701 1.197110
0.836768 1.264414 1.203626
0.829482 1.263988 1.210120
0.822199 1.263426 1.216590
0.814927 1.262724 1.223031
0.807689 1.261880 1.229445
0.800468 1.260897 1.235831
0.793266 1.259777 1.242187
0.786095 1.258518 1.248514
0.778916 1.257130 1.254813
0.771773 1.255614 1.261076
0.764661 1.253953 1.267320
0.757581 1.252154 1.273533
0.750532 1.250220 1.279714
0.747228 1.250918 1.279924
0.745683 1.251753 1.275187
0.744991 1.252334 1.270098
0.744691 1.252779 1.264991
0.744583 1.253125 1.259891
0.744563 1.253401 1.254795
0.744581 1.253613 1.249703
0.741488 1.254123 1.249187
0.736750 1.254967 1.248939
0.730763 1.252788 1.254705
0.724341 1.250646 1.260850
0.717719 1.248422 1.266987
0.711021 1.246089 1.273091
0.704308 1.243636 1.279163
0.697611 1.241058 1.285200
0.690947 1.238354 1.291204
0.684327 1.235523 1.297173
0.677757 1.232566 1.303107
0.671240 1.229483 1.309005
