0.754061 1.246635 1.283435
0.746986 1.244565 1.289595
0.739945 1.242361 1.295721
0.732942 1.240023 1.301811
0.725981 1.237551 1.307865
0.719065 1.234945 1.313883
0.712198 1.232207 1.319863
0.705382 1.229337 1.325806
0.698621 1.226336 1.331711
0.691923 1.223205 1.337579
0.685287 1.219946 1.343409
0.678715 1.216559 1.349198
0.672212 1.213045 1.354947
0.665756 1.209115 1.354029
0.659378 1.205069 1.352739
0.653091 1.200925 1.351421
0.646895 1.196686 1.350093
0.640791 1.192354 1.348757
0.634781 1.187931 1.347411
0.628865 1.183419 1.346057
0.623047 1.178822 1.344697
0.617329 1.174140 1.343329
0.611709 1.169376 1.341949
0.606190 1.164531 1.340560
0.604213 1.162966 1.338726
0.603484 1.161405 1.336877
0.606786 1.159942 1.335036
0.611400 1.158461 1.333225
0.613000 1.152942 1.336601
0.613532 1.147407 1.340113
0.613679 1.141835 1.343575
0.613698 1.136228 1.346985
0.613663 1.131406 1.345687
0.613618 1.128133 1.345849
0.613576 1.124865 1.346023
0.613524 1.123169 1.347795
0.613478 1.121460 1.349587
0.613434 1.119733 1.351363
0.613405 1.116463 1.351450
0.613377 1.113187 1.351472
0.613352 1.109909 1.351462
0.613328 1.106632 1.351424
0.613306 1.103354 1.351355
0.613286 1.100077 1.351256
0.613268 1.096800 1.351127
0.618400 1.093552 1.350998
0.624005 1.090254 1.350820
0.624406 1.086975 1.350603
0.624415 1.083703 1.350354
0.624388 1.080434 1.350075
0.624357 1.077167 1.349766
0.624326 1.073904 1.349427
0.624296 1.070643 1.349057
0.624266 1.067386 1.348656
0.624236 1.064133 1.348225
0.624205 1.060884 1.347763
0.624173 1.057639 1.347270
0.624141 1.054399 1.346746
0.624108 1.051165 1.346191
0.624075 1.047936 1.345606
0.624043 1.044712 1.344990
0.624010 1.041495 1.344344
0.623977 1.038284 1.343667
0.623945 1.035080 1.342959
0.623912 1.031883 1.342221
0.623880 1.028694 1.341452
0.623848 1.025512 1.340653
0.623815 1.022338 1.339823
0.623782 1.019173 1.338962
0.623748 1.016016 1.338072
0.623714 1.012868 1.337151
0.623680 1.009729 1.336199
0.623646 1.006600 1.335217
0.623611 1.003481 1.334205
0.623577 1.000372 1.333163
0.623542 0.997274 1.332091
0.623507 0.994187 1.330989
0.623472 0.991110 1.329857
0.623437 0.988045 1.328695
0.623401 0.984992 1.327503
0.623366 0.981951 1.326281
0.623330 0.978922 1.325030
0.623295 0.975906 1.323750
0.623259 0.972902 1.322440
0.623223 0.969912 1.321100
0.623187 0.966936 1.319732
0.623151 0.963973 1.318334
0.623115 0.961025 1.316908
0.623079 0.958090 1.315452
0.623043 0.955171 1.313968
0.623006 0.952266 1.312456
0.622970 0.949377 1.310914
0.622934 0.946503 1.309345
0.622898 0.943646 1.307747
0.622862 0.940804 1.306122
0.622825 0.937978 1.304468
0.622822 0.938755 1.299626
0.622823 0.939480 1.294767
0.622822 0.940156 1.289902
0.622821 0.940783 1.285031
0.622820 0.941362 1.280155
0.622817 0.941892 1.275273
0.622814 0.942373 1.270386
0.619599 0.942379 1.270372
0.616374 0.942356 1.270364
0.616348 0.942793 1.265485
0.616336 0.943176 1.260590
0.616325 0.943510 1.255692
0.616313 0.943795 1.250791
0.616302 0.944031 1.245888
0.616291 0.944219 1.240983
0.616280 0.944357 1.236076
0.616270 0.944446 1.231169
0.616259 0.944487 1.226261
0.616250 0.944478 1.221354
0.616239 0.944420 1.216446
0.616229 0.944313 1.211540
0.616218 0.944157 1.206636
0.616209 0.943952 1.201733
0.616199 0.943699 1.196833
0.616190 0.943396 1.191936
0.616182 0.943044 1.187042
0.616174 0.942644 1.182152
0.616166 0.942195 1.177267
0.616158 0.941697 1.172386
0.616151 0.941150 1.167511
0.616144 0.940554 1.162642
0.616138 0.939910 1.157779
0.616132 0.939218 1.152923
0.616126 0.938477 1.148074
0.616121 0.937687 1.143233
0.616116 0.936849 1.138400
0.616112 0.935963 1.133576
0.616108 0.935029 1.128761
0.616104 0.934047 1.123955
0.616101 0.933017 1.119160
0.616098 0.931939 1.114376
0.616095 0.930813 1.109602
0.616093 0.929640 1.104840
0.616091 0.928418 1.100091
0.616087 0.928415 1.100088
0.616085 0.927148 1.095352
0.616096 0.925606 1.098412
0.616106 0.924035 1.101459
0.616117 0.922434 1.104490
0.616128 0.920802 1.107505
0.616139 0.919141 1.110503
0.616151 0.917449 1.113485
0.616162 0.915728 1.116449
0.616174 0.913977 1.119396
0.616187 0.912197 1.122326
0.619103 0.910412 1.125238
0.621983 0.908568 1.128131
0.624826 0.906667 1.131005
0.624784 0.904772 1.133861
0.624740 0.902848 1.136698
0.624695 0.900896 1.139515
0.624650 0.898916 1.142313
0.624604 0.896908 1.145091
0.624558 0.894873 1.147848
0.627238 0.892752 1.150586
0.629876 0.890577 1.153302
0.632470 0.888350 1.155997
0.635018 0.886072 1.158671
0.637521 0.883743 1.161324
0.639976 0.881364 1.163954
0.642383 0.878937 1.166563
0.644741 0.876463 1.169149
0.647049 0.873941 1.171712
0.649306 0.871375 1.174253
0.651511 0.868764 1.176771
0.653663 0.866109 1.179265
0.655761 0.863412 1.181736
0.657804 0.860675 1.184184
0.659793 0.857896 1.186606
0.661725 0.855078 1.189005
0.664069 0.854649 1.189004
0.666837 0.856265 1.191492
0.669648 0.857873 1.193959
0.671381 0.854479 1.201256
0.674215 0.856034 1.203725
0.677094 0.857577 1.206172
0.680014 0.859110 1.208596
0.682977 0.860631 1.210997
0.685982 0.862140 1.213377
0.689030 0.863635 1.215734
0.692122 0.865116 1.218069
0.695256 0.866582 1.220380
0.698433 0.868031 1.222668
0.701655 0.869462 1.224933
0.704919 0.870875 1.227174
0.708228 0.872269 1.229391
0.711580 0.873642 1.231584
0.714977 0.874993 1.233753
0.718417 0.876321 1.235896
0.721898 0.877627 1.238015
0.725424 0.878907 1.240109
0.728993 0.880162 1.242178
0.732606 0.881390 1.244222
0.736262 0.882590 1.246239
0.739962 0.883761 1.248231
0.743705 0.884902 1.250197
0.744832 0.887268 1.252133
0.745960 0.889657 1.254046
0.749801 0.890784 1.255934
0.753695 0.891873 1.257794
0.757822 0.893318 1.254749
0.761979 0.894676 1.251668
0.766163 0.895955 1.248558
0.770368 0.897146 1.245416
0.774598 0.898253 1.242243
0.778849 0.899274 1.239040
0.783120 0.900211 1.235807
0.787408 0.901062 1.232546
0.791712 0.901827 1.229255
0.796030 0.902505 1.225935
0.800361 0.903098 1.222587
0.804702 0.903604 1.219212
0.809053 0.904023 1.215809
0.813431 0.904357 1.212388
0.814944 0.906562 1.208932
0.816432 0.908742 1.205448
0.817901 0.910892 1.201939
0.819350 0.913014 1.198403
0.821037 0.915467 1.199716
0.822732 0.917937 1.201005
0.824435 0.920417 1.202264
0.826144 0.922907 1.203493
0.827860 0.925407 1.204691
0.829583 0.927917 1.205858
0.831312 0.930436 1.206995
0.833046 0.932965 1.208100
0.834788 0.935502 1.209174
0.836535 0.938048 1.210218
0.838289 0.940602 1.211230
0.839789 0.942804 1.207340
0.841267 0.944966 1.203415
0.842721 0.947097 1.199463
0.847425 0.946943 1.195487
0.852136 0.946688 1.191486
0.856842 0.946339 1.187461
0.861538 0.945897 1.183411
0.866220 0.945359 1.179335
0.870898 0.944742 1.175242
0.875559 0.944018 1.171121
0.880204 0.943202 1.166978
0.884832 0.942293 1.162812
0.889440 0.941291 1.158625
0.890847 0.942889 1.154414
0.892190 0.944488 1.150183
0.893505 0.946057 1.145932
0.894791 0.947592 1.141660
0.896050 0.949094 1.137368
0.897280 0.950563 1.133057
0.899360 0.953035 1.133426
0.901448 0.955514 1.133770
0.902290 0.956512 1.138478
0.903103 0.957480 1.143204
0.904379 0.959006 1.138798
0.905615 0.960487 1.134356
0.906823 0.961934 1.129896
0.908000 0.963348 1.125417
0.909146 0.964720 1.120912
0.909142 0.964723 1.120912
0.907976 0.963349 1.125401
0.906780 0.961943 1.129873
0.902297 0.963208 1.134330
0.897633 0.964507 1.138763
0.892938 0.965720 1.143177
0.888220 0.966838 1.147571
0.883481 0.967861 1.151945
0.878724 0.968788 1.156298
0.873950 0.969620 1.160629
0.869160 0.970356 1.164939
0.864357 0.970995 1.169227
0.859542 0.971538 1.173492
0.854717 0.971984 1.177733
0.849884 0.972334 1.181950
0.845045 0.972586 1.186143
0.840202 0.972741 1.190311
0.835357 0.972799 1.194454
0.830512 0.972760 1.198573
0.825670 0.972624 1.202665
0.820831 0.972391 1.206732
0.815998 0.972061 1.210772
0.812465 0.974004 1.210771
0.808916 0.975909 1.210769
0.804100 0.975386 1.214782
0.799296 0.974767 1.218768
0.794505 0.974053 1.222727
0.789729 0.973242 1.226658
0.784971 0.972337 1.230560
0.780231 0.971336 1.234433
0.775513 0.970241 1.238278
0.770817 0.969052 1.242092
0.766146 0.967769 1.245877
0.761501 0.966394 1.249632
0.756885 0.964925 1.253355
0.752298 0.963365 1.257048
0.747744 0.961714 1.260709
0.743224 0.959971 1.264339
0.738740 0.958139 1.267936
0.734293 0.956218 1.271501
0.729885 0.954208 1.275033
0.725518 0.952110 1.278532
0.721194 0.949926 1.281997
0.716914 0.947656 1.285428
0.712680 0.945300 1.288825
0.708495 0.942861 1.292188
0.704359 0.940338 1.295515
0.700274 0.937734 1.298808
0.696242 0.935048 1.302064
0.692264 0.932282 1.305285
0.688343 0.929437 1.308470
0.685244 0.930106 1.308473
0.682140 0.930742 1.308470
0.679031 0.931347 1.308467
0.676054 0.932727 1.303639
0.673048 0.934029 1.298798
0.670015 0.935255 1.293950
0.666954 0.936403 1.289095
0.663869 0.937473 1.284232
0.660761 0.938464 1.279364
0.657632 0.939377 1.274491
0.654482 0.940211 1.269613
0.651315 0.940965 1.264730
0.648132 0.941639 1.259844
0.644934 0.942232 1.254953
0.641724 0.942745 1.250059
0.638503 0.943176 1.245164
0.635273 0.943527 1.240266
0.632035 0.943797 1.235367
0.628793 0.943985 1.230466
0.625546 0.944092 1.225566
0.622298 0.944117 1.220664
0.619050 0.944060 1.215764
0.615803 0.943922 1.210864
0.615798 0.943761 1.205966
0.615792 0.943551 1.201069
0.615787 0.943292 1.196176
0.615783 0.942983 1.191284
0.615779 0.942625 1.186396
0.615776 0.942219 1.181511
0.615772 0.941764 1.176632
0.615770 0.941260 1.171757
0.615767 0.940708 1.166888
0.615765 0.940107 1.162024
0.615763 0.939458 1.157167
0.615762 0.938759 1.152316
0.615761 0.938012 1.147472
0.615761 0.937216 1.142637
0.615761 0.936372 1.137809
0.615761 0.935481 1.132990
0.615762 0.934541 1.128181
0.615763 0.933553 1.123382
0.615764 0.932517 1.118592
0.615766 0.931433 1.113813
0.615769 0.930301 1.109045
0.615772 0.929121 1.104288
0.615775 0.927894 1.099544
0.615778 0.926620 1.094812
0.615782 0.925299 1.090093
0.615786 0.923931 1.085388
0.615787 0.923929 1.085387
0.615788 0.923928 1.085386
0.615788 0.923926 1.085385
0.615785 0.925291 1.090087
0.615783 0.926609 1.094803
0.615784 0.926608 1.094802
