0.704097 0.872587 1.213798
0.707417 0.874007 1.215998
0.710782 0.875406 1.218174
0.714187 0.876784 1.220326
0.717635 0.878140 1.222452
0.721128 0.879472 1.224554
0.724665 0.880779 1.226630
0.728246 0.882059 1.228681
0.731871 0.883313 1.230707
0.735541 0.884539 1.232707
0.739254 0.885735 1.234680
0.743012 0.886900 1.236627
0.746813 0.888034 1.238548
0.750657 0.889135 1.240441
0.754682 0.890454 1.237435
0.758732 0.891689 1.234395
0.762709 0.892681 1.236202
0.766729 0.893639 1.237988
0.770791 0.894558 1.239746
0.774895 0.895439 1.241477
0.779142 0.896438 1.238303
0.781893 0.894831 1.238293
0.784628 0.893198 1.238288
0.788911 0.894026 1.235082
0.793209 0.894766 1.231843
0.797520 0.895420 1.228575
0.800259 0.893629 1.228566
0.802980 0.891813 1.228561
0.805684 0.889969 1.228556
0.808368 0.888099 1.228550
0.811034 0.886203 1.228545
0.813681 0.884280 1.228540
0.818031 0.884590 1.225248
0.822385 0.884811 1.221925
0.826742 0.884945 1.218573
0.828444 0.887074 1.215182
0.830122 0.889192 1.211776
0.831778 0.891283 1.208343
0.833413 0.893346 1.204884
0.835237 0.895661 1.206266
0.837072 0.897989 1.207623
0.838915 0.900328 1.208950
0.840766 0.902677 1.210247
0.842626 0.905035 1.211514
0.844495 0.907402 1.212751
0.846372 0.909779 1.213957
0.848042 0.911890 1.210268
0.849690 0.913966 1.206545
0.851589 0.916365 1.207655
0.853494 0.918777 1.208739
0.858397 0.918836 1.209790
0.863341 0.918827 1.210812
0.868314 0.918756 1.211803
0.870046 0.920790 1.207907
0.871739 0.922795 1.203975
0.873407 0.924770 1.200018
0.875049 0.926715 1.196034
0.876665 0.928629 1.192026
0.878255 0.930513 1.187992
0.879819 0.932366 1.183935
0.881357 0.934188 1.179853
0.882868 0.935979 1.175749
0.884352 0.937738 1.171621
0.885810 0.939466 1.167470
0.887240 0.941162 1.163297
0.888644 0.942826 1.159102
0.890020 0.944458 1.154886
0.891369 0.946058 1.150648
0.892690 0.947626 1.146390
0.893983 0.949161 1.142112
0.895248 0.950664 1.137814
0.896485 0.952134 1.133497
0.897694 0.953571 1.129160
0.898874 0.954975 1.124806
0.900025 0.956346 1.120431
0.900022 0.956347 1.120431
0.900018 0.956350 1.120430
0.900014 0.956354 1.120430
0.900010 0.956357 1.120430
0.900006 0.956360 1.120430
0.900002 0.956364 1.120429
0.896750 0.959045 1.120432
0.892217 0.960398 1.124800
0.887649 0.961667 1.129149
0.883057 0.962844 1.133479
0.877652 0.962878 1.133086
0.872274 0.962841 1.132661
0.866927 0.962735 1.132204
0.861610 0.962559 1.131714
0.856325 0.962316 1.131192
0.851073 0.962005 1.130637
0.845854 0.961629 1.130051
0.840669 0.961188 1.129432
0.835519 0.960682 1.128781
0.830405 0.960113 1.128098
0.825327 0.959482 1.127383
0.820288 0.958789 1.126635
0.815287 0.958036 1.125856
0.810325 0.957223 1.125044
0.805404 0.956352 1.124201
0.800524 0.955424 1.123327
0.795686 0.954441 1.122421
0.790890 0.953402 1.121484
0.786137 0.952310 1.120516
0.781428 0.951165 1.119517
0.776763 0.949968 1.118486
0.772143 0.948720 1.117425
0.767568 0.947423 1.116333
0.763039 0.946078 1.115210
0.758557 0.944686 1.114056
0.754121 0.943248 1.112873
0.749733 0.941765 1.111659
0.745393 0.940237 1.110414
0.741101 0.938667 1.109139
0.736858 0.937056 1.107834
0.732664 0.935404 1.106499
0.728519 0.933713 1.105135
0.724424 0.931984 1.103741
0.720379 0.930219 1.102318
0.716384 0.928418 1.100866
0.712440 0.926581 1.099384
0.708547 0.924711 1.097873
0.704704 0.922808 1.096333
0.700913 0.920875 1.094764
0.697174 0.918912 1.093168
0.693485 0.916920 1.091542
0.693486 0.916918 1.091541
0.693486 0.916916 1.091539
0.693486 0.916914 1.091538
0.690514 0.917632 1.091537
0.687534 0.918321 1.091536
0.684548 0.918980 1.091534
0.681556 0.919608 1.091533
0.678557 0.920207 1.091532
0.675552 0.920776 1.091531
0.672542 0.921315 1.091529
0.669527 0.921823 1.091528
0.666507 0.922302 1.091527
0.663482 0.922750 1.091526
0.660453 0.923168 1.091524
0.657420 0.923556 1.091523
0.654383 0.923913 1.091522
0.651343 0.924240 1.091521
0.648299 0.924536 1.091519
0.645253 0.924803 1.091518
0.642204 0.925038 1.091517
0.639154 0.925243 1.091516
0.636101 0.925418 1.091514
0.633047 0.925562 1.091513
0.629991 0.925676 1.091512
0.626935 0.925758 1.091511
0.623877 0.925811 1.091510
0.620820 0.925833 1.091508
0.617762 0.925824 1.091507
0.614705 0.925785 1.091506
0.611648 0.925715 1.091505
0.611649 0.925713 1.091503
0.611650 0.925712 1.091502
0.614708 0.925779 1.091501
0.614709 0.925777 1.091500
0.614709 0.925775 1.091498
