0.620000 0.930250 1.106718
0.623103 0.930232 1.106717
0.626206 0.930184 1.106715
0.629393 0.932932 1.108347
0.632637 0.935662 1.109950
0.635936 0.938374 1.111525
0.639293 0.941067 1.113070
0.642705 0.943741 1.114588
0.646174 0.946393 1.116076
0.649700 0.949023 1.117536
0.653282 0.951628 1.118965
0.656921 0.954209 1.120366
0.660617 0.956763 1.121736
0.664369 0.959290 1.123077
0.668178 0.961788 1.124388
0.672043 0.964257 1.125669
0.675963 0.966695 1.126920
0.679940 0.969101 1.128141
0.683973 0.971474 1.129332
0.688062 0.973812 1.130492
0.692205 0.976114 1.131621
0.696404 0.978379 1.132719
0.700658 0.980607 1.133787
0.704966 0.982795 1.134825
0.709328 0.984943 1.135831
0.713744 0.987050 1.136805
0.718213 0.989113 1.137749
0.722735 0.991132 1.138661
0.727309 0.993106 1.139541
0.731936 0.995034 1.140391
0.736614 0.996915 1.141208
0.741343 0.998747 1.141995
0.746122 1.000529 1.142749
0.750951 1.002260 1.143471
0.755828 1.003939 1.144161
0.760755 1.005566 1.144820
0.761866 1.008572 1.145448
0.762965 1.011587 1.146043
0.764066 1.014608 1.146606
0.765168 1.017635 1.147136
0.766272 1.020666 1.147635
0.767377 1.023703 1.148102
0.768485 1.026744 1.148537
0.769593 1.029789 1.148939
0.774739 1.031342 1.149307
0.780011 1.032806 1.149644
0.785329 1.034208 1.149949
0.790692 1.035547 1.150222
0.796098 1.036824 1.150461
0.801545 1.038036 1.150668
0.807033 1.039183 1.150842
0.812561 1.040264 1.150984
0.818128 1.041278 1.151093
0.819850 1.044077 1.151176
0.820758 1.045924 1.146478
0.822136 1.048885 1.146488
0.823514 1.051845 1.146467
0.824890 1.054806 1.146412
0.826265 1.057767 1.146325
0.831347 1.058958 1.146192
0.833356 1.061613 1.146050
0.834879 1.064499 1.145866
0.836302 1.067430 1.145649
0.837702 1.070369 1.145398
0.839095 1.073309 1.145114
0.840484 1.076248 1.144798
0.841871 1.079184 1.144449
0.842717 1.080984 1.139339
0.843534 1.082740 1.134207
0.844327 1.084451 1.129056
0.845096 1.086116 1.123887
0.848915 1.086233 1.118680
0.853702 1.085787 1.113468
0.855897 1.086564 1.108262
0.857185 1.087736 1.103029
0.858106 1.089033 1.097777
0.859620 1.091848 1.097105
0.861079 1.094684 1.096402
0.862512 1.097525 1.095667
0.863933 1.100363 1.094899
0.865349 1.103195 1.094100
0.866760 1.106020 1.093269
0.868169 1.108837 1.092407
0.869575 1.111645 1.091512
0.870980 1.114444 1.090586
0.872383 1.117232 1.089628
0.873785 1.120011 1.088639
0.875185 1.122779 1.087619
0.876584 1.125536 1.086567
0.878198 1.128745 1.081594
0.879799 1.131902 1.076581
0.881386 1.135010 1.071533
0.882954 1.138070 1.066449
0.884505 1.141082 1.061331
0.886036 1.144046 1.056180
0.884937 1.148275 1.050993
0.885032 1.151844 1.045777
0.885832 1.154999 1.040529
0.886955 1.157933 1.035248
0.888220 1.160737 1.029935
0.889539 1.163454 1.024592
0.890872 1.166104 1.019218
0.892200 1.168697 1.013815
0.893296 1.170573 1.014522
0.894345 1.172470 1.015261
0.895372 1.174370 1.016021
0.896385 1.176268 1.016802
0.897392 1.178160 1.017605
0.898393 1.180046 1.018429
0.899391 1.181924 1.019274
0.900384 1.183794 1.020141
0.901373 1.185656 1.021027
0.902358 1.187511 1.021935
0.903339 1.189356 1.022864
0.904575 1.191940 1.017442
0.905835 1.194442 1.011979
0.907094 1.196884 1.006488
0.907406 1.197396 1.000031
0.907696 1.197846 0.993568
0.907961 1.198236 0.987100
0.909147 1.200465 0.981501
0.909360 1.200746 0.975005
0.909505 1.200657 0.974979
0.909598 1.200603 0.974967
0.909671 1.200559 0.974956
0.908270 1.201222 0.974973
0.906937 1.201877 0.975001
0.905686 1.202489 0.975032
0.904516 1.203057 0.975062
0.904273 1.203180 0.975106
0.904081 1.203271 0.975132
0.904030 1.203272 0.975085
0.903995 1.203272 0.975051
0.903909 1.202788 0.981413
0.903809 1.202317 0.987839
0.900794 1.203170 0.994242
0.896176 1.204705 1.000650
0.890780 1.206496 1.007057
0.884985 1.208346 1.013458
0.878963 1.210166 1.019853
0.872824 1.211901 1.026239
0.866609 1.213532 1.032616
0.860339 1.215049 1.038982
0.854025 1.216447 1.045339
0.847674 1.217723 1.051683
0.841291 1.218876 1.058016
0.834880 1.219905 1.064337
0.828444 1.220808 1.070644
0.821985 1.221586 1.076937
0.815505 1.222237 1.083215
0.809009 1.222760 1.089477
0.802498 1.223157 1.095724
0.795975 1.223426 1.101955
0.789442 1.223568 1.108169
0.782901 1.223581 1.114366
0.776355 1.223467 1.120544
0.769808 1.223224 1.126703
0.763260 1.222853 1.132843
0.756717 1.222353 1.138964
0.750179 1.221725 1.145063
0.743651 1.220969 1.151142
0.737134 1.220084 1.157198
0.730631 1.219071 1.163231
0.724144 1.217930 1.169240
0.717679 1.216662 1.175226
0.711239 1.215266 1.181188
0.704825 1.213743 1.187126
0.698442 1.212093 1.193038
0.692093 1.210321 1.198926
0.685781 1.208425 1.204788
0.679510 1.206404 1.210624
0.673281 1.204260 1.216433
0.667099 1.201990 1.222211
0.660967 1.199599 1.227963
0.654888 1.197086 1.233687
0.648866 1.194452 1.239378
0.642904 1.191699 1.245039
0.637003 1.188828 1.250670
0.631166 1.185842 1.256269
0.625395 1.182741 1.261837
0.619693 1.179527 1.267372
0.614061 1.176200 1.272875
0.608499 1.172763 1.278339
0.607194 1.168007 1.276777
0.606890 1.163214 1.275080
0.611093 1.158497 1.273356
0.616209 1.153736 1.271632
0.617142 1.148900 1.269909
0.617320 1.144045 1.268165
0.617351 1.139170 1.266405
0.617355 1.134284 1.264634
0.617357 1.129382 1.262849
0.617359 1.124466 1.261051
0.617363 1.119536 1.259240
0.617369 1.114592 1.257416
0.617376 1.109635 1.255579
0.617384 1.104666 1.253729
0.617394 1.099685 1.251865
0.617405 1.094692 1.249989
0.617417 1.089688 1.248100
0.617430 1.084674 1.246198
0.617443 1.079650 1.244284
0.617457 1.074616 1.242356
0.617471 1.069573 1.240416
0.617486 1.064522 1.238464
0.617500 1.059463 1.236499
0.617515 1.054396 1.234522
0.617530 1.049323 1.232532
0.617545 1.044242 1.230531
0.617560 1.039156 1.228517
0.617575 1.034064 1.226492
0.617583 1.029294 1.229307
0.617580 1.026401 1.233369
0.617578 1.023471 1.237408
0.617574 1.022191 1.237878
0.617576 1.020902 1.238326
0.617583 1.017764 1.237405
0.617592 1.014631 1.236447
0.617602 1.011509 1.235459
0.617611 1.008397 1.234440
0.617620 1.005295 1.233390
0.617630 1.002203 1.232309
0.617639 0.999123 1.231198
0.617649 0.996054 1.230057
0.617659 0.992997 1.228885
0.617669 0.989951 1.227683
0.617679 0.986918 1.226451
0.617689 0.983898 1.225190
0.617700 0.980890 1.223898
0.617708 0.977897 1.222578
0.617717 0.974916 1.221228
0.617727 0.971950 1.219848
0.617737 0.968997 1.218439
0.617746 0.966059 1.217001
0.617756 0.963135 1.215534
0.617766 0.960226 1.214038
0.617776 0.957332 1.212513
0.617787 0.954454 1.210960
0.617797 0.951592 1.209378
0.617807 0.948745 1.207767
0.617818 0.945915 1.206129
0.617829 0.943101 1.204462
0.617840 0.942888 1.199554
0.617852 0.942624 1.194646
0.617864 0.942310 1.189742
0.617876 0.941948 1.184840
0.617888 0.941537 1.179943
0.617900 0.941077 1.175050
0.617912 0.940569 1.170163
0.617925 0.940011 1.165281
0.617937 0.939405 1.160404
0.617949 0.938750 1.155534
0.617962 0.938046 1.150671
0.617974 0.937294 1.145816
0.617987 0.936493 1.140968
0.618000 0.935644 1.136129
0.618013 0.934747 1.131298
0.618025 0.933801 1.126477
0.618038 0.932808 1.121666
0.618051 0.931766 1.116864
0.618064 0.930676 1.112074
0.618078 0.929539 1.107294
0.618091 0.928354 1.102527
0.618104 0.927121 1.097771
0.618117 0.925841 1.093029
0.618113 0.924322 1.096076
0.618107 0.922775 1.099110
0.618102 0.921197 1.102129
0.618097 0.919590 1.105131
0.618092 0.917952 1.108117
0.618086 0.916285 1.111087
0.618081 0.914588 1.114040
0.618076 0.912861 1.116975
0.618070 0.911106 1.119894
0.618065 0.909321 1.122794
0.618060 0.907507 1.125677
0.618055 0.905665 1.128541
0.618049 0.903794 1.131386
0.620861 0.901901 1.134214
0.623636 0.899951 1.137021
0.623595 0.897996 1.139809
0.626307 0.895964 1.142578
0.628981 0.893879 1.145327
0.631612 0.891740 1.148055
0.634200 0.889549 1.150762
0.636743 0.887307 1.153449
0.639241 0.885014 1.156115
0.641692 0.882672 1.158760
0.644314 0.882442 1.158759
0.646933 0.882185 1.158757
0.649814 0.884245 1.161014
0.652742 0.886296 1.163248
0.655718 0.888336 1.165458
