0.968204 1.240860 1.093332
0.961233 1.242843 1.100161
0.954218 1.244697 1.106974
0.947164 1.246418 1.113770
0.940076 1.248006 1.120547
0.932957 1.249457 1.127305
0.925809 1.250773 1.134044
0.918636 1.251952 1.140762
0.911440 1.252994 1.147459
0.904223 1.253899 1.154136
0.896987 1.254663 1.160789
0.889737 1.255289 1.167419
0.882473 1.255776 1.174026
0.875200 1.256128 1.180611
0.867920 1.256341 1.187172
0.860636 1.256415 1.193708
0.853349 1.256350 1.200218
0.846063 1.256146 1.206702
0.838782 1.255802 1.213160
0.831507 1.255319 1.219590
0.824239 1.254698 1.225992
0.816983 1.253938 1.232366
0.809740 1.253039 1.238711
0.802514 1.252003 1.245026
0.795305 1.250830 1.251310
0.788116 1.249521 1.257564
0.780950 1.248066 1.263781
0.773810 1.246477 1.269968
0.766699 1.244754 1.276125
0.759619 1.242895 1.282248
0.752574 1.240902 1.288337
0.749235 1.241633 1.288547
0.746982 1.239093 1.289626
0.745522 1.236383 1.290808
0.744458 1.233580 1.291979
0.743593 1.230722 1.293128
0.742826 1.227830 1.294254
0.742109 1.224914 1.295357
0.738509 1.221957 1.300994
0.733369 1.219241 1.306867
0.727481 1.216575 1.312717
0.721211 1.213869 1.318528
0.715290 1.214865 1.318725
0.709343 1.215772 1.318518
0.703381 1.216619 1.318287
0.697408 1.217407 1.318054
0.691425 1.218135 1.317823
0.685434 1.218802 1.317591
0.679437 1.219410 1.317360
0.673434 1.219958 1.317130
0.667426 1.220446 1.316900
0.661414 1.220873 1.316670
0.655397 1.221240 1.316440
0.649378 1.221547 1.316210
0.643356 1.221794 1.315980
0.637332 1.221980 1.315750
0.631307 1.222106 1.315519
0.625284 1.222167 1.315285
0.619261 1.222167 1.315052
0.613235 1.222102 1.314818
0.610081 1.222722 1.310040
0.608494 1.222658 1.309553
0.607644 1.222622 1.309315
0.607160 1.224212 1.310625
0.606896 1.225800 1.312023
0.606747 1.227376 1.313437
0.606852 1.223599 1.318919
0.606910 1.219794 1.324683
0.606889 1.216736 1.325882
0.606861 1.213646 1.326773
0.609612 1.210603 1.327594
0.613718 1.207551 1.328402
0.618537 1.204460 1.329192
0.620854 1.201328 1.329997
0.622031 1.198182 1.330757
0.622612 1.195027 1.331487
0.622886 1.191864 1.332188
0.623000 1.188693 1.332861
0.623037 1.185513 1.333506
0.623034 1.182324 1.334124
0.623012 1.179129 1.334715
0.622980 1.175926 1.335280
0.622943 1.172715 1.335816
0.622905 1.169499 1.336326
0.622865 1.166275 1.336808
0.622826 1.163046 1.337262
0.622785 1.159812 1.337689
0.622745 1.156571 1.338089
0.622704 1.153326 1.338461
0.622665 1.150076 1.338804
0.622626 1.146822 1.339119
0.622589 1.143564 1.339405
0.622553 1.140302 1.339663
0.622519 1.137037 1.339893
0.622486 1.133768 1.340093
0.622455 1.130497 1.340264
0.622425 1.127223 1.340407
0.622397 1.123948 1.340520
0.622370 1.120671 1.340604
0.622345 1.117392 1.340658
0.622321 1.114112 1.340683
0.622299 1.110832 1.340678
0.622278 1.107551 1.340644
0.622258 1.104270 1.340579
0.622239 1.100990 1.340485
0.622222 1.097710 1.340361
0.622205 1.094431 1.340207
0.622189 1.091153 1.340022
0.622174 1.087877 1.339808
0.622159 1.084603 1.339563
0.622145 1.081331 1.339288
0.622131 1.078061 1.338982
0.622118 1.074795 1.338647
0.622104 1.071532 1.338280
0.622091 1.068272 1.337883
0.622078 1.065016 1.337456
0.622063 1.061766 1.337000
0.622047 1.058520 1.336513
0.622032 1.055279 1.335996
0.622017 1.052043 1.335449
0.622001 1.048813 1.334870
0.621986 1.045588 1.334261
0.621970 1.042370 1.333621
0.621954 1.039158 1.332951
0.621938 1.035952 1.332250
0.621922 1.032754 1.331519
0.621905 1.029563 1.330756
0.621888 1.026380 1.329964
0.621871 1.023205 1.329140
0.621853 1.020038 1.328287
0.621835 1.016879 1.327403
0.621817 1.013730 1.326488
0.621799 1.010590 1.325543
0.621781 1.007459 1.324568
0.621762 1.004339 1.323562
0.621743 1.001228 1.322526
0.621723 0.998128 1.321461
0.621704 0.995039 1.320365
0.621684 0.991961 1.319239
0.621664 0.988894 1.318083
0.621643 0.985839 1.316897
0.621623 0.982796 1.315682
0.621602 0.979765 1.314437
0.621580 0.976747 1.313163
0.621559 0.973742 1.311859
0.621537 0.970749 1.310525
0.621515 0.967771 1.309163
0.621493 0.964806 1.307771
0.621471 0.961855 1.306351
0.621448 0.958919 1.304901
0.621425 0.955997 1.303423
0.621402 0.953090 1.301916
0.621379 0.950199 1.300381
0.621355 0.947323 1.298817
0.621332 0.944462 1.297225
0.621308 0.941618 1.295605
0.621283 0.938790 1.293957
0.621259 0.935979 1.292281
0.621234 0.933185 1.290577
0.621209 0.930408 1.288847
0.621184 0.927648 1.287088
0.621159 0.924906 1.285303
0.621133 0.922182 1.283490
0.621108 0.919477 1.281651
0.621082 0.916790 1.279785
0.621056 0.914121 1.277893
0.621030 0.911472 1.275974
0.621018 0.908124 1.278860
0.621008 0.904749 1.281719
0.620998 0.901346 1.284544
0.620988 0.897914 1.287335
0.620968 0.898777 1.282526
0.620951 0.902923 1.274890
0.620934 0.906893 1.267195
0.620916 0.910690 1.259448
0.620898 0.914311 1.251654
0.620879 0.917757 1.243816
0.620860 0.921026 1.235937
0.620841 0.924119 1.228021
0.620821 0.927035 1.220073
0.620805 0.929774 1.212096
0.620787 0.932334 1.204092
0.620772 0.934718 1.196069
0.620755 0.936924 1.188027
0.620736 0.938951 1.179971
0.620717 0.940800 1.171903
0.620697 0.942471 1.163829
0.620699 0.944659 1.160588
0.620674 0.943961 1.155747
0.620649 0.943214 1.150913
0.620622 0.940371 1.149299
0.620594 0.937544 1.147658
0.620567 0.936750 1.142832
0.620542 0.935906 1.138014
0.620515 0.935014 1.133204
0.620489 0.934075 1.128403
0.620462 0.933087 1.123613
