0.412233 0.196257 1.688535 0.580825 -0.473562 0.574435 -0.329250
0.412140 0.196258 1.688623 0.578401 -0.477246 0.571766 -0.332822
0.412071 0.196231 1.688712 0.576277 -0.480411 0.569548 -0.335746
0.412007 0.196191 1.688734 0.573534 -0.484514 0.566121 -0.340310
0.411981 0.196118 1.688811 0.570681 -0.488670 0.562691 -0.344825
0.411971 0.196039 1.688902 0.568212 -0.492197 0.559817 -0.348543
0.411968 0.195958 1.688977 0.566121 -0.495163 0.557418 -0.351575
0.411799 0.195864 1.688898 0.563831 -0.498409 0.554454 -0.355335
0.411494 0.195848 1.688792 0.561177 -0.501987 0.551213 -0.359519
0.411232 0.195837 1.688704 0.558790 -0.505146 0.548478 -0.362977
0.411016 0.195795 1.688614 0.556754 -0.507844 0.546218 -0.365739
0.410924 0.195807 1.688483 0.554698 -0.510573 0.543882 -0.368535
0.411026 0.195950 1.688287 0.552537 -0.513481 0.541342 -0.371469
0.411130 0.196077 1.688111 0.550747 -0.515897 0.539234 -0.373838
0.411222 0.196201 1.687946 0.549250 -0.517926 0.537452 -0.375795
0.411293 0.196320 1.687740 0.547863 -0.519775 0.535810 -0.377608
0.411303 0.196452 1.687419 0.546325 -0.521611 0.534119 -0.379693
0.411309 0.196570 1.687128 0.545036 -0.523139 0.532748 -0.381367
0.411313 0.196691 1.686874 0.543951 -0.524430 0.531587 -0.382761
0.411331 0.196774 1.686612 0.542959 -0.525666 0.530612 -0.383826
0.411382 0.196817 1.686345 0.541849 -0.526969 0.529755 -0.384789
0.411394 0.196938 1.686124 0.541146 -0.527784 0.529033 -0.385653
0.411405 0.197032 1.685867 0.540668 -0.528448 0.528460 -0.386200
0.411418 0.197109 1.685620 0.540279 -0.529026 0.527982 -0.386609
0.411638 0.197313 1.685526 0.540746 -0.528824 0.529202 -0.384556
0.411803 0.197678 1.685388 0.541437 -0.528385 0.530284 -0.382693
0.411942 0.197999 1.685202 0.541991 -0.528111 0.531144 -0.381092
0.412064 0.198249 1.685007 0.542408 -0.527964 0.531835 -0.379735
0.412236 0.198273 1.684943 0.543648 -0.526909 0.534739 -0.375323
0.412180 0.198731 1.684814 0.545610 -0.524882 0.537614 -0.371188
0.412077 0.199257 1.684598 0.547209 -0.523285 0.539859 -0.367815
0.411989 0.199696 1.684361 0.548412 -0.522127 0.541651 -0.365025
0.411826 0.199652 1.684381 0.550225 -0.520211 0.545546 -0.359183
0.411327 0.199876 1.684237 0.552885 -0.517357 0.549954 -0.352436
0.410807 0.200272 1.684058 0.555001 -0.515012 0.553399 -0.347110
0.410327 0.200680 1.683915 0.556701 -0.513031 0.556136 -0.342923
0.409877 0.200547 1.684054 0.558691 -0.510413 0.560872 -0.335804
0.408963 0.200785 1.684019 0.562561 -0.505184 0.567716 -0.325595
0.407989 0.201422 1.683638 0.565918 -0.500690 0.573093 -0.317189
0.407090 0.202109 1.683194 0.568650 -0.496972 0.577361 -0.310339
0.406142 0.202431 1.683117 0.571059 -0.493015 0.582211 -0.303080
0.404547 0.202289 1.683742 0.574079 -0.486470 0.590100 -0.292510
0.402945 0.202703 1.684176 0.577799 -0.479211 0.597074 -0.282855
0.401475 0.203360 1.684531 0.581157 -0.472564 0.602812 -0.274877
0.400089 0.203997 1.684953 0.583971 -0.466543 0.607839 -0.268043
0.397868 0.204586 1.686269 0.586937 -0.458161 0.615079 -0.259367
0.395592 0.205905 1.687515 0.590420 -0.449141 0.621544 -0.251712
0.393502 0.207463 1.688590 0.594150 -0.440130 0.627206 -0.244710
0.391655 0.208961 1.689513 0.597178 -0.432419 0.631841 -0.239099
0.388763 0.209648 1.691155 0.599410 -0.423429 0.638844 -0.230856
0.385744 0.210877 1.692620 0.602000 -0.413936 0.645348 -0.223109
0.383009 0.212373 1.693846 0.605062 -0.404262 0.651100 -0.215732
0.380621 0.213825 1.694889 0.607841 -0.395513 0.655969 -0.209292
0.377306 0.214721 1.696245 0.610028 -0.386016 0.661896 -0.201870
0.373546 0.216161 1.697454 0.612575 -0.375551 0.667748 -0.194485
0.370127 0.217959 1.698439 0.615544 -0.364893 0.672917 -0.187459
0.367142 0.219701 1.699283 0.618645 -0.354494 0.677523 -0.180487
0.363678 0.220758 1.700598 0.620535 -0.344707 0.682622 -0.173610
0.359613 0.221817 1.702320 0.621752 -0.334881 0.688005 -0.167114
0.355941 0.223178 1.703853 0.623376 -0.324938 0.692780 -0.160848
0.352755 0.224502 1.705179 0.625255 -0.315195 0.697032 -0.154451
0.349439 0.225374 1.706557 0.626670 -0.305674 0.701477 -0.147573
0.345280 0.226245 1.708046 0.627476 -0.295749 0.706440 -0.140527
0.341452 0.227570 1.709283 0.628744 -0.285488 0.710835 -0.133757
0.338110 0.228924 1.710339 0.630259 -0.275386 0.714718 -0.126944
0.334934 0.229962 1.711422 0.631606 -0.265558 0.718479 -0.119746
0.330766 0.230757 1.713142 0.632030 -0.255590 0.722879 -0.112505
0.326840 0.231990 1.714808 0.632667 -0.245501 0.726805 -0.105902
0.323391 0.233273 1.716279 0.633519 -0.235595 0.730262 -0.099322
0.320342 0.234364 1.717576 0.634342 -0.226133 0.733401 -0.092718
0.316610 0.235170 1.718863 0.634435 -0.215498 0.737404 -0.085374
0.313127 0.236268 1.719837 0.634794 -0.204702 0.740979 -0.077987
0.310101 0.237378 1.720636 0.635342 -0.194250 0.744064 -0.070546
0.307524 0.238339 1.721311 0.635712 -0.185281 0.746614 -0.064092
0.304296 0.239007 1.721616 0.636084 -0.175172 0.749345 -0.056516
0.301101 0.240072 1.721577 0.636613 -0.164900 0.751734 -0.049267
0.298282 0.241229 1.721495 0.636913 -0.156156 0.753692 -0.043654
0.295878 0.242261 1.721440 0.637004 -0.149024 0.755296 -0.039310
0.293385 0.242786 1.721558 0.637261 -0.140502 0.757045 -0.032255
0.290954 0.243162 1.721765 0.637269 -0.133100 0.758613 -0.026056
0.288860 0.243532 1.721982 0.637128 -0.127128 0.759904 -0.021281
0.287097 0.243837 1.722188 0.636909 -0.122361 0.760964 -0.017549
0.285421 0.244425 1.722067 0.637093 -0.116141 0.761881 -0.012663
0.283609 0.245785 1.721410 0.637574 -0.108575 0.762658 -0.007937
0.281918 0.247300 1.720746 0.637926 -0.101826 0.763323 -0.004418
0.280432 0.248689 1.720189 0.638136 -0.096191 0.763889 -0.001777
0.279315 0.250063 1.719776 0.638377 -0.090970 0.764328 0.000810
0.278649 0.251586 1.719563 0.638626 -0.086108 0.764678 0.003032
0.278117 0.252854 1.719419 0.638773 -0.082239 0.764973 0.004708
0.277687 0.253882 1.719306 0.638864 -0.079172 0.765211 0.006031
0.277421 0.254884 1.719253 0.638981 -0.075945 0.765427 0.007583
0.277518 0.256439 1.719359 0.639079 -0.071586 0.765749 0.009108
0.277625 0.257835 1.719452 0.639111 -0.067982 0.766036 0.010167
0.277724 0.259004 1.719514 0.639126 -0.065071 0.766265 0.010996
0.277888 0.260082 1.719566 0.639168 -0.062449 0.766436 0.011827
0.278719 0.262199 1.719856 0.639288 -0.058438 0.766642 0.012435
0.279510 0.264162 1.720194 0.639302 -0.055085 0.766878 0.012540
0.280185 0.265799 1.720479 0.639296 -0.052395 0.767070 0.012579
0.280769 0.267161 1.720704 0.639296 -0.050208 0.767216 0.012626
0.282257 0.269249 1.720853 0.639673 -0.046579 0.767118 0.013363
0.283934 0.271010 1.720925 0.640052 -0.043677 0.766961 0.014001
0.285458 0.272327 1.720944 0.640400 -0.041515 0.766778 0.014695
0.286788 0.273349 1.720937 0.640709 -0.039861 0.766595 0.015337
0.288465 0.275130 1.720966 0.641146 -0.037310 0.766364 0.015045
0.290194 0.277113 1.721052 0.641523 -0.034730 0.766187 0.014157
0.291680 0.278751 1.721122 0.641838 -0.032673 0.766026 0.013423
0.292945 0.280096 1.721168 0.642111 -0.031031 0.765875 0.012844
0.294744 0.281801 1.721180 0.642360 -0.029178 0.765756 0.011823
0.297325 0.283382 1.721025 0.642659 -0.027580 0.765577 0.010998
0.299803 0.284322 1.720764 0.643035 -0.026664 0.765295 0.010889
0.302015 0.284910 1.720485 0.643415 -0.026126 0.764991 0.011081
0.304380 0.285854 1.720307 0.643933 -0.025807 0.764573 0.010642
0.307257 0.287437 1.720523 0.644484 -0.025670 0.764135 0.008910
0.309802 0.288615 1.720838 0.644901 -0.025855 0.763792 0.007446
0.311984 0.289509 1.721127 0.645252 -0.026126 0.763497 0.006309
0.314107 0.290524 1.721356 0.645590 -0.026272 0.763216 0.004885
0.317140 0.292176 1.721417 0.646013 -0.026001 0.762879 0.002408
0.320057 0.293236 1.721328 0.646482 -0.026053 0.762484 0.000871
0.322649 0.293908 1.721183 0.646947 -0.026288 0.762081 -0.000069
0.325008 0.294483 1.721045 0.647392 -0.026584 0.761693 -0.000799
0.328386 0.295648 1.721171 0.647823 -0.027153 0.761303 -0.002283
0.331699 0.296194 1.721349 0.648194 -0.028215 0.760946 -0.003193
0.334654 0.296352 1.721495 0.648546 -0.029413 0.760598 -0.003626
0.337215 0.296364 1.721605 0.648864 -0.030512 0.760282 -0.003840
0.340523 0.297129 1.721441 0.649233 -0.030989 0.759942 -0.004982
0.343897 0.297542 1.720943 0.649732 -0.031427 0.759495 -0.005370
0.346925 0.297620 1.720362 0.650272 -0.031953 0.759011 -0.005221
0.349541 0.297566 1.719810 0.650776 -0.032460 0.758559 -0.004898
0.352831 0.298110 1.719591 0.651048 -0.032363 0.758327 -0.005387
0.356542 0.298146 1.719612 0.651169 -0.032887 0.758198 -0.005717
0.359974 0.297635 1.719648 0.651322 -0.033929 0.758023 -0.005475
0.362993 0.296947 1.719674 0.651481 -0.035064 0.757838 -0.005005
0.366284 0.296664 1.719526 0.651693 -0.036407 0.757590 -0.005365
0.370066 0.296305 1.718908 0.652106 -0.037760 0.757168 -0.005415
0.373546 0.295590 1.718129 0.652627 -0.039104 0.756655 -0.004743
0.376586 0.294791 1.717377 0.653135 -0.040328 0.756157 -0.003868
0.379541 0.294446 1.716862 0.653532 -0.041104 0.755775 -0.003289
0.382706 0.294634 1.716886 0.653588 -0.041578 0.755698 -0.003591
0.385464 0.294616 1.717045 0.653565 -0.042224 0.755682 -0.003849
0.387811 0.294515 1.717220 0.653532 -0.042850 0.755674 -0.004013
0.389922 0.294515 1.717393 0.653460 -0.043589 0.755692 -0.004426
0.392241 0.294807 1.717474 0.653286 -0.044674 0.755772 -0.005490
0.394305 0.294972 1.717388 0.653215 -0.045491 0.755780 -0.006134
0.395701 0.295669 1.717294 0.653028 -0.044699 0.755977 -0.007508
0.396714 0.296741 1.717216 0.652865 -0.043578 0.756165 -0.009065
0.398238 0.298189 1.717079 0.652975 -0.042460 0.756114 -0.010614
0.399613 0.299426 1.716893 0.653079 -0.041198 0.756074 -0.011966
0.400699 0.300596 1.716739 0.653131 -0.039939 0.756074 -0.013314
0.401572 0.301669 1.716600 0.653175 -0.038806 0.756073 -0.014520
0.402582 0.302987 1.716411 0.653518 -0.039437 0.755718 -0.015777
0.403610 0.303699 1.716333 0.653828 -0.041217 0.755345 -0.016280
0.404468 0.304462 1.716283 0.654071 -0.042250 0.755062 -0.016948
0.405157 0.305277 1.716217 0.654283 -0.042838 0.754828 -0.017725
0.406030 0.306561 1.716303 0.654471 -0.043546 0.754620 -0.017892
0.406869 0.307935 1.716445 0.654625 -0.044302 0.754443 -0.017836
0.407502 0.309191 1.716560 0.654726 -0.044650 0.754335 -0.017847
0.407974 0.310368 1.716653 0.654790 -0.044662 0.754276 -0.017981
0.408420 0.311764 1.716790 0.655026 -0.045253 0.754030 -0.018202
0.408808 0.313345 1.716958 0.655452 -0.046549 0.753577 -0.018362
0.409072 0.314802 1.717074 0.655825 -0.047450 0.753190 -0.018607
0.409233 0.316146 1.717145 0.656129 -0.047936 0.752885 -0.018979
0.409355 0.317661 1.717314 0.656411 -0.048881 0.752568 -0.019440
0.409430 0.319591 1.717663 0.656850 -0.050968 0.752049 -0.019278
0.409468 0.321072 1.717950 0.657277 -0.053075 0.751547 -0.018655
0.409554 0.322059 1.718176 0.657645 -0.055120 0.751096 -0.017873
0.409648 0.322938 1.718380 0.657958 -0.057126 0.750683 -0.017387
0.409714 0.324069 1.718634 0.658292 -0.059966 0.750180 -0.016881
0.409742 0.325076 1.718836 0.658630 -0.062252 0.749713 -0.016207
0.409726 0.326003 1.718985 0.658929 -0.063902 0.749321 -0.015741
0.409679 0.326929 1.719090 0.659168 -0.065348 0.748988 -0.015653
0.409580 0.328483 1.719099 0.659323 -0.068266 0.748591 -0.015650
0.409403 0.329942 1.719021 0.659521 -0.070452 0.748230 -0.014885
0.409188 0.331288 1.718898 0.659732 -0.071844 0.747924 -0.014231
0.408901 0.332649 1.718695 0.659981 -0.072407 0.747658 -0.013770
0.408610 0.334653 1.718830 0.660334 -0.074904 0.747106 -0.013491
0.408263 0.336530 1.719045 0.660805 -0.077154 0.746480 -0.012267
0.407864 0.338274 1.719220 0.661253 -0.078612 0.745946 -0.011350
0.407434 0.339931 1.719321 0.661667 -0.079448 0.745499 -0.010803
0.406969 0.341902 1.719410 0.661968 -0.081353 0.745025 -0.010828
0.406433 0.343900 1.719409 0.662336 -0.082887 0.744543 -0.009856
0.405864 0.345782 1.719352 0.662721 -0.083557 0.744136 -0.008931
0.405265 0.347614 1.719236 0.663094 -0.083673 0.743798 -0.008401
0.404856 0.349664 1.719257 0.663499 -0.084424 0.743358 -0.007787
0.404520 0.351867 1.719403 0.663975 -0.084935 0.742889 -0.006247
0.404139 0.353905 1.719519 0.664434 -0.084801 0.742505 -0.004803
0.403731 0.355810 1.719573 0.664861 -0.084293 0.742186 -0.003715
0.403374 0.357847 1.719688 0.665203 -0.084569 0.741850 -0.003357
0.403042 0.360190 1.719869 0.665577 -0.085558 0.741404 -0.002602
0.402661 0.362347 1.719973 0.665985 -0.085806 0.741012 -0.001624
0.402225 0.364404 1.719997 0.666375 -0.085503 0.740698 -0.000990
0.401699 0.366710 1.720060 0.666730 -0.085706 0.740353 -0.001803
0.401306 0.369356 1.720012 0.667129 -0.086701 0.739878 -0.001759
0.400966 0.371600 1.719865 0.667547 -0.087190 0.739444 -0.001080
0.400676 0.373525 1.719633 0.667940 -0.087200 0.739089 -0.000150
0.400431 0.375278 1.719357 0.668308 -0.086802 0.738803 0.000908
0.400417 0.377277 1.719252 0.668784 -0.086719 0.738378 0.002380
0.400364 0.379098 1.719221 0.669307 -0.086422 0.737932 0.003945
0.400273 0.380728 1.719137 0.669833 -0.085917 0.737504 0.005413
0.400082 0.382383 1.718985 0.670399 -0.085202 0.737064 0.006590
0.400284 0.384268 1.718818 0.671017 -0.084554 0.736557 0.008454
0.400560 0.386023 1.718730 0.671568 -0.084061 0.736087 0.010302
0.400756 0.387636 1.718609 0.672098 -0.083529 0.735640 0.011899
0.400845 0.389192 1.718431 0.672616 -0.082931 0.735212 0.013180
0.400942 0.391112 1.718290 0.673194 -0.082625 0.734693 0.014452
0.401036 0.393110 1.718292 0.673635 -0.082515 0.734267 0.016074
0.401068 0.394991 1.718282 0.674076 -0.082311 0.733850 0.017641
