0.343581 0.319868 1.351079 0.723731 -0.025055 0.686927 0.060969
0.338544 0.320687 1.356093 0.724602 -0.021319 0.686178 0.060472
0.333861 0.321383 1.361782 0.724424 -0.018526 0.686512 0.059740
0.329220 0.321734 1.367120 0.723728 -0.016507 0.687362 0.058988
0.324507 0.321699 1.371814 0.722872 -0.014835 0.688354 0.058368
0.319465 0.321716 1.376977 0.724170 -0.009869 0.687102 0.058065
0.314675 0.321716 1.382755 0.724471 -0.006298 0.686883 0.057384
0.309925 0.321461 1.388139 0.724199 -0.003776 0.687254 0.056597
0.305110 0.320881 1.392837 0.723849 -0.001715 0.687696 0.055806
0.299804 0.320058 1.397604 0.726016 0.003886 0.685482 0.054763
0.294868 0.319127 1.403055 0.726903 0.008062 0.684586 0.053746
0.290106 0.318010 1.408303 0.726956 0.010860 0.684570 0.052733
0.285556 0.316508 1.412863 0.727145 0.012734 0.684420 0.051653
0.280282 0.314494 1.417280 0.729917 0.016814 0.681510 0.049832
0.275191 0.312607 1.422285 0.731517 0.019741 0.679841 0.048047
0.270616 0.310641 1.427357 0.732266 0.021095 0.679117 0.046272
0.266750 0.308051 1.431914 0.732903 0.021337 0.678505 0.045030
0.262208 0.305016 1.436683 0.734022 0.024071 0.677232 0.044603
0.258013 0.302307 1.441720 0.734422 0.025793 0.676780 0.043906
0.254640 0.300121 1.446654 0.734207 0.026468 0.677051 0.042929
0.251690 0.298196 1.451126 0.734030 0.026483 0.677316 0.041733
0.247792 0.296162 1.456193 0.734301 0.026781 0.677116 0.039987
0.244221 0.295018 1.461474 0.734068 0.026814 0.677510 0.037481
0.241237 0.294372 1.466508 0.733431 0.026307 0.678370 0.034654
0.238543 0.293755 1.471098 0.732908 0.026020 0.679057 0.032420
0.235517 0.292653 1.476530 0.732231 0.026089 0.679857 0.030853
0.232965 0.291886 1.482160 0.731059 0.025573 0.681227 0.028791
0.230895 0.291325 1.487398 0.729667 0.024588 0.682844 0.026567
0.228943 0.290699 1.492240 0.728298 0.024251 0.684365 0.025264
0.226392 0.290007 1.498112 0.726184 0.024531 0.686633 0.024287
0.224022 0.289762 1.503875 0.724013 0.024271 0.688994 0.022414
0.221965 0.289634 1.508824 0.722130 0.023760 0.691048 0.020408
0.219969 0.289318 1.513426 0.720721 0.024091 0.692533 0.019493
0.217629 0.288618 1.519137 0.719363 0.024248 0.693961 0.018627
0.215613 0.288117 1.524991 0.717745 0.023497 0.695704 0.016921
0.213948 0.287674 1.530199 0.716175 0.022336 0.697401 0.015066
0.212491 0.287072 1.535144 0.714560 0.022414 0.699059 0.014768
0.211296 0.286091 1.540973 0.712002 0.022191 0.701663 0.015157
0.210361 0.285114 1.546172 0.709608 0.021320 0.704111 0.015203
0.209585 0.284182 1.550470 0.707661 0.020341 0.706098 0.015129
0.208747 0.283225 1.554746 0.706228 0.020837 0.707500 0.015890
0.207976 0.282129 1.560146 0.704232 0.020929 0.709471 0.016431
0.207379 0.281125 1.565097 0.702200 0.020249 0.711501 0.016479
0.206875 0.280219 1.569232 0.700488 0.019434 0.713211 0.016368
0.206272 0.279579 1.573406 0.699385 0.020135 0.714279 0.016155
0.205777 0.279287 1.578433 0.697538 0.020672 0.716085 0.015329
0.205358 0.279068 1.582959 0.695611 0.020613 0.717980 0.014318
0.204977 0.278868 1.586758 0.693918 0.020428 0.719639 0.013384
0.204620 0.278610 1.590774 0.693497 0.020856 0.720073 0.011035
0.204988 0.277692 1.595609 0.692143 0.019999 0.721427 0.008966
0.205517 0.276514 1.600462 0.690164 0.018323 0.723383 0.007431
0.205992 0.275393 1.604699 0.688180 0.016622 0.725322 0.006272
0.206258 0.274729 1.609282 0.687387 0.016268 0.726104 0.003005
0.206957 0.273809 1.614260 0.685413 0.015070 0.727998 -0.000158
0.207667 0.272733 1.618639 0.683151 0.013765 0.730143 -0.002267
0.208253 0.271712 1.622307 0.681018 0.012692 0.732148 -0.003710
0.208960 0.270990 1.626580 0.679978 0.014526 0.733069 -0.005338
0.210516 0.269848 1.631039 0.677789 0.013770 0.735087 -0.007727
0.212059 0.268562 1.634910 0.675354 0.012413 0.737327 -0.009549
0.213368 0.267290 1.638123 0.673094 0.011299 0.739395 -0.010605
0.214885 0.265767 1.641608 0.671877 0.012712 0.740477 -0.010683
0.217132 0.263608 1.645087 0.670323 0.012668 0.741896 -0.009900
0.219396 0.261507 1.648349 0.669414 0.011838 0.742734 -0.009501
0.221378 0.259756 1.651554 0.668331 0.010757 0.743724 -0.009624
0.223333 0.257826 1.654914 0.668761 0.010751 0.743315 -0.011262
0.225578 0.255462 1.658345 0.668082 0.010212 0.743930 -0.011446
0.227595 0.253375 1.661600 0.666692 0.009976 0.745186 -0.010918
0.229256 0.251783 1.664703 0.664930 0.010290 0.746764 -0.010282
0.231421 0.249956 1.667968 0.664184 0.011284 0.747406 -0.010735
0.234047 0.247506 1.671232 0.662447 0.011214 0.748964 -0.009483
0.236420 0.245234 1.674316 0.660256 0.011265 0.750917 -0.007586
0.238384 0.243434 1.677271 0.657904 0.011851 0.752986 -0.005771
0.240554 0.241931 1.680151 0.656518 0.013977 0.754163 -0.005175
0.242808 0.240270 1.682957 0.654487 0.015565 0.755904 -0.003601
0.244754 0.238826 1.685679 0.652111 0.016461 0.757940 -0.002494
0.246357 0.237741 1.688374 0.649623 0.016510 0.760071 -0.002998
0.248657 0.236226 1.691218 0.647391 0.017185 0.761958 -0.003203
0.251196 0.234134 1.693962 0.644690 0.015395 0.764281 -0.003616
0.253441 0.232113 1.696420 0.642061 0.012957 0.766532 -0.004208
0.255385 0.230379 1.698448 0.639983 0.011365 0.768292 -0.004550
0.257954 0.228832 1.700367 0.638333 0.011078 0.769662 -0.005326
0.260613 0.226867 1.701824 0.636917 0.010006 0.770852 -0.004830
0.262975 0.224911 1.702902 0.635818 0.008856 0.771779 -0.003779
0.265090 0.223324 1.703812 0.635059 0.008341 0.772412 -0.003128
0.267820 0.222277 1.705119 0.634219 0.008511 0.773095 -0.004289
0.270490 0.220952 1.706205 0.633348 0.007957 0.773813 -0.004493
0.272822 0.219624 1.707024 0.632663 0.007315 0.774381 -0.004163
0.274989 0.218550 1.707643 0.632197 0.007029 0.774765 -0.004204
0.277943 0.217500 1.707924 0.631997 0.006762 0.774926 -0.004890
0.280890 0.216007 1.707962 0.631873 0.005756 0.775040 -0.004188
0.283623 0.214331 1.708006 0.631558 0.004007 0.775314 -0.002521
0.286414 0.212867 1.708213 0.630963 0.002396 0.775809 -0.000514
0.290086 0.211518 1.708685 0.629976 0.000433 0.776614 0.001058
0.293413 0.209989 1.708884 0.629414 -0.001389 0.777064 0.002766
0.296240 0.208551 1.708917 0.629123 -0.002893 0.777288 0.004439
0.299012 0.207466 1.709070 0.628836 -0.004309 0.777507 0.005442
0.302266 0.206557 1.709641 0.628356 -0.006546 0.777882 0.005039
0.305113 0.205528 1.710084 0.628066 -0.008626 0.778097 0.004875
0.307514 0.204563 1.710371 0.627942 -0.010356 0.778176 0.004928
0.310143 0.203933 1.710522 0.627730 -0.011442 0.778329 0.005210
0.313577 0.203337 1.710221 0.627696 -0.012473 0.778338 0.005647
0.316672 0.202485 1.709644 0.628012 -0.013401 0.778061 0.006586
0.319310 0.201624 1.709013 0.628454 -0.014191 0.777680 0.007620
0.322264 0.201180 1.708400 0.628880 -0.014066 0.777322 0.009098
0.325840 0.200865 1.707608 0.629424 -0.013816 0.776868 0.010525
0.328989 0.200328 1.706713 0.630126 -0.013715 0.776278 0.012050
0.331653 0.199763 1.705854 0.630843 -0.013686 0.775673 0.013466
0.334820 0.199575 1.704921 0.631570 -0.014154 0.775072 0.013476
0.338611 0.199265 1.703656 0.632589 -0.015187 0.774230 0.012990
0.341949 0.198658 1.702325 0.633730 -0.016148 0.773275 0.013092
0.344774 0.198009 1.701086 0.634831 -0.016980 0.772348 0.013402
0.348180 0.197927 1.699896 0.635820 -0.016911 0.771527 0.013905
0.351989 0.197906 1.698532 0.636865 -0.016820 0.770659 0.014331
0.355287 0.197651 1.697162 0.637968 -0.016800 0.769734 0.015011
0.358061 0.197340 1.695910 0.639009 -0.016812 0.768856 0.015708
0.361271 0.197464 1.694501 0.639896 -0.016590 0.768115 0.016030
0.364658 0.197554 1.692684 0.640974 -0.016267 0.767210 0.016604
0.367585 0.197449 1.690886 0.642127 -0.015938 0.766234 0.017455
0.370042 0.197290 1.689280 0.643200 -0.015646 0.765320 0.018278
0.373059 0.197182 1.687916 0.644080 -0.015021 0.764564 0.019406
0.376200 0.196571 1.686608 0.644935 -0.014913 0.763813 0.020653
0.378929 0.195740 1.685377 0.645806 -0.014971 0.763039 0.021990
0.381232 0.194930 1.684286 0.646607 -0.015075 0.762321 0.023210
0.384056 0.194677 1.682822 0.647675 -0.015462 0.761408 0.023145
0.386827 0.194431 1.681076 0.648929 -0.015678 0.760328 0.023357
0.389189 0.194121 1.679434 0.650128 -0.015795 0.759287 0.023792
0.391168 0.193834 1.678005 0.651187 -0.015858 0.758364 0.024225
0.393780 0.193800 1.676640 0.652081 -0.015705 0.757593 0.024415
0.396328 0.193461 1.675244 0.652972 -0.015710 0.756811 0.024870
0.398521 0.192985 1.673951 0.653834 -0.015748 0.756044 0.025502
0.400388 0.192536 1.672827 0.654602 -0.015812 0.755358 0.026062
0.402698 0.192586 1.671886 0.655218 -0.016332 0.754841 0.025255
0.404796 0.192593 1.671068 0.655724 -0.016866 0.754413 0.024549
0.406555 0.192553 1.670344 0.656193 -0.017278 0.754011 0.024059
0.408068 0.192521 1.669697 0.656646 -0.017517 0.753622 0.023752
0.410136 0.192277 1.668744 0.657426 -0.017502 0.752929 0.024142
0.412131 0.191601 1.667668 0.658292 -0.017679 0.752140 0.025018
0.413862 0.190819 1.666659 0.659114 -0.017885 0.751381 0.025986
0.415370 0.190152 1.665798 0.659785 -0.018105 0.750761 0.026706
0.417036 0.190087 1.665165 0.659923 -0.018323 0.750648 0.026331
0.418463 0.190158 1.664558 0.660046 -0.018356 0.750552 0.025960
0.419643 0.190258 1.664009 0.660185 -0.018296 0.750440 0.025699
0.420718 0.190372 1.663495 0.660415 -0.018408 0.750250 0.025245
0.422237 0.190148 1.662877 0.661005 -0.019330 0.749734 0.024465
0.423492 0.190160 1.662441 0.661400 -0.019988 0.749404 0.023329
0.424210 0.191080 1.662277 0.661538 -0.019852 0.749344 0.021380
0.424921 0.191805 1.662061 0.661742 -0.020017 0.749203 0.019764
0.425932 0.192310 1.661527 0.662147 -0.020518 0.748867 0.018393
0.426687 0.192404 1.661167 0.662359 -0.021133 0.748681 0.017640
0.427331 0.192162 1.660994 0.662429 -0.021939 0.748606 0.017213
0.428151 0.192168 1.660673 0.662768 -0.023000 0.748300 0.016026
0.429127 0.192164 1.660476 0.663131 -0.024855 0.747955 0.014237
0.429872 0.192300 1.660479 0.663257 -0.026297 0.747823 0.012606
0.430507 0.192428 1.660506 0.663344 -0.027400 0.747728 0.011314
0.431042 0.192476 1.660634 0.663496 -0.029579 0.747543 0.008817
0.431555 0.192231 1.660971 0.663723 -0.033120 0.747226 0.005255
0.431734 0.192095 1.661220 0.663967 -0.035748 0.746903 0.002397
0.431773 0.191910 1.661403 0.664152 -0.037881 0.746638 0.000197
0.431745 0.191804 1.661828 0.664329 -0.041217 0.746295 -0.003358
0.431710 0.191836 1.662392 0.664738 -0.045345 0.745661 -0.007511
0.431717 0.191877 1.662831 0.665090 -0.048882 0.745082 -0.010950
0.431727 0.191900 1.663209 0.665337 -0.051833 0.744613 -0.013851
0.431656 0.192033 1.663671 0.665513 -0.056357 0.744037 -0.018057
0.431571 0.192179 1.664019 0.665769 -0.062377 0.743202 -0.022618
0.431552 0.192288 1.664220 0.665870 -0.067691 0.742514 -0.026610
0.431539 0.192337 1.664384 0.665882 -0.072143 0.741954 -0.030010
0.431368 0.192595 1.664697 0.665875 -0.077985 0.741196 -0.034013
0.431148 0.192828 1.664957 0.665928 -0.085302 0.740173 -0.037510
0.431004 0.193036 1.665104 0.665743 -0.093015 0.739142 -0.042477
0.430930 0.193082 1.665181 0.665328 -0.100422 0.738235 -0.047573
0.430690 0.193177 1.665358 0.665002 -0.108167 0.737090 -0.052645
0.430329 0.193026 1.665619 0.664484 -0.117005 0.735829 -0.057670
0.429946 0.193002 1.665819 0.663904 -0.125324 0.734485 -0.063699
0.429671 0.192866 1.665911 0.663195 -0.133117 0.733238 -0.069387
0.429262 0.192976 1.666078 0.662620 -0.141475 0.731699 -0.074411
0.428717 0.193014 1.666311 0.661921 -0.150511 0.730037 -0.079077
0.428179 0.193050 1.666548 0.661037 -0.159168 0.728367 -0.084713
0.427747 0.193058 1.666710 0.660016 -0.167205 0.726808 -0.090393
0.427378 0.193357 1.667089 0.659140 -0.175555 0.724964 -0.095617
0.426967 0.193628 1.667627 0.658117 -0.184180 0.723010 -0.101070
0.426554 0.193875 1.668124 0.656951 -0.192405 0.721038 -0.107229
0.426182 0.194130 1.668549 0.655646 -0.200064 0.719164 -0.113602
0.425856 0.194621 1.669064 0.654380 -0.208797 0.716788 -0.120023
0.425504 0.195019 1.669629 0.652959 -0.217728 0.714283 -0.126642
0.425188 0.195273 1.670104 0.651393 -0.226273 0.711799 -0.133524
0.424923 0.195491 1.670517 0.649723 -0.234023 0.709556 -0.140086
0.424576 0.195879 1.670926 0.648075 -0.243056 0.706545 -0.147365
0.424185 0.196168 1.671383 0.646210 -0.252081 0.703503 -0.154762
0.423856 0.196316 1.671790 0.644192 -0.260528 0.700665 -0.161894
0.423597 0.196452 1.672196 0.642259 -0.267730 0.698274 -0.168037
0.423420 0.196851 1.672437 0.640360 -0.276751 0.694692 -0.175358
0.423322 0.197037 1.672578 0.637939 -0.286273 0.691115 -0.182871
0.423248 0.197346 1.672900 0.635477 -0.294323 0.688154 -0.189702
0.423186 0.197644 1.673154 0.633461 -0.300853 0.685671 -0.195116
0.423101 0.197868 1.673310 0.631272 -0.309974 0.681150 -0.203582
0.423084 0.197977 1.673482 0.628548 -0.319014 0.677021 -0.211660
0.423122 0.197970 1.673744 0.626010 -0.326496 0.673767 -0.218058
0.423143 0.198010 1.673960 0.623928 -0.332762 0.670844 -0.223499
0.423142 0.198169 1.674124 0.621450 -0.341205 0.666235 -0.231324
0.423222 0.198206 1.674376 0.618691 -0.348955 0.662428 -0.237992
0.423317 0.198184 1.674663 0.616302 -0.355259 0.659380 -0.243272
0.423373 0.198209 1.674883 0.614318 -0.360791 0.656382 -0.248206
0.423443 0.198319 1.674842 0.611665 -0.368740 0.651393 -0.256092
0.423619 0.198209 1.674805 0.608908 -0.375878 0.647376 -0.262395
0.423739 0.198191 1.674978 0.606495 -0.381630 0.644064 -0.267778
0.423773 0.198286 1.675267 0.604423 -0.386686 0.640827 -0.272924
0.423767 0.198507 1.675587 0.601877 -0.393041 0.636676 -0.279116
0.423816 0.198638 1.675827 0.599382 -0.398657 0.633347 -0.284053
0.423865 0.198718 1.676031 0.597248 -0.403337 0.630538 -0.288161
0.423870 0.198756 1.676180 0.595204 -0.408006 0.627346 -0.292746
0.423899 0.198767 1.676310 0.592275 -0.414187 0.623040 -0.299131
