0.418199 0.193777 1.680719 0.614805 -0.409994 0.605750 -0.294936
0.417827 0.194278 1.681361 0.610759 -0.418071 0.600945 -0.301754
0.417546 0.194735 1.682042 0.606474 -0.426066 0.596614 -0.307746
0.417327 0.195038 1.682690 0.602742 -0.432728 0.593054 -0.312628
0.417134 0.195277 1.683290 0.599654 -0.438091 0.590101 -0.316656
0.416618 0.195497 1.683867 0.595908 -0.444732 0.585598 -0.322775
0.416144 0.195551 1.684522 0.592170 -0.450998 0.581635 -0.328081
0.415754 0.195524 1.685141 0.588946 -0.456220 0.578339 -0.332461
0.415432 0.195461 1.685686 0.586260 -0.460521 0.575575 -0.336055
0.414978 0.195558 1.686319 0.582957 -0.466093 0.571850 -0.340451
0.414600 0.195561 1.686929 0.579987 -0.471091 0.568697 -0.343907
0.414293 0.195485 1.687503 0.577424 -0.475272 0.566078 -0.346777
0.414026 0.195410 1.688035 0.575197 -0.478797 0.563786 -0.349351
0.413716 0.195518 1.688473 0.572709 -0.482771 0.560995 -0.352450
0.413467 0.195566 1.688857 0.570410 -0.486335 0.558666 -0.354969
0.413245 0.195610 1.689280 0.568325 -0.489351 0.556686 -0.357269
0.413043 0.195609 1.689696 0.566401 -0.492060 0.554873 -0.359419
0.412754 0.195535 1.690167 0.564151 -0.495282 0.552423 -0.362295
0.412507 0.195422 1.690656 0.562069 -0.498154 0.550345 -0.364748
0.412305 0.195289 1.691124 0.560241 -0.500572 0.548619 -0.366845
0.412161 0.195165 1.691564 0.558574 -0.502751 0.547053 -0.368740
0.412138 0.195104 1.691985 0.556834 -0.505127 0.545302 -0.370713
0.412136 0.195033 1.692415 0.555196 -0.507239 0.543817 -0.372463
0.412148 0.194925 1.692809 0.553763 -0.509040 0.542614 -0.373892
0.412105 0.194819 1.693160 0.552336 -0.510705 0.541583 -0.375224
0.411900 0.194805 1.693348 0.550976 -0.512237 0.540763 -0.376316
0.411704 0.194822 1.693451 0.549819 -0.513566 0.540057 -0.377210
0.411547 0.194809 1.693522 0.548751 -0.514803 0.539467 -0.377923
0.411459 0.194782 1.693596 0.547514 -0.516280 0.538782 -0.378677
0.411421 0.194800 1.693713 0.546403 -0.517727 0.537971 -0.379460
0.411380 0.194822 1.693826 0.545542 -0.518862 0.537266 -0.380146
0.411340 0.194851 1.693951 0.544727 -0.519876 0.536628 -0.380830
0.411378 0.194812 1.694030 0.543825 -0.520960 0.536126 -0.381344
0.411463 0.194771 1.694116 0.543085 -0.521763 0.535735 -0.381851
0.411531 0.194730 1.694143 0.542589 -0.522360 0.535426 -0.382174
0.411594 0.194688 1.694156 0.542128 -0.522918 0.535142 -0.382462
0.411662 0.194768 1.694249 0.541817 -0.523248 0.535909 -0.381377
0.411592 0.195236 1.694267 0.542109 -0.522976 0.537174 -0.379548
0.411505 0.195659 1.694128 0.542534 -0.522688 0.538200 -0.377881
0.411442 0.195994 1.693945 0.542497 -0.522943 0.538875 -0.376620
0.411564 0.196262 1.694347 0.542951 -0.522452 0.541321 -0.373122
0.411545 0.196910 1.694790 0.544486 -0.520899 0.543849 -0.369360
0.411515 0.197439 1.694974 0.545690 -0.519853 0.545785 -0.366188
0.411505 0.197865 1.695320 0.545993 -0.519524 0.547211 -0.364070
0.411384 0.197801 1.696267 0.547586 -0.516975 0.552270 -0.357610
0.411154 0.197715 1.696947 0.548863 -0.514902 0.557154 -0.351007
0.410907 0.197721 1.697419 0.549932 -0.513159 0.560998 -0.345722
0.410660 0.197793 1.697795 0.550795 -0.511685 0.564021 -0.341589
0.409915 0.197302 1.698182 0.554076 -0.506449 0.571539 -0.331440
0.408931 0.197393 1.698054 0.557228 -0.501346 0.578082 -0.322446
0.407953 0.197883 1.697790 0.560016 -0.496785 0.583183 -0.315412
0.407045 0.198485 1.697574 0.562407 -0.492722 0.587344 -0.309758
0.405365 0.199099 1.698230 0.566706 -0.484292 0.595486 -0.299502
0.403457 0.200667 1.698877 0.571229 -0.475329 0.602602 -0.290914
0.401655 0.202553 1.699411 0.575014 -0.467481 0.608157 -0.284541
0.399982 0.204292 1.699932 0.578213 -0.460421 0.612998 -0.279134
0.397331 0.205291 1.700868 0.582024 -0.449792 0.621800 -0.268884
0.394715 0.206832 1.701372 0.586359 -0.438817 0.629657 -0.259140
0.392380 0.208513 1.701716 0.590109 -0.429122 0.636022 -0.251200
0.390195 0.209971 1.702155 0.593199 -0.420257 0.641777 -0.244171
0.386925 0.211240 1.703231 0.596545 -0.407884 0.650303 -0.234245
0.383766 0.213153 1.704035 0.600332 -0.395321 0.657766 -0.225092
0.380967 0.215155 1.704695 0.603830 -0.383836 0.664005 -0.217157
0.378252 0.216798 1.705425 0.606510 -0.373483 0.669650 -0.210295
0.374521 0.218056 1.706321 0.608986 -0.361199 0.676680 -0.201930
0.371092 0.219705 1.706884 0.611938 -0.348897 0.682852 -0.193690
0.368126 0.221330 1.707326 0.614566 -0.337919 0.688002 -0.186472
0.365151 0.222584 1.707851 0.616717 -0.327573 0.692868 -0.179696
0.361142 0.223834 1.708434 0.619206 -0.314939 0.698585 -0.171393
0.357463 0.225519 1.708843 0.621988 -0.302341 0.703573 -0.163414
0.354286 0.227164 1.709198 0.624566 -0.290764 0.707836 -0.156017
0.351068 0.228575 1.709770 0.626581 -0.279543 0.711970 -0.149497
0.347083 0.230410 1.710695 0.628532 -0.266350 0.716622 -0.143033
0.343449 0.232534 1.711510 0.630598 -0.253426 0.720721 -0.136681
0.340320 0.234489 1.712208 0.632394 -0.241853 0.724211 -0.130775
0.336994 0.235960 1.713210 0.633460 -0.230653 0.727894 -0.125289
0.333046 0.237410 1.714680 0.634040 -0.218497 0.732088 -0.119585
0.329524 0.238978 1.716002 0.634752 -0.206798 0.735791 -0.113731
0.326530 0.240374 1.717118 0.635214 -0.196909 0.738852 -0.108755
0.323180 0.241612 1.718362 0.635652 -0.185583 0.742228 -0.102970
0.319189 0.243381 1.719825 0.636093 -0.172370 0.745849 -0.096864
0.315570 0.245329 1.721138 0.636467 -0.160040 0.748980 -0.091244
0.312471 0.247075 1.722256 0.636515 -0.150019 0.751514 -0.086998
0.309258 0.248557 1.723343 0.636951 -0.138415 0.754006 -0.081297
0.305945 0.250081 1.724508 0.637367 -0.126624 0.756314 -0.075618
0.303065 0.251499 1.725570 0.637423 -0.117140 0.758192 -0.071529
0.300654 0.252676 1.726482 0.637279 -0.109662 0.759711 -0.068469
0.298327 0.253522 1.727189 0.637477 -0.099436 0.761496 -0.062120
0.296255 0.254141 1.727673 0.637562 -0.090257 0.763029 -0.056165
0.294558 0.254604 1.728067 0.637490 -0.083075 0.764235 -0.051470
0.293178 0.254928 1.728411 0.637320 -0.077507 0.765201 -0.047780
0.291827 0.255729 1.728786 0.637681 -0.068944 0.766076 -0.041689
0.290426 0.256842 1.729310 0.637813 -0.061306 0.766841 -0.037312
0.289161 0.257903 1.729842 0.637749 -0.055179 0.767503 -0.034217
0.288088 0.258812 1.730325 0.637604 -0.050291 0.768059 -0.031887
0.287456 0.260115 1.730531 0.637941 -0.043584 0.768332 -0.028232
0.287006 0.261308 1.730634 0.638226 -0.037979 0.768493 -0.025381
0.286653 0.262270 1.730724 0.638406 -0.033579 0.768618 -0.023154
0.286420 0.263084 1.730822 0.638533 -0.029943 0.768719 -0.021214
0.287117 0.264608 1.731248 0.638738 -0.025022 0.768800 -0.018278
0.287930 0.265809 1.731800 0.638759 -0.021461 0.768938 -0.016158
0.288667 0.266697 1.732299 0.638735 -0.018824 0.769060 -0.014451
0.289397 0.267494 1.732695 0.638763 -0.016475 0.769118 -0.012934
0.290981 0.268956 1.732688 0.639301 -0.012814 0.768766 -0.011347
0.292596 0.270024 1.732518 0.639858 -0.009994 0.768366 -0.009783
0.294030 0.270781 1.732325 0.640353 -0.007877 0.767996 -0.008364
0.295448 0.271578 1.732167 0.640807 -0.006062 0.767644 -0.007271
0.297717 0.273151 1.732182 0.641212 -0.004005 0.767322 -0.007050
0.299847 0.274300 1.732200 0.641543 -0.002623 0.767053 -0.006752
0.301690 0.275137 1.732198 0.641839 -0.001639 0.766812 -0.006376
0.303553 0.276178 1.732239 0.642055 -0.000443 0.766634 -0.006096
0.306198 0.278129 1.732434 0.642001 0.001446 0.766674 -0.006526
0.308599 0.279645 1.732529 0.641981 0.002859 0.766686 -0.006714
0.310655 0.280817 1.732556 0.642004 0.003960 0.766662 -0.006714
0.312899 0.282266 1.732601 0.642104 0.004786 0.766566 -0.007511
0.316107 0.284202 1.732757 0.642224 0.005148 0.766440 -0.009538
0.319073 0.285482 1.732824 0.642397 0.005099 0.766280 -0.010770
0.321646 0.286369 1.732827 0.642599 0.004936 0.766100 -0.011501
0.324517 0.287758 1.732749 0.642899 0.005228 0.765833 -0.012450
0.328171 0.289725 1.732395 0.643333 0.005916 0.765440 -0.013783
0.331449 0.291132 1.731878 0.643846 0.006399 0.764993 -0.014409
0.334257 0.292177 1.731350 0.644349 0.006765 0.764561 -0.014687
0.337336 0.293544 1.731049 0.644781 0.007218 0.764168 -0.015877
0.341020 0.294655 1.731089 0.645047 0.006967 0.763911 -0.017534
0.344397 0.295086 1.731136 0.645321 0.006206 0.763666 -0.018383
0.347328 0.295216 1.731156 0.645595 0.005380 0.763431 -0.018797
0.350746 0.295825 1.731207 0.645917 0.004016 0.763130 -0.020204
0.354626 0.296239 1.731215 0.646249 0.002143 0.762819 -0.021555
0.358109 0.296188 1.731129 0.646622 0.000309 0.762490 -0.022131
0.361095 0.295976 1.731009 0.646981 -0.001274 0.762178 -0.022347
0.364446 0.296475 1.730899 0.647157 -0.002208 0.762011 -0.022821
0.367878 0.297004 1.730604 0.647306 -0.002888 0.761875 -0.023099
0.370865 0.297272 1.730201 0.647533 -0.003457 0.761682 -0.022977
0.373385 0.297430 1.729800 0.647768 -0.003887 0.761488 -0.022729
0.376730 0.298192 1.729152 0.648369 -0.004380 0.760969 -0.022926
0.380282 0.298542 1.728227 0.649131 -0.005058 0.760326 -0.022554
0.383448 0.298505 1.727292 0.649883 -0.005787 0.759700 -0.021761
0.386152 0.298339 1.726459 0.650549 -0.006442 0.759148 -0.020926
0.389135 0.298920 1.726072 0.650937 -0.007083 0.758785 -0.021790
0.391836 0.299374 1.725941 0.651125 -0.007813 0.758588 -0.022795
0.394121 0.299655 1.725865 0.651271 -0.008480 0.758433 -0.023530
0.396055 0.299888 1.725799 0.651403 -0.009058 0.758295 -0.024107
0.398404 0.300749 1.725330 0.651732 -0.010115 0.757972 -0.024924
0.400478 0.301636 1.724507 0.652208 -0.010576 0.757541 -0.025387
0.402197 0.302436 1.723634 0.652703 -0.010693 0.757105 -0.025636
0.403647 0.303220 1.722849 0.653126 -0.010610 0.756734 -0.025825
0.405238 0.304536 1.722263 0.653176 -0.010546 0.756682 -0.026118
0.407001 0.304719 1.721894 0.653131 -0.012257 0.756740 -0.024786
0.408572 0.304704 1.721586 0.653123 -0.013540 0.756756 -0.023816
0.409984 0.304860 1.721274 0.653176 -0.014472 0.756716 -0.023081
0.411804 0.305308 1.720915 0.653327 -0.016110 0.756582 -0.022070
0.413365 0.305731 1.720491 0.653509 -0.017297 0.756421 -0.021325
0.414505 0.306285 1.720122 0.653635 -0.017779 0.756299 -0.021366
0.415082 0.307491 1.720041 0.653600 -0.017635 0.756297 -0.022616
0.415615 0.309263 1.720242 0.653560 -0.018687 0.756282 -0.023412
0.416010 0.310854 1.720453 0.653485 -0.019705 0.756301 -0.024046
0.416263 0.312299 1.720654 0.653396 -0.020346 0.756335 -0.024839
0.416450 0.313785 1.720814 0.653311 -0.021247 0.756355 -0.025685
0.416634 0.315514 1.720810 0.653242 -0.022980 0.756376 -0.025348
0.416806 0.316815 1.720791 0.653148 -0.024699 0.756429 -0.024545
0.416955 0.317850 1.720786 0.653064 -0.026117 0.756473 -0.023965
0.417037 0.318930 1.720857 0.653109 -0.027837 0.756388 -0.023479
0.416969 0.320214 1.721052 0.653319 -0.030656 0.756120 -0.022730
0.416843 0.321359 1.721237 0.653470 -0.033172 0.755895 -0.022381
0.416671 0.322400 1.721407 0.653572 -0.035157 0.755714 -0.022468
0.416459 0.323745 1.721578 0.653740 -0.037633 0.755453 -0.022343
0.416111 0.325479 1.721686 0.653977 -0.040745 0.755123 -0.021040
0.415698 0.327049 1.721760 0.654171 -0.043153 0.754850 -0.019974
0.415246 0.328502 1.721810 0.654344 -0.044820 0.754618 -0.019439
0.414691 0.329988 1.721963 0.654637 -0.047105 0.754230 -0.019199
0.413977 0.331487 1.722232 0.655007 -0.049667 0.753763 -0.018477
0.413240 0.332875 1.722502 0.655315 -0.051541 0.753377 -0.018122
0.412511 0.334176 1.722723 0.655596 -0.052719 0.753053 -0.018047
0.411792 0.335844 1.722955 0.655777 -0.054258 0.752801 -0.017411
0.410894 0.337806 1.723215 0.655831 -0.055338 0.752708 -0.015969
0.409879 0.339776 1.723554 0.655817 -0.056126 0.752664 -0.015864
0.408848 0.341679 1.723796 0.655860 -0.056080 0.752629 -0.015874
0.407929 0.343904 1.724000 0.656251 -0.056838 0.752250 -0.014961
0.406816 0.346368 1.724191 0.656679 -0.057328 0.751855 -0.014130
0.405643 0.348760 1.724290 0.657082 -0.056924 0.751545 -0.013537
0.404512 0.350965 1.724396 0.657368 -0.056280 0.751345 -0.013450
0.403451 0.353376 1.724386 0.657846 -0.056674 0.750908 -0.012770
0.402284 0.355816 1.724341 0.658244 -0.056796 0.750563 -0.012074
0.401162 0.358051 1.724300 0.658570 -0.056631 0.750292 -0.011833
0.400183 0.359994 1.724300 0.658837 -0.056538 0.750064 -0.011941
0.399417 0.362366 1.724504 0.659240 -0.057537 0.749641 -0.011441
0.398544 0.364701 1.724782 0.659579 -0.058172 0.749300 -0.011040
0.397662 0.366858 1.724995 0.659913 -0.058089 0.749015 -0.010816
0.396764 0.368979 1.725075 0.660300 -0.057421 0.748726 -0.010696
0.395920 0.371486 1.725103 0.660750 -0.057606 0.748330 -0.009636
0.394955 0.373919 1.725105 0.661121 -0.057630 0.748009 -0.008918
0.393910 0.376286 1.724989 0.661507 -0.056956 0.747724 -0.008660
0.392949 0.378637 1.724786 0.661970 -0.055946 0.747394 -0.008341
0.392068 0.381648 1.724788 0.662544 -0.055434 0.746930 -0.007615
0.391085 0.384493 1.724832 0.662928 -0.054369 0.746675 -0.006910
0.390088 0.387002 1.724841 0.663311 -0.053473 0.746402 -0.006489
0.389714 0.388473 1.724887 0.664011 -0.055111 0.745672 -0.004979
0.389989 0.389728 1.724937 0.664897 -0.057746 0.744696 -0.002121
0.390361 0.390596 1.724925 0.665592 -0.059640 0.743928 0.001049
0.390698 0.391353 1.724842 0.666230 -0.061357 0.743208 0.003816
0.390960 0.392247 1.724733 0.666959 -0.063534 0.742360 0.005605
0.391168 0.393468 1.724478 0.667940 -0.066178 0.741225 0.007880
0.391332 0.394542 1.724034 0.668898 -0.068492 0.740116 0.010600
0.391433 0.395532 1.723526 0.669756 -0.070632 0.739101 0.012959
0.391591 0.396510 1.722965 0.670857 -0.072819 0.737855 0.014806
0.391897 0.397464 1.722308 0.671939 -0.074548 0.736643 0.017260
