0.397256 0.362741 1.716172 0.656425 -0.046694 0.752923 -0.005710
0.397186 0.364146 1.716171 0.656588 -0.047168 0.752761 -0.004344
0.397205 0.365828 1.716119 0.656936 -0.047737 0.752430 -0.002465
0.397105 0.367424 1.716180 0.657174 -0.048443 0.752180 -0.000879
0.396955 0.368887 1.716187 0.657421 -0.048992 0.751929 0.000516
0.396846 0.370403 1.716110 0.657770 -0.049320 0.751599 0.002077
0.396841 0.372257 1.716236 0.658069 -0.050149 0.751275 0.003971
0.396757 0.373925 1.716401 0.658318 -0.051031 0.750987 0.005658
0.396631 0.375453 1.716473 0.658600 -0.051724 0.750680 0.007050
0.396587 0.377136 1.716411 0.659101 -0.052150 0.750197 0.008370
0.396610 0.378893 1.716407 0.659540 -0.052663 0.749757 0.009899
0.396563 0.380475 1.716384 0.659938 -0.053043 0.749361 0.011263
0.396475 0.381908 1.716306 0.660314 -0.053300 0.748992 0.012407
0.396174 0.383415 1.716326 0.660936 -0.053435 0.748420 0.013228
0.395695 0.384896 1.716597 0.661430 -0.053663 0.747951 0.014136
0.395217 0.386257 1.716815 0.661865 -0.053776 0.747543 0.014913
0.394739 0.387538 1.716960 0.662320 -0.053887 0.747123 0.015358
0.394245 0.388997 1.717028 0.662913 -0.054178 0.746569 0.015644
0.393699 0.390394 1.717087 0.663292 -0.054051 0.746226 0.016349
0.393168 0.391608 1.717145 0.663619 -0.054136 0.745918 0.016900
0.392789 0.392345 1.717259 0.664276 -0.055508 0.745231 0.016943
0.392393 0.392963 1.717504 0.665031 -0.056525 0.744464 0.017644
0.392028 0.393460 1.717815 0.665548 -0.057234 0.743921 0.018748
0.391703 0.393908 1.718071 0.665969 -0.057927 0.743468 0.019613
0.391254 0.394258 1.718304 0.666636 -0.058933 0.742793 0.019532
0.390614 0.394618 1.718698 0.667227 -0.059664 0.742195 0.019880
0.390016 0.394948 1.719105 0.667690 -0.060379 0.741709 0.020299
0.389478 0.395279 1.719441 0.668087 -0.061119 0.741285 0.020515
0.388695 0.395375 1.719736 0.668863 -0.061559 0.740570 0.019712
0.387858 0.395495 1.720146 0.669347 -0.061072 0.740163 0.020095
0.387115 0.395616 1.720550 0.669689 -0.060688 0.739876 0.020420
0.386389 0.395703 1.720863 0.670179 -0.060567 0.739445 0.020289
0.384835 0.395576 1.721335 0.671192 -0.059616 0.738622 0.019610
0.383224 0.395618 1.722014 0.671804 -0.058645 0.738150 0.019340
0.381818 0.395686 1.722658 0.672249 -0.057967 0.737811 0.018894
0.380285 0.395403 1.723331 0.672779 -0.057476 0.737391 0.017917
0.377719 0.395034 1.724638 0.672672 -0.055763 0.737659 0.016222
0.375230 0.394954 1.726096 0.672262 -0.054143 0.738189 0.014447
0.373051 0.394923 1.727503 0.671749 -0.052876 0.738783 0.012548
0.370212 0.394539 1.729545 0.670795 -0.051490 0.739786 0.009965
0.365731 0.395655 1.732475 0.668141 -0.045602 0.742608 0.006522
0.360535 0.398394 1.735503 0.664428 -0.037169 0.746427 0.000740
0.354543 0.402742 1.738359 0.659702 -0.026156 0.751037 -0.007274
0.347559 0.406090 1.741788 0.653889 -0.014020 0.756340 -0.013486
0.340791 0.409058 1.745191 0.648220 -0.004076 0.761193 -0.019456
0.334899 0.411665 1.748077 0.643314 0.003889 0.765199 -0.024528
0.329917 0.413602 1.750551 0.639105 0.010475 0.768547 -0.027749
0.324811 0.413609 1.754492 0.634309 0.015805 0.772450 -0.026906
0.320201 0.413455 1.758638 0.629926 0.019577 0.775944 -0.026833
0.316298 0.413255 1.762332 0.626194 0.022232 0.778877 -0.027153
0.312849 0.412458 1.765784 0.622865 0.024493 0.781513 -0.026017
0.309252 0.410546 1.769982 0.619432 0.026073 0.784275 -0.023178
0.306059 0.408887 1.773929 0.616393 0.027068 0.786686 -0.021300
0.303367 0.407487 1.777291 0.613845 0.027636 0.788688 -0.020050
0.300704 0.405844 1.780975 0.611090 0.028941 0.790860 -0.016509
0.297630 0.404157 1.785584 0.607839 0.029440 0.793386 -0.014224
0.294736 0.402816 1.789889 0.604871 0.029521 0.795665 -0.013284
0.292212 0.401752 1.793553 0.602338 0.029482 0.797593 -0.012860
0.289799 0.400644 1.798029 0.599269 0.030584 0.799910 -0.009224
0.287408 0.399499 1.802829 0.596065 0.030716 0.802314 -0.007362
0.285295 0.398467 1.807094 0.593276 0.030476 0.804397 -0.006355
0.283511 0.397651 1.810782 0.590918 0.030366 0.806144 -0.005068
0.281457 0.397570 1.815317 0.587963 0.031115 0.808285 -0.002426
0.279148 0.397727 1.819710 0.584927 0.031678 0.810466 -0.001508
0.276957 0.397990 1.823512 0.582209 0.032165 0.812402 -0.001256
0.275100 0.398610 1.826982 0.579888 0.032537 0.814046 -0.000806
0.273294 0.399919 1.830756 0.577332 0.033030 0.815841 -0.000723
0.271504 0.401144 1.834085 0.574931 0.033556 0.817513 -0.001143
0.269891 0.402236 1.836862 0.572840 0.034082 0.818957 -0.001656
0.268711 0.403804 1.839997 0.570997 0.034207 0.820238 -0.001413
0.267567 0.405440 1.843710 0.568771 0.034085 0.821788 -0.001752
0.266464 0.406702 1.847068 0.566713 0.033846 0.823216 -0.002395
0.265487 0.407720 1.849914 0.564920 0.033646 0.824454 -0.003027
0.265194 0.409825 1.853485 0.562839 0.033777 0.825871 -0.002759
0.265079 0.411489 1.857068 0.560595 0.033818 0.827395 -0.002756
0.265051 0.412640 1.860180 0.558695 0.033601 0.828688 -0.002789
0.265163 0.413792 1.862934 0.557157 0.033192 0.829739 -0.002882
0.265511 0.416762 1.866491 0.555138 0.033459 0.831077 -0.003689
0.265501 0.419364 1.869756 0.552978 0.034008 0.832488 -0.004790
0.265330 0.421552 1.872532 0.551038 0.034574 0.833744 -0.005832
0.265519 0.424118 1.875257 0.549355 0.034656 0.834840 -0.007023
0.266710 0.427133 1.878281 0.547419 0.034689 0.836102 -0.007969
0.268172 0.429170 1.880766 0.545921 0.034414 0.837089 -0.008226
0.269632 0.430597 1.882788 0.544763 0.034025 0.837860 -0.008125
0.271505 0.432797 1.885339 0.543910 0.033003 0.838455 -0.008044
0.273412 0.435061 1.888452 0.542674 0.032118 0.839288 -0.008300
0.275029 0.436646 1.891279 0.541505 0.031199 0.840075 -0.008545
0.276362 0.437835 1.893707 0.540446 0.030425 0.840783 -0.008731
0.278429 0.440104 1.897167 0.539319 0.028547 0.841562 -0.009668
0.280527 0.442073 1.900803 0.538000 0.027065 0.842443 -0.010644
0.282276 0.443521 1.904001 0.536751 0.025828 0.843268 -0.011432
0.283877 0.444857 1.906849 0.535665 0.024809 0.843981 -0.012044
0.286811 0.446690 1.910315 0.534637 0.023981 0.844651 -0.012319
0.290017 0.447966 1.913510 0.533921 0.023036 0.845133 -0.012172
0.292865 0.448812 1.916201 0.533303 0.022197 0.845550 -0.011849
0.295536 0.449908 1.918836 0.532489 0.021297 0.846084 -0.012040
0.298423 0.451445 1.922043 0.531043 0.020816 0.846992 -0.012809
0.300928 0.452620 1.924957 0.529734 0.020448 0.847811 -0.013432
0.302979 0.453491 1.927438 0.528574 0.020172 0.848534 -0.013893
0.305353 0.454928 1.930212 0.527598 0.019302 0.849150 -0.014553
0.308135 0.456195 1.933296 0.526635 0.018347 0.849760 -0.015025
0.310658 0.456881 1.936049 0.525785 0.017359 0.850304 -0.015222
0.312825 0.457252 1.938406 0.525038 0.016476 0.850782 -0.015254
0.315751 0.458621 1.941079 0.524118 0.015420 0.851356 -0.015937
0.318987 0.459315 1.943418 0.523296 0.014534 0.851880 -0.015836
0.322078 0.459435 1.945357 0.522724 0.013506 0.852258 -0.015282
0.325001 0.459577 1.947096 0.522334 0.012271 0.852524 -0.014790
0.328728 0.460445 1.949309 0.521933 0.011006 0.852795 -0.014366
0.332424 0.460456 1.951365 0.521602 0.009559 0.853029 -0.013490
0.335789 0.460001 1.953191 0.521361 0.008042 0.853208 -0.012462
0.339050 0.460037 1.955046 0.521020 0.006304 0.853439 -0.011909
0.342537 0.460782 1.956979 0.520187 0.005468 0.853959 -0.011332
0.345673 0.461159 1.958545 0.519473 0.004824 0.854408 -0.010533
0.348350 0.461350 1.959814 0.518867 0.004333 0.854788 -0.009719
0.351312 0.462227 1.961229 0.518386 0.003075 0.855085 -0.009792
0.354752 0.462607 1.962573 0.517837 0.001867 0.855427 -0.009272
0.358130 0.462325 1.963705 0.517500 0.000491 0.855643 -0.008251
0.361187 0.461773 1.964680 0.517263 -0.000841 0.855797 -0.007133
0.364784 0.462032 1.965497 0.517592 -0.003044 0.855588 -0.007737
0.368451 0.461943 1.965781 0.517957 -0.004675 0.855361 -0.007452
0.371828 0.461655 1.965805 0.518356 -0.006003 0.855117 -0.006718
0.374951 0.461609 1.965792 0.518953 -0.007312 0.854749 -0.006209
0.378715 0.462347 1.965684 0.520010 -0.008396 0.854093 -0.006666
0.382465 0.462581 1.965224 0.521015 -0.009259 0.853475 -0.006248
0.385879 0.462554 1.964667 0.521922 -0.009981 0.852917 -0.005463
0.389202 0.462840 1.964226 0.523160 -0.011137 0.852147 -0.005158
0.392737 0.463176 1.963875 0.524605 -0.012467 0.851238 -0.005177
0.395976 0.463103 1.963555 0.525812 -0.013672 0.850477 -0.004787
0.398782 0.462857 1.963309 0.526781 -0.014685 0.849863 -0.004276
0.401481 0.462911 1.963376 0.527987 -0.016161 0.849090 -0.003821
0.404038 0.462857 1.963485 0.529052 -0.017513 0.848402 -0.003328
0.406273 0.462678 1.963553 0.529877 -0.018567 0.847867 -0.002714
0.408153 0.462500 1.963607 0.530506 -0.019348 0.847458 -0.002131
0.410253 0.462840 1.963454 0.531275 -0.019899 0.846961 -0.002725
0.412552 0.463073 1.962709 0.532028 -0.020002 0.846487 -0.002617
0.414752 0.463227 1.961728 0.532753 -0.019947 0.846033 -0.002051
0.416722 0.463352 1.960767 0.533457 -0.019894 0.845593 -0.001274
0.418648 0.463327 1.959865 0.534269 -0.020146 0.845075 -0.000284
0.420466 0.463223 1.958919 0.534972 -0.020296 0.844625 0.000854
0.422063 0.463112 1.958038 0.535542 -0.020347 0.844261 0.001957
0.423325 0.462985 1.957443 0.536100 -0.020602 0.843900 0.002335
0.423894 0.463017 1.957415 0.536326 -0.020745 0.843755 0.001450
0.424272 0.462862 1.957664 0.536527 -0.021362 0.843612 0.001316
0.424587 0.462638 1.958006 0.536651 -0.021949 0.843518 0.001066
0.424500 0.462716 1.958255 0.536694 -0.022098 0.843488 0.000643
0.424264 0.462972 1.958377 0.536785 -0.022287 0.843425 0.000309
0.424090 0.463146 1.958489 0.536873 -0.022625 0.843360 0.000036
0.423952 0.463253 1.958590 0.536952 -0.022963 0.843301 -0.000212
0.423291 0.463229 1.958556 0.537127 -0.023393 0.843177 0.000509
0.422819 0.463088 1.958515 0.537142 -0.023815 0.843153 0.001943
0.422441 0.462989 1.958452 0.537095 -0.024145 0.843170 0.003050
0.421939 0.462735 1.958418 0.537128 -0.024391 0.843140 0.003782
0.420858 0.462031 1.958561 0.537166 -0.025012 0.843093 0.004575
0.419903 0.461391 1.958808 0.537050 -0.025647 0.843144 0.005358
0.419087 0.460847 1.959059 0.536903 -0.026262 0.843214 0.005979
0.417746 0.459834 1.959424 0.536820 -0.026458 0.843254 0.006872
0.415692 0.458584 1.960035 0.536526 -0.026748 0.843417 0.008522
0.413816 0.457531 1.960736 0.536166 -0.027206 0.843617 0.009844
0.412168 0.456660 1.961413 0.535783 -0.027713 0.843832 0.010797
0.409646 0.455238 1.962033 0.535446 -0.027984 0.844017 0.012225
0.406885 0.453833 1.962468 0.535155 -0.028929 0.844148 0.013653
0.404431 0.452720 1.962880 0.534772 -0.029751 0.844342 0.014854
0.402338 0.451742 1.963219 0.534516 -0.030675 0.844457 0.015596
0.399019 0.450290 1.963527 0.534567 -0.031078 0.844372 0.017529
0.395617 0.449019 1.963797 0.534501 -0.031704 0.844343 0.019696
0.392612 0.447777 1.964003 0.534284 -0.032358 0.844406 0.021755
0.389666 0.446542 1.964301 0.533888 -0.032940 0.844607 0.022745
0.385642 0.445085 1.964820 0.533654 -0.033037 0.844691 0.024873
0.381812 0.443686 1.965270 0.533440 -0.033554 0.844743 0.026940
0.378278 0.442207 1.965743 0.532919 -0.034525 0.845002 0.027887
0.374509 0.440523 1.966308 0.532518 -0.034814 0.845212 0.028801
0.370246 0.439021 1.966538 0.532568 -0.034898 0.845126 0.030270
0.366442 0.437401 1.966664 0.532585 -0.035737 0.845051 0.031060
0.362912 0.435772 1.966795 0.532246 -0.036832 0.845212 0.031229
0.358866 0.433929 1.966819 0.531914 -0.035843 0.845396 0.033002
0.354970 0.432191 1.966432 0.531992 -0.035517 0.845307 0.034346
0.351384 0.430559 1.965945 0.531861 -0.035671 0.845350 0.035156
0.348153 0.428700 1.965548 0.531539 -0.036201 0.845499 0.035888
0.344054 0.426925 1.964862 0.531186 -0.034082 0.845707 0.038206
0.340393 0.425066 1.964031 0.531395 -0.033214 0.845500 0.040589
0.337068 0.423154 1.963283 0.531277 -0.033028 0.845497 0.042300
0.333820 0.420922 1.962681 0.530942 -0.033000 0.845670 0.043058
0.330114 0.418828 1.961564 0.531164 -0.031291 0.845487 0.045133
0.326784 0.416729 1.960436 0.531192 -0.030441 0.845395 0.047078
0.323730 0.414581 1.959458 0.530989 -0.030450 0.845460 0.048175
0.320398 0.412040 1.958734 0.530639 -0.029730 0.845617 0.049697
0.316848 0.409758 1.957558 0.530967 -0.028473 0.845307 0.052134
0.313621 0.407357 1.956577 0.531080 -0.028262 0.845137 0.053834
0.310664 0.404809 1.955844 0.531019 -0.028843 0.845082 0.054994
0.307409 0.401871 1.955104 0.530815 -0.027680 0.845185 0.055964
0.304696 0.398879 1.954983 0.531596 -0.026926 0.844701 0.056227
0.302025 0.395188 1.956560 0.532140 -0.027750 0.844409 0.055056
0.299408 0.390427 1.959101 0.532673 -0.030410 0.844084 0.053443
0.296468 0.385398 1.960989 0.533271 -0.031435 0.843695 0.053035
0.293616 0.380783 1.962646 0.533638 -0.032953 0.843446 0.052368
0.291029 0.376067 1.964276 0.533661 -0.035256 0.843384 0.051645
0.288658 0.371106 1.965627 0.533660 -0.037146 0.843312 0.051506
0.286016 0.366489 1.966328 0.533758 -0.036983 0.843215 0.052202
0.283382 0.362136 1.967172 0.533644 -0.037708 0.843252 0.052240
0.280971 0.357483 1.968198 0.533399 -0.039620 0.843339 0.051907
0.278579 0.352253 1.969126 0.532999 -0.040281 0.843571 0.051736
0.276016 0.346949 1.969952 0.532531 -0.040358 0.843885 0.051365
0.273634 0.341486 1.970943 0.531770 -0.041761 0.844324 0.050933
0.271509 0.335836 1.971971 0.530710 -0.044176 0.844885 0.050644
0.269314 0.329347 1.973038 0.530342 -0.045727 0.845108 0.049391
0.266604 0.323046 1.974353 0.529517 -0.046692 0.845574 0.049350
0.264096 0.316801 1.975579 0.528802 -0.048772 0.845909 0.049279
0.261931 0.310458 1.976653 0.528129 -0.051548 0.846157 0.049410
0.259509 0.303444 1.977657 0.528022 -0.053019 0.846170 0.048757
0.256737 0.296762 1.978641 0.527698 -0.054115 0.846359 0.047779
0.253932 0.290486 1.979529 0.527003 -0.055489 0.846746 0.047011
0.251210 0.284234 1.980558 0.526436 -0.057180 0.847010 0.046587
0.248019 0.277248 1.982170 0.526217 -0.058370 0.847077 0.046378
0.245005 0.269988 1.983570 0.525909 -0.059835 0.847184 0.046031
0.242286 0.262621 1.984692 0.525314 -0.061849 0.847436 0.045524
0.239535 0.255022 1.986019 0.524749 -0.064119 0.847625 0.045374
0.236605 0.246860 1.987457 0.524510 -0.066232 0.847614 0.045313
0.233966 0.238465 1.988547 0.524194 -0.068612 0.847629 0.045153
0.231648 0.229900 1.989289 0.523657 -0.071435 0.847728 0.045131
0.229116 0.220918 1.990434 0.523176 -0.074402 0.847757 0.045369
0.226724 0.211409 1.991355 0.522949 -0.077713 0.847610 0.045204
0.224687 0.201840 1.991796 0.522698 -0.081198 0.847449 0.044987
0.223016 0.193106 1.991989 0.522310 -0.084606 0.847347 0.045134
0.221055 0.183696 1.992432 0.522264 -0.087596 0.847067 0.045213
0.219396 0.174916 1.992548 0.522267 -0.089760 0.846792 0.046080
0.218023 0.167568 1.992498 0.521957 -0.091590 0.846698 0.047702
0.216697 0.160871 1.992519 0.522172 -0.093060 0.846360 0.048474
0.214615 0.152910 1.992765 0.522770 -0.094097 0.845881 0.048404
0.212774 0.145872 1.992793 0.523078 -0.095346 0.845548 0.048447
0.210888 0.139930 1.992898 0.522865 -0.097006 0.845502 0.048261
0.209254 0.134293 1.993009 0.523684 -0.096784 0.845012 0.048393
0.207552 0.128399 1.993049 0.524475 -0.095939 0.844531 0.049898
0.206136 0.123448 1.992957 0.525128 -0.095417 0.844098 0.051344
0.205115 0.119628 1.992814 0.525892 -0.094809 0.843641 0.052131
0.204001 0.115528 1.992990 0.526851 -0.093767 0.843267 0.050376
0.202975 0.111734 1.993002 0.527834 -0.092086 0.842843 0.050261
0.202125 0.108701 1.992921 0.528679 -0.090457 0.842442 0.051065
0.201369 0.106135 1.992881 0.529414 -0.089187 0.842101 0.051314
0.200344 0.102309 1.993122 0.530141 -0.088134 0.841889 0.049052
0.199589 0.099140 1.993128 0.531189 -0.086282 0.841459 0.048381
0.198954 0.096707 1.993104 0.532181 -0.084339 0.841011 0.048684
0.198367 0.094513 1.993152 0.533132 -0.082609 0.840598 0.048378
0.197762 0.092145 1.993236 0.534078 -0.080773 0.840278 0.046584
0.197197 0.090253 1.993246 0.534943 -0.078966 0.839947 0.045713
0.196675 0.088686 1.993245 0.535675 -0.077528 0.839646 0.045116
0.196169 0.086744 1.993320 0.536248 -0.076614 0.839459 0.043325
0.195727 0.084528 1.993328 0.536795 -0.075747 0.839304 0.041008
0.195313 0.082703 1.993282 0.537309 -0.074962 0.839120 0.039468
0.194897 0.081168 1.993258 0.537780 -0.074392 0.838927 0.038200
0.194383 0.079269 1.993358 0.538152 -0.073892 0.838855 0.035415
0.193442 0.077432 1.993515 0.538406 -0.073230 0.838887 0.032007
0.191985 0.075802 1.993809 0.538497 -0.072830 0.838957 0.029474
0.190777 0.074244 1.994027 0.538650 -0.072859 0.838909 0.027933
0.189575 0.072540 1.994305 0.538588 -0.072748 0.839012 0.026270
0.188361 0.070832 1.994506 0.538399 -0.072927 0.839121 0.026155
0.187205 0.069107 1.994648 0.538084 -0.073570 0.839243 0.026906
0.185968 0.067353 1.994865 0.537478 -0.074557 0.839520 0.027655
0.184433 0.065802 1.995338 0.536533 -0.075316 0.840057 0.027659
0.182635 0.064341 1.995892 0.534887 -0.076709 0.840975 0.027796
0.179568 0.062357 1.996857 0.529190 -0.081301 0.844145 0.027706
0.175485 0.059881 1.998289 0.521604 -0.086917 0.848296 0.027700
0.170915 0.057489 1.999923 0.513718 -0.092286 0.852539 0.027479
0.166803 0.055436 2.001307 0.506839 -0.096905 0.856145 0.027181
0.163418 0.053804 2.002412 0.501312 -0.100551 0.858985 0.026843
0.160577 0.052785 2.003486 0.496487 -0.103453 0.861457 0.026264
0.158301 0.052220 2.004437 0.492660 -0.105490 0.863420 0.025769
0.156494 0.051818 2.005217 0.489695 -0.106998 0.864933 0.025316
0.155036 0.051523 2.005877 0.487372 -0.108137 0.866114 0.024918
0.153570 0.051581 2.006726 0.485212 -0.108789 0.867238 0.025168
0.152295 0.051769 2.007509 0.483409 -0.109166 0.868192 0.025314
0.151243 0.051962 2.008165 0.481958 -0.109405 0.868967 0.025365
0.150328 0.052217 2.008739 0.480650 -0.109694 0.869679 0.024542
0.149211 0.052791 2.009420 0.479112 -0.109842 0.870568 0.022319
0.148117 0.053397 2.010086 0.477713 -0.109818 0.871388 0.020358
0.147172 0.053921 2.010662 0.476545 -0.109747 0.872072 0.018742
0.146448 0.054363 2.011071 0.475567 -0.109809 0.872635 0.016936
0.145976 0.054662 2.011327 0.474890 -0.109925 0.873022 0.015109
0.145616 0.054880 2.011517 0.474380 -0.110018 0.873311 0.013694
0.145333 0.055061 2.011661 0.473985 -0.110075 0.873534 0.012607
0.144978 0.055411 2.011776 0.473545 -0.109931 0.873804 0.011644
0.144575 0.055804 2.011933 0.473128 -0.109678 0.874075 0.010619
0.144204 0.056144 2.012089 0.472761 -0.109452 0.874313 0.009743
0.143881 0.056455 2.012207 0.472439 -0.109280 0.874516 0.009066
0.143653 0.057079 2.012251 0.472512 -0.108737 0.874547 0.008699
