0.425501 0.196949 1.663772 0.637872 -0.309108 0.679253 -0.190230
0.425040 0.197299 1.663926 0.634823 -0.318817 0.674799 -0.200002
0.424524 0.197781 1.664687 0.631174 -0.329227 0.669752 -0.211330
0.424033 0.198195 1.665492 0.627526 -0.338826 0.664964 -0.221878
0.423637 0.198382 1.666103 0.624055 -0.347447 0.660704 -0.230880
0.423068 0.198642 1.666789 0.619894 -0.356783 0.655913 -0.241276
0.422337 0.198776 1.667593 0.615487 -0.366163 0.650980 -0.251645
0.421710 0.198794 1.668419 0.611614 -0.373957 0.646817 -0.260217
0.421164 0.198816 1.669232 0.608319 -0.380247 0.643427 -0.267138
0.420651 0.198871 1.670020 0.604970 -0.386305 0.640229 -0.273654
0.420104 0.199037 1.670799 0.601860 -0.391935 0.637154 -0.279616
0.419588 0.199217 1.671611 0.599341 -0.396270 0.634776 -0.284288
0.419134 0.199341 1.672369 0.597323 -0.399647 0.632943 -0.287871
0.418729 0.199423 1.673032 0.594848 -0.403942 0.630329 -0.292697
0.418385 0.199480 1.673695 0.591953 -0.409008 0.627066 -0.298482
0.418083 0.199489 1.674308 0.589667 -0.412981 0.624468 -0.302951
0.417811 0.199484 1.674856 0.587813 -0.416175 0.622354 -0.306512
0.417564 0.199448 1.675356 0.585479 -0.420122 0.619712 -0.310916
0.417359 0.199390 1.675974 0.582631 -0.424746 0.616654 -0.316022
0.417171 0.199313 1.676586 0.580371 -0.428360 0.614240 -0.319978
0.416999 0.199223 1.677135 0.578553 -0.431264 0.612276 -0.323118
0.416781 0.199130 1.677595 0.576216 -0.434934 0.609665 -0.327286
0.416483 0.199083 1.678042 0.573148 -0.439561 0.606389 -0.332535
0.416220 0.199009 1.678447 0.570575 -0.443366 0.603767 -0.336655
0.415992 0.198925 1.678804 0.568428 -0.446513 0.601602 -0.339985
0.415781 0.198820 1.679067 0.565911 -0.450263 0.598927 -0.343938
0.415584 0.198742 1.679305 0.562896 -0.454787 0.595642 -0.348610
0.415403 0.198659 1.679514 0.560558 -0.458334 0.593042 -0.352144
0.415243 0.198561 1.679680 0.558706 -0.461189 0.590932 -0.354894
0.415079 0.198438 1.679774 0.556464 -0.464647 0.588315 -0.358240
0.414885 0.198331 1.679872 0.553560 -0.469106 0.584948 -0.362420
0.414711 0.198210 1.679949 0.551284 -0.472671 0.582273 -0.365549
0.414553 0.198095 1.680015 0.549446 -0.475583 0.580051 -0.368063
0.414457 0.197941 1.680006 0.547465 -0.478676 0.577672 -0.370739
0.414482 0.197836 1.680025 0.544957 -0.482321 0.574798 -0.374160
0.414512 0.197751 1.680075 0.542902 -0.485290 0.572439 -0.376914
0.414539 0.197659 1.680122 0.541204 -0.487753 0.570481 -0.379141
0.414625 0.197558 1.680125 0.539354 -0.490336 0.568430 -0.381517
0.414873 0.197505 1.680140 0.537053 -0.493304 0.565989 -0.384553
0.415100 0.197480 1.680197 0.535259 -0.495601 0.564038 -0.386961
0.415297 0.197451 1.680243 0.533831 -0.497456 0.562449 -0.388861
0.415465 0.197451 1.680255 0.532463 -0.499265 0.560917 -0.390627
0.415573 0.197581 1.680202 0.530935 -0.501346 0.559323 -0.392323
0.415668 0.197690 1.680113 0.529708 -0.503082 0.558077 -0.393533
0.415752 0.197773 1.680013 0.528720 -0.504524 0.557047 -0.394474
0.415800 0.197824 1.679883 0.527642 -0.506001 0.555924 -0.395607
0.415744 0.197885 1.679747 0.526069 -0.507793 0.554424 -0.397508
0.415683 0.197964 1.679642 0.524758 -0.509266 0.553212 -0.399040
0.415630 0.198026 1.679540 0.523680 -0.510497 0.552223 -0.400252
0.415579 0.198100 1.679472 0.522774 -0.511570 0.551440 -0.401145
0.415492 0.198243 1.679529 0.522078 -0.512573 0.550867 -0.401558
0.415408 0.198360 1.679613 0.521495 -0.513422 0.550380 -0.401899
0.415332 0.198466 1.679713 0.520939 -0.514176 0.549926 -0.402276
0.415241 0.198485 1.679794 0.520638 -0.514537 0.550207 -0.401821
0.414977 0.198296 1.679612 0.521709 -0.513333 0.552608 -0.398665
0.414639 0.198416 1.679442 0.522826 -0.512046 0.554354 -0.396424
0.414354 0.198494 1.679165 0.523659 -0.511200 0.555776 -0.394422
0.414147 0.198299 1.678934 0.524749 -0.510068 0.558350 -0.390788
0.413653 0.197975 1.679098 0.526619 -0.507685 0.563988 -0.383205
0.413153 0.197758 1.679252 0.527825 -0.505999 0.568495 -0.377066
0.412757 0.197490 1.679361 0.528359 -0.505091 0.572124 -0.372013
0.412386 0.197089 1.679542 0.529460 -0.503369 0.576470 -0.366024
0.411769 0.196201 1.679993 0.531893 -0.498995 0.585160 -0.354516
0.411132 0.195610 1.680253 0.533618 -0.495548 0.592108 -0.345095
0.410550 0.195171 1.680436 0.534862 -0.492829 0.597581 -0.337548
0.409938 0.194642 1.680723 0.536150 -0.489849 0.603085 -0.329970
0.408553 0.193697 1.681382 0.538930 -0.483410 0.612641 -0.317079
0.407092 0.193462 1.681816 0.542418 -0.476429 0.620830 -0.305561
0.405735 0.193609 1.682173 0.545406 -0.470303 0.627273 -0.296437
0.404379 0.193802 1.682569 0.548053 -0.464547 0.632980 -0.288393
0.401930 0.193923 1.682973 0.551847 -0.455883 0.641122 -0.276764
0.399478 0.194852 1.683070 0.556464 -0.446545 0.648170 -0.266123
0.397272 0.196071 1.683118 0.560999 -0.437593 0.654064 -0.256889
0.395235 0.197163 1.683283 0.564671 -0.429665 0.659196 -0.248987
0.392308 0.197584 1.684051 0.567896 -0.419868 0.666814 -0.237832
0.389540 0.198416 1.684692 0.571442 -0.409991 0.673505 -0.227492
0.387117 0.199384 1.685263 0.574782 -0.400889 0.679089 -0.218522
0.384937 0.200236 1.685833 0.577390 -0.393011 0.683866 -0.210925
0.381757 0.201030 1.686365 0.580228 -0.382575 0.690629 -0.200007
0.378639 0.202593 1.686510 0.583707 -0.371651 0.696459 -0.190017
0.375868 0.204350 1.686587 0.586663 -0.362091 0.701084 -0.182200
0.373373 0.205910 1.686721 0.589059 -0.353753 0.704977 -0.175712
0.369733 0.206740 1.686981 0.592047 -0.342787 0.710300 -0.165685
0.366291 0.207863 1.687072 0.594732 -0.332790 0.714724 -0.157207
0.363316 0.209035 1.687174 0.596764 -0.324496 0.718218 -0.150790
0.360723 0.210042 1.687346 0.598366 -0.317356 0.721182 -0.145393
0.357150 0.210922 1.687798 0.600668 -0.306996 0.725489 -0.136443
0.353668 0.212400 1.688131 0.602835 -0.297205 0.729075 -0.129262
0.350607 0.213991 1.688438 0.604504 -0.288961 0.731905 -0.124059
0.347949 0.215408 1.688757 0.605818 -0.281888 0.734278 -0.119826
0.344376 0.216946 1.689308 0.607823 -0.271429 0.737652 -0.112907
0.340854 0.219068 1.689736 0.609532 -0.261862 0.740415 -0.108095
0.337743 0.221207 1.690114 0.610848 -0.253752 0.742622 -0.104819
0.335060 0.223068 1.690472 0.611856 -0.246855 0.744483 -0.102175
0.331802 0.224509 1.690833 0.613269 -0.237009 0.747355 -0.095852
0.328736 0.226112 1.690923 0.614427 -0.228232 0.749759 -0.090831
0.326093 0.227624 1.690963 0.615284 -0.220921 0.751690 -0.087076
0.323849 0.228900 1.691022 0.615912 -0.214795 0.753297 -0.084026
0.321072 0.230094 1.691519 0.617273 -0.204698 0.755611 -0.078261
0.318432 0.231422 1.692037 0.618187 -0.195971 0.757604 -0.073999
0.316152 0.232660 1.692499 0.618771 -0.188855 0.759230 -0.070887
0.314229 0.233699 1.692905 0.619149 -0.183019 0.760578 -0.068416
0.311843 0.235025 1.693786 0.620832 -0.172236 0.762154 -0.063431
0.309511 0.236508 1.694867 0.621960 -0.163000 0.763532 -0.060133
0.307476 0.237864 1.695862 0.622652 -0.155586 0.764687 -0.057896
0.305765 0.238993 1.696716 0.623072 -0.149667 0.765651 -0.056224
0.303982 0.240835 1.697938 0.624266 -0.139825 0.766839 -0.051940
0.302142 0.243048 1.699318 0.624970 -0.131380 0.767899 -0.049830
0.300471 0.245106 1.700557 0.625362 -0.124472 0.768805 -0.048656
0.299042 0.246857 1.701604 0.625566 -0.118915 0.769566 -0.047904
0.297990 0.248817 1.702870 0.625813 -0.110506 0.770777 -0.045285
0.297243 0.250507 1.704014 0.625731 -0.103677 0.771897 -0.043426
0.296673 0.251825 1.704942 0.625558 -0.098317 0.772824 -0.041879
0.296238 0.252851 1.705689 0.625350 -0.094107 0.773585 -0.040583
0.296232 0.254203 1.706616 0.625395 -0.087374 0.774523 -0.036886
0.296396 0.255416 1.707560 0.625229 -0.081934 0.775378 -0.034112
0.296573 0.256362 1.708355 0.625010 -0.077708 0.776085 -0.031891
0.296748 0.257106 1.709005 0.624785 -0.074391 0.776662 -0.030090
0.297505 0.258772 1.709861 0.625014 -0.068703 0.777090 -0.027736
0.298379 0.260507 1.710864 0.625056 -0.063939 0.777503 -0.026559
0.299132 0.261913 1.711746 0.625006 -0.060239 0.777868 -0.025694
0.299781 0.263049 1.712476 0.624930 -0.057324 0.778172 -0.024997
0.300851 0.264545 1.713417 0.624741 -0.053696 0.778626 -0.023615
0.302019 0.265920 1.714416 0.624395 -0.050906 0.779115 -0.022806
0.303045 0.266991 1.715252 0.624083 -0.048783 0.779520 -0.022120
0.303927 0.267841 1.715926 0.623826 -0.047114 0.779845 -0.021526
0.305525 0.269489 1.716578 0.623853 -0.043985 0.780026 -0.020813
0.307396 0.271094 1.717154 0.623882 -0.041292 0.780157 -0.020499
0.309070 0.272286 1.717586 0.623920 -0.039265 0.780244 -0.020064
0.310517 0.273205 1.717910 0.623965 -0.037691 0.780296 -0.019606
0.312599 0.274830 1.718521 0.624165 -0.034598 0.780271 -0.019960
0.315032 0.276160 1.719383 0.624193 -0.032357 0.780323 -0.020771
0.317256 0.276949 1.720139 0.624185 -0.030980 0.780376 -0.021133
0.319199 0.277454 1.720757 0.624184 -0.030040 0.780411 -0.021237
0.321760 0.278678 1.721323 0.624373 -0.028698 0.780291 -0.021942
0.324584 0.279887 1.721795 0.624578 -0.027671 0.780138 -0.022841
0.327090 0.280694 1.722124 0.624791 -0.027015 0.779977 -0.023287
0.329241 0.281269 1.722356 0.624999 -0.026549 0.779820 -0.023491
0.331889 0.282655 1.722349 0.625534 -0.025473 0.779384 -0.024895
0.334781 0.284164 1.722039 0.626230 -0.024204 0.778814 -0.026424
0.337338 0.285267 1.721631 0.626904 -0.023210 0.778271 -0.027331
0.339529 0.286105 1.721227 0.627505 -0.022427 0.777789 -0.027898
0.342249 0.287834 1.720880 0.628026 -0.020714 0.777376 -0.029005
0.345240 0.289799 1.720408 0.628487 -0.018793 0.777000 -0.030363
0.347868 0.291312 1.719853 0.628964 -0.017221 0.776618 -0.031172
0.350115 0.292501 1.719319 0.629408 -0.015936 0.776266 -0.031668
0.352871 0.294136 1.718874 0.629998 -0.014605 0.775769 -0.032750
0.356018 0.295544 1.718523 0.630559 -0.013762 0.775279 -0.033889
0.358861 0.296394 1.718184 0.631068 -0.013369 0.774848 -0.034424
0.361325 0.296945 1.717871 0.631519 -0.013166 0.774474 -0.034650
0.364127 0.297834 1.717570 0.632023 -0.013108 0.774004 -0.035954
0.367313 0.298480 1.717182 0.632557 -0.013409 0.773499 -0.037281
0.370222 0.298655 1.716744 0.633087 -0.013925 0.773029 -0.037842
0.372753 0.298629 1.716326 0.633571 -0.014457 0.772613 -0.038034
0.375507 0.299166 1.715851 0.633835 -0.015369 0.772335 -0.038928
0.378391 0.300159 1.714920 0.634149 -0.015964 0.772009 -0.040034
0.380868 0.301011 1.713804 0.634614 -0.016111 0.771592 -0.040623
0.382947 0.301738 1.712731 0.635097 -0.016049 0.771178 -0.040963
0.385087 0.302791 1.711760 0.635537 -0.015638 0.770768 -0.041997
0.387386 0.303869 1.710757 0.635971 -0.015125 0.770351 -0.043274
0.389438 0.304614 1.709773 0.636428 -0.014726 0.769940 -0.044001
0.391203 0.305157 1.708887 0.636858 -0.014399 0.769566 -0.044423
0.393271 0.305912 1.708207 0.637172 -0.014536 0.769260 -0.045174
0.395825 0.306353 1.707698 0.637346 -0.015498 0.769060 -0.045789
0.398024 0.306725 1.707198 0.637571 -0.015919 0.768822 -0.046504
0.399863 0.307038 1.706740 0.637791 -0.016178 0.768601 -0.047037
0.401807 0.307179 1.706421 0.637717 -0.016981 0.768650 -0.046967
0.404014 0.307003 1.706115 0.637426 -0.018192 0.768888 -0.046561
0.406013 0.306656 1.705749 0.637254 -0.019238 0.769041 -0.045960
0.407766 0.306241 1.705391 0.637152 -0.020182 0.769143 -0.045279
0.409483 0.305920 1.705122 0.637099 -0.021492 0.769186 -0.044684
0.411180 0.305602 1.705022 0.637010 -0.023240 0.769239 -0.044137
0.412626 0.305307 1.704943 0.636963 -0.024642 0.769258 -0.043740
0.413841 0.305061 1.704849 0.636954 -0.025748 0.769247 -0.043420
0.415146 0.305032 1.704651 0.636874 -0.026331 0.769341 -0.042565
0.416140 0.305848 1.704231 0.636763 -0.024825 0.769476 -0.042689
0.416822 0.306922 1.703802 0.636679 -0.023203 0.769587 -0.042869
0.417470 0.307821 1.703366 0.636619 -0.022131 0.769666 -0.042889
0.418114 0.308748 1.703009 0.636623 -0.021850 0.769657 -0.043142
0.418655 0.309880 1.702833 0.636668 -0.022237 0.769595 -0.043407
0.419039 0.310923 1.702713 0.636701 -0.022436 0.769548 -0.043630
0.419315 0.311882 1.702599 0.636744 -0.022451 0.769495 -0.043940
0.419534 0.312962 1.702505 0.636727 -0.022313 0.769524 -0.043742
0.419674 0.314301 1.702432 0.636576 -0.022316 0.769706 -0.042714
0.419770 0.315406 1.702348 0.636430 -0.022357 0.769888 -0.041597
0.419841 0.316327 1.702276 0.636301 -0.022337 0.770044 -0.040684
0.419839 0.317309 1.702268 0.636204 -0.022693 0.770152 -0.039947
0.419626 0.318631 1.702345 0.636131 -0.023803 0.770217 -0.039207
0.419313 0.319923 1.702442 0.636031 -0.024706 0.770288 -0.038867
0.418952 0.321155 1.702545 0.635937 -0.025251 0.770346 -0.038917
0.418627 0.322551 1.702656 0.635860 -0.025872 0.770400 -0.038691
0.418282 0.324362 1.702764 0.635744 -0.027305 0.770484 -0.037931
0.417834 0.326131 1.702813 0.635656 -0.028183 0.770547 -0.037471
0.417328 0.327797 1.702877 0.635564 -0.028664 0.770604 -0.037513
0.416804 0.329520 1.703036 0.635535 -0.029575 0.770579 -0.037798
0.416060 0.331664 1.703383 0.635646 -0.031235 0.770417 -0.037893
0.415165 0.333812 1.703751 0.635738 -0.032285 0.770271 -0.038437
0.414231 0.335879 1.704079 0.635850 -0.032680 0.770116 -0.039330
0.413401 0.338024 1.704349 0.635955 -0.032927 0.769989 -0.039920
0.412626 0.340631 1.704519 0.636004 -0.033080 0.769973 -0.039338
0.411759 0.343139 1.704643 0.636088 -0.032679 0.769937 -0.038997
0.410933 0.345374 1.704712 0.636239 -0.032068 0.769844 -0.038856
0.410318 0.347611 1.704770 0.636375 -0.031735 0.769772 -0.038364
0.410246 0.349867 1.704838 0.636381 -0.033067 0.769834 -0.035798
0.410260 0.351609 1.704897 0.636362 -0.034436 0.769899 -0.033381
0.410275 0.353050 1.704938 0.636346 -0.035457 0.769946 -0.031459
