0.431575 0.203168 1.672282 0.679174 -0.125991 0.720753 -0.057997
0.431507 0.203607 1.672516 0.678801 -0.133450 0.719353 -0.062847
0.431444 0.204291 1.672982 0.678584 -0.141927 0.717519 -0.067439
0.431459 0.204759 1.673311 0.678268 -0.150072 0.715712 -0.072027
0.431452 0.205153 1.673582 0.677787 -0.157784 0.713972 -0.077156
0.431419 0.205510 1.673821 0.677164 -0.165227 0.712255 -0.082711
0.431230 0.206229 1.674309 0.676610 -0.174310 0.709944 -0.088281
0.431173 0.206671 1.674643 0.676004 -0.183256 0.707661 -0.093010
0.431139 0.206950 1.674879 0.675244 -0.191682 0.705468 -0.098073
0.431088 0.207158 1.675064 0.674356 -0.199597 0.703347 -0.103477
0.430932 0.207557 1.675407 0.673422 -0.208377 0.700809 -0.109310
0.430835 0.207855 1.675683 0.672497 -0.217316 0.698160 -0.114427
0.430777 0.208029 1.675857 0.671416 -0.225755 0.695630 -0.119727
0.430710 0.208132 1.675992 0.670223 -0.233660 0.693196 -0.125236
0.430520 0.208349 1.676139 0.668852 -0.242229 0.690428 -0.131415
0.430226 0.208534 1.676231 0.667416 -0.252057 0.687157 -0.137252
0.430042 0.208516 1.676240 0.665854 -0.261575 0.683957 -0.142901
0.429890 0.208434 1.676223 0.664213 -0.270382 0.680897 -0.148644
0.429717 0.208403 1.676188 0.662417 -0.279100 0.677732 -0.154876
0.429420 0.208467 1.676076 0.660404 -0.289399 0.673769 -0.161710
0.429191 0.208444 1.675948 0.658270 -0.299536 0.669806 -0.168284
0.429011 0.208376 1.675859 0.656121 -0.308765 0.666106 -0.174566
0.428858 0.208327 1.675794 0.654043 -0.316878 0.662833 -0.180188
0.428360 0.208504 1.675799 0.651269 -0.327428 0.657955 -0.189036
0.428051 0.208402 1.675877 0.647011 -0.340335 0.652687 -0.198868
0.427827 0.208176 1.676105 0.643540 -0.350944 0.648046 -0.206711
0.427605 0.208017 1.676324 0.640711 -0.359606 0.643960 -0.213281
0.427086 0.208088 1.676475 0.637492 -0.369569 0.638428 -0.222334
0.426526 0.208077 1.676624 0.633733 -0.380162 0.632838 -0.231029
0.426105 0.207910 1.676828 0.630307 -0.389171 0.628216 -0.237912
0.425752 0.207772 1.677062 0.627426 -0.396549 0.624319 -0.243539
0.425433 0.207775 1.677344 0.624695 -0.403598 0.620362 -0.249029
0.425122 0.207843 1.677783 0.621874 -0.411000 0.616108 -0.254487
0.424877 0.207797 1.678234 0.619410 -0.417268 0.612542 -0.258863
0.424692 0.207687 1.678563 0.617448 -0.422395 0.609578 -0.262212
0.424495 0.207574 1.678881 0.615590 -0.426977 0.606936 -0.265271
0.424075 0.207538 1.679246 0.613390 -0.431906 0.604155 -0.268713
0.423644 0.207563 1.679549 0.611575 -0.436022 0.601735 -0.271616
0.423277 0.207560 1.679823 0.609987 -0.439531 0.599723 -0.273973
0.422972 0.207533 1.680070 0.608630 -0.442485 0.598045 -0.275898
0.422612 0.207277 1.680475 0.607288 -0.444446 0.597718 -0.276410
0.422186 0.207212 1.680745 0.606626 -0.445458 0.597463 -0.276782
0.421799 0.207176 1.680899 0.606163 -0.446256 0.597204 -0.277072
0.421471 0.207130 1.681036 0.605674 -0.447048 0.596987 -0.277334
0.421005 0.206913 1.681258 0.604988 -0.447358 0.598244 -0.275617
0.420429 0.206568 1.681319 0.603745 -0.448124 0.600213 -0.272802
0.419835 0.206474 1.681271 0.603327 -0.448029 0.601690 -0.270620
0.419350 0.206308 1.681126 0.602637 -0.448477 0.602950 -0.268604
0.418830 0.205937 1.681299 0.602192 -0.447940 0.605392 -0.264979
0.418056 0.205218 1.681753 0.601387 -0.446943 0.609604 -0.258765
0.417278 0.204857 1.682126 0.600843 -0.445890 0.612926 -0.253951
0.416541 0.204748 1.682477 0.600535 -0.444768 0.615536 -0.250309
0.415898 0.204407 1.682899 0.599845 -0.444094 0.618211 -0.246541
0.414584 0.203817 1.683845 0.599621 -0.441311 0.623084 -0.239721
0.413292 0.203377 1.684359 0.599418 -0.439078 0.627143 -0.233666
0.412127 0.203163 1.684721 0.599330 -0.437099 0.630377 -0.228851
0.411109 0.203032 1.684997 0.599251 -0.435443 0.632986 -0.224980
0.409420 0.202497 1.685939 0.599709 -0.431434 0.637932 -0.217388
0.407469 0.202647 1.686950 0.599987 -0.427539 0.642317 -0.211318
0.405633 0.203267 1.687817 0.600381 -0.423929 0.645761 -0.206928
0.403990 0.204032 1.688553 0.600763 -0.420757 0.648512 -0.203666
0.401773 0.204477 1.689737 0.601771 -0.415358 0.652782 -0.198054
0.398854 0.205404 1.691233 0.602706 -0.408972 0.657622 -0.192409
0.396104 0.206889 1.692521 0.603655 -0.403116 0.661465 -0.188579
0.393652 0.208470 1.693623 0.604478 -0.398008 0.664559 -0.185895
0.391168 0.209658 1.694762 0.605507 -0.392086 0.668292 -0.181702
0.387925 0.210467 1.695934 0.606411 -0.384417 0.673849 -0.174403
0.384897 0.211721 1.696753 0.607312 -0.377472 0.678382 -0.168776
0.382220 0.213070 1.697417 0.608063 -0.371462 0.682059 -0.164529
0.379813 0.214278 1.698039 0.608832 -0.365858 0.685318 -0.160658
0.376308 0.215436 1.698886 0.610531 -0.356872 0.690206 -0.153327
0.372784 0.217355 1.699528 0.612125 -0.348439 0.694245 -0.148041
0.369599 0.219478 1.700071 0.613490 -0.341009 0.697498 -0.144358
0.366821 0.221457 1.700557 0.614540 -0.334728 0.700159 -0.141694
0.363400 0.222808 1.701385 0.616195 -0.325304 0.704555 -0.134473
0.359776 0.224462 1.702065 0.617663 -0.315879 0.708820 -0.127621
0.356511 0.226297 1.702608 0.618853 -0.307691 0.712267 -0.122569
0.353676 0.228002 1.703087 0.619716 -0.300836 0.715083 -0.118771
0.350635 0.229423 1.703626 0.621128 -0.292518 0.718193 -0.113285
0.347015 0.231252 1.704042 0.623182 -0.282207 0.721557 -0.106580
0.343665 0.233389 1.704341 0.624956 -0.272955 0.724290 -0.101634
0.340721 0.235423 1.704606 0.626309 -0.265150 0.726516 -0.098012
0.337873 0.237084 1.704958 0.627525 -0.257467 0.728727 -0.094232
0.334131 0.238641 1.705374 0.628941 -0.247272 0.731767 -0.088346
0.330602 0.240545 1.705605 0.630285 -0.237678 0.734352 -0.083530
0.327495 0.242397 1.705788 0.631282 -0.229550 0.736471 -0.080002
0.324788 0.243999 1.705990 0.632018 -0.222565 0.738297 -0.077042
0.321128 0.245692 1.706962 0.632684 -0.212519 0.741226 -0.071629
0.317346 0.248019 1.708039 0.633261 -0.202535 0.743918 -0.067434
0.313898 0.250420 1.709016 0.633597 -0.193932 0.746159 -0.064740
0.310895 0.252576 1.709861 0.633729 -0.186778 0.748028 -0.062884
0.307700 0.254445 1.710765 0.634041 -0.177677 0.750338 -0.058439
0.304386 0.256540 1.711520 0.634377 -0.168004 0.752634 -0.053680
0.301400 0.258617 1.712128 0.634545 -0.159698 0.754537 -0.050233
0.298818 0.260451 1.712638 0.634552 -0.152828 0.756119 -0.047664
0.296285 0.262007 1.713359 0.634669 -0.144868 0.757811 -0.043932
0.293456 0.263614 1.714533 0.634581 -0.135998 0.759748 -0.039934
0.290872 0.265207 1.715655 0.634286 -0.128653 0.761408 -0.037264
0.288634 0.266618 1.716629 0.633905 -0.122650 0.762805 -0.035344
0.286657 0.267812 1.717496 0.633621 -0.116673 0.764092 -0.032800
0.284529 0.269110 1.718334 0.633421 -0.108904 0.765568 -0.028704
0.282559 0.270466 1.719009 0.633138 -0.102260 0.766823 -0.025741
0.280841 0.271695 1.719565 0.632815 -0.096761 0.767873 -0.023521
0.279385 0.272742 1.720030 0.632496 -0.092145 0.768759 -0.021663
0.278059 0.274257 1.720833 0.632369 -0.084281 0.769865 -0.017706
0.276826 0.275845 1.721685 0.632035 -0.077669 0.770889 -0.015162
0.275737 0.277249 1.722429 0.631650 -0.072276 0.771763 -0.013302
0.274814 0.278430 1.723051 0.631264 -0.067913 0.772498 -0.011862
0.274172 0.279852 1.723706 0.631225 -0.061937 0.773056 -0.010169
0.273824 0.281271 1.724389 0.631206 -0.056389 0.773508 -0.009148
0.273602 0.282369 1.724969 0.631120 -0.052052 0.773892 -0.008284
0.273462 0.283217 1.725442 0.631013 -0.048641 0.774209 -0.007522
0.273617 0.284137 1.725940 0.630909 -0.044345 0.774568 -0.005718
0.274446 0.285122 1.726541 0.630686 -0.039639 0.775017 -0.003382
0.275394 0.285682 1.727002 0.630479 -0.036201 0.775361 -0.001168
0.276303 0.285993 1.727350 0.630308 -0.033614 0.775617 0.000841
0.277212 0.286298 1.727640 0.630203 -0.031167 0.775800 0.002761
0.278758 0.287124 1.727975 0.630251 -0.027872 0.775880 0.004259
0.280362 0.287620 1.728208 0.630310 -0.025504 0.775904 0.005681
0.281830 0.287877 1.728356 0.630383 -0.023772 0.775888 0.007065
0.283119 0.288019 1.728450 0.630459 -0.022456 0.775853 0.008307
0.285378 0.288687 1.728627 0.630459 -0.019589 0.775924 0.008916
0.288207 0.288670 1.728623 0.630535 -0.017929 0.775888 0.010087
0.290945 0.288159 1.728496 0.630698 -0.017117 0.775750 0.011772
0.293403 0.287492 1.728330 0.630885 -0.016725 0.775579 0.013509
0.296325 0.287596 1.728062 0.631444 -0.015482 0.775137 0.014247
0.299835 0.287917 1.727590 0.632273 -0.014234 0.774479 0.014477
0.303085 0.287829 1.727052 0.633071 -0.013563 0.773825 0.015207
0.305943 0.287567 1.726534 0.633793 -0.013205 0.773222 0.016090
0.308852 0.287676 1.726143 0.634413 -0.012809 0.772719 0.016189
0.312742 0.288198 1.725926 0.634900 -0.012664 0.772344 0.015062
0.316480 0.288108 1.725637 0.635400 -0.013129 0.771930 0.014802
0.319815 0.287728 1.725322 0.635888 -0.013799 0.771511 0.015026
0.322811 0.287438 1.725010 0.636354 -0.014124 0.771115 0.015363
0.326568 0.288434 1.724539 0.636893 -0.012201 0.770718 0.014583
0.330159 0.289111 1.723879 0.637472 -0.010634 0.770268 0.014276
0.333335 0.289478 1.723193 0.638043 -0.009470 0.769808 0.014391
0.336070 0.289689 1.722561 0.638562 -0.008581 0.769383 0.014662
0.339892 0.290545 1.722014 0.639095 -0.006846 0.768969 0.014079
0.344281 0.290589 1.721362 0.639686 -0.006145 0.768481 0.014205
0.348403 0.289958 1.720667 0.640322 -0.006205 0.767932 0.015168
0.352062 0.289095 1.720016 0.640926 -0.006572 0.767400 0.016390
0.355990 0.288812 1.719196 0.641675 -0.006689 0.766777 0.016163
0.360530 0.288585 1.717855 0.642708 -0.006631 0.765922 0.015713
0.364737 0.287887 1.716393 0.643792 -0.006863 0.764998 0.016209
0.368434 0.287032 1.715032 0.644798 -0.007229 0.764129 0.017045
0.371870 0.286525 1.713747 0.645896 -0.006821 0.763193 0.017573
0.375723 0.286629 1.712340 0.647384 -0.004986 0.761955 0.017128
0.379254 0.286352 1.711050 0.648717 -0.003805 0.760826 0.017156
0.382342 0.285903 1.709926 0.649871 -0.003063 0.759838 0.017433
0.385052 0.285511 1.708995 0.650831 -0.002517 0.759014 0.017646
0.388371 0.286041 1.708547 0.651267 -0.001696 0.758676 0.016133
0.391490 0.286285 1.708221 0.651562 -0.001341 0.758448 0.014878
0.394224 0.286295 1.707924 0.651839 -0.001222 0.758226 0.014088
0.396458 0.286369 1.707644 0.652094 -0.000775 0.758023 0.013206
0.398706 0.287058 1.707220 0.652353 0.000693 0.757821 0.011875
0.401038 0.287491 1.706564 0.652692 0.001911 0.757541 0.011041
0.402795 0.288173 1.706010 0.652910 0.003517 0.757368 0.009473
0.404309 0.288734 1.705548 0.653092 0.004650 0.757218 0.008413
0.405837 0.289569 1.705140 0.653213 0.005459 0.757119 0.007293
0.407389 0.290790 1.704639 0.653295 0.006239 0.757054 0.005964
0.408555 0.292112 1.704175 0.653334 0.007271 0.757023 0.004382
0.409448 0.293407 1.703772 0.653354 0.008318 0.757001 0.002875
0.410177 0.294683 1.703490 0.653281 0.009259 0.757058 0.001393
0.410863 0.296113 1.703421 0.653007 0.010200 0.757283 -0.000086
0.411481 0.296783 1.703433 0.652807 0.010207 0.757456 -0.000582
0.412083 0.297222 1.703474 0.652654 0.010235 0.757586 -0.000928
0.412613 0.297753 1.703491 0.652521 0.010450 0.757697 -0.001365
0.413310 0.298805 1.703516 0.652305 0.010376 0.757885 -0.001336
0.413920 0.299895 1.703490 0.652087 0.010105 0.758075 -0.001457
0.414385 0.300921 1.703458 0.651885 0.010020 0.758250 -0.001732
0.414722 0.301887 1.703433 0.651696 0.010103 0.758410 -0.002138
0.414966 0.303067 1.703514 0.651585 0.009559 0.758511 -0.002425
0.415094 0.304342 1.703651 0.651549 0.008785 0.758552 -0.002322
0.415142 0.305522 1.703775 0.651520 0.008258 0.758583 -0.002351
0.415135 0.306601 1.703886 0.651484 0.007944 0.758616 -0.002553
0.415089 0.307778 1.704127 0.651432 0.007564 0.758665 -0.002409
0.414926 0.309216 1.704637 0.651380 0.006912 0.758718 -0.001570
0.414683 0.310564 1.705151 0.651324 0.006518 0.758771 -0.000927
0.414405 0.311796 1.705628 0.651253 0.006369 0.758834 -0.000565
0.414108 0.313055 1.706044 0.651168 0.006333 0.758907 -0.000095
0.413671 0.314948 1.706479 0.650976 0.005234 0.759078 0.001657
0.413103 0.316856 1.706817 0.650838 0.004516 0.759196 0.003293
0.412471 0.318669 1.707142 0.650667 0.004080 0.759341 0.004222
0.411923 0.320145 1.707446 0.650527 0.003622 0.759456 0.005163
0.411266 0.322020 1.707969 0.650482 0.002189 0.759489 0.006799
0.410515 0.323828 1.708625 0.650438 0.000441 0.759512 0.008566
0.409767 0.325425 1.709302 0.650347 -0.001074 0.759575 0.009707
0.409046 0.326834 1.710038 0.650129 -0.002702 0.759756 0.009869
0.408152 0.328574 1.710657 0.649940 -0.004881 0.759904 0.009979
0.406972 0.330646 1.711238 0.649711 -0.007837 0.760075 0.010004
0.405757 0.332648 1.711726 0.649481 -0.010040 0.760248 0.009848
0.404614 0.334511 1.712123 0.649251 -0.011574 0.760427 0.009488
0.403619 0.336444 1.712386 0.649160 -0.013004 0.760480 0.009609
0.402576 0.338711 1.712686 0.649140 -0.015011 0.760440 0.011049
0.401541 0.340811 1.712935 0.649130 -0.016298 0.760400 0.012474
0.400512 0.342737 1.713199 0.649076 -0.017074 0.760417 0.013288
0.399365 0.344729 1.713640 0.648900 -0.018111 0.760556 0.012481
0.398071 0.347091 1.714167 0.648830 -0.020596 0.760555 0.012286
0.396733 0.349345 1.714663 0.648724 -0.022842 0.760584 0.012137
0.395470 0.351436 1.715029 0.648663 -0.024029 0.760600 0.012099
0.394232 0.353404 1.715359 0.648588 -0.024438 0.760655 0.011846
0.393253 0.355700 1.715638 0.648779 -0.026207 0.760427 0.012243
0.392251 0.357985 1.715883 0.648954 -0.027764 0.760215 0.012681
0.391256 0.360120 1.716086 0.649128 -0.028705 0.760034 0.012582
0.390253 0.362144 1.716239 0.649312 -0.029090 0.759871 0.012030
