-0.048281 0.366853 1.472125 0.696512 0.004577 0.717508 -0.005670
-0.048351 0.366886 1.472085 0.696528 0.005174 0.717482 -0.006481
-0.048242 0.366850 1.471848 0.696568 0.005795 0.717433 -0.006971
-0.048075 0.366769 1.471627 0.696578 0.006227 0.717417 -0.007202
-0.047901 0.366681 1.471447 0.696573 0.006532 0.717419 -0.007322
-0.047649 0.366682 1.471430 0.696622 0.006655 0.717369 -0.007460
-0.047260 0.366711 1.471593 0.696721 0.006398 0.717274 -0.007598
-0.046858 0.366700 1.471762 0.696795 0.006056 0.717204 -0.007623
-0.046495 0.366673 1.471907 0.696850 0.005729 0.717154 -0.007594
-0.046072 0.366493 1.471999 0.696716 0.005975 0.717287 -0.007160
-0.045566 0.366197 1.472065 0.696495 0.006117 0.717507 -0.006407
-0.045091 0.365919 1.472122 0.696306 0.006145 0.717696 -0.005719
-0.044682 0.365681 1.472170 0.696155 0.006116 0.717847 -0.005167
-0.044252 0.365427 1.472207 0.696316 0.005690 0.717692 -0.005409
-0.043822 0.365154 1.472288 0.696441 0.005208 0.717574 -0.005520
-0.043441 0.364911 1.472365 0.696526 0.004777 0.717494 -0.005560
-0.043109 0.364710 1.472396 0.696600 0.004338 0.717425 -0.005561
-0.042644 0.364670 1.471518 0.696890 0.003601 0.717153 -0.004816
-0.042157 0.364635 1.470471 0.697089 0.003247 0.716967 -0.003843
-0.041724 0.364591 1.469568 0.697237 0.002997 0.716829 -0.002951
-0.041344 0.364538 1.468798 0.697325 0.002650 0.716747 -0.002220
-0.040809 0.364288 1.467985 0.697220 0.002089 0.716853 -0.001235
-0.040244 0.363991 1.467256 0.697083 0.001589 0.716989 -0.000149
-0.039744 0.363728 1.466649 0.696973 0.001169 0.717096 0.000802
-0.039251 0.363548 1.465938 0.696833 -0.000179 0.717231 0.001841
-0.038381 0.363588 1.464486 0.696781 -0.003360 0.717266 0.003745
-0.037450 0.363587 1.463147 0.696703 -0.005899 0.717313 0.005624
-0.036623 0.363571 1.462027 0.696629 -0.007920 0.717351 0.007258
-0.035872 0.363708 1.460596 0.696782 -0.010471 0.717153 0.008815
-0.035037 0.364238 1.457946 0.697441 -0.013194 0.716443 0.010563
-0.034280 0.364687 1.455504 0.697950 -0.015056 0.715883 0.012270
-0.033653 0.365058 1.453449 0.698361 -0.016430 0.715425 0.013745
-0.033066 0.365642 1.451083 0.698745 -0.018743 0.714948 0.015928
-0.032410 0.366666 1.447908 0.699464 -0.021209 0.714113 0.018544
-0.031819 0.367541 1.445118 0.700045 -0.022924 0.713427 0.020813
-0.031335 0.368273 1.442783 0.700521 -0.024174 0.712860 0.022706
-0.030897 0.369388 1.439875 0.701046 -0.026640 0.712182 0.024951
-0.030513 0.370975 1.436237 0.701945 -0.028681 0.711141 0.026989
-0.030206 0.372325 1.433067 0.702715 -0.030000 0.710258 0.028738
-0.029977 0.373453 1.430416 0.703364 -0.030909 0.709515 0.030201
-0.029589 0.375029 1.426900 0.704176 -0.033118 0.708484 0.033030
-0.028955 0.376852 1.422830 0.705310 -0.034797 0.707130 0.035969
-0.028306 0.378311 1.419329 0.706239 -0.036012 0.706001 0.038614
-0.027743 0.379499 1.416413 0.707011 -0.036912 0.705056 0.040862
-0.026918 0.381070 1.412472 0.708095 -0.040463 0.703615 0.043476
-0.025783 0.382618 1.408267 0.709436 -0.043447 0.701918 0.046095
-0.024669 0.383807 1.404694 0.710490 -0.045800 0.700533 0.048582
-0.023700 0.384766 1.401724 0.711327 -0.047643 0.699406 0.050748
-0.022795 0.385994 1.397888 0.711695 -0.051888 0.698501 0.053796
-0.022026 0.387203 1.394108 0.712289 -0.054862 0.697463 0.056387
-0.021410 0.388212 1.390898 0.712813 -0.057023 0.696573 0.058575
-0.020916 0.389088 1.388159 0.713215 -0.058881 0.695845 0.060478
-0.019844 0.390361 1.384223 0.713788 -0.062798 0.694625 0.063702
-0.018384 0.391339 1.380510 0.714416 -0.066011 0.693380 0.066915
-0.016959 0.392029 1.377403 0.714880 -0.068674 0.692347 0.069898
-0.015683 0.392603 1.374643 0.715200 -0.071514 0.691453 0.072580
-0.013907 0.393206 1.370455 0.716200 -0.077004 0.689493 0.075688
-0.011933 0.393451 1.366523 0.717027 -0.081463 0.687743 0.079034
-0.010132 0.393534 1.363221 0.717626 -0.085061 0.686317 0.082139
-0.008596 0.393738 1.360227 0.718020 -0.088674 0.685096 0.085017
-0.007148 0.394780 1.356620 0.719172 -0.093270 0.683002 0.087185
-0.005825 0.395740 1.353532 0.720246 -0.096813 0.681149 0.088937
-0.004701 0.396533 1.350984 0.721115 -0.099578 0.679626 0.090476
-0.003653 0.397319 1.348426 0.721747 -0.102300 0.678311 0.092249
-0.002055 0.398100 1.344945 0.722616 -0.105199 0.676583 0.094841
-0.000320 0.398495 1.341878 0.723255 -0.107718 0.675110 0.097596
0.001263 0.398725 1.339337 0.723719 -0.109826 0.673903 0.100115
0.002813 0.399152 1.336568 0.724264 -0.112180 0.672607 0.102263
0.004887 0.399716 1.332884 0.725376 -0.114415 0.670690 0.104471
0.007007 0.399903 1.329686 0.726194 -0.116458 0.669060 0.106946
0.008900 0.399947 1.327049 0.726796 -0.118219 0.667723 0.109258
0.010786 0.400122 1.324402 0.727498 -0.121012 0.666175 0.110963
0.013087 0.400264 1.321746 0.728436 -0.124480 0.664233 0.112610
0.015333 0.400201 1.319588 0.729046 -0.127556 0.662668 0.114424
0.017310 0.400078 1.317837 0.729465 -0.130124 0.661412 0.116121
0.019513 0.400397 1.315424 0.729992 -0.132455 0.660191 0.117111
0.022445 0.400514 1.312531 0.730757 -0.134705 0.658630 0.118552
0.025356 0.400242 1.310119 0.731180 -0.137013 0.657324 0.120536
0.027935 0.399879 1.308157 0.731426 -0.139079 0.656254 0.122490
0.030659 0.399994 1.305655 0.731742 -0.140849 0.655298 0.123693
0.033743 0.399908 1.303033 0.732227 -0.142542 0.654095 0.125241
0.036633 0.399564 1.300876 0.732472 -0.144295 0.653078 0.127090
0.039136 0.399180 1.299116 0.732604 -0.145858 0.652240 0.128837
0.042067 0.398964 1.296957 0.732665 -0.147418 0.651672 0.129586
0.045411 0.398235 1.294912 0.732578 -0.149236 0.651021 0.131261
0.048540 0.397320 1.293255 0.732318 -0.151159 0.650463 0.133265
0.051262 0.396473 1.291892 0.731999 -0.152945 0.650031 0.135074
0.054312 0.395950 1.290183 0.731925 -0.155112 0.649444 0.135823
0.057481 0.395154 1.288728 0.731733 -0.157422 0.648829 0.137134
0.060346 0.394294 1.287578 0.731436 -0.159605 0.648313 0.138632
0.062844 0.393561 1.286574 0.731165 -0.161524 0.647889 0.139817
0.065890 0.392952 1.284891 0.731407 -0.163313 0.647123 0.140019
0.069056 0.391925 1.283386 0.731385 -0.165351 0.646382 0.141157
0.071917 0.390834 1.282179 0.731202 -0.167331 0.645769 0.142573
0.074508 0.389915 1.281133 0.731056 -0.168851 0.645287 0.143701
0.078010 0.388977 1.280068 0.730914 -0.169856 0.644943 0.144786
0.081716 0.387638 1.279348 0.730391 -0.171593 0.644650 0.146666
0.085096 0.386262 1.278848 0.729749 -0.173457 0.644417 0.148679
0.088245 0.385122 1.278334 0.729624 -0.174912 0.643951 0.149604
0.092217 0.383854 1.277738 0.730099 -0.176294 0.643047 0.149558
0.096200 0.382224 1.277425 0.730028 -0.178319 0.642342 0.150531
0.099756 0.380609 1.277260 0.729727 -0.180380 0.641808 0.151797
0.103054 0.379329 1.276871 0.729689 -0.181308 0.641445 0.152414
0.106716 0.378004 1.276002 0.729904 -0.181143 0.641103 0.153020
0.110138 0.376443 1.275295 0.729817 -0.181609 0.640762 0.154306
0.113099 0.374964 1.274745 0.729608 -0.182281 0.640475 0.155686
0.116068 0.373716 1.273940 0.730136 -0.182360 0.639848 0.155694
0.119689 0.371889 1.272804 0.730770 -0.182568 0.638966 0.156098
0.123167 0.369764 1.271908 0.730885 -0.183478 0.638240 0.157461
0.126211 0.367768 1.271219 0.730785 -0.184552 0.637664 0.158990
0.129390 0.366229 1.270432 0.731144 -0.184841 0.637101 0.159265
0.133091 0.364471 1.269774 0.731368 -0.185510 0.636501 0.159855
0.136573 0.362579 1.269381 0.731210 -0.186734 0.636024 0.161046
0.139598 0.360826 1.269117 0.730914 -0.188017 0.635659 0.162332
0.142926 0.359551 1.268508 0.731546 -0.188157 0.634968 0.162024
0.146700 0.357946 1.267991 0.732011 -0.188871 0.634159 0.162265
0.150203 0.356183 1.267707 0.732049 -0.190112 0.633517 0.163153
0.153231 0.354537 1.267528 0.731913 -0.191398 0.633020 0.164186
0.156619 0.353246 1.266809 0.732464 -0.190946 0.632708 0.163456
0.160210 0.351447 1.266075 0.732708 -0.191042 0.632314 0.163773
0.163461 0.349540 1.265541 0.732636 -0.191688 0.631958 0.164709
0.166254 0.347813 1.265124 0.732484 -0.192391 0.631661 0.165701
0.169660 0.346136 1.264362 0.733048 -0.191766 0.631103 0.166056
0.173312 0.343846 1.263782 0.733054 -0.192219 0.630555 0.167580
0.176642 0.341514 1.263402 0.732751 -0.193186 0.630105 0.169480
0.179543 0.339468 1.263102 0.732430 -0.194016 0.629780 0.171119
0.182938 0.337715 1.262572 0.732706 -0.193117 0.629520 0.171907
0.186356 0.335606 1.262261 0.732577 -0.193220 0.629221 0.173431
0.189404 0.333546 1.262093 0.732240 -0.193783 0.628969 0.175128
0.192064 0.331801 1.261991 0.731936 -0.194038 0.628887 0.176409
0.194873 0.330452 1.262024 0.731942 -0.192570 0.629230 0.176771
0.197377 0.329472 1.262220 0.732120 -0.191285 0.629481 0.176531
0.199214 0.329223 1.262486 0.732626 -0.190146 0.629574 0.175327
0.200842 0.328914 1.262827 0.733021 -0.189003 0.629682 0.174522
0.202868 0.328467 1.263792 0.733258 -0.187891 0.629962 0.173714
0.204980 0.327755 1.264904 0.733115 -0.187768 0.630243 0.173435
0.206895 0.326587 1.265687 0.732693 -0.189168 0.630257 0.173646
0.208838 0.325395 1.266687 0.732371 -0.188900 0.630741 0.173541
0.211519 0.324126 1.268889 0.731731 -0.187388 0.632180 0.172638
0.214292 0.322650 1.271303 0.730623 -0.187181 0.633563 0.172481
0.216826 0.321171 1.273490 0.729467 -0.187406 0.634768 0.172705
0.219376 0.320017 1.276079 0.728645 -0.185226 0.636366 0.172645
0.222580 0.319013 1.279953 0.727458 -0.182237 0.638649 0.172397
0.225733 0.317875 1.283812 0.725938 -0.181004 0.640743 0.172339
0.228530 0.316717 1.287222 0.724434 -0.180465 0.642539 0.172540
0.231262 0.315598 1.290911 0.722985 -0.177563 0.645143 0.171915
0.234310 0.314223 1.295339 0.721032 -0.174555 0.648253 0.171499
0.237200 0.312638 1.299440 0.718951 -0.173099 0.650889 0.171725
0.239721 0.311050 1.302931 0.717041 -0.172415 0.653042 0.172227
0.242644 0.309941 1.306778 0.715806 -0.168996 0.655597 0.171041
0.246207 0.308728 1.311359 0.714379 -0.166501 0.658156 0.169622
0.249582 0.307226 1.315662 0.712684 -0.165669 0.660370 0.168959
0.252521 0.305665 1.319351 0.711047 -0.165588 0.662202 0.168764
0.255950 0.304624 1.323525 0.709545 -0.162099 0.665109 0.167034
0.259877 0.303275 1.328364 0.707657 -0.160180 0.667928 0.165641
0.263518 0.301616 1.332837 0.705612 -0.159808 0.670326 0.165035
0.266664 0.299932 1.336647 0.703716 -0.159953 0.672323 0.164863
0.270443 0.298761 1.340929 0.702096 -0.155737 0.675415 0.163163
0.274545 0.297066 1.345675 0.700106 -0.153731 0.678180 0.162141
0.278282 0.295065 1.349984 0.698013 -0.153320 0.680487 0.161890
0.281547 0.293167 1.353645 0.696083 -0.153038 0.682533 0.161855
0.285910 0.291877 1.357405 0.694534 -0.148571 0.685521 0.160029
0.290531 0.289793 1.361400 0.692614 -0.146003 0.688105 0.159624
0.294711 0.287336 1.365007 0.690613 -0.145100 0.690195 0.160093
0.298469 0.285131 1.368073 0.688740 -0.144365 0.692146 0.160403
0.303401 0.283999 1.371549 0.686993 -0.141691 0.694804 0.158780
0.308204 0.282504 1.375247 0.684927 -0.139508 0.697353 0.158461
0.312374 0.280869 1.378541 0.682978 -0.137658 0.699507 0.158996
0.316256 0.279536 1.381339 0.681177 -0.136706 0.701622 0.158223
0.321493 0.278929 1.384344 0.680063 -0.135912 0.703870 0.153650
0.326602 0.277919 1.388007 0.678400 -0.134784 0.706219 0.151201
0.331099 0.276553 1.391513 0.676384 -0.132929 0.708519 0.151115
0.335422 0.275655 1.394288 0.674490 -0.131390 0.710818 0.150125
0.340906 0.275793 1.396969 0.673258 -0.132103 0.713035 0.144405
0.346272 0.275343 1.400064 0.671591 -0.133119 0.715353 0.139694
0.350996 0.274399 1.403076 0.669641 -0.132766 0.717584 0.137939
0.355681 0.274017 1.405430 0.667754 -0.132248 0.719814 0.135950
0.361283 0.274298 1.408090 0.665985 -0.133363 0.722121 0.131228
0.366849 0.273833 1.411193 0.663759 -0.135404 0.724612 0.126597
0.371835 0.272791 1.414178 0.661363 -0.136698 0.727021 0.123911
0.377009 0.272810 1.416476 0.659098 -0.136538 0.729476 0.121709
0.382740 0.273940 1.418983 0.657434 -0.137016 0.731716 0.116615
0.388335 0.274330 1.421741 0.655604 -0.138220 0.733943 0.111388
0.393596 0.273634 1.424252 0.653400 -0.140084 0.736183 0.107137
0.399169 0.273841 1.426238 0.651035 -0.140372 0.738656 0.104097
0.404986 0.274820 1.428358 0.648820 -0.140932 0.741096 0.099739
0.410500 0.274915 1.430141 0.646888 -0.142016 0.743151 0.095364
0.415619 0.273935 1.431468 0.645081 -0.143248 0.744902 0.092039
0.421138 0.273805 1.432295 0.643162 -0.142916 0.746924 0.089568
0.426863 0.274266 1.433103 0.641376 -0.142848 0.748890 0.085996
0.432266 0.274167 1.433623 0.640010 -0.143097 0.750426 0.082289
0.437033 0.273363 1.433833 0.639114 -0.142294 0.751542 0.080438
0.442344 0.273042 1.433452 0.637237 -0.141497 0.753479 0.078593
0.447858 0.272721 1.432811 0.635730 -0.141132 0.755064 0.076196
0.452911 0.272177 1.431913 0.635095 -0.139298 0.756031 0.075294
0.457198 0.271305 1.430914 0.634818 -0.136155 0.756773 0.075913
0.462271 0.270797 1.429514 0.633460 -0.134259 0.758330 0.075096
0.467491 0.270093 1.428010 0.632704 -0.131561 0.759409 0.075336
0.472127 0.269537 1.426416 0.632452 -0.127283 0.760198 0.076828
0.476033 0.269061 1.424793 0.632504 -0.122210 0.760798 0.078671
0.480811 0.268473 1.422502 0.631690 -0.118589 0.761972 0.079384
0.485607 0.267477 1.419971 0.631636 -0.114373 0.762491 0.081008
0.489721 0.266477 1.417524 0.632060 -0.109082 0.762644 0.083529
0.493331 0.265577 1.415090 0.632711 -0.103025 0.762629 0.086373
0.497740 0.264812 1.412233 0.632942 -0.097149 0.762913 0.088937
0.501806 0.264183 1.409434 0.633529 -0.090537 0.762888 0.091902
0.505135 0.263939 1.406859 0.634417 -0.083196 0.762607 0.094989
0.508129 0.263920 1.404157 0.635249 -0.075258 0.762332 0.098208
0.511864 0.263654 1.400670 0.635516 -0.067767 0.762380 0.101509
0.515268 0.263391 1.397280 0.636400 -0.061270 0.761837 0.104141
0.518054 0.263246 1.394321 0.637557 -0.056282 0.761023 0.105816
0.520776 0.263458 1.391105 0.638394 -0.051424 0.760458 0.107296
0.523959 0.263888 1.387197 0.638581 -0.047036 0.760385 0.108702
0.526656 0.264574 1.383506 0.639606 -0.043807 0.759681 0.108947
0.528722 0.265403 1.380248 0.641025 -0.041441 0.758686 0.108464
0.530859 0.266648 1.376538 0.642067 -0.038511 0.758006 0.108134
0.533246 0.267899 1.372351 0.642675 -0.035984 0.757650 0.107900
0.535131 0.268856 1.368554 0.644136 -0.034547 0.756591 0.107085
0.536588 0.269683 1.365222 0.645814 -0.033601 0.755350 0.106031
0.538390 0.271035 1.361248 0.646815 -0.031486 0.754661 0.105477
0.540303 0.272079 1.357199 0.647362 -0.029927 0.754277 0.105317
0.541839 0.272709 1.353610 0.648682 -0.029215 0.753244 0.104795
0.543067 0.273186 1.350522 0.650111 -0.028916 0.752125 0.104052
0.544621 0.273978 1.346664 0.650858 -0.027455 0.751569 0.103798
0.546123 0.274257 1.342774 0.651745 -0.026847 0.750839 0.103672
0.547323 0.274226 1.339273 0.653330 -0.026845 0.749516 0.103270
0.548293 0.274110 1.336267 0.654912 -0.027010 0.748191 0.102813
0.549634 0.274094 1.332342 0.654989 -0.026306 0.748096 0.103201
0.550908 0.273448 1.328616 0.655303 -0.026695 0.747730 0.103763
0.551964 0.272615 1.325336 0.656365 -0.027500 0.746734 0.104007
0.552861 0.271839 1.322492 0.657446 -0.028186 0.745734 0.104167
0.554079 0.271556 1.318911 0.657424 -0.026989 0.745654 0.105193
0.555149 0.271076 1.315835 0.657655 -0.026519 0.745338 0.106104
0.556008 0.270615 1.313218 0.658347 -0.026510 0.744667 0.106522
0.556726 0.270297 1.310823 0.659004 -0.026337 0.744058 0.106768
0.557466 0.269848 1.307135 0.658732 -0.024861 0.744159 0.108078
0.557970 0.269031 1.303548 0.659628 -0.024416 0.743231 0.109100
0.558312 0.268229 1.300349 0.661166 -0.024542 0.741790 0.109569
0.558637 0.267624 1.297325 0.662515 -0.024416 0.740547 0.109852
0.559243 0.266793 1.293616 0.662586 -0.023819 0.740364 0.110791
0.559791 0.265612 1.290332 0.663444 -0.024184 0.739472 0.111528
0.560273 0.264431 1.287551 0.664577 -0.024852 0.738356 0.112023
0.561089 0.263559 1.285666 0.664805 -0.024948 0.738056 0.112629
0.562165 0.262926 1.283464 0.664164 -0.024483 0.738564 0.113178
0.563106 0.261872 1.281355 0.663946 -0.024466 0.738637 0.113988
0.563976 0.260840 1.279695 0.664113 -0.025159 0.738419 0.114275
0.564806 0.260092 1.278122 0.663926 -0.024853 0.738530 0.114706
0.565578 0.258935 1.276087 0.663068 -0.023008 0.739040 0.116752
0.566281 0.257610 1.274309 0.662984 -0.022285 0.738897 0.118267
0.566996 0.256477 1.273087 0.662566 -0.021687 0.739065 0.119658
0.567455 0.256301 1.271447 0.662795 -0.020785 0.738934 0.119363
0.567497 0.256391 1.269135 0.662778 -0.019993 0.739025 0.119028
0.567377 0.256663 1.267125 0.663257 -0.019703 0.738704 0.118397
0.567228 0.257155 1.265548 0.663922 -0.019615 0.738259 0.117457
0.567073 0.257698 1.263893 0.664730 -0.019694 0.737744 0.116104
0.566931 0.257352 1.261680 0.666481 -0.020490 0.736321 0.114954
0.567004 0.256715 1.260033 0.667491 -0.021280 0.735451 0.114526
0.567185 0.256143 1.258887 0.668130 -0.021915 0.734887 0.114296
0.566937 0.255735 1.257447 0.668986 -0.021928 0.734190 0.113760
0.566097 0.255790 1.255411 0.670760 -0.021721 0.732714 0.112874
0.565153 0.256203 1.253557 0.672575 -0.021597 0.731216 0.111804
0.564276 0.256813 1.252056 0.674104 -0.021478 0.729974 0.110729
0.562626 0.256587 1.251059 0.675796 -0.023216 0.728557 0.109387
0.560869 0.256573 1.249976 0.677196 -0.024205 0.727370 0.108410
0.559238 0.256748 1.248912 0.678481 -0.024859 0.726277 0.107546
0.557749 0.256932 1.248020 0.679672 -0.025549 0.725262 0.106724
0.554791 0.256247 1.247532 0.681993 -0.026909 0.723165 0.105799
0.551670 0.256425 1.246719 0.684041 -0.026919 0.721355 0.104923
0.548730 0.257046 1.245822 0.685944 -0.026702 0.719697 0.103939
0.545960 0.257692 1.245149 0.687780 -0.027107 0.718117 0.102623
0.541749 0.257976 1.245215 0.690217 -0.028573 0.715999 0.100644
0.537286 0.258866 1.245107 0.692032 -0.028583 0.714437 0.099266
0.533169 0.259890 1.244753 0.693693 -0.028254 0.712999 0.098103
0.529365 0.260766 1.244513 0.695406 -0.028852 0.711541 0.096373
0.524652 0.261583 1.244658 0.697554 -0.030560 0.709735 0.093596
0.519712 0.262946 1.244962 0.699134 -0.031156 0.708431 0.091468
0.514814 0.264449 1.245397 0.700309 -0.031212 0.707467 0.089904
0.510236 0.265579 1.246045 0.701806 -0.031870 0.706196 0.087977
0.505643 0.267227 1.247867 0.703565 -0.032274 0.704765 0.085213
0.501202 0.269369 1.250455 0.704248 -0.031971 0.704340 0.083178
0.496771 0.271665 1.253259 0.704294 -0.030964 0.704484 0.081937
0.492298 0.273872 1.256031 0.705002 -0.029991 0.703938 0.080895
0.487721 0.276516 1.259463 0.706194 -0.029390 0.702962 0.079182
0.483193 0.279357 1.263230 0.706504 -0.028792 0.702867 0.077473
0.478598 0.282109 1.266878 0.706308 -0.027957 0.703250 0.076079
0.473758 0.284801 1.270281 0.707252 -0.027027 0.702513 0.074425
0.468873 0.287617 1.273961 0.708730 -0.026125 0.701258 0.072496
0.464045 0.290287 1.277686 0.709347 -0.025058 0.700828 0.070980
0.459183 0.292684 1.281166 0.709439 -0.023775 0.700888 0.069909
0.454139 0.294972 1.284663 0.710685 -0.021329 0.699787 0.069068
0.449303 0.297435 1.289064 0.711683 -0.018651 0.698932 0.068211
0.444598 0.299818 1.293660 0.711720 -0.016432 0.699029 0.067404
0.439850 0.301954 1.297970 0.711274 -0.014439 0.699588 0.066761
0.434784 0.303956 1.302027 0.712563 -0.011393 0.698397 0.066073
0.429753 0.305877 1.306288 0.713644 -0.008428 0.697399 0.065386
0.424770 0.307582 1.310394 0.713960 -0.005984 0.697157 0.064772
0.419754 0.309008 1.314132 0.713833 -0.003824 0.697345 0.064329
0.414561 0.310442 1.318393 0.715755 0.000480 0.695402 0.064111
0.409752 0.311967 1.323694 0.716483 0.004081 0.694673 0.063757
