0.400994 0.396766 1.718237 0.674523 -0.082078 0.733434 0.018868
0.401148 0.398080 1.718181 0.675299 -0.082962 0.732573 0.020607
0.401560 0.399101 1.718161 0.676028 -0.084190 0.731683 0.023213
0.402027 0.399890 1.718151 0.676711 -0.085452 0.730812 0.025948
0.402445 0.400548 1.718133 0.677344 -0.086714 0.729985 0.028413
0.402795 0.401210 1.718181 0.678012 -0.088153 0.729108 0.030484
0.403060 0.401913 1.718426 0.678645 -0.089580 0.728252 0.032640
0.403267 0.402518 1.718706 0.679183 -0.090847 0.727497 0.034721
0.403424 0.403073 1.718955 0.679685 -0.092050 0.726787 0.036569
0.403522 0.403554 1.719119 0.680325 -0.093124 0.725964 0.038228
0.403535 0.403990 1.719226 0.681190 -0.093599 0.725003 0.039880
0.403505 0.404412 1.719386 0.681891 -0.094045 0.724207 0.041286
0.403459 0.404801 1.719519 0.682529 -0.094588 0.723464 0.042499
0.403378 0.405137 1.719599 0.683214 -0.095226 0.722669 0.043588
0.402933 0.405480 1.719844 0.683770 -0.096103 0.722002 0.044003
0.402420 0.405865 1.720131 0.684149 -0.096798 0.721514 0.044583
0.401937 0.406246 1.720376 0.684502 -0.097439 0.721054 0.045208
0.401482 0.406611 1.720563 0.684861 -0.098035 0.720592 0.045845
0.400096 0.406486 1.720601 0.685395 -0.098374 0.720099 0.044866
0.398331 0.406818 1.720692 0.685660 -0.098411 0.719918 0.043633
0.396749 0.407157 1.720757 0.685901 -0.098471 0.719728 0.042823
0.395386 0.407481 1.720783 0.686121 -0.098559 0.719542 0.042233
0.393351 0.407257 1.720964 0.686392 -0.098150 0.719395 0.041277
0.390890 0.407356 1.721270 0.686208 -0.097214 0.719755 0.040262
0.388618 0.407627 1.721569 0.685983 -0.096297 0.720137 0.039456
0.386608 0.407955 1.721843 0.685750 -0.095479 0.720504 0.038803
0.384045 0.407659 1.722334 0.685104 -0.093958 0.721317 0.038806
0.380622 0.407878 1.722881 0.683499 -0.090835 0.723249 0.038577
0.377268 0.408618 1.723289 0.681895 -0.087787 0.725181 0.037768
0.374350 0.409356 1.723456 0.680577 -0.085451 0.726749 0.036723
0.370983 0.409781 1.723939 0.678931 -0.083550 0.728625 0.034295
0.365813 0.411136 1.725833 0.674462 -0.076413 0.733626 0.032474
0.360009 0.413962 1.728171 0.668727 -0.066997 0.739918 0.028933
0.353712 0.417849 1.730753 0.662219 -0.056511 0.746797 0.023786
0.347244 0.421514 1.733453 0.655404 -0.045698 0.753654 0.019053
0.340792 0.423377 1.736419 0.648533 -0.036516 0.760134 0.016379
0.335294 0.424769 1.738979 0.642648 -0.029378 0.765466 0.014219
0.330718 0.425791 1.741126 0.637704 -0.023804 0.769811 0.012581
0.326862 0.426315 1.743003 0.633518 -0.019290 0.773395 0.011914
0.322618 0.425200 1.745657 0.629064 -0.016229 0.777081 0.012694
0.318735 0.424153 1.748340 0.625056 -0.014169 0.780347 0.012767
0.315345 0.423272 1.750783 0.621588 -0.012645 0.783140 0.012611
0.312445 0.422509 1.752915 0.618625 -0.011469 0.785504 0.012493
0.309446 0.420801 1.755950 0.615115 -0.010067 0.788236 0.014725
0.307053 0.418582 1.759878 0.612652 -0.010615 0.790136 0.015175
0.305079 0.416076 1.764263 0.610649 -0.012482 0.791668 0.014641
0.303400 0.413629 1.768415 0.608815 -0.014695 0.793055 0.013844
0.301770 0.411220 1.772507 0.606774 -0.015821 0.794578 0.014891
0.300109 0.408931 1.776547 0.604555 -0.017019 0.796227 0.015652
0.298594 0.406995 1.780020 0.602534 -0.018122 0.797725 0.016103
0.297284 0.405403 1.782881 0.600816 -0.019037 0.798991 0.016447
0.295826 0.404177 1.786156 0.598445 -0.018711 0.800747 0.017819
0.293705 0.403045 1.790616 0.594888 -0.018329 0.803394 0.018186
0.291458 0.402122 1.794843 0.591429 -0.018206 0.805956 0.017755
0.289355 0.401453 1.798469 0.588394 -0.018077 0.808191 0.017132
0.287553 0.401229 1.801892 0.585602 -0.017568 0.810237 0.016700
0.285866 0.401319 1.805776 0.582323 -0.016836 0.812627 0.015927
0.284309 0.401322 1.809246 0.579332 -0.016383 0.814787 0.015061
0.282966 0.401323 1.812157 0.576803 -0.016044 0.816601 0.014316
0.281937 0.401631 1.814960 0.574507 -0.015171 0.818232 0.014425
0.281018 0.402481 1.819183 0.570845 -0.013250 0.820810 0.015185
0.280051 0.402964 1.823173 0.567195 -0.011978 0.823351 0.015464
0.279203 0.403332 1.826536 0.564068 -0.011005 0.825506 0.015665
0.278546 0.403797 1.829441 0.561437 -0.010124 0.827305 0.015869
0.278074 0.405370 1.833088 0.557938 -0.008208 0.829691 0.015825
0.277489 0.406727 1.836429 0.554478 -0.006501 0.832027 0.015564
0.276933 0.407896 1.839214 0.551518 -0.005051 0.834007 0.015329
0.276457 0.408942 1.841522 0.549046 -0.003779 0.835646 0.015163
0.276494 0.411647 1.844442 0.545734 -0.000314 0.837816 0.015487
0.276632 0.414056 1.847202 0.542473 0.002938 0.839921 0.015702
0.276823 0.415941 1.849563 0.539781 0.005449 0.841638 0.015902
0.277035 0.417454 1.851538 0.537569 0.007433 0.843033 0.016103
0.277531 0.420300 1.854105 0.535034 0.010031 0.844626 0.015667
0.277817 0.423158 1.857079 0.532154 0.012775 0.846423 0.014792
0.277921 0.425419 1.859863 0.529630 0.014848 0.847987 0.013781
0.277940 0.427251 1.862322 0.527475 0.016474 0.849314 0.012818
0.278541 0.429942 1.865042 0.525537 0.018191 0.850499 0.011495
0.279745 0.432482 1.868287 0.523546 0.019841 0.851702 0.010442
0.281046 0.434017 1.871388 0.521955 0.020536 0.852671 0.009620
0.282325 0.434953 1.874169 0.520696 0.020720 0.853443 0.009009
0.283743 0.436371 1.876993 0.519469 0.020668 0.854202 0.007994
0.285251 0.438417 1.880298 0.517586 0.021261 0.855340 0.006795
0.286570 0.439819 1.883386 0.515908 0.021484 0.856355 0.005750
0.287710 0.440808 1.886124 0.514485 0.021502 0.857216 0.004880
0.288932 0.442086 1.888654 0.513288 0.021238 0.857946 0.003567
0.290970 0.444324 1.891280 0.511850 0.021594 0.858800 0.002218
0.293191 0.445756 1.893497 0.510748 0.021658 0.859457 0.001651
0.295361 0.446650 1.895347 0.509953 0.021481 0.859933 0.001502
0.297458 0.447462 1.896958 0.509435 0.021003 0.860252 0.001165
0.300149 0.449557 1.898930 0.509034 0.020693 0.860498 -0.000154
0.302702 0.450979 1.900793 0.508601 0.020356 0.860761 -0.000946
0.305005 0.451900 1.902463 0.508258 0.019883 0.860974 -0.001450
0.307024 0.452561 1.903928 0.507976 0.019379 0.861152 -0.001823
0.309876 0.454673 1.905575 0.507756 0.018864 0.861290 -0.002663
0.312974 0.456262 1.906817 0.507526 0.018764 0.861429 -0.002518
0.315974 0.457276 1.907741 0.507473 0.018521 0.861466 -0.001936
0.318703 0.457948 1.908454 0.507490 0.018253 0.861463 -0.001202
0.321921 0.459650 1.909551 0.507821 0.017570 0.861283 -0.000869
0.325200 0.460952 1.910909 0.507931 0.017031 0.861230 -0.000195
0.328207 0.461593 1.912258 0.508018 0.016226 0.861193 0.000549
0.330857 0.461873 1.913522 0.508070 0.015374 0.861177 0.001259
0.333743 0.462974 1.914965 0.508274 0.013969 0.861081 0.001548
0.336827 0.464261 1.916468 0.508243 0.013044 0.861112 0.002169
0.339666 0.465008 1.917796 0.508194 0.012120 0.861153 0.002943
0.342167 0.465445 1.918952 0.508129 0.011287 0.861199 0.003719
0.344786 0.466414 1.920159 0.508122 0.009704 0.861223 0.003746
0.347960 0.467795 1.921496 0.507899 0.008319 0.861367 0.003893
0.351033 0.468501 1.922663 0.507712 0.006984 0.861487 0.004454
0.353837 0.468805 1.923679 0.507565 0.005744 0.861579 0.005175
0.356680 0.469302 1.924607 0.507590 0.004025 0.861571 0.005651
0.360776 0.470222 1.925310 0.507869 0.002127 0.861404 0.006894
0.365139 0.470266 1.925670 0.508279 0.000236 0.861146 0.008902
0.369343 0.469801 1.925861 0.508746 -0.001619 0.860843 0.011141
0.373291 0.469287 1.926025 0.509262 -0.003642 0.860504 0.013127
0.377870 0.469532 1.926454 0.509894 -0.006061 0.860089 0.014751
0.382296 0.469126 1.926880 0.510378 -0.008251 0.859750 0.016661
0.386335 0.468352 1.927304 0.510791 -0.010313 0.859442 0.018585
0.389883 0.467484 1.927725 0.511121 -0.012177 0.859183 0.020311
0.393590 0.467764 1.928303 0.511535 -0.014809 0.858879 0.020955
0.396902 0.468017 1.928672 0.511725 -0.016479 0.858717 0.021696
0.399751 0.468183 1.928891 0.511846 -0.017690 0.858601 0.022474
0.402130 0.468345 1.929018 0.511904 -0.018506 0.858530 0.023179
0.404438 0.468955 1.929228 0.512189 -0.020074 0.858326 0.023130
0.406597 0.469535 1.929278 0.512422 -0.021225 0.858161 0.023116
0.408499 0.470000 1.929202 0.512599 -0.022001 0.858030 0.023303
0.410118 0.470412 1.929062 0.512720 -0.022474 0.857938 0.023562
0.411616 0.470792 1.928958 0.513069 -0.023472 0.857707 0.023391
0.413197 0.471027 1.928675 0.513568 -0.024592 0.857382 0.023225
0.414709 0.471166 1.928257 0.514007 -0.025403 0.857091 0.023393
0.416100 0.471161 1.927858 0.514369 -0.026174 0.856833 0.024007
0.417503 0.470523 1.928088 0.514672 -0.027908 0.856562 0.025209
0.418718 0.469781 1.928794 0.514915 -0.029452 0.856360 0.025345
0.419661 0.469208 1.929454 0.515041 -0.030602 0.856245 0.025321
0.420519 0.468606 1.930061 0.515187 -0.031758 0.856110 0.025480
0.421047 0.468247 1.930462 0.515234 -0.032455 0.856080 0.024677
0.421032 0.468343 1.930410 0.515225 -0.032619 0.856120 0.023169
0.421041 0.468423 1.930300 0.515178 -0.032754 0.856160 0.022577
0.421090 0.468464 1.930187 0.515109 -0.032898 0.856206 0.022185
0.421057 0.468419 1.930084 0.515053 -0.033114 0.856249 0.021510
0.420457 0.468045 1.929957 0.515031 -0.033425 0.856265 0.020899
0.419949 0.467704 1.929848 0.514927 -0.033583 0.856311 0.021308
0.419498 0.467465 1.929729 0.514758 -0.033696 0.856401 0.021578
0.419103 0.467243 1.929617 0.514616 -0.033837 0.856474 0.021841
0.417778 0.466198 1.929463 0.514465 -0.034656 0.856578 0.019967
0.416529 0.465375 1.929211 0.514159 -0.035073 0.856750 0.019732
0.415477 0.464679 1.928973 0.513888 -0.035473 0.856893 0.019887
0.414629 0.464074 1.928739 0.513653 -0.035874 0.857012 0.020136
0.412724 0.462678 1.928578 0.513416 -0.035981 0.857171 0.019135
0.410388 0.461401 1.928293 0.513169 -0.035937 0.857310 0.019663
0.408279 0.460056 1.928063 0.512880 -0.036318 0.857448 0.020438
0.406440 0.458878 1.927896 0.512469 -0.036781 0.857663 0.020926
0.403986 0.457498 1.927618 0.512292 -0.036680 0.857763 0.021322
0.400931 0.456425 1.926766 0.512500 -0.036490 0.857633 0.021881
0.398046 0.455408 1.925857 0.512634 -0.036822 0.857543 0.021687
0.395297 0.454442 1.924993 0.512445 -0.037293 0.857651 0.021061
0.392301 0.453338 1.924153 0.512224 -0.036686 0.857782 0.022138
0.388880 0.452511 1.922654 0.512820 -0.036119 0.857420 0.023266
0.385518 0.452058 1.920842 0.513520 -0.035940 0.857029 0.022547
0.382411 0.451429 1.919276 0.513731 -0.035910 0.856915 0.022086
0.379444 0.450238 1.918111 0.513691 -0.035850 0.856930 0.022509
0.375911 0.449411 1.916268 0.514483 -0.034543 0.856451 0.024615
0.372590 0.448723 1.914201 0.515404 -0.033918 0.855904 0.025231
0.369505 0.447868 1.912453 0.515737 -0.033597 0.855709 0.025469
0.366619 0.446819 1.910906 0.515825 -0.033082 0.855654 0.026202
0.363239 0.445985 1.909452 0.517103 -0.030917 0.854876 0.028904
0.359474 0.444944 1.910008 0.518370 -0.029952 0.854107 0.029940
0.355784 0.443059 1.911881 0.519029 -0.030417 0.853691 0.029934
0.351958 0.440781 1.914377 0.519074 -0.032010 0.853656 0.028417
0.348371 0.438746 1.914702 0.519489 -0.031937 0.853328 0.030691
0.344970 0.437218 1.914490 0.519855 -0.031096 0.853037 0.033353
0.341584 0.435658 1.914549 0.520119 -0.030846 0.852827 0.034813
0.338378 0.433914 1.914822 0.520242 -0.031205 0.852714 0.035423
0.335333 0.432456 1.913883 0.520369 -0.030563 0.852524 0.038524
0.332315 0.431429 1.912463 0.520583 -0.029258 0.852286 0.041796
0.329015 0.430327 1.911450 0.520947 -0.028631 0.851986 0.043751
0.325527 0.429007 1.910918 0.521205 -0.028670 0.851779 0.044685
0.322297 0.427371 1.910097 0.521418 -0.028726 0.851556 0.046374
0.319182 0.425900 1.908808 0.521600 -0.028181 0.851348 0.048426
0.315900 0.424403 1.907803 0.521766 -0.027837 0.851177 0.049825
0.312649 0.422731 1.907185 0.521832 -0.027940 0.851092 0.050539
0.309510 0.420838 1.906497 0.521899 -0.027901 0.850963 0.052018
0.306240 0.419178 1.905293 0.522142 -0.026866 0.850664 0.054928
0.302858 0.417586 1.904342 0.522401 -0.026140 0.850405 0.056805
0.299644 0.415738 1.903763 0.522515 -0.026020 0.850267 0.057866
0.296557 0.413528 1.903432 0.522515 -0.026242 0.850206 0.058643
0.292959 0.411210 1.903320 0.522643 -0.026221 0.850046 0.059827
0.289441 0.408825 1.903434 0.522779 -0.026704 0.849905 0.060422
0.286272 0.406256 1.903634 0.522783 -0.027517 0.849848 0.060825
0.283383 0.403478 1.903911 0.522702 -0.028636 0.849867 0.060728
0.280220 0.400377 1.904465 0.522642 -0.029059 0.849857 0.061184
0.277235 0.397261 1.905093 0.522400 -0.029579 0.849932 0.061956
0.274569 0.394027 1.905747 0.522046 -0.030567 0.850080 0.062428
0.272201 0.390626 1.906445 0.521579 -0.031974 0.850299 0.062649
0.269532 0.386440 1.907552 0.521113 -0.032376 0.850551 0.062903
0.266838 0.382300 1.908829 0.520352 -0.033054 0.850962 0.063278
0.264369 0.378126 1.910086 0.519559 -0.034392 0.851384 0.063416
0.262280 0.373875 1.911180 0.518886 -0.036311 0.851704 0.063560
0.259975 0.368936 1.912656 0.517670 -0.036352 0.852364 0.064589
0.257709 0.363512 1.914411 0.516607 -0.037221 0.852940 0.065004
0.255745 0.357898 1.916133 0.515468 -0.039141 0.853521 0.065289
0.254133 0.352086 1.917762 0.514138 -0.041782 0.854157 0.065812
0.252669 0.345906 1.919213 0.513129 -0.043909 0.854560 0.067070
0.251115 0.339777 1.920525 0.512178 -0.045257 0.854927 0.068747
0.249773 0.333331 1.921858 0.511411 -0.047101 0.855133 0.070624
0.248651 0.326607 1.923164 0.510585 -0.049592 0.855325 0.072531
0.247568 0.319833 1.924305 0.509884 -0.052289 0.855404 0.074631
0.246349 0.313053 1.925285 0.509275 -0.054557 0.855414 0.076998
0.245213 0.306124 1.926221 0.508883 -0.057138 0.855260 0.079400
0.243876 0.299413 1.927083 0.508301 -0.059347 0.855210 0.082005
0.242699 0.292437 1.927918 0.507972 -0.062085 0.854957 0.084602
0.241621 0.284849 1.928832 0.508043 -0.065595 0.854367 0.087444
0.240636 0.277022 1.929623 0.508081 -0.069322 0.853735 0.090463
0.239664 0.269061 1.930291 0.508020 -0.073243 0.853133 0.093362
0.238597 0.261079 1.930853 0.507779 -0.076961 0.852579 0.096671
0.236754 0.253323 1.931660 0.507464 -0.080352 0.852074 0.099967
0.234608 0.245708 1.932487 0.507210 -0.083745 0.851561 0.102799
0.232531 0.238014 1.933170 0.506988 -0.087221 0.850994 0.105669
0.230585 0.230179 1.933686 0.506756 -0.090814 0.850373 0.108704
0.228445 0.222157 1.934233 0.506727 -0.094546 0.849564 0.111944
0.226382 0.213949 1.934620 0.506842 -0.098607 0.848630 0.114956
0.224494 0.205601 1.934773 0.506975 -0.102678 0.847595 0.118387
0.222818 0.197588 1.934764 0.507047 -0.106334 0.846574 0.122108
0.220701 0.189677 1.935032 0.507278 -0.109625 0.845367 0.126511
0.218278 0.182012 1.935469 0.507964 -0.112967 0.844018 0.129785
0.216061 0.175426 1.935726 0.508814 -0.115480 0.842791 0.132198
0.214068 0.170310 1.935887 0.509821 -0.116462 0.841697 0.134407
0.212177 0.166188 1.936241 0.511071 -0.115990 0.840474 0.137678
0.210352 0.162587 1.936683 0.512477 -0.114839 0.839208 0.141099
0.208789 0.159717 1.936986 0.513852 -0.113134 0.838109 0.143974
0.207406 0.157399 1.937214 0.515147 -0.111121 0.837211 0.146131
0.206035 0.155265 1.937620 0.516438 -0.108896 0.836320 0.148333
0.204445 0.152633 1.938417 0.518045 -0.106735 0.835105 0.151121
0.203042 0.150237 1.939033 0.519757 -0.104308 0.833891 0.153612
0.201769 0.148134 1.939516 0.521359 -0.101714 0.832855 0.155537
0.200437 0.146114 1.940108 0.522919 -0.098932 0.831875 0.157325
0.198917 0.143614 1.940980 0.524569 -0.096306 0.830788 0.159199
0.197252 0.141493 1.941700 0.526127 -0.093762 0.830162 0.158837
0.195420 0.139516 1.942437 0.527616 -0.091233 0.829797 0.157277
0.193902 0.137304 1.943048 0.529121 -0.088801 0.829322 0.156109
0.192476 0.134248 1.943732 0.530806 -0.086688 0.828517 0.155851
0.191214 0.131078 1.944268 0.532523 -0.084561 0.827761 0.155182
0.190228 0.128425 1.944564 0.534137 -0.081986 0.827061 0.154744
0.189457 0.126098 1.944633 0.535517 -0.079696 0.826566 0.153810
0.188550 0.122946 1.944960 0.536737 -0.078622 0.826581 0.149984
0.187683 0.119740 1.945167 0.538040 -0.077337 0.826486 0.146474
0.186435 0.116555 1.945216 0.539218 -0.076592 0.826724 0.141084
0.184684 0.113133 1.945175 0.540279 -0.076947 0.827370 0.132802
0.182764 0.108789 1.945441 0.541251 -0.078445 0.828271 0.121898
0.181235 0.104041 1.945519 0.542636 -0.079946 0.828698 0.111427
0.180053 0.099358 1.945395 0.544173 -0.081573 0.828622 0.102991
0.179064 0.094856 1.945233 0.545609 -0.083440 0.828277 0.096468
0.178055 0.089821 1.945237 0.546620 -0.086146 0.828097 0.089668
0.176821 0.084093 1.945269 0.547368 -0.089248 0.827848 0.084194
0.175362 0.078450 1.945281 0.547689 -0.092468 0.827489 0.082139
0.173486 0.072730 1.945404 0.546692 -0.096593 0.827540 0.083512
0.170842 0.066677 1.945786 0.542352 -0.103403 0.829347 0.085715
0.168052 0.060155 1.946091 0.536736 -0.111771 0.831766 0.087105
0.165244 0.053935 1.946213 0.530890 -0.120432 0.834162 0.088454
0.162618 0.048248 1.946181 0.525467 -0.128534 0.836231 0.089894
0.160397 0.043388 1.946099 0.520978 -0.135215 0.837895 0.090724
0.158477 0.039480 1.946157 0.517339 -0.140280 0.839401 0.089936
0.156758 0.036363 1.946261 0.514252 -0.144364 0.840683 0.089202
0.155298 0.033839 1.946371 0.511715 -0.147673 0.841718 0.088610
0.154078 0.031762 1.946485 0.509637 -0.150294 0.842575 0.088038
0.152919 0.029957 1.946695 0.507645 -0.152383 0.843539 0.086705
0.151833 0.028447 1.946912 0.505847 -0.154193 0.844409 0.085547
0.150899 0.027207 1.947113 0.504339 -0.155691 0.845129 0.084613
0.150116 0.026188 1.947291 0.503103 -0.156904 0.845717 0.083858
0.149212 0.025603 1.947753 0.501918 -0.157108 0.846549 0.082150
0.148128 0.025351 1.948385 0.500590 -0.157142 0.847514 0.080225
0.147122 0.025222 1.948991 0.499378 -0.157135 0.848387 0.078551
0.146255 0.025135 1.949522 0.498350 -0.157121 0.849121 0.077156
0.145557 0.025205 1.949891 0.497278 -0.156923 0.849916 0.075723
0.145052 0.025364 1.950192 0.496480 -0.156600 0.850558 0.074397
0.144648 0.025510 1.950453 0.495864 -0.156308 0.851066 0.073306
0.144313 0.025638 1.950673 0.495365 -0.156063 0.851477 0.072422
0.143873 0.025990 1.950910 0.494787 -0.155665 0.851958 0.071572
0.143259 0.026712 1.951316 0.494139 -0.154917 0.852560 0.070487
0.142671 0.027431 1.951745 0.493559 -0.154185 0.853116 0.069417
0.142161 0.028055 1.952124 0.493070 -0.153552 0.853590 0.068476
0.141614 0.028651 1.952437 0.492466 -0.153117 0.854076 0.067726
0.140881 0.029300 1.952794 0.491603 -0.152828 0.854672 0.067122
0.140206 0.029877 1.953145 0.490840 -0.152561 0.855209 0.066478
0.139629 0.030374 1.953444 0.490204 -0.152315 0.855663 0.065891
