-0.049576 0.359945 1.472113 0.694186 -0.006474 0.719748 0.005055
-0.049374 0.359674 1.472377 0.694220 -0.006461 0.719719 0.004662
-0.048923 0.359328 1.472690 0.694156 -0.006564 0.719780 0.004548
-0.048390 0.358957 1.472977 0.694079 -0.006863 0.719851 0.004665
-0.047880 0.358609 1.473224 0.694010 -0.007204 0.719913 0.004855
-0.047425 0.358280 1.473438 0.693933 -0.007373 0.719985 0.004942
-0.046900 0.357694 1.473519 0.693603 -0.006911 0.720307 0.004991
-0.046364 0.357079 1.473523 0.693259 -0.006597 0.720638 0.005349
-0.045882 0.356536 1.473524 0.692963 -0.006393 0.720922 0.005712
-0.045465 0.356077 1.473533 0.692709 -0.006241 0.721165 0.006030
-0.044999 0.355922 1.473846 0.692494 -0.006115 0.721376 0.005571
-0.044448 0.355797 1.474275 0.692354 -0.006296 0.721512 0.005134
-0.043912 0.355649 1.474665 0.692243 -0.006588 0.721618 0.004868
-0.043433 0.355504 1.474997 0.692151 -0.006889 0.721705 0.004705
-0.042945 0.355324 1.475027 0.691964 -0.006595 0.721880 0.005513
-0.042432 0.355089 1.474792 0.691704 -0.006132 0.722124 0.006764
-0.041967 0.354868 1.474561 0.691472 -0.005772 0.722337 0.007870
-0.041570 0.354681 1.474365 0.691277 -0.005498 0.722516 0.008785
-0.041200 0.354619 1.474275 0.691179 -0.005460 0.722609 0.008829
-0.040792 0.354621 1.474344 0.691145 -0.005597 0.722646 0.008395
-0.040395 0.354594 1.474434 0.691120 -0.005813 0.722671 0.008107
-0.040041 0.354556 1.474516 0.691095 -0.006033 0.722695 0.007917
-0.039651 0.354557 1.474477 0.691097 -0.006464 0.722689 0.008047
-0.038918 0.354626 1.474147 0.691131 -0.007275 0.722640 0.008753
-0.038086 0.354601 1.473831 0.691127 -0.008115 0.722624 0.009649
-0.037310 0.354538 1.473565 0.691116 -0.008893 0.722613 0.010522
-0.036612 0.354476 1.473257 0.691141 -0.009709 0.722562 0.011551
-0.035723 0.354504 1.472308 0.691343 -0.010873 0.722315 0.013685
-0.034805 0.354496 1.471341 0.691469 -0.011800 0.722137 0.015747
-0.033980 0.354467 1.470511 0.691553 -0.012578 0.722003 0.017546
-0.033279 0.354444 1.469799 0.691621 -0.013260 0.721887 0.019082
-0.032621 0.354615 1.468169 0.691920 -0.015313 0.721476 0.021991
-0.032118 0.354925 1.466347 0.692216 -0.016566 0.721083 0.024534
-0.031741 0.355225 1.464748 0.692460 -0.017395 0.720755 0.026616
-0.031463 0.355506 1.463392 0.692673 -0.017966 0.720473 0.028289
-0.030924 0.355949 1.461362 0.693065 -0.019995 0.719938 0.030809
-0.030020 0.356401 1.458953 0.693470 -0.021858 0.719365 0.033697
-0.029091 0.356704 1.456846 0.693761 -0.023391 0.718905 0.036394
-0.028268 0.356939 1.455066 0.693993 -0.024624 0.718519 0.038716
-0.027515 0.357391 1.452799 0.694243 -0.027508 0.717975 0.042203
-0.026850 0.358366 1.449743 0.694880 -0.030564 0.717003 0.045989
-0.026320 0.359278 1.447018 0.695420 -0.032702 0.716179 0.049078
-0.025913 0.360080 1.444699 0.695875 -0.034270 0.715486 0.051601
-0.025536 0.360885 1.442202 0.696252 -0.036828 0.714805 0.054135
-0.024964 0.361947 1.438233 0.696975 -0.040249 0.713669 0.057288
-0.024396 0.362837 1.434515 0.697576 -0.042586 0.712705 0.060219
-0.023914 0.363572 1.431328 0.698074 -0.044313 0.711892 0.062753
-0.023509 0.364282 1.428446 0.698399 -0.046275 0.711218 0.065318
-0.022953 0.365893 1.424227 0.699388 -0.050125 0.709645 0.068903
-0.022359 0.367456 1.420252 0.700437 -0.052798 0.708125 0.071827
-0.021824 0.368757 1.416853 0.701308 -0.054816 0.706846 0.074368
-0.021380 0.369859 1.413973 0.702022 -0.056402 0.705779 0.076547
-0.020658 0.371435 1.409969 0.702554 -0.060750 0.704504 0.080003
-0.019700 0.372939 1.405948 0.703351 -0.064105 0.703050 0.083118
-0.018759 0.374138 1.402500 0.703987 -0.066770 0.701824 0.085950
-0.017934 0.375133 1.399599 0.704509 -0.068860 0.700795 0.088388
-0.016966 0.376441 1.396085 0.704846 -0.072586 0.699641 0.091794
-0.015659 0.377824 1.392258 0.705558 -0.076072 0.698110 0.095098
-0.014350 0.378893 1.388963 0.706119 -0.078917 0.696803 0.098153
-0.013186 0.379760 1.386192 0.706572 -0.081204 0.695700 0.100816
-0.012007 0.380881 1.383199 0.706596 -0.083831 0.694875 0.104129
-0.010319 0.382318 1.379615 0.706904 -0.086405 0.693703 0.107692
-0.008540 0.383381 1.376505 0.707148 -0.088663 0.692637 0.111060
-0.006915 0.384199 1.373899 0.707328 -0.090580 0.691718 0.114054
-0.005430 0.385094 1.371298 0.707359 -0.092529 0.690912 0.117142
-0.003519 0.386546 1.367528 0.708069 -0.094363 0.689362 0.120475
-0.001491 0.387610 1.364108 0.708728 -0.095962 0.687893 0.123685
0.000374 0.388387 1.361224 0.709237 -0.097384 0.686633 0.126629
0.002010 0.389058 1.358705 0.709496 -0.098881 0.685656 0.129288
0.003994 0.390114 1.355352 0.709643 -0.101406 0.684553 0.132328
0.006172 0.390860 1.352253 0.709901 -0.103645 0.683367 0.135303
0.008205 0.391352 1.349647 0.710063 -0.105630 0.682337 0.138092
0.009978 0.391728 1.347467 0.710182 -0.107289 0.681457 0.140524
0.012005 0.392620 1.344658 0.710804 -0.109527 0.680062 0.142397
0.014353 0.393326 1.341974 0.711616 -0.111671 0.678470 0.144258
0.016603 0.393745 1.339742 0.712183 -0.113684 0.677119 0.146220
0.018595 0.394025 1.337892 0.712601 -0.115429 0.675989 0.148036
0.020556 0.394726 1.335773 0.712923 -0.116682 0.675137 0.149391
0.022724 0.395490 1.333572 0.713497 -0.117573 0.674118 0.150547
0.024773 0.395985 1.331732 0.713920 -0.118535 0.673210 0.151847
0.026576 0.396331 1.330208 0.714235 -0.119431 0.672433 0.153096
0.028350 0.396965 1.328340 0.714348 -0.120392 0.671961 0.153888
0.030666 0.397780 1.325670 0.714876 -0.121035 0.671123 0.154586
0.033030 0.398165 1.323332 0.715257 -0.121925 0.670274 0.155803
0.035186 0.398340 1.321387 0.715504 -0.122865 0.669526 0.157143
0.037156 0.398566 1.319533 0.715675 -0.123980 0.668920 0.158069
0.039409 0.398987 1.316987 0.716305 -0.125077 0.667935 0.158512
0.041638 0.399089 1.314697 0.716819 -0.126205 0.666955 0.159415
0.043639 0.399043 1.312778 0.717182 -0.127285 0.666106 0.160469
0.045412 0.399017 1.311109 0.717443 -0.128329 0.665429 0.161279
0.047921 0.399313 1.308793 0.718210 -0.129488 0.664382 0.161258
0.050814 0.399131 1.306727 0.718752 -0.131045 0.663285 0.162099
0.053584 0.398701 1.305052 0.719017 -0.132742 0.662348 0.163369
0.056041 0.398225 1.303685 0.719148 -0.134314 0.661562 0.164681
0.058893 0.398139 1.301694 0.719434 -0.135521 0.660974 0.164809
0.062135 0.397616 1.299682 0.719677 -0.136849 0.660187 0.165804
0.065214 0.396844 1.298020 0.719694 -0.138398 0.659472 0.167281
0.067935 0.396059 1.296659 0.719619 -0.139871 0.658859 0.168790
0.070797 0.395824 1.294999 0.720120 -0.141602 0.658051 0.168360
0.074205 0.395583 1.293373 0.720898 -0.143611 0.656898 0.167829
0.077519 0.395054 1.292143 0.721299 -0.145823 0.655916 0.168039
0.080487 0.394443 1.291179 0.721486 -0.147905 0.655110 0.168565
0.083378 0.394028 1.289946 0.721847 -0.149536 0.654452 0.168134
0.086924 0.393298 1.288163 0.722444 -0.150866 0.653559 0.167849
0.090445 0.392134 1.286660 0.722649 -0.152621 0.652728 0.168617
0.093619 0.390913 1.285446 0.722651 -0.154400 0.652019 0.169726
0.096478 0.389915 1.284192 0.722744 -0.155922 0.651487 0.169983
0.099499 0.389024 1.281948 0.723443 -0.156370 0.650842 0.169066
0.102311 0.387803 1.279819 0.723943 -0.157006 0.650106 0.169165
0.104760 0.386582 1.278017 0.724273 -0.157733 0.649435 0.169658
0.106901 0.385523 1.276468 0.724652 -0.158374 0.648792 0.169902
0.110072 0.384302 1.274792 0.725721 -0.159049 0.647768 0.168609
0.113745 0.382419 1.273527 0.726065 -0.160684 0.646887 0.168957
0.117267 0.380395 1.272607 0.726001 -0.162667 0.646183 0.170027
0.120395 0.378500 1.271906 0.725773 -0.164581 0.645624 0.171276
0.124108 0.376920 1.270787 0.726638 -0.164964 0.644853 0.170143
0.128321 0.374719 1.269815 0.727024 -0.166024 0.644093 0.170338
0.132312 0.372339 1.269133 0.726963 -0.167628 0.643466 0.171396
0.135828 0.370108 1.268634 0.726721 -0.169286 0.642962 0.172681
0.139490 0.368324 1.267706 0.727366 -0.169005 0.642437 0.172193
0.143730 0.366009 1.266501 0.728018 -0.168567 0.641752 0.172418
0.147769 0.363407 1.265572 0.728159 -0.169033 0.641132 0.173671
0.151338 0.360934 1.264861 0.728066 -0.169823 0.640617 0.175186
0.154715 0.358948 1.264134 0.728391 -0.169550 0.640265 0.175384
0.158499 0.356997 1.263355 0.729004 -0.168482 0.639911 0.175161
0.162081 0.354859 1.262832 0.729197 -0.168333 0.639565 0.175764
0.165240 0.352826 1.262469 0.729174 -0.168585 0.639279 0.176654
0.168140 0.351116 1.262152 0.729436 -0.168510 0.639068 0.176413
0.171921 0.349228 1.261978 0.730215 -0.167689 0.638939 0.174422
0.175830 0.346809 1.262110 0.730296 -0.168134 0.638834 0.174040
0.179405 0.344366 1.262368 0.730050 -0.169110 0.638765 0.174381
0.182543 0.342158 1.262628 0.729750 -0.170016 0.638752 0.174799
0.186210 0.340070 1.262822 0.729792 -0.169144 0.639095 0.174218
0.190031 0.337511 1.263207 0.729354 -0.169343 0.639366 0.174859
0.193531 0.334939 1.263662 0.728699 -0.170122 0.639589 0.176020
0.196560 0.332596 1.264095 0.728021 -0.171050 0.639768 0.177269
0.199562 0.330974 1.264826 0.728248 -0.170509 0.639829 0.176640
0.202326 0.330029 1.265885 0.728689 -0.169946 0.639864 0.175227
0.204805 0.329071 1.266893 0.728885 -0.169992 0.639897 0.174245
0.206998 0.328307 1.267804 0.729127 -0.170195 0.639914 0.172967
0.209303 0.327426 1.269189 0.729513 -0.168855 0.640246 0.171411
0.212036 0.325650 1.270852 0.729269 -0.169001 0.640685 0.170666
0.214733 0.323428 1.272341 0.728527 -0.169909 0.641148 0.171196
0.217219 0.321182 1.273705 0.727572 -0.170902 0.641657 0.172360
0.219656 0.319040 1.275490 0.726823 -0.170693 0.642450 0.172775
0.222612 0.316830 1.278734 0.725638 -0.169615 0.644063 0.172808
0.225625 0.314540 1.282148 0.723963 -0.169879 0.645719 0.173396
0.228376 0.312352 1.285230 0.722287 -0.170666 0.647185 0.174145
0.230912 0.310463 1.288104 0.720814 -0.170727 0.648728 0.174443
0.234186 0.309084 1.292195 0.719338 -0.169110 0.651148 0.173091
0.237554 0.307636 1.296551 0.717517 -0.169061 0.653428 0.172103
0.240617 0.306150 1.300528 0.715675 -0.169680 0.655423 0.171578
0.243301 0.304775 1.303969 0.714024 -0.170241 0.657195 0.171121
0.247113 0.303786 1.308211 0.712642 -0.166637 0.660012 0.169579
0.251463 0.302161 1.313022 0.710649 -0.165379 0.662640 0.168922
0.255587 0.300119 1.317533 0.708394 -0.165572 0.664943 0.169157
0.259230 0.297989 1.321460 0.706224 -0.166340 0.666879 0.169857
0.263422 0.296905 1.325398 0.704302 -0.163404 0.670003 0.168386
0.268112 0.295760 1.329910 0.702383 -0.161542 0.672870 0.166758
0.272439 0.294291 1.334187 0.700347 -0.161234 0.675299 0.165799
0.276199 0.292736 1.337919 0.698435 -0.161532 0.677311 0.165369
0.280251 0.291842 1.341308 0.696851 -0.159260 0.679800 0.164034
0.285236 0.290794 1.345262 0.695132 -0.155833 0.682515 0.163341
0.290003 0.289096 1.349163 0.693061 -0.154192 0.684907 0.163690
0.294226 0.287164 1.352607 0.691059 -0.153733 0.686859 0.164407
0.298362 0.285821 1.355453 0.689241 -0.153266 0.688984 0.163575
0.303605 0.284964 1.358281 0.687878 -0.151460 0.691240 0.161466
0.308635 0.283499 1.361113 0.686217 -0.149773 0.693343 0.161090
0.313112 0.281674 1.363696 0.684488 -0.148826 0.695103 0.161735
0.317195 0.280128 1.365857 0.682848 -0.148471 0.696791 0.161729
0.322329 0.280144 1.368145 0.681996 -0.146567 0.698688 0.158858
0.327387 0.279927 1.370948 0.680909 -0.144263 0.700597 0.157206
0.331862 0.279309 1.373584 0.679539 -0.141590 0.702477 0.157177
0.335744 0.278593 1.375830 0.678226 -0.139429 0.704136 0.157357
0.340563 0.279046 1.377649 0.676906 -0.139269 0.706313 0.153373
0.345718 0.278992 1.379555 0.675977 -0.138540 0.707972 0.150452
0.350624 0.278089 1.381219 0.674960 -0.137445 0.709367 0.149454
0.354956 0.276658 1.382575 0.673820 -0.135370 0.710610 0.150583
0.359728 0.276290 1.383564 0.672553 -0.135006 0.712320 0.148477
0.364871 0.276020 1.384737 0.671839 -0.134404 0.713610 0.146041
0.369760 0.275083 1.385759 0.671214 -0.133155 0.714602 0.145209
0.374074 0.273658 1.386575 0.670468 -0.130976 0.715490 0.146264
0.378614 0.273230 1.387053 0.669308 -0.129734 0.716951 0.145526
0.383824 0.273692 1.387984 0.668372 -0.128871 0.718459 0.143138
0.388876 0.273555 1.388921 0.667754 -0.127341 0.719554 0.141884
0.393496 0.272674 1.389701 0.667084 -0.125195 0.720458 0.142353
0.397978 0.272029 1.390039 0.665936 -0.123759 0.721772 0.142328
0.403107 0.272305 1.390054 0.664688 -0.123259 0.723365 0.140502
0.408006 0.272063 1.389892 0.664295 -0.121889 0.724177 0.139364
0.412458 0.271106 1.389616 0.664003 -0.119604 0.724713 0.139950
0.416528 0.270013 1.389163 0.663482 -0.117171 0.725403 0.140900
0.421517 0.270135 1.388477 0.662385 -0.116078 0.726858 0.139460
0.426463 0.270302 1.387771 0.662089 -0.114170 0.727653 0.138291
0.431019 0.269834 1.387067 0.662080 -0.111627 0.728048 0.138332
0.435069 0.268967 1.386454 0.661953 -0.109642 0.728381 0.138774
0.439836 0.268830 1.385596 0.660713 -0.108217 0.729918 0.137718
0.444843 0.268789 1.384948 0.659799 -0.106432 0.731151 0.136954
0.449661 0.268320 1.384417 0.659252 -0.105003 0.731913 0.136617
0.454000 0.267349 1.384031 0.658714 -0.104290 0.732490 0.136666
0.458560 0.266711 1.383011 0.657531 -0.102568 0.733822 0.136522
0.463465 0.266167 1.381883 0.656550 -0.100620 0.734956 0.136595
0.468269 0.265491 1.380736 0.656127 -0.099152 0.735521 0.136654
0.472570 0.264465 1.379762 0.655858 -0.098386 0.735837 0.136802
0.476808 0.263640 1.378428 0.655342 -0.097117 0.736486 0.136688
0.481562 0.262948 1.376914 0.654701 -0.096295 0.737242 0.136260
0.486234 0.262269 1.375371 0.654557 -0.095773 0.737535 0.135736
0.490392 0.261855 1.373935 0.654574 -0.095320 0.737692 0.135123
0.494171 0.261686 1.372460 0.654621 -0.094568 0.737920 0.134171
0.498655 0.261416 1.370993 0.654154 -0.094301 0.738600 0.132889
0.503228 0.260919 1.369679 0.653908 -0.094530 0.739007 0.131670
0.507426 0.260669 1.368466 0.653694 -0.094540 0.739381 0.130620
0.511093 0.260690 1.367305 0.653569 -0.094248 0.739713 0.129570
0.515268 0.260484 1.365464 0.653311 -0.094145 0.740140 0.128512
0.519460 0.259903 1.363487 0.653589 -0.094616 0.740026 0.127402
0.523247 0.259594 1.361553 0.654081 -0.094822 0.739753 0.126303
0.526431 0.259596 1.359856 0.654663 -0.094860 0.739433 0.125129
0.530168 0.259606 1.357694 0.654868 -0.094554 0.739422 0.124355
0.534065 0.259150 1.355696 0.654999 -0.094933 0.739364 0.123715
0.537625 0.258969 1.353860 0.655265 -0.095107 0.739234 0.122944
0.540620 0.259179 1.352321 0.655599 -0.095150 0.739101 0.121929
0.543658 0.259498 1.350031 0.655855 -0.094732 0.739082 0.120988
0.546670 0.259535 1.347186 0.656586 -0.094998 0.738595 0.119783
0.549215 0.259779 1.344400 0.657931 -0.095275 0.737613 0.118222
0.551237 0.260151 1.341947 0.659420 -0.095555 0.736510 0.116563
0.553300 0.260876 1.339201 0.660647 -0.094993 0.735679 0.115316
0.555596 0.261457 1.336315 0.661448 -0.094631 0.735139 0.114468
0.557550 0.261745 1.333780 0.662624 -0.094820 0.734220 0.113397
0.559181 0.261930 1.331598 0.663807 -0.095138 0.733274 0.112328
0.560807 0.262337 1.329264 0.664824 -0.094752 0.732514 0.111598
0.562860 0.262498 1.326428 0.665374 -0.093979 0.732079 0.111832
0.564719 0.262055 1.323877 0.666363 -0.094045 0.731157 0.111919
0.566350 0.261400 1.321663 0.667428 -0.094449 0.730136 0.111891
0.567835 0.260823 1.319582 0.668326 -0.094524 0.729289 0.112002
0.569462 0.260582 1.316674 0.668698 -0.093082 0.728964 0.113091
0.570812 0.260155 1.314021 0.669625 -0.092412 0.728094 0.113758
0.571902 0.259780 1.311687 0.670826 -0.092170 0.726993 0.113918
0.572792 0.259536 1.309687 0.671932 -0.092079 0.725997 0.113829
0.573855 0.259448 1.306577 0.672389 -0.091593 0.725574 0.114215
0.574744 0.258864 1.303378 0.673471 -0.092106 0.724474 0.114417
0.575442 0.258190 1.300443 0.675079 -0.092955 0.722896 0.114232
0.576017 0.257588 1.297944 0.676597 -0.093851 0.721411 0.113909
0.576589 0.257297 1.295021 0.677499 -0.093269 0.720587 0.114238
0.577049 0.256966 1.292158 0.678287 -0.092717 0.719824 0.114818
0.577380 0.256787 1.289734 0.679414 -0.092172 0.718789 0.115075
0.577708 0.256983 1.288126 0.680034 -0.091422 0.718267 0.115276
0.578003 0.257436 1.286502 0.680301 -0.090054 0.718121 0.115685
0.578101 0.257528 1.284238 0.680975 -0.088992 0.717519 0.116270
0.578181 0.257195 1.282086 0.681776 -0.088467 0.716708 0.116989
0.578343 0.256649 1.280268 0.682604 -0.088412 0.715835 0.117534
0.578589 0.256318 1.278615 0.683341 -0.088174 0.715161 0.117533
0.578969 0.255672 1.276706 0.683952 -0.087891 0.714598 0.117614
0.579312 0.255124 1.275032 0.685293 -0.088202 0.713393 0.116901
0.579685 0.254485 1.273766 0.685809 -0.088258 0.712874 0.116993
0.580032 0.253857 1.272574 0.686426 -0.088112 0.712300 0.116983
0.579816 0.253819 1.270281 0.688030 -0.086254 0.711061 0.116478
0.579341 0.253918 1.267947 0.689771 -0.084842 0.709623 0.115982
0.578864 0.254235 1.266046 0.691370 -0.083836 0.708299 0.115289
0.578443 0.254677 1.264559 0.692672 -0.083074 0.707239 0.114530
0.577822 0.255038 1.263078 0.694083 -0.083102 0.706155 0.112641
0.577154 0.255416 1.261628 0.695451 -0.083047 0.705068 0.111039
0.576540 0.255803 1.260368 0.696653 -0.083004 0.704099 0.109678
0.576009 0.256172 1.259318 0.697649 -0.082973 0.703292 0.108544
0.575156 0.256245 1.258459 0.699332 -0.083450 0.701821 0.106857
0.574270 0.256254 1.257690 0.700908 -0.083514 0.700448 0.105480
0.573483 0.256239 1.256944 0.702197 -0.083492 0.699313 0.104454
0.572806 0.256206 1.256282 0.703264 -0.083477 0.698358 0.103672
0.571651 0.255821 1.255913 0.704280 -0.084112 0.697381 0.102833
0.569817 0.256002 1.255672 0.705061 -0.083901 0.696728 0.102082
0.567882 0.256901 1.255309 0.705935 -0.083351 0.696068 0.100983
0.566013 0.258120 1.254909 0.706818 -0.082689 0.695426 0.099767
0.563745 0.258934 1.254663 0.707962 -0.083020 0.694436 0.098271
0.560133 0.259151 1.254341 0.709267 -0.083125 0.693198 0.097497
0.556517 0.259830 1.253610 0.710711 -0.082677 0.691883 0.096709
0.553207 0.260746 1.252843 0.712127 -0.082141 0.690610 0.095842
0.550146 0.261585 1.252250 0.713433 -0.082002 0.689431 0.094731
0.545841 0.262081 1.251645 0.715070 -0.081413 0.687944 0.093704
0.541140 0.263134 1.250852 0.716705 -0.080126 0.686495 0.092940
0.536615 0.264069 1.250040 0.718265 -0.078932 0.685065 0.092470
0.532645 0.264416 1.249295 0.719531 -0.077978 0.683830 0.092585
0.528422 0.264753 1.249279 0.720586 -0.078516 0.682914 0.090663
0.524108 0.265931 1.250053 0.721125 -0.078377 0.682585 0.088953
0.519767 0.267595 1.251241 0.721293 -0.077926 0.682653 0.087462
0.515559 0.269318 1.252562 0.721368 -0.077471 0.682785 0.086210
0.511154 0.270976 1.253899 0.722552 -0.077994 0.681739 0.084071
0.506460 0.273292 1.255585 0.724020 -0.078301 0.680450 0.081561
0.501728 0.275876 1.257488 0.724976 -0.078223 0.679702 0.079345
0.496962 0.278460 1.259403 0.725546 -0.077780 0.679353 0.077542
0.492101 0.281021 1.261388 0.726334 -0.077138 0.678809 0.075538
0.487376 0.283826 1.264125 0.727096 -0.076323 0.678329 0.073324
0.482799 0.286647 1.267215 0.727221 -0.075541 0.678488 0.071388
0.478235 0.289310 1.270254 0.726998 -0.074652 0.678989 0.069819
0.473557 0.291806 1.273111 0.727017 -0.073874 0.679213 0.068252
0.468775 0.294596 1.276410 0.727857 -0.073594 0.678577 0.065887
0.464095 0.297446 1.280021 0.728100 -0.073305 0.678559 0.063671
0.459404 0.300118 1.283511 0.727980 -0.072851 0.678910 0.061796
0.454643 0.302530 1.286722 0.727805 -0.072105 0.679306 0.060367
0.449938 0.305184 1.290697 0.728195 -0.071365 0.679105 0.058780
0.445443 0.307968 1.295303 0.727873 -0.070973 0.679644 0.056988
0.440947 0.310588 1.299820 0.727185 -0.070603 0.680555 0.055332
