0.422069 0.195558 1.684605 0.640239 -0.380240 0.621131 -0.244350
0.421503 0.195867 1.685161 0.634621 -0.393437 0.613249 -0.257660
0.420819 0.196371 1.685567 0.627273 -0.408579 0.603804 -0.273883
0.420270 0.196765 1.686159 0.620490 -0.421831 0.595217 -0.287691
0.419834 0.197077 1.686892 0.614512 -0.433209 0.587627 -0.298996
0.419450 0.197295 1.687595 0.608708 -0.443922 0.580171 -0.309533
0.419134 0.197407 1.688050 0.601831 -0.455754 0.571664 -0.321385
0.418921 0.197495 1.688704 0.596035 -0.465550 0.564356 -0.330919
0.418737 0.197487 1.689339 0.591557 -0.473189 0.558422 -0.338109
0.418601 0.197309 1.689823 0.586467 -0.481530 0.551560 -0.346362
0.418535 0.197071 1.690379 0.580666 -0.490324 0.543928 -0.355741
0.418480 0.196771 1.690880 0.576049 -0.497169 0.537777 -0.363024
0.418423 0.196465 1.691277 0.572439 -0.502536 0.532787 -0.368659
0.418462 0.196038 1.691385 0.567040 -0.509985 0.525860 -0.376632
0.418523 0.195749 1.691596 0.561955 -0.516490 0.519503 -0.384135
0.418561 0.195495 1.691769 0.558061 -0.521445 0.514459 -0.389864
0.418597 0.195222 1.691821 0.554770 -0.525667 0.510103 -0.394587
0.418731 0.194894 1.691772 0.549909 -0.531365 0.504318 -0.401141
0.418846 0.194670 1.691853 0.546108 -0.535645 0.499706 -0.406380
0.418943 0.194461 1.691884 0.543184 -0.538976 0.496008 -0.410403
0.419015 0.194202 1.691808 -0.540142 0.542453 -0.492160 0.414452
0.419039 0.193896 1.691799 -0.536254 0.546619 -0.487444 0.419567
0.419049 0.193644 1.691844 -0.533234 0.549807 -0.483676 0.423594
0.419057 0.193414 1.691847 -0.530854 0.552358 -0.480608 0.426744
0.419166 0.193172 1.691793 -0.527921 0.555523 -0.476991 0.430318
0.419378 0.192970 1.691853 -0.524888 0.558697 -0.473329 0.433946
0.419570 0.192788 1.691915 -0.522553 0.561162 -0.470410 0.436749
0.419745 0.192611 1.691932 -0.520716 0.563156 -0.468041 0.438916
0.419991 0.192480 1.691850 -0.518857 0.565187 -0.465946 0.440733
0.420211 0.192408 1.691776 -0.517466 0.566724 -0.464279 0.442150
0.420407 0.192336 1.691690 -0.516411 0.567955 -0.462934 0.443215
0.420603 0.192235 1.691548 -0.515494 0.569077 -0.461877 0.443944
0.420873 0.192042 1.691256 -0.514752 0.569729 -0.461604 0.444253
0.421077 0.191923 1.690989 -0.514399 0.569998 -0.461441 0.444486
0.421248 0.191856 1.690736 -0.514127 0.570237 -0.461275 0.444666
0.421446 0.191771 1.690517 -0.514246 0.570389 -0.461845 0.443742
0.421589 0.191879 1.690534 -0.515207 0.570060 -0.463287 0.441540
0.421698 0.191969 1.690443 -0.516070 0.569868 -0.464424 0.439582
0.421793 0.192026 1.690345 -0.516655 0.569831 -0.465288 0.438027
0.421965 0.192000 1.690192 -0.518586 0.568817 -0.468987 0.433090
0.421825 0.192726 1.690123 -0.521653 0.566506 -0.473262 0.427752
0.421717 0.193388 1.689781 -0.523558 0.565493 -0.476603 0.423031
0.421671 0.193737 1.689505 -0.524829 0.564823 -0.479360 0.419216
0.421459 0.193902 1.689648 -0.528994 0.560983 -0.487125 0.410088
0.421020 0.194497 1.689487 -0.532476 0.557860 -0.493843 0.401721
0.420533 0.195181 1.689374 -0.535465 0.554910 -0.499018 0.395388
0.420227 0.195450 1.689204 -0.537678 0.552789 -0.504241 0.388674
0.419723 0.195743 1.689113 -0.543049 0.546449 -0.515511 0.375154
0.419011 0.196631 1.688625 0.547580 -0.540927 0.524491 -0.363955
0.418280 0.197647 1.688088 0.551180 -0.536360 0.531426 -0.355112
0.417402 0.198203 1.687964 0.554838 -0.530998 0.539497 -0.345163
0.415863 0.198700 1.688494 0.559861 -0.522532 0.550640 -0.332132
0.414272 0.199852 1.688943 0.565169 -0.513790 0.559887 -0.321141
0.412802 0.201167 1.689366 0.569405 -0.506378 0.567043 -0.312764
0.410726 0.202022 1.690288 0.573622 -0.497424 0.576089 -0.302735
0.407960 0.203558 1.691262 0.578655 -0.486465 0.585849 -0.292047
0.405341 0.205661 1.691999 0.583792 -0.475763 0.593879 -0.283096
0.403026 0.207752 1.692629 0.587812 -0.466839 0.600124 -0.276386
0.399626 0.208920 1.694339 0.591347 -0.455256 0.610113 -0.266105
0.396010 0.210802 1.696010 0.595205 -0.442989 0.619451 -0.256462
0.392753 0.212972 1.697423 0.599156 -0.431289 0.627252 -0.248104
0.389756 0.214904 1.698788 0.602232 -0.420939 0.634044 -0.241070
0.385302 0.216870 1.700979 0.604985 -0.407166 0.643884 -0.231562
0.380903 0.219900 1.702758 0.608489 -0.392907 0.652324 -0.223245
0.376973 0.223035 1.704230 0.612084 -0.379388 0.659437 -0.215780
0.372967 0.225432 1.705827 0.614515 -0.367115 0.666325 -0.208826
0.367966 0.227358 1.707702 0.616210 -0.353992 0.674365 -0.200515
0.363444 0.229636 1.709221 0.618470 -0.340958 0.681280 -0.192613
0.359568 0.231760 1.710504 0.620751 -0.328904 0.687167 -0.185183
0.355219 0.233068 1.712154 0.621864 -0.317412 0.693534 -0.177609
0.350366 0.234520 1.713925 0.622809 -0.305303 0.700074 -0.169693
0.346070 0.236231 1.715428 0.624236 -0.293322 0.705712 -0.162058
0.342426 0.237790 1.716703 0.625542 -0.282671 0.710425 -0.155209
0.337654 0.238282 1.718297 0.625853 -0.271247 0.716353 -0.146869
0.332920 0.239106 1.719641 0.626451 -0.259520 0.721844 -0.138381
0.328832 0.240096 1.720770 0.627196 -0.248635 0.726448 -0.130686
0.325202 0.240883 1.721810 0.627591 -0.239250 0.730385 -0.124204
0.320398 0.241411 1.723134 0.627886 -0.227325 0.735311 -0.115762
0.315904 0.242508 1.724295 0.628506 -0.215276 0.739608 -0.107777
0.312043 0.243666 1.725301 0.629047 -0.204519 0.743176 -0.100805
0.308161 0.244480 1.726189 0.629375 -0.194325 0.746484 -0.094263
0.303203 0.245554 1.726802 0.630011 -0.181765 0.750039 -0.086530
0.298689 0.247096 1.727288 0.630742 -0.169521 0.753061 -0.079538
0.294845 0.248550 1.727724 0.631086 -0.159536 0.755482 -0.074337
0.290536 0.249504 1.728664 0.631076 -0.148423 0.758324 -0.068249
0.285699 0.250639 1.730154 0.630718 -0.136488 0.761386 -0.062106
0.281436 0.251911 1.731553 0.630169 -0.126363 0.763944 -0.057531
0.277862 0.253006 1.732751 0.629486 -0.118399 0.766018 -0.054268
0.273728 0.253873 1.733667 0.629496 -0.106345 0.768224 -0.047513
0.269729 0.255014 1.734405 0.629378 -0.095306 0.770083 -0.042092
0.266307 0.256112 1.735055 0.629047 -0.086467 0.771593 -0.038279
0.263340 0.256952 1.735654 0.628729 -0.078395 0.772891 -0.034529
0.259899 0.257331 1.736531 0.628655 -0.067249 0.774252 -0.028364
0.256864 0.257677 1.737460 0.628292 -0.058564 0.775398 -0.024016
0.254352 0.257941 1.738283 0.627829 -0.051898 0.776339 -0.020848
0.252123 0.258102 1.739042 0.627420 -0.044786 0.777210 -0.016817
0.249880 0.258273 1.739875 0.626944 -0.036996 0.778087 -0.012412
0.247975 0.258444 1.740638 0.626404 -0.030976 0.778828 -0.009250
0.246415 0.258559 1.741288 0.625887 -0.026364 0.779439 -0.006886
0.245422 0.258727 1.741782 0.625800 -0.020437 0.779710 -0.003228
0.245066 0.258562 1.742189 0.625942 -0.015417 0.779717 0.000511
0.244943 0.258165 1.742530 0.626055 -0.011930 0.779680 0.003657
0.244911 0.257726 1.742816 0.626138 -0.009421 0.779631 0.006196
0.245559 0.258271 1.743105 0.626153 -0.006106 0.779630 0.008507
0.246335 0.258923 1.743296 0.626139 -0.003357 0.779637 0.010232
0.247015 0.259428 1.743422 0.626137 -0.001232 0.779625 0.011654
0.247751 0.260004 1.743582 0.626158 0.000873 0.779585 0.013106
0.249509 0.261355 1.744319 0.626136 0.003510 0.779574 0.014338
0.251256 0.262250 1.745076 0.626080 0.004989 0.779593 0.015299
0.252785 0.262848 1.745689 0.626062 0.005951 0.779582 0.016193
0.254526 0.263808 1.746100 0.626258 0.007361 0.779406 0.016519
0.257094 0.265243 1.746190 0.626806 0.009307 0.778947 0.016363
0.259491 0.266155 1.746134 0.627376 0.010577 0.778466 0.016703
0.261558 0.266775 1.746039 0.627896 0.011448 0.778024 0.017185
0.264466 0.268302 1.746069 0.628499 0.012181 0.777544 0.016329
0.268051 0.269873 1.746138 0.629116 0.012355 0.777063 0.015247
0.271255 0.270853 1.746107 0.629729 0.012170 0.776578 0.014841
0.273988 0.271540 1.746029 0.630293 0.011923 0.776126 0.014709
0.277983 0.273558 1.745555 0.631554 0.012151 0.775145 0.011837
0.282098 0.275025 1.744831 0.632917 0.012163 0.774060 0.010016
0.285705 0.275928 1.744100 0.634166 0.011933 0.773052 0.009072
0.288998 0.276789 1.743444 0.635265 0.011587 0.772167 0.008012
0.293452 0.278387 1.742692 0.636311 0.011087 0.771333 0.005641
0.297662 0.279256 1.741800 0.637378 0.010316 0.770469 0.004552
0.301301 0.279716 1.740951 0.638364 0.009528 0.769665 0.004124
0.304901 0.280467 1.740064 0.639271 0.008814 0.768926 0.002945
0.309214 0.281453 1.738647 0.640340 0.008324 0.768045 0.001639
0.313125 0.281895 1.737120 0.641471 0.007815 0.767106 0.001446
0.316459 0.282084 1.735745 0.642499 0.007343 0.766250 0.001647
0.320250 0.282977 1.734479 0.643521 0.007163 0.765395 -0.000073
0.324476 0.283613 1.733150 0.644583 0.006755 0.764502 -0.001585
0.328248 0.283713 1.731897 0.645603 0.006090 0.763646 -0.002125
0.331470 0.283634 1.730807 0.646501 0.005422 0.762890 -0.002308
0.335449 0.284410 1.729667 0.647273 0.004742 0.762231 -0.004523
0.339351 0.284761 1.728333 0.648121 0.004025 0.761506 -0.005703
0.342741 0.284792 1.727063 0.648954 0.003335 0.760795 -0.006142
0.345797 0.284887 1.726001 0.649612 0.002589 0.760231 -0.006846
0.349680 0.285288 1.725196 0.649800 0.001122 0.760052 -0.008999
0.353339 0.285090 1.724329 0.650095 -0.000503 0.759788 -0.009946
0.356512 0.284660 1.723513 0.650437 -0.001963 0.759489 -0.010251
0.359657 0.284559 1.722672 0.650931 -0.002133 0.759056 -0.010894
0.363485 0.284267 1.721544 0.651736 -0.001707 0.758357 -0.011477
0.367064 0.283385 1.720405 0.652581 -0.001933 0.757636 -0.011047
0.370171 0.282367 1.719395 0.653351 -0.002389 0.756982 -0.010297
0.373455 0.282250 1.718964 0.653489 -0.001993 0.756866 -0.010105
0.376640 0.282442 1.718952 0.653192 -0.001661 0.757117 -0.010508
0.379321 0.282501 1.718948 0.652953 -0.001487 0.757321 -0.010716
0.381557 0.282548 1.718928 0.652780 -0.001325 0.757469 -0.010850
0.384177 0.283548 1.719106 0.652563 -0.000822 0.757626 -0.012729
0.386521 0.284419 1.719323 0.652316 -0.000458 0.757810 -0.014469
0.388480 0.285083 1.719482 0.652134 -0.000166 0.757940 -0.015756
0.390269 0.285775 1.719556 0.651997 0.000305 0.758037 -0.016762
0.392602 0.286832 1.719172 0.651952 0.001407 0.758055 -0.017582
0.394758 0.287526 1.718486 0.652122 0.002376 0.757903 -0.017719
0.396614 0.287998 1.717776 0.652358 0.003185 0.757700 -0.017567
0.398379 0.288574 1.717246 0.652533 0.003803 0.757535 -0.018091
0.400213 0.289128 1.717103 0.652484 0.004081 0.757547 -0.019272
0.401799 0.289430 1.717068 0.652405 0.004166 0.757591 -0.020160
0.402611 0.290426 1.717058 0.652282 0.005847 0.757623 -0.022399
0.403310 0.292060 1.717035 0.652257 0.007185 0.757568 -0.024467
0.404186 0.292934 1.717006 0.652268 0.006750 0.757544 -0.025042
0.405014 0.293479 1.717000 0.652282 0.006340 0.757523 -0.025435
0.405708 0.294097 1.717003 0.652296 0.006215 0.757495 -0.025946
0.406692 0.295208 1.716964 0.652541 0.005621 0.757276 -0.026264
0.407523 0.296303 1.716905 0.652718 0.005008 0.757111 -0.026786
0.408154 0.297311 1.716835 0.652855 0.004659 0.756974 -0.027400
0.408620 0.298342 1.716731 0.653021 0.004563 0.756825 -0.027518
0.408861 0.299789 1.716537 0.653262 0.003397 0.756649 -0.026841
0.408968 0.301165 1.716359 0.653362 0.002008 0.756570 -0.026768
0.408986 0.302425 1.716202 0.653402 0.001019 0.756529 -0.026982
0.408974 0.303753 1.716118 0.653558 -0.000091 0.756390 -0.027142
0.408904 0.305206 1.716168 0.653810 -0.001909 0.756161 -0.027351
0.408769 0.306522 1.716231 0.653980 -0.003356 0.755992 -0.027814
0.408596 0.307700 1.716287 0.654102 -0.004362 0.755861 -0.028403
0.408413 0.309201 1.716234 0.654423 -0.005962 0.755575 -0.028314
0.408150 0.310828 1.716098 0.654710 -0.008114 0.755312 -0.028163
0.407844 0.312308 1.715957 0.654923 -0.009750 0.755102 -0.028314
0.407518 0.313633 1.715819 0.655095 -0.010923 0.754927 -0.028582
0.406964 0.315349 1.715660 0.655126 -0.012972 0.754910 -0.027430
0.406406 0.316887 1.715489 0.655076 -0.015161 0.754969 -0.025828
0.405865 0.318223 1.715344 0.655023 -0.016747 0.755019 -0.024717
0.405371 0.319552 1.715252 0.655020 -0.018091 0.755015 -0.023939
0.404942 0.321243 1.715224 0.655143 -0.020197 0.754894 -0.022686
0.404519 0.322724 1.715157 0.655275 -0.021863 0.754766 -0.021572
0.404092 0.324040 1.715081 0.655416 -0.022939 0.754631 -0.020886
0.403673 0.325691 1.715032 0.655527 -0.024510 0.754499 -0.020365
0.403189 0.327801 1.714970 0.655553 -0.026950 0.754429 -0.019007
0.402670 0.329680 1.714879 0.655596 -0.028676 0.754356 -0.017840
0.402123 0.331386 1.714766 0.655672 -0.029653 0.754268 -0.017148
0.401612 0.333225 1.714808 0.655767 -0.030906 0.754147 -0.016626
0.401092 0.334962 1.714960 0.655876 -0.031821 0.754035 -0.015663
0.400502 0.336598 1.715132 0.656033 -0.032323 0.753876 -0.015709
0.399893 0.338155 1.715327 0.656124 -0.032822 0.753761 -0.016412
0.399470 0.340274 1.715510 0.656148 -0.034973 0.753630 -0.017008
0.398968 0.342327 1.715620 0.656175 -0.036660 0.753517 -0.017381
0.398431 0.344196 1.715669 0.656237 -0.037651 0.753403 -0.017925
0.397969 0.346001 1.715719 0.656266 -0.038435 0.753329 -0.018274
0.397728 0.347991 1.715811 0.656234 -0.039364 0.753330 -0.017370
0.397470 0.349726 1.715901 0.656208 -0.040007 0.753335 -0.016624
0.397242 0.351162 1.715969 0.656179 -0.040483 0.753347 -0.016055
0.397196 0.352830 1.715972 0.656199 -0.041232 0.753311 -0.015019
0.397225 0.354767 1.716024 0.656146 -0.042601 0.753311 -0.013362
0.397195 0.356423 1.716063 0.656111 -0.043562 0.753310 -0.011977
0.397129 0.357885 1.716039 0.656134 -0.043979 0.753285 -0.010771
0.397223 0.359602 1.715991 0.656276 -0.044847 0.753134 -0.008955
0.397269 0.361258 1.716100 0.656331 -0.045916 0.753040 -0.007241
