0.439191 0.307250 1.287912 0.731912 -0.054626 0.677748 0.044491
0.434367 0.309251 1.291207 0.732451 -0.053101 0.677359 0.043373
0.429558 0.311395 1.294889 0.732980 -0.051578 0.676985 0.042105
0.424792 0.313433 1.298567 0.732990 -0.050238 0.677148 0.040899
0.420003 0.315232 1.301990 0.732711 -0.048930 0.677605 0.039890
0.415122 0.316899 1.305352 0.732887 -0.047088 0.677586 0.039200
0.410361 0.318754 1.309430 0.733062 -0.045337 0.677571 0.038233
0.405698 0.320541 1.313649 0.732659 -0.043976 0.678156 0.037167
0.401013 0.322098 1.317608 0.731994 -0.042750 0.679003 0.036206
0.396242 0.323462 1.321344 0.731610 -0.040805 0.679549 0.035982
0.391541 0.325092 1.325912 0.731504 -0.038344 0.679801 0.036073
0.386942 0.326732 1.330741 0.730805 -0.036602 0.680670 0.035672
0.382302 0.328152 1.335274 0.729876 -0.035184 0.681768 0.035138
0.377569 0.329310 1.339392 0.729117 -0.033557 0.682677 0.034861
0.372868 0.330711 1.344283 0.729028 -0.031319 0.682886 0.034711
0.368303 0.332113 1.349530 0.728282 -0.029903 0.683779 0.034030
0.363708 0.333269 1.354458 0.727282 -0.028840 0.684926 0.033229
0.359029 0.334097 1.358836 0.726265 -0.027841 0.686079 0.032541
0.354414 0.335182 1.363998 0.726071 -0.024536 0.686363 0.033528
0.350018 0.336309 1.369799 0.725053 -0.022474 0.687504 0.033638
0.345596 0.337185 1.375296 0.723758 -0.021053 0.688923 0.033397
0.341072 0.337714 1.380167 0.722465 -0.019909 0.690328 0.033074
0.336440 0.338336 1.385188 0.722283 -0.017233 0.690569 0.033527
0.331940 0.339037 1.390760 0.721708 -0.015349 0.691227 0.033275
0.327427 0.339477 1.396008 0.720799 -0.014081 0.692226 0.032743
0.322839 0.339574 1.400640 0.719831 -0.013077 0.693280 0.032182
0.318201 0.339598 1.405289 0.719332 -0.009881 0.693791 0.033445
0.313767 0.339772 1.410934 0.718347 -0.006684 0.694781 0.034807
0.309355 0.339740 1.416394 0.717028 -0.004607 0.696128 0.035460
0.304872 0.339394 1.421229 0.715726 -0.003079 0.697457 0.035792
0.300272 0.338924 1.425732 0.715062 -0.000507 0.698092 0.036798
0.295705 0.338776 1.431149 0.714747 0.002416 0.698365 0.037632
0.291175 0.338461 1.436450 0.713998 0.004178 0.699119 0.037722
0.286604 0.337834 1.441141 0.713175 0.005416 0.699958 0.037549
0.282043 0.336952 1.445317 0.712578 0.007202 0.700530 0.037925
0.277738 0.336331 1.450995 0.711489 0.010099 0.701528 0.039227
0.273551 0.335645 1.456908 0.709772 0.011486 0.703226 0.039566
0.269303 0.335301 1.462130 0.708050 0.012823 0.704952 0.039283
0.265165 0.335442 1.466481 0.706812 0.014355 0.706214 0.038368
0.260754 0.335580 1.471796 0.706086 0.017978 0.706833 0.038802
0.256449 0.336168 1.477272 0.704820 0.020641 0.708063 0.038059
0.252557 0.336949 1.482052 0.703758 0.022654 0.709132 0.036647
0.249192 0.337637 1.486065 0.702894 0.024199 0.710015 0.035134
0.245560 0.337829 1.490833 0.702415 0.027134 0.710399 0.034777
0.241997 0.338061 1.496534 0.701204 0.029187 0.711566 0.033684
0.238920 0.338426 1.502010 0.699827 0.030222 0.712954 0.032001
0.236307 0.338712 1.506750 0.698585 0.030763 0.714224 0.030298
0.233695 0.338833 1.511504 0.697680 0.033020 0.715025 0.029863
0.231003 0.339085 1.517078 0.696167 0.035242 0.716423 0.029117
0.228623 0.339462 1.522399 0.694535 0.036459 0.717998 0.027758
0.226572 0.339776 1.526998 0.693076 0.037197 0.719422 0.026331
0.224520 0.339785 1.531249 0.692322 0.038984 0.720082 0.025555
0.222161 0.339231 1.536362 0.691797 0.041301 0.720479 0.024915
0.220154 0.338753 1.541750 0.690766 0.042339 0.721448 0.023689
0.218498 0.338313 1.546747 0.689593 0.042525 0.722604 0.022277
0.217018 0.337842 1.551178 0.688662 0.043186 0.723483 0.021263
0.215321 0.337290 1.556290 0.687460 0.045214 0.724519 0.020611
0.213808 0.336863 1.561469 0.685862 0.046110 0.726009 0.019450
0.212504 0.336493 1.566053 0.684339 0.046438 0.727456 0.018191
0.211365 0.336127 1.569955 0.683084 0.046793 0.728639 0.017093
0.210243 0.335078 1.574340 0.683005 0.049744 0.728537 0.016233
0.209738 0.333511 1.579170 0.682102 0.050866 0.729315 0.015787
0.209509 0.331885 1.584129 0.680736 0.050699 0.730613 0.015277
0.209392 0.330368 1.588614 0.679312 0.049927 0.732000 0.014767
0.208938 0.328793 1.593161 0.678445 0.051840 0.732676 0.014534
0.208553 0.327110 1.597996 0.676998 0.053089 0.733928 0.014287
0.208253 0.325552 1.602704 0.675298 0.053310 0.735485 0.013831
0.207990 0.324177 1.606815 0.673689 0.053127 0.736982 0.013354
0.207596 0.322844 1.611003 0.672755 0.054209 0.737776 0.012187
0.207477 0.321141 1.615926 0.671384 0.054291 0.739041 0.010667
0.207527 0.319381 1.620700 0.669682 0.053354 0.740669 0.009441
0.207607 0.317758 1.624836 0.668057 0.052208 0.742227 0.008495
0.207592 0.316292 1.628799 0.666873 0.052773 0.743259 0.007900
0.207984 0.314508 1.633335 0.665555 0.053375 0.744400 0.007458
0.208621 0.312555 1.637374 0.664091 0.052971 0.745735 0.007541
0.209257 0.310700 1.640782 0.662727 0.052313 0.746990 0.007873
0.209717 0.309030 1.643941 0.661604 0.052343 0.747981 0.008021
0.210173 0.307086 1.648385 0.660068 0.051750 0.749393 0.006488
0.210823 0.304995 1.652548 0.658279 0.050112 0.751084 0.005502
0.211445 0.303028 1.656078 0.656634 0.048445 0.752635 0.004949
0.211960 0.301283 1.659079 0.655223 0.047358 0.753935 0.004760
0.212672 0.299219 1.662921 0.653828 0.048143 0.755098 0.004389
0.213891 0.296638 1.666524 0.652136 0.047169 0.756617 0.004858
0.215133 0.294074 1.669550 0.650586 0.045833 0.758026 0.005818
0.216241 0.291751 1.672055 0.649232 0.044517 0.759256 0.006886
0.217443 0.289669 1.675091 0.648300 0.044796 0.760031 0.007275
0.219042 0.287287 1.678296 0.647195 0.043404 0.761051 0.007525
0.220594 0.284911 1.681050 0.646137 0.041643 0.762041 0.008183
0.221959 0.282755 1.683336 0.645210 0.039973 0.762907 0.008975
0.223322 0.280594 1.685770 0.644508 0.039884 0.763496 0.009663
0.225360 0.277632 1.688351 0.643653 0.038465 0.764272 0.010990
0.227465 0.274506 1.690517 0.642848 0.036398 0.765018 0.012971
0.229357 0.271619 1.692290 0.642158 0.034353 0.765655 0.015010
0.230988 0.269167 1.694204 0.641539 0.033525 0.766183 0.016383
0.232806 0.266751 1.696865 0.640541 0.032105 0.767074 0.016548
0.234563 0.264326 1.699253 0.639521 0.030126 0.767994 0.017065
0.236104 0.262116 1.701242 0.638631 0.028248 0.768790 0.017759
0.237446 0.260212 1.702965 0.638119 0.027487 0.769233 0.018159
0.239390 0.257902 1.704779 0.638335 0.027216 0.769078 0.017541
0.241598 0.255104 1.706330 0.638442 0.025724 0.769027 0.018080
0.243656 0.252363 1.707582 0.638514 0.023985 0.768998 0.019116
0.245460 0.249929 1.708660 0.638539 0.022598 0.768991 0.020251
0.247687 0.247730 1.710522 0.637887 0.021654 0.769555 0.020379
0.250079 0.245253 1.712294 0.637073 0.019561 0.770268 0.021029
0.252247 0.242853 1.713742 0.636389 0.017425 0.770856 0.022060
0.254107 0.240709 1.714910 0.635834 0.015524 0.771322 0.023155
0.256173 0.238893 1.716235 0.635467 0.014978 0.771646 0.022773
0.258553 0.236715 1.717454 0.635054 0.013497 0.772009 0.022939
0.260766 0.234495 1.718416 0.634720 0.011801 0.772288 0.023704
0.262690 0.232470 1.719179 0.634459 0.010223 0.772496 0.024641
0.264930 0.230730 1.719718 0.634831 0.009849 0.772199 0.024514
0.267896 0.228380 1.719980 0.635549 0.008691 0.771608 0.024959
0.270754 0.225759 1.720071 0.636225 0.006979 0.771024 0.026310
0.273274 0.223287 1.720086 0.636825 0.005247 0.770486 0.027863
0.275674 0.221361 1.720219 0.637287 0.004272 0.770094 0.028307
0.278470 0.219694 1.720508 0.637454 0.003298 0.769975 0.027904
0.281069 0.217932 1.720676 0.637603 0.002045 0.769847 0.028184
0.283327 0.216283 1.720765 0.637759 0.000848 0.769699 0.028748
0.285420 0.214945 1.720866 0.637982 0.000071 0.769516 0.028698
0.288229 0.213589 1.721139 0.638234 -0.000895 0.769351 0.027470
0.291016 0.211817 1.721307 0.638447 -0.002512 0.769176 0.027330
0.293494 0.210030 1.721382 0.638670 -0.004152 0.768970 0.027717
0.295680 0.208465 1.721402 0.638892 -0.005480 0.768760 0.028185
0.298493 0.207361 1.721182 0.639164 -0.006037 0.768532 0.028133
0.301284 0.206052 1.720736 0.639523 -0.006823 0.768200 0.028855
0.303746 0.204727 1.720248 0.639914 -0.007634 0.767828 0.029893
0.305849 0.203528 1.719792 0.640280 -0.008364 0.767473 0.030943
0.308658 0.202742 1.718940 0.641053 -0.008880 0.766865 0.029820
0.311770 0.201500 1.717733 0.642007 -0.009671 0.766054 0.029920
0.314598 0.200059 1.716530 0.642946 -0.010610 0.765220 0.030746
0.317042 0.198681 1.715456 0.643785 -0.011510 0.764461 0.031751
0.319989 0.198182 1.714254 0.644986 -0.012080 0.763493 0.030427
0.323336 0.197931 1.712843 0.646333 -0.012446 0.762408 0.028875
0.326312 0.197484 1.711488 0.647576 -0.012862 0.761374 0.028113
0.328865 0.196991 1.710284 0.648668 -0.013256 0.760450 0.027751
0.331460 0.196827 1.709113 0.649883 -0.013224 0.759450 0.026695
0.334507 0.196721 1.707786 0.651225 -0.012983 0.758344 0.025534
0.337280 0.196316 1.706501 0.652448 -0.013007 0.757304 0.025163
0.339679 0.195821 1.705359 0.653516 -0.013127 0.756381 0.025155
0.342128 0.195472 1.704328 0.654289 -0.013836 0.755717 0.024641
0.345695 0.195148 1.702936 0.654758 -0.015628 0.755305 0.023718
0.349060 0.194411 1.701344 0.655435 -0.017247 0.754678 0.023865
0.351983 0.193558 1.699829 0.656169 -0.018596 0.753990 0.024428
0.354609 0.192841 1.698454 0.656888 -0.019637 0.753318 0.024979
0.358184 0.192740 1.696833 0.657745 -0.020389 0.752558 0.024760
0.361527 0.192430 1.695111 0.658706 -0.021004 0.751692 0.024992
0.364404 0.192014 1.693503 0.659662 -0.021487 0.750823 0.025482
0.366846 0.191607 1.692084 0.660533 -0.021861 0.750027 0.026015
0.370190 0.191577 1.690784 0.661283 -0.022309 0.749359 0.025873
0.373527 0.191195 1.689478 0.662004 -0.022993 0.748696 0.026004
0.376429 0.190620 1.688231 0.662758 -0.023614 0.747994 0.026445
0.378894 0.190035 1.687111 0.663468 -0.024127 0.747328 0.026966
0.381863 0.189959 1.685882 0.664178 -0.024254 0.746693 0.027006
0.385042 0.189920 1.684377 0.664986 -0.024293 0.745969 0.027078
0.387814 0.189712 1.682879 0.665853 -0.024282 0.745181 0.027477
0.390167 0.189459 1.681524 0.666671 -0.024248 0.744432 0.027963
0.392768 0.189594 1.680398 0.667132 -0.024235 0.744028 0.027728
0.395826 0.189985 1.679322 0.667261 -0.024405 0.743942 0.026780
0.398506 0.190163 1.678212 0.667533 -0.024497 0.743715 0.026259
0.400782 0.190232 1.677170 0.667874 -0.024516 0.743416 0.026004
0.403012 0.190293 1.676176 0.668250 -0.024419 0.743086 0.025881
0.405854 0.189971 1.674941 0.668751 -0.024598 0.742624 0.026014
0.408470 0.189209 1.673615 0.669408 -0.024919 0.741997 0.026692
0.410741 0.188335 1.672366 0.670092 -0.025241 0.741337 0.027545
0.412791 0.187600 1.671264 0.670717 -0.025531 0.740738 0.028192
0.415359 0.187498 1.670340 0.671064 -0.025957 0.740432 0.027534
0.417652 0.187386 1.669476 0.671377 -0.026337 0.740156 0.026980
0.419594 0.187254 1.668683 0.671708 -0.026607 0.739859 0.026627
0.421238 0.187144 1.667981 0.672031 -0.026771 0.739567 0.026394
0.423274 0.187484 1.667555 0.672233 -0.026516 0.739412 0.025858
0.425146 0.187781 1.667301 0.672275 -0.026428 0.739400 0.025207
0.426731 0.187991 1.667085 0.672325 -0.026354 0.739375 0.024707
0.428063 0.188156 1.666887 0.672391 -0.026263 0.739330 0.024332
0.429691 0.188329 1.666560 0.672647 -0.026711 0.739114 0.023311
0.430962 0.188799 1.666287 0.672829 -0.026948 0.738991 0.021649
0.431269 0.190276 1.666285 0.672925 -0.026087 0.739003 0.019153
0.431426 0.191958 1.666318 0.672986 -0.025028 0.739038 0.016895
0.431647 0.193666 1.666386 0.672891 -0.024930 0.739192 0.013869
0.431911 0.195476 1.666365 0.672749 -0.025089 0.739370 0.010577
0.432100 0.196422 1.666334 0.672663 -0.025669 0.739454 0.008537
0.432195 0.196849 1.666329 0.672651 -0.026367 0.739455 0.007135
0.432257 0.197416 1.666477 0.672603 -0.027926 0.739464 0.004419
0.432361 0.198109 1.666600 0.672648 -0.030556 0.739330 0.000403
0.432457 0.198793 1.666648 0.672682 -0.032770 0.739200 -0.003049
0.432528 0.199407 1.666685 0.672690 -0.034632 0.739090 -0.005991
0.432564 0.199913 1.666901 0.672584 -0.037010 0.739035 -0.009311
0.432581 0.200422 1.667302 0.672665 -0.040975 0.738680 -0.013960
0.432642 0.200857 1.667451 0.672801 -0.044470 0.738270 -0.017829
0.432684 0.201213 1.667560 0.672892 -0.047444 0.737916 -0.021131
0.432697 0.201501 1.667703 0.672921 -0.050119 0.737619 -0.024156
0.432652 0.201788 1.668415 0.673054 -0.054885 0.736986 -0.028940
0.432684 0.202019 1.668847 0.673393 -0.059918 0.736084 -0.033637
0.432717 0.202173 1.669106 0.673663 -0.064737 0.735209 -0.038139
0.432731 0.202290 1.669280 0.673880 -0.068785 0.734432 -0.042008
0.432589 0.202429 1.669895 0.674177 -0.074355 0.733356 -0.046329
0.432526 0.202376 1.670402 0.674891 -0.080154 0.731829 -0.050238
0.432513 0.202158 1.670718 0.675243 -0.086503 0.730463 -0.054670
0.432493 0.201855 1.670969 0.675343 -0.092939 0.729205 -0.059451
0.432306 0.201844 1.671382 0.675630 -0.099811 0.727685 -0.063521
0.432197 0.201971 1.671788 0.676297 -0.106864 0.725865 -0.065742
0.432170 0.202016 1.672012 0.676670 -0.113998 0.724166 -0.068592
0.432126 0.201977 1.672146 0.676667 -0.121163 0.722668 -0.072059
0.431976 0.202019 1.672388 0.676693 -0.128584 0.720956 -0.075984
0.431779 0.202084 1.672808 0.677428 -0.135952 0.718646 -0.078456
0.431692 0.202126 1.673076 0.677713 -0.143433 0.716606 -0.081290
0.431612 0.202036 1.673203 0.677556 -0.150968 0.714835 -0.084484
0.431470 0.202050 1.673373 0.677207 -0.158517 0.713071 -0.088277
0.431245 0.202435 1.673842 0.677232 -0.166567 0.710852 -0.091106
0.431135 0.202632 1.674185 0.677327 -0.174282 0.708602 -0.093469
0.431041 0.202827 1.674429 0.677184 -0.181625 0.706503 -0.096379
0.430931 0.202975 1.674571 0.676748 -0.188893 0.704527 -0.099866
