0.365581 0.387105 1.730299 0.629694 -0.073184 0.771468 -0.054469
0.364215 0.389769 1.731000 0.629679 -0.075314 0.771112 -0.056723
0.362659 0.392507 1.731691 0.629635 -0.076613 0.770823 -0.059352
0.360924 0.395352 1.732272 0.629634 -0.077095 0.770543 -0.062305
0.359146 0.398135 1.732849 0.629653 -0.077360 0.770279 -0.064976
0.357185 0.401267 1.733590 0.629674 -0.077013 0.770077 -0.067528
0.354667 0.405230 1.733951 0.630019 -0.073391 0.769821 -0.071161
0.350734 0.411867 1.732523 0.631797 -0.060944 0.768809 -0.077781
0.346164 0.419319 1.730024 0.633693 -0.047212 0.767547 -0.084106
0.341965 0.426174 1.726962 0.635306 -0.035557 0.766290 -0.088996
0.338261 0.432175 1.723695 0.636698 -0.025331 0.765095 -0.092753
0.335111 0.437211 1.720661 0.637837 -0.016741 0.764026 -0.095644
0.332476 0.441268 1.718177 0.638682 -0.009827 0.763201 -0.097533
0.330027 0.444623 1.716563 0.639056 -0.005190 0.762722 -0.099174
0.327788 0.447564 1.715279 0.639292 -0.001306 0.762328 -0.100794
0.325854 0.450048 1.714226 0.639456 0.001922 0.762002 -0.102202
0.324230 0.451889 1.713559 0.639442 0.004807 0.761960 -0.102508
0.322968 0.452765 1.713527 0.639019 0.006211 0.762424 -0.101616
0.322032 0.453351 1.713489 0.638679 0.007148 0.762814 -0.100761
0.321346 0.453742 1.713424 0.638421 0.007836 0.763129 -0.099958
0.320721 0.453691 1.713604 0.638015 0.008361 0.763630 -0.098671
0.319793 0.452818 1.714612 0.637029 0.007158 0.764632 -0.097363
0.318851 0.452160 1.715587 0.636155 0.006111 0.765472 -0.096549
0.317983 0.451669 1.716416 0.635422 0.005339 0.766155 -0.096002
0.317067 0.451037 1.717367 0.634484 0.005276 0.767093 -0.094710
0.315659 0.449918 1.719139 0.632691 0.004541 0.768735 -0.093429
0.314201 0.449159 1.720778 0.631096 0.003871 0.770109 -0.092928
0.312840 0.448644 1.722154 0.629742 0.003474 0.771246 -0.092695
0.311488 0.447969 1.723696 0.628061 0.004173 0.772808 -0.091049
0.309859 0.446334 1.726804 0.624922 0.004275 0.775650 -0.088438
0.308407 0.444773 1.730013 0.622086 0.003384 0.778077 -0.087139
0.307158 0.443400 1.732875 0.619659 0.002444 0.780114 -0.086241
0.305983 0.442114 1.735686 0.617145 0.002533 0.782333 -0.084151
0.304371 0.440696 1.739822 0.613398 0.003214 0.785578 -0.081239
0.302702 0.439514 1.743913 0.609997 0.002933 0.788332 -0.080177
0.301141 0.438580 1.747489 0.607071 0.002623 0.790643 -0.079630
0.299653 0.437829 1.750928 0.604055 0.003371 0.793109 -0.078001
0.297826 0.437053 1.755967 0.599515 0.004818 0.796728 -0.076048
0.296047 0.436277 1.760909 0.595399 0.005240 0.799862 -0.075450
0.294444 0.435589 1.765238 0.591870 0.005364 0.802497 -0.075229
0.292975 0.435098 1.769337 0.588352 0.006321 0.805202 -0.073835
0.291112 0.434890 1.775116 0.583162 0.008053 0.809096 -0.072263
0.289195 0.434606 1.780773 0.578417 0.008847 0.812507 -0.072022
0.287421 0.434339 1.785738 0.574331 0.009275 0.815384 -0.072162
0.285870 0.434332 1.790334 0.570491 0.010459 0.818131 -0.071361
0.284310 0.434715 1.796607 0.565319 0.012482 0.821749 -0.070617
0.282760 0.434616 1.802981 0.560475 0.013150 0.825020 -0.070974
0.281373 0.434316 1.808685 0.556294 0.013207 0.827792 -0.071581
0.280264 0.434297 1.813878 0.552531 0.013840 0.830356 -0.070900
0.279282 0.435127 1.820119 0.548043 0.015684 0.833419 -0.069399
0.278245 0.435575 1.826056 0.543944 0.016607 0.836116 -0.068979
0.277287 0.435822 1.831238 0.540417 0.017086 0.838399 -0.068875
0.276523 0.436324 1.835983 0.537070 0.018115 0.840600 -0.067974
0.276020 0.437410 1.842019 0.532492 0.020325 0.843548 -0.066826
0.275657 0.437740 1.847862 0.528387 0.021210 0.846137 -0.066399
0.275426 0.437690 1.853022 0.524913 0.021422 0.848314 -0.066113
0.275469 0.437809 1.857630 0.521949 0.021419 0.850195 -0.065411
0.276294 0.438505 1.862568 0.518959 0.021399 0.852116 -0.064203
0.277336 0.438581 1.866983 0.516433 0.020807 0.853748 -0.063076
0.278412 0.438359 1.870748 0.514358 0.019999 0.855100 -0.061964
0.279567 0.438423 1.874172 0.512465 0.019531 0.856349 -0.060544
0.281164 0.439201 1.878548 0.509806 0.020045 0.858028 -0.059027
0.282790 0.439170 1.882809 0.507445 0.019655 0.859515 -0.057859
0.284325 0.438743 1.886620 0.505466 0.018836 0.860768 -0.056815
0.285872 0.438616 1.890119 0.503804 0.018012 0.861844 -0.055523
0.287692 0.439742 1.894052 0.501913 0.018015 0.863036 -0.054102
0.289245 0.440492 1.897576 0.500153 0.017927 0.864124 -0.053065
0.290546 0.441015 1.900593 0.498620 0.017791 0.865063 -0.052219
0.291854 0.441814 1.903313 0.497362 0.017815 0.865834 -0.051426
0.294058 0.443436 1.906426 0.496203 0.018415 0.866522 -0.050812
0.296409 0.444217 1.909211 0.495273 0.018433 0.867104 -0.049951
0.298665 0.444504 1.911610 0.494561 0.018102 0.867573 -0.048967
0.300907 0.444926 1.913828 0.493950 0.017754 0.867996 -0.047764
0.303850 0.446172 1.916403 0.492998 0.018204 0.868617 -0.046110
0.306843 0.446677 1.918631 0.492252 0.018214 0.869133 -0.044308
0.309637 0.446761 1.920521 0.491697 0.017933 0.869542 -0.042532
0.312311 0.447022 1.922308 0.491233 0.017595 0.869883 -0.041046
0.315555 0.448204 1.924810 0.490430 0.017930 0.870366 -0.040244
0.318625 0.448731 1.927218 0.489688 0.017886 0.870823 -0.039423
0.321366 0.448836 1.929378 0.489062 0.017560 0.871219 -0.038583
0.323981 0.449050 1.931392 0.488631 0.016932 0.871511 -0.037693
0.327523 0.450009 1.933611 0.488506 0.016188 0.871656 -0.036251
0.330976 0.450560 1.935464 0.488441 0.015547 0.871769 -0.034671
0.334065 0.450800 1.936976 0.488395 0.014948 0.871866 -0.033130
0.336967 0.451160 1.938338 0.488490 0.014215 0.871870 -0.031899
0.340800 0.452063 1.939958 0.488984 0.013227 0.871642 -0.030960
0.344534 0.452719 1.941351 0.489467 0.012472 0.871423 -0.029821
0.347786 0.453140 1.942471 0.489841 0.011914 0.871258 -0.028723
0.350722 0.453667 1.943523 0.490122 0.011302 0.871135 -0.027835
0.354292 0.454539 1.945129 0.490184 0.010584 0.871136 -0.027024
0.357713 0.455043 1.946705 0.490216 0.009934 0.871154 -0.026097
0.360682 0.455252 1.948096 0.490185 0.009352 0.871204 -0.025210
0.363414 0.455533 1.949387 0.490211 0.008496 0.871218 -0.024481
0.367082 0.456184 1.950720 0.490543 0.007094 0.871073 -0.023451
0.370725 0.456763 1.951716 0.490932 0.006190 0.870896 -0.022108
0.373842 0.457362 1.952384 0.491219 0.005812 0.870766 -0.020898
0.376634 0.458085 1.952901 0.491607 0.005254 0.870566 -0.020237
0.380343 0.458881 1.953520 0.492621 0.003509 0.870000 -0.020299
0.384037 0.459395 1.953936 0.493571 0.002197 0.869477 -0.019801
0.387299 0.459692 1.954178 0.494350 0.001245 0.869051 -0.019141
0.390291 0.460058 1.954354 0.495184 0.000340 0.868593 -0.018411
0.394101 0.460813 1.954323 0.496650 -0.000739 0.867779 -0.017248
0.397785 0.461560 1.953923 0.498001 -0.001181 0.867031 -0.015812
0.400969 0.462246 1.953319 0.499135 -0.001214 0.866402 -0.014469
0.403765 0.463057 1.952714 0.500155 -0.001151 0.865831 -0.013449
0.407056 0.464400 1.951885 0.501342 -0.000808 0.865151 -0.013035
0.410298 0.465559 1.950596 0.502487 -0.000034 0.864499 -0.012137
0.413224 0.466520 1.949161 0.503530 0.000843 0.863907 -0.011067
0.415803 0.467421 1.947862 0.504555 0.001451 0.863320 -0.010051
0.418175 0.468345 1.947066 0.505838 0.000949 0.862573 -0.009772
0.420164 0.469050 1.946438 0.506836 0.000640 0.861990 -0.009515
0.421802 0.469613 1.945947 0.507596 0.000490 0.861546 -0.009247
0.423386 0.469517 1.945973 0.508226 -0.000521 0.861187 -0.007934
0.425006 0.469119 1.946293 0.508611 -0.001129 0.860968 -0.006959
0.426007 0.469110 1.946582 0.508680 -0.001039 0.860929 -0.006728
0.426652 0.469250 1.946864 0.508710 -0.000935 0.860912 -0.006516
0.427074 0.469398 1.947110 0.508765 -0.000990 0.860878 -0.006814
0.427313 0.469441 1.947190 0.508875 -0.001430 0.860800 -0.008125
0.427477 0.469470 1.947306 0.508901 -0.001778 0.860776 -0.009021
0.427605 0.469504 1.947408 0.508890 -0.002047 0.860775 -0.009687
0.427626 0.469398 1.947483 0.508832 -0.002170 0.860803 -0.010166
0.427248 0.469009 1.947401 0.508682 -0.001885 0.860892 -0.010224
0.426919 0.468650 1.947368 0.508615 -0.002003 0.860933 -0.010014
0.426709 0.468282 1.947344 0.508554 -0.002241 0.860973 -0.009697
0.426408 0.467702 1.947344 0.508410 -0.002486 0.861061 -0.009269
0.425411 0.466671 1.947212 0.508179 -0.003045 0.861204 -0.008496
0.424489 0.466116 1.946794 0.508061 -0.003361 0.861280 -0.007683
0.423881 0.465518 1.946381 0.507993 -0.003842 0.861329 -0.006455
0.423324 0.464605 1.946002 0.507914 -0.004180 0.861383 -0.005029
0.421888 0.463040 1.945304 0.507942 -0.004667 0.861370 -0.003857
0.420536 0.461801 1.944459 0.508008 -0.005421 0.861331 -0.002815
0.419390 0.460808 1.943650 0.508050 -0.006137 0.861304 -0.001811
0.418312 0.459621 1.943073 0.508134 -0.006898 0.861250 -0.000613
0.416247 0.458113 1.942362 0.508839 -0.007670 0.860824 0.002332
0.413841 0.457036 1.941674 0.509158 -0.008304 0.860626 0.003463
0.411720 0.455600 1.941307 0.509255 -0.009494 0.860552 0.004431
0.409637 0.454236 1.941070 0.509133 -0.010442 0.860609 0.005220
0.406515 0.453006 1.940688 0.509451 -0.010795 0.860390 0.008488
0.403364 0.451846 1.940335 0.509742 -0.011834 0.860193 0.009527
0.400353 0.450677 1.940058 0.509719 -0.013052 0.860189 0.009548
0.397450 0.449351 1.939875 0.509429 -0.013987 0.860337 0.010302
0.393675 0.448344 1.939466 0.509488 -0.013648 0.860259 0.013780
0.389985 0.447433 1.938939 0.509850 -0.014213 0.860012 0.015140
0.386548 0.446455 1.938492 0.509833 -0.014898 0.859998 0.015873
0.383308 0.445196 1.938173 0.509515 -0.015662 0.860160 0.016578
0.379349 0.444017 1.937506 0.509620 -0.015111 0.860055 0.019093
0.375467 0.443122 1.936580 0.509983 -0.014568 0.859804 0.021017
0.371975 0.442035 1.935772 0.510010 -0.014528 0.859760 0.022208
0.368634 0.440795 1.935088 0.509646 -0.014325 0.859938 0.023731
0.364696 0.439528 1.934057 0.509610 -0.013195 0.859894 0.026569
0.360932 0.438518 1.932742 0.509810 -0.012277 0.859729 0.028428
0.357668 0.437021 1.931792 0.509764 -0.012341 0.859711 0.029763
0.354528 0.435428 1.931023 0.509414 -0.012485 0.859879 0.030817
0.350731 0.433643 1.930354 0.509648 -0.011912 0.859637 0.033774
0.347059 0.431805 1.929885 0.509736 -0.011244 0.859477 0.036640
0.343703 0.429928 1.929507 0.509651 -0.011154 0.859424 0.038989
0.340487 0.427944 1.929218 0.509311 -0.011239 0.859535 0.040923
0.336751 0.425740 1.928482 0.509239 -0.010507 0.859472 0.043281
0.333352 0.423851 1.927418 0.509214 -0.009469 0.859355 0.046055
0.330589 0.421758 1.927486 0.509457 -0.008936 0.859118 0.047849
0.327662 0.418931 1.929316 0.509309 -0.009156 0.859157 0.048687
0.323921 0.415592 1.931562 0.509391 -0.008321 0.858964 0.051297
0.320206 0.412192 1.933992 0.509635 -0.008719 0.858718 0.052911
0.316772 0.408702 1.936294 0.509698 -0.010024 0.858614 0.053752
0.313624 0.405103 1.938289 0.509479 -0.011399 0.858667 0.054693
0.310243 0.401730 1.939456 0.509312 -0.010956 0.858600 0.057339
0.307024 0.398561 1.940623 0.509127 -0.011177 0.858593 0.059015
0.304020 0.395293 1.941884 0.508746 -0.012161 0.858739 0.059982
0.301230 0.391816 1.943087 0.508123 -0.013249 0.859014 0.061076
0.298315 0.388360 1.943594 0.507362 -0.012310 0.859241 0.064319
0.295623 0.385120 1.944106 0.506752 -0.012078 0.859429 0.066615
0.293161 0.381668 1.944797 0.506024 -0.012763 0.859719 0.068256
0.290913 0.377958 1.945525 0.505264 -0.013861 0.860042 0.069592
0.288388 0.373977 1.946049 0.504560 -0.013725 0.860282 0.071734
0.285793 0.370410 1.946632 0.503806 -0.014000 0.860594 0.073216
0.283433 0.366591 1.947393 0.503102 -0.015292 0.860900 0.074204
0.281280 0.362433 1.948222 0.502224 -0.016905 0.861303 0.075108
0.279067 0.357522 1.948974 0.501686 -0.017901 0.861521 0.075978
0.276988 0.352684 1.949786 0.501001 -0.019623 0.861835 0.076517
0.275162 0.347647 1.950674 0.500134 -0.022077 0.862220 0.077174
0.273493 0.342379 1.951565 0.499173 -0.024729 0.862629 0.078009
0.271444 0.336534 1.952368 0.498245 -0.026164 0.863094 0.078334
0.269461 0.330610 1.953299 0.497379 -0.027994 0.863465 0.079115
0.267726 0.324542 1.954264 0.496233 -0.030644 0.863935 0.080185
0.266304 0.318169 1.955178 0.495330 -0.033983 0.864208 0.081478
0.264330 0.311388 1.956346 0.494856 -0.036537 0.864232 0.082977
0.261752 0.305167 1.957522 0.494166 -0.038584 0.864438 0.084011
0.259125 0.299608 1.958452 0.493742 -0.040230 0.864503 0.085060
0.256623 0.294281 1.959330 0.493207 -0.042220 0.864621 0.085993
0.253793 0.288522 1.960481 0.492864 -0.043890 0.864628 0.087048
0.251123 0.282543 1.961531 0.492580 -0.045721 0.864574 0.088237
0.248617 0.276402 1.962483 0.492234 -0.047713 0.864537 0.089472
0.246201 0.270103 1.963393 0.491766 -0.049896 0.864545 0.090771
0.243519 0.263482 1.964655 0.491316 -0.052198 0.864470 0.092608
0.240943 0.256522 1.965817 0.490972 -0.054873 0.864316 0.094306
0.238574 0.249291 1.966786 0.490597 -0.057833 0.864147 0.096019
0.236326 0.241792 1.967657 0.490106 -0.061032 0.863993 0.097919
0.233650 0.233759 1.969136 0.489658 -0.064554 0.863710 0.100371
0.231073 0.225203 1.970447 0.489412 -0.068719 0.863297 0.102332
0.228841 0.216395 1.971335 0.489239 -0.072944 0.862751 0.104807
0.226901 0.207400 1.971892 0.488971 -0.077216 0.862149 0.107907
0.224883 0.197959 1.972735 0.488900 -0.081826 0.861338 0.111255
0.223011 0.188193 1.973176 0.489073 -0.087013 0.860415 0.113678
0.221303 0.178530 1.973171 0.489213 -0.091907 0.859423 0.116682
0.219751 0.169060 1.972860 0.489585 -0.096604 0.858304 0.119530
0.217600 0.159910 1.972876 0.490726 -0.100780 0.856939 0.121194
0.215375 0.152080 1.972734 0.492137 -0.103529 0.855736 0.121647
0.213754 0.146206 1.972419 0.493723 -0.104152 0.854710 0.121903
0.212579 0.141798 1.972041 0.495129 -0.103522 0.854046 0.121388
0.211093 0.137326 1.972253 0.496557 -0.102491 0.853462 0.120539
0.209855 0.133402 1.972395 0.498342 -0.100494 0.852806 0.119496
0.208872 0.130054 1.972427 0.500177 -0.097774 0.852238 0.118123
0.208048 0.126963 1.972355 0.501816 -0.094850 0.851872 0.116186
0.207020 0.123212 1.972411 0.503407 -0.092259 0.851595 0.113380
0.206104 0.119311 1.972252 0.505027 -0.089596 0.851352 0.110086
0.205343 0.115501 1.971933 0.506564 -0.086760 0.851201 0.106406
0.204749 0.111782 1.971500 0.507898 -0.083897 0.851219 0.102116
0.203828 0.107438 1.971499 0.509135 -0.081026 0.851443 0.096234
0.202682 0.103146 1.971392 0.510348 -0.077768 0.851753 0.089521
0.201940 0.098849 1.970984 0.511454 -0.074451 0.851983 0.083649
0.201552 0.094838 1.970474 0.512375 -0.070935 0.852123 0.079539
0.201394 0.090160 1.970103 0.513214 -0.067567 0.852311 0.074913
0.201265 0.086040 1.969685 0.513983 -0.063725 0.852349 0.072545
0.201161 0.082660 1.969216 0.514646 -0.060090 0.852269 0.071871
0.201067 0.079728 1.968784 0.515206 -0.057105 0.852171 0.071466
0.200943 0.075820 1.968544 0.515737 -0.054729 0.852217 0.068891
0.200846 0.072356 1.968203 0.516333 -0.052270 0.852148 0.067175
0.200741 0.069488 1.967838 0.516911 -0.050123 0.852009 0.066114
0.200622 0.067014 1.967524 0.517452 -0.048428 0.851862 0.065037
0.200600 0.063933 1.967395 0.517964 -0.047093 0.851830 0.062292
0.200612 0.061307 1.967265 0.518528 -0.045561 0.851738 0.059962
0.200576 0.059159 1.967135 0.519069 -0.044214 0.851597 0.058268
0.200502 0.057287 1.967041 0.519586 -0.043152 0.851434 0.056819
0.200707 0.054748 1.967040 0.520048 -0.042317 0.851374 0.054041
0.200959 0.052484 1.966977 0.520478 -0.041458 0.851305 0.051606
0.201140 0.050596 1.966908 0.520873 -0.040740 0.851216 0.049636
0.201281 0.048938 1.966877 0.521259 -0.040128 0.851119 0.047689
0.201563 0.046919 1.967079 0.521627 -0.039491 0.851034 0.045680
0.201860 0.045135 1.967258 0.522014 -0.038776 0.850920 0.043983
0.202107 0.043630 1.967416 0.522401 -0.038090 0.850794 0.042374
0.202313 0.042325 1.967581 0.522788 -0.037453 0.850664 0.040754
0.202558 0.040821 1.968039 0.523136 -0.036638 0.850567 0.039009
0.202786 0.039535 1.968488 0.523536 -0.035731 0.850433 0.037377
0.202964 0.038443 1.968888 0.523945 -0.034951 0.850280 0.035850
0.203102 0.037473 1.969260 0.524347 -0.034310 0.850120 0.034349
0.203296 0.036280 1.969779 0.524710 -0.033714 0.849986 0.032653
0.203480 0.035212 1.970258 0.525095 -0.033154 0.849833 0.030967
0.203613 0.034302 1.970687 0.525479 -0.032702 0.849671 0.029353
0.203701 0.033498 1.971093 0.525847 -0.032337 0.849510 0.027785
0.203837 0.032436 1.971660 0.526165 -0.031913 0.849392 0.025806
0.203967 0.031476 1.972173 0.526514 -0.031532 0.849248 0.023786
0.204037 0.030656 1.972641 0.526854 -0.031278 0.849098 0.021895
0.204045 0.029934 1.973104 0.527171 -0.031086 0.848952 0.020122
0.203868 0.029046 1.974018 0.527442 -0.030380 0.848844 0.018589
0.203661 0.028289 1.974862 0.527835 -0.029594 0.848657 0.017197
0.203362 0.027588 1.975599 0.528187 -0.029053 0.848485 0.015755
0.202397 0.026697 1.976375 0.528156 -0.028863 0.848558 0.012946
0.201039 0.025953 1.977748 0.528231 -0.028249 0.848555 0.011340
0.199772 0.025278 1.979031 0.528557 -0.028075 0.848359 0.011218
0.198539 0.024424 1.980132 0.528790 -0.028729 0.848186 0.011708
0.197299 0.023385 1.981093 0.528802 -0.030023 0.848122 0.012484
0.195312 0.021986 1.982388 0.528119 -0.031788 0.848480 0.012706
0.192816 0.020412 1.983699 0.526778 -0.034204 0.849196 0.014212
0.189564 0.018481 1.985116 0.522766 -0.039070 0.851434 0.015770
0.186253 0.017092 1.986714 0.518025 -0.043153 0.854130 0.015785
0.181374 0.014777 1.988967 0.509549 -0.051103 0.858776 0.015838
0.175433 0.011085 1.990849 0.498949 -0.062226 0.864201 0.018250
0.169617 0.007304 1.992250 0.488320 -0.073558 0.869294 0.021473
0.164139 0.003825 1.993302 0.478101 -0.084421 0.873875 0.025193
0.158179 0.000316 1.994347 0.468173 -0.094732 0.878080 0.028527
0.152509 -0.002766 1.995215 0.458979 -0.103768 0.881823 0.030938
0.147734 -0.005222 1.995892 0.451349 -0.111008 0.884813 0.032658
0.143837 -0.007152 1.996434 0.445257 -0.116612 0.887128 0.033945
0.140041 -0.008420 1.997320 0.440200 -0.120035 0.889144 0.035202
0.136513 -0.009224 1.998254 0.435622 -0.122665 0.891015 0.035745
0.133529 -0.009806 1.999075 0.431820 -0.124699 0.892574 0.035963
0.131071 -0.010264 1.999755 0.428789 -0.126235 0.893815 0.036047
0.128792 -0.010656 2.000141 0.426542 -0.127120 0.894793 0.035318
0.126640 -0.010949 2.000505 0.424390 -0.127893 0.895750 0.034171
0.124791 -0.011182 2.000827 0.422550 -0.128525 0.896569 0.033104
0.123249 -0.011372 2.001090 0.421101 -0.128959 0.897219 0.032275
0.121139 -0.011567 2.001423 0.419977 -0.128726 0.897784 0.032170
0.118756 -0.011716 2.001835 0.418258 -0.128815 0.898597 0.031468
0.116629 -0.011835 2.002217 0.416647 -0.128953 0.899353 0.030667
