-0.049954 0.367915 1.468213 0.701323 -0.034474 0.711600 0.024144
-0.050257 0.367896 1.467883 0.701312 -0.034555 0.711607 0.024145
-0.050605 0.367924 1.467558 0.701322 -0.034452 0.711605 0.024061
-0.050941 0.367970 1.467275 0.701343 -0.034293 0.711595 0.023943
-0.051120 0.368140 1.467281 0.701214 -0.033895 0.711757 0.023503
-0.050924 0.368346 1.467687 0.701042 -0.033810 0.711947 0.022967
-0.050566 0.368441 1.468119 0.700889 -0.034049 0.712095 0.022695
-0.050176 0.368475 1.468501 0.700749 -0.034381 0.712221 0.022580
-0.049836 0.368468 1.468797 0.700510 -0.034584 0.712446 0.022599
-0.049707 0.368443 1.468846 0.700078 -0.034161 0.712884 0.022808
-0.049702 0.368449 1.468810 0.699739 -0.033647 0.713237 0.022924
-0.049747 0.368473 1.468763 0.699482 -0.033170 0.713510 0.022966
-0.049797 0.368506 1.468725 0.699255 -0.032817 0.713751 0.022924
-0.049737 0.368619 1.468784 0.698928 -0.032920 0.714083 0.022402
-0.049609 0.368703 1.468871 0.698679 -0.033099 0.714330 0.022016
-0.049464 0.368757 1.468954 0.698475 -0.033299 0.714529 0.021746
-0.049326 0.368792 1.469027 0.698307 -0.033486 0.714690 0.021552
-0.048979 0.368921 1.468776 0.697509 -0.032696 0.715471 0.022652
-0.048346 0.368981 1.468256 0.696668 -0.031814 0.716276 0.024304
-0.047663 0.368956 1.467776 0.695967 -0.031242 0.716926 0.025891
-0.047031 0.368905 1.467369 0.695394 -0.030857 0.717448 0.027269
-0.046371 0.368823 1.466823 0.694506 -0.031305 0.718250 0.028271
-0.045541 0.368612 1.465965 0.693507 -0.032092 0.719128 0.029558
-0.044734 0.368372 1.465171 0.692680 -0.032774 0.719839 0.030852
-0.044025 0.368158 1.464495 0.692012 -0.033345 0.720406 0.031980
-0.043334 0.368037 1.463651 0.691238 -0.034083 0.721063 0.033121
-0.042053 0.367974 1.461663 0.690214 -0.034717 0.721904 0.035406
-0.040556 0.367726 1.459685 0.689300 -0.035318 0.722613 0.038067
-0.039144 0.367426 1.457988 0.688535 -0.035922 0.723176 0.040550
-0.037910 0.367160 1.456502 0.687847 -0.036668 0.723669 0.042721
-0.036692 0.367244 1.453491 0.687177 -0.038847 0.724009 0.045703
-0.035576 0.367389 1.450252 0.686746 -0.040009 0.724169 0.048574
-0.034631 0.367499 1.447420 0.686399 -0.040771 0.724282 0.051074
-0.033855 0.367603 1.445023 0.686127 -0.041282 0.724361 0.053160
-0.032877 0.367887 1.441839 0.685803 -0.043290 0.724331 0.056075
-0.031513 0.368133 1.438166 0.685628 -0.044979 0.724119 0.059511
-0.030155 0.368218 1.434938 0.685448 -0.046349 0.723928 0.062777
-0.028957 0.368251 1.432209 0.685297 -0.047444 0.723747 0.065625
-0.027978 0.368531 1.429249 0.685267 -0.049773 0.723357 0.068459
-0.027333 0.369402 1.425510 0.685927 -0.052167 0.722338 0.070794
-0.026910 0.370252 1.422148 0.686581 -0.053633 0.721424 0.072635
-0.026630 0.371005 1.419275 0.687162 -0.054609 0.720644 0.074147
-0.026387 0.371785 1.416515 0.687611 -0.055886 0.719964 0.075625
-0.025725 0.373092 1.412343 0.688580 -0.057568 0.718702 0.077534
-0.024874 0.374131 1.408409 0.689490 -0.058693 0.717514 0.079570
-0.024046 0.374922 1.405047 0.690216 -0.059592 0.716521 0.081530
-0.023312 0.375574 1.402182 0.690764 -0.060424 0.715719 0.083302
-0.022428 0.376883 1.398056 0.691753 -0.063707 0.714188 0.085770
-0.021421 0.378198 1.393934 0.693064 -0.066120 0.712435 0.087907
-0.020472 0.379245 1.390389 0.694143 -0.068010 0.710952 0.089932
-0.019652 0.380105 1.387399 0.695033 -0.069484 0.709709 0.091733
-0.018767 0.381477 1.383752 0.695612 -0.072158 0.708677 0.093237
-0.017612 0.383085 1.379637 0.696689 -0.074362 0.707220 0.094522
-0.016451 0.384339 1.376068 0.697603 -0.076150 0.705935 0.095943
-0.015408 0.385344 1.373062 0.698354 -0.077601 0.704847 0.097316
-0.014330 0.386533 1.369804 0.698672 -0.079342 0.704122 0.098871
-0.012533 0.388011 1.365311 0.699369 -0.080712 0.702978 0.100947
-0.010519 0.388969 1.361271 0.699963 -0.082034 0.701872 0.103431
-0.008624 0.389622 1.357861 0.700407 -0.083272 0.700917 0.105881
-0.006939 0.390261 1.354788 0.700529 -0.084813 0.700275 0.108076
-0.005129 0.391780 1.350601 0.701036 -0.086703 0.699293 0.109633
-0.003286 0.393039 1.346741 0.701761 -0.088131 0.698146 0.111161
-0.001611 0.393998 1.343473 0.702372 -0.089369 0.697124 0.112715
-0.000168 0.394773 1.340727 0.702887 -0.090400 0.696239 0.114141
0.001550 0.396153 1.337190 0.703288 -0.092732 0.695307 0.115474
0.003638 0.397389 1.333800 0.704079 -0.094811 0.694000 0.116820
0.005687 0.398264 1.330970 0.704672 -0.096761 0.692866 0.118371
0.007526 0.398928 1.328618 0.705129 -0.098454 0.691903 0.119875
0.009291 0.399694 1.325894 0.705258 -0.100378 0.691087 0.122206
0.011239 0.400404 1.322815 0.705687 -0.102093 0.689931 0.124812
0.013095 0.400852 1.320145 0.706031 -0.103618 0.688892 0.127322
0.014727 0.401173 1.317901 0.706313 -0.104919 0.687989 0.129558
0.016264 0.401599 1.315569 0.706453 -0.106473 0.687227 0.131555
0.018423 0.402032 1.312442 0.706950 -0.108344 0.685990 0.133792
0.020753 0.402067 1.309683 0.707280 -0.110246 0.684841 0.136360
0.022922 0.401942 1.307379 0.707473 -0.112017 0.683853 0.138851
0.024826 0.401860 1.305325 0.707544 -0.113684 0.683044 0.141096
0.026713 0.402352 1.302094 0.708437 -0.115376 0.681431 0.143030
0.028537 0.402672 1.299006 0.709473 -0.116728 0.679736 0.144851
0.030158 0.402845 1.296380 0.710306 -0.117896 0.678289 0.146595
0.031543 0.402965 1.294178 0.710986 -0.118855 0.677074 0.148136
0.033110 0.403464 1.291838 0.711361 -0.119639 0.676263 0.149399
0.034953 0.403866 1.289758 0.711808 -0.120455 0.675358 0.150705
0.036742 0.404074 1.288073 0.712095 -0.121391 0.674576 0.152092
0.038343 0.404193 1.286691 0.712295 -0.122275 0.673910 0.153390
0.040075 0.404361 1.284973 0.712565 -0.124063 0.673182 0.153903
0.042475 0.404142 1.282853 0.713016 -0.126512 0.672050 0.154759
0.044966 0.403594 1.281059 0.713182 -0.128979 0.671066 0.156226
0.047252 0.402982 1.279590 0.713206 -0.131221 0.670237 0.157793
0.049347 0.402534 1.278146 0.713289 -0.133232 0.669490 0.158902
0.051792 0.402161 1.276208 0.713881 -0.135051 0.668336 0.159569
0.054243 0.401540 1.274524 0.714241 -0.136903 0.667295 0.160733
0.056464 0.400877 1.273141 0.714433 -0.138621 0.666424 0.162016
0.058418 0.400298 1.271957 0.714537 -0.140210 0.665726 0.163050
0.060977 0.399866 1.270520 0.714852 -0.142229 0.664980 0.162972
0.063887 0.399087 1.269376 0.714877 -0.144543 0.664271 0.163714
0.066669 0.398191 1.268515 0.714685 -0.146851 0.663695 0.164832
0.069141 0.397334 1.267840 0.714423 -0.148921 0.663226 0.165992
0.071825 0.396469 1.266780 0.714606 -0.150681 0.662649 0.165922
0.074823 0.395120 1.265607 0.714584 -0.152468 0.662065 0.166709
0.077656 0.393650 1.264638 0.714345 -0.154344 0.661561 0.168008
0.080152 0.392288 1.263857 0.714041 -0.156065 0.661143 0.169350
0.082707 0.391123 1.262966 0.714269 -0.157740 0.660543 0.169178
0.085911 0.389586 1.261940 0.714580 -0.159776 0.659750 0.169046
0.089099 0.387831 1.261163 0.714482 -0.162056 0.659106 0.169800
0.091978 0.386154 1.260582 0.714212 -0.164222 0.658597 0.170830
0.094723 0.384697 1.260070 0.714126 -0.165657 0.658279 0.171030
0.098682 0.382644 1.259484 0.713887 -0.166090 0.658441 0.170984
0.102955 0.379982 1.259136 0.713021 -0.167554 0.658599 0.172551
0.106941 0.377322 1.258971 0.711968 -0.169374 0.658738 0.174581
0.110459 0.374938 1.258882 0.711018 -0.171111 0.658842 0.176358
0.114435 0.372823 1.258571 0.710951 -0.172414 0.658734 0.175761
0.118513 0.370391 1.258413 0.710489 -0.174217 0.658614 0.176300
0.122234 0.368005 1.258399 0.709816 -0.176190 0.658534 0.177346
0.125460 0.365852 1.258439 0.709116 -0.178023 0.658487 0.178484
0.128908 0.364265 1.258442 0.709297 -0.178611 0.658368 0.177616
0.132741 0.362599 1.258744 0.709317 -0.179489 0.658247 0.177098
0.136339 0.360854 1.259216 0.708994 -0.180839 0.658185 0.177248
0.139507 0.359209 1.259699 0.708543 -0.182243 0.658168 0.177677
0.142673 0.357865 1.259928 0.708672 -0.182748 0.658129 0.176785
0.146632 0.356167 1.260048 0.708941 -0.182888 0.658018 0.175970
0.150546 0.354095 1.260359 0.708672 -0.183905 0.657932 0.176317
0.154071 0.352042 1.260730 0.708178 -0.185196 0.657891 0.177107
0.157254 0.350273 1.260975 0.707953 -0.186311 0.657819 0.177104
0.160880 0.348715 1.260894 0.708628 -0.186774 0.657445 0.175297
0.164404 0.346888 1.260979 0.708835 -0.187832 0.657103 0.174607
0.167551 0.345082 1.261151 0.708767 -0.189091 0.656844 0.174497
0.170268 0.343452 1.261320 0.708620 -0.190265 0.656652 0.174539
0.173562 0.341860 1.260936 0.709341 -0.189988 0.656363 0.172996
0.177125 0.339571 1.260602 0.709511 -0.190469 0.656029 0.173040
0.180444 0.337151 1.260431 0.709289 -0.191470 0.655761 0.173855
0.183355 0.334901 1.260343 0.708924 -0.192573 0.655560 0.174882
0.186405 0.333291 1.260208 0.709440 -0.192251 0.655296 0.174131
0.189798 0.331702 1.260343 0.709982 -0.192028 0.654982 0.173344
0.192968 0.330011 1.260670 0.710104 -0.192470 0.654753 0.173223
0.195749 0.328405 1.261027 0.710027 -0.193134 0.654588 0.173420
0.198259 0.327326 1.261370 0.710181 -0.192760 0.654668 0.172901
0.201087 0.326713 1.261817 0.710841 -0.191447 0.654683 0.171591
0.203838 0.325813 1.262368 0.711104 -0.191113 0.654652 0.170988
0.206364 0.324765 1.262922 0.711095 -0.191213 0.654654 0.170907
0.208667 0.323991 1.263582 0.711273 -0.190884 0.654761 0.170123
0.211386 0.323108 1.264829 0.711713 -0.189894 0.655074 0.168174
0.214251 0.321766 1.266205 0.711655 -0.190179 0.655302 0.167207
0.217005 0.320095 1.267522 0.711117 -0.191033 0.655619 0.167283
0.219519 0.318359 1.268744 0.710341 -0.192001 0.656011 0.167932
0.222310 0.316585 1.270588 0.709681 -0.191404 0.656893 0.167954
0.225217 0.314374 1.272476 0.708629 -0.192563 0.657600 0.168309
0.227867 0.312127 1.274137 0.707426 -0.194046 0.658256 0.169093
0.230206 0.310058 1.275656 0.706193 -0.195344 0.658924 0.170149
0.232858 0.308197 1.277729 0.705456 -0.194840 0.659910 0.169965
0.236305 0.306104 1.280877 0.704238 -0.194717 0.661308 0.169723
0.239763 0.303776 1.284109 0.702509 -0.195853 0.662704 0.170135
0.242904 0.301476 1.287048 0.700709 -0.197309 0.663974 0.170923
0.245950 0.299565 1.289940 0.699152 -0.197036 0.665667 0.171029
0.249902 0.298074 1.294029 0.697542 -0.195106 0.668193 0.169962
0.253872 0.296363 1.298329 0.695498 -0.194911 0.670509 0.169441
0.257461 0.294549 1.302262 0.693380 -0.195414 0.672541 0.169491
0.260646 0.292896 1.305745 0.691444 -0.195539 0.674524 0.169376
0.264679 0.291680 1.310194 0.689638 -0.192264 0.677734 0.167661
0.268915 0.290019 1.315065 0.687289 -0.191060 0.680662 0.166820
0.272814 0.288092 1.319585 0.684789 -0.191049 0.683205 0.166719
0.276210 0.286145 1.323513 0.682452 -0.191529 0.685332 0.167024
0.280250 0.284868 1.327606 0.680688 -0.187938 0.688283 0.166163
0.284860 0.283306 1.332581 0.678359 -0.184815 0.691397 0.166260
0.289219 0.281376 1.337500 0.675674 -0.183721 0.694169 0.166859
0.293030 0.279443 1.341823 0.673200 -0.183622 0.696470 0.167378
0.297001 0.278221 1.345557 0.671091 -0.182291 0.699057 0.166507
0.301644 0.277371 1.349455 0.669375 -0.179548 0.701709 0.165238
0.305968 0.276099 1.353270 0.667391 -0.177816 0.704085 0.165026
0.309770 0.274601 1.356676 0.665419 -0.177026 0.706065 0.165381
0.313418 0.273488 1.359501 0.663761 -0.176070 0.707947 0.165015
0.318281 0.273048 1.362617 0.662640 -0.173167 0.709984 0.163841
0.323030 0.272117 1.366057 0.661039 -0.171026 0.712039 0.163643
0.327278 0.270851 1.369311 0.659257 -0.169895 0.713862 0.164061
0.331045 0.269577 1.372129 0.657503 -0.169366 0.715514 0.164455
0.335898 0.269136 1.374806 0.655966 -0.167617 0.717623 0.163192
0.340825 0.268211 1.377857 0.654220 -0.166187 0.719648 0.162744
0.345258 0.266904 1.380777 0.652331 -0.165618 0.721447 0.162941
0.349104 0.265472 1.383375 0.650525 -0.165544 0.722958 0.163536
0.353639 0.265387 1.385230 0.649272 -0.163711 0.724718 0.162568
0.358602 0.265444 1.387232 0.648602 -0.161075 0.726136 0.161545
0.363059 0.265086 1.389149 0.647828 -0.159145 0.727375 0.160988
0.366914 0.264516 1.390873 0.647021 -0.157860 0.728402 0.160853
0.370933 0.264682 1.391910 0.646067 -0.156139 0.729813 0.159970
0.375793 0.265288 1.392687 0.645647 -0.153436 0.731044 0.158654
0.380360 0.265246 1.393377 0.645406 -0.150891 0.731927 0.158005
0.384384 0.264762 1.394031 0.645038 -0.148994 0.732624 0.158075
0.388187 0.264546 1.394390 0.644436 -0.147369 0.733565 0.157691
0.393023 0.265489 1.394670 0.643871 -0.145033 0.734957 0.155671
0.397853 0.265851 1.395140 0.643731 -0.143143 0.735843 0.153803
0.402290 0.265553 1.395671 0.643453 -0.142141 0.736521 0.152644
0.406238 0.264957 1.396156 0.642957 -0.141507 0.737192 0.152084
0.411039 0.265824 1.395869 0.642467 -0.138546 0.738458 0.150735
0.415951 0.266861 1.395588 0.642738 -0.135418 0.739127 0.149133
0.420435 0.267394 1.395346 0.643204 -0.133285 0.739413 0.147622
0.424336 0.267537 1.395183 0.643499 -0.131777 0.739622 0.146638
0.428592 0.268186 1.394481 0.643187 -0.129017 0.740602 0.145512
0.433393 0.269032 1.393809 0.643084 -0.126323 0.741429 0.144112
0.438071 0.269421 1.393212 0.643330 -0.124601 0.741768 0.142762
0.442292 0.269195 1.392744 0.643452 -0.123554 0.741976 0.142040
0.446401 0.269034 1.391851 0.643163 -0.121758 0.742648 0.141389
0.451097 0.269158 1.390486 0.642893 -0.119726 0.743408 0.140352
0.455823 0.269249 1.388948 0.643301 -0.118272 0.743517 0.139134
0.460294 0.269158 1.387448 0.643900 -0.117263 0.743343 0.138144
0.464303 0.268930 1.385973 0.644371 -0.116282 0.743268 0.137172
0.468822 0.268817 1.384261 0.644086 -0.115138 0.743924 0.135916
0.473478 0.268604 1.382626 0.644231 -0.114657 0.744122 0.134545
0.477953 0.268303 1.381077 0.644529 -0.114370 0.744105 0.133457
0.481864 0.267854 1.379751 0.644824 -0.114273 0.744017 0.132594
0.486128 0.267602 1.377890 0.644736 -0.112776 0.744429 0.131997
0.490594 0.267171 1.376058 0.644944 -0.112091 0.744490 0.131218
0.494741 0.266928 1.374285 0.645303 -0.111412 0.744405 0.130506
0.498281 0.266975 1.372743 0.645729 -0.110758 0.744275 0.129696
0.501903 0.267167 1.370818 0.645940 -0.109327 0.744469 0.128744
0.506044 0.266911 1.368770 0.646151 -0.108862 0.744557 0.127564
0.509976 0.266647 1.366786 0.646595 -0.108536 0.744402 0.126491
0.513377 0.266622 1.365055 0.647079 -0.108174 0.744211 0.125445
0.516596 0.266799 1.363226 0.647544 -0.107363 0.744098 0.124408
0.520435 0.266733 1.361250 0.647717 -0.107067 0.744175 0.123298
0.524053 0.266692 1.359452 0.648035 -0.107010 0.744099 0.122128
0.527140 0.266783 1.357941 0.648427 -0.106998 0.743956 0.120935
0.529818 0.267016 1.356437 0.648809 -0.106618 0.743851 0.119856
0.532991 0.267263 1.354026 0.648486 -0.105879 0.744350 0.119158
0.535942 0.267503 1.351579 0.648774 -0.105621 0.744300 0.118126
0.538386 0.267901 1.349361 0.649494 -0.105488 0.743898 0.116815
0.540353 0.268393 1.347434 0.650336 -0.105377 0.743392 0.115447
0.542689 0.269262 1.344545 0.651110 -0.103394 0.743131 0.114548
0.544951 0.270033 1.341646 0.652244 -0.102073 0.742502 0.113361
0.546795 0.270767 1.339042 0.653751 -0.101246 0.741515 0.111868
0.548274 0.271485 1.336788 0.655219 -0.100644 0.740527 0.110357
0.550040 0.272482 1.333982 0.656244 -0.098935 0.740003 0.109319
0.552116 0.272911 1.331082 0.656928 -0.097795 0.739624 0.108803
0.553971 0.272850 1.328499 0.658049 -0.097463 0.738766 0.108153
0.555593 0.272586 1.326293 0.659126 -0.097426 0.737894 0.107584
0.557241 0.272530 1.323910 0.659917 -0.096631 0.737361 0.107099
0.559175 0.272408 1.321042 0.660183 -0.095610 0.737300 0.106792
0.560851 0.271973 1.318435 0.661129 -0.095471 0.736560 0.106183
0.562272 0.271472 1.316155 0.662210 -0.095558 0.735663 0.105574
0.563553 0.271117 1.314086 0.663158 -0.095515 0.734904 0.104949
0.565214 0.270959 1.311374 0.663414 -0.094124 0.734855 0.104936
0.566787 0.270298 1.309019 0.663948 -0.093542 0.734424 0.105093
0.568200 0.269468 1.307010 0.664653 -0.093409 0.733792 0.105169
0.569451 0.268649 1.305357 0.665257 -0.093545 0.733230 0.105152
0.570950 0.268313 1.303295 0.665592 -0.092961 0.733065 0.104693
0.572476 0.267583 1.301504 0.665856 -0.092457 0.732868 0.104842
0.573903 0.266781 1.300152 0.666151 -0.091906 0.732627 0.105137
0.575285 0.266036 1.299430 0.665799 -0.091501 0.732921 0.105663
0.576736 0.265612 1.298572 0.664976 -0.090877 0.733730 0.105777
0.577946 0.265435 1.297262 0.664963 -0.090268 0.733889 0.105271
0.578888 0.265379 1.296066 0.665324 -0.089948 0.733707 0.104530
0.579642 0.265440 1.295068 0.665726 -0.089766 0.733477 0.103745
0.580332 0.265622 1.293996 0.665949 -0.089321 0.733427 0.103050
0.581050 0.265635 1.292474 0.666341 -0.088572 0.733214 0.102676
0.581702 0.265491 1.291168 0.666968 -0.088278 0.732741 0.102233
0.582319 0.265307 1.290174 0.667454 -0.088211 0.732360 0.101846
0.582896 0.265132 1.289353 0.667691 -0.088252 0.732189 0.101484
0.583161 0.265373 1.287664 0.668114 -0.087985 0.731954 0.100623
0.582982 0.265998 1.285698 0.669502 -0.087876 0.730892 0.099203
0.582636 0.266914 1.283963 0.671048 -0.087820 0.729704 0.097546
0.582205 0.268010 1.282478 0.672586 -0.087604 0.728539 0.095837
0.581729 0.269044 1.281181 0.673697 -0.087821 0.727715 0.094078
0.581239 0.269989 1.279971 0.674801 -0.088096 0.726875 0.092390
0.580786 0.270827 1.278918 0.675723 -0.088282 0.726169 0.091012
0.580382 0.271559 1.278005 0.676574 -0.088456 0.725507 0.089785
0.579709 0.272094 1.277037 0.677627 -0.088562 0.724627 0.088851
0.578511 0.272885 1.275663 0.679152 -0.088222 0.723351 0.087943
0.577178 0.274010 1.274241 0.680861 -0.087840 0.721933 0.086749
0.575876 0.275274 1.272963 0.682496 -0.087494 0.720586 0.085440
0.574498 0.276403 1.271902 0.684075 -0.087502 0.719245 0.084095
0.572726 0.277512 1.271169 0.685114 -0.087463 0.718366 0.083195
0.570905 0.278946 1.270368 0.686171 -0.087161 0.717517 0.082101
0.569176 0.280461 1.269587 0.687198 -0.086742 0.716713 0.080970
0.567570 0.281872 1.268906 0.688201 -0.086470 0.715914 0.079810
0.565254 0.282920 1.268295 0.690045 -0.087083 0.714231 0.078287
0.562853 0.284321 1.267465 0.691767 -0.087019 0.712730 0.076825
0.560578 0.285830 1.266591 0.693378 -0.086743 0.711349 0.075398
0.558541 0.287286 1.265823 0.694780 -0.086411 0.710157 0.074098
0.556023 0.288326 1.265530 0.696349 -0.086937 0.708709 0.072609
0.553729 0.289150 1.265627 0.696577 -0.087450 0.708478 0.072052
0.552409 0.288639 1.265916 0.695802 -0.088569 0.709022 0.072822
0.551426 0.287929 1.266185 0.695325 -0.089493 0.709303 0.073504
0.549871 0.287161 1.266466 0.695439 -0.091121 0.708932 0.074009
0.547331 0.287003 1.266385 0.695323 -0.093017 0.708739 0.074590
0.545393 0.286379 1.266415 0.694450 -0.095459 0.709162 0.075604
0.543704 0.285888 1.266417 0.694045 -0.097172 0.709249 0.076323
0.541966 0.285348 1.266576 0.693972 -0.099028 0.709005 0.076871
0.539231 0.285007 1.267130 0.694440 -0.100714 0.708279 0.077143
0.536971 0.284265 1.267665 0.693697 -0.102376 0.708638 0.078333
0.534840 0.283837 1.267938 0.693472 -0.103636 0.708613 0.078886
0.532999 0.283429 1.268202 0.693215 -0.104767 0.708634 0.079471
0.529885 0.282896 1.268770 0.694583 -0.105410 0.707139 0.079985
0.526932 0.282157 1.269277 0.694378 -0.106292 0.707048 0.081396
0.523203 0.283282 1.269189 0.695934 -0.104538 0.705796 0.081239
0.519900 0.283954 1.269221 0.695738 -0.104221 0.705972 0.081790
0.515848 0.284794 1.269087 0.698438 -0.103494 0.703513 0.080891
0.511158 0.286132 1.269091 0.701122 -0.101853 0.701196 0.079868
0.506333 0.287827 1.269094 0.703174 -0.099726 0.699542 0.078996
0.501901 0.289377 1.269260 0.703915 -0.097931 0.699085 0.078704
0.497611 0.290641 1.269540 0.705295 -0.096969 0.697894 0.078105
