0.384215 0.369291 1.719559 0.658514 -0.024892 0.752125 0.006869
0.382608 0.371880 1.720094 0.658420 -0.023885 0.752242 0.006711
0.380976 0.374403 1.720604 0.658369 -0.022583 0.752334 0.005817
0.379404 0.377109 1.721010 0.658563 -0.021507 0.752206 0.004265
0.377874 0.380059 1.721317 0.658655 -0.020452 0.752160 0.003051
0.376288 0.382925 1.721584 0.658699 -0.019041 0.752164 0.001518
0.374960 0.385181 1.721832 0.658688 -0.018475 0.752189 0.000783
0.374229 0.386461 1.722103 0.658886 -0.019810 0.751980 0.001367
0.373611 0.387525 1.722498 0.659079 -0.021382 0.751763 0.003199
0.373060 0.388334 1.722980 0.659134 -0.022552 0.751670 0.005136
0.372557 0.389019 1.723491 0.659146 -0.023522 0.751618 0.006630
0.372138 0.389815 1.723991 0.659370 -0.025183 0.751361 0.007340
0.371797 0.390775 1.724465 0.659570 -0.026897 0.751110 0.008825
0.371429 0.391604 1.724938 0.659629 -0.027900 0.750999 0.010613
0.371040 0.392384 1.725405 0.659638 -0.028689 0.750936 0.012174
0.370620 0.393171 1.725863 0.659915 -0.030445 0.750622 0.012324
0.370090 0.394132 1.726136 0.660253 -0.032063 0.750245 0.013064
0.369506 0.395059 1.726300 0.660402 -0.032563 0.750056 0.015004
0.368906 0.395955 1.726424 0.660495 -0.032743 0.749925 0.016948
0.368155 0.396774 1.726666 0.660771 -0.033959 0.749624 0.017097
0.366800 0.397785 1.727180 0.661002 -0.035281 0.749374 0.016428
0.365264 0.399012 1.727661 0.660998 -0.034998 0.749378 0.017019
0.363656 0.400402 1.728115 0.660903 -0.034060 0.749495 0.017488
0.361786 0.401755 1.728730 0.660975 -0.034026 0.749474 0.015578
0.358939 0.403196 1.729741 0.661202 -0.034052 0.749359 0.010593
0.355444 0.405919 1.730514 0.660946 -0.029960 0.749817 0.005305
0.350634 0.411139 1.730742 0.660114 -0.020420 0.750876 -0.004094
0.345152 0.416797 1.730770 0.658860 -0.009524 0.752106 -0.012196
0.339314 0.420713 1.731661 0.656732 -0.000398 0.753943 -0.016550
0.334001 0.424142 1.732721 0.654676 0.006151 0.755579 -0.021476
0.329404 0.427060 1.733676 0.652801 0.011491 0.757007 -0.025700
0.325453 0.429220 1.734668 0.650915 0.016360 0.758452 -0.028149
0.321457 0.429573 1.737259 0.647800 0.020621 0.761046 -0.027185
0.317943 0.429571 1.740319 0.644937 0.022523 0.763398 -0.027793
0.314977 0.429436 1.743190 0.642436 0.023629 0.765439 -0.028631
0.312483 0.429062 1.745785 0.640160 0.024722 0.767307 -0.028697
0.310126 0.426973 1.749450 0.636985 0.025413 0.770021 -0.025930
0.308312 0.424530 1.753319 0.634245 0.023753 0.772364 -0.024954
0.306914 0.422176 1.756841 0.631933 0.021623 0.774336 -0.024446
0.305787 0.419990 1.759933 0.629878 0.019956 0.776086 -0.023386
0.303898 0.417140 1.764811 0.626106 0.019641 0.779260 -0.018950
0.301715 0.414595 1.770180 0.622423 0.018216 0.782283 -0.017059
0.299594 0.412503 1.775082 0.619154 0.016756 0.784923 -0.016227
0.297658 0.410787 1.779307 0.616295 0.015698 0.787205 -0.015542
0.295305 0.408847 1.784751 0.612121 0.016562 0.790492 -0.012487
0.292913 0.406992 1.790404 0.608091 0.016335 0.793619 -0.011304
0.290740 0.405359 1.795468 0.604583 0.015765 0.796313 -0.010823
0.288854 0.403972 1.799766 0.601608 0.015199 0.798578 -0.010508
0.286983 0.403081 1.804944 0.598074 0.016178 0.801239 -0.007867
0.284964 0.402367 1.810227 0.594545 0.016419 0.803863 -0.007119
0.283068 0.401773 1.814907 0.591442 0.016417 0.806149 -0.006987
0.281395 0.401300 1.818851 0.588799 0.016370 0.808083 -0.007036
0.279935 0.400984 1.823532 0.585236 0.017821 0.810658 -0.003926
0.278645 0.400408 1.828311 0.581707 0.018331 0.813189 -0.002023
0.277580 0.399716 1.832532 0.578713 0.018316 0.815326 -0.000666
0.276713 0.399052 1.836094 0.576211 0.018123 0.817099 0.000413
0.276078 0.399281 1.840366 0.573661 0.018683 0.818875 0.003005
0.275142 0.399707 1.844983 0.570853 0.018965 0.820824 0.003949
0.274120 0.400062 1.849142 0.568302 0.019059 0.822589 0.004216
0.273150 0.400394 1.852688 0.566082 0.019134 0.824116 0.004245
0.272805 0.401474 1.856698 0.563966 0.020223 0.825528 0.006160
0.272729 0.402197 1.861098 0.561768 0.020721 0.827003 0.007395
0.272754 0.402426 1.865113 0.559884 0.020558 0.828276 0.008206
0.272842 0.402434 1.868578 0.558303 0.020158 0.829345 0.008831
0.273134 0.403004 1.872572 0.556259 0.019334 0.830730 0.009498
0.273356 0.403525 1.876917 0.553759 0.018335 0.832422 0.009355
0.273524 0.403752 1.880801 0.551566 0.017250 0.833904 0.009083
0.273657 0.403862 1.884117 0.549688 0.016280 0.835165 0.008846
0.274199 0.405329 1.887639 0.548152 0.015970 0.836180 0.008792
0.274572 0.407473 1.891376 0.546275 0.016480 0.837406 0.008002
0.274683 0.409295 1.894681 0.544500 0.016978 0.838559 0.007063
0.274664 0.410859 1.897493 0.542916 0.017477 0.839582 0.006181
0.275130 0.413063 1.900682 0.541339 0.017471 0.840606 0.005374
0.276040 0.415363 1.904292 0.539438 0.017387 0.841834 0.004319
0.276968 0.416975 1.907475 0.537811 0.017073 0.842885 0.003552
0.277840 0.418157 1.910184 0.536448 0.016704 0.843763 0.003039
0.279059 0.419878 1.912947 0.535394 0.016181 0.844444 0.002300
0.280551 0.421915 1.915895 0.534219 0.015960 0.845194 0.001219
0.281909 0.423412 1.918464 0.533186 0.015676 0.845852 0.000423
0.283100 0.424560 1.920641 0.532300 0.015409 0.846416 -0.000146
0.284669 0.426143 1.922946 0.531820 0.014892 0.846726 -0.000432
0.286855 0.427992 1.925688 0.531402 0.014344 0.846998 -0.000690
0.288928 0.429190 1.928155 0.531015 0.013642 0.847252 -0.000763
0.290787 0.429980 1.930290 0.530678 0.012918 0.847474 -0.000709
0.292834 0.431121 1.932492 0.530372 0.012081 0.847679 -0.000958
0.295565 0.432752 1.934992 0.529875 0.011558 0.847996 -0.001432
0.298133 0.434089 1.937146 0.529443 0.011213 0.848270 -0.001621
0.300357 0.435121 1.938926 0.529054 0.010965 0.848516 -0.001647
0.302563 0.436410 1.940583 0.528896 0.010455 0.848620 -0.001946
0.305191 0.438391 1.942192 0.528867 0.010215 0.848640 -0.002480
0.307526 0.440187 1.943390 0.528793 0.010374 0.848683 -0.002726
0.309494 0.441736 1.944282 0.528697 0.010699 0.848738 -0.002817
0.311435 0.443458 1.945184 0.528732 0.010624 0.848716 -0.003247
0.314093 0.445265 1.946280 0.528814 0.010109 0.848669 -0.003919
0.316878 0.446283 1.947131 0.529018 0.009390 0.848549 -0.003876
0.319521 0.446824 1.947824 0.529273 0.008595 0.848400 -0.003482
0.322146 0.447541 1.948537 0.529746 0.007667 0.848114 -0.003639
0.325257 0.449075 1.949312 0.530372 0.007162 0.847720 -0.005035
0.328227 0.450146 1.949788 0.530952 0.006791 0.847355 -0.005723
0.330893 0.450908 1.950098 0.531485 0.006478 0.847022 -0.006015
0.333394 0.451792 1.950484 0.532093 0.006059 0.846642 -0.006302
0.336337 0.453180 1.951347 0.532673 0.005646 0.846272 -0.007120
0.339201 0.453906 1.952123 0.533169 0.005092 0.845961 -0.007412
0.341822 0.454231 1.952815 0.533615 0.004457 0.845684 -0.007401
0.344290 0.454578 1.953519 0.534173 0.003682 0.845335 -0.007425
0.347438 0.455451 1.954307 0.535108 0.002765 0.844741 -0.007992
0.350663 0.455767 1.954770 0.536006 0.001864 0.844175 -0.007819
0.353685 0.455760 1.955062 0.536840 0.000984 0.843652 -0.007279
0.356465 0.455794 1.955316 0.537671 0.000094 0.843126 -0.006840
0.359541 0.456813 1.955472 0.538668 -0.000425 0.842485 -0.007524
0.362453 0.457669 1.955194 0.539548 -0.000524 0.841921 -0.007612
0.365049 0.458387 1.954727 0.540337 -0.000449 0.841416 -0.007390
0.367347 0.459128 1.954245 0.541107 -0.000329 0.840923 -0.007174
0.370322 0.460400 1.953769 0.542372 -0.000367 0.840103 -0.007730
0.373498 0.461106 1.952985 0.543600 -0.000440 0.839311 -0.007447
0.376546 0.461436 1.952129 0.544756 -0.000613 0.838568 -0.006725
0.379317 0.461601 1.951354 0.545806 -0.000866 0.837890 -0.005956
0.382380 0.462012 1.950893 0.547055 -0.001740 0.837068 -0.006622
0.385503 0.461977 1.950299 0.548182 -0.002570 0.836328 -0.006628
0.388438 0.461685 1.949698 0.549197 -0.003378 0.835663 -0.006207
0.391058 0.461314 1.949167 0.550081 -0.004118 0.835082 -0.005651
0.393864 0.461282 1.948769 0.551356 -0.005405 0.834231 -0.005941
0.396636 0.461068 1.948168 0.552498 -0.006439 0.833470 -0.005761
0.399179 0.460763 1.947512 0.553495 -0.007277 0.832803 -0.005266
0.401399 0.460461 1.946890 0.554324 -0.007918 0.832250 -0.004680
0.403592 0.460335 1.946546 0.555252 -0.008904 0.831615 -0.005685
0.405783 0.460016 1.946116 0.556045 -0.009761 0.831071 -0.006286
0.407821 0.459598 1.945667 0.556738 -0.010506 0.830597 -0.006446
0.409623 0.459176 1.945253 0.557310 -0.011110 0.830206 -0.006384
0.411288 0.458917 1.945015 0.558153 -0.011344 0.829637 -0.006252
0.412806 0.458731 1.944672 0.558874 -0.011441 0.829151 -0.006110
0.414128 0.458606 1.944277 0.559459 -0.011417 0.828759 -0.005837
0.415239 0.458548 1.943883 0.559916 -0.011299 0.828454 -0.005530
0.416234 0.458264 1.943578 0.560465 -0.011627 0.828081 -0.005011
0.416920 0.458134 1.943358 0.560661 -0.011504 0.827953 -0.004590
0.417302 0.458168 1.943262 0.560681 -0.011209 0.827945 -0.004242
0.417611 0.458210 1.943177 0.560691 -0.011050 0.827942 -0.004057
0.417866 0.458088 1.943212 0.560623 -0.010840 0.827989 -0.004336
0.418167 0.457889 1.943241 0.560557 -0.010745 0.828033 -0.004708
0.418481 0.457665 1.943260 0.560491 -0.010709 0.828077 -0.004822
0.418790 0.457438 1.943274 0.560420 -0.010711 0.828125 -0.004794
0.418745 0.456984 1.943175 0.560442 -0.011076 0.828099 -0.005736
0.418595 0.456549 1.942938 0.560484 -0.011538 0.828060 -0.006404
0.418487 0.456213 1.942689 0.560497 -0.011898 0.828043 -0.006845
0.418398 0.455968 1.942438 0.560504 -0.012189 0.828031 -0.007146
0.417772 0.455337 1.942293 0.560532 -0.012363 0.828010 -0.007055
0.416880 0.454659 1.942194 0.560559 -0.012614 0.827994 -0.006277
0.416134 0.454062 1.942146 0.560555 -0.012914 0.827998 -0.005531
0.415526 0.453528 1.942122 0.560563 -0.013300 0.827990 -0.004896
0.414357 0.452561 1.942050 0.560595 -0.013805 0.827963 -0.004455
0.412832 0.451586 1.941815 0.560638 -0.014491 0.827926 -0.003658
0.411554 0.450735 1.941630 0.560681 -0.015220 0.827887 -0.002914
0.410458 0.450056 1.941460 0.560706 -0.015888 0.827859 -0.002331
0.408832 0.448839 1.941291 0.560621 -0.016133 0.827913 -0.001755
0.406694 0.447441 1.941038 0.560538 -0.016648 0.827961 -0.001249
0.404811 0.446296 1.940849 0.560466 -0.017236 0.827998 -0.000771
0.403245 0.445265 1.940738 0.560409 -0.017908 0.828022 -0.000320
0.401173 0.443990 1.940695 0.560140 -0.018109 0.828200 0.000936
0.398370 0.442505 1.940511 0.560212 -0.019190 0.828125 0.001807
0.395873 0.441199 1.940393 0.560289 -0.020326 0.828043 0.002624
0.393740 0.440122 1.940318 0.560267 -0.021045 0.828036 0.003836
0.391229 0.438846 1.940321 0.560161 -0.022045 0.828081 0.003978
0.387831 0.437308 1.940351 0.560196 -0.022943 0.828025 0.005296
0.384639 0.435877 1.940311 0.560214 -0.023822 0.827976 0.006892
0.381825 0.434588 1.940267 0.560019 -0.024606 0.828073 0.008295
0.378894 0.433219 1.940337 0.559660 -0.025563 0.828282 0.008685
0.375252 0.431583 1.940423 0.559443 -0.026560 0.828383 0.009998
0.371908 0.430005 1.940406 0.559252 -0.027590 0.828459 0.011517
0.368804 0.428453 1.940365 0.558875 -0.028836 0.828657 0.012438
0.365707 0.426747 1.940448 0.558273 -0.030070 0.829015 0.012704
0.362151 0.424867 1.940483 0.557972 -0.030902 0.829164 0.014102
0.358883 0.423048 1.940409 0.557605 -0.031946 0.829350 0.015319
0.355884 0.421220 1.940346 0.557170 -0.033200 0.829575 0.016259
0.352876 0.419301 1.940361 0.556637 -0.034249 0.829875 0.017043
0.349293 0.417129 1.940461 0.556333 -0.035020 0.830015 0.018482
0.345992 0.414965 1.940529 0.556065 -0.036177 0.830117 0.019686
0.342890 0.412783 1.940681 0.555440 -0.037700 0.830459 0.020088
0.339845 0.410411 1.940909 0.554788 -0.039027 0.830821 0.020587
0.336212 0.407937 1.940871 0.554628 -0.039427 0.830866 0.022263
0.332834 0.405659 1.940665 0.554491 -0.040041 0.830882 0.023897
0.329697 0.403413 1.940468 0.554111 -0.041076 0.831057 0.024859
0.326700 0.400929 1.940391 0.553644 -0.042260 0.831284 0.025658
0.323069 0.398329 1.940164 0.553490 -0.042563 0.831319 0.027332
0.319675 0.395905 1.939786 0.553301 -0.043221 0.831363 0.028735
0.316563 0.393450 1.939462 0.552967 -0.044325 0.831492 0.029721
0.313655 0.390763 1.939254 0.552559 -0.045530 0.831665 0.030652
0.310025 0.387878 1.938897 0.552473 -0.045101 0.831657 0.032938
0.306748 0.385133 1.938881 0.552664 -0.045183 0.831471 0.034305
0.303700 0.381725 1.940467 0.552739 -0.046283 0.831357 0.034403
0.300774 0.377372 1.942915 0.552638 -0.048672 0.831307 0.033913
0.297358 0.372927 1.944650 0.552815 -0.049513 0.831100 0.034881
0.293803 0.368983 1.946296 0.552600 -0.050506 0.831171 0.035168
0.290643 0.365169 1.947630 0.552572 -0.051756 0.831088 0.035766
0.287830 0.361086 1.948923 0.552372 -0.053902 0.831089 0.035654
0.284276 0.357122 1.949706 0.552077 -0.053639 0.831188 0.038218
0.280758 0.353522 1.950418 0.552019 -0.053595 0.831124 0.040436
0.277554 0.349780 1.951181 0.551914 -0.054390 0.831067 0.041971
0.274600 0.345763 1.952040 0.551473 -0.056069 0.831211 0.042695
0.271093 0.341683 1.952335 0.550924 -0.055875 0.831487 0.044615
0.267657 0.337904 1.952598 0.550680 -0.055876 0.831550 0.046415
0.264531 0.333950 1.952971 0.550363 -0.056723 0.831630 0.047698
0.261645 0.329680 1.953501 0.549638 -0.058604 0.831956 0.048091
0.258315 0.325033 1.953608 0.549474 -0.058599 0.832013 0.048969
0.254811 0.320662 1.953830 0.549032 -0.058754 0.832251 0.049704
0.251602 0.316111 1.954166 0.548499 -0.059935 0.832503 0.049950
0.248644 0.311345 1.954595 0.547728 -0.062056 0.832871 0.049695
0.245424 0.306141 1.954863 0.547542 -0.061928 0.832920 0.051056
0.242079 0.300980 1.955251 0.547054 -0.062254 0.833147 0.052177
0.239014 0.295677 1.955699 0.546429 -0.063685 0.833410 0.052800
0.236284 0.290191 1.956124 0.545736 -0.066038 0.833655 0.053201
0.233216 0.284025 1.956735 0.545422 -0.067014 0.833767 0.053454
0.229841 0.277571 1.957619 0.544929 -0.068408 0.833974 0.053481
0.226705 0.271054 1.958458 0.544297 -0.070881 0.834195 0.053246
0.223923 0.264468 1.959148 0.543598 -0.074177 0.834375 0.053075
0.220744 0.257398 1.959939 0.543136 -0.076356 0.834498 0.052786
0.217235 0.250055 1.960787 0.542809 -0.078202 0.834574 0.052228
0.214152 0.242626 1.961426 0.542530 -0.079888 0.834505 0.053664
0.211246 0.235232 1.961987 0.541666 -0.082488 0.834720 0.055099
0.208143 0.227410 1.962769 0.541255 -0.085270 0.834697 0.055251
0.204624 0.219192 1.963685 0.541142 -0.088195 0.834548 0.054003
0.201271 0.210928 1.964326 0.540980 -0.091247 0.834416 0.052585
0.198452 0.202737 1.964560 0.540796 -0.093922 0.834188 0.053363
0.195696 0.194320 1.964927 0.540670 -0.097002 0.833888 0.053829
0.192567 0.185478 1.965423 0.540522 -0.100448 0.833639 0.052843
0.189692 0.177138 1.965666 0.540393 -0.103512 0.833434 0.051470
0.187406 0.169961 1.965653 0.540488 -0.105127 0.833148 0.051824
0.185059 0.163026 1.965773 0.540694 -0.106410 0.832816 0.052390
0.182224 0.155458 1.966094 0.540825 -0.108590 0.832572 0.050405
0.179342 0.148649 1.966420 0.540490 -0.110037 0.832665 0.049316
0.176844 0.143009 1.966657 0.540380 -0.110081 0.832680 0.050151
0.174467 0.137536 1.966916 0.540438 -0.110168 0.832635 0.050086
0.171645 0.131366 1.967331 0.540176 -0.110858 0.832792 0.048761
0.168922 0.125942 1.967707 0.539570 -0.110773 0.833171 0.049187
0.166376 0.121321 1.968098 0.538669 -0.110251 0.833713 0.051021
0.164202 0.116890 1.968458 0.538008 -0.109744 0.834165 0.051688
0.162151 0.111889 1.968764 0.537270 -0.109427 0.834673 0.051848
0.160164 0.107350 1.969034 0.536199 -0.109214 0.835301 0.053260
0.158350 0.103429 1.969274 0.534901 -0.109534 0.836010 0.054489
0.156826 0.099623 1.969451 0.534377 -0.109098 0.836313 0.055856
0.155344 0.095000 1.969459 0.534632 -0.108648 0.836142 0.056834
0.153795 0.090616 1.969410 0.534125 -0.109260 0.836325 0.057738
0.152415 0.086689 1.969311 0.533419 -0.110342 0.836575 0.058582
0.151317 0.083070 1.969226 0.533110 -0.110697 0.836669 0.059380
0.150194 0.078903 1.969143 0.532742 -0.111302 0.836850 0.058988
0.149025 0.075151 1.969046 0.531981 -0.112393 0.837214 0.058631
0.147983 0.072017 1.968967 0.531226 -0.113466 0.837566 0.058381
0.147217 0.069298 1.968982 0.530963 -0.113762 0.837702 0.058235
0.146726 0.066418 1.969162 0.531249 -0.113546 0.837601 0.057499
0.146192 0.063882 1.969276 0.531178 -0.113712 0.837654 0.057061
0.145703 0.061771 1.969383 0.531018 -0.113969 0.837739 0.056788
0.145361 0.059908 1.969488 0.530913 -0.113950 0.837844 0.056242
0.145329 0.057595 1.969452 0.530834 -0.114154 0.838007 0.054115
0.145257 0.055410 1.969335 0.530587 -0.114737 0.838181 0.052591
0.145166 0.053565 1.969231 0.530306 -0.115336 0.838343 0.051512
0.145134 0.051986 1.969199 0.530212 -0.115531 0.838442 0.050434
0.145146 0.050195 1.969281 0.530502 -0.115225 0.838466 0.047598
0.144929 0.048578 1.969363 0.530351 -0.115284 0.838680 0.045317
0.144671 0.047222 1.969467 0.530095 -0.115436 0.838914 0.043559
0.144468 0.046074 1.969614 0.529843 -0.115356 0.839165 0.041968
0.144485 0.045169 1.969940 0.529569 -0.114261 0.839630 0.039027
0.144429 0.044482 1.970262 0.529224 -0.113360 0.840075 0.036689
0.144336 0.043934 1.970567 0.528871 -0.112656 0.840468 0.034889
0.144238 0.043460 1.970843 0.528549 -0.112015 0.840820 0.033348
0.144118 0.042756 1.970993 0.528310 -0.111294 0.841189 0.030069
0.143831 0.042062 1.971131 0.527850 -0.110923 0.841622 0.027232
0.143516 0.041477 1.971276 0.527365 -0.110694 0.842026 0.024997
0.143208 0.040988 1.971407 0.526896 -0.110406 0.842406 0.023307
0.142301 0.040561 1.971568 0.526006 -0.109226 0.843176 0.020990
0.140995 0.040212 1.971926 0.524646 -0.108459 0.844185 0.018296
0.139737 0.039938 1.972309 0.523318 -0.107910 0.845127 0.015954
0.138638 0.039727 1.972642 0.522144 -0.107431 0.845947 0.014057
0.137315 0.040063 1.973033 0.520140 -0.106201 0.847361 0.012473
0.136003 0.040643 1.973590 0.518332 -0.104938 0.848649 0.010729
0.134857 0.041176 1.974114 0.516827 -0.103863 0.849717 0.009155
0.133892 0.041631 1.974555 0.515599 -0.102967 0.850585 0.007834
0.132972 0.042160 1.974616 0.514785 -0.101009 0.851324 0.006444
0.132043 0.042693 1.974726 0.514070 -0.099272 0.851971 0.004556
0.131197 0.043150 1.974857 0.513418 -0.097876 0.852534 0.002879
0.130475 0.043538 1.974971 0.512871 -0.096746 0.852996 0.001474
0.129244 0.044034 1.975100 0.511760 -0.095639 0.853789 -0.000195
0.127663 0.044571 1.975452 0.510297 -0.094749 0.854759 -0.002451
0.126190 0.045045 1.975831 0.508935 -0.094032 0.855641 -0.004553
0.124932 0.045449 1.976159 0.507795 -0.093434 0.856373 -0.006353
0.123591 0.046189 1.976616 0.506496 -0.092283 0.857252 -0.008098
