-0.050191 0.379707 1.462738 0.700275 -0.016051 0.713413 0.019993
-0.050366 0.379671 1.462891 0.700291 -0.016281 0.713388 0.020115
-0.050605 0.379706 1.463042 0.700244 -0.016578 0.713431 0.019991
-0.051136 0.379969 1.463299 0.700237 -0.016787 0.713456 0.019144
-0.051727 0.380269 1.463533 0.700282 -0.016790 0.713437 0.018219
-0.052268 0.380540 1.463722 0.700338 -0.016722 0.713403 0.017404
-0.052786 0.380711 1.463617 0.700159 -0.016044 0.713583 0.017868
-0.053356 0.380850 1.463150 0.699876 -0.014872 0.713862 0.018797
-0.053889 0.380988 1.462701 0.699659 -0.013805 0.714078 0.019474
-0.054346 0.381116 1.462324 0.699492 -0.012922 0.714244 0.019959
-0.054894 0.381196 1.462053 0.699424 -0.012944 0.714318 0.019701
-0.055578 0.381339 1.461806 0.699405 -0.012734 0.714354 0.019223
-0.056233 0.381501 1.461593 0.699413 -0.012431 0.714364 0.018722
-0.056770 0.381613 1.461408 0.699452 -0.012276 0.714335 0.018492
-0.056970 0.381459 1.461112 0.699670 -0.013113 0.714085 0.019328
-0.057025 0.381283 1.460832 0.699811 -0.013864 0.713909 0.020160
-0.057034 0.381132 1.460599 0.699911 -0.014470 0.713778 0.020864
-0.056956 0.380959 1.460432 0.699843 -0.015576 0.713803 0.021522
-0.056592 0.380686 1.460443 0.699683 -0.017503 0.713893 0.022246
-0.056160 0.380420 1.460492 0.699541 -0.019190 0.713965 0.022962
-0.055769 0.380196 1.460538 0.699431 -0.020560 0.714015 0.023578
-0.055319 0.379896 1.459716 0.698854 -0.022208 0.714443 0.026089
-0.054742 0.379555 1.458026 0.698168 -0.023189 0.714953 0.029453
-0.054219 0.379254 1.456494 0.697609 -0.023834 0.715353 0.032313
-0.053797 0.379022 1.455212 0.697170 -0.024333 0.715656 0.034616
-0.053267 0.378668 1.453313 0.696907 -0.026771 0.715623 0.038561
-0.052709 0.378375 1.451421 0.696724 -0.028608 0.715534 0.042063
-0.052237 0.378150 1.449826 0.696571 -0.029961 0.715455 0.044903
-0.051850 0.377959 1.448277 0.696359 -0.031773 0.715406 0.047629
-0.051324 0.377665 1.445392 0.696287 -0.035265 0.715010 0.051969
-0.050832 0.377408 1.442626 0.696206 -0.037647 0.714682 0.055759
-0.050448 0.377224 1.440301 0.696145 -0.039348 0.714405 0.058824
-0.050132 0.377280 1.437705 0.695753 -0.042021 0.714291 0.062851
-0.049724 0.377889 1.434022 0.695692 -0.044765 0.713748 0.067629
-0.049328 0.378433 1.430770 0.695680 -0.046609 0.713258 0.071561
-0.049013 0.378908 1.428071 0.695681 -0.047907 0.712846 0.074720
-0.048575 0.379443 1.424810 0.695693 -0.051617 0.712138 0.078779
-0.047851 0.380051 1.421196 0.696083 -0.055167 0.711036 0.082787
-0.047136 0.380521 1.418125 0.696376 -0.057851 0.710124 0.086241
-0.046542 0.380927 1.415566 0.696588 -0.059976 0.709387 0.089100
-0.045994 0.381751 1.411475 0.696679 -0.064134 0.708490 0.092562
-0.045447 0.382556 1.407254 0.697102 -0.066774 0.707421 0.095628
-0.044995 0.383209 1.403681 0.697460 -0.068626 0.706533 0.098238
-0.044598 0.383884 1.400391 0.697890 -0.070630 0.705578 0.100598
-0.043543 0.385074 1.395605 0.699606 -0.073619 0.703198 0.103176
-0.042159 0.385885 1.391279 0.701002 -0.075993 0.701136 0.105975
-0.040848 0.386439 1.387704 0.702049 -0.077929 0.699469 0.108620
-0.039760 0.387255 1.384117 0.702851 -0.080936 0.697925 0.111133
-0.038794 0.388757 1.379927 0.704401 -0.084037 0.695708 0.112903
-0.037931 0.390026 1.376378 0.705713 -0.086290 0.693849 0.114446
-0.037214 0.391067 1.373464 0.706749 -0.087965 0.692357 0.115803
-0.036489 0.392529 1.369932 0.707607 -0.090015 0.690933 0.117480
-0.035571 0.394095 1.366090 0.708901 -0.091400 0.689157 0.119027
-0.034676 0.395301 1.362865 0.709939 -0.092489 0.687673 0.120574
-0.033896 0.396278 1.360199 0.710684 -0.093436 0.686534 0.121944
-0.032443 0.397511 1.356816 0.710842 -0.096078 0.685800 0.123086
-0.030428 0.398302 1.353702 0.711077 -0.098598 0.684878 0.124863
-0.028453 0.398777 1.351162 0.711165 -0.100868 0.684097 0.126813
-0.026670 0.399248 1.348824 0.710947 -0.103108 0.683612 0.128831
-0.024484 0.400168 1.345425 0.711045 -0.105499 0.682670 0.131326
-0.022194 0.400736 1.342417 0.711183 -0.107625 0.681692 0.133915
-0.020143 0.401100 1.339951 0.711246 -0.109446 0.680859 0.136312
-0.018138 0.401631 1.337316 0.711200 -0.111727 0.680213 0.137917
-0.015457 0.402152 1.334010 0.711535 -0.114203 0.679118 0.139547
-0.012760 0.402278 1.331220 0.711686 -0.116575 0.678123 0.141640
-0.010375 0.402270 1.328954 0.711730 -0.118621 0.677298 0.143654
-0.007764 0.402492 1.326284 0.711970 -0.122005 0.676218 0.144715
-0.004529 0.402456 1.323611 0.712346 -0.125746 0.674797 0.146289
-0.001425 0.402162 1.321466 0.712436 -0.129156 0.673629 0.148245
0.001281 0.401851 1.319716 0.712392 -0.132071 0.672723 0.149996
0.004327 0.401991 1.317057 0.712482 -0.133782 0.672151 0.150612
0.007523 0.401706 1.314497 0.712551 -0.135398 0.671427 0.152065
0.010386 0.401254 1.312398 0.712498 -0.136982 0.670776 0.153759
0.012946 0.400923 1.310436 0.712521 -0.138726 0.670195 0.154621
0.016298 0.400443 1.307608 0.713081 -0.141118 0.669054 0.154815
0.019770 0.399482 1.305151 0.713258 -0.143690 0.667995 0.156198
0.022876 0.398470 1.303177 0.713221 -0.146050 0.667136 0.157843
0.025766 0.397922 1.301100 0.713587 -0.148187 0.666210 0.158109
0.028902 0.397610 1.298757 0.714533 -0.150112 0.664845 0.157767
0.031796 0.397104 1.296872 0.715129 -0.152015 0.663695 0.158085
0.034272 0.396587 1.295369 0.715505 -0.153681 0.662777 0.158624
0.037141 0.396484 1.293122 0.716539 -0.155278 0.661677 0.156987
0.040683 0.395870 1.290675 0.717517 -0.157140 0.660319 0.156383
0.044047 0.394942 1.288722 0.718001 -0.159211 0.659196 0.156804
0.046991 0.394049 1.287137 0.718265 -0.161083 0.658314 0.157385
0.050651 0.393491 1.285075 0.718914 -0.161980 0.657554 0.156679
0.054630 0.392400 1.283359 0.719102 -0.163502 0.656814 0.157338
0.058258 0.391176 1.282048 0.718991 -0.165241 0.656210 0.158541
0.061509 0.390186 1.280729 0.719302 -0.166534 0.655443 0.158955
0.065172 0.389190 1.278418 0.720887 -0.166756 0.653805 0.158281
0.068647 0.387776 1.276379 0.721874 -0.167494 0.652390 0.158841
0.071649 0.386385 1.274741 0.722486 -0.168380 0.651258 0.159768
0.074576 0.385451 1.273028 0.723231 -0.168844 0.650433 0.159266
0.078044 0.384424 1.271107 0.724060 -0.169308 0.649527 0.158706
0.081320 0.383147 1.269604 0.724436 -0.170297 0.648753 0.159091
0.084160 0.381924 1.268427 0.724582 -0.171351 0.648147 0.159770
0.087692 0.381286 1.267325 0.725551 -0.170771 0.647594 0.158227
0.092157 0.380170 1.266771 0.725995 -0.171134 0.647133 0.157682
0.096432 0.378746 1.266579 0.725895 -0.172359 0.646805 0.158153
0.100193 0.377382 1.266463 0.725671 -0.173650 0.646563 0.158756
0.104250 0.376357 1.265313 0.726444 -0.173556 0.645957 0.157788
0.108197 0.374849 1.264178 0.726854 -0.174073 0.645279 0.158103
0.111641 0.373300 1.263285 0.726979 -0.174908 0.644710 0.158928
0.114762 0.372144 1.262405 0.727407 -0.175061 0.644181 0.158949
0.118766 0.371328 1.261297 0.728598 -0.173989 0.643428 0.157715
0.122764 0.370052 1.260609 0.729138 -0.174142 0.642772 0.157723
0.126312 0.368704 1.260157 0.729316 -0.174763 0.642273 0.158247
0.129801 0.367665 1.259682 0.730014 -0.174482 0.641658 0.157828
0.133870 0.366398 1.259443 0.730693 -0.174372 0.640979 0.157569
0.137701 0.364883 1.259462 0.730838 -0.175099 0.640479 0.158125
0.141015 0.363422 1.259552 0.730757 -0.176040 0.640113 0.158934
0.144708 0.362401 1.259086 0.731330 -0.175522 0.639868 0.157852
0.148863 0.360793 1.258624 0.731606 -0.175702 0.639515 0.157805
0.152682 0.358965 1.258378 0.731476 -0.176587 0.639225 0.158591
0.155992 0.357308 1.258199 0.731290 -0.177413 0.638997 0.159442
0.159879 0.356184 1.257851 0.731808 -0.176214 0.638777 0.159279
0.163843 0.354699 1.257833 0.731873 -0.176206 0.638546 0.159917
0.167377 0.353156 1.257951 0.731666 -0.176754 0.638380 0.160916
0.170581 0.351796 1.257931 0.731808 -0.176989 0.638031 0.161394
0.174428 0.349960 1.257485 0.732422 -0.176950 0.637206 0.161911
0.178179 0.347670 1.257212 0.732438 -0.177843 0.636537 0.163484
0.181464 0.345473 1.257058 0.732218 -0.178998 0.636014 0.165238
0.184579 0.343758 1.256853 0.732643 -0.179310 0.635312 0.165712
0.187962 0.342068 1.256734 0.733260 -0.179615 0.634470 0.165876
0.191049 0.340315 1.256789 0.733460 -0.180448 0.633826 0.166548
0.193679 0.338717 1.256886 0.733475 -0.181371 0.633336 0.167344
0.196337 0.337219 1.257234 0.733698 -0.181058 0.633162 0.167367
0.199079 0.335429 1.257773 0.733516 -0.181281 0.633123 0.168063
0.201381 0.333958 1.258327 0.733310 -0.181467 0.633150 0.168664
0.203109 0.333094 1.258804 0.733465 -0.181115 0.633151 0.168361
0.205394 0.332115 1.260404 0.733517 -0.178849 0.634110 0.166944
0.207911 0.331038 1.262391 0.733185 -0.178105 0.635037 0.165669
0.210304 0.329480 1.264003 0.732518 -0.179422 0.635579 0.165118
0.212552 0.327786 1.265477 0.731898 -0.179898 0.636259 0.164735
0.215087 0.326065 1.267435 0.731396 -0.179721 0.637251 0.163318
0.217508 0.324374 1.269390 0.730652 -0.180198 0.638165 0.162551
0.219609 0.322818 1.271121 0.729833 -0.180750 0.638993 0.162361
0.221512 0.321181 1.273184 0.729358 -0.179629 0.640062 0.161530
0.223411 0.319395 1.275825 0.728565 -0.177898 0.641603 0.160906
0.225169 0.317677 1.278229 0.727598 -0.177154 0.642957 0.160700
0.226686 0.316142 1.280287 0.726661 -0.176744 0.644116 0.160748
0.228350 0.314380 1.283262 0.726155 -0.173911 0.645495 0.160591
0.230323 0.312266 1.286697 0.724883 -0.172108 0.647186 0.161478
0.232250 0.310139 1.289811 0.723415 -0.171441 0.648708 0.162653
0.233965 0.308167 1.292557 0.722077 -0.170834 0.650096 0.163697
0.235923 0.306201 1.296406 0.720622 -0.167452 0.652521 0.163955
0.237998 0.304181 1.300343 0.718760 -0.165756 0.654818 0.164687
0.239895 0.302244 1.303806 0.716940 -0.164955 0.656772 0.165641
0.241658 0.300492 1.307131 0.715344 -0.162749 0.658911 0.166228
0.243975 0.298617 1.311748 0.713240 -0.158514 0.662101 0.166688
0.246388 0.296512 1.316275 0.710829 -0.156465 0.664903 0.167763
0.248561 0.294425 1.320184 0.708571 -0.155526 0.667206 0.169042
0.250935 0.292828 1.324345 0.706442 -0.151904 0.670132 0.169668
0.254083 0.291303 1.329832 0.703778 -0.148594 0.673553 0.170121
0.257126 0.289540 1.335031 0.701023 -0.147477 0.676484 0.170842
0.259760 0.287776 1.339466 0.698546 -0.147183 0.678872 0.171765
0.263090 0.286831 1.344246 0.696442 -0.142212 0.682283 0.170981
0.266983 0.285543 1.349774 0.694041 -0.139330 0.685464 0.170391
0.270538 0.283915 1.354807 0.691607 -0.138406 0.688117 0.170351
0.273653 0.282373 1.359073 0.689387 -0.137737 0.690500 0.170244
0.277748 0.281426 1.363678 0.687195 -0.134309 0.693904 0.167995
0.281906 0.279934 1.368494 0.684576 -0.131798 0.697070 0.167566
0.285577 0.278142 1.372751 0.682086 -0.130644 0.699635 0.167933
0.289102 0.276783 1.376249 0.679957 -0.129401 0.702087 0.167294
0.293600 0.276028 1.379411 0.678541 -0.127564 0.704453 0.164487
0.297675 0.274991 1.382300 0.677072 -0.124848 0.706536 0.163689
0.301150 0.273660 1.384754 0.675552 -0.122036 0.708259 0.164642
0.305022 0.272846 1.387158 0.674132 -0.121212 0.710368 0.161960
0.309695 0.272061 1.390568 0.672493 -0.120582 0.712700 0.158969
0.313958 0.270686 1.393925 0.670336 -0.119358 0.714999 0.158682
0.317558 0.269121 1.396676 0.668281 -0.116972 0.716973 0.160212
0.322255 0.268649 1.398823 0.667083 -0.117123 0.718984 0.156024
0.327230 0.267665 1.401002 0.665855 -0.118198 0.720816 0.151955
0.331563 0.266169 1.402827 0.664520 -0.117798 0.722372 0.150722
0.335342 0.264743 1.404100 0.663332 -0.116142 0.723707 0.150831
0.340372 0.264793 1.404862 0.662935 -0.116298 0.724904 0.146653
0.345039 0.264389 1.405559 0.662457 -0.116887 0.726043 0.142651
0.348951 0.263682 1.406044 0.662006 -0.115813 0.726947 0.141004
0.352726 0.263319 1.406133 0.661654 -0.114004 0.727799 0.139734
0.357776 0.263187 1.406450 0.661183 -0.114813 0.728821 0.135924
0.362483 0.262178 1.406892 0.660240 -0.116491 0.730034 0.132530
0.366478 0.260830 1.407171 0.659376 -0.116614 0.731031 0.131219
0.370971 0.260523 1.406931 0.658444 -0.115685 0.732233 0.130010
0.376277 0.260522 1.406719 0.657736 -0.116569 0.733326 0.126602
0.381044 0.259749 1.406486 0.656952 -0.117872 0.734362 0.123419
0.385025 0.258685 1.406148 0.656412 -0.117464 0.735111 0.122220
0.390093 0.259075 1.405367 0.655363 -0.116619 0.736510 0.120220
0.395360 0.259210 1.404879 0.654474 -0.117397 0.737733 0.116759
0.399902 0.258776 1.404391 0.653851 -0.117271 0.738644 0.114589
0.403846 0.258207 1.403742 0.653310 -0.115263 0.739485 0.114292
0.409054 0.258488 1.402282 0.652163 -0.114790 0.740927 0.111956
0.414081 0.258163 1.400636 0.652024 -0.114532 0.741432 0.109659
0.418340 0.257248 1.399035 0.652242 -0.112508 0.741559 0.109599
0.422435 0.256488 1.397257 0.652171 -0.109901 0.742008 0.109625
0.427568 0.256363 1.395252 0.651506 -0.108351 0.743003 0.108385
0.432036 0.256318 1.393327 0.651510 -0.105360 0.743457 0.108189
0.435601 0.256174 1.391583 0.651885 -0.100910 0.743592 0.109242
0.439613 0.256385 1.389524 0.651874 -0.096284 0.744122 0.109875
0.444449 0.256503 1.387486 0.651393 -0.092186 0.744941 0.110684
0.448652 0.256532 1.385644 0.651237 -0.086934 0.745439 0.112489
0.452028 0.256409 1.384028 0.651373 -0.080824 0.745624 0.115008
0.456493 0.256561 1.381882 0.650834 -0.075391 0.746464 0.116291
0.461358 0.256151 1.379943 0.650204 -0.070809 0.747215 0.117853
0.465615 0.255302 1.378384 0.649757 -0.066989 0.747663 0.119705
0.469410 0.254460 1.376918 0.649438 -0.063540 0.747959 0.121453
0.474142 0.254144 1.374475 0.649021 -0.059557 0.748393 0.123011
0.478491 0.254108 1.372040 0.649134 -0.056640 0.748409 0.123704
0.482004 0.254377 1.369857 0.649684 -0.054452 0.748099 0.123668
0.485292 0.254996 1.367395 0.650239 -0.051795 0.747810 0.123644
0.489269 0.255618 1.364301 0.649982 -0.049186 0.748147 0.124010
0.492691 0.256093 1.361507 0.650357 -0.047664 0.747959 0.123775
0.495430 0.256493 1.359058 0.651086 -0.046591 0.747471 0.123302
0.498636 0.257443 1.356173 0.651841 -0.044895 0.746989 0.122858
0.502287 0.258132 1.353478 0.652113 -0.043985 0.746868 0.122481
0.505414 0.258350 1.351254 0.652631 -0.043899 0.746510 0.121934
0.508013 0.258395 1.349371 0.653188 -0.043947 0.746098 0.121451
0.511410 0.259238 1.346309 0.653486 -0.042533 0.745941 0.121317
0.514581 0.259713 1.343446 0.654010 -0.042292 0.745576 0.120828
0.517142 0.259961 1.340891 0.655064 -0.042575 0.744766 0.120013
0.519380 0.260355 1.338362 0.656167 -0.042468 0.743918 0.119279
0.522356 0.261240 1.334624 0.656545 -0.040910 0.743620 0.119596
0.524908 0.261556 1.331256 0.657555 -0.040568 0.742756 0.119536
0.526947 0.261696 1.328281 0.658993 -0.040785 0.741550 0.119030
0.529018 0.262224 1.324996 0.660135 -0.040123 0.740626 0.118676
0.531525 0.262708 1.321245 0.660328 -0.039351 0.740456 0.118927
0.533612 0.262726 1.317986 0.661314 -0.039592 0.739593 0.118738
0.535298 0.262639 1.315196 0.662492 -0.040075 0.738577 0.118334
0.537454 0.263244 1.311762 0.663193 -0.039237 0.738038 0.118047
0.539849 0.263725 1.308544 0.663487 -0.039179 0.737849 0.117600
0.541827 0.263947 1.305844 0.664361 -0.039796 0.737161 0.116765
0.543436 0.264127 1.303559 0.665263 -0.040398 0.736450 0.115905
0.545574 0.264793 1.300138 0.665037 -0.039035 0.736667 0.116297
0.547589 0.264715 1.297213 0.664988 -0.038755 0.736622 0.116949
0.549293 0.264394 1.294744 0.665544 -0.039189 0.736074 0.117095
0.550849 0.264270 1.292276 0.666138 -0.039024 0.735543 0.117108
0.552859 0.264423 1.288641 0.665646 -0.036957 0.735966 0.117918
0.554703 0.264053 1.285880 0.665873 -0.036493 0.735700 0.118432
0.556510 0.263649 1.284282 0.665833 -0.036153 0.735667 0.118973
0.558256 0.263731 1.282371 0.665619 -0.035094 0.735908 0.118988
0.559888 0.263666 1.279476 0.664962 -0.033758 0.736486 0.119474
0.561256 0.263174 1.276911 0.665177 -0.033629 0.736266 0.119670
0.562474 0.262673 1.274941 0.665462 -0.033850 0.735998 0.119677
0.563854 0.262489 1.272505 0.665813 -0.033434 0.735763 0.119278
0.565274 0.262087 1.270346 0.665596 -0.032967 0.735944 0.119506
0.566596 0.261358 1.268643 0.665547 -0.032932 0.735926 0.119897
0.567794 0.260569 1.267286 0.665495 -0.032963 0.735899 0.120340
0.568994 0.259854 1.264867 0.665586 -0.032002 0.735782 0.120806
0.569837 0.259001 1.262311 0.667007 -0.032200 0.734522 0.120593
0.570608 0.258199 1.260357 0.668097 -0.032475 0.733520 0.120581
0.571311 0.257557 1.258737 0.668694 -0.032381 0.732946 0.120789
0.571569 0.257398 1.256485 0.669875 -0.031746 0.731912 0.120689
0.571545 0.257472 1.254415 0.671081 -0.031410 0.730863 0.120429
0.571463 0.257734 1.252769 0.672156 -0.031242 0.729955 0.119982
0.571198 0.257950 1.251230 0.673551 -0.031090 0.728800 0.119219
0.570628 0.257813 1.249270 0.675710 -0.030874 0.726935 0.118441
0.570109 0.257584 1.247502 0.677661 -0.030847 0.725215 0.117849
0.569709 0.257362 1.246088 0.679218 -0.030918 0.723827 0.117393
0.568808 0.256882 1.245184 0.680983 -0.031482 0.722234 0.116828
0.567636 0.256895 1.244439 0.682374 -0.031313 0.721017 0.116277
0.566442 0.257229 1.243639 0.683603 -0.030956 0.719966 0.115662
0.565288 0.257648 1.242938 0.684759 -0.030786 0.718982 0.114979
0.562659 0.257425 1.242507 0.686704 -0.032091 0.717223 0.114016
0.559704 0.258218 1.241677 0.688547 -0.032184 0.715634 0.112849
0.556860 0.259497 1.240769 0.690324 -0.031962 0.714143 0.111494
0.553928 0.260538 1.240143 0.692194 -0.032478 0.712549 0.109942
0.549777 0.261197 1.239753 0.694238 -0.032954 0.710739 0.108619
0.545699 0.262591 1.239012 0.696181 -0.032622 0.709079 0.107122
0.542018 0.264196 1.238267 0.697937 -0.032112 0.707597 0.105636
0.538177 0.265276 1.238086 0.699685 -0.032660 0.706106 0.103870
0.533664 0.266369 1.238570 0.700660 -0.032433 0.705324 0.102680
0.529340 0.267344 1.238845 0.701419 -0.031803 0.704687 0.102057
0.525637 0.268041 1.238949 0.702060 -0.031127 0.704122 0.101760
0.521477 0.268476 1.239511 0.703584 -0.031826 0.702755 0.100462
0.516823 0.269881 1.240815 0.704804 -0.031940 0.701737 0.098977
0.512055 0.271864 1.242453 0.705438 -0.031534 0.701301 0.097671
0.507530 0.273781 1.244105 0.705938 -0.031217 0.700975 0.096501
0.502698 0.275912 1.246315 0.707459 -0.032097 0.699764 0.093815
0.497851 0.278648 1.249172 0.708220 -0.032430 0.699306 0.091340
0.492949 0.281517 1.252138 0.708384 -0.032263 0.699412 0.089306
0.488041 0.284187 1.254994 0.708631 -0.032084 0.699431 0.087238
0.483287 0.287107 1.258909 0.708842 -0.031833 0.699559 0.084535
0.478684 0.290200 1.263351 0.708198 -0.031485 0.700509 0.082172
0.474006 0.293147 1.267624 0.707196 -0.030885 0.701766 0.080276
0.468948 0.295978 1.271516 0.707458 -0.030061 0.701771 0.078212
0.463697 0.299191 1.275839 0.708636 -0.029270 0.700897 0.075644
0.458485 0.302375 1.280260 0.708991 -0.028481 0.700814 0.073356
0.453199 0.305249 1.284307 0.708911 -0.027514 0.701121 0.071533
0.447629 0.308005 1.288329 0.710335 -0.025357 0.699963 0.069522
0.442235 0.310883 1.293040 0.711313 -0.023349 0.699239 0.067478
0.436916 0.313539 1.297678 0.711492 -0.021664 0.699278 0.065725
0.431524 0.315810 1.301845 0.711414 -0.019902 0.699535 0.064377
0.426037 0.318160 1.306953 0.712692 -0.016190 0.698450 0.063047
0.420948 0.320691 1.313073 0.712663 -0.013612 0.698677 0.061457
0.415896 0.322993 1.318970 0.711977 -0.011678 0.699540 0.059973
0.410647 0.324938 1.324259 0.711758 -0.009160 0.699878 0.059057
0.405355 0.326851 1.330036 0.712442 -0.005361 0.699258 0.058615
0.400203 0.328568 1.335801 0.712234 -0.002578 0.699535 0.058023
0.394993 0.329913 1.340943 0.711664 -0.000325 0.700160 0.057532
0.389626 0.331019 1.345835 0.711783 0.002848 0.700007 0.057860
