0.418365 0.199886 1.678583 0.636989 -0.363046 0.639163 -0.232190
0.417660 0.200005 1.679187 0.633276 -0.373308 0.633540 -0.241309
0.417056 0.200278 1.679687 0.628782 -0.385103 0.627038 -0.251301
0.416482 0.200615 1.680257 0.624364 -0.396262 0.620404 -0.261237
0.415960 0.200914 1.680825 0.620075 -0.406319 0.614131 -0.270657
0.415517 0.201119 1.681345 0.615608 -0.416003 0.608109 -0.279590
0.415050 0.201594 1.681942 0.610346 -0.426992 0.601188 -0.289359
0.414563 0.202105 1.682506 0.605490 -0.436751 0.594476 -0.298711
0.414048 0.202669 1.682928 0.600614 -0.445897 0.587979 -0.307763
0.413649 0.202982 1.683261 0.595430 -0.455058 0.581574 -0.316477
0.413308 0.203256 1.683808 0.589492 -0.465203 0.573982 -0.326542
0.412979 0.203513 1.684338 0.584054 -0.474117 0.566940 -0.335668
0.412662 0.203749 1.684766 0.578923 -0.482141 0.560412 -0.343986
0.412377 0.203923 1.685097 0.573310 -0.490408 0.553637 -0.352565
0.412126 0.204016 1.685547 0.566839 -0.499393 0.545872 -0.362384
0.411894 0.204146 1.685984 0.560974 -0.507186 0.538947 -0.370953
0.411706 0.204254 1.686348 0.555786 -0.513813 0.533164 -0.377933
0.411536 0.204347 1.686594 0.550554 -0.520252 0.527615 -0.384511
0.411330 0.204510 1.686793 0.545034 -0.526724 0.521838 -0.391390
0.411119 0.204707 1.687012 0.540539 -0.531854 0.517034 -0.397020
0.410922 0.204906 1.687171 0.536702 -0.536171 0.512984 -0.401647
0.410685 0.205107 1.687267 -0.532404 0.540971 -0.508592 0.406484
0.410347 0.205348 1.687433 -0.527560 0.546278 -0.503664 0.411804
0.410029 0.205590 1.687624 -0.523412 0.550693 -0.499484 0.416284
0.409750 0.205821 1.687780 -0.519808 0.554469 -0.495950 0.419997
0.409655 0.205988 1.687893 -0.515744 0.558702 -0.492161 0.423836
0.409727 0.206077 1.688118 -0.511991 0.562583 -0.488311 0.427690
0.409782 0.206169 1.688339 -0.509058 0.565608 -0.485092 0.430852
0.409834 0.206252 1.688496 -0.506580 0.568176 -0.482394 0.433417
0.409741 0.206391 1.688535 -0.503734 0.570988 -0.479626 0.436099
0.409476 0.206660 1.688547 -0.500917 0.573639 -0.477057 0.438676
0.409234 0.206928 1.688550 -0.498470 0.575934 -0.474891 0.440800
0.409029 0.207167 1.688533 -0.496323 0.577955 -0.473046 0.442560
0.408954 0.207472 1.688486 -0.494464 0.579684 -0.471860 0.443643
0.408950 0.207800 1.688454 -0.493081 0.580925 -0.471118 0.444349
0.408945 0.208099 1.688428 -0.491908 0.581977 -0.470463 0.444967
0.408943 0.208358 1.688389 -0.490859 0.582934 -0.469886 0.445480
0.408862 0.208535 1.688296 -0.489913 0.583534 -0.470176 0.445430
0.408670 0.208756 1.688237 -0.489658 0.583328 -0.470810 0.445311
0.408491 0.208993 1.688143 -0.489474 0.583181 -0.471312 0.445175
0.408345 0.209196 1.688021 -0.489203 0.583207 -0.471709 0.445017
0.408240 0.209403 1.688064 -0.489625 0.582525 -0.473774 0.443250
0.408107 0.209629 1.688261 -0.490440 0.581361 -0.475943 0.441549
0.407990 0.209835 1.688500 -0.491010 0.580419 -0.477680 0.440277
0.407898 0.209997 1.688742 -0.491314 0.579745 -0.479081 0.439303
0.407868 0.210122 1.689260 -0.492850 0.577924 -0.484146 0.434401
0.407821 0.210243 1.689950 -0.494546 0.575776 -0.489306 0.429519
0.407792 0.210285 1.690648 -0.495720 0.574043 -0.493413 0.425770
0.407774 0.210298 1.691316 -0.496212 0.572985 -0.496651 0.422847
0.407427 0.209794 1.692805 -0.499880 0.568479 -0.506550 0.412745
0.407042 0.209131 1.694028 -0.501774 0.565863 -0.514904 0.403601
0.406687 0.208520 1.695040 -0.503016 0.563912 -0.521474 0.396284
0.406391 0.207862 1.695918 -0.503865 0.562372 -0.527094 0.389910
0.405823 0.206590 1.697087 -0.506886 0.557305 -0.539015 0.376749
0.405071 0.205922 1.697844 -0.510407 0.551752 -0.549590 0.364698
0.404280 0.205703 1.698424 0.513420 -0.546790 0.557966 -0.355098
0.403462 0.205640 1.699001 0.516148 -0.542059 0.565256 -0.346768
0.401775 0.205256 1.699976 0.520817 -0.533649 0.577040 -0.333155
0.399949 0.205696 1.700725 0.526080 -0.524637 0.587314 -0.321026
0.398238 0.206528 1.701381 0.531053 -0.516099 0.595818 -0.310847
0.396612 0.207344 1.702077 0.535213 -0.508294 0.603365 -0.301884
0.394252 0.207994 1.703032 0.540070 -0.497696 0.614081 -0.289010
0.391903 0.209337 1.703684 0.545398 -0.486803 0.623376 -0.277426
0.389776 0.210885 1.704237 0.550666 -0.476322 0.631283 -0.267143
0.387723 0.212303 1.704920 0.554994 -0.466657 0.638391 -0.258204
0.384794 0.214091 1.706112 0.559263 -0.454595 0.647223 -0.248335
0.381924 0.216578 1.707033 0.564040 -0.442311 0.654881 -0.239477
0.379344 0.219114 1.707795 0.568844 -0.430529 0.661495 -0.231270
0.376758 0.221259 1.708630 0.572859 -0.419461 0.667677 -0.223814
0.373202 0.223235 1.709708 0.576722 -0.406550 0.675121 -0.215220
0.369894 0.225557 1.710523 0.580869 -0.393837 0.681622 -0.207061
0.367006 0.227777 1.711205 0.584987 -0.381783 0.687299 -0.199125
0.364170 0.229631 1.711976 0.588406 -0.370244 0.692810 -0.191602
0.360643 0.231630 1.712818 0.591613 -0.357053 0.699204 -0.183360
0.357401 0.233924 1.713405 0.595074 -0.344097 0.704784 -0.175392
0.354585 0.236075 1.713886 0.598435 -0.331969 0.709628 -0.167633
0.351719 0.237842 1.714379 0.601243 -0.320611 0.714143 -0.160359
0.348159 0.239814 1.714756 0.604228 -0.308019 0.718874 -0.152486
0.344888 0.242047 1.715009 0.607363 -0.295586 0.723016 -0.144868
0.342056 0.244112 1.715229 0.610248 -0.284126 0.726584 -0.137639
0.339132 0.245760 1.715493 0.612718 -0.273166 0.729890 -0.131219
0.335769 0.247369 1.715660 0.615352 -0.261158 0.733271 -0.124303
0.332786 0.249022 1.715761 0.617988 -0.249506 0.736275 -0.117205
0.330255 0.250476 1.715852 0.620162 -0.239376 0.738785 -0.110883
0.327542 0.251612 1.715846 0.622159 -0.228966 0.741260 -0.105002
0.324493 0.252885 1.715383 0.624517 -0.216939 0.743832 -0.098131
0.321814 0.254231 1.714846 0.626856 -0.205250 0.746094 -0.090933
0.319554 0.255408 1.714381 0.628664 -0.195419 0.747926 -0.084847
0.316894 0.256411 1.714232 0.630194 -0.184597 0.749998 -0.079252
0.313783 0.257737 1.714277 0.631633 -0.172458 0.752260 -0.073496
0.310999 0.259154 1.714342 0.632937 -0.160994 0.754247 -0.067690
0.308635 0.260400 1.714411 0.633808 -0.151630 0.755854 -0.063078
0.305808 0.261125 1.714757 0.634641 -0.140582 0.757738 -0.057444
0.302758 0.261656 1.715372 0.635273 -0.129274 0.759661 -0.051310
0.300131 0.262175 1.715978 0.635549 -0.120128 0.761236 -0.046538
0.297944 0.262585 1.716517 0.635591 -0.112965 0.762511 -0.042890
0.295483 0.262706 1.717126 0.636006 -0.103750 0.763765 -0.037337
0.292969 0.262863 1.717833 0.636240 -0.095526 0.764851 -0.032817
0.290803 0.263071 1.718495 0.636261 -0.089034 0.765749 -0.029556
0.289002 0.263234 1.719065 0.636178 -0.083964 0.766481 -0.027101
0.287455 0.263598 1.719655 0.636254 -0.076497 0.767340 -0.022758
0.286174 0.263984 1.720191 0.636194 -0.070098 0.768096 -0.019257
0.285132 0.264269 1.720638 0.636065 -0.065118 0.768705 -0.016525
0.284293 0.264460 1.721007 0.635910 -0.061262 0.769194 -0.014372
0.283603 0.264619 1.721722 0.635520 -0.056155 0.769968 -0.010475
0.283055 0.264679 1.722544 0.634975 -0.052346 0.770721 -0.007531
0.282620 0.264678 1.723264 0.634472 -0.049479 0.771343 -0.005242
0.282281 0.264658 1.723869 0.634036 -0.047211 0.771853 -0.003394
0.282431 0.265050 1.724700 0.633558 -0.043685 0.772459 -0.001559
0.282789 0.265237 1.725528 0.633060 -0.041237 0.773003 -0.000191
0.283167 0.265263 1.726218 0.632640 -0.039509 0.773437 0.001012
0.283558 0.265288 1.726784 0.632317 -0.037984 0.773775 0.002185
0.284825 0.266480 1.727335 0.632247 -0.034137 0.774006 0.003564
0.286161 0.267506 1.727769 0.632182 -0.031100 0.774182 0.004584
0.287348 0.268261 1.728090 0.632144 -0.028795 0.774296 0.005527
0.288430 0.268931 1.728371 0.632107 -0.026764 0.774392 0.006488
0.290025 0.270369 1.729046 0.631753 -0.023932 0.774768 0.007089
0.291503 0.271581 1.729707 0.631367 -0.021831 0.775142 0.007369
0.292771 0.272530 1.730242 0.631056 -0.020221 0.775436 0.007647
0.294003 0.273482 1.730672 0.630844 -0.018703 0.775645 0.007829
0.296192 0.275201 1.731119 0.630763 -0.016435 0.775767 0.007293
0.298350 0.276395 1.731456 0.630734 -0.014922 0.775823 0.007117
0.300258 0.277212 1.731696 0.630753 -0.013884 0.775825 0.007213
0.302158 0.278074 1.731906 0.630844 -0.012849 0.775771 0.007078
0.305206 0.279371 1.732296 0.631061 -0.011724 0.775623 0.005818
0.308213 0.279916 1.732627 0.631307 -0.011531 0.775429 0.005318
0.310890 0.280074 1.732870 0.631570 -0.011708 0.775213 0.005279
0.313578 0.280476 1.732953 0.632020 -0.012054 0.774844 0.004760
0.317232 0.281692 1.732578 0.632997 -0.012131 0.774052 0.003287
0.320590 0.282434 1.732057 0.633958 -0.012332 0.773265 0.002615
0.323485 0.282889 1.731549 0.634816 -0.012598 0.772558 0.002343
0.326243 0.283667 1.731154 0.635469 -0.012634 0.772021 0.001490
0.329370 0.285234 1.730844 0.635826 -0.012076 0.771738 -0.000567
0.332112 0.286465 1.730466 0.636184 -0.011586 0.771447 -0.002018
0.334434 0.287431 1.730092 0.636525 -0.011171 0.771169 -0.003036
0.336912 0.288648 1.729684 0.636956 -0.010681 0.770811 -0.004901
0.340272 0.289885 1.729004 0.637633 -0.010339 0.770236 -0.007305
0.343459 0.290417 1.728225 0.638377 -0.010454 0.769606 -0.008485
0.346268 0.290606 1.727489 0.639080 -0.010752 0.769012 -0.009049
0.349258 0.291090 1.726816 0.639764 -0.010878 0.768432 -0.009784
0.352826 0.291581 1.726073 0.640469 -0.011078 0.767833 -0.010423
0.356082 0.291592 1.725311 0.641173 -0.011563 0.767239 -0.010374
0.358896 0.291415 1.724623 0.641811 -0.012100 0.766701 -0.010067
0.361826 0.291664 1.724067 0.642237 -0.012672 0.766320 -0.011142
0.365120 0.291905 1.723477 0.642553 -0.013363 0.766022 -0.012593
0.368102 0.291763 1.722844 0.642928 -0.014159 0.765681 -0.013228
0.370674 0.291488 1.722258 0.643295 -0.014900 0.765354 -0.013473
0.373355 0.291851 1.722014 0.643469 -0.015671 0.765168 -0.014836
0.375993 0.292539 1.722181 0.643353 -0.016487 0.765204 -0.016978
0.378216 0.293047 1.722385 0.643227 -0.017216 0.765253 -0.018692
0.380066 0.293452 1.722557 0.643131 -0.017783 0.765287 -0.020027
0.382141 0.294472 1.722611 0.643098 -0.016955 0.765308 -0.020999
0.384260 0.295641 1.722414 0.643150 -0.015648 0.765271 -0.021790
0.386088 0.296564 1.722106 0.643276 -0.014515 0.765174 -0.022237
0.387628 0.297311 1.721789 0.643418 -0.013557 0.765064 -0.022511
0.389439 0.298291 1.721425 0.643257 -0.012732 0.765162 -0.024191
0.391462 0.298932 1.720725 0.643220 -0.012056 0.765167 -0.025346
0.393334 0.299226 1.719925 0.643343 -0.011575 0.765057 -0.025775
0.394973 0.299356 1.719174 0.643511 -0.011221 0.764917 -0.025881
0.396752 0.299830 1.718995 0.643324 -0.011493 0.765049 -0.026524
0.398314 0.300302 1.719226 0.642910 -0.012033 0.765353 -0.027516
0.399596 0.300680 1.719517 0.642519 -0.012512 0.765642 -0.028384
0.400867 0.300549 1.719780 0.642250 -0.013828 0.765853 -0.028169
0.402651 0.299942 1.720095 0.642093 -0.016273 0.765989 -0.026694
0.404224 0.299536 1.720326 0.641982 -0.017896 0.766078 -0.025763
0.405304 0.299528 1.720554 0.641812 -0.018458 0.766204 -0.025820
0.405688 0.300254 1.720875 0.641537 -0.017925 0.766401 -0.027181
0.406193 0.301209 1.721107 0.641395 -0.017820 0.766481 -0.028346
0.406696 0.302075 1.721218 0.641308 -0.017924 0.766508 -0.029468
0.407118 0.302819 1.721287 0.641228 -0.018037 0.766532 -0.030503
0.407448 0.303505 1.721355 0.641143 -0.018134 0.766565 -0.031383
0.407573 0.304807 1.721463 0.641029 -0.019167 0.766633 -0.031433
0.407584 0.306122 1.721539 0.640914 -0.020583 0.766691 -0.031475
0.407538 0.307325 1.721600 0.640795 -0.021705 0.766748 -0.031757
0.407433 0.308464 1.721660 0.640681 -0.022556 0.766803 -0.032127
0.407084 0.310026 1.721747 0.640615 -0.024032 0.766823 -0.031876
0.406654 0.311540 1.721815 0.640559 -0.025473 0.766832 -0.031679
0.406215 0.312921 1.721861 0.640507 -0.026475 0.766841 -0.031718
0.405767 0.314225 1.721900 0.640474 -0.027238 0.766838 -0.031784
0.405106 0.315881 1.721931 0.640589 -0.028395 0.766733 -0.030990
0.404407 0.317461 1.721967 0.640689 -0.029434 0.766639 -0.030263
0.403817 0.318710 1.722043 0.640736 -0.030588 0.766575 -0.029723
0.403221 0.319770 1.722157 0.640812 -0.031984 0.766465 -0.029480
0.402066 0.321265 1.722424 0.641093 -0.034248 0.766137 -0.029345
0.400763 0.322959 1.722572 0.641479 -0.035439 0.765767 -0.029144
0.399507 0.324609 1.722643 0.641846 -0.036082 0.765424 -0.029274
0.398321 0.326195 1.722751 0.642119 -0.037064 0.765135 -0.029635
0.396988 0.327989 1.722887 0.642397 -0.038944 0.764807 -0.029664
0.395675 0.329729 1.722977 0.642659 -0.040225 0.764516 -0.029780
0.394428 0.331394 1.722989 0.642914 -0.040788 0.764260 -0.030077
0.393236 0.333156 1.722933 0.643199 -0.041401 0.763976 -0.030362
0.391909 0.335359 1.722816 0.643550 -0.042474 0.763646 -0.029738
0.390675 0.337333 1.722736 0.643855 -0.043347 0.763361 -0.029189
0.389471 0.339264 1.722502 0.644236 -0.043330 0.763048 -0.029000
0.388334 0.341269 1.722364 0.644466 -0.044011 0.762812 -0.029047
0.387009 0.343705 1.722336 0.644615 -0.045281 0.762627 -0.028669
0.385751 0.345912 1.722351 0.644740 -0.046393 0.762467 -0.028333
0.384602 0.347838 1.722376 0.644841 -0.047058 0.762339 -0.028366
0.383490 0.350147 1.722385 0.645040 -0.047734 0.762115 -0.028719
0.382352 0.352810 1.722517 0.645299 -0.049133 0.761806 -0.028731
0.381255 0.355179 1.722681 0.645506 -0.050340 0.761546 -0.028912
0.380241 0.357253 1.722813 0.645702 -0.051110 0.761309 -0.029416
0.379133 0.359524 1.722795 0.645972 -0.051150 0.761079 -0.029375
0.377952 0.361799 1.722839 0.646121 -0.051671 0.760945 -0.028660
0.376806 0.363855 1.722890 0.646259 -0.051956 0.760813 -0.028512
0.375641 0.365877 1.722845 0.646424 -0.051731 0.760669 -0.029037
