0.428421 0.198126 1.673958 0.672766 -0.230329 0.692069 -0.123995
0.428008 0.197781 1.674294 0.671627 -0.238849 0.689179 -0.130005
0.427284 0.197662 1.674423 0.670424 -0.248394 0.685779 -0.136158
0.426624 0.197410 1.674682 0.668882 -0.258264 0.682275 -0.142820
0.426065 0.197137 1.675115 0.667073 -0.268211 0.678598 -0.150266
0.425547 0.196896 1.675566 0.665028 -0.277890 0.674909 -0.158154
0.424750 0.197045 1.675701 0.661918 -0.290014 0.670163 -0.169225
0.423982 0.197272 1.675831 0.658664 -0.301961 0.665248 -0.180071
0.423332 0.197418 1.676108 0.655308 -0.313617 0.660187 -0.190700
0.422844 0.197312 1.676420 0.652016 -0.324671 0.655188 -0.200480
0.422126 0.197643 1.676318 0.647883 -0.337098 0.649450 -0.211725
0.421279 0.198340 1.676043 0.643420 -0.349648 0.643495 -0.222870
0.420563 0.198894 1.675894 0.638661 -0.362102 0.637504 -0.233625
0.419950 0.199437 1.676042 0.634034 -0.373528 0.631667 -0.243870
0.419190 0.199914 1.676228 0.628712 -0.385568 0.625255 -0.255174
0.418193 0.200555 1.676585 0.622713 -0.398325 0.618059 -0.267522
0.417425 0.200867 1.677321 0.615483 -0.411647 0.611248 -0.279470
0.416735 0.201267 1.678080 0.609476 -0.422507 0.605126 -0.289564
0.416185 0.201623 1.678663 0.604071 -0.432115 0.599534 -0.298217
0.415712 0.202144 1.679274 0.598634 -0.441833 0.593418 -0.307042
0.415275 0.202575 1.679883 0.594275 -0.449590 0.588371 -0.313889
0.414912 0.202904 1.680428 0.590801 -0.455764 0.584233 -0.319225
0.414625 0.203065 1.680848 0.587855 -0.461053 0.580698 -0.323490
0.414238 0.203341 1.681397 0.584183 -0.467374 0.576438 -0.328651
0.413857 0.203591 1.682009 0.581352 -0.472302 0.573030 -0.332561
0.413505 0.203803 1.682593 0.579160 -0.476183 0.570224 -0.335660
0.413170 0.204016 1.683153 0.577359 -0.479357 0.567790 -0.338360
0.412785 0.204284 1.683594 0.574649 -0.484045 0.564251 -0.342197
0.412428 0.204514 1.683964 0.572242 -0.488244 0.561225 -0.345229
0.412102 0.204730 1.684300 0.570262 -0.491701 0.558660 -0.347753
0.411811 0.204899 1.684578 0.568613 -0.494607 0.556481 -0.349819
0.411411 0.205042 1.684737 0.566452 -0.498042 0.553998 -0.352381
0.410873 0.205334 1.684833 0.564387 -0.501240 0.551629 -0.354868
0.410385 0.205588 1.684862 0.562723 -0.503882 0.549706 -0.356750
0.409946 0.205826 1.684880 0.561295 -0.506138 0.548028 -0.358382
0.409568 0.205973 1.684931 0.559601 -0.508655 0.546161 -0.360312
0.409233 0.206054 1.685218 0.557533 -0.511485 0.543925 -0.362887
0.408932 0.206137 1.685573 0.555748 -0.513847 0.541969 -0.365207
0.408670 0.206218 1.685931 0.554169 -0.515865 0.540294 -0.367236
0.408429 0.206309 1.686250 0.552652 -0.517706 0.538856 -0.369040
0.408068 0.206612 1.686387 0.551102 -0.519420 0.537713 -0.370611
0.407692 0.207002 1.686421 0.549850 -0.520824 0.536761 -0.371881
0.407366 0.207347 1.686404 0.548742 -0.522081 0.535962 -0.372905
0.407088 0.207626 1.686368 0.547749 -0.523217 0.535293 -0.373733
0.406748 0.207896 1.686403 0.546279 -0.524633 0.534656 -0.374809
0.406387 0.208211 1.686482 0.545216 -0.525593 0.534141 -0.375746
0.406067 0.208507 1.686552 0.544304 -0.526415 0.533689 -0.376558
0.405787 0.208782 1.686627 0.543465 -0.527161 0.533275 -0.377312
0.405308 0.208859 1.686906 0.542715 -0.527444 0.534257 -0.376608
0.404619 0.209177 1.687417 0.542470 -0.526963 0.535462 -0.375922
0.404073 0.209350 1.687944 0.541769 -0.526988 0.536527 -0.375380
0.403516 0.209729 1.688530 0.541505 -0.526558 0.537178 -0.375431
0.403102 0.209688 1.689358 0.540484 -0.526642 0.539341 -0.373679
0.402450 0.209800 1.690077 0.540434 -0.525857 0.542421 -0.370384
0.401853 0.209897 1.690519 0.540267 -0.525458 0.544881 -0.367574
0.401315 0.210009 1.690840 0.540121 -0.525168 0.546801 -0.365343
0.400751 0.210014 1.691191 0.540615 -0.523985 0.549695 -0.361952
0.399970 0.209540 1.691421 0.542224 -0.520945 0.556444 -0.353524
0.399181 0.209289 1.691356 0.543709 -0.518268 0.561944 -0.346408
0.398442 0.209214 1.691245 0.544999 -0.515929 0.566311 -0.340713
0.397748 0.209173 1.691185 0.546315 -0.513565 0.570245 -0.335576
0.396379 0.208525 1.691339 0.549531 -0.507530 0.579488 -0.323452
0.394788 0.208670 1.691232 0.552745 -0.501531 0.587220 -0.313229
0.393247 0.209269 1.691089 0.555565 -0.496153 0.593264 -0.305315
0.391846 0.210014 1.690995 0.557883 -0.491527 0.598043 -0.299187
0.389869 0.210150 1.691666 0.561025 -0.483850 0.606533 -0.288541
0.387587 0.210750 1.692530 0.564473 -0.475214 0.615050 -0.277948
0.385445 0.211768 1.693302 0.567632 -0.467305 0.621936 -0.269471
0.383531 0.212871 1.694007 0.570112 -0.460637 0.627407 -0.262957
0.381155 0.213251 1.694959 0.572672 -0.452833 0.634235 -0.254431
0.378198 0.213311 1.695887 0.575574 -0.443726 0.642150 -0.243851
0.375509 0.213735 1.696624 0.578613 -0.434986 0.648839 -0.234525
0.373158 0.214275 1.697280 0.580957 -0.427679 0.654182 -0.227213
0.370776 0.214560 1.698099 0.583053 -0.420224 0.659777 -0.219443
0.367551 0.214776 1.699234 0.585380 -0.410512 0.667228 -0.208843
0.364488 0.215630 1.700179 0.588076 -0.400811 0.673565 -0.199567
0.361759 0.216686 1.701011 0.590242 -0.392490 0.678641 -0.192384
0.359245 0.217621 1.701853 0.592027 -0.384945 0.683097 -0.186280
0.355591 0.217909 1.703244 0.593950 -0.374202 0.689771 -0.177233
0.352101 0.218619 1.704393 0.596068 -0.363636 0.695702 -0.168731
0.349026 0.219498 1.705380 0.597737 -0.354588 0.700521 -0.162014
0.346381 0.220332 1.706256 0.598886 -0.347167 0.704428 -0.156814
0.342734 0.220928 1.707422 0.600416 -0.336454 0.710168 -0.148194
0.338835 0.222300 1.708342 0.602229 -0.325071 0.715572 -0.140018
0.335291 0.224014 1.709104 0.603733 -0.315057 0.719942 -0.133901
0.332200 0.225664 1.709785 0.604788 -0.306700 0.723492 -0.129331
0.328624 0.226739 1.710768 0.605962 -0.296368 0.727994 -0.122478
0.324599 0.227810 1.711803 0.607191 -0.284716 0.732949 -0.114194
0.320992 0.229078 1.712690 0.608485 -0.273779 0.737164 -0.106683
0.317877 0.230269 1.713477 0.609319 -0.264728 0.740597 -0.100822
0.314618 0.231080 1.714405 0.610104 -0.255392 0.743982 -0.095068
0.310482 0.231680 1.715608 0.610943 -0.244133 0.747920 -0.088102
0.306718 0.232542 1.716695 0.611828 -0.233466 0.751336 -0.081568
0.303459 0.233397 1.717656 0.612346 -0.224600 0.754149 -0.076463
0.300475 0.234050 1.718555 0.612748 -0.216626 0.756587 -0.072025
0.296580 0.234407 1.719552 0.613535 -0.206412 0.759326 -0.066281
0.292953 0.235033 1.720437 0.614411 -0.196318 0.761781 -0.060395
0.289805 0.235693 1.721216 0.615042 -0.187602 0.763843 -0.055439
0.287122 0.236244 1.721904 0.615369 -0.180506 0.765562 -0.051518
0.283511 0.236597 1.722989 0.615539 -0.170868 0.768036 -0.045123
0.279801 0.237442 1.724120 0.615664 -0.161048 0.770383 -0.039133
0.276482 0.238454 1.725142 0.615633 -0.152532 0.772358 -0.034531
0.273628 0.239378 1.726036 0.615426 -0.145600 0.774005 -0.031102
0.270780 0.240089 1.726802 0.615574 -0.137513 0.775541 -0.026353
0.268007 0.240818 1.727384 0.615673 -0.129949 0.776897 -0.022190
0.265605 0.241520 1.727871 0.615631 -0.123725 0.778028 -0.019061
0.263577 0.242104 1.728290 0.615489 -0.118715 0.778975 -0.016646
0.261861 0.242702 1.728734 0.615639 -0.113248 0.779729 -0.013621
0.260348 0.243451 1.729355 0.615934 -0.107735 0.780319 -0.010934
0.259045 0.244107 1.729958 0.616059 -0.103367 0.780836 -0.009024
0.257950 0.244642 1.730482 0.616094 -0.099899 0.781275 -0.007568
0.257090 0.245252 1.730973 0.616198 -0.096316 0.781659 -0.005588
0.256393 0.246840 1.731667 0.616434 -0.091350 0.782082 -0.003432
0.255643 0.248566 1.732339 0.616541 -0.086978 0.782500 -0.002370
0.254940 0.250136 1.732918 0.616578 -0.083300 0.782873 -0.001753
0.254362 0.251516 1.733405 0.616596 -0.080149 0.783188 -0.001243
0.254689 0.253423 1.733797 0.616845 -0.076456 0.783363 -0.000657
0.255286 0.255010 1.733993 0.617084 -0.073509 0.783457 -0.000071
0.255888 0.256221 1.734080 0.617298 -0.071203 0.783500 0.000618
0.256444 0.257170 1.734112 0.617484 -0.069382 0.783516 0.001289
0.257723 0.259125 1.733890 0.618120 -0.066819 0.783238 0.000911
0.259308 0.261393 1.733352 0.618933 -0.063997 0.782832 0.000181
0.260725 0.263276 1.732752 0.619676 -0.061575 0.782439 -0.000210
0.261956 0.264815 1.732184 0.620322 -0.059580 0.782081 -0.000403
0.263687 0.266811 1.731618 0.621218 -0.057033 0.781559 -0.001139
0.266251 0.269057 1.730886 0.622355 -0.054419 0.780838 -0.002304
0.268698 0.270666 1.730095 0.623387 -0.052502 0.780144 -0.002735
0.270875 0.271844 1.729345 0.624294 -0.051075 0.779512 -0.002780
0.273113 0.273159 1.728643 0.625273 -0.049324 0.778841 -0.002554
0.276194 0.275250 1.727849 0.626581 -0.046813 0.777944 -0.002774
0.279074 0.276842 1.727022 0.627760 -0.044894 0.777107 -0.002651
0.281600 0.278036 1.726244 0.628790 -0.043435 0.776358 -0.002308
0.283858 0.279097 1.725572 0.629693 -0.042008 0.775705 -0.001921
0.286895 0.281080 1.725164 0.630500 -0.039470 0.775180 -0.002833
0.289879 0.282592 1.724712 0.631204 -0.037642 0.774695 -0.003416
0.292537 0.283659 1.724236 0.631844 -0.036315 0.774236 -0.003558
0.294842 0.284454 1.723782 0.632411 -0.035306 0.773820 -0.003492
0.298201 0.286312 1.723436 0.633056 -0.033715 0.773354 -0.005126
0.301921 0.287800 1.722950 0.633700 -0.032710 0.772860 -0.006497
0.305327 0.288692 1.722378 0.634338 -0.032171 0.772354 -0.007033
0.308312 0.289252 1.721810 0.634933 -0.031865 0.771877 -0.007153
0.311675 0.290404 1.721318 0.635631 -0.030903 0.771335 -0.007789
0.315503 0.291639 1.720811 0.636358 -0.030057 0.770758 -0.008758
0.318989 0.292344 1.720257 0.637046 -0.029652 0.770202 -0.009071
0.322033 0.292760 1.719719 0.637675 -0.029457 0.769689 -0.009050
0.325079 0.293556 1.719348 0.638180 -0.028932 0.769280 -0.009858
0.328829 0.294915 1.719213 0.638454 -0.028294 0.769042 -0.012276
0.332321 0.295696 1.718991 0.638738 -0.028119 0.768787 -0.013793
0.335401 0.296128 1.718723 0.639036 -0.028138 0.768522 -0.014679
0.338257 0.296558 1.718480 0.639311 -0.027978 0.768283 -0.015486
0.342311 0.297305 1.718307 0.639465 -0.027655 0.768122 -0.017555
0.346445 0.297147 1.717932 0.639720 -0.028162 0.767874 -0.018288
0.350233 0.296522 1.717475 0.640041 -0.028998 0.767579 -0.018184
0.353571 0.295778 1.717019 0.640372 -0.029851 0.767279 -0.017741
0.357736 0.296245 1.716620 0.640788 -0.029793 0.766921 -0.018305
0.361779 0.296552 1.716110 0.641214 -0.029897 0.766550 -0.018778
0.365335 0.296583 1.715549 0.641660 -0.030107 0.766167 -0.018804
0.368386 0.296506 1.715007 0.642087 -0.030321 0.765806 -0.018643
0.371957 0.297252 1.714720 0.642384 -0.029787 0.765545 -0.019917
0.375913 0.297818 1.714592 0.642526 -0.029583 0.765390 -0.021495
0.379528 0.297831 1.714428 0.642694 -0.029839 0.765218 -0.022259
0.382703 0.297605 1.714247 0.642875 -0.030239 0.765041 -0.022573
0.385979 0.297673 1.714054 0.643177 -0.030426 0.764766 -0.023046
0.389817 0.297742 1.713801 0.643584 -0.030806 0.764387 -0.023719
0.393363 0.297322 1.713480 0.643999 -0.031529 0.764008 -0.023713
0.396486 0.296716 1.713154 0.644394 -0.032322 0.763652 -0.023387
0.399390 0.296377 1.712856 0.644775 -0.032997 0.763306 -0.023234
0.402648 0.297087 1.712606 0.645102 -0.033129 0.762992 -0.024272
0.405458 0.297739 1.712307 0.645405 -0.033102 0.762708 -0.025179
0.407822 0.298297 1.711997 0.645694 -0.032987 0.762445 -0.025870
0.409836 0.298842 1.711705 0.645956 -0.032789 0.762210 -0.026480
0.412284 0.300377 1.711337 0.646153 -0.031955 0.762010 -0.028395
0.414484 0.301845 1.710766 0.646416 -0.030938 0.761765 -0.030075
0.416352 0.303096 1.710133 0.646722 -0.029938 0.761495 -0.031323
0.417927 0.304163 1.709528 0.647021 -0.029017 0.761235 -0.032283
0.419892 0.305803 1.708722 0.647528 -0.028218 0.760796 -0.033173
0.421769 0.307617 1.707636 0.648157 -0.027119 0.760263 -0.034018
0.423613 0.308526 1.706761 0.648550 -0.027661 0.759926 -0.033607
0.425564 0.308370 1.706297 0.648696 -0.029525 0.759782 -0.032458
0.427372 0.308512 1.705932 0.648799 -0.031245 0.759643 -0.032048
0.428902 0.309139 1.705631 0.648783 -0.032994 0.759573 -0.032252
0.429979 0.309999 1.705363 0.648766 -0.033893 0.759516 -0.033009
0.430521 0.311251 1.705224 0.648695 -0.033835 0.759515 -0.034441
0.430988 0.312606 1.705184 0.648570 -0.034263 0.759554 -0.035491
0.431475 0.314434 1.705296 0.648359 -0.035483 0.759677 -0.035542
0.431807 0.316133 1.705422 0.648172 -0.036265 0.759811 -0.035299
0.432053 0.317573 1.705550 0.647999 -0.036946 0.759935 -0.035092
0.432242 0.318642 1.705661 0.647804 -0.037859 0.760061 -0.034982
0.432101 0.319774 1.705839 0.647506 -0.039325 0.760260 -0.034556
0.431864 0.320837 1.706075 0.647222 -0.040391 0.760491 -0.033541
0.431593 0.321809 1.706336 0.646973 -0.041049 0.760703 -0.032725
0.431297 0.322718 1.706596 0.646762 -0.041362 0.760889 -0.032200
0.430745 0.324223 1.707073 0.646499 -0.042636 0.761074 -0.031422
0.429917 0.326004 1.707744 0.646181 -0.043672 0.761344 -0.029964
0.428987 0.327771 1.708484 0.645871 -0.044134 0.761615 -0.029064
0.428028 0.329503 1.709195 0.645612 -0.044084 0.761852 -0.028706
0.426806 0.331243 1.709946 0.645253 -0.044659 0.762141 -0.028196
0.425230 0.333266 1.710682 0.644899 -0.045218 0.762458 -0.026827
0.423698 0.335146 1.711466 0.644556 -0.045709 0.762755 -0.025736
0.422267 0.336881 1.712237 0.644242 -0.045986 0.763021 -0.025240
0.420771 0.338596 1.713015 0.643831 -0.046165 0.763385 -0.024372
0.418889 0.340676 1.713786 0.643290 -0.047092 0.763841 -0.022505
0.417034 0.342694 1.714474 0.642762 -0.048145 0.764254 -0.021317
0.415360 0.344527 1.715040 0.642282 -0.048947 0.764628 -0.020562
0.413949 0.346089 1.715467 0.641891 -0.049764 0.764925 -0.019752
0.412341 0.347893 1.716187 0.641483 -0.051718 0.765172 -0.018340
