-0.042072 0.370245 1.473975 0.688248 -0.011902 0.725328 0.008488
-0.041938 0.370384 1.474167 0.688265 -0.011879 0.725315 0.008268
-0.041762 0.370466 1.474342 0.688269 -0.011956 0.725311 0.008169
-0.041593 0.370532 1.474487 0.688241 -0.012094 0.725336 0.008106
-0.041524 0.370654 1.474554 0.688141 -0.011974 0.725434 0.007976
-0.041524 0.370778 1.474586 0.688073 -0.011790 0.725504 0.007823
-0.041548 0.370893 1.474609 0.688016 -0.011615 0.725562 0.007666
-0.041571 0.370997 1.474629 0.687953 -0.011497 0.725625 0.007525
-0.041436 0.371160 1.474901 0.687751 -0.011938 0.725814 0.007141
-0.041164 0.371248 1.475268 0.687587 -0.012580 0.725960 0.006890
-0.040868 0.371287 1.475597 0.687459 -0.013212 0.726071 0.006767
-0.040598 0.371307 1.475875 0.687362 -0.013768 0.726154 0.006704
-0.040407 0.371449 1.475815 0.687467 -0.014314 0.726038 0.007267
-0.040351 0.371666 1.475599 0.687639 -0.014591 0.725865 0.007680
-0.040356 0.371881 1.475392 0.687782 -0.014718 0.725725 0.007959
-0.040384 0.372074 1.475213 0.687901 -0.014781 0.725608 0.008158
-0.040286 0.372419 1.474947 0.687761 -0.014456 0.725744 0.008431
-0.039997 0.372751 1.474596 0.687600 -0.014066 0.725899 0.008895
-0.039658 0.372982 1.474293 0.687462 -0.013848 0.726028 0.009412
-0.039336 0.373156 1.474041 0.687344 -0.013722 0.726136 0.009890
-0.038831 0.373287 1.473741 0.687119 -0.013964 0.726331 0.010758
-0.037923 0.373269 1.473391 0.686823 -0.014545 0.726578 0.012132
-0.036947 0.373149 1.473095 0.686553 -0.015253 0.726793 0.013558
-0.036057 0.373010 1.472852 0.686329 -0.015928 0.726966 0.014835
-0.035234 0.372915 1.472382 0.686268 -0.017572 0.726951 0.016427
-0.034495 0.372939 1.471624 0.686455 -0.019689 0.726682 0.018027
-0.033890 0.372994 1.470938 0.686605 -0.021291 0.726461 0.019339
-0.033410 0.373063 1.470352 0.686734 -0.022520 0.726273 0.020397
-0.032860 0.373239 1.469394 0.686733 -0.024153 0.726168 0.022262
-0.031697 0.373541 1.467425 0.686769 -0.026144 0.725955 0.025578
-0.030382 0.373668 1.465583 0.686736 -0.027839 0.725802 0.028840
-0.029165 0.373720 1.464021 0.686684 -0.029276 0.725674 0.031704
-0.028081 0.373847 1.462357 0.686450 -0.031314 0.725666 0.034826
-0.026930 0.374418 1.459484 0.686327 -0.033902 0.725452 0.039066
-0.025870 0.374938 1.456764 0.686256 -0.035653 0.725228 0.042736
-0.024973 0.375381 1.454441 0.686206 -0.036952 0.725023 0.045794
-0.024219 0.375814 1.452267 0.686013 -0.038838 0.724929 0.048535
-0.023315 0.376586 1.448726 0.685903 -0.042851 0.724568 0.051988
-0.022430 0.377276 1.445294 0.685898 -0.045640 0.724170 0.055117
-0.021670 0.377849 1.442352 0.685904 -0.047725 0.723822 0.057796
-0.021047 0.378380 1.439783 0.685821 -0.049686 0.723572 0.060202
-0.020377 0.379709 1.435768 0.686116 -0.053835 0.722706 0.063578
-0.019733 0.381074 1.431775 0.686702 -0.056550 0.721695 0.066327
-0.019185 0.382218 1.428337 0.687214 -0.058523 0.720828 0.068699
-0.018747 0.383195 1.425431 0.687636 -0.060027 0.720107 0.070702
-0.018114 0.384734 1.421508 0.687430 -0.063689 0.719676 0.073837
-0.017291 0.386245 1.417503 0.687645 -0.066208 0.718951 0.076622
-0.016497 0.387457 1.414055 0.687854 -0.068138 0.718298 0.079140
-0.015814 0.388463 1.411156 0.688055 -0.069608 0.717723 0.081288
-0.014945 0.389810 1.407876 0.687972 -0.073031 0.717082 0.084579
-0.013752 0.391171 1.404684 0.688264 -0.076134 0.716114 0.087620
-0.012557 0.392245 1.401991 0.688483 -0.078692 0.715285 0.090363
-0.011496 0.393126 1.399741 0.688664 -0.080742 0.714580 0.092722
-0.010476 0.394591 1.396544 0.688564 -0.083875 0.713968 0.095361
-0.009300 0.396386 1.392442 0.689241 -0.086078 0.712735 0.097708
-0.008175 0.397812 1.388816 0.689870 -0.087718 0.711618 0.099920
-0.007195 0.398975 1.385761 0.690402 -0.088982 0.710669 0.101871
-0.006236 0.400341 1.382544 0.690435 -0.091532 0.710029 0.103824
-0.005019 0.401940 1.378849 0.690936 -0.094157 0.708942 0.105563
-0.003795 0.403193 1.375640 0.691400 -0.096257 0.707946 0.107299
-0.002703 0.404202 1.372952 0.691792 -0.097944 0.707088 0.108894
-0.001605 0.405350 1.370230 0.691588 -0.100190 0.706675 0.110814
0.000140 0.406795 1.366922 0.691595 -0.102761 0.705939 0.113080
0.002076 0.407818 1.364073 0.691604 -0.105102 0.705199 0.115462
0.003890 0.408572 1.361708 0.691567 -0.107141 0.704557 0.117707
0.005514 0.409340 1.359379 0.691379 -0.109242 0.704047 0.119910
0.007192 0.410427 1.356093 0.691785 -0.110983 0.702996 0.122118
0.008783 0.411233 1.353078 0.692256 -0.112301 0.701953 0.124224
0.010170 0.411853 1.350524 0.692659 -0.113367 0.701045 0.126126
0.011392 0.412470 1.348176 0.692813 -0.114768 0.700377 0.127713
0.013170 0.413419 1.344827 0.693319 -0.116992 0.699251 0.129114
0.015208 0.413957 1.341752 0.693812 -0.119010 0.698085 0.130912
0.017141 0.414246 1.339178 0.694148 -0.120835 0.697082 0.132798
0.018845 0.414481 1.336968 0.694321 -0.122632 0.696271 0.134491
0.020465 0.415201 1.334069 0.695097 -0.125468 0.694801 0.135462
0.021967 0.415835 1.331392 0.696023 -0.127678 0.693304 0.136309
0.023271 0.416328 1.329142 0.696776 -0.129451 0.692049 0.137166
0.024374 0.416748 1.327250 0.697361 -0.130880 0.691037 0.137937
0.026036 0.417154 1.324649 0.697843 -0.132404 0.690072 0.138872
0.028168 0.417045 1.322073 0.698239 -0.134007 0.689010 0.140607
0.030272 0.416704 1.319906 0.698426 -0.135620 0.688096 0.142589
0.032155 0.416333 1.318121 0.698516 -0.137052 0.687333 0.144443
0.034245 0.416500 1.315896 0.698798 -0.138758 0.686620 0.144849
0.036610 0.416590 1.313733 0.699283 -0.140327 0.685694 0.145379
0.038855 0.416485 1.311964 0.699575 -0.141883 0.684891 0.146246
0.040834 0.416321 1.310520 0.699756 -0.143268 0.684220 0.147171
0.043072 0.416041 1.308753 0.700291 -0.145109 0.683183 0.147633
0.045877 0.415222 1.306891 0.700686 -0.147376 0.682002 0.148972
0.048642 0.414198 1.305347 0.700765 -0.149659 0.681027 0.150775
0.051119 0.413210 1.304095 0.700711 -0.151710 0.680231 0.152562
0.053608 0.412515 1.302439 0.700844 -0.153599 0.679537 0.153147
0.056528 0.411604 1.300274 0.701210 -0.155339 0.678577 0.153973
0.059347 0.410482 1.298413 0.701330 -0.157150 0.677715 0.155379
0.061842 0.409403 1.296886 0.701324 -0.158812 0.676993 0.156858
0.064223 0.408569 1.295323 0.701477 -0.160205 0.676454 0.157082
0.066929 0.407563 1.293467 0.701750 -0.161329 0.675884 0.157162
0.069509 0.406381 1.291880 0.701804 -0.162612 0.675347 0.157910
0.071787 0.405260 1.290583 0.701747 -0.163832 0.674895 0.158826
0.073991 0.404450 1.289253 0.701915 -0.164982 0.674500 0.158576
0.077031 0.403636 1.287506 0.702528 -0.166181 0.673810 0.157539
0.080209 0.402441 1.286096 0.702718 -0.167843 0.673169 0.157673
0.083132 0.401195 1.285002 0.702662 -0.169563 0.672651 0.158289
0.085807 0.400113 1.283981 0.702663 -0.171138 0.672228 0.158382
0.088984 0.398857 1.282496 0.702936 -0.172431 0.671740 0.157841
0.092168 0.397244 1.281193 0.702860 -0.174034 0.671271 0.158418
0.095037 0.395656 1.280149 0.702620 -0.175653 0.670873 0.159375
0.097563 0.394313 1.279226 0.702489 -0.177139 0.670486 0.159935
0.100432 0.393415 1.278010 0.703256 -0.178343 0.669664 0.158666
0.103292 0.392344 1.277071 0.703694 -0.179779 0.668927 0.158214
0.105869 0.391264 1.276368 0.703874 -0.181237 0.668342 0.158223
0.108115 0.390299 1.275777 0.703985 -0.182565 0.667854 0.158259
0.110982 0.389374 1.274261 0.705319 -0.183285 0.666592 0.156807
0.114122 0.387829 1.272767 0.706131 -0.184443 0.665406 0.156827
0.117058 0.386149 1.271567 0.706509 -0.185845 0.664444 0.157550
0.119625 0.384590 1.270611 0.706673 -0.187196 0.663674 0.158456
0.122752 0.383343 1.269282 0.707587 -0.188636 0.662530 0.157455
0.126332 0.381627 1.268176 0.708057 -0.190634 0.661423 0.157585
0.129736 0.379774 1.267388 0.708079 -0.192835 0.660562 0.158417
0.132740 0.378042 1.266798 0.707911 -0.194882 0.659896 0.159445
0.136020 0.376921 1.265937 0.708819 -0.195537 0.658933 0.158582
0.139713 0.375649 1.265261 0.709638 -0.196431 0.657900 0.158101
0.143190 0.374209 1.264871 0.709962 -0.197762 0.657096 0.158335
0.146250 0.372818 1.264623 0.710036 -0.199131 0.656477 0.158854
0.149427 0.371464 1.264079 0.710614 -0.199578 0.655965 0.157817
0.153138 0.369266 1.263317 0.710867 -0.200160 0.655504 0.157852
0.156689 0.366785 1.262741 0.710642 -0.201349 0.655125 0.158926
0.159830 0.364450 1.262319 0.710244 -0.202655 0.654831 0.160254
0.162952 0.362624 1.261965 0.710684 -0.202687 0.654380 0.160103
0.166697 0.360748 1.261937 0.711311 -0.202446 0.653894 0.159609
0.170326 0.358676 1.262171 0.711365 -0.203049 0.653560 0.159969
0.173549 0.356690 1.262476 0.711165 -0.203940 0.653330 0.160665
0.176484 0.355090 1.262759 0.711061 -0.204198 0.653398 0.160522
0.179531 0.353834 1.263170 0.711107 -0.203712 0.653732 0.159568
0.182317 0.352568 1.263689 0.710941 -0.203781 0.654001 0.159123
0.184729 0.351387 1.264185 0.710678 -0.204072 0.654233 0.158963
0.186950 0.350306 1.264611 0.710690 -0.203911 0.654367 0.158570
0.189954 0.348488 1.265095 0.710702 -0.203460 0.654473 0.158661
0.193116 0.346150 1.265696 0.710106 -0.204047 0.654633 0.159905
0.196028 0.343823 1.266303 0.709314 -0.205025 0.654802 0.161470
0.198620 0.341777 1.266915 0.708650 -0.205563 0.655060 0.162651
0.201363 0.339926 1.267893 0.708298 -0.204437 0.655696 0.163042
0.203864 0.337964 1.268808 0.707694 -0.204291 0.656170 0.163938
0.205906 0.336839 1.269666 0.707668 -0.202992 0.656591 0.163977
0.207559 0.335997 1.270452 0.707680 -0.201994 0.656934 0.163782
0.210089 0.334775 1.271899 0.707553 -0.200647 0.657721 0.162823
0.213060 0.333100 1.273759 0.706715 -0.200652 0.658628 0.162793
0.215954 0.331208 1.275598 0.705498 -0.201525 0.659524 0.163370
0.218563 0.329352 1.277250 0.704244 -0.202587 0.660333 0.164191
0.221495 0.327510 1.279446 0.703179 -0.201529 0.661778 0.164244
0.224596 0.325526 1.281970 0.701695 -0.201261 0.663286 0.164829
0.227467 0.323547 1.284338 0.700093 -0.201737 0.664623 0.165678
0.229978 0.321688 1.286390 0.698579 -0.202475 0.665758 0.166611
0.232757 0.320042 1.289165 0.697405 -0.201107 0.667576 0.165906
0.235855 0.318298 1.292602 0.695727 -0.200696 0.669584 0.165355
0.238772 0.316519 1.295873 0.693899 -0.201080 0.671380 0.165286
0.241336 0.314821 1.298754 0.692150 -0.201676 0.672936 0.165567
0.244234 0.313530 1.302035 0.690753 -0.199519 0.675228 0.164679
0.247798 0.312157 1.306272 0.688887 -0.197844 0.677838 0.163792
0.251249 0.310522 1.310407 0.686708 -0.197546 0.680172 0.163628
0.254325 0.308818 1.314059 0.684574 -0.197819 0.682168 0.163933
0.257583 0.307567 1.317759 0.682992 -0.195215 0.684623 0.163418
0.261620 0.306327 1.322425 0.681282 -0.192066 0.687369 0.162753
0.265535 0.304670 1.327050 0.679083 -0.190820 0.689851 0.162911
0.269008 0.302884 1.331111 0.676934 -0.190735 0.691895 0.163283
0.272479 0.301635 1.334733 0.675174 -0.189172 0.694253 0.162379
0.276976 0.300603 1.339082 0.673489 -0.185548 0.697193 0.160957
0.281418 0.298918 1.343533 0.671256 -0.184037 0.699787 0.160761
0.285418 0.296894 1.347536 0.668897 -0.183632 0.701992 0.161438
0.289338 0.295215 1.350958 0.666734 -0.182958 0.704236 0.161382
0.294675 0.294125 1.354885 0.664943 -0.180053 0.706949 0.160170
0.300041 0.292476 1.359438 0.662372 -0.178210 0.709770 0.160413
0.304911 0.290451 1.363793 0.659599 -0.177821 0.712251 0.161269
0.309350 0.288636 1.367482 0.657042 -0.177801 0.714532 0.161637
0.314870 0.287661 1.371070 0.655077 -0.175834 0.717140 0.160209
0.320276 0.286362 1.375111 0.652758 -0.174025 0.719779 0.159814
0.325057 0.284858 1.378939 0.650315 -0.172498 0.722241 0.160323
0.329273 0.283431 1.382232 0.648016 -0.171635 0.724405 0.160788
0.334574 0.283276 1.385151 0.646764 -0.168908 0.726544 0.159062
0.339922 0.282605 1.388190 0.645511 -0.166364 0.728436 0.158177
0.344679 0.281466 1.390948 0.644043 -0.163869 0.730200 0.158630
0.348815 0.280156 1.393347 0.642537 -0.162155 0.731711 0.159531
0.353909 0.280164 1.395345 0.640745 -0.160325 0.733961 0.158252
0.359344 0.279764 1.397553 0.639359 -0.158421 0.735767 0.157383
0.364483 0.278616 1.399550 0.637992 -0.156989 0.737230 0.157518
0.369036 0.277018 1.401359 0.636518 -0.156259 0.738447 0.158503
0.374110 0.276791 1.402314 0.635034 -0.154389 0.740257 0.157849
0.379388 0.276621 1.403204 0.634458 -0.151667 0.741460 0.157155
0.384455 0.275747 1.403933 0.634139 -0.149840 0.742163 0.156874
0.388994 0.274344 1.404609 0.633630 -0.148860 0.742692 0.157363
0.393852 0.274074 1.404480 0.632601 -0.147032 0.744073 0.156693
0.398976 0.274133 1.404217 0.632388 -0.144121 0.745018 0.155765
0.403812 0.273573 1.403890 0.632586 -0.141968 0.745407 0.155075
0.408092 0.272555 1.403638 0.632615 -0.140608 0.745643 0.155060
0.412576 0.272370 1.402790 0.632137 -0.138379 0.746579 0.154514
0.417625 0.273013 1.401745 0.632115 -0.134896 0.747399 0.153715
0.422492 0.273166 1.400739 0.632764 -0.132582 0.747512 0.152500
0.426903 0.272705 1.399865 0.633345 -0.131265 0.747413 0.151718
0.431231 0.272434 1.398616 0.633244 -0.129284 0.747981 0.151033
0.436193 0.272734 1.397201 0.632941 -0.126849 0.748864 0.149992
0.441048 0.272735 1.395869 0.633336 -0.125502 0.749038 0.148583
0.445457 0.272119 1.394714 0.633739 -0.124854 0.748972 0.147740
0.449621 0.271534 1.393303 0.633714 -0.123697 0.749344 0.146931
0.454473 0.271439 1.391616 0.633273 -0.122158 0.750233 0.145576
0.459375 0.271355 1.389961 0.633555 -0.121418 0.750453 0.143834
0.463962 0.270796 1.388471 0.634068 -0.121261 0.750302 0.142479
0.468155 0.270030 1.386898 0.634313 -0.120768 0.750337 0.141618
0.472883 0.269555 1.384871 0.633895 -0.119346 0.751013 0.141112
0.477693 0.269069 1.382858 0.634160 -0.118649 0.751065 0.140231
0.482261 0.268384 1.380984 0.634706 -0.118393 0.750788 0.139458
0.486313 0.267491 1.379178 0.635133 -0.118070 0.750571 0.138958
0.490702 0.266612 1.376341 0.634805 -0.116556 0.751091 0.138920
0.495154 0.265593 1.373314 0.635475 -0.115792 0.750712 0.138547
0.499386 0.264631 1.370368 0.636563 -0.115284 0.749952 0.138090
0.503040 0.263746 1.367754 0.637646 -0.114921 0.749176 0.137608
0.507084 0.262964 1.364666 0.638003 -0.113330 0.749130 0.137525
0.511365 0.261942 1.361799 0.638698 -0.112689 0.748693 0.137205
0.515471 0.261023 1.359158 0.639537 -0.112266 0.748110 0.136822
0.519046 0.260525 1.356897 0.640311 -0.111872 0.747612 0.136247
0.522822 0.259918 1.354052 0.640102 -0.110372 0.747994 0.136354
0.526932 0.258783 1.351320 0.640091 -0.109935 0.748055 0.136424
0.531011 0.257538 1.348765 0.640492 -0.109858 0.747735 0.136360
0.534697 0.256730 1.346526 0.640903 -0.109702 0.747456 0.136087
0.538253 0.255891 1.343535 0.640865 -0.109223 0.747518 0.136303
0.541863 0.254436 1.339882 0.641567 -0.109705 0.746825 0.136416
0.545136 0.253212 1.336268 0.642998 -0.110291 0.745571 0.136061
0.547950 0.252823 1.333016 0.644552 -0.110514 0.744357 0.135174
0.550710 0.252852 1.329544 0.645936 -0.109654 0.743363 0.134740
0.553797 0.252033 1.325906 0.647330 -0.109100 0.742182 0.135009
0.556735 0.251230 1.322600 0.648896 -0.109015 0.740851 0.134866
0.559313 0.251016 1.319806 0.650343 -0.108899 0.739717 0.134212
0.561687 0.251132 1.316826 0.651456 -0.108235 0.738899 0.133854
0.564103 0.250834 1.313286 0.652468 -0.107537 0.738041 0.134228
0.566252 0.250852 1.309970 0.654067 -0.107231 0.736747 0.133800
0.568008 0.251467 1.307178 0.655742 -0.107051 0.735496 0.132617
0.569553 0.252496 1.304444 0.657138 -0.106336 0.734571 0.131408
0.571339 0.253379 1.301698 0.657675 -0.105322 0.734336 0.130848
0.572930 0.254042 1.299503 0.658474 -0.105103 0.733817 0.129918
0.574269 0.254593 1.297707 0.659277 -0.105097 0.733270 0.128933
0.575503 0.255285 1.295806 0.660051 -0.104580 0.732794 0.128095
0.576777 0.255857 1.293097 0.661029 -0.102901 0.732164 0.128019
0.577851 0.255949 1.290561 0.662591 -0.102115 0.730903 0.127775
0.578773 0.255864 1.288369 0.664187 -0.101869 0.729564 0.127338
0.579581 0.256076 1.286464 0.665698 -0.101421 0.728359 0.126695
0.580354 0.256666 1.284337 0.666860 -0.099459 0.727506 0.127045
0.581029 0.257074 1.282607 0.667901 -0.098061 0.726696 0.127302
0.581686 0.257280 1.281319 0.668489 -0.097181 0.726218 0.127619
0.582379 0.257226 1.280272 0.668738 -0.096728 0.725994 0.127935
0.582931 0.257087 1.278536 0.668916 -0.095474 0.725836 0.128835
0.583262 0.256950 1.276811 0.669549 -0.094728 0.725256 0.129360
0.583478 0.256951 1.275288 0.670557 -0.094293 0.724388 0.129317
0.583663 0.257018 1.274100 0.671219 -0.093945 0.723819 0.129330
0.583827 0.256989 1.272742 0.671936 -0.094134 0.723277 0.128494
0.583907 0.256727 1.271217 0.673182 -0.094453 0.722229 0.127635
0.584037 0.256386 1.270007 0.674158 -0.094914 0.721369 0.127001
0.584178 0.256186 1.269128 0.674874 -0.095193 0.720747 0.126515
0.584054 0.256168 1.267991 0.675617 -0.094526 0.720177 0.126303
0.583680 0.256573 1.266911 0.676194 -0.093508 0.719780 0.126230
0.583251 0.257303 1.266100 0.676722 -0.092666 0.719461 0.125845
0.582815 0.258169 1.265464 0.677188 -0.091920 0.719211 0.125314
0.582082 0.258724 1.264792 0.678171 -0.091991 0.718451 0.124296
0.581246 0.259058 1.263949 0.679242 -0.092018 0.717572 0.123503
0.580487 0.259312 1.263114 0.680217 -0.092015 0.716754 0.122887
0.579845 0.259513 1.262403 0.681038 -0.092027 0.716056 0.122403
0.578777 0.259392 1.261624 0.682219 -0.092781 0.714973 0.121588
0.577111 0.259466 1.260234 0.683939 -0.093262 0.713420 0.120673
0.575410 0.259894 1.258792 0.685739 -0.093520 0.711832 0.119633
0.573861 0.260518 1.257579 0.687323 -0.093662 0.710457 0.118599
0.571987 0.260726 1.256900 0.688684 -0.094759 0.709192 0.117398
0.569651 0.261054 1.256679 0.689250 -0.095470 0.708684 0.116564
0.567367 0.261872 1.256321 0.689842 -0.095621 0.708244 0.115610
0.565250 0.262856 1.255895 0.690477 -0.095522 0.707792 0.114656
0.562769 0.263415 1.255589 0.691406 -0.096461 0.706952 0.113455
0.558845 0.263791 1.254910 0.692541 -0.097498 0.705835 0.112599
0.554802 0.264849 1.253760 0.694077 -0.097748 0.704467 0.111482
0.551065 0.266244 1.252636 0.695651 -0.097683 0.703124 0.110201
0.547504 0.267503 1.251817 0.697211 -0.098031 0.701772 0.108642
0.543077 0.268552 1.251434 0.698551 -0.098143 0.700637 0.107246
0.538466 0.269913 1.250974 0.699667 -0.097450 0.699770 0.106260
0.534135 0.270834 1.250418 0.700731 -0.096714 0.698876 0.105806
0.530340 0.271050 1.249929 0.701597 -0.096444 0.698047 0.105780
0.526079 0.271451 1.249847 0.702268 -0.096863 0.697407 0.105169
0.521519 0.272491 1.249914 0.702761 -0.096487 0.697044 0.104628
0.516832 0.273851 1.250139 0.703077 -0.095607 0.696907 0.104224
0.512272 0.275175 1.250469 0.703408 -0.094774 0.696736 0.103889
0.507606 0.276821 1.251371 0.704528 -0.095939 0.695707 0.102121
0.502964 0.279056 1.252980 0.705167 -0.096691 0.695227 0.100251
0.498318 0.281487 1.254891 0.705367 -0.096932 0.695225 0.098616
0.493642 0.283891 1.256849 0.705282 -0.096697 0.695527 0.097311
0.488967 0.286542 1.259338 0.705784 -0.097218 0.695238 0.095190
0.484495 0.289522 1.262664 0.705737 -0.097732 0.695519 0.092929
0.480049 0.292488 1.266177 0.705250 -0.097948 0.696247 0.090934
0.475533 0.295255 1.269515 0.704564 -0.097785 0.697174 0.089309
0.470877 0.298026 1.273025 0.704394 -0.097511 0.697607 0.087548
0.466362 0.301107 1.277331 0.703932 -0.097452 0.698342 0.085450
0.462166 0.303008 1.281554 0.702579 -0.097270 0.699755 0.085227
0.458104 0.304239 1.285217 0.701384 -0.097149 0.701010 0.084897
0.453641 0.306094 1.288982 0.700979 -0.096392 0.701592 0.084298
0.449099 0.308594 1.293488 0.700645 -0.095821 0.702155 0.083023
0.444480 0.311221 1.298071 0.699984 -0.095369 0.703049 0.081536
