-0.046572 0.365736 1.468863 0.694304 0.000053 0.719607 0.010399
-0.046458 0.365444 1.468967 0.694290 -0.000040 0.719620 0.010434
-0.046369 0.365116 1.468992 0.694004 0.000449 0.719895 0.010477
-0.046334 0.364786 1.468952 0.693641 0.001081 0.720241 0.010661
-0.046324 0.364512 1.468905 0.693354 0.001610 0.720513 0.010801
-0.046325 0.364286 1.468866 0.693129 0.002038 0.720728 0.010901
-0.046103 0.364154 1.468665 0.693030 0.002329 0.720827 0.010634
-0.045618 0.363994 1.468386 0.692917 0.002457 0.720934 0.010744
-0.045087 0.363794 1.468153 0.692804 0.002415 0.721038 0.011037
-0.044596 0.363601 1.467967 0.692698 0.002315 0.721134 0.011358
-0.044181 0.363349 1.467842 0.692951 0.001752 0.720892 0.011439
-0.043920 0.363169 1.467796 0.693243 0.001202 0.720614 0.011349
-0.043744 0.363042 1.467766 0.693474 0.000804 0.720395 0.011223
-0.043617 0.362946 1.467743 0.693653 0.000510 0.720224 0.011108
-0.043393 0.362701 1.467257 0.693567 0.000217 0.720296 0.011742
-0.043127 0.362385 1.466467 0.693340 0.000230 0.720495 0.012877
-0.042894 0.362109 1.465755 0.693148 0.000302 0.720661 0.013884
-0.042706 0.361884 1.465159 0.692998 0.000385 0.720790 0.014705
-0.042263 0.361705 1.464396 0.693144 -0.000238 0.720649 0.014755
-0.041542 0.361426 1.463577 0.693234 -0.000966 0.720551 0.015220
-0.040807 0.361121 1.462886 0.693273 -0.001669 0.720499 0.015850
-0.040153 0.360845 1.462319 0.693288 -0.002274 0.720469 0.016455
-0.039469 0.360625 1.461483 0.693554 -0.003999 0.720181 0.017491
-0.038820 0.360456 1.460624 0.693846 -0.005547 0.719866 0.018478
-0.038268 0.360320 1.459895 0.694059 -0.006750 0.719626 0.019334
-0.037817 0.360219 1.459289 0.694222 -0.007677 0.719441 0.020042
-0.036933 0.360255 1.457648 0.694127 -0.009918 0.719425 0.022754
-0.035609 0.360199 1.455633 0.693968 -0.011842 0.719434 0.026134
-0.034302 0.360052 1.453893 0.693790 -0.013493 0.719457 0.029248
-0.033167 0.359910 1.452444 0.693639 -0.014836 0.719464 0.031873
-0.032045 0.360076 1.449849 0.693544 -0.018265 0.719348 0.034681
-0.030968 0.360343 1.446856 0.693547 -0.020606 0.719141 0.037481
-0.030056 0.360557 1.444259 0.693545 -0.022298 0.718960 0.039921
-0.029320 0.360752 1.442084 0.693559 -0.023540 0.718793 0.041931
-0.028563 0.361571 1.438814 0.694042 -0.027494 0.718023 0.044629
-0.027846 0.362660 1.435345 0.694839 -0.030422 0.716991 0.046878
-0.027239 0.363579 1.432370 0.695501 -0.032560 0.716124 0.048830
-0.026757 0.364360 1.429877 0.696057 -0.034143 0.715396 0.050466
-0.026054 0.365489 1.426135 0.696277 -0.037417 0.714795 0.053535
-0.025161 0.366585 1.422106 0.696676 -0.039683 0.714040 0.056701
-0.024320 0.367440 1.418645 0.696997 -0.041380 0.713399 0.059539
-0.023607 0.368145 1.415750 0.697270 -0.042647 0.712854 0.061930
-0.022781 0.369215 1.411718 0.697663 -0.046056 0.712007 0.064740
-0.021889 0.370245 1.407468 0.698339 -0.048467 0.710933 0.067431
-0.021096 0.371052 1.403814 0.698909 -0.050232 0.710015 0.069862
-0.020446 0.371721 1.400757 0.699398 -0.051531 0.709234 0.071924
-0.019522 0.373092 1.396751 0.699329 -0.054104 0.708761 0.075291
-0.018281 0.374446 1.392686 0.699645 -0.055968 0.707958 0.078486
-0.017067 0.375473 1.389245 0.699904 -0.057500 0.707249 0.081405
-0.016006 0.376300 1.386381 0.700128 -0.058708 0.706635 0.083903
-0.014703 0.377664 1.382784 0.700375 -0.062446 0.705692 0.087022
-0.013135 0.379005 1.379322 0.701034 -0.065678 0.704395 0.089804
-0.011643 0.380038 1.376430 0.701551 -0.068350 0.703294 0.092364
-0.010353 0.380876 1.374029 0.701977 -0.070485 0.702365 0.094576
-0.008785 0.382252 1.370378 0.701814 -0.074194 0.701771 0.097321
-0.006883 0.383413 1.366513 0.702075 -0.077035 0.700800 0.100181
-0.005074 0.384224 1.363222 0.702272 -0.079417 0.699934 0.102951
-0.003510 0.384856 1.360484 0.702443 -0.081336 0.699182 0.105371
-0.001613 0.386109 1.357120 0.702052 -0.085340 0.698701 0.107968
0.000708 0.387210 1.353972 0.702069 -0.088898 0.697845 0.110487
0.002940 0.387972 1.351381 0.702023 -0.092002 0.697092 0.112969
0.004892 0.388559 1.349246 0.701973 -0.094562 0.696438 0.115175
0.006825 0.389798 1.346105 0.701373 -0.099302 0.695873 0.118215
0.008796 0.391076 1.342985 0.701438 -0.103138 0.694816 0.120737
0.010571 0.392086 1.340373 0.701506 -0.106244 0.693882 0.122999
0.012075 0.392923 1.338205 0.701587 -0.108708 0.693074 0.124929
0.014271 0.394099 1.335013 0.701711 -0.112787 0.691873 0.127251
0.017187 0.394845 1.331925 0.702084 -0.116712 0.690328 0.130011
0.020069 0.395189 1.329401 0.702209 -0.120296 0.689032 0.132916
0.022631 0.395378 1.327336 0.702232 -0.123336 0.687956 0.135560
0.025407 0.395617 1.324498 0.702096 -0.127966 0.686650 0.138559
0.028396 0.395549 1.321734 0.702163 -0.132123 0.685149 0.141709
0.031138 0.395302 1.319428 0.702108 -0.135685 0.683876 0.144733
0.033483 0.395053 1.317523 0.702027 -0.138615 0.682808 0.147365
0.036116 0.395128 1.315000 0.701622 -0.142116 0.681873 0.150265
0.039048 0.394966 1.312654 0.701421 -0.145374 0.680725 0.153260
0.041778 0.394640 1.310742 0.701128 -0.148291 0.679744 0.156135
0.044143 0.394314 1.309173 0.700835 -0.150746 0.678924 0.158640
0.046695 0.394230 1.306807 0.700482 -0.153526 0.678097 0.161061
0.049389 0.393870 1.304426 0.700351 -0.156044 0.677023 0.163702
0.051843 0.393384 1.302435 0.700152 -0.158290 0.676083 0.166263
0.053942 0.392937 1.300787 0.699964 -0.160174 0.675284 0.168479
0.056520 0.392821 1.298682 0.700122 -0.161895 0.674449 0.169528
0.059465 0.392338 1.296764 0.700212 -0.163782 0.673491 0.171138
0.062235 0.391677 1.295233 0.700097 -0.165697 0.672671 0.172983
0.064651 0.391039 1.293990 0.699925 -0.167405 0.671985 0.174690
0.067234 0.390746 1.292348 0.700044 -0.168933 0.671358 0.175151
0.069857 0.390255 1.290854 0.700151 -0.170448 0.670643 0.175994
0.072214 0.389683 1.289650 0.700122 -0.171913 0.670026 0.177031
0.074237 0.389158 1.288658 0.700058 -0.173181 0.669508 0.178003
0.076721 0.388948 1.286808 0.700826 -0.173489 0.668605 0.178078
0.079452 0.388303 1.284956 0.701439 -0.174066 0.667580 0.178945
0.081983 0.387484 1.283445 0.701750 -0.174903 0.666696 0.180197
0.084185 0.386709 1.282207 0.701932 -0.175740 0.665963 0.181385
0.087219 0.386079 1.280304 0.702946 -0.176011 0.665027 0.180627
0.090767 0.384723 1.278534 0.703447 -0.176949 0.664057 0.181328
0.094127 0.383156 1.277150 0.703525 -0.178302 0.663233 0.182707
0.097078 0.381696 1.276044 0.703451 -0.179638 0.662563 0.184112
0.100714 0.380964 1.274588 0.704614 -0.179791 0.661555 0.183138
0.104712 0.379860 1.273515 0.705358 -0.180677 0.660538 0.183072
0.108425 0.378576 1.272789 0.705629 -0.181999 0.659719 0.183674
0.111665 0.377354 1.272240 0.705684 -0.183321 0.659093 0.184393
0.115393 0.376528 1.270917 0.706450 -0.182401 0.658884 0.183113
0.119244 0.375107 1.269596 0.706899 -0.182048 0.658478 0.183193
0.122724 0.373529 1.268555 0.707011 -0.182294 0.658078 0.183953
0.125727 0.372075 1.267712 0.706995 -0.182730 0.657752 0.184744
0.129471 0.370929 1.266560 0.707702 -0.181802 0.657713 0.183085
0.133536 0.369136 1.265677 0.707860 -0.181788 0.657571 0.182996
0.137288 0.367191 1.265078 0.707650 -0.182432 0.657423 0.183694
0.140560 0.365397 1.264621 0.707348 -0.183247 0.657304 0.184472
0.144614 0.363993 1.263539 0.708195 -0.183067 0.657039 0.182335
0.149000 0.361904 1.262668 0.708507 -0.183765 0.656630 0.181895
0.153037 0.359655 1.262090 0.708380 -0.185028 0.656275 0.182390
0.156544 0.357584 1.261661 0.708133 -0.186330 0.655985 0.183064
0.160510 0.355777 1.260692 0.708820 -0.186292 0.655542 0.182031
0.164579 0.353432 1.259864 0.709030 -0.186975 0.655018 0.182393
0.168250 0.351052 1.259278 0.708886 -0.188085 0.654578 0.183390
0.171413 0.348920 1.258821 0.708673 -0.189166 0.654221 0.184375
0.175021 0.347190 1.258234 0.709485 -0.189164 0.653802 0.182732
0.178708 0.345075 1.257947 0.709749 -0.189918 0.653414 0.182310
0.182028 0.342957 1.257846 0.709664 -0.191049 0.653108 0.182556
0.184882 0.341065 1.257795 0.709492 -0.192095 0.652874 0.182967
0.188028 0.339850 1.257315 0.710102 -0.190793 0.652769 0.182335
0.191143 0.338464 1.257009 0.710474 -0.190188 0.652550 0.182303
0.193908 0.337060 1.256854 0.710577 -0.190116 0.652355 0.182671
0.196276 0.335793 1.256748 0.710602 -0.190183 0.652198 0.183066
0.198795 0.334607 1.256236 0.711463 -0.188408 0.651935 0.182490
0.201116 0.333274 1.255785 0.712027 -0.186940 0.651713 0.182599
0.202913 0.332427 1.255414 0.712754 -0.185560 0.651399 0.182288
0.204391 0.331685 1.255150 0.713210 -0.184585 0.651238 0.182066
0.206496 0.331105 1.255465 0.713487 -0.181557 0.652263 0.180352
0.208888 0.330305 1.256243 0.713409 -0.179614 0.653206 0.179186
0.211176 0.329588 1.257145 0.713359 -0.178677 0.653845 0.177990
0.213248 0.328519 1.257882 0.712996 -0.178829 0.654325 0.177526
0.216048 0.327283 1.258827 0.712887 -0.177909 0.655142 0.175872
0.219165 0.325837 1.260197 0.712375 -0.178039 0.655950 0.174793
0.222098 0.324275 1.261614 0.711570 -0.178755 0.656722 0.174445
0.224688 0.322816 1.262924 0.710803 -0.179392 0.657425 0.174271
0.227597 0.321654 1.265437 0.709995 -0.177651 0.659214 0.172583
0.230640 0.320458 1.268497 0.708590 -0.177185 0.661136 0.171477
0.233431 0.319256 1.271366 0.707104 -0.177376 0.662842 0.170829
0.235872 0.318120 1.273891 0.705758 -0.177597 0.664351 0.170300
0.238952 0.316989 1.277262 0.704628 -0.175266 0.666826 0.167704
0.242334 0.315464 1.281008 0.702900 -0.174544 0.669198 0.166254
0.245504 0.313726 1.284479 0.700967 -0.174681 0.671300 0.165795
0.248308 0.312068 1.287531 0.699218 -0.174883 0.673137 0.165518
0.252003 0.310703 1.292105 0.697624 -0.172563 0.676016 0.162927
0.256134 0.308977 1.297419 0.695187 -0.172316 0.678941 0.161438
0.260003 0.307006 1.302386 0.692514 -0.173172 0.681580 0.160886
0.263409 0.305079 1.306719 0.690031 -0.174042 0.683938 0.160609
0.267502 0.303488 1.311586 0.688164 -0.170694 0.687087 0.158759
0.271813 0.301377 1.316679 0.685794 -0.169391 0.689935 0.158057
0.275749 0.299006 1.321308 0.683261 -0.169351 0.692407 0.158266
0.279181 0.296744 1.325302 0.680916 -0.169588 0.694605 0.158489
0.283453 0.295145 1.329923 0.679034 -0.166151 0.697846 0.155937
0.288042 0.293196 1.335296 0.676336 -0.163582 0.701237 0.155166
0.292271 0.290958 1.340414 0.673386 -0.162607 0.704255 0.155351
0.295977 0.288780 1.344863 0.670673 -0.162395 0.706871 0.155433
0.300382 0.287230 1.349303 0.669069 -0.160231 0.709705 0.151628
0.304899 0.285419 1.354245 0.666895 -0.157944 0.712630 0.149875
0.308939 0.283498 1.358926 0.664434 -0.156107 0.715430 0.149393
0.312482 0.281692 1.363039 0.662113 -0.154936 0.717912 0.149009
0.317344 0.280634 1.366672 0.661005 -0.153651 0.720027 0.144995
0.322417 0.279043 1.370749 0.659450 -0.152229 0.722138 0.143069
0.327000 0.277059 1.374698 0.657336 -0.150526 0.724388 0.143222
0.330993 0.275106 1.378057 0.655275 -0.148613 0.726521 0.143864
0.336142 0.273921 1.381200 0.653921 -0.149565 0.728558 0.138645
0.341396 0.272249 1.384847 0.652156 -0.150346 0.730631 0.135158
0.346109 0.270222 1.388491 0.649912 -0.150144 0.732853 0.134157
0.350204 0.268255 1.391574 0.647764 -0.148779 0.734967 0.134501
0.355504 0.267651 1.394319 0.645958 -0.149719 0.737131 0.130237
0.360887 0.266530 1.397154 0.644180 -0.151057 0.739061 0.126501
0.365624 0.264929 1.399709 0.642312 -0.150859 0.740910 0.125418
0.369729 0.263320 1.401735 0.640675 -0.149387 0.742591 0.125609
0.374996 0.263233 1.403701 0.639191 -0.149503 0.744484 0.121771
0.380309 0.262602 1.405865 0.637562 -0.150639 0.746309 0.117664
0.384977 0.261541 1.407763 0.636036 -0.150920 0.747943 0.115167
0.389025 0.260398 1.409229 0.634697 -0.149373 0.749463 0.114684
0.394304 0.260722 1.410629 0.632943 -0.148876 0.751534 0.111426
0.399665 0.260458 1.412260 0.631231 -0.149845 0.753378 0.107311
0.404466 0.259590 1.413655 0.629781 -0.149999 0.754911 0.104815
0.408666 0.258497 1.414710 0.628465 -0.148299 0.756386 0.104491
0.414005 0.258903 1.415189 0.626643 -0.147371 0.758479 0.101544
0.419291 0.259034 1.415548 0.625607 -0.147009 0.759849 0.098144
0.423945 0.258545 1.415712 0.625058 -0.145385 0.760796 0.096718
0.427998 0.257742 1.415685 0.624610 -0.142335 0.761701 0.097025
0.433111 0.257980 1.415272 0.623776 -0.139756 0.763046 0.095562
0.438272 0.257971 1.414892 0.623518 -0.137113 0.763853 0.094625
0.442885 0.257214 1.414495 0.623491 -0.133683 0.764389 0.095371
0.446932 0.256105 1.413988 0.623462 -0.129317 0.764920 0.097309
0.451971 0.255761 1.413028 0.622724 -0.125920 0.766107 0.097149
0.456865 0.255532 1.412033 0.622466 -0.122174 0.766900 0.097337
0.460954 0.255221 1.411066 0.622587 -0.117382 0.767393 0.098569
0.464405 0.254901 1.410027 0.622940 -0.111685 0.767709 0.100473
0.469023 0.254853 1.408472 0.622433 -0.106641 0.768709 0.101444
0.473581 0.254569 1.406913 0.622263 -0.101853 0.769344 0.102596
0.477424 0.254083 1.405475 0.622428 -0.096337 0.769645 0.104641
0.480757 0.253591 1.404128 0.622661 -0.091016 0.769812 0.106761
0.485126 0.253254 1.401713 0.622460 -0.085091 0.770369 0.108783
0.489425 0.252817 1.399174 0.622743 -0.080690 0.770422 0.110130
0.493136 0.252834 1.396727 0.623466 -0.076921 0.770124 0.110826
0.496252 0.253139 1.394473 0.624404 -0.073712 0.769651 0.111010
0.500357 0.253506 1.391690 0.625288 -0.070404 0.769189 0.111385
0.504472 0.253562 1.389081 0.626121 -0.068150 0.768695 0.111513
0.508109 0.254044 1.386667 0.627062 -0.066169 0.768161 0.111102
0.511164 0.254807 1.384456 0.628001 -0.064316 0.767652 0.110405
0.514957 0.255358 1.381515 0.627753 -0.062230 0.768040 0.110307
0.518633 0.255715 1.378703 0.627816 -0.060910 0.768142 0.109973
0.521830 0.256624 1.376064 0.628352 -0.059505 0.767943 0.109075
0.524488 0.257963 1.373615 0.629051 -0.058068 0.767659 0.107804
0.527931 0.258736 1.370134 0.629154 -0.056061 0.767716 0.107857
0.531360 0.258857 1.366645 0.629749 -0.054861 0.767303 0.107947
0.534401 0.259355 1.363347 0.630873 -0.053797 0.766535 0.107371
0.536962 0.260405 1.360290 0.632039 -0.052561 0.765805 0.106336
0.539941 0.260900 1.356257 0.631874 -0.050280 0.766015 0.106905
0.542807 0.261048 1.352363 0.632353 -0.048809 0.765667 0.107245
0.545287 0.261750 1.348801 0.633463 -0.047556 0.764909 0.106657
0.547347 0.263059 1.345589 0.634654 -0.046311 0.764164 0.105467
0.550171 0.263669 1.341676 0.635132 -0.044417 0.763840 0.105751
0.553139 0.263506 1.338100 0.635876 -0.043492 0.763234 0.106040
0.555852 0.263657 1.334946 0.636930 -0.042859 0.762451 0.105607
0.558184 0.264399 1.332108 0.637870 -0.042056 0.761826 0.104755
0.560758 0.264519 1.327995 0.637967 -0.039847 0.761657 0.106254
0.563225 0.264130 1.323934 0.638965 -0.038517 0.760720 0.107448
0.565355 0.264246 1.320308 0.640611 -0.037879 0.759384 0.107325
0.567091 0.264867 1.317100 0.642165 -0.037307 0.758201 0.106601
0.569255 0.265068 1.313061 0.642222 -0.035188 0.758099 0.107696
0.571466 0.264907 1.309536 0.642739 -0.034055 0.757608 0.108429
0.573397 0.265016 1.306679 0.643636 -0.033693 0.756896 0.108198
0.575023 0.265390 1.304160 0.644481 -0.033339 0.756265 0.107687
0.576825 0.265896 1.300709 0.644576 -0.030645 0.756119 0.108940
0.578526 0.266404 1.297719 0.645197 -0.028736 0.755571 0.109575
0.579908 0.267187 1.295339 0.646196 -0.027859 0.754821 0.109084
0.581013 0.268224 1.293162 0.647155 -0.027145 0.754158 0.108162
0.582179 0.269120 1.290011 0.647433 -0.025540 0.753962 0.108252
0.583193 0.269351 1.287158 0.648575 -0.025257 0.753008 0.108121
0.584059 0.269365 1.284719 0.650121 -0.025726 0.751739 0.107564
0.584911 0.269363 1.282723 0.651279 -0.025814 0.750772 0.107290
0.585957 0.269095 1.280425 0.651309 -0.023929 0.750621 0.108588
0.587033 0.268182 1.278432 0.651433 -0.023230 0.750336 0.109957
0.588179 0.266967 1.276951 0.651625 -0.023183 0.749992 0.111170
0.589277 0.265917 1.275763 0.651424 -0.022640 0.750008 0.112347
0.590032 0.265347 1.273826 0.651892 -0.021281 0.749545 0.112984
0.590498 0.264992 1.272019 0.652768 -0.020558 0.748772 0.113191
0.590763 0.264913 1.270419 0.654019 -0.019952 0.747735 0.112930
0.590982 0.264951 1.269216 0.654660 -0.019510 0.747245 0.112533
0.590974 0.264895 1.267751 0.655583 -0.018251 0.746576 0.111813
0.590869 0.264794 1.266259 0.656982 -0.017434 0.745490 0.110977
0.590800 0.264713 1.265087 0.658043 -0.016894 0.744664 0.110319
0.590651 0.264592 1.264034 0.659153 -0.016703 0.743805 0.109505
0.590142 0.263902 1.262511 0.660719 -0.017167 0.742506 0.108820
0.589638 0.263093 1.260919 0.662504 -0.017842 0.740978 0.108265
0.589201 0.262347 1.259505 0.664262 -0.018449 0.739458 0.107787
0.588741 0.261536 1.258458 0.665798 -0.019502 0.738139 0.107157
0.587767 0.260602 1.257816 0.667305 -0.020669 0.736876 0.106263
0.586769 0.260107 1.257155 0.668393 -0.021204 0.735973 0.105571
0.585791 0.259853 1.256455 0.669382 -0.021516 0.735149 0.104974
0.584637 0.259466 1.255863 0.670521 -0.022343 0.734194 0.104222
0.582382 0.258980 1.255310 0.671693 -0.023013 0.733208 0.103464
0.579859 0.259305 1.254309 0.673456 -0.023191 0.731733 0.102398
0.577419 0.259951 1.253176 0.675335 -0.023209 0.730158 0.101258
0.574943 0.260420 1.252296 0.677160 -0.023946 0.728632 0.099883
0.571262 0.260311 1.251579 0.678838 -0.025077 0.727166 0.098888
0.567527 0.260345 1.250532 0.680511 -0.025570 0.725652 0.098398
0.564198 0.260443 1.249477 0.682066 -0.025861 0.724224 0.098066
0.561099 0.260422 1.248676 0.683701 -0.026848 0.722771 0.097127
0.556851 0.260692 1.248040 0.685988 -0.028048 0.720834 0.095037
0.552166 0.261739 1.247293 0.687890 -0.028036 0.719227 0.093459
0.547532 0.262817 1.246476 0.689605 -0.027662 0.717730 0.092429
0.543237 0.263284 1.245718 0.691379 -0.027801 0.716136 0.091503
0.538511 0.264213 1.245466 0.693836 -0.027929 0.713998 0.089547
0.533742 0.265829 1.245802 0.695523 -0.027507 0.712574 0.087919
0.528975 0.267760 1.246487 0.696576 -0.026683 0.711726 0.086688
0.524294 0.269630 1.247277 0.697821 -0.026809 0.710718 0.084892
0.519339 0.271931 1.248457 0.700429 -0.028943 0.708515 0.081043
0.514463 0.274609 1.250186 0.702103 -0.030252 0.707161 0.077841
0.509613 0.277346 1.252105 0.703071 -0.030664 0.706435 0.075504
0.504692 0.280002 1.253974 0.703984 -0.030565 0.705710 0.073804
0.499591 0.282847 1.255983 0.705769 -0.030910 0.704119 0.071772
0.494563 0.285720 1.258240 0.706833 -0.030739 0.703222 0.070149
0.489549 0.288431 1.260471 0.707373 -0.030044 0.702819 0.069044
0.484455 0.290941 1.262549 0.708120 -0.029354 0.702192 0.068045
0.480064 0.291550 1.264800 0.709428 -0.030262 0.700840 0.067966
0.475730 0.292682 1.267417 0.710251 -0.030348 0.700027 0.067715
0.471444 0.293504 1.270011 0.710480 -0.030307 0.699776 0.067917
0.466808 0.294972 1.272587 0.711024 -0.030331 0.699276 0.067364
0.461804 0.297294 1.275637 0.712987 -0.031706 0.697413 0.065267
0.456823 0.299968 1.279129 0.714084 -0.032498 0.696440 0.063242
0.451802 0.302580 1.282559 0.714583 -0.032721 0.696069 0.061544
0.446700 0.305006 1.285813 0.715028 -0.032874 0.695743 0.059952
0.441778 0.307703 1.289981 0.715623 -0.033384 0.695266 0.058088
0.437036 0.310398 1.294580 0.715381 -0.033320 0.695633 0.056702
0.432268 0.312829 1.298961 0.714757 -0.032849 0.696377 0.055693
0.427386 0.314985 1.302971 0.714336 -0.032634 0.696891 0.054786
0.422569 0.317393 1.307537 0.714332 -0.033631 0.696960 0.053335
0.417807 0.319709 1.312236 0.713755 -0.034175 0.697621 0.052065
0.412964 0.321708 1.316564 0.712949 -0.034378 0.698515 0.050971
0.407996 0.323423 1.320495 0.712445 -0.034300 0.699071 0.050447
0.403092 0.325478 1.325207 0.712391 -0.034805 0.699141 0.049897
