0.425186 0.207146 1.670892 0.642582 -0.301103 0.686678 -0.157790
0.424720 0.207713 1.670629 0.639917 -0.311646 0.682526 -0.165955
0.424341 0.208077 1.670495 0.637124 -0.322339 0.677975 -0.174700
0.424016 0.208316 1.670457 0.634261 -0.332413 0.673525 -0.183249
0.423557 0.208577 1.670379 0.630874 -0.343104 0.668736 -0.192534
0.422801 0.208937 1.670232 0.627206 -0.354681 0.663151 -0.202596
0.422137 0.209175 1.670195 0.623431 -0.365780 0.657716 -0.212007
0.421625 0.209318 1.670313 0.619808 -0.375346 0.653175 -0.219811
0.421178 0.209511 1.670459 0.616366 -0.384153 0.648815 -0.227063
0.420673 0.209852 1.670494 0.612537 -0.394406 0.643275 -0.235454
0.420206 0.210261 1.670703 0.608889 -0.403604 0.638184 -0.243062
0.419827 0.210693 1.671206 0.605613 -0.411138 0.634027 -0.249415
0.419457 0.211140 1.671766 0.602765 -0.417515 0.630325 -0.255038
0.418902 0.211526 1.672447 0.599335 -0.425122 0.625403 -0.262562
0.418326 0.211904 1.673075 0.596382 -0.431622 0.620990 -0.269075
0.417820 0.212153 1.673599 0.593843 -0.437100 0.617242 -0.274420
0.417391 0.212314 1.674042 0.591666 -0.441715 0.614065 -0.278826
0.416791 0.212437 1.674495 0.588591 -0.447665 0.609802 -0.285130
0.416184 0.212555 1.674933 0.585917 -0.452739 0.606082 -0.290504
0.415648 0.212689 1.675294 0.583680 -0.456965 0.602884 -0.295013
0.415234 0.212686 1.675570 0.581811 -0.460466 0.600312 -0.298483
0.414852 0.212721 1.675932 0.579172 -0.464948 0.597346 -0.302590
0.414445 0.212791 1.676377 0.576941 -0.468954 0.594425 -0.306402
0.414059 0.212846 1.676766 0.575255 -0.472138 0.591903 -0.309545
0.413701 0.212892 1.677076 0.573846 -0.474832 0.589694 -0.312243
0.413341 0.212921 1.677331 0.571932 -0.477992 0.587418 -0.315209
0.412919 0.212990 1.677592 0.569994 -0.481058 0.585178 -0.318208
0.412516 0.213082 1.677812 0.568544 -0.483450 0.583273 -0.320667
0.412135 0.213214 1.677988 0.567292 -0.485508 0.581545 -0.322903
0.411835 0.213266 1.678099 0.565640 -0.487972 0.579819 -0.325183
0.411611 0.213279 1.678191 0.563463 -0.491054 0.577607 -0.328247
0.411379 0.213330 1.678216 0.562023 -0.493279 0.575724 -0.330678
0.411163 0.213398 1.678244 0.560857 -0.495088 0.574125 -0.332729
0.410961 0.213471 1.678274 0.559750 -0.496758 0.572694 -0.334563
0.410681 0.213578 1.678481 0.558089 -0.499104 0.570969 -0.336788
0.410398 0.213681 1.678735 0.556734 -0.501042 0.569465 -0.338695
0.410143 0.213782 1.678990 0.555509 -0.502733 0.568153 -0.340397
0.409914 0.213903 1.679252 0.554365 -0.504235 0.566977 -0.341999
0.409838 0.213932 1.679570 0.551985 -0.507248 0.564792 -0.344995
0.409786 0.213963 1.679927 0.550198 -0.509587 0.562738 -0.347750
0.409727 0.214013 1.680224 0.548803 -0.511445 0.561004 -0.350019
0.409674 0.214051 1.680459 0.547593 -0.513047 0.559546 -0.351899
0.409588 0.214099 1.680598 0.545895 -0.515018 0.558118 -0.353920
0.409424 0.214242 1.680628 0.544506 -0.516562 0.556917 -0.355696
0.409258 0.214406 1.680583 0.543406 -0.517831 0.555910 -0.357105
0.409116 0.214545 1.680496 0.542428 -0.518979 0.555067 -0.358235
0.408985 0.214599 1.680418 0.541001 -0.520590 0.553978 -0.359740
0.408825 0.214591 1.680422 0.539547 -0.522169 0.552675 -0.361633
0.408662 0.214619 1.680421 0.538519 -0.523311 0.551581 -0.363183
0.408517 0.214649 1.680391 0.537658 -0.524288 0.550671 -0.364428
0.408397 0.214696 1.680343 0.536658 -0.525397 0.549891 -0.365479
0.408250 0.214897 1.680211 0.535673 -0.526496 0.549398 -0.366086
0.408078 0.215136 1.680004 0.535144 -0.527187 0.549009 -0.366447
0.407923 0.215354 1.679763 0.534715 -0.527801 0.548685 -0.366675
0.407798 0.215533 1.679543 0.534245 -0.528444 0.548460 -0.366772
0.407791 0.215565 1.679754 0.533679 -0.528966 0.549336 -0.365529
0.407668 0.215784 1.680015 0.533915 -0.528711 0.549912 -0.364689
0.407540 0.215972 1.680154 0.534195 -0.528501 0.550301 -0.363994
0.407433 0.216143 1.680289 0.534292 -0.528445 0.550551 -0.363553
0.407213 0.215883 1.680736 0.535211 -0.526617 0.554404 -0.358971
0.406818 0.215833 1.680938 0.536691 -0.524240 0.558221 -0.354297
0.406443 0.215890 1.681067 0.538067 -0.522060 0.561283 -0.350568
0.406076 0.216056 1.681159 0.539095 -0.520362 0.563657 -0.347693
0.405738 0.215560 1.681879 0.540495 -0.517491 0.568661 -0.341605
0.405268 0.214816 1.682417 0.542609 -0.513957 0.574243 -0.334169
0.404818 0.214249 1.682755 0.544489 -0.510894 0.578684 -0.328089
0.404445 0.213720 1.682999 0.545807 -0.508604 0.582254 -0.323105
0.403929 0.213092 1.683295 0.548118 -0.504800 0.587340 -0.315871
0.403007 0.212531 1.683407 0.551486 -0.499172 0.594436 -0.305511
0.402057 0.212408 1.683263 0.554509 -0.494155 0.600112 -0.296977
0.401169 0.212525 1.683094 0.557024 -0.489858 0.604587 -0.290237
0.400238 0.212623 1.683079 0.559704 -0.485218 0.608981 -0.283614
0.398739 0.212549 1.683540 0.563693 -0.478044 0.615230 -0.274257
0.397276 0.212870 1.683990 0.567790 -0.470836 0.620659 -0.265914
0.395960 0.213358 1.684398 0.571129 -0.464716 0.624970 -0.259351
0.394771 0.213834 1.684798 0.573899 -0.459367 0.628655 -0.253801
0.392650 0.214110 1.685646 0.577685 -0.450437 0.635671 -0.243530
0.390366 0.215197 1.686291 0.581872 -0.441015 0.641899 -0.234301
0.388243 0.216628 1.686810 0.585503 -0.432626 0.646869 -0.227113
0.386361 0.218062 1.687269 0.588381 -0.425582 0.650825 -0.221619
0.383810 0.218634 1.687793 0.592150 -0.415878 0.656731 -0.212387
0.381175 0.219113 1.687973 0.596222 -0.405689 0.662596 -0.202241
0.378867 0.219705 1.688047 0.599877 -0.396499 0.667482 -0.193401
0.376892 0.220273 1.688134 0.602655 -0.388980 0.671383 -0.186407
0.374411 0.220532 1.688529 0.605668 -0.379286 0.676648 -0.177354
0.371338 0.221204 1.688845 0.609166 -0.367549 0.682600 -0.166978
0.368506 0.222333 1.689025 0.612482 -0.356584 0.687530 -0.158162
0.366019 0.223526 1.689203 0.615020 -0.347431 0.691470 -0.151366
0.363294 0.224514 1.689658 0.617468 -0.337420 0.695751 -0.144257
0.359562 0.225862 1.690359 0.620350 -0.324384 0.701108 -0.135599
0.356053 0.227733 1.690907 0.623151 -0.312015 0.705612 -0.128221
0.352953 0.229617 1.691395 0.625262 -0.301618 0.709243 -0.122674
0.350009 0.231197 1.691981 0.626957 -0.291824 0.712720 -0.117445
0.345939 0.232569 1.692845 0.628609 -0.278615 0.717808 -0.109427
0.342080 0.234389 1.693446 0.630487 -0.265489 0.722260 -0.101701
0.338679 0.236220 1.693948 0.632084 -0.253781 0.725967 -0.095057
0.335719 0.237823 1.694432 0.633167 -0.243986 0.729050 -0.089750
0.331812 0.239269 1.695412 0.634142 -0.231656 0.732999 -0.083134
0.327948 0.241155 1.696325 0.635190 -0.219297 0.736575 -0.076807
0.324510 0.243069 1.697131 0.636122 -0.208018 0.739604 -0.071156
0.321555 0.244760 1.697840 0.636643 -0.198789 0.742093 -0.066820
0.318214 0.246083 1.698995 0.636906 -0.187716 0.745210 -0.061451
0.314874 0.247434 1.700217 0.637023 -0.176443 0.748313 -0.055647
0.311949 0.248735 1.701275 0.637155 -0.166070 0.750971 -0.049972
0.309459 0.249848 1.702179 0.637050 -0.157627 0.753163 -0.045458
0.306863 0.250896 1.703111 0.636920 -0.148121 0.755524 -0.039712
0.303886 0.252462 1.704004 0.636822 -0.137140 0.757982 -0.033378
0.301131 0.254208 1.704758 0.636608 -0.127543 0.760030 -0.028596
0.298723 0.255818 1.705408 0.636259 -0.119627 0.761733 -0.025029
0.296470 0.257271 1.706163 0.636060 -0.111017 0.763326 -0.020864
0.294034 0.258789 1.707433 0.635743 -0.101408 0.765026 -0.016795
0.291847 0.260198 1.708698 0.635195 -0.093716 0.766516 -0.014045
0.289972 0.261404 1.709812 0.634583 -0.087549 0.767786 -0.012016
0.288436 0.262442 1.710787 0.633988 -0.081941 0.768928 -0.009704
0.287425 0.263664 1.711584 0.633271 -0.075431 0.770223 -0.005984
0.286661 0.264717 1.712095 0.632622 -0.070052 0.771281 -0.002868
0.286056 0.265561 1.712462 0.632049 -0.065705 0.772138 -0.000270
0.285578 0.266243 1.712757 0.631547 -0.062069 0.772847 0.002013
0.285403 0.267307 1.713503 0.630958 -0.056711 0.773725 0.005222
0.285333 0.268284 1.714312 0.630272 -0.052574 0.774557 0.007390
0.285294 0.269074 1.715000 0.629652 -0.049311 0.775258 0.009119
0.285277 0.269709 1.715559 0.629118 -0.046711 0.775834 0.010536
0.285725 0.271195 1.716305 0.628557 -0.042554 0.776499 0.012472
0.286301 0.273097 1.717081 0.627920 -0.038592 0.777206 0.013361
0.286770 0.274771 1.717701 0.627363 -0.035275 0.777802 0.013977
0.287163 0.276188 1.718182 0.626896 -0.032537 0.778289 0.014472
0.287920 0.277705 1.718960 0.626334 -0.029149 0.778862 0.015151
0.289311 0.278916 1.720225 0.625513 -0.026691 0.779605 0.015388
0.290731 0.279555 1.721356 0.624788 -0.025286 0.780223 0.015889
0.292041 0.279902 1.722281 0.624199 -0.024378 0.780710 0.016536
0.293478 0.280443 1.723057 0.623744 -0.023241 0.781093 0.017229
0.295529 0.281595 1.723661 0.623406 -0.021687 0.781405 0.017380
0.297450 0.282453 1.724028 0.623189 -0.020471 0.781602 0.017751
0.299139 0.283085 1.724257 0.623056 -0.019518 0.781721 0.018246
0.300772 0.283752 1.724406 0.622999 -0.018622 0.781779 0.018626
0.303589 0.285200 1.724392 0.623141 -0.017457 0.781707 0.018038
0.306452 0.286106 1.724144 0.623399 -0.016759 0.781515 0.018089
0.309042 0.286619 1.723811 0.623704 -0.016359 0.781269 0.018561
0.311316 0.286959 1.723476 0.624002 -0.016091 0.781023 0.019134
0.314533 0.288371 1.723337 0.624043 -0.015500 0.781023 0.018255
0.317815 0.289503 1.723042 0.624124 -0.015145 0.780980 0.017615
0.320750 0.290236 1.722649 0.624291 -0.014952 0.780853 0.017504
0.323290 0.290745 1.722244 0.624488 -0.014822 0.780695 0.017632
0.326241 0.292186 1.721946 0.624905 -0.014116 0.780414 0.015767
0.329302 0.293764 1.721744 0.625330 -0.013355 0.780133 0.013332
0.332001 0.294931 1.721533 0.625719 -0.012855 0.779856 0.011568
0.334324 0.295821 1.721321 0.626075 -0.012488 0.779595 0.010288
0.336933 0.297073 1.721148 0.626355 -0.011950 0.779402 0.008247
0.340236 0.298313 1.720817 0.626638 -0.011543 0.779202 0.005949
0.343360 0.298938 1.720327 0.627016 -0.011486 0.778907 0.004753
0.346141 0.299229 1.719814 0.627412 -0.011586 0.778590 0.004172
0.348835 0.299740 1.719302 0.627857 -0.011570 0.778237 0.003110
0.352009 0.300968 1.718563 0.628472 -0.011094 0.777753 0.000627
0.354900 0.301861 1.717689 0.629130 -0.010647 0.777226 -0.001032
0.357416 0.302502 1.716834 0.629761 -0.010280 0.776717 -0.002124
0.359689 0.303074 1.716068 0.630354 -0.010007 0.776237 -0.003092
0.362774 0.303755 1.715357 0.631036 -0.010399 0.775667 -0.005026
0.365862 0.303782 1.714610 0.631731 -0.011245 0.775083 -0.005973
0.368670 0.303466 1.713893 0.632397 -0.012220 0.774523 -0.006276
0.371130 0.303051 1.713245 0.633000 -0.013134 0.774015 -0.006297
0.374040 0.303361 1.712448 0.633709 -0.013104 0.773429 -0.006979
0.376878 0.303522 1.711468 0.634466 -0.012986 0.772807 -0.007291
0.379391 0.303493 1.710494 0.635196 -0.012938 0.772209 -0.007215
0.381552 0.303396 1.709616 0.635848 -0.012919 0.771674 -0.007006
0.383884 0.303999 1.709039 0.636288 -0.012524 0.771307 -0.008139
0.386193 0.304775 1.708702 0.636529 -0.012114 0.771095 -0.009826
0.388197 0.305335 1.708422 0.636737 -0.011853 0.770910 -0.011103
0.389906 0.305763 1.708176 0.636924 -0.011656 0.770744 -0.012067
0.391612 0.306328 1.707851 0.637160 -0.011666 0.770526 -0.013457
0.393488 0.306969 1.707172 0.637568 -0.011684 0.770160 -0.014935
0.395187 0.307407 1.706367 0.638046 -0.011607 0.769748 -0.015805
0.396838 0.307272 1.705754 0.638385 -0.012568 0.769455 -0.015669
0.398508 0.307041 1.705378 0.638524 -0.013434 0.769331 -0.015365
0.400448 0.307000 1.705179 0.638315 -0.014236 0.769498 -0.014963
0.402247 0.306672 1.705045 0.638099 -0.015349 0.769666 -0.014444
0.403817 0.306336 1.704888 0.637966 -0.016200 0.769768 -0.013961
0.405194 0.306067 1.704759 0.637867 -0.017010 0.769839 -0.013554
0.406590 0.306111 1.705056 0.637607 -0.018763 0.770013 -0.013560
0.407701 0.306244 1.705432 0.637370 -0.020045 0.770175 -0.013741
0.408203 0.306983 1.705594 0.637311 -0.019332 0.770228 -0.014523
0.408515 0.307860 1.705676 0.637290 -0.018584 0.770252 -0.015060
0.408992 0.309088 1.705725 0.637119 -0.019081 0.770377 -0.015285
0.409455 0.310256 1.705734 0.636941 -0.019666 0.770517 -0.014955
0.409815 0.311296 1.705723 0.636808 -0.019927 0.770626 -0.014682
0.410081 0.312236 1.705699 0.636706 -0.019979 0.770711 -0.014562
0.410249 0.313552 1.705751 0.636549 -0.020264 0.770845 -0.013877
0.410263 0.315123 1.705833 0.636417 -0.020758 0.770962 -0.012647
0.410192 0.316588 1.705888 0.636328 -0.020900 0.771049 -0.011598
0.410088 0.317838 1.705917 0.636277 -0.020882 0.771105 -0.010654
0.409927 0.319073 1.706010 0.636308 -0.021759 0.771064 -0.009938
0.409587 0.320571 1.706232 0.636427 -0.023927 0.770911 -0.009121
0.409219 0.321912 1.706442 0.636555 -0.025855 0.770752 -0.008450
0.408843 0.323132 1.706621 0.636668 -0.027340 0.770610 -0.008178
0.408457 0.324475 1.706804 0.636757 -0.028833 0.770482 -0.008145
0.407916 0.326493 1.707088 0.636831 -0.031371 0.770329 -0.007397
0.407327 0.328346 1.707370 0.636892 -0.033704 0.770187 -0.006611
0.406743 0.330022 1.707581 0.636971 -0.035345 0.770053 -0.006104
0.406166 0.331619 1.707759 0.637031 -0.036661 0.769943 -0.005893
0.405344 0.333999 1.707890 0.637039 -0.039672 0.769793 -0.005032
0.404406 0.336286 1.707973 0.637039 -0.042779 0.769633 -0.004132
0.403394 0.338520 1.707991 0.637125 -0.044957 0.769436 -0.004182
0.402356 0.340638 1.708005 0.637181 -0.046699 0.769283 -0.004988
0.401325 0.343217 1.708151 0.637243 -0.049321 0.769066 -0.005182
0.400194 0.345754 1.708371 0.637301 -0.051971 0.768843 -0.005139
0.399058 0.348113 1.708523 0.637379 -0.053679 0.768660 -0.005265
0.397954 0.350301 1.708601 0.637462 -0.054565 0.768527 -0.005525
