-0.050495 0.367726 1.461722 0.704000 0.008768 0.710145 0.001534
-0.050500 0.367927 1.461621 0.703917 0.008921 0.710224 0.001706
-0.050589 0.368137 1.461524 0.703870 0.009152 0.710268 0.001731
-0.050701 0.368331 1.461448 0.703856 0.009358 0.710279 0.001642
-0.050875 0.368571 1.461735 0.704064 0.009152 0.710077 0.000506
-0.051065 0.368804 1.462124 0.704278 0.008886 0.709869 -0.000621
-0.051234 0.369002 1.462468 0.704448 0.008662 0.709701 -0.001562
-0.051370 0.369161 1.462749 0.704564 0.008532 0.709585 -0.002254
-0.051393 0.369232 1.462679 0.704343 0.009286 0.709797 -0.001748
-0.051332 0.369234 1.462485 0.704112 0.009957 0.710019 -0.001087
-0.051250 0.369216 1.462305 0.703920 0.010468 0.710202 -0.000498
-0.051170 0.369192 1.462158 0.703775 0.010829 0.710340 -0.000051
-0.051158 0.369035 1.462135 0.703822 0.010581 0.710297 -0.000192
-0.051216 0.368898 1.462147 0.703861 0.010389 0.710261 -0.000373
-0.051298 0.368799 1.462159 0.703896 0.010273 0.710229 -0.000559
-0.051375 0.368726 1.462166 0.703916 0.010200 0.710210 -0.000694
-0.051304 0.368900 1.462035 0.703814 0.010523 0.710306 0.000015
-0.051107 0.369077 1.461888 0.703749 0.010732 0.710367 0.000683
-0.050881 0.369201 1.461768 0.703692 0.010823 0.710421 0.001293
-0.050667 0.369288 1.461664 0.703644 0.010806 0.710468 0.001824
-0.050410 0.369323 1.461192 0.703666 0.009798 0.710458 0.002572
-0.050187 0.369375 1.460631 0.703691 0.009109 0.710440 0.003299
-0.050009 0.369426 1.460142 0.703710 0.008608 0.710425 0.003908
-0.049864 0.369472 1.459719 0.703722 0.008192 0.710414 0.004454
-0.049536 0.369374 1.458818 0.703769 0.006902 0.710370 0.006015
-0.049155 0.369246 1.457846 0.703771 0.005927 0.710361 0.007602
-0.048816 0.369132 1.457004 0.703774 0.005181 0.710349 0.008966
-0.048534 0.369049 1.456275 0.703778 0.004525 0.710333 0.010121
-0.047853 0.368995 1.454867 0.703695 0.002742 0.710383 0.012739
-0.046941 0.368855 1.453440 0.703574 0.001209 0.710453 0.015472
-0.046063 0.368692 1.452229 0.703450 -0.000090 0.710519 0.017883
-0.045302 0.368564 1.451187 0.703346 -0.001271 0.710568 0.019890
-0.044427 0.368885 1.448494 0.703551 -0.003570 0.710270 0.022776
-0.043571 0.369227 1.445489 0.703746 -0.004769 0.709971 0.025683
-0.042836 0.369491 1.442884 0.703899 -0.005575 0.709718 0.028214
-0.042230 0.369728 1.440677 0.704020 -0.006286 0.709505 0.030306
-0.040929 0.370211 1.437453 0.704649 -0.009793 0.708721 0.032998
-0.039145 0.370456 1.434274 0.705189 -0.012897 0.707977 0.036204
-0.037403 0.370522 1.431586 0.705555 -0.015544 0.707395 0.039287
-0.035882 0.370555 1.429327 0.705788 -0.017807 0.706953 0.042003
-0.034546 0.371261 1.426042 0.705946 -0.021480 0.706503 0.045082
-0.033430 0.372071 1.422754 0.706292 -0.023878 0.705913 0.047633
-0.032527 0.372760 1.419942 0.706601 -0.025610 0.705394 0.049785
-0.031807 0.373363 1.417562 0.706845 -0.026987 0.704966 0.051621
-0.030516 0.374413 1.413992 0.706911 -0.030351 0.704476 0.055387
-0.028773 0.375239 1.410440 0.707092 -0.033157 0.703853 0.059263
-0.027069 0.375789 1.407435 0.707196 -0.035549 0.703321 0.062849
-0.025581 0.376222 1.404906 0.707256 -0.037606 0.702869 0.065958
-0.023952 0.377061 1.401243 0.707606 -0.041758 0.701857 0.070345
-0.022243 0.377804 1.397613 0.708113 -0.044974 0.700732 0.074354
-0.020708 0.378356 1.394525 0.708509 -0.047525 0.699780 0.077871
-0.019420 0.378828 1.391923 0.708814 -0.049634 0.698990 0.080821
-0.017974 0.380154 1.388393 0.709278 -0.054367 0.697856 0.083458
-0.016372 0.381465 1.385077 0.710028 -0.058192 0.696513 0.085692
-0.014884 0.382494 1.382307 0.710616 -0.061307 0.695385 0.087778
-0.013605 0.383351 1.379981 0.711067 -0.063859 0.694459 0.089620
-0.012071 0.384812 1.376108 0.711896 -0.067566 0.693025 0.091409
-0.010307 0.385985 1.372111 0.712925 -0.070350 0.691422 0.093405
-0.008653 0.386815 1.368705 0.713728 -0.072644 0.690072 0.095470
-0.007223 0.387478 1.365847 0.714339 -0.074549 0.688973 0.097357
-0.005403 0.388868 1.361905 0.715042 -0.077771 0.687553 0.099689
-0.003182 0.389983 1.358110 0.715929 -0.080539 0.685953 0.102117
-0.001049 0.390725 1.354936 0.716588 -0.082990 0.684598 0.104598
0.000816 0.391293 1.352291 0.717081 -0.085083 0.683478 0.106830
0.002958 0.392831 1.348798 0.717660 -0.087445 0.682281 0.108670
0.005427 0.394188 1.345589 0.718486 -0.089497 0.680862 0.110428
0.007772 0.395149 1.342955 0.719095 -0.091438 0.679656 0.112295
0.009829 0.395889 1.340772 0.719543 -0.093160 0.678661 0.114008
0.011888 0.397057 1.337160 0.720206 -0.095797 0.677347 0.115447
0.013941 0.397924 1.333383 0.721173 -0.097724 0.675757 0.117094
0.015769 0.398497 1.330152 0.721956 -0.099323 0.674386 0.118820
0.017316 0.398942 1.327448 0.722584 -0.100633 0.673244 0.120365
0.019364 0.399933 1.324268 0.722900 -0.102151 0.672494 0.121380
0.021875 0.400578 1.321414 0.723290 -0.103771 0.671563 0.122825
0.024310 0.400895 1.319096 0.723503 -0.105459 0.670758 0.124520
0.026469 0.401076 1.317191 0.723623 -0.106999 0.670085 0.126123
0.029192 0.401504 1.314359 0.723942 -0.109434 0.669186 0.126974
0.032438 0.401377 1.311580 0.724247 -0.111958 0.668104 0.128719
0.035542 0.400949 1.309285 0.724329 -0.114446 0.667180 0.130848
0.038268 0.400481 1.307397 0.724315 -0.116655 0.666411 0.132874
0.041081 0.400603 1.304859 0.724250 -0.119720 0.665488 0.135113
0.044023 0.400640 1.302503 0.724418 -0.122548 0.664343 0.137292
0.046712 0.400512 1.300580 0.724470 -0.125085 0.663366 0.139435
0.049021 0.400355 1.298997 0.724486 -0.127244 0.662538 0.141324
0.051438 0.400399 1.296860 0.724652 -0.130737 0.661508 0.142106
0.053944 0.400169 1.294827 0.724848 -0.133907 0.660400 0.143306
0.056219 0.399816 1.293143 0.724918 -0.136659 0.659461 0.144671
0.058165 0.399479 1.291751 0.724948 -0.138945 0.658672 0.145933
0.060269 0.399576 1.289604 0.725459 -0.141738 0.657385 0.146509
0.062495 0.399464 1.287517 0.726055 -0.144287 0.655970 0.147408
0.064539 0.399207 1.285796 0.726440 -0.146543 0.654794 0.148509
0.066305 0.398943 1.284379 0.726706 -0.148431 0.653832 0.149562
0.068436 0.399329 1.282419 0.727573 -0.150059 0.652622 0.149009
0.070848 0.399502 1.280655 0.728433 -0.151717 0.651318 0.148838
0.073123 0.399442 1.279266 0.728984 -0.153396 0.650239 0.149137
0.075117 0.399306 1.278148 0.729359 -0.154898 0.649356 0.149596
0.077593 0.399282 1.276672 0.729860 -0.156304 0.648496 0.149421
0.080469 0.398781 1.275385 0.730103 -0.158136 0.647619 0.150108
0.083210 0.398079 1.274390 0.730087 -0.160062 0.646904 0.151223
0.085621 0.397378 1.273602 0.729977 -0.161807 0.646323 0.152378
0.088366 0.397196 1.272268 0.730582 -0.161947 0.645669 0.152100
0.091311 0.396682 1.271006 0.731085 -0.162393 0.644905 0.152453
0.094031 0.395990 1.270015 0.731318 -0.163169 0.644258 0.153236
0.096391 0.395307 1.269222 0.731422 -0.163983 0.643728 0.154096
0.099428 0.394709 1.268097 0.731954 -0.163909 0.643258 0.153604
0.103000 0.393414 1.267103 0.732042 -0.164649 0.642766 0.154458
0.106413 0.391902 1.266373 0.731806 -0.165891 0.642363 0.155915
0.109419 0.390465 1.265817 0.731471 -0.167187 0.642038 0.157431
0.113007 0.389403 1.265379 0.731418 -0.167639 0.642136 0.156801
0.117017 0.387933 1.265322 0.730933 -0.168824 0.642292 0.157152
0.120775 0.386341 1.265446 0.730235 -0.170437 0.642433 0.158072
0.124053 0.384846 1.265610 0.729527 -0.172035 0.642555 0.159119
0.127808 0.383605 1.265411 0.729914 -0.172750 0.641962 0.158963
0.131891 0.381933 1.265364 0.729892 -0.174169 0.641408 0.159746
0.135679 0.380146 1.265459 0.729553 -0.175932 0.640991 0.161029
0.138961 0.378485 1.265590 0.729126 -0.177640 0.640667 0.162369
0.142905 0.376760 1.265392 0.729774 -0.178239 0.639935 0.161692
0.147365 0.374213 1.265295 0.729727 -0.179695 0.639341 0.162637
0.151553 0.371515 1.265352 0.729257 -0.181657 0.638892 0.164324
0.155202 0.369029 1.265466 0.728668 -0.183596 0.638552 0.166092
0.159282 0.366782 1.265523 0.729059 -0.184476 0.637910 0.165869
0.163645 0.364070 1.265818 0.728888 -0.186114 0.637410 0.166710
0.167652 0.361352 1.266221 0.728368 -0.188109 0.637054 0.168103
0.171106 0.358891 1.266615 0.727759 -0.190015 0.636798 0.169557
0.175127 0.356832 1.266524 0.727818 -0.189923 0.636733 0.169649
0.179558 0.354166 1.266479 0.727475 -0.190727 0.636541 0.170933
0.183663 0.351390 1.266585 0.726803 -0.192145 0.636378 0.172804
0.187221 0.348841 1.266730 0.726067 -0.193633 0.636253 0.174687
0.190883 0.346699 1.266841 0.726048 -0.193222 0.636326 0.174952
0.194554 0.344300 1.267068 0.725742 -0.193426 0.636357 0.175883
0.197833 0.341965 1.267358 0.725242 -0.194099 0.636372 0.177147
0.200622 0.339883 1.267633 0.724719 -0.194872 0.636382 0.178399
0.203394 0.338463 1.268128 0.724423 -0.193738 0.636970 0.178734
0.205858 0.337644 1.268858 0.724364 -0.192585 0.637487 0.178376
0.207992 0.336881 1.269523 0.724262 -0.191986 0.637850 0.178135
0.209828 0.336161 1.270086 0.724130 -0.191612 0.638137 0.178048
0.211860 0.335168 1.270595 0.724459 -0.189938 0.638475 0.177293
0.214015 0.333741 1.271089 0.724467 -0.188842 0.638773 0.177359
0.216009 0.332515 1.271623 0.724537 -0.188502 0.638927 0.176881
0.217795 0.330887 1.271858 0.724328 -0.189613 0.638753 0.177178
0.219867 0.329116 1.272619 0.724029 -0.188143 0.639308 0.177956
0.222220 0.327086 1.273835 0.723115 -0.187191 0.640177 0.179548
0.224489 0.325058 1.275075 0.722048 -0.186953 0.640957 0.181300
0.226483 0.323242 1.276201 0.721038 -0.186958 0.641618 0.182967
0.228683 0.321589 1.278200 0.720030 -0.184872 0.643302 0.183141
0.231086 0.319970 1.280807 0.718572 -0.183592 0.645214 0.183430
0.233334 0.318415 1.283270 0.717094 -0.183166 0.646855 0.183859
0.235292 0.317000 1.285418 0.715739 -0.183023 0.648245 0.184390
0.237750 0.315789 1.288325 0.714685 -0.180055 0.650585 0.183151
0.240649 0.314299 1.291828 0.713134 -0.178352 0.652975 0.182355
0.243427 0.312628 1.295128 0.711403 -0.177822 0.655033 0.182254
0.245879 0.310972 1.297994 0.709745 -0.177774 0.656756 0.182560
0.248966 0.310028 1.301588 0.708020 -0.173219 0.660048 0.181769
0.252581 0.308922 1.305985 0.705879 -0.169953 0.663282 0.181407
0.255998 0.307554 1.310153 0.703627 -0.168376 0.666029 0.181561
0.258985 0.306126 1.313759 0.701553 -0.167633 0.668280 0.182003
0.262717 0.305324 1.317983 0.699270 -0.163602 0.672135 0.180254
0.267060 0.304051 1.322957 0.696462 -0.160874 0.675912 0.179451
0.271118 0.302470 1.327633 0.693682 -0.159692 0.679108 0.179210
0.274688 0.300752 1.331767 0.691052 -0.159133 0.681774 0.179746
0.279147 0.299696 1.335893 0.688900 -0.156987 0.685264 0.176591
0.284292 0.298229 1.340674 0.686402 -0.154458 0.688797 0.174793
0.289107 0.296189 1.345280 0.683539 -0.152982 0.691971 0.174776
0.293324 0.293936 1.349305 0.680848 -0.152537 0.694532 0.175511
0.298250 0.292526 1.353019 0.678690 -0.151678 0.697590 0.172461
0.303621 0.290985 1.357422 0.676352 -0.150225 0.700649 0.170500
0.308514 0.289116 1.361732 0.673572 -0.148475 0.703684 0.170545
0.312725 0.287146 1.365480 0.670944 -0.146759 0.706285 0.171631
0.317783 0.286178 1.368637 0.668886 -0.146236 0.709050 0.168685
0.323456 0.284857 1.372056 0.667061 -0.145592 0.711435 0.166414
0.328575 0.282999 1.375181 0.664962 -0.144321 0.713667 0.166362
0.332949 0.280967 1.377777 0.662873 -0.141964 0.715684 0.168054
0.338042 0.280115 1.380006 0.660869 -0.141668 0.718194 0.165467
0.343661 0.279108 1.382380 0.659375 -0.141426 0.720168 0.163034
0.348842 0.277433 1.384499 0.657778 -0.140357 0.721894 0.162784
0.353313 0.275452 1.386262 0.656119 -0.138157 0.723452 0.164434
0.358374 0.274781 1.387483 0.654254 -0.137993 0.725664 0.162240
0.363849 0.274096 1.388786 0.653060 -0.137817 0.727318 0.159772
0.369023 0.272710 1.389812 0.652123 -0.136862 0.728511 0.158982
0.373545 0.270862 1.390622 0.651070 -0.134675 0.729564 0.160335
0.378697 0.270356 1.391094 0.649177 -0.134081 0.731637 0.159059
0.384114 0.270074 1.391797 0.647950 -0.133550 0.733219 0.157205
0.389331 0.269053 1.392331 0.647133 -0.132099 0.734269 0.156904
0.394040 0.267309 1.392750 0.646196 -0.129694 0.735152 0.158626
0.399236 0.266783 1.392437 0.644450 -0.128502 0.737016 0.158046
0.404528 0.266440 1.392013 0.643628 -0.127002 0.738197 0.157096
0.409369 0.265510 1.391388 0.643417 -0.124647 0.738757 0.157209
0.413560 0.264176 1.390808 0.643157 -0.121848 0.739159 0.158575
0.418381 0.264067 1.389752 0.642553 -0.118898 0.740204 0.158383
0.423559 0.264400 1.388834 0.642527 -0.115534 0.740864 0.157897
0.428360 0.264188 1.388026 0.642881 -0.113016 0.741033 0.157485
0.432555 0.263563 1.387412 0.643056 -0.111329 0.741133 0.157504
0.437165 0.263546 1.385973 0.642580 -0.108802 0.742088 0.156715
0.442173 0.263682 1.384413 0.642633 -0.107036 0.742579 0.155383
0.446702 0.263534 1.382955 0.643114 -0.106058 0.742579 0.154054
0.450551 0.263187 1.381697 0.643595 -0.105461 0.742455 0.153044
0.454892 0.263300 1.379911 0.643283 -0.103372 0.743247 0.151939
0.459828 0.263330 1.378426 0.642974 -0.102491 0.743941 0.150437
0.464477 0.262820 1.377196 0.642939 -0.102346 0.744224 0.149280
0.468546 0.261910 1.376215 0.642803 -0.102491 0.744432 0.148731
0.473033 0.261467 1.374478 0.642282 -0.101372 0.745118 0.148312
0.477926 0.261022 1.372579 0.642197 -0.100896 0.745389 0.147645
0.482472 0.260513 1.370727 0.642578 -0.100864 0.745232 0.146801
0.486318 0.259907 1.369123 0.643052 -0.100962 0.744939 0.146145
0.490527 0.259622 1.367016 0.642944 -0.099885 0.745334 0.145338
0.495171 0.259175 1.365118 0.642761 -0.099490 0.745710 0.144489
0.499420 0.258975 1.363387 0.642784 -0.099152 0.745912 0.143575
0.502961 0.259002 1.361951 0.642943 -0.098850 0.746003 0.142593
0.506833 0.259065 1.359696 0.642376 -0.098432 0.746722 0.141666
0.511101 0.258466 1.357092 0.642088 -0.099055 0.747035 0.140889
0.515013 0.258037 1.354483 0.642446 -0.099598 0.746836 0.139927
0.518331 0.258230 1.352129 0.643031 -0.099746 0.746543 0.138691
0.521821 0.258495 1.349467 0.643183 -0.099612 0.746672 0.137382
0.525482 0.258426 1.346936 0.643233 -0.100254 0.746794 0.136009
0.528757 0.258819 1.344615 0.643598 -0.100519 0.746722 0.134478
0.531448 0.259778 1.342651 0.644093 -0.100481 0.746624 0.132666
0.534401 0.260637 1.339779 0.644450 -0.099755 0.746572 0.131772
0.537556 0.260585 1.336410 0.645156 -0.099582 0.746028 0.131526
0.540402 0.260713 1.333154 0.646462 -0.099577 0.745033 0.130760
0.542732 0.261255 1.330368 0.647873 -0.099592 0.744020 0.129524
0.545182 0.261927 1.327010 0.648840 -0.099188 0.743365 0.128753
0.547660 0.262302 1.323510 0.649907 -0.099213 0.742543 0.128096
0.549797 0.263124 1.320313 0.651417 -0.099251 0.741442 0.126763
0.551445 0.264312 1.317659 0.652972 -0.099333 0.740367 0.124964
0.553355 0.265462 1.314154 0.653976 -0.098256 0.739773 0.124087
0.555531 0.265864 1.310531 0.655022 -0.097916 0.738978 0.123568
0.557460 0.266193 1.307389 0.656518 -0.098135 0.737788 0.122562
0.559052 0.266500 1.304811 0.657947 -0.098543 0.736646 0.121436
0.560745 0.267072 1.301312 0.658866 -0.096909 0.736028 0.121521
0.562354 0.267160 1.297778 0.659954 -0.095594 0.735134 0.122071
0.563686 0.267040 1.294673 0.661602 -0.095201 0.733714 0.122000
0.564790 0.266914 1.292080 0.663140 -0.095156 0.732383 0.121680
0.565989 0.267191 1.288864 0.664069 -0.093666 0.731674 0.122036
0.567129 0.267135 1.285952 0.664847 -0.092578 0.730976 0.122811
0.568391 0.266816 1.284114 0.665128 -0.092038 0.730635 0.123720
0.569554 0.266423 1.282721 0.665118 -0.091510 0.730551 0.124657
0.570822 0.266312 1.280530 0.664984 -0.090084 0.730740 0.125304
0.571897 0.266017 1.278165 0.665269 -0.089136 0.730504 0.125839
0.572852 0.265815 1.276401 0.665627 -0.088768 0.730198 0.125985
0.573648 0.265839 1.275030 0.666202 -0.088658 0.729752 0.125604
0.574603 0.265925 1.273173 0.666545 -0.087822 0.729593 0.125293
0.575446 0.265708 1.270960 0.668134 -0.087724 0.728315 0.124333
0.576194 0.265428 1.269177 0.669463 -0.087760 0.727210 0.123624
0.576963 0.264913 1.267845 0.670193 -0.088046 0.726547 0.123362
0.577418 0.264648 1.266024 0.671508 -0.087665 0.725489 0.122707
0.577676 0.264318 1.264268 0.672256 -0.087259 0.724841 0.122732
0.577901 0.264154 1.262955 0.672871 -0.087113 0.724306 0.122623
0.578100 0.264126 1.261978 0.673336 -0.087042 0.723917 0.122422
0.578174 0.264120 1.261109 0.674230 -0.086650 0.723258 0.121668
0.578277 0.264031 1.260411 0.675013 -0.086114 0.722692 0.121072
0.578387 0.263867 1.259807 0.675609 -0.085704 0.722250 0.120675
0.578494 0.263673 1.259283 0.676091 -0.085411 0.721878 0.120399
0.578015 0.263234 1.258557 0.677416 -0.086069 0.720669 0.119730
0.577118 0.263045 1.257393 0.679059 -0.086503 0.719184 0.119042
0.576167 0.263134 1.256242 0.680649 -0.086780 0.717770 0.118290
0.575294 0.263393 1.255292 0.682006 -0.086971 0.716579 0.117551
0.573659 0.263342 1.254864 0.683690 -0.087550 0.715067 0.116539
0.571623 0.264091 1.254526 0.684957 -0.087042 0.714076 0.115551
0.569540 0.265335 1.254009 0.686211 -0.086231 0.713162 0.114361
0.567581 0.266728 1.253467 0.687396 -0.085388 0.712316 0.113147
0.564611 0.266935 1.253040 0.689279 -0.085769 0.710677 0.111693
0.561303 0.266984 1.252190 0.691071 -0.085332 0.709105 0.110952
0.558280 0.267222 1.251243 0.692780 -0.084832 0.707601 0.110278
0.555676 0.267532 1.250467 0.694206 -0.084388 0.706342 0.109715
0.552317 0.267458 1.250308 0.695426 -0.084740 0.705217 0.108955
0.548226 0.268153 1.250340 0.696109 -0.083956 0.704699 0.108543
0.544163 0.269133 1.250119 0.696867 -0.082822 0.704142 0.108170
0.540528 0.270171 1.249776 0.697649 -0.081684 0.703564 0.107761
0.536296 0.270934 1.249439 0.699269 -0.081706 0.702146 0.106478
0.531382 0.272263 1.249078 0.700985 -0.081096 0.700688 0.105262
0.526334 0.273936 1.248810 0.702433 -0.080045 0.699506 0.104272
0.521629 0.275284 1.248650 0.703737 -0.079188 0.698384 0.103649
0.516971 0.276451 1.248948 0.705485 -0.078830 0.696854 0.102332
0.512176 0.278391 1.250067 0.706867 -0.078145 0.695763 0.100733
0.507370 0.280695 1.251606 0.707643 -0.077228 0.695282 0.099300
0.502589 0.283037 1.253256 0.708064 -0.076153 0.695137 0.098138
0.497747 0.285289 1.255024 0.708932 -0.076080 0.694521 0.096279
0.492834 0.287908 1.257259 0.709544 -0.075980 0.694181 0.094265
0.487900 0.290588 1.259624 0.709734 -0.075539 0.694265 0.092558
0.482920 0.293126 1.261888 0.709654 -0.074746 0.694606 0.091247
0.477711 0.295764 1.264207 0.710767 -0.073473 0.693813 0.089640
0.472793 0.298202 1.267256 0.711424 -0.072495 0.693392 0.088473
0.468589 0.298885 1.270160 0.711153 -0.071746 0.693682 0.088992
0.464025 0.300434 1.273047 0.711089 -0.070744 0.693910 0.088527
0.459138 0.302534 1.276189 0.711661 -0.069651 0.693593 0.087274
0.454307 0.305172 1.280143 0.711936 -0.068802 0.693617 0.085490
0.449466 0.307857 1.284210 0.711710 -0.068028 0.694137 0.083757
0.444534 0.310320 1.287975 0.711253 -0.067125 0.694866 0.082300
0.439270 0.312646 1.291404 0.711773 -0.065232 0.694666 0.081014
0.433933 0.315072 1.295013 0.712422 -0.063304 0.694349 0.079543
0.428603 0.317313 1.298492 0.712633 -0.061574 0.694437 0.078233
0.423243 0.319223 1.301610 0.712592 -0.059867 0.694740 0.077225
0.417723 0.321007 1.304728 0.713354 -0.056514 0.694234 0.077272
0.412318 0.322981 1.308513 0.713926 -0.053394 0.693917 0.077051
0.406996 0.324819 1.312325 0.713960 -0.050890 0.694115 0.076651
0.401663 0.326343 1.315788 0.713737 -0.048668 0.694541 0.076317
0.396312 0.327813 1.319431 0.714210 -0.045422 0.694243 0.076595
0.391217 0.329419 1.323891 0.714232 -0.042741 0.694404 0.076476
0.386198 0.330824 1.328301 0.713762 -0.040681 0.695043 0.076186
