0.426881 0.197720 1.676277 0.666487 -0.259496 0.684018 -0.143441
0.426127 0.197529 1.676780 0.664643 -0.269085 0.681037 -0.148430
0.425368 0.197483 1.677305 0.662830 -0.278607 0.677595 -0.154590
0.424715 0.197356 1.677936 0.660797 -0.288254 0.673897 -0.161614
0.424048 0.197235 1.678473 0.658394 -0.298194 0.669979 -0.169485
0.423111 0.197356 1.678549 0.655594 -0.309392 0.665287 -0.178508
0.422298 0.197358 1.678621 0.652624 -0.320543 0.660462 -0.187411
0.421627 0.197272 1.678832 0.649527 -0.331553 0.655418 -0.196506
0.420982 0.197160 1.679079 0.646066 -0.342590 0.650216 -0.206029
0.420003 0.197302 1.678915 0.641715 -0.355333 0.643999 -0.217269
0.419090 0.197453 1.678687 0.637444 -0.367614 0.637619 -0.227964
0.418301 0.197618 1.678715 0.633063 -0.379207 0.631368 -0.238343
0.417647 0.197871 1.679044 0.628592 -0.389754 0.625571 -0.248241
0.416687 0.198648 1.679440 0.622840 -0.402289 0.618218 -0.260844
0.415629 0.199635 1.679898 0.617288 -0.414076 0.610750 -0.272913
0.414656 0.200505 1.680237 0.611809 -0.424953 0.603785 -0.283810
0.413987 0.200858 1.680461 0.606841 -0.434224 0.598315 -0.291911
0.413458 0.201322 1.680835 0.601300 -0.444147 0.592270 -0.300647
0.412994 0.201709 1.681305 0.596960 -0.452023 0.587113 -0.307592
0.412572 0.202076 1.681749 0.593516 -0.458230 0.582891 -0.313052
0.412165 0.202439 1.682118 0.590744 -0.463215 0.579393 -0.317422
0.411802 0.202791 1.682309 0.587535 -0.468509 0.576042 -0.321679
0.411476 0.203092 1.682462 0.585137 -0.472608 0.573339 -0.324868
0.411169 0.203386 1.682600 0.583395 -0.475718 0.571147 -0.327313
0.410875 0.203654 1.682661 0.582049 -0.478242 0.569300 -0.329244
0.410618 0.203881 1.682670 0.580210 -0.481421 0.567126 -0.331599
0.410385 0.204065 1.682725 0.578621 -0.484257 0.565075 -0.333740
0.410148 0.204265 1.682781 0.577390 -0.486560 0.563208 -0.335675
0.409924 0.204448 1.682779 0.576298 -0.488605 0.561555 -0.337345
0.409734 0.204549 1.682732 0.574915 -0.490806 0.560209 -0.338746
0.409511 0.204702 1.682745 0.573826 -0.492532 0.558992 -0.340095
0.409296 0.204827 1.682722 0.573099 -0.493841 0.557937 -0.341153
0.409093 0.204970 1.682675 0.572459 -0.494993 0.556994 -0.342096
0.408998 0.205067 1.682588 0.571654 -0.496231 0.556777 -0.342003
0.408893 0.205409 1.682576 0.571317 -0.496863 0.556924 -0.341409
0.408741 0.205816 1.682508 0.571204 -0.497297 0.556901 -0.341003
0.408604 0.206087 1.682355 0.571142 -0.497729 0.556862 -0.340539
0.408602 0.206111 1.682322 0.571018 -0.497797 0.558178 -0.338486
0.408486 0.206257 1.682365 0.572180 -0.495947 0.560976 -0.334593
0.408252 0.206620 1.682280 0.573502 -0.494126 0.563013 -0.331589
0.408052 0.206898 1.682104 0.574438 -0.492862 0.564662 -0.329038
0.408043 0.206595 1.682077 0.574366 -0.492387 0.567336 -0.325253
0.407479 0.206764 1.682428 0.576172 -0.488959 0.571818 -0.319327
0.406895 0.206972 1.682518 0.577283 -0.486638 0.575474 -0.314257
0.406400 0.207125 1.682540 0.578057 -0.484883 0.578417 -0.310120
0.405959 0.207123 1.682748 0.578662 -0.483118 0.581404 -0.306129
0.405009 0.206662 1.683166 0.579837 -0.479395 0.587453 -0.298107
0.404037 0.206347 1.683182 0.580967 -0.476201 0.592414 -0.291129
0.403191 0.206072 1.683084 0.581875 -0.473600 0.596409 -0.285341
0.402457 0.205837 1.683076 0.582424 -0.471500 0.599836 -0.280475
0.401222 0.204846 1.683700 0.583276 -0.466577 0.608023 -0.269079
0.399845 0.204311 1.683925 0.584160 -0.462030 0.614869 -0.259271
0.398564 0.204093 1.684006 0.584977 -0.458081 0.620270 -0.251454
0.397424 0.204048 1.684086 0.585622 -0.454751 0.624547 -0.245334
0.395594 0.203580 1.684543 0.587785 -0.447413 0.631875 -0.234656
0.393580 0.203678 1.684761 0.589687 -0.440428 0.638317 -0.225488
0.391728 0.204180 1.684888 0.591341 -0.434345 0.643381 -0.218450
0.390098 0.204799 1.685023 0.592648 -0.429232 0.647412 -0.213040
0.387540 0.204846 1.685646 0.595118 -0.420604 0.653746 -0.203820
0.384528 0.205342 1.686163 0.597567 -0.411542 0.659966 -0.194912
0.381789 0.206282 1.686557 0.599644 -0.403678 0.664862 -0.188228
0.379402 0.207296 1.686923 0.601253 -0.397101 0.668771 -0.183169
0.376630 0.207702 1.687686 0.603382 -0.388426 0.673988 -0.175487
0.373563 0.207947 1.688515 0.605149 -0.379526 0.679548 -0.167238
0.370859 0.208416 1.689204 0.606486 -0.372067 0.684003 -0.160876
0.368542 0.208914 1.689821 0.607422 -0.365957 0.687595 -0.155967
0.365858 0.209175 1.690953 0.608560 -0.358057 0.692199 -0.149366
0.362369 0.209931 1.692670 0.609255 -0.348902 0.697664 -0.142622
0.359120 0.211273 1.694203 0.609813 -0.340877 0.702047 -0.138058
0.356261 0.212702 1.695539 0.610185 -0.334106 0.705594 -0.134853
0.353288 0.213771 1.696902 0.610865 -0.326370 0.709504 -0.130122
0.349473 0.214791 1.698215 0.611603 -0.316814 0.714400 -0.123304
0.345959 0.216237 1.699223 0.612258 -0.308370 0.718362 -0.118338
0.342897 0.217692 1.700077 0.612702 -0.301272 0.721575 -0.114719
0.339929 0.218874 1.700924 0.613406 -0.293869 0.724704 -0.110348
0.335878 0.220167 1.701847 0.614648 -0.283875 0.728603 -0.103734
0.332038 0.222003 1.702618 0.615707 -0.274931 0.731757 -0.099242
0.328665 0.223855 1.703300 0.616483 -0.267373 0.734311 -0.096159
0.325599 0.225434 1.704019 0.617251 -0.260177 0.736640 -0.093114
0.321586 0.226856 1.705378 0.618234 -0.250247 0.739857 -0.088169
0.317789 0.228602 1.706690 0.618819 -0.241683 0.742578 -0.085026
0.314468 0.230292 1.707846 0.619149 -0.234550 0.744819 -0.082977
0.311598 0.231737 1.708856 0.619376 -0.228307 0.746778 -0.081065
0.308130 0.233367 1.709699 0.620068 -0.218368 0.749761 -0.075426
0.304733 0.235514 1.710190 0.620673 -0.209100 0.752292 -0.071403
0.301715 0.237637 1.710569 0.621101 -0.201168 0.754358 -0.068619
0.299134 0.239487 1.710896 0.621322 -0.194646 0.756067 -0.066590
0.295979 0.241578 1.711784 0.622174 -0.184039 0.758453 -0.061479
0.292707 0.244134 1.712824 0.622595 -0.174513 0.760591 -0.058500
0.289748 0.246615 1.713774 0.622773 -0.166481 0.762376 -0.056749
0.287200 0.248771 1.714593 0.622773 -0.159898 0.763868 -0.055599
0.284535 0.250754 1.715623 0.622820 -0.151166 0.765844 -0.052219
0.281905 0.252834 1.716549 0.622573 -0.143125 0.767758 -0.049660
0.279590 0.254747 1.717301 0.622253 -0.136389 0.769355 -0.047883
0.277626 0.256365 1.717917 0.621883 -0.130900 0.770687 -0.046559
0.275886 0.258143 1.718537 0.622113 -0.123344 0.771931 -0.043399
0.274250 0.260206 1.719115 0.622393 -0.115806 0.773008 -0.040917
0.272798 0.262072 1.719592 0.622514 -0.109558 0.773911 -0.039186
0.271566 0.263646 1.719979 0.622527 -0.104490 0.774666 -0.037877
0.270639 0.265229 1.720526 0.622631 -0.097905 0.775586 -0.034813
0.270042 0.266877 1.721244 0.622509 -0.091268 0.776626 -0.031678
0.269589 0.268220 1.721832 0.622295 -0.086002 0.777497 -0.029176
0.269239 0.269296 1.722299 0.622055 -0.081813 0.778214 -0.027128
0.269083 0.270615 1.722897 0.621993 -0.076659 0.778874 -0.024587
0.269138 0.272699 1.723909 0.621870 -0.070809 0.779570 -0.023133
0.269146 0.274574 1.724823 0.621639 -0.066065 0.780194 -0.022305
0.269143 0.276152 1.725570 0.621395 -0.062219 0.780722 -0.021687
0.269288 0.277643 1.726264 0.621211 -0.058065 0.781223 -0.020408
0.269988 0.279309 1.727095 0.620962 -0.053371 0.781796 -0.018744
0.270762 0.280547 1.727756 0.620702 -0.049830 0.782271 -0.017248
0.271492 0.281468 1.728261 0.620478 -0.047088 0.782649 -0.015879
0.272239 0.282301 1.728704 0.620363 -0.044245 0.782932 -0.014437
0.273656 0.283327 1.729418 0.620431 -0.040503 0.783100 -0.013319
0.275207 0.283804 1.730066 0.620429 -0.038111 0.783242 -0.012127
0.276656 0.283974 1.730581 0.620422 -0.036476 0.783344 -0.010873
0.278005 0.284106 1.730998 0.620454 -0.035046 0.783401 -0.009563
0.280059 0.285304 1.731492 0.620728 -0.032586 0.783298 -0.008834
0.282038 0.286349 1.731874 0.620969 -0.030703 0.783189 -0.008397
0.283769 0.287135 1.732136 0.621190 -0.029253 0.783074 -0.007900
0.285267 0.287772 1.732325 0.621392 -0.028009 0.782965 -0.007344
0.287693 0.289315 1.732862 0.621375 -0.024406 0.783110 -0.006040
0.290347 0.290404 1.733316 0.621296 -0.021946 0.783253 -0.004893
0.292781 0.291034 1.733613 0.621275 -0.020241 0.783323 -0.003561
0.294911 0.291427 1.733809 0.621287 -0.018983 0.783349 -0.002273
0.297641 0.292847 1.733712 0.621871 -0.016381 0.782944 -0.002647
0.300571 0.294209 1.733282 0.622638 -0.013955 0.782379 -0.003157
0.303210 0.295146 1.732759 0.623368 -0.012091 0.781829 -0.003166
0.305501 0.295819 1.732250 0.624016 -0.010654 0.781333 -0.002969
0.308375 0.297174 1.731813 0.625012 -0.007876 0.780569 -0.002878
0.311709 0.298338 1.731456 0.626062 -0.005620 0.779748 -0.002996
0.314774 0.298933 1.731110 0.626983 -0.004226 0.779017 -0.002662
0.317459 0.299239 1.730787 0.627781 -0.003306 0.778380 -0.002157
0.320541 0.300010 1.730504 0.628536 -0.002118 0.777773 -0.002759
0.324400 0.300605 1.730045 0.629328 -0.001370 0.777131 -0.003583
0.328057 0.300560 1.729460 0.630135 -0.001236 0.776477 -0.003450
0.331299 0.300243 1.728879 0.630884 -0.001368 0.775870 -0.002922
0.334587 0.300394 1.728260 0.631790 -0.000713 0.775135 -0.002609
0.338364 0.300962 1.727470 0.632922 0.000553 0.774210 -0.002754
0.341802 0.301122 1.726658 0.633966 0.001329 0.773356 -0.002420
0.344786 0.301085 1.725918 0.634883 0.001818 0.772604 -0.001902
0.347751 0.301432 1.725270 0.635839 0.002377 0.771815 -0.002216
0.351522 0.302327 1.724765 0.636927 0.002965 0.770907 -0.004095
0.355044 0.302627 1.724313 0.637876 0.002954 0.770115 -0.005181
0.358143 0.302621 1.723909 0.638701 0.002699 0.769429 -0.005748
0.361004 0.302700 1.723507 0.639458 0.002546 0.768796 -0.006288
0.364489 0.303292 1.722642 0.640412 0.002823 0.767990 -0.007422
0.367760 0.303504 1.721519 0.641431 0.003016 0.767136 -0.007725
0.370632 0.303500 1.720415 0.642386 0.003120 0.766337 -0.007608
0.373198 0.303536 1.719429 0.643260 0.003328 0.765606 -0.007368
0.376390 0.304290 1.718630 0.644168 0.004013 0.764832 -0.007908
0.379360 0.304685 1.717925 0.644956 0.004280 0.764164 -0.008219
0.381951 0.304840 1.717300 0.645649 0.004349 0.763577 -0.008263
0.384183 0.304928 1.716763 0.646242 0.004375 0.763076 -0.008281
0.386906 0.305605 1.716326 0.646604 0.004658 0.762743 -0.010145
0.389600 0.305895 1.715761 0.646989 0.004665 0.762399 -0.011409
0.392028 0.305873 1.715170 0.647393 0.004474 0.762049 -0.011985
0.394137 0.305729 1.714621 0.647778 0.004264 0.761718 -0.012275
0.396705 0.306047 1.714049 0.648081 0.003770 0.761456 -0.012690
0.399325 0.306027 1.713357 0.648411 0.002963 0.761182 -0.012570
0.401699 0.305672 1.712713 0.648711 0.001905 0.760940 -0.011881
0.403770 0.305246 1.712138 0.649005 0.000990 0.760701 -0.011229
0.405848 0.305163 1.711720 0.649216 0.000490 0.760533 -0.010368
0.407808 0.305063 1.711516 0.649285 -0.000214 0.760484 -0.009663
0.409463 0.304833 1.711449 0.649270 -0.001112 0.760504 -0.009027
0.410856 0.304590 1.711461 0.649229 -0.001934 0.760542 -0.008559
0.412218 0.304759 1.711429 0.649113 -0.002662 0.760640 -0.008446
0.413163 0.305795 1.711218 0.649001 -0.001996 0.760731 -0.009135
0.413900 0.306926 1.710989 0.648896 -0.001337 0.760815 -0.009622
0.414562 0.307890 1.710770 0.648809 -0.000921 0.760885 -0.010016
0.415210 0.308860 1.710690 0.648798 -0.001019 0.760885 -0.010626
0.415807 0.309904 1.710847 0.648855 -0.001706 0.760822 -0.011576
0.416284 0.310824 1.711014 0.648903 -0.002260 0.760765 -0.012479
0.416668 0.311631 1.711155 0.648947 -0.002634 0.760713 -0.013291
0.416920 0.312531 1.711323 0.648979 -0.003232 0.760673 -0.013855
0.416951 0.313697 1.711579 0.648992 -0.004763 0.760663 -0.013368
0.416955 0.314652 1.711809 0.649012 -0.006211 0.760648 -0.012622
0.416932 0.315475 1.712018 0.649028 -0.007324 0.760632 -0.012125
0.416849 0.316406 1.712206 0.649001 -0.008292 0.760655 -0.011503
0.416576 0.317960 1.712301 0.648845 -0.010200 0.760792 -0.009575
0.416244 0.319392 1.712379 0.648639 -0.012160 0.760958 -0.007881
0.415862 0.320713 1.712464 0.648452 -0.013612 0.761103 -0.006845
0.415442 0.322017 1.712593 0.648280 -0.014960 0.761229 -0.006344
0.414808 0.323845 1.712880 0.648187 -0.017751 0.761253 -0.005643
0.414072 0.325605 1.713174 0.648074 -0.020364 0.761288 -0.005196
0.413303 0.327268 1.713441 0.647961 -0.022288 0.761329 -0.005249
0.412549 0.328822 1.713730 0.647819 -0.024004 0.761394 -0.005745
0.411748 0.330875 1.714088 0.647746 -0.027432 0.761338 -0.005999
0.410857 0.332869 1.714431 0.647627 -0.030699 0.761313 -0.006218
0.409964 0.334698 1.714737 0.647506 -0.033170 0.761309 -0.006629
0.409102 0.336372 1.714999 0.647408 -0.034892 0.761311 -0.007123
0.408309 0.338818 1.715249 0.647351 -0.037761 0.761229 -0.006399
0.407333 0.341365 1.715505 0.647194 -0.040659 0.761219 -0.005618
0.406335 0.343693 1.715704 0.647059 -0.042656 0.761229 -0.004967
0.405408 0.345738 1.715914 0.646887 -0.044303 0.761283 -0.004709
0.404651 0.348087 1.716118 0.646947 -0.046815 0.761088 -0.003719
0.403788 0.350471 1.716421 0.646924 -0.049386 0.760949 -0.002482
0.402909 0.352621 1.716712 0.646906 -0.051233 0.760846 -0.001609
0.402023 0.354606 1.716988 0.646907 -0.052352 0.760769 -0.001275
0.401398 0.356992 1.717221 0.646914 -0.054542 0.760609 -0.000985
0.400813 0.359559 1.717371 0.646777 -0.056778 0.760563 0.000081
0.400174 0.361851 1.717581 0.646622 -0.058554 0.760560 0.000518
0.399427 0.364053 1.717849 0.646528 -0.059866 0.760537 -0.000316
0.398812 0.366271 1.718061 0.646773 -0.061114 0.760230 -0.000107
0.398134 0.368640 1.718386 0.647178 -0.062408 0.759780 0.000244
0.397324 0.370951 1.718649 0.647608 -0.062778 0.759383 0.000338
0.396435 0.373230 1.718803 0.648057 -0.062466 0.759026 0.000374
