0.405476 0.344665 1.717155 0.647895 -0.033918 0.760650 -0.022221
0.405020 0.346499 1.717147 0.647883 -0.035588 0.760590 -0.022010
0.404579 0.348117 1.717151 0.647866 -0.036815 0.760547 -0.021959
0.404253 0.350040 1.717191 0.647863 -0.038892 0.760456 -0.021588
0.403868 0.351930 1.717339 0.647733 -0.041091 0.760467 -0.021061
0.403451 0.353620 1.717512 0.647618 -0.042707 0.760484 -0.020771
0.403006 0.355154 1.717692 0.647542 -0.043758 0.760492 -0.020648
0.402664 0.357077 1.717862 0.647678 -0.045072 0.760321 -0.019863
0.402223 0.359217 1.718172 0.647768 -0.046653 0.760174 -0.018868
0.401635 0.361318 1.718472 0.647905 -0.047490 0.760020 -0.018258
0.401004 0.363339 1.718718 0.648038 -0.047862 0.759897 -0.017686
0.400423 0.365512 1.718836 0.648350 -0.048092 0.759635 -0.016852
0.399805 0.367959 1.718988 0.648613 -0.048809 0.759387 -0.015786
0.399106 0.370275 1.719111 0.648838 -0.049336 0.759181 -0.014823
0.398329 0.372507 1.719191 0.649082 -0.049622 0.758963 -0.014306
0.397476 0.374775 1.719197 0.649503 -0.049579 0.758610 -0.014078
0.396402 0.377350 1.719382 0.649931 -0.049256 0.758274 -0.013569
0.395277 0.379806 1.719658 0.650204 -0.048949 0.758068 -0.013072
0.394142 0.382144 1.719903 0.650444 -0.048382 0.757903 -0.012786
0.393260 0.383921 1.720159 0.650735 -0.049175 0.757609 -0.012399
0.392884 0.385186 1.720456 0.651281 -0.051418 0.757010 -0.011158
0.392656 0.386100 1.720808 0.651595 -0.053318 0.756638 -0.008968
0.392465 0.386861 1.721165 0.651823 -0.055133 0.756333 -0.006945
0.392269 0.387559 1.721495 0.652036 -0.056948 0.756028 -0.005334
0.391814 0.388577 1.721713 0.652705 -0.059132 0.755289 -0.004151
0.391226 0.389619 1.721931 0.653132 -0.061000 0.754781 -0.002026
0.390655 0.390561 1.722131 0.653473 -0.062848 0.754336 -0.000013
0.390118 0.391430 1.722296 0.653773 -0.064690 0.753919 0.001667
0.389571 0.392317 1.722375 0.654344 -0.066885 0.753229 0.002464
0.389056 0.393143 1.722319 0.654851 -0.068677 0.752622 0.003933
0.388587 0.393899 1.722193 0.655296 -0.070325 0.752073 0.005350
0.388152 0.394629 1.722036 0.655691 -0.071874 0.751573 0.006494
0.387625 0.395450 1.721827 0.656483 -0.073239 0.750740 0.007491
0.386920 0.396357 1.721662 0.657217 -0.074316 0.749970 0.009380
0.386238 0.397208 1.721490 0.657819 -0.075379 0.749309 0.011246
0.385607 0.398011 1.721284 0.658360 -0.076464 0.748700 0.012810
0.385011 0.398735 1.720944 0.659227 -0.077626 0.747799 0.013833
0.384427 0.399453 1.720465 0.660091 -0.078300 0.746941 0.015124
0.383892 0.400153 1.719877 0.660842 -0.078799 0.746195 0.016496
0.383405 0.400843 1.719201 0.661547 -0.079311 0.745489 0.017643
0.382848 0.401360 1.718599 0.662318 -0.079942 0.744722 0.018268
0.381746 0.401823 1.718400 0.662891 -0.080496 0.744151 0.018286
0.380609 0.402355 1.718346 0.663269 -0.080966 0.743758 0.018526
0.379578 0.402863 1.718308 0.663583 -0.081473 0.743417 0.018711
0.378619 0.403242 1.718215 0.664078 -0.081920 0.742925 0.018729
0.377171 0.403235 1.718096 0.665045 -0.080726 0.742197 0.018501
0.375643 0.403488 1.718103 0.665603 -0.078897 0.741891 0.018579
0.374232 0.403817 1.718092 0.666019 -0.077116 0.741700 0.018745
0.372952 0.404178 1.718044 0.666348 -0.075470 0.741572 0.018863
0.370842 0.404220 1.718503 0.666869 -0.074878 0.741227 0.016109
0.368290 0.404985 1.718962 0.666907 -0.072037 0.741503 0.014797
0.365814 0.405976 1.719276 0.666805 -0.068720 0.741923 0.014103
0.363461 0.407140 1.719509 0.666580 -0.065212 0.742456 0.013290
0.360288 0.407852 1.720788 0.665959 -0.063522 0.743230 0.008523
0.355691 0.410334 1.723309 0.663679 -0.055635 0.745941 0.002661
0.350262 0.414203 1.726156 0.660575 -0.045662 0.749352 -0.005299
0.344651 0.418464 1.728852 0.657127 -0.035368 0.752820 -0.014014
0.338937 0.422196 1.731911 0.653034 -0.024305 0.756630 -0.021613
0.333285 0.425185 1.735625 0.648229 -0.014833 0.760707 -0.030094
0.328036 0.427906 1.739143 0.643305 -0.006103 0.764614 -0.038541
0.323477 0.430171 1.742192 0.638871 0.001129 0.767959 -0.045619
0.319482 0.431617 1.745300 0.634544 0.007830 0.771262 -0.049453
0.315685 0.432035 1.749536 0.629699 0.012837 0.775003 -0.051811
0.312412 0.432151 1.753662 0.625389 0.016226 0.778260 -0.054193
0.309682 0.432091 1.757309 0.621707 0.018623 0.781009 -0.056210
0.307364 0.431854 1.760663 0.618346 0.020999 0.783577 -0.056692
0.304772 0.431388 1.765055 0.614192 0.023406 0.786820 -0.055989
0.302223 0.431027 1.769379 0.610360 0.024980 0.789724 -0.056326
0.299910 0.430752 1.773221 0.607025 0.026121 0.792209 -0.056952
0.297903 0.430555 1.776571 0.604108 0.027211 0.794385 -0.057144
0.295936 0.430613 1.780992 0.600162 0.028848 0.797412 -0.055748
0.293994 0.430622 1.785413 0.596396 0.029766 0.800211 -0.055571
0.292238 0.430600 1.789347 0.593123 0.030337 0.802608 -0.055732
0.290714 0.430582 1.792688 0.590345 0.030753 0.804622 -0.055951
0.289074 0.430962 1.796905 0.586994 0.032180 0.807123 -0.054358
0.287070 0.431430 1.801558 0.583440 0.033047 0.809652 -0.054488
0.285060 0.431879 1.805856 0.580210 0.033631 0.811895 -0.055237
0.283210 0.432308 1.809580 0.577395 0.034107 0.813820 -0.056115
0.281694 0.433249 1.813796 0.574182 0.035614 0.816095 -0.055098
0.280284 0.434028 1.818660 0.570594 0.036687 0.818581 -0.054782
0.279037 0.434428 1.823198 0.567421 0.037076 0.820756 -0.054931
0.277982 0.434641 1.827161 0.564709 0.037173 0.822604 -0.055178
0.277399 0.435293 1.831217 0.561969 0.037823 0.824520 -0.054104
0.277344 0.435935 1.835838 0.558844 0.038357 0.826690 -0.052964
0.277527 0.436025 1.840067 0.556184 0.038167 0.828548 -0.052068
0.277825 0.435862 1.843732 0.553973 0.037685 0.830099 -0.051266
0.278292 0.436056 1.847256 0.552006 0.037087 0.831499 -0.050227
0.278731 0.436993 1.851542 0.549489 0.036582 0.833209 -0.049864
0.278949 0.437654 1.855547 0.547098 0.036000 0.834799 -0.049981
0.279048 0.438162 1.859052 0.544980 0.035471 0.836191 -0.050215
0.279177 0.438861 1.862241 0.542976 0.035384 0.837517 -0.049908
0.279755 0.440330 1.866412 0.539858 0.036706 0.839562 -0.048397
0.280497 0.441019 1.870466 0.537027 0.037192 0.841417 -0.047284
0.281300 0.441244 1.874089 0.534658 0.037144 0.842981 -0.046308
0.282113 0.441337 1.877251 0.532686 0.036903 0.844287 -0.045419
0.283613 0.442743 1.881095 0.530583 0.037263 0.845624 -0.044865
0.285202 0.443525 1.884813 0.528570 0.037244 0.846906 -0.044465
0.286741 0.443826 1.888121 0.526896 0.036843 0.847990 -0.044015
0.288139 0.443903 1.890967 0.525491 0.036344 0.848906 -0.043546
0.289929 0.444817 1.894360 0.523772 0.035967 0.850061 -0.042018
0.291843 0.445235 1.897855 0.521918 0.035418 0.851296 -0.040528
0.293687 0.445156 1.901027 0.520358 0.034509 0.852352 -0.039162
0.295357 0.444866 1.903794 0.519035 0.033543 0.853252 -0.037937
0.297337 0.445309 1.906651 0.517781 0.033046 0.854087 -0.036677
0.299677 0.445629 1.909511 0.516481 0.032714 0.854944 -0.035332
0.301998 0.445452 1.912033 0.515466 0.032014 0.855640 -0.033920
0.304138 0.445058 1.914204 0.514651 0.031210 0.856213 -0.032573
0.306364 0.445209 1.916398 0.513801 0.030392 0.856767 -0.032187
0.309036 0.445567 1.918683 0.512686 0.029852 0.857449 -0.032306
0.311746 0.445394 1.920634 0.511883 0.029032 0.857971 -0.031915
0.314280 0.444973 1.922285 0.511292 0.028128 0.858376 -0.031293
0.316790 0.444966 1.923805 0.511060 0.027282 0.858566 -0.030625
0.319594 0.446013 1.925235 0.511086 0.027212 0.858576 -0.029950
0.322109 0.446856 1.926289 0.511098 0.027320 0.858593 -0.029161
0.324280 0.447555 1.927087 0.511104 0.027503 0.858609 -0.028397
0.326192 0.448330 1.927817 0.511108 0.027573 0.858618 -0.027982
0.328444 0.449604 1.929213 0.510810 0.027269 0.858777 -0.028825
0.330690 0.450190 1.930626 0.510504 0.026706 0.858962 -0.029279
0.332797 0.450349 1.931941 0.510275 0.025965 0.859115 -0.029437
0.334704 0.450341 1.933132 0.510094 0.025222 0.859243 -0.029478
0.337510 0.451523 1.934438 0.510009 0.025493 0.859255 -0.030369
0.340724 0.452025 1.935378 0.510048 0.025675 0.859227 -0.030328
0.343939 0.451996 1.936074 0.510288 0.025476 0.859112 -0.029726
0.346916 0.451703 1.936626 0.510588 0.025113 0.858972 -0.028920
0.350156 0.452491 1.937527 0.510949 0.025353 0.858750 -0.028950
0.353308 0.453236 1.938422 0.511084 0.025959 0.858649 -0.028995
0.356151 0.453627 1.939182 0.511238 0.026329 0.858553 -0.028809
0.358622 0.453835 1.939835 0.511371 0.026584 0.858474 -0.028550
0.361415 0.454754 1.940553 0.511879 0.026683 0.858159 -0.028832
0.364713 0.455592 1.941126 0.512488 0.026929 0.857792 -0.028709
0.367952 0.455858 1.941522 0.513144 0.026854 0.857422 -0.028098
0.370923 0.455815 1.941833 0.513760 0.026623 0.857086 -0.027322
0.373878 0.456113 1.942178 0.514487 0.026341 0.856673 -0.026868
0.377225 0.456677 1.942255 0.515261 0.026454 0.856219 -0.026365
0.380493 0.456872 1.942047 0.516075 0.026486 0.855757 -0.025393
0.383475 0.456876 1.941732 0.516841 0.026473 0.855326 -0.024296
0.386257 0.457059 1.941547 0.517593 0.026340 0.854892 -0.023745
0.389438 0.457366 1.941777 0.518186 0.026125 0.854525 -0.024263
0.392661 0.456985 1.942044 0.518773 0.025526 0.854190 -0.024132
0.395698 0.456244 1.942343 0.519334 0.024708 0.853886 -0.023664
0.398478 0.455450 1.942666 0.519909 0.023876 0.853575 -0.023117
0.401634 0.455169 1.942567 0.521021 0.023383 0.852915 -0.022960
0.404816 0.454835 1.941898 0.522194 0.023148 0.852223 -0.022175
0.407768 0.454510 1.940992 0.523321 0.023062 0.851561 -0.021120
0.410364 0.454246 1.940037 0.524323 0.023098 0.850970 -0.020057
0.412902 0.454123 1.939279 0.525418 0.022990 0.850288 -0.020420
0.415439 0.453824 1.938377 0.526464 0.022834 0.849643 -0.020504
0.417807 0.453440 1.937458 0.527428 0.022682 0.849055 -0.020231
0.419907 0.453054 1.936603 0.528267 0.022568 0.848547 -0.019819
0.421729 0.452466 1.936029 0.528909 0.022539 0.848168 -0.018947
0.423478 0.451764 1.935468 0.529495 0.022350 0.847826 -0.018089
0.424514 0.451459 1.935155 0.529313 0.023039 0.847922 -0.018005
0.424945 0.451498 1.935101 0.528927 0.023871 0.848134 -0.018312
0.424987 0.451518 1.935242 0.528618 0.024982 0.848273 -0.019296
0.424961 0.451370 1.935446 0.528505 0.025608 0.848287 -0.020866
0.425130 0.450898 1.935756 0.528761 0.025045 0.848108 -0.022325
0.425232 0.450719 1.935909 0.528800 0.025238 0.848050 -0.023336
0.425013 0.450583 1.935941 0.528788 0.025470 0.848004 -0.024996
0.424650 0.450142 1.935893 0.528703 0.025888 0.848018 -0.025857
0.424471 0.449671 1.935830 0.528561 0.026296 0.848085 -0.026161
0.424374 0.449252 1.935755 0.528424 0.026578 0.848155 -0.026363
0.424028 0.448761 1.935660 0.528263 0.026902 0.848233 -0.026738
0.422976 0.447671 1.935438 0.528142 0.027864 0.848335 -0.024866
0.422112 0.446735 1.935155 0.528039 0.028390 0.848399 -0.024228
0.421380 0.445948 1.934896 0.527935 0.028659 0.848467 -0.023830
0.420769 0.445085 1.934718 0.527892 0.028610 0.848508 -0.023373
0.419005 0.443397 1.934539 0.527531 0.028934 0.848807 -0.019998
0.417306 0.441863 1.934524 0.527111 0.029724 0.849110 -0.016786
0.415669 0.440638 1.934520 0.526828 0.030468 0.849302 -0.014496
0.414320 0.439420 1.934526 0.526771 0.030262 0.849354 -0.013924
0.411791 0.437877 1.934522 0.526379 0.030231 0.849638 -0.011247
0.409111 0.436135 1.934659 0.525849 0.030535 0.849994 -0.007881
0.406458 0.434503 1.934776 0.525385 0.030954 0.850286 -0.005034
0.404069 0.432887 1.934955 0.525017 0.031373 0.850509 -0.002701
0.401279 0.431256 1.935041 0.524798 0.031192 0.850655 -0.000331
0.398213 0.429411 1.935233 0.524628 0.030833 0.850770 0.002228
0.395197 0.427670 1.935429 0.524411 0.030817 0.850895 0.004565
0.392372 0.425835 1.935644 0.524165 0.030896 0.851030 0.006704
0.389309 0.424110 1.935825 0.523733 0.031103 0.851263 0.009378
0.385964 0.422266 1.935913 0.523522 0.030805 0.851371 0.011967
0.382779 0.420382 1.936021 0.523280 0.030697 0.851488 0.014284
0.379712 0.418477 1.936175 0.522834 0.030897 0.851715 0.016487
0.376511 0.416560 1.936318 0.522255 0.031187 0.852006 0.019051
0.372834 0.414617 1.936290 0.522087 0.030912 0.852062 0.021479
0.369332 0.412656 1.936252 0.522031 0.030743 0.852046 0.023574
0.365988 0.410670 1.936250 0.521851 0.030771 0.852102 0.025430
0.362685 0.408666 1.936282 0.521413 0.030948 0.852300 0.027488
0.358873 0.406646 1.936228 0.521170 0.030810 0.852368 0.030021
0.355330 0.404538 1.936130 0.521230 0.030740 0.852246 0.032408
0.352034 0.402384 1.936025 0.521185 0.030691 0.852196 0.034452
0.348962 0.400214 1.935883 0.520991 0.030133 0.852293 0.035439
0.345227 0.397936 1.935842 0.520599 0.029639 0.852484 0.037023
0.341821 0.395556 1.935663 0.520555 0.028591 0.852511 0.037828
0.338682 0.393154 1.935466 0.520336 0.026942 0.852716 0.037422
0.335784 0.390906 1.935324 0.520169 0.025424 0.852855 0.037634
0.332344 0.388434 1.935257 0.519907 0.023912 0.853089 0.036937
0.329133 0.385908 1.935071 0.519872 0.022773 0.853114 0.037563
0.326283 0.383411 1.934861 0.519711 0.021434 0.853212 0.038321
0.323702 0.380981 1.934690 0.519608 0.020062 0.853257 0.039470
0.320522 0.378373 1.934640 0.519087 0.018736 0.853577 0.040049
0.317275 0.375732 1.934474 0.519129 0.018181 0.853432 0.042764
0.314376 0.373198 1.934234 0.519227 0.017441 0.853248 0.045456
0.311721 0.370700 1.934015 0.519287 0.016401 0.853103 0.047831
0.308830 0.368082 1.933886 0.518955 0.015098 0.853277 0.048745
0.305935 0.365121 1.933715 0.518898 0.014118 0.853219 0.050621
0.303412 0.362267 1.933464 0.518998 0.013058 0.853040 0.052850
0.301090 0.359536 1.933249 0.519151 0.011735 0.852851 0.054683
0.299029 0.356547 1.933845 0.519629 0.010046 0.852559 0.055031
0.296584 0.352186 1.936221 0.519959 0.007564 0.852383 0.055036
0.294281 0.346905 1.939142 0.520409 0.003781 0.852135 0.055026
0.291789 0.342744 1.941299 0.520576 0.000960 0.852039 0.055036
0.289224 0.339274 1.943132 0.520645 -0.001085 0.851995 0.055077
0.285904 0.335510 1.945440 0.520838 -0.001538 0.851779 0.056561
0.282861 0.331594 1.947537 0.520883 -0.002689 0.851666 0.057779
0.280125 0.327724 1.949387 0.520840 -0.004481 0.851646 0.058350
0.277615 0.323931 1.951062 0.520738 -0.006661 0.851685 0.058484
0.274682 0.319701 1.952915 0.520872 -0.007717 0.851608 0.058277
0.271932 0.315370 1.954629 0.520721 -0.009010 0.851646 0.058881
0.269383 0.311088 1.956226 0.520415 -0.010912 0.851791 0.059165
0.267009 0.306897 1.957686 0.520056 -0.013203 0.851970 0.059294
0.264269 0.302358 1.959183 0.520109 -0.014528 0.851967 0.058537
0.261693 0.297490 1.960379 0.519863 -0.016194 0.852119 0.058086
0.259308 0.292803 1.961469 0.519380 -0.018147 0.852372 0.058112
0.257102 0.288266 1.962431 0.518773 -0.020380 0.852670 0.058435
0.254694 0.283334 1.963615 0.518559 -0.022484 0.852850 0.056907
0.252121 0.277888 1.964815 0.518186 -0.023707 0.853028 0.057127
0.249808 0.272496 1.965810 0.517326 -0.025546 0.853441 0.057973
0.247659 0.267152 1.966711 0.516306 -0.028093 0.853928 0.058703
0.245334 0.261600 1.967845 0.515669 -0.030506 0.854232 0.058667
0.242751 0.255280 1.969013 0.515552 -0.032216 0.854254 0.058470
0.240378 0.248887 1.969974 0.515116 -0.033875 0.854343 0.060064
0.238206 0.242481 1.970778 0.514279 -0.036342 0.854603 0.062046
0.236089 0.235871 1.971638 0.513515 -0.039396 0.854839 0.063254
0.233519 0.228372 1.972866 0.513296 -0.041969 0.854848 0.063256
0.231097 0.220557 1.973814 0.512980 -0.044721 0.854870 0.063640
0.228899 0.212618 1.974526 0.512428 -0.047689 0.854900 0.065489
0.226923 0.204582 1.975058 0.511738 -0.051457 0.854937 0.067520
0.224723 0.195860 1.976022 0.511548 -0.054944 0.854802 0.067927
0.222620 0.186878 1.976609 0.511386 -0.058716 0.854651 0.067888
0.220747 0.178111 1.976782 0.511226 -0.062098 0.854411 0.069084
0.219174 0.170325 1.976759 0.510875 -0.064947 0.854205 0.071577
0.217090 0.162087 1.977216 0.511559 -0.067203 0.853590 0.071939
0.214628 0.154047 1.977646 0.512017 -0.069239 0.853235 0.070960
0.212239 0.147156 1.977974 0.512262 -0.070205 0.852963 0.071511
0.210002 0.141381 1.978272 0.512144 -0.070873 0.852887 0.072586
0.207786 0.135387 1.978771 0.513047 -0.070620 0.852444 0.071650
0.204811 0.129007 1.979503 0.513112 -0.070601 0.852532 0.070155
0.201890 0.123564 1.980158 0.512651 -0.070323 0.852862 0.069785
0.199378 0.119076 1.980667 0.512133 -0.070241 0.853211 0.069413
0.196990 0.114335 1.981296 0.512120 -0.069423 0.853372 0.068334
0.194917 0.108939 1.981681 0.513169 -0.067297 0.852932 0.068088
0.193386 0.104440 1.981719 0.514300 -0.064994 0.852343 0.069158
0.192179 0.100715 1.981645 0.515257 -0.063188 0.851832 0.070001
0.190946 0.097183 1.981724 0.516011 -0.061702 0.851557 0.069101
0.189512 0.093422 1.981885 0.516904 -0.059399 0.851417 0.066102
0.187890 0.090153 1.981976 0.517545 -0.057663 0.851341 0.063564
0.186216 0.087190 1.982104 0.517947 -0.056793 0.851324 0.061268
0.184381 0.084171 1.982337 0.517892 -0.056771 0.851501 0.059258
0.181765 0.080028 1.982887 0.517047 -0.057479 0.852110 0.057160
0.178490 0.075668 1.983487 0.514504 -0.060022 0.853550 0.056008
0.175197 0.071649 1.984065 0.511477 -0.063083 0.855186 0.055394
0.172082 0.067943 1.984560 0.508439 -0.066204 0.856769 0.055258
0.169282 0.063604 1.984599 0.507217 -0.067756 0.857455 0.053966
0.166253 0.059180 1.984530 0.505123 -0.070522 0.858547 0.052669
0.163438 0.055182 1.984422 0.502895 -0.073527 0.859657 0.051771
0.160991 0.051664 1.984276 0.500880 -0.076407 0.860619 0.051146
0.158751 0.048364 1.984056 0.500132 -0.077690 0.861049 0.049253
0.156265 0.045438 1.983943 0.498935 -0.079062 0.861765 0.046621
0.153964 0.043002 1.983899 0.497652 -0.080364 0.862508 0.044322
0.151990 0.040964 1.983872 0.496529 -0.081513 0.863145 0.042377
0.150147 0.038957 1.983849 0.495600 -0.081960 0.863751 0.039974
0.148004 0.036876 1.983867 0.494091 -0.082789 0.864667 0.037013
0.145987 0.035065 1.983915 0.492531 -0.083736 0.865570 0.034496
0.144252 0.033533 1.983961 0.491179 -0.084602 0.866335 0.032407
0.142687 0.032219 1.984129 0.490281 -0.084809 0.866900 0.030280
0.140869 0.031127 1.984521 0.489211 -0.084680 0.867602 0.027726
0.139124 0.030250 1.984926 0.488037 -0.084668 0.868332 0.025483
0.137609 0.029520 1.985288 0.486993 -0.084700 0.868969 0.023592
0.136197 0.028876 1.985602 0.486015 -0.084526 0.869588 0.021464
0.134106 0.028232 1.986041 0.484205 -0.084403 0.870701 0.017375
0.131880 0.027683 1.986564 0.482117 -0.084527 0.871914 0.013554
0.129888 0.027218 1.987048 0.480239 -0.084691 0.872978 0.010311
0.128169 0.026856 1.987459 0.478669 -0.084580 0.873877 0.007729
0.126271 0.027097 1.988074 0.477063 -0.083134 0.874917 0.004400
