-0.054759 0.365432 1.473470 0.694979 -0.004763 0.719000 0.004476
-0.055691 0.365821 1.473650 0.694852 -0.004288 0.719132 0.003434
-0.056509 0.366178 1.473734 0.694813 -0.003798 0.719176 0.002643
-0.057126 0.366626 1.473435 0.694921 -0.003062 0.719076 0.002356
-0.057584 0.366998 1.473102 0.695003 -0.002408 0.718999 0.002211
-0.057935 0.367292 1.472817 0.695068 -0.001895 0.718939 0.002140
-0.058233 0.367448 1.472603 0.695098 -0.001808 0.718910 0.002137
-0.058723 0.367415 1.472465 0.695127 -0.002095 0.718881 0.002101
-0.059300 0.367447 1.472342 0.695160 -0.002125 0.718849 0.001872
-0.059844 0.367509 1.472235 0.695197 -0.002044 0.718815 0.001588
-0.060271 0.367597 1.472194 0.695093 -0.002370 0.718915 0.001409
-0.060450 0.367709 1.472363 0.694940 -0.003339 0.719059 0.001317
-0.060508 0.367784 1.472557 0.694824 -0.004248 0.719167 0.001287
-0.060521 0.367837 1.472725 0.694732 -0.005012 0.719250 0.001295
-0.060504 0.367990 1.472687 0.694593 -0.005668 0.719379 0.001722
-0.060437 0.368323 1.472291 0.694546 -0.006018 0.719419 0.002396
-0.060352 0.368608 1.471911 0.694512 -0.006249 0.719447 0.002987
-0.060276 0.368846 1.471590 0.694488 -0.006424 0.719467 0.003476
-0.060143 0.369067 1.471400 0.693905 -0.006960 0.720020 0.004238
-0.059843 0.369256 1.471391 0.693140 -0.007672 0.720743 0.005154
-0.059508 0.369390 1.471413 0.692544 -0.008364 0.721302 0.005954
-0.059206 0.369497 1.471436 0.692080 -0.008953 0.721735 0.006614
-0.058794 0.369588 1.470866 0.691500 -0.010669 0.722244 0.008729
-0.058245 0.369711 1.469817 0.690995 -0.012275 0.722666 0.011349
-0.057732 0.369813 1.468876 0.690581 -0.013501 0.723002 0.013564
-0.057310 0.369913 1.468087 0.690260 -0.014440 0.723254 0.015347
-0.056691 0.369876 1.466400 0.690452 -0.017065 0.722950 0.018129
-0.055912 0.369748 1.464203 0.690702 -0.019264 0.722570 0.021260
-0.055207 0.369620 1.462277 0.690864 -0.020899 0.722285 0.023986
-0.054631 0.369531 1.460670 0.690989 -0.022120 0.722051 0.026213
-0.053982 0.369896 1.458133 0.691213 -0.025980 0.721563 0.029961
-0.053326 0.370493 1.455424 0.691622 -0.028870 0.720919 0.033200
-0.052762 0.371010 1.453106 0.691949 -0.031009 0.720386 0.035909
-0.052313 0.371465 1.451143 0.692211 -0.032733 0.719942 0.038169
-0.051523 0.372196 1.447782 0.693230 -0.037821 0.718478 0.042319
-0.050549 0.372941 1.444369 0.694283 -0.041776 0.717007 0.046108
-0.049646 0.373533 1.441462 0.695088 -0.044820 0.715823 0.049408
-0.048886 0.374052 1.438924 0.695664 -0.047582 0.714882 0.052252
-0.047868 0.374909 1.434338 0.696659 -0.052444 0.713267 0.056262
-0.046737 0.375616 1.429685 0.697604 -0.055785 0.711769 0.060177
-0.045726 0.376146 1.425716 0.698327 -0.058283 0.710559 0.063634
-0.044882 0.376666 1.422206 0.698733 -0.060953 0.709656 0.066675
-0.043854 0.377941 1.417237 0.699405 -0.065489 0.708277 0.069901
-0.042723 0.379037 1.412593 0.700131 -0.068721 0.706951 0.072905
-0.041703 0.379893 1.408684 0.700708 -0.071194 0.705849 0.075610
-0.040835 0.380717 1.405060 0.701055 -0.074251 0.704897 0.078288
-0.039730 0.382194 1.399922 0.702207 -0.079277 0.702836 0.081503
-0.038520 0.383417 1.395262 0.703286 -0.083043 0.700967 0.084490
-0.037423 0.384377 1.391361 0.704125 -0.085964 0.699440 0.087183
-0.036490 0.385404 1.387600 0.704624 -0.088941 0.698239 0.089765
-0.035449 0.387092 1.382453 0.705763 -0.091602 0.696418 0.092254
-0.034389 0.388430 1.377824 0.706837 -0.093464 0.694758 0.094646
-0.033459 0.389480 1.373953 0.707715 -0.094877 0.693373 0.096819
-0.032614 0.390556 1.370089 0.708307 -0.096646 0.692199 0.099104
-0.031481 0.391847 1.365136 0.709431 -0.098288 0.690432 0.101729
-0.030299 0.392757 1.360763 0.710395 -0.099534 0.688870 0.104355
-0.029245 0.393440 1.357120 0.711163 -0.100512 0.687571 0.106727
-0.028131 0.394200 1.353240 0.711811 -0.102024 0.686363 0.108727
-0.026350 0.394786 1.348249 0.712923 -0.103577 0.684589 0.111135
-0.024459 0.394930 1.343863 0.713747 -0.105019 0.683045 0.113955
-0.022754 0.394926 1.340224 0.714357 -0.106260 0.681768 0.116598
-0.021091 0.395161 1.336527 0.714783 -0.107390 0.680699 0.119172
-0.019120 0.395398 1.332447 0.715464 -0.108141 0.679376 0.121919
-0.017227 0.395384 1.328967 0.715967 -0.108911 0.678223 0.124673
-0.015581 0.395305 1.326093 0.716345 -0.109587 0.677261 0.127116
-0.013577 0.395488 1.323034 0.716836 -0.110896 0.676197 0.128865
-0.010588 0.395391 1.319899 0.717348 -0.112739 0.674897 0.131207
-0.007527 0.394947 1.317343 0.717522 -0.114829 0.673813 0.133987
-0.004784 0.394441 1.315280 0.717554 -0.116760 0.672920 0.136610
-0.001894 0.394098 1.312988 0.718012 -0.119616 0.671657 0.137938
0.001413 0.393439 1.310727 0.718430 -0.122739 0.670273 0.139742
0.004514 0.392630 1.308887 0.718560 -0.125642 0.669154 0.141842
0.007191 0.391871 1.307397 0.718574 -0.128112 0.668252 0.143802
0.010186 0.391777 1.305698 0.719035 -0.130748 0.667179 0.144104
0.013641 0.391559 1.304321 0.719429 -0.133640 0.666028 0.144810
0.016900 0.391149 1.303312 0.719520 -0.136456 0.665112 0.145939
0.019740 0.390718 1.302521 0.719483 -0.138923 0.664389 0.147077
0.022878 0.391027 1.301025 0.719900 -0.140566 0.663738 0.146411
0.026188 0.391079 1.299624 0.720295 -0.142238 0.662947 0.146442
0.029203 0.390903 1.298526 0.720459 -0.143967 0.662279 0.146968
0.031825 0.390707 1.297603 0.720559 -0.145563 0.661727 0.147388
0.035379 0.390910 1.295805 0.721704 -0.146697 0.660583 0.145784
0.039414 0.390430 1.294201 0.722368 -0.148500 0.659455 0.145780
0.043189 0.389653 1.292964 0.722612 -0.150554 0.658547 0.146563
0.046542 0.388955 1.291917 0.722711 -0.152510 0.657859 0.147144
0.050640 0.388929 1.290567 0.723444 -0.154188 0.656901 0.146067
0.054945 0.388486 1.289643 0.723764 -0.156481 0.656009 0.146051
0.058874 0.387831 1.289010 0.723763 -0.158853 0.655313 0.146618
0.062381 0.387307 1.288347 0.723776 -0.161046 0.654756 0.146650
0.066545 0.387026 1.286841 0.724535 -0.162906 0.653751 0.145331
0.070725 0.386202 1.285579 0.724853 -0.165198 0.652814 0.145371
0.074460 0.385228 1.284601 0.724889 -0.167473 0.652055 0.145989
0.077843 0.384510 1.283521 0.725157 -0.169495 0.651281 0.145781
0.081889 0.383919 1.281583 0.726373 -0.171119 0.649807 0.144400
0.085874 0.382811 1.279957 0.727028 -0.173178 0.648524 0.144413
0.089409 0.381612 1.278670 0.727340 -0.175222 0.647499 0.144982
0.092716 0.380692 1.277303 0.727834 -0.177267 0.646429 0.144786
0.096796 0.379688 1.275480 0.728821 -0.179716 0.644777 0.144171
0.100825 0.378251 1.274054 0.729212 -0.182500 0.643422 0.144748
0.104401 0.376790 1.272950 0.729298 -0.185122 0.642351 0.145740
0.107807 0.375654 1.271767 0.729500 -0.187584 0.641379 0.145859
0.111799 0.374439 1.270432 0.729814 -0.190399 0.640198 0.145833
0.115623 0.372956 1.269450 0.729716 -0.193354 0.639237 0.146642
0.118971 0.371520 1.268705 0.729458 -0.196038 0.638471 0.147698
0.122388 0.370299 1.267769 0.729743 -0.197393 0.637745 0.147623
0.126632 0.368341 1.266660 0.729862 -0.198574 0.637071 0.148365
0.130737 0.366012 1.265840 0.729477 -0.200417 0.636519 0.150134
0.134346 0.363803 1.265226 0.728940 -0.202294 0.636086 0.152045
0.138021 0.362170 1.264399 0.729273 -0.203410 0.635348 0.152045
0.142144 0.360403 1.263635 0.729686 -0.204809 0.634439 0.151983
0.145965 0.358489 1.263158 0.729659 -0.206616 0.633718 0.152668
0.149265 0.356707 1.262827 0.729456 -0.208364 0.633164 0.153566
0.152906 0.355365 1.262155 0.729867 -0.208058 0.632782 0.153601
0.157140 0.353496 1.261519 0.729992 -0.208171 0.632379 0.154514
0.161103 0.351381 1.261137 0.729689 -0.209071 0.632037 0.156118
0.164533 0.349394 1.260881 0.729262 -0.210162 0.631752 0.157791
0.168478 0.347995 1.260589 0.729804 -0.209099 0.631512 0.157661
0.172952 0.346161 1.260703 0.729905 -0.209006 0.631294 0.158188
0.177108 0.344131 1.261021 0.729567 -0.209773 0.631140 0.159343
0.180700 0.342215 1.261355 0.729097 -0.210765 0.631029 0.160622
0.184228 0.340795 1.261091 0.729587 -0.209535 0.630784 0.160966
0.187518 0.339206 1.260720 0.729949 -0.208732 0.630423 0.161776
0.190354 0.337646 1.260433 0.730088 -0.208438 0.630093 0.162811
0.192737 0.336274 1.260207 0.730162 -0.208302 0.629813 0.163735
0.195502 0.335049 1.260372 0.730528 -0.206814 0.629825 0.163940
0.198379 0.333548 1.260851 0.730413 -0.206394 0.629899 0.164701
0.200779 0.332418 1.261390 0.730317 -0.205981 0.630025 0.165159
0.202696 0.331680 1.261864 0.730498 -0.205243 0.630093 0.165016
0.204980 0.330795 1.263133 0.730690 -0.202825 0.630872 0.164178
0.207380 0.329716 1.264611 0.730537 -0.201877 0.631484 0.163673
0.209664 0.328313 1.265959 0.729952 -0.201760 0.632082 0.164119
0.211808 0.326526 1.267205 0.729224 -0.201925 0.632699 0.164776
0.214441 0.324136 1.269677 0.728325 -0.199264 0.634615 0.164622
0.217232 0.321537 1.272443 0.726747 -0.198019 0.636578 0.165515
0.219844 0.318984 1.274981 0.725042 -0.197604 0.638298 0.166858
0.222269 0.316729 1.277554 0.723705 -0.195830 0.640168 0.167588
0.225438 0.314322 1.281792 0.721988 -0.190621 0.643487 0.168287
0.228772 0.311646 1.286159 0.719680 -0.188025 0.646476 0.169636
0.231835 0.308994 1.290089 0.717342 -0.186647 0.649013 0.171361
0.234681 0.306524 1.293964 0.715293 -0.183681 0.651870 0.172289
0.238166 0.303750 1.299233 0.712823 -0.178277 0.655954 0.172701
0.241693 0.300645 1.304424 0.709907 -0.175542 0.659474 0.174103
0.244859 0.297570 1.308972 0.707100 -0.174146 0.662367 0.175934
0.247861 0.294939 1.313290 0.704729 -0.171366 0.665454 0.176526
0.251489 0.292525 1.318678 0.702246 -0.167814 0.669098 0.176056
0.254975 0.289975 1.323874 0.699585 -0.166426 0.672192 0.176184
0.258007 0.287508 1.328368 0.697120 -0.166009 0.674722 0.176681
0.261012 0.285639 1.332435 0.695203 -0.162808 0.677501 0.176574
0.264585 0.284001 1.336986 0.693496 -0.158634 0.680360 0.176095
0.267908 0.282135 1.341251 0.691645 -0.156615 0.682717 0.176058
0.270766 0.280281 1.344914 0.689914 -0.155566 0.684622 0.176383
0.274060 0.279097 1.348251 0.688475 -0.151970 0.687052 0.175693
0.278410 0.277667 1.352286 0.686882 -0.148833 0.689508 0.174985
0.282537 0.275707 1.356202 0.684995 -0.147971 0.691569 0.174985
0.286133 0.273626 1.359614 0.683157 -0.147953 0.693245 0.175546
0.290219 0.272377 1.362324 0.681924 -0.145218 0.695212 0.174848
0.294908 0.270921 1.364982 0.680918 -0.141894 0.696917 0.174711
0.299148 0.269033 1.367459 0.679736 -0.140186 0.698265 0.175307
0.302785 0.267077 1.369609 0.678580 -0.139320 0.699307 0.176323
0.307201 0.266444 1.371677 0.677898 -0.136688 0.700950 0.174468
0.312091 0.265683 1.374183 0.677194 -0.134087 0.702524 0.172883
0.316393 0.264543 1.376470 0.676229 -0.131164 0.703948 0.173115
0.320029 0.263293 1.378414 0.675334 -0.129380 0.705053 0.173449
0.324729 0.263546 1.379862 0.674502 -0.128345 0.706773 0.170432
0.329863 0.263579 1.381531 0.674047 -0.127025 0.708054 0.167887
0.334431 0.262980 1.383065 0.673295 -0.124967 0.709217 0.167539
0.338382 0.262032 1.384353 0.672379 -0.122817 0.710242 0.168463
0.343395 0.262610 1.385507 0.671365 -0.123074 0.712077 0.164525
0.348637 0.262780 1.386879 0.670726 -0.122549 0.713411 0.161721
0.353395 0.262110 1.388138 0.669828 -0.121203 0.714591 0.161246
0.357555 0.261261 1.389056 0.668897 -0.119041 0.715683 0.161875
0.362847 0.262282 1.389935 0.667706 -0.119059 0.717619 0.158163
0.368232 0.262906 1.391115 0.666847 -0.119361 0.719208 0.154301
0.373147 0.262673 1.392123 0.666049 -0.118444 0.720420 0.152791
0.377549 0.262215 1.392776 0.665158 -0.116557 0.721597 0.152569
0.382980 0.263408 1.393424 0.663955 -0.116569 0.723514 0.148672
0.388327 0.264111 1.394279 0.663122 -0.117046 0.725068 0.144386
0.393134 0.263972 1.394982 0.662385 -0.116189 0.726251 0.142499
0.397526 0.263662 1.395310 0.661483 -0.114351 0.727490 0.141856
0.402920 0.264539 1.395180 0.660123 -0.114315 0.729365 0.138550
0.408177 0.265197 1.394882 0.659581 -0.113924 0.730527 0.135294
0.412806 0.265129 1.394461 0.659366 -0.112094 0.731221 0.134116
0.417091 0.264982 1.393796 0.659021 -0.109719 0.732041 0.133301
0.422292 0.265588 1.392967 0.658458 -0.108720 0.733212 0.130436
0.427419 0.265917 1.392071 0.658479 -0.106473 0.733781 0.128975
0.431976 0.265491 1.391189 0.658661 -0.103338 0.734026 0.129207
0.436313 0.265017 1.390086 0.658369 -0.100672 0.734729 0.128800
0.441481 0.264884 1.388807 0.657424 -0.099861 0.736044 0.126732
0.446383 0.264283 1.387558 0.657110 -0.097879 0.736696 0.126113
0.450613 0.263187 1.386444 0.656934 -0.095220 0.737079 0.126829
0.454854 0.262455 1.385124 0.656701 -0.092817 0.737653 0.126473
0.459832 0.262162 1.383735 0.656453 -0.089989 0.738348 0.125753
0.464322 0.261997 1.382460 0.656350 -0.085947 0.738858 0.126118
0.468061 0.261908 1.381440 0.656371 -0.082484 0.739185 0.126407
0.471916 0.262031 1.379797 0.655991 -0.079213 0.739988 0.125772
0.476533 0.261629 1.377645 0.655269 -0.076511 0.740940 0.125604
0.480754 0.261213 1.375556 0.655146 -0.074571 0.741313 0.125210
0.484264 0.260849 1.373746 0.655327 -0.073158 0.741383 0.124681
0.488040 0.260753 1.371292 0.655350 -0.070933 0.741719 0.123839
0.492236 0.260468 1.368605 0.655257 -0.069254 0.742072 0.123173
0.495914 0.260361 1.366147 0.655591 -0.067874 0.742035 0.122383
0.498909 0.260377 1.364045 0.656144 -0.066903 0.741796 0.121399
0.502302 0.260663 1.361024 0.656275 -0.065341 0.742014 0.120206
0.505854 0.260760 1.357609 0.656630 -0.064383 0.741960 0.119108
0.508845 0.261112 1.354398 0.657649 -0.063625 0.741350 0.117684
0.511193 0.261614 1.351605 0.658896 -0.063147 0.740542 0.116045
0.514208 0.262233 1.347919 0.659161 -0.062085 0.740637 0.114495
0.517417 0.262480 1.344240 0.659481 -0.061912 0.740591 0.113041
0.520145 0.262918 1.340941 0.660366 -0.061860 0.740061 0.111355
0.522324 0.263445 1.338125 0.661368 -0.061818 0.739418 0.109688
0.524997 0.264182 1.334356 0.661211 -0.060624 0.739821 0.108583
0.527512 0.264687 1.330827 0.661376 -0.060364 0.739875 0.107343
0.529519 0.265067 1.327745 0.662171 -0.060409 0.739352 0.106014
0.531181 0.265477 1.324999 0.663024 -0.060286 0.738770 0.104799
0.533382 0.266324 1.320953 0.662564 -0.058131 0.739370 0.104700
0.535310 0.267022 1.317263 0.662721 -0.057024 0.739378 0.104258
0.536775 0.267687 1.314050 0.663622 -0.056507 0.738739 0.103329
0.537998 0.268483 1.311059 0.664591 -0.055784 0.738073 0.102250
0.539891 0.269451 1.307136 0.664280 -0.053795 0.738589 0.101604
0.541621 0.269888 1.303824 0.664561 -0.053295 0.738494 0.100724
0.543057 0.270101 1.301012 0.665285 -0.053193 0.737973 0.099818
0.544363 0.270358 1.298294 0.665919 -0.052585 0.737538 0.099118
0.545986 0.270399 1.294752 0.665702 -0.050662 0.737811 0.099548
0.547442 0.269871 1.291665 0.666272 -0.050018 0.737300 0.099845
0.548693 0.269196 1.289034 0.667158 -0.049896 0.736492 0.099956
0.549967 0.268742 1.286756 0.667726 -0.049270 0.735998 0.100105
0.551467 0.268558 1.284172 0.667145 -0.047805 0.736550 0.100625
0.552744 0.268286 1.281958 0.666854 -0.046858 0.736816 0.101051
0.553875 0.268158 1.280452 0.666524 -0.046481 0.737126 0.101148
0.554877 0.268041 1.278626 0.666102 -0.045346 0.737541 0.101415
0.555674 0.267204 1.275550 0.665981 -0.043844 0.737566 0.102680
0.556273 0.266204 1.272696 0.666725 -0.043207 0.736800 0.103619
0.556839 0.265268 1.270395 0.667596 -0.043166 0.735940 0.104142
0.557467 0.264673 1.268378 0.667522 -0.042717 0.736006 0.104325
0.557878 0.264019 1.265852 0.667827 -0.042454 0.735750 0.104293
0.558160 0.263458 1.263683 0.668357 -0.042482 0.735278 0.104212
0.558376 0.263089 1.261903 0.669081 -0.042672 0.734656 0.103876
0.558459 0.262612 1.260011 0.669477 -0.041775 0.734343 0.103902
0.558192 0.261946 1.257503 0.671157 -0.040789 0.732888 0.103721
0.557960 0.261293 1.255419 0.672366 -0.040125 0.731801 0.103827
0.557865 0.260750 1.253900 0.673125 -0.039763 0.731109 0.103931
0.557589 0.260083 1.252237 0.674112 -0.039777 0.730252 0.103551
0.557079 0.259300 1.250248 0.675582 -0.039959 0.728936 0.103160
0.556600 0.258623 1.248502 0.676984 -0.040254 0.727666 0.102835
0.556209 0.258089 1.247096 0.678122 -0.040553 0.726626 0.102566
0.555351 0.257461 1.245908 0.679495 -0.041371 0.725365 0.102081
0.554220 0.257409 1.244819 0.680610 -0.041608 0.724381 0.101548
0.552991 0.257632 1.243595 0.682044 -0.041718 0.723121 0.100855
0.551849 0.257966 1.242476 0.683340 -0.041751 0.721987 0.100194
0.549892 0.257775 1.241850 0.685782 -0.045074 0.719780 0.097917
0.547812 0.258007 1.241153 0.687750 -0.047225 0.718030 0.095933
0.545837 0.258451 1.240339 0.689496 -0.048691 0.716477 0.094253
0.544079 0.258960 1.239653 0.691014 -0.049871 0.715122 0.092809
0.541156 0.258482 1.239576 0.693164 -0.053137 0.712969 0.091525
0.538161 0.258570 1.239212 0.694898 -0.054904 0.711272 0.090519
0.535394 0.258976 1.238713 0.696479 -0.056059 0.709758 0.089546
0.532886 0.259423 1.238343 0.697957 -0.057230 0.708338 0.088533
0.529202 0.259600 1.239159 0.700014 -0.059374 0.706313 0.087048
0.525594 0.260651 1.239894 0.701297 -0.059794 0.705172 0.085673
0.522263 0.261990 1.240318 0.702442 -0.059738 0.704201 0.084301
0.519160 0.263206 1.240716 0.703686 -0.060128 0.703100 0.082831
0.514854 0.264053 1.241586 0.705706 -0.061113 0.701162 0.081339
0.510409 0.265205 1.242355 0.707388 -0.061333 0.699577 0.080204
0.506465 0.266196 1.243046 0.708741 -0.061379 0.698296 0.079385
0.502965 0.266926 1.243851 0.709904 -0.062001 0.697169 0.078407
0.498830 0.267904 1.245789 0.710788 -0.063400 0.696319 0.076811
0.494754 0.269468 1.248172 0.711223 -0.064406 0.695960 0.075188
0.491156 0.270669 1.250631 0.711385 -0.065433 0.695819 0.074070
0.487962 0.271468 1.253126 0.711548 -0.066482 0.695634 0.073297
0.484142 0.272782 1.256459 0.711524 -0.067078 0.695696 0.072397
0.480224 0.274614 1.259912 0.711288 -0.067321 0.696020 0.071375
0.476661 0.275950 1.263185 0.711000 -0.067765 0.696331 0.070786
0.473334 0.276716 1.266373 0.711103 -0.068029 0.696220 0.070594
0.469351 0.278266 1.270405 0.711489 -0.067362 0.695951 0.069979
0.465206 0.280425 1.274624 0.711423 -0.066703 0.696188 0.068927
0.461329 0.282199 1.278567 0.711280 -0.066550 0.696438 0.068010
0.457586 0.283199 1.282360 0.711366 -0.066353 0.696399 0.067708
0.453236 0.284820 1.286489 0.711516 -0.065208 0.696399 0.067243
0.448630 0.286838 1.290511 0.711364 -0.064036 0.696740 0.066437
0.444167 0.288542 1.294107 0.711253 -0.063276 0.696995 0.065677
0.439853 0.289685 1.297730 0.711834 -0.062638 0.696528 0.064936
0.435319 0.291400 1.302160 0.712217 -0.061608 0.696339 0.063748
0.430674 0.293322 1.306632 0.712023 -0.060611 0.696741 0.062468
0.426160 0.294916 1.310682 0.711758 -0.059934 0.697169 0.061350
0.421677 0.295940 1.314666 0.712192 -0.058252 0.696907 0.060898
0.416942 0.297260 1.319076 0.712384 -0.056009 0.696942 0.060364
0.412095 0.298633 1.323331 0.712114 -0.054133 0.697428 0.059644
0.407289 0.299736 1.327121 0.711760 -0.052658 0.697959 0.058971
0.402483 0.300545 1.331152 0.712431 -0.049675 0.697467 0.059284
0.397662 0.301723 1.336047 0.712511 -0.046837 0.697586 0.059232
0.392806 0.302921 1.340871 0.712023 -0.044674 0.698261 0.058813
0.387939 0.303862 1.345195 0.711409 -0.042965 0.699034 0.058340
0.382833 0.304578 1.349403 0.712680 -0.038945 0.697919 0.058993
0.377658 0.305373 1.353846 0.713515 -0.035299 0.697230 0.059335
0.372472 0.306028 1.358020 0.713764 -0.032411 0.697111 0.059387
0.367375 0.306359 1.361692 0.713811 -0.030141 0.697165 0.059377
0.362171 0.306598 1.366100 0.715747 -0.025298 0.695335 0.059796
0.357205 0.306930 1.371297 0.716345 -0.021585 0.694845 0.059787
0.352361 0.307089 1.376236 0.716326 -0.018960 0.694964 0.059522
