0.412430 0.272118 1.201377
0.415016 0.272825 1.200105
0.418746 0.273579 1.198293
0.421111 0.273928 1.197153
0.424389 0.274336 1.195724
0.427511 0.274504 1.194435
0.433352 0.274742 1.192308
0.435144 0.274751 1.191682
0.436923 0.274882 1.191114
0.441945 0.275576 1.189630
0.444990 0.276090 1.188619
0.448337 0.276831 1.187337
0.453920 0.278126 1.185049
0.454443 0.277951 1.185062
0.455243 0.277165 1.185359
0.456443 0.275992 1.185404
0.457245 0.275412 1.185487
0.458758 0.274846 1.185633
0.460096 0.274637 1.185661
0.462654 0.274330 1.185535
0.464661 0.274222 1.185357
0.466920 0.274248 1.185069
0.470571 0.274587 1.184601
0.475667 0.275345 1.184064
0.478222 0.275921 1.183862
0.480788 0.276606 1.183698
0.484325 0.277816 1.183812
0.486559 0.278706 1.184088
0.488609 0.279613 1.184551
0.490425 0.280443 1.185283
0.492822 0.281466 1.186660
0.494647 0.282093 1.188505
0.495596 0.282415 1.189916
0.496341 0.282600 1.191473
0.497082 0.282512 1.194068
0.497321 0.282319 1.195800
0.497373 0.282131 1.196675
0.497077 0.281422 1.199447
0.496835 0.280886 1.201181
0.496425 0.279194 1.205698
0.496192 0.278471 1.207632
0.495966 0.277776 1.209244
0.495724 0.277041 1.210481
0.495474 0.276300 1.211325
0.494985 0.275405 1.212258
0.494074 0.274381 1.213384
0.493493 0.274024 1.213821
0.492868 0.273851 1.214071
0.492610 0.273948 1.214020
0.492382 0.274095 1.213869
0.492295 0.274334 1.213646
0.492202 0.274922 1.213077
0.492218 0.275548 1.212445
0.492350 0.276036 1.211933
0.492472 0.276282 1.211684
0.493242 0.277223 1.210646
0.494144 0.277911 1.209871
0.500302 0.282499 1.205062
0.503027 0.284661 1.202865
0.505880 0.287236 1.200659
0.508544 0.289882 1.198743
0.510253 0.291784 1.197540
0.511107 0.292881 1.196991
0.512019 0.294376 1.196460
0.512376 0.295212 1.196342
0.512629 0.296224 1.196319
0.512552 0.296871 1.196517
0.512444 0.297609 1.196616
0.512415 0.298012 1.196548
0.512153 0.299136 1.195260
0.511947 0.299971 1.193993
0.511597 0.301270 1.192546
0.511494 0.301517 1.192109
0.511438 0.301543 1.191661
0.511546 0.300764 1.190799
0.511676 0.299887 1.189633
0.511726 0.299203 1.188451
0.511744 0.298852 1.187603
0.511662 0.298577 1.186546
0.511585 0.298578 1.185978
0.511554 0.298632 1.185752
0.511466 0.298832 1.185410
0.511423 0.298937 1.185347
0.511083 0.297356 1.186940
0.510600 0.294368 1.189957
0.510554 0.294241 1.190152
0.510327 0.292880 1.191494
0.510364 0.292818 1.191389
0.510387 0.292857 1.191311
0.510124 0.293707 1.192187
0.509633 0.293689 1.192597
0.509016 0.293861 1.193177
0.508041 0.294410 1.194209
0.506058 0.295361 1.196135
0.504791 0.295782 1.197292
0.503348 0.296046 1.198525
0.501778 0.296132 1.199768
0.500962 0.296100 1.200360
0.499229 0.295759 1.201511
0.497393 0.295169 1.202574
0.494570 0.293757 1.203919
0.491606 0.292081 1.205084
0.488495 0.290276 1.206094
0.486346 0.289053 1.206681
0.484172 0.287813 1.207206
0.478750 0.284795 1.208302
0.474442 0.282560 1.209221
0.470180 0.280384 1.210250
0.467130 0.278777 1.211168
0.463270 0.276454 1.212594
0.461415 0.275234 1.213395
0.457031 0.272165 1.215499
0.453550 0.269769 1.216980
0.450977 0.267908 1.217889
0.449238 0.266641 1.218421
0.446622 0.264675 1.219068
0.444910 0.263327 1.219349
0.443224 0.261978 1.219551
0.440739 0.260058 1.219680
0.438476 0.258313 1.219612
0.437134 0.257348 1.219407
0.435332 0.256222 1.218961
0.433770 0.255463 1.218369
0.431666 0.255088 1.216819
0.431223 0.255274 1.216294
0.430726 0.255634 1.215490
0.429569 0.256743 1.212854
0.428650 0.257799 1.210772
0.427394 0.258553 1.208482
0.426241 0.259083 1.206855
0.425348 0.259317 1.205793
0.423783 0.259634 1.204361
0.422536 0.259817 1.203669
0.421170 0.260002 1.203168
0.418837 0.260278 1.202809
0.416257 0.260548 1.202799
0.411378 0.260770 1.202982
0.408417 0.260958 1.202993
0.405513 0.261315 1.202882
0.403589 0.261650 1.202707
0.401740 0.262072 1.202420
0.399156 0.262892 1.201820
0.396658 0.263832 1.201055
0.393444 0.265317 1.199847
0.388862 0.267914 1.197648
0.387434 0.268924 1.196764
0.386094 0.270039 1.195789
0.384185 0.271763 1.194339
0.383584 0.272413 1.193817
0.378698 0.279377 1.189846
0.377067 0.282917 1.188403
0.376111 0.285688 1.187340
0.375542 0.287520 1.186789
0.373394 0.298869 1.185194
0.372743 0.301071 1.185399
0.371997 0.303329 1.185819
0.371126 0.305603 1.186475
0.369617 0.309160 1.187785
0.367840 0.312727 1.189547
0.365863 0.316380 1.191640
0.364405 0.318849 1.193271
0.360439 0.325225 1.197684
0.358712 0.327885 1.199685
0.345270 0.349612 1.215668
0.343193 0.353121 1.218184
0.338987 0.360496 1.223171
0.335880 0.366243 1.226754
0.333805 0.370166 1.229088
0.330711 0.376146 1.232394
0.328614 0.380168 1.234551
0.326441 0.384126 1.236699
0.323013 0.390106 1.239882
0.320615 0.394106 1.241969
0.318236 0.398042 1.243989
0.314445 0.403900 1.246989
0.311839 0.407645 1.248865
0.309122 0.411309 1.250691
0.306338 0.414945 1.252429
0.300728 0.421969 1.255559
0.297889 0.425328 1.257013
0.293578 0.430236 1.259003
0.290692 0.433459 1.260176
0.286493 0.438045 1.261581
0.282388 0.442417 1.262615
0.281053 0.443839 1.262880
0.276988 0.448189 1.263605
0.274418 0.451130 1.263844
0.271910 0.454186 1.263994
0.268261 0.458962 1.263974
0.264776 0.463877 1.263643
0.262494 0.467326 1.263280
0.259373 0.472682 1.262432
0.256500 0.478315 1.261307
0.254043 0.484412 1.259794
0.251813 0.491105 1.257964
0.250468 0.495799 1.256607
0.249217 0.500769 1.255082
0.247397 0.508635 1.252623
0.244586 0.522135 1.248276
0.241759 0.535754 1.244064
0.239363 0.546465 1.240929
0.234640 0.566843 1.235995
0.232106 0.576522 1.233779
0.230045 0.583487 1.232049
0.228055 0.590107 1.230277
0.225991 0.596339 1.228528
0.222655 0.606010 1.225538
0.219034 0.616526 1.221819
0.217421 0.621474 1.219826
0.215928 0.626050 1.217913
0.214062 0.631914 1.215266
0.213188 0.634707 1.213953
0.211193 0.641435 1.210557
0.210121 0.645220 1.208519
0.209113 0.648958 1.206412
0.208218 0.652541 1.204289
0.207418 0.656089 1.202064
0.206592 0.660580 1.199051
0.206238 0.662773 1.197517
0.205531 0.668053 1.193619
0.205323 0.670072 1.192015
0.205088 0.674642 1.188130
0.204992 0.677797 1.185286
0.205056 0.679191 1.183958
0.205490 0.682400 1.180692
0.205545 0.684201 1.178997
0.205611 0.684237 1.178892
0.205855 0.684167 1.178857
