0.620435 0.932051 1.118832
0.620407 0.930968 1.114062
0.620379 0.929837 1.109303
0.620351 0.928659 1.104556
0.620322 0.927433 1.099821
0.620294 0.926160 1.095099
0.620290 0.926157 1.095096
0.620286 0.926156 1.095095
0.620279 0.924618 1.098147
0.620273 0.923050 1.101184
0.620266 0.921452 1.104205
0.620259 0.919824 1.107210
0.620253 0.918166 1.110199
0.620246 0.916478 1.113171
0.620239 0.914760 1.116126
0.620232 0.913013 1.119063
0.620225 0.911237 1.121983
0.620219 0.909432 1.124885
0.620212 0.907598 1.127769
0.623060 0.905718 1.130634
0.623038 0.903827 1.133481
0.623013 0.901908 1.136309
0.625784 0.899916 1.139117
0.625742 0.897941 1.141906
0.628451 0.895867 1.144674
0.628389 0.893838 1.147423
0.631035 0.891683 1.150151
0.630952 0.889600 1.152859
0.633532 0.887366 1.155544
0.636070 0.885084 1.158212
0.638566 0.882760 1.160867
0.641014 0.880379 1.163493
0.643416 0.877949 1.166096
0.645767 0.875470 1.168675
0.648069 0.872945 1.171232
0.650317 0.870374 1.173765
0.652513 0.867758 1.176274
0.654657 0.865098 1.178760
0.656747 0.862397 1.181223
0.658783 0.859654 1.183661
0.661175 0.859254 1.183661
0.663978 0.860956 1.186103
0.666823 0.862650 1.188525
0.669713 0.864339 1.190931
0.672645 0.866017 1.193316
0.675620 0.867683 1.195673
0.678637 0.869333 1.198004
0.681698 0.870971 1.200313
0.684802 0.872594 1.202598
0.687949 0.874202 1.204860
0.691138 0.875793 1.207094
0.694372 0.877367 1.209303
0.697650 0.878924 1.211492
0.700974 0.880462 1.213657
0.704342 0.881979 1.215797
0.707754 0.883474 1.217912
0.711212 0.884947 1.220002
0.714717 0.886396 1.222067
0.717378 0.885424 1.222062
0.720022 0.884437 1.222058
0.722656 0.883423 1.222054
0.725280 0.882384 1.222051
0.727893 0.881318 1.222047
0.730500 0.880225 1.222045
0.733097 0.879107 1.222043
0.735681 0.877962 1.222041
0.738254 0.876792 1.222039
0.740815 0.875596 1.222037
0.743364 0.874375 1.222034
0.747191 0.875298 1.224050
0.750922 0.876292 1.226065
0.754693 0.877254 1.228054
0.758505 0.878184 1.230016
0.762359 0.879081 1.231953
0.766254 0.879943 1.233863
0.770189 0.880769 1.235746
0.774165 0.881558 1.237603
0.778181 0.882309 1.239432
0.782336 0.883229 1.236355
0.786513 0.884062 1.233244
0.790706 0.884810 1.230105
0.794912 0.885475 1.226936
0.799131 0.886055 1.223740
0.803361 0.886551 1.220515
0.807599 0.886962 1.217262
0.811845 0.887289 1.213982
0.816096 0.887530 1.210675
0.820351 0.887686 1.207342
0.824608 0.887757 1.203981
0.828866 0.887743 1.200595
0.830443 0.889758 1.197185
0.831991 0.891749 1.193747
0.833518 0.893713 1.190285
0.835024 0.895651 1.186798
0.836507 0.897560 1.183286
0.838354 0.899902 1.184598
0.840209 0.902258 1.185884
0.842071 0.904624 1.187139
0.843940 0.907000 1.188365
0.845817 0.909386 1.189559
0.847701 0.911780 1.190723
0.852511 0.911880 1.191855
0.857363 0.911915 1.192957
0.862246 0.911890 1.194029
0.863838 0.913810 1.190226
0.865399 0.915697 1.186390
0.866934 0.917556 1.182530
0.868445 0.919384 1.178646
0.870451 0.921780 1.179555
0.872463 0.924188 1.180439
0.873961 0.926007 1.176476
0.875433 0.927788 1.172482
0.876879 0.929538 1.168466
0.878300 0.931257 1.164427
0.879692 0.932946 1.160365
0.881058 0.934603 1.156281
0.882398 0.936229 1.152176
0.883712 0.937822 1.148051
0.885000 0.939383 1.143903
0.886260 0.940914 1.139738
0.887494 0.942412 1.135552
0.888701 0.943878 1.131347
0.889880 0.945311 1.127124
0.891033 0.946712 1.122882
0.892157 0.948081 1.118622
0.893255 0.949417 1.114345
0.894324 0.950720 1.110051
0.895365 0.951991 1.105741
0.896379 0.953229 1.101414
0.898446 0.955726 1.101649
0.900524 0.958228 1.101858
0.902602 0.960732 1.102034
0.904680 0.963237 1.102177
0.905679 0.964451 1.097712
0.906637 0.965629 1.093224
0.907564 0.966773 1.088720
0.907547 0.966771 1.088709
0.907537 0.966779 1.088709
0.907527 0.966787 1.088709
0.907516 0.966796 1.088708
0.906564 0.965663 1.093205
0.905583 0.964496 1.097687
0.901417 0.965889 1.102161
0.896952 0.967413 1.106612
0.892436 0.968864 1.111046
0.887891 0.970225 1.115464
0.882408 0.970291 1.115216
0.876950 0.970286 1.114936
0.871521 0.970210 1.114623
0.866122 0.970062 1.114278
0.860754 0.969845 1.113900
0.855418 0.969558 1.113490
0.850115 0.969202 1.113048
0.844846 0.968780 1.112573
0.839611 0.968291 1.112066
0.834412 0.967737 1.111527
0.829249 0.967118 1.110955
0.824122 0.966437 1.110352
0.819033 0.965694 1.109716
0.813983 0.964889 1.109048
0.808972 0.964024 1.108348
0.804000 0.963100 1.107616
0.799070 0.962117 1.106852
0.794182 0.961077 1.106056
0.789335 0.959981 1.105228
0.784532 0.958829 1.104369
0.779773 0.957624 1.103478
0.775058 0.956365 1.102555
0.770389 0.955055 1.101601
0.765765 0.953694 1.100617
0.761188 0.952284 1.099601
0.756657 0.950826 1.098554
0.752174 0.949320 1.097477
0.747739 0.947768 1.096368
0.743352 0.946170 1.095228
0.739013 0.944529 1.094059
0.734724 0.942846 1.092858
0.730484 0.941121 1.091628
0.726294 0.939356 1.090368
0.722155 0.937552 1.089077
0.718066 0.935710 1.087757
0.714028 0.933829 1.086406
0.710041 0.931914 1.085026
0.706105 0.929963 1.083616
0.702221 0.927980 1.082177
0.698389 0.925964 1.080709
0.694609 0.923918 1.079212
0.690881 0.921841 1.077686
0.687205 0.919736 1.076132
0.683582 0.917603 1.074548
0.680337 0.916917 1.077583
0.677399 0.917554 1.085281
0.674162 0.916696 1.088302
0.674162 0.916694 1.088301
0.674163 0.916692 1.088299
0.674163 0.916691 1.088298
0.674423 0.918102 1.085273
0.674678 0.919485 1.082235
0.674678 0.919483 1.082233
0.674678 0.919481 1.082232
0.674958 0.920869 1.086907
0.675229 0.922212 1.091596
0.675491 0.923507 1.096299
0.675491 0.923506 1.096297
0.675492 0.923504 1.096296
0.675492 0.923502 1.096295
0.672455 0.924039 1.096293
0.669412 0.924547 1.096292
0.666365 0.925024 1.096290
0.663313 0.925470 1.096289
0.660257 0.925886 1.096288
0.657197 0.926272 1.096286
0.654133 0.926627 1.096285
0.651065 0.926951 1.096283
0.647995 0.927244 1.096282
0.644922 0.927507 1.096281
0.644922 0.927505 1.096279
0.644923 0.927504 1.096278
0.644923 0.927502 1.096277
0.644924 0.927500 1.096275
0.641849 0.927732 1.096274
0.638771 0.927933 1.096272
0.635691 0.928104 1.096271
0.632610 0.928243 1.096269
0.629528 0.928352 1.096268
0.626445 0.928430 1.096267
0.623361 0.928478 1.096265
0.620277 0.928494 1.096264
0.617193 0.928480 1.096262
0.617193 0.928478 1.096261
0.617194 0.928476 1.096260
