0.664781 1.226276 1.314868
0.658383 1.222945 1.320693
0.652048 1.219491 1.326483
0.645780 1.215917 1.332234
0.639580 1.212222 1.337947
0.633454 1.208408 1.343620
0.627401 1.204477 1.349255
0.621427 1.200431 1.354850
0.618293 1.202957 1.352226
0.616737 1.205424 1.348962
0.615907 1.207884 1.345675
0.615467 1.210308 1.342361
0.615226 1.212698 1.339024
0.615108 1.213542 1.334026
0.615035 1.214329 1.328946
0.615006 1.213500 1.322266
0.614983 1.212560 1.315558
0.615064 1.209404 1.315998
0.615097 1.206282 1.316817
0.615102 1.203151 1.317630
0.614980 1.203776 1.312915
0.614916 1.204313 1.307895
0.614870 1.204796 1.302861
0.614834 1.205228 1.297827
0.614802 1.205608 1.292794
0.614881 1.202411 1.293337
0.614906 1.199253 1.294112
0.614903 1.196087 1.294869
0.614885 1.192913 1.295600
0.614857 1.189731 1.296304
0.614825 1.186541 1.296981
0.614790 1.183343 1.297630
0.614753 1.180139 1.298252
0.614716 1.176927 1.298846
0.614677 1.173708 1.299412
0.614639 1.170484 1.299949
0.614600 1.167253 1.300459
0.614562 1.164017 1.300940
0.614525 1.160776 1.301393
0.614489 1.157530 1.301816
0.614454 1.154279 1.302211
0.614420 1.151024 1.302577
0.614388 1.147765 1.302914
0.614357 1.144502 1.303221
0.614329 1.141236 1.303500
0.614302 1.137967 1.303748
0.614277 1.134696 1.303967
0.614254 1.131422 1.304156
0.614234 1.128146 1.304315
0.614215 1.124868 1.304445
0.614198 1.121589 1.304544
0.614184 1.118309 1.304613
0.614171 1.115028 1.304652
0.614160 1.111747 1.304661
0.614151 1.108465 1.304639
0.614144 1.105184 1.304587
0.614139 1.101904 1.304504
0.614136 1.098624 1.304390
0.614134 1.095345 1.304246
0.614134 1.092069 1.304070
0.614135 1.088793 1.303864
0.614137 1.085521 1.303627
0.614140 1.082250 1.303359
0.614145 1.078983 1.303060
0.614150 1.075718 1.302730
0.614157 1.072457 1.302369
0.614164 1.069200 1.301977
0.614172 1.065947 1.301554
0.614180 1.062698 1.301100
0.614189 1.059454 1.300614
0.614199 1.056214 1.300098
0.614209 1.052981 1.299550
0.614220 1.049753 1.298971
0.614231 1.046531 1.298362
0.614242 1.043315 1.297721
0.614254 1.040105 1.297049
0.614266 1.036903 1.296346
0.614279 1.033708 1.295612
0.614292 1.030520 1.294847
0.614305 1.027341 1.294051
0.614319 1.024169 1.293224
0.614332 1.021006 1.292366
0.614346 1.017851 1.291478
0.614361 1.014706 1.290559
0.614375 1.011570 1.289609
0.614390 1.008444 1.288629
0.614406 1.005328 1.287618
0.614421 1.002222 1.286577
0.614437 0.999127 1.285505
0.614454 0.996042 1.284403
0.614470 0.992969 1.283271
0.614487 0.989908 1.282108
0.614504 0.986858 1.280916
0.614522 0.983820 1.279694
0.614539 0.980795 1.278442
0.614557 0.977782 1.277160
0.614576 0.974783 1.275848
0.614595 0.971797 1.274508
0.614602 0.970535 1.274661
0.614609 0.969273 1.274807
0.614629 0.966330 1.273382
0.614649 0.963400 1.271923
0.614670 0.960484 1.270436
0.614690 0.957584 1.268920
0.614711 0.954699 1.267376
0.614733 0.951829 1.265803
0.614754 0.948976 1.264201
0.614776 0.946139 1.262572
0.614798 0.943318 1.260915
0.614820 0.940514 1.259229
0.614845 0.940859 1.254329
0.614873 0.941152 1.249420
0.614900 0.941397 1.244509
0.614926 0.944546 1.236374
0.614959 0.947511 1.228198
0.614989 0.947507 1.223278
0.615018 0.947457 1.218361
0.615046 0.947357 1.213446
0.615075 0.947207 1.208532
0.615104 0.947009 1.203620
0.615133 0.946762 1.198710
0.615163 0.946465 1.193804
0.615193 0.946120 1.188900
0.615223 0.945726 1.184001
0.615253 0.945283 1.179106
0.615283 0.944791 1.174216
0.615314 0.944250 1.169331
0.615344 0.943661 1.164452
0.615375 0.943023 1.159579
0.615406 0.942336 1.154713
0.615437 0.941600 1.149854
0.615468 0.940817 1.145003
0.615500 0.939984 1.140160
0.615531 0.939104 1.135326
0.615563 0.938175 1.130501
0.615595 0.937198 1.125685
0.615627 0.936173 1.120880
0.615659 0.935100 1.116085
0.615691 0.933979 1.111302
0.615723 0.932810 1.106529
0.615756 0.931594 1.101769
0.615788 0.930330 1.097021
0.615821 0.929019 1.092287
0.615817 0.929016 1.092284
0.615812 0.929014 1.092282
0.615806 0.927504 1.095363
0.615799 0.925963 1.098429
0.615792 0.924392 1.101479
0.615786 0.922791 1.104513
0.615779 0.921159 1.107531
0.615772 0.919497 1.110533
0.615765 0.917806 1.113518
0.618717 0.916113 1.116486
0.621637 0.914360 1.119436
0.621596 0.912580 1.122369
0.621553 0.910771 1.125284
0.624396 0.908904 1.128181
0.627203 0.906979 1.131059
0.629971 0.904999 1.133918
0.629868 0.903076 1.136757
0.632572 0.901014 1.139578
0.635236 0.898899 1.142379
0.637856 0.896730 1.145160
0.640431 0.894510 1.147921
0.643171 0.894292 1.147919
0.646144 0.896511 1.150046
0.649167 0.898719 1.152148
0.652240 0.900915 1.154224
0.655363 0.903097 1.156275
0.658537 0.905265 1.158301
0.661761 0.907417 1.160301
0.665035 0.909552 1.162275
0.668359 0.911670 1.164223
0.671734 0.913769 1.166144
0.675160 0.915847 1.168039
0.678158 0.915671 1.172930
0.681147 0.915417 1.177827
0.684672 0.917405 1.179696
0.688248 0.919368 1.181537
0.691874 0.921307 1.183351
0.695550 0.923221 1.185138
0.699277 0.925108 1.186897
0.703055 0.926967 1.188629
0.706882 0.928797 1.190332
0.710760 0.930596 1.192008
0.714688 0.932365 1.193656
0.718665 0.934101 1.195275
0.722694 0.935803 1.196865
0.726771 0.937471 1.198427
0.730899 0.939102 1.199960
0.735075 0.940697 1.201464
0.739299 0.942253 1.202938
0.743472 0.943443 1.199490
0.747669 0.944545 1.196011
0.750909 0.943244 1.196002
0.754131 0.941917 1.195997
0.757340 0.940557 1.195993
0.760534 0.939166 1.195988
0.763715 0.937743 1.195983
0.766882 0.936288 1.195978
0.770042 0.934801 1.195978
0.773178 0.933284 1.195973
0.776298 0.931736 1.195969
0.779403 0.930157 1.195964
0.782492 0.928546 1.195959
0.785564 0.926905 1.195955
0.788620 0.925234 1.195950
0.792933 0.925700 1.192450
0.795974 0.923953 1.192443
0.798998 0.922179 1.192438
0.802005 0.920374 1.192434
0.804993 0.918539 1.192430
0.807963 0.916675 1.192425
0.810916 0.914779 1.192420
0.815503 0.915319 1.193776
0.820129 0.915808 1.195103
0.824791 0.916244 1.196399
0.829490 0.916626 1.197666
0.834231 0.916951 1.198904
0.839000 0.917223 1.200110
0.843803 0.917438 1.201285
0.848639 0.917596 1.202430
0.850524 0.920010 1.203542
0.852412 0.922438 1.204625
0.854024 0.924475 1.200799
0.855611 0.926477 1.196940
0.857517 0.928922 1.197923
0.862526 0.928977 1.198883
0.867220 0.928497 1.194944
0.871900 0.927918 1.190972
0.873491 0.929786 1.186974
0.875047 0.931632 1.182953
0.876577 0.933446 1.178907
0.878083 0.935245 1.174843
0.879561 0.937000 1.170753
0.881012 0.938723 1.166639
0.882437 0.940414 1.162504
0.883834 0.942074 1.158346
0.885205 0.943703 1.154167
0.886548 0.945299 1.149968
0.887864 0.946863 1.145747
0.889153 0.948394 1.141506
0.890414 0.949892 1.137245
0.891647 0.951358 1.132964
0.892852 0.952792 1.128665
0.894029 0.954193 1.124347
0.895177 0.955561 1.120011
0.896296 0.956897 1.115658
0.897387 0.958199 1.111287
0.898448 0.959469 1.106900
0.899481 0.960706 1.102496
0.900484 0.961910 1.098077
0.900482 0.961911 1.098076
0.900476 0.961916 1.098076
0.900469 0.961921 1.098076
0.896242 0.963330 1.102495
0.891781 0.964816 1.106893
0.887278 0.966222 1.111274
0.882748 0.967538 1.115639
0.877306 0.967551 1.115313
0.871892 0.967493 1.114954
0.866508 0.967365 1.114563
0.861156 0.967166 1.114139
0.855836 0.966898 1.113684
0.850549 0.966563 1.113195
0.845296 0.966160 1.112675
0.840077 0.965691 1.112122
0.834894 0.965157 1.111538
0.829747 0.964559 1.110920
0.824638 0.963898 1.110271
0.819566 0.963175 1.109590
0.814534 0.962391 1.108877
0.809541 0.961547 1.108131
0.804588 0.960643 1.107354
0.799677 0.959681 1.106544
0.794809 0.958662 1.105703
0.789983 0.957587 1.104831
0.785201 0.956458 1.103927
0.780464 0.955275 1.102991
0.775771 0.954039 1.102025
0.771123 0.952752 1.101027
0.766522 0.951414 1.099998
0.761967 0.950028 1.098939
0.757460 0.948594 1.097848
0.753000 0.947113 1.096728
0.748588 0.945586 1.095575
0.744225 0.944014 1.094393
0.739911 0.942399 1.093180
0.735646 0.940742 1.091937
0.731431 0.939044 1.090664
0.727267 0.937306 1.089362
0.723152 0.935530 1.088029
0.719089 0.933716 1.086667
0.715077 0.931864 1.085274
0.711116 0.929978 1.083852
0.707207 0.928058 1.082401
0.703349 0.926105 1.080921
0.699544 0.924120 1.079412
0.695791 0.922105 1.077874
0.692427 0.921524 1.080980
0.689075 0.920877 1.084072
0.685736 0.920163 1.087151
0.682663 0.920672 1.094944
0.679332 0.919781 1.098005
0.676018 0.918824 1.101051
0.673027 0.919367 1.101050
0.670314 0.921420 1.098001
0.667560 0.923419 1.094937
0.664766 0.925362 1.091857
0.661710 0.925793 1.091856
0.658651 0.926193 1.091854
0.655588 0.926562 1.091853
0.652521 0.926901 1.091852
0.649451 0.927209 1.091850
0.646378 0.927486 1.091849
0.643303 0.927733 1.091848
0.640225 0.927949 1.091846
0.637145 0.928134 1.091845
0.634064 0.928288 1.091843
0.630981 0.928411 1.091842
0.627897 0.928504 1.091841
0.624812 0.928566 1.091839
0.621727 0.928597 1.091838
0.618642 0.928597 1.091837
0.615557 0.928566 1.091835
0.612473 0.928505 1.091834
0.612473 0.928503 1.091833
0.612474 0.928501 1.091831
0.612475 0.928500 1.091830
0.612476 0.928498 1.091829
