0.784015 0.917358 1.227263
0.788421 0.918222 1.228750
0.792868 0.919040 1.230207
0.797355 0.919811 1.231635
0.801882 0.920534 1.233033
0.806449 0.921208 1.234401
0.811054 0.921831 1.235740
0.815698 0.922403 1.237048
0.817349 0.924902 1.238321
0.818998 0.927421 1.239569
0.823735 0.927937 1.240791
0.828517 0.928390 1.241977
0.833335 0.928787 1.243133
0.838188 0.929127 1.244258
0.843076 0.929410 1.245352
0.844901 0.931886 1.246409
0.846721 0.934383 1.247440
0.848502 0.936830 1.243551
0.850258 0.939238 1.239619
0.851990 0.941614 1.235658
0.853698 0.943959 1.231667
0.855383 0.946270 1.227648
0.857044 0.948550 1.223601
0.858681 0.950796 1.219525
0.860294 0.953009 1.215422
0.861882 0.955189 1.211292
0.863751 0.957749 1.211997
0.865626 0.960322 1.212682
0.870895 0.960432 1.213338
0.876220 0.960453 1.213959
0.881258 0.960001 1.209687
0.886281 0.959441 1.205375
0.887944 0.961431 1.201034
0.889528 0.963431 1.196670
0.891083 0.965397 1.192280
0.895984 0.964657 1.187867
0.897600 0.966459 1.183428
0.899093 0.968304 1.178966
0.900554 0.970118 1.174480
0.901987 0.971897 1.169971
0.903390 0.973641 1.165440
0.904763 0.975351 1.160887
0.906108 0.977025 1.156312
0.907422 0.978665 1.151716
0.908707 0.980269 1.147099
0.909962 0.981838 1.142462
0.914401 0.980769 1.137797
0.919154 0.979333 1.133120
0.920824 0.980378 1.128435
0.922063 0.981717 1.123723
0.923206 0.983074 1.118992
0.924306 0.984405 1.114244
0.924300 0.984410 1.114242
0.924286 0.984421 1.114242
0.920098 0.985638 1.118992
0.915376 0.987177 1.123715
0.910541 0.988686 1.128417
0.905667 0.990106 1.133101
0.900766 0.991428 1.137766
0.895840 0.992651 1.142411
0.890894 0.993773 1.147036
0.885927 0.994795 1.151641
0.880943 0.995717 1.156225
0.875943 0.996537 1.160788
0.870929 0.997257 1.165329
0.867657 0.996721 1.169833
0.864412 0.996110 1.174335
0.861180 0.995431 1.178836
0.857962 0.994684 1.183334
0.854759 0.993871 1.187829
0.851572 0.992989 1.192320
0.848401 0.992039 1.196807
0.845248 0.991022 1.201288
0.842113 0.989936 1.205764
0.838405 0.992137 1.205764
0.834672 0.994301 1.205762
0.830917 0.996427 1.205759
0.825265 0.999477 1.205606
0.819567 1.002449 1.205472
0.813828 1.005343 1.205358
0.808048 1.008159 1.205266
0.806109 1.009064 1.205196
0.804188 1.009956 1.205146
0.802266 1.010845 1.205117
0.800343 1.011731 1.205109
0.796436 1.013507 1.205108
0.792491 1.015250 1.205106
0.787498 1.014521 1.209404
0.782519 1.013693 1.213674
0.777378 1.012326 1.213043
0.772284 1.010900 1.212377
0.767236 1.009417 1.211679
0.762237 1.007880 1.210949
0.757286 1.006289 1.210188
0.752383 1.004646 1.209395
0.747530 1.002950 1.208569
0.742727 1.001204 1.207713
0.737974 0.999410 1.206825
0.733272 0.997567 1.205906
0.728621 0.995678 1.204956
0.724022 0.993742 1.203974
0.719476 0.991762 1.202961
0.714982 0.989739 1.201917
0.710540 0.987674 1.200842
0.706153 0.985568 1.199737
0.701818 0.983422 1.198601
0.697538 0.981237 1.197434
0.693312 0.979015 1.196237
0.689141 0.976757 1.195009
0.685024 0.974463 1.193752
0.680963 0.972137 1.192464
0.676956 0.969777 1.191147
0.673005 0.967386 1.189799
0.669109 0.964964 1.188422
0.665269 0.962513 1.187015
0.661484 0.960035 1.185579
0.657755 0.957530 1.184114
0.654082 0.954999 1.182619
0.650465 0.952444 1.181097
0.646903 0.949865 1.179544
0.643397 0.947265 1.177963
0.639947 0.944643 1.176353
0.636552 0.942002 1.174716
0.633213 0.939342 1.173050
0.633095 0.936549 1.171357
0.632978 0.933774 1.169635
0.632861 0.931015 1.167886
0.632746 0.928274 1.166108
0.632631 0.925551 1.164304
0.632516 0.922847 1.162473
0.632403 0.920160 1.160615
0.632290 0.917493 1.158730
0.632177 0.914844 1.156819
0.632066 0.912215 1.154881
0.631955 0.909605 1.152916
0.629124 0.911792 1.150005
0.626250 0.913921 1.147074
0.623334 0.915993 1.144121
0.620377 0.918006 1.141149
0.617380 0.919959 1.138157
0.614345 0.921852 1.135146
0.611272 0.923684 1.132115
0.611294 0.922816 1.127291
0.614336 0.921973 1.122476
0.617357 0.922012 1.122474
0.620378 0.922022 1.122472
0.620379 0.922020 1.122470
0.620382 0.923797 1.119439
0.620384 0.925545 1.116391
0.620387 0.927261 1.113325
0.620389 0.928947 1.110242
0.620386 0.929402 1.102394
0.620381 0.928152 1.097655
0.620376 0.926854 1.092929
0.620376 0.926852 1.092928
0.620377 0.926851 1.092926
0.620378 0.926849 1.092925
