0.620000 0.923503 1.090176
0.620001 0.923502 1.090175
0.623037 0.923484 1.090173
0.626072 0.923437 1.090172
0.629107 0.923360 1.090171
0.632140 0.923252 1.090170
0.635173 0.923114 1.090169
0.638332 0.925076 1.091011
0.641634 0.928467 1.088789
0.644889 0.930361 1.081822
0.648170 0.932075 1.074821
0.651474 0.933608 1.067790
0.654794 0.934957 1.060730
0.658127 0.936124 1.053645
0.661468 0.937108 1.046539
0.664811 0.937908 1.039413
0.668151 0.938525 1.032272
0.671485 0.938957 1.025118
0.674807 0.939206 1.017953
0.678112 0.939274 1.010783
0.681395 0.939159 1.003609
0.684651 0.938863 0.996434
0.687877 0.938387 0.989262
0.691066 0.937733 0.982096
0.694215 0.936900 0.974939
0.694158 0.936651 0.967795
0.694065 0.936255 0.960665
0.693938 0.935714 0.953552
0.693777 0.935029 0.946461
0.694295 0.937246 0.943626
0.694806 0.939435 0.940769
0.695311 0.941597 0.937890
0.695809 0.943731 0.934988
0.696300 0.945836 0.932065
0.696785 0.947914 0.929121
0.697263 0.949962 0.926155
0.697734 0.951982 0.923169
0.698199 0.953973 0.920162
0.698656 0.955935 0.917135
0.699106 0.957867 0.914087
0.699550 0.959769 0.911021
0.699986 0.961641 0.907934
0.700415 0.963484 0.904829
0.700837 0.965296 0.901705
0.700737 0.964877 0.898161
0.700736 0.964877 0.898161
0.700734 0.964877 0.898160
0.700732 0.964878 0.898160
0.700730 0.964878 0.898160
0.701243 0.967079 0.898562
0.701755 0.969276 0.898986
0.702266 0.971468 0.899433
0.702776 0.973656 0.899902
0.703285 0.975840 0.900394
0.703793 0.978018 0.900908
0.704299 0.980192 0.901445
0.704804 0.982360 0.902003
0.705212 0.984111 0.898843
0.705612 0.985831 0.895664
0.706005 0.987520 0.892468
0.706390 0.989178 0.889255
0.703098 0.991646 0.886026
0.699717 0.994060 0.882780
0.699986 0.995641 0.879515
0.699845 0.995002 0.875677
0.699840 0.995003 0.875677
0.699836 0.995004 0.875677
0.699832 0.995005 0.875677
0.699827 0.995006 0.875677
0.699823 0.995006 0.875677
0.699819 0.995007 0.875676
0.699876 0.994988 0.875680
0.699905 0.994975 0.875680
0.699932 0.994962 0.875681
0.699957 0.994951 0.875681
0.699953 0.994951 0.875681
0.700078 0.995592 0.879517
0.700197 0.996195 0.883360
0.696635 0.997528 0.887213
0.692951 0.998805 0.891067
0.689240 1.000008 0.894927
0.685506 1.001137 0.898791
0.682323 1.005756 0.907030
0.678710 1.008037 0.914625
0.675036 1.010137 0.922262
0.671307 1.012051 0.929940
0.667527 1.013779 0.937654
0.663701 1.015319 0.945403
0.659834 1.016669 0.953182
0.655930 1.017828 0.960989
0.651995 1.018794 0.968821
0.648034 1.019566 0.976674
0.644051 1.020144 0.984546
0.640051 1.020525 0.992434
0.636040 1.020710 1.000334
0.632023 1.020698 1.008243
0.628004 1.020488 1.016158
0.623990 1.020081 1.024076
0.619984 1.019476 1.031994
0.615992 1.018674 1.039909
0.615993 1.017734 1.047817
0.616000 1.016636 1.055716
0.616008 1.015381 1.063602
0.616017 1.013969 1.071472
0.619951 1.012419 1.079322
0.619947 1.010693 1.087151
0.619942 1.008811 1.094955
0.619938 1.007272 1.098834
0.619932 1.004267 1.097553
0.619926 1.001275 1.096241
0.619921 0.998296 1.094899
0.619914 0.993393 1.092298
0.619907 0.988492 1.089686
0.619901 0.985056 1.092151
0.619894 0.981596 1.094582
0.619888 0.978111 1.096979
0.619882 0.974603 1.099340
0.619876 0.971072 1.101666
0.619869 0.967517 1.103957
0.619863 0.963940 1.106212
0.619856 0.960340 1.108431
0.619850 0.956718 1.110615
0.619844 0.953075 1.112762
0.619839 0.951360 1.116083
0.619833 0.951360 1.116082
0.619826 0.951112 1.111567
0.619819 0.950795 1.107095
0.619812 0.950411 1.102666
0.619805 0.948391 1.101574
0.619798 0.946361 1.100501
0.619791 0.944320 1.099449
0.619784 0.942269 1.098418
0.619777 0.940207 1.097407
0.619770 0.938136 1.096416
0.619763 0.936054 1.095447
0.619756 0.933963 1.094498
0.619749 0.931863 1.093571
0.619742 0.929754 1.092664
0.619735 0.927635 1.091778
0.619727 0.925508 1.090914
0.619720 0.923372 1.090071
0.619715 0.923372 1.090071
0.616675 0.923353 1.090070
0.613581 0.926133 1.091700
0.610429 0.928898 1.093302
0.607221 0.931645 1.094876
0.603957 0.934375 1.096420
0.600635 0.937085 1.097936
0.597257 0.939775 1.099423
0.593822 0.942444 1.100881
0.590330 0.945090 1.102309
0.586781 0.947712 1.103708
0.583175 0.950309 1.105078
0.579512 0.952880 1.106417
0.575792 0.955423 1.107727
0.572016 0.957938 1.109007
0.568183 0.960423 1.110257
0.564294 0.962877 1.111476
0.560349 0.965300 1.112666
0.556347 0.967688 1.113824
0.552290 0.970042 1.114952
0.548177 0.972361 1.116050
0.544008 0.974642 1.117116
0.539785 0.976885 1.118152
0.535507 0.979089 1.119156
0.531174 0.981252 1.120130
0.526788 0.983374 1.121072
0.522348 0.985452 1.121983
0.517855 0.987486 1.122862
0.513309 0.989475 1.123710
0.508710 0.991418 1.124526
0.504060 0.993313 1.125311
0.499359 0.995159 1.126063
0.494607 0.996955 1.126784
0.489805 0.998699 1.127473
0.484953 1.000392 1.128130
0.480052 1.002031 1.128755
0.475103 1.003615 1.129348
0.470106 1.005144 1.129909
0.465062 1.006616 1.130437
0.459972 1.008029 1.130933
0.454836 1.009384 1.131397
0.449656 1.010679 1.131828
0.444431 1.011912 1.132227
0.439163 1.013083 1.132593
0.433853 1.014191 1.132927
0.428501 1.015234 1.133228
0.423109 1.016212 1.133497
0.417677 1.017123 1.133733
0.412206 1.017967 1.133936
0.406697 1.018742 1.134106
0.401151 1.019448 1.134244
0.395569 1.020084 1.134349
0.389952 1.020649 1.134421
0.384302 1.021141 1.134460
0.378618 1.021560 1.134466
0.372904 1.021905 1.134440
0.367159 1.022176 1.134381
0.361384 1.022371 1.134289
0.355582 1.022490 1.134164
0.349753 1.022532 1.134006
0.343898 1.022496 1.133815
0.338813 1.021263 1.128925
0.333752 1.019923 1.124011
0.327845 1.019658 1.123718
0.321922 1.019320 1.123397
0.315981 1.018902 1.123043
0.310022 1.018404 1.122656
0.304048 1.017824 1.122236
0.298060 1.017162 1.121784
0.292997 1.015294 1.116663
0.287974 1.013321 1.111518
0.282991 1.011247 1.106356
0.278053 1.009076 1.101178
0.272056 1.008032 1.100558
0.266052 1.006910 1.099913
0.260046 1.005705 1.099235
0.254036 1.004417 1.098524
0.249174 1.001863 1.093210
0.244369 0.999210 1.087872
0.239620 0.996463 1.082520
0.233650 0.994868 1.081674
0.227681 0.993193 1.080804
0.221716 0.991434 1.079903
0.217070 0.988381 1.074451
0.212495 0.985235 1.068977
0.206584 0.983245 1.067971
0.200677 0.981173 1.066944
0.196205 0.977797 1.061405
0.191811 0.974332 1.055843
0.187490 0.970782 1.050270
0.183243 0.967150 1.044687
0.179071 0.963435 1.039093
0.173322 0.960925 1.037871
0.169248 0.957062 1.032248
0.165262 0.953115 1.026606
0.161358 0.949092 1.020955
0.157536 0.944994 1.015297
0.153798 0.940820 1.009631
0.150145 0.936574 1.003959
0.146579 0.932256 0.998281
0.146575 0.928761 0.988409
0.147585 0.926445 0.978593
0.149460 0.924578 0.974446
0.151533 0.922956 0.970332
0.153719 0.921433 0.966246
0.153734 0.921451 0.966241
0.153758 0.921484 0.966239
0.155559 0.923769 0.965921
0.157932 0.927351 0.965917
0.160710 0.931473 0.965912
0.162059 0.933439 0.965895
0.162652 0.934295 0.965885
0.163189 0.934612 0.971425
0.163602 0.934658 0.976966
0.165628 0.936946 0.982521
0.168548 0.940364 0.988063
0.171910 0.944233 0.993596
0.177468 0.946777 0.994919
0.183129 0.949347 0.996209
0.188846 0.951879 0.997468
0.194596 0.954343 0.998698
0.200368 0.956727 0.999898
0.204399 0.960474 1.001349
0.208472 0.964162 1.002793
0.212586 0.967791 1.004229
0.216614 0.971480 1.009580
0.222494 0.973479 1.010628
0.230057 0.973859 1.011294
0.237599 0.974117 1.011951
0.243466 0.975817 1.012905
0.249332 0.977424 1.013828
0.255194 0.978940 1.014720
0.261052 0.980365 1.015580
0.266905 0.981700 1.016409
0.274733 0.984824 1.017195
0.283511 0.988645 1.017956
0.290671 0.990816 1.018702
0.297084 0.992205 1.019409
0.303156 0.993206 1.020082
0.309072 0.993994 1.020722
0.312854 0.997106 1.020722
0.318668 0.997671 1.021328
0.324457 0.998146 1.021903
0.330222 0.998534 1.022445
0.333522 0.997006 1.022971
0.338421 0.996644 1.023438
0.343834 0.996624 1.023880
0.349413 0.996669 1.024291
0.353637 0.998645 1.028924
0.354671 0.999381 1.028939
0.354965 0.999590 1.028944
0.358295 1.000812 1.033553
0.362357 1.002450 1.038165
0.366659 1.004145 1.042770
0.371050 1.005791 1.047366
0.375488 1.007358 1.051951
0.379960 1.008838 1.056526
0.384462 1.010229 1.061090
