0.252284 0.922546 1.124569
0.247884 0.919978 1.119794
0.243536 0.917323 1.115003
0.239243 0.914582 1.110194
0.235005 0.911755 1.105368
0.230826 0.908845 1.100526
0.226705 0.905852 1.095669
0.222647 0.902778 1.090796
0.218651 0.899624 1.085909
0.213195 0.897419 1.085527
0.209589 0.897861 1.085095
0.206557 0.899146 1.084643
0.203736 0.900736 1.084164
0.200996 0.902438 1.083653
0.198291 0.904184 1.083111
0.195603 0.905944 1.082537
0.192926 0.907710 1.081930
0.190256 0.909475 1.081291
0.187594 0.911239 1.080620
0.186463 0.911978 1.075400
0.185378 0.912684 1.070161
0.184338 0.913362 1.064910
0.183341 0.914011 1.059646
0.182390 0.914632 1.054371
0.181484 0.915226 1.049085
0.180623 0.915793 1.043789
0.179812 0.916339 1.038483
0.179853 0.916397 1.038480
0.179871 0.916423 1.038479
0.179878 0.916432 1.038478
0.179882 0.916434 1.038476
0.179883 0.916432 1.038474
0.181417 0.918689 1.038465
0.184573 0.921546 1.043759
0.188151 0.924856 1.049047
0.191967 0.928334 1.054325
0.197560 0.930648 1.055148
0.203201 0.932927 1.055939
0.208869 0.935143 1.056699
0.214551 0.937280 1.057427
0.220241 0.939333 1.058123
0.225937 0.941298 1.058788
0.231635 0.943176 1.059420
0.237334 0.944967 1.060021
0.245041 0.948964 1.060577
0.253617 0.953719 1.061109
0.261112 0.960013 1.066053
0.266631 0.963961 1.071009
0.272815 0.965634 1.071456
0.278710 0.966927 1.071866
0.284498 0.968035 1.072241
0.290243 0.969029 1.072584
0.295965 0.969929 1.072894
0.301672 0.970744 1.073170
0.307361 0.971476 1.073414
0.313033 0.972126 1.073626
0.318686 0.972697 1.073806
0.324320 0.973189 1.073953
0.329934 0.973602 1.074067
0.335526 0.973937 1.074149
0.341095 0.974195 1.074199
0.346641 0.974376 1.074216
0.352161 0.974482 1.074200
0.357656 0.974514 1.074151
0.363124 0.974471 1.074070
0.368563 0.974355 1.073956
0.369600 0.973462 1.078301
0.374791 0.973117 1.078116
0.380146 0.972842 1.077904
0.385482 0.972505 1.077660
0.390786 0.972100 1.077383
0.396056 0.971627 1.077074
0.401292 0.971086 1.076732
0.402943 0.968289 1.076374
0.404480 0.965430 1.075964
0.409542 0.964751 1.075524
0.414647 0.964057 1.075052
0.419715 0.963300 1.074548
0.424745 0.962481 1.074012
0.429737 0.961601 1.073443
0.434688 0.960660 1.072842
0.439600 0.959660 1.072209
0.444470 0.958602 1.071543
0.449299 0.957487 1.070846
0.454084 0.956316 1.070117
0.458826 0.955091 1.069356
0.463524 0.953812 1.068563
0.468177 0.952481 1.067739
0.472785 0.951097 1.066883
0.477347 0.949663 1.065996
0.481861 0.948180 1.065077
0.486329 0.946648 1.064127
0.490749 0.945069 1.063146
0.495120 0.943445 1.062134
0.499442 0.941776 1.061091
0.503715 0.940063 1.060017
0.507938 0.938306 1.058912
0.512112 0.936508 1.057776
0.516234 0.934670 1.056610
0.520306 0.932793 1.055413
0.524326 0.930878 1.054187
0.528294 0.928926 1.052930
0.531390 0.929825 1.052928
0.534493 0.930694 1.052927
0.537883 0.930451 1.056143
0.541266 0.930141 1.059347
0.544641 0.929763 1.062540
0.548009 0.929317 1.065720
0.551366 0.928805 1.068889
0.554712 0.928225 1.072045
0.558046 0.927578 1.075188
0.561366 0.926865 1.078317
0.564671 0.926086 1.081433
0.567959 0.925240 1.084535
0.571229 0.924329 1.087623
0.574481 0.923353 1.090697
0.577711 0.922312 1.093756
0.580920 0.921206 1.096799
0.584106 0.920037 1.099827
0.587109 0.920380 1.099826
0.590116 0.920692 1.099825
0.593000 0.922522 1.096794
0.595920 0.924295 1.093748
0.598966 0.924518 1.093747
0.602013 0.924711 1.093745
0.605061 0.924874 1.093744
0.608112 0.925007 1.093743
0.611163 0.925109 1.093741
0.614215 0.925180 1.093740
0.617268 0.925221 1.093739
0.620321 0.925232 1.093738
0.620322 0.925230 1.093736
0.617271 0.925216 1.093735
0.614204 0.926664 1.090674
0.611108 0.928050 1.087599
0.607986 0.929374 1.084508
0.604837 0.930635 1.081404
0.601663 0.931833 1.078286
0.598466 0.932968 1.075155
0.595384 0.932383 1.067419
0.592142 0.933792 1.060377
0.588883 0.935020 1.053310
0.585612 0.936066 1.046221
0.582335 0.936928 1.039113
0.579055 0.937608 1.031990
0.575777 0.938105 1.024855
0.572506 0.938420 1.017710
0.569247 0.938553 1.010560
0.566005 0.938504 1.003406
0.562784 0.938274 0.996252
0.559590 0.937865 0.989101
0.556503 0.936878 0.985191
0.552886 0.938429 0.985643
0.549232 0.939934 0.986118
0.545451 0.941802 0.983314
0.541632 0.943599 0.980483
0.537776 0.945325 0.977627
0.533968 0.946654 0.978124
0.530126 0.947934 0.978644
0.526252 0.949165 0.979186
0.522345 0.950345 0.979750
0.518407 0.951474 0.980337
0.515098 0.950440 0.980336
0.515096 0.950439 0.980336
0.514437 0.952549 0.980944
0.513781 0.954653 0.981574
0.513126 0.956750 0.982226
0.513299 0.956251 0.978336
0.513486 0.955710 0.974448
0.514339 0.953031 0.969913
0.515206 0.950309 0.965406
0.516086 0.947544 0.960928
0.516979 0.944737 0.956479
0.516978 0.944735 0.956478
0.516978 0.944733 0.956477
0.517918 0.941780 0.955434
0.518853 0.938839 0.954361
0.519786 0.935908 0.953257
0.520716 0.932986 0.952121
0.521623 0.930136 0.947702
0.522544 0.927244 0.943313
0.523471 0.924334 0.942148
0.524394 0.921436 0.940952
0.524395 0.921434 0.940951
0.524396 0.921431 0.940950
0.524396 0.921429 0.940949
0.524397 0.921426 0.940948
0.521389 0.920455 0.940947
0.518390 0.919452 0.940946
0.515414 0.918384 0.937783
0.512459 0.917257 0.934620
0.512491 0.917162 0.931459
0.509571 0.915950 0.928300
0.506675 0.914676 0.925141
0.503734 0.913526 0.925140
0.503733 0.913525 0.925140
0.503733 0.913523 0.925140
0.503733 0.913522 0.925139
0.504874 0.910652 0.924065
0.506010 0.907793 0.922962
0.507143 0.904945 0.921827
0.508271 0.902108 0.920662
0.509395 0.899282 0.919466
0.510610 0.896222 0.915268
0.510611 0.896220 0.915268
0.510612 0.896217 0.915266
0.510614 0.896214 0.915265
0.510615 0.896211 0.915264
0.510616 0.896208 0.915262
0.510618 0.896204 0.915261
0.510619 0.896201 0.915260
0.510726 0.895927 0.912290
0.510844 0.895624 0.909323
0.510972 0.895293 0.906359
0.511111 0.894936 0.903399
0.511111 0.894933 0.903398
0.511111 0.894931 0.903398
0.510912 0.894875 0.903427
0.510719 0.894821 0.903458
0.510532 0.894770 0.903489
0.510301 0.894730 0.903545
0.510204 0.894716 0.903575
0.510114 0.894700 0.903602
0.510034 0.894672 0.903632
0.509948 0.894657 0.903660
0.509932 0.894630 0.903666
0.509789 0.894979 0.906625
0.509657 0.895301 0.909588
0.506786 0.894477 0.912555
0.506673 0.894742 0.915524
0.509326 0.896101 0.918496
0.512006 0.897406 0.921471
0.514711 0.898657 0.924447
0.517441 0.899854 0.927426
0.519168 0.903892 0.934763
0.521016 0.907772 0.942193
0.523658 0.909379 0.949103
0.526366 0.910822 0.956032
0.529135 0.912100 0.962977
0.531962 0.913209 0.969935
0.534842 0.914149 0.976904
0.537770 0.914918 0.983880
0.540743 0.915514 0.990860
0.543754 0.915936 0.997841
0.547336 0.914025 1.000131
0.550877 0.912050 1.002393
0.553901 0.912104 1.009317
0.556948 0.911982 1.016234
0.560015 0.911683 1.023140
0.563315 0.910152 1.022334
0.566450 0.909337 1.018611
0.569571 0.908436 1.014945
0.572676 0.907452 1.011337
0.575764 0.906386 1.007789
0.578914 0.904618 1.007179
0.581739 0.904951 1.011106
0.584570 0.905217 1.015031
0.587408 0.905416 1.018956
0.592330 0.905744 1.022875
0.597278 0.905969 1.026813
0.600146 0.905925 1.030732
0.603013 0.905814 1.034647
0.605877 0.905634 1.038560
0.608839 0.903544 1.037973
0.611757 0.901417 1.037407
0.614565 0.901484 1.037406
0.617330 0.903747 1.037970
0.620140 0.905978 1.038556
0.622994 0.908174 1.039163
0.625879 0.909963 1.043703
0.625873 0.909962 1.043702
0.625867 0.909961 1.043702
0.622961 0.910004 1.043701
0.620055 0.910018 1.043700
0.620049 0.910017 1.043699
0.620016 0.911804 1.048256
0.619984 0.913546 1.052832
