0.615892 0.933549 1.099286
0.612697 0.936346 1.100869
0.609447 0.939127 1.102424
0.606139 0.941889 1.103949
0.602774 0.944632 1.105446
0.599351 0.947354 1.106913
0.595872 0.950054 1.108351
0.592336 0.952732 1.109760
0.588742 0.955385 1.111139
0.585091 0.958013 1.112489
0.581382 0.960614 1.113808
0.577617 0.963188 1.115098
0.573795 0.965732 1.116357
0.569916 0.968247 1.117587
0.565980 0.970730 1.118785
0.561988 0.973181 1.119954
0.557939 0.975598 1.121092
0.553834 0.977980 1.122199
0.549674 0.980327 1.123275
0.545457 0.982635 1.124320
0.541186 0.984905 1.125335
0.536859 0.987136 1.126318
0.532478 0.989325 1.127270
0.528043 0.991473 1.128190
0.523554 0.993577 1.129079
0.519011 0.995637 1.129937
0.514415 0.997650 1.130763
0.509767 0.999617 1.131557
0.505067 1.001536 1.132319
0.500316 1.003406 1.133050
0.495513 1.005225 1.133748
0.490660 1.006993 1.134415
0.485758 1.008708 1.135049
0.480806 1.010370 1.135652
0.475806 1.011976 1.136222
0.470758 1.013526 1.136759
0.465663 1.015019 1.137265
0.460521 1.016454 1.137737
0.455334 1.017829 1.138178
0.450101 1.019144 1.138586
0.444825 1.020397 1.138961
0.439505 1.021588 1.139304
0.434143 1.022714 1.139614
0.428739 1.023776 1.139891
0.423294 1.024773 1.140135
0.417810 1.025702 1.140347
0.412286 1.026564 1.140526
0.406725 1.027356 1.140672
0.401126 1.028079 1.140785
0.395492 1.028732 1.140865
0.389822 1.029313 1.140913
0.384119 1.029821 1.140927
0.378383 1.030256 1.140909
0.372616 1.030616 1.140857
0.366817 1.030902 1.140773
0.360990 1.031112 1.140655
0.355135 1.031245 1.140505
0.349252 1.031301 1.140321
0.343344 1.031278 1.140105
0.337412 1.031177 1.139856
0.331457 1.030997 1.139573
0.325481 1.030737 1.139258
0.319484 1.030396 1.138909
0.313468 1.029973 1.138528
0.307435 1.029470 1.138114
0.304034 1.030928 1.137643
0.301498 1.033044 1.137154
0.296742 1.033432 1.136660
0.291192 1.033151 1.136122
0.285311 1.032543 1.135547
0.279287 1.031748 1.134937
0.273197 1.030824 1.134293
0.267074 1.029796 1.133617
0.263136 1.030590 1.132883
0.260151 1.032198 1.132130
0.258473 1.033209 1.126647
0.257061 1.034363 1.121126
0.253731 1.033758 1.115607
0.249499 1.032248 1.110063
0.244837 1.030226 1.104498
0.241931 1.029692 1.098898
0.239937 1.029916 1.093290
0.238438 1.030521 1.087672
0.237218 1.031308 1.082041
0.236164 1.032173 1.076397
0.234030 1.034367 1.075290
0.231927 1.036595 1.074172
0.229851 1.038831 1.073022
0.227796 1.041071 1.071840
0.225756 1.043308 1.070628
0.223731 1.045541 1.069384
0.221719 1.047769 1.068108
0.219720 1.049990 1.066801
0.217733 1.052205 1.065463
0.216931 1.053096 1.059558
0.216195 1.053940 1.053609
0.215509 1.054748 1.047650
0.212861 1.053634 1.041672
0.209116 1.051380 1.035688
0.206872 1.050458 1.029710
0.206280 1.049881 1.029699
0.206048 1.049653 1.029694
0.205972 1.049574 1.029686
0.205964 1.049561 1.029679
0.208929 1.051157 1.035641
0.213087 1.053771 1.041593
0.219064 1.055320 1.043026
0.225285 1.056996 1.044420
0.231612 1.058673 1.045784
0.237989 1.060299 1.047119
0.244389 1.061849 1.048424
0.250798 1.063312 1.049699
0.259475 1.066528 1.050943
0.269268 1.070427 1.052157
0.277331 1.072778 1.053343
0.284547 1.074358 1.054500
0.291349 1.075527 1.055627
0.297944 1.076452 1.056724
0.304431 1.077214 1.057789
0.309795 1.079449 1.063333
0.315172 1.081558 1.068868
0.320575 1.083549 1.074390
0.326950 1.083911 1.075335
0.333303 1.084182 1.076245
0.339633 1.084361 1.077124
0.345938 1.084451 1.077972
0.352217 1.084453 1.078789
0.355954 1.082947 1.079591
0.358489 1.080736 1.080352
0.363032 1.079634 1.081060
0.368467 1.078992 1.081744
0.374279 1.078502 1.082399
0.380237 1.078030 1.083024
0.386238 1.077518 1.083618
0.392235 1.076941 1.084179
0.398210 1.076290 1.084709
0.404155 1.075562 1.085207
0.410064 1.074757 1.085672
0.415936 1.073875 1.086105
0.421769 1.072917 1.086506
0.427565 1.071883 1.086873
0.433320 1.070775 1.087208
0.439033 1.069593 1.087511
0.444704 1.068340 1.087781
0.450332 1.067015 1.088018
0.455915 1.065623 1.088224
0.461455 1.064162 1.088397
0.466948 1.062634 1.088538
0.472396 1.061040 1.088646
0.477797 1.059380 1.088722
0.483151 1.057657 1.088765
0.488456 1.055870 1.088775
0.493712 1.054022 1.088753
0.498918 1.052113 1.088698
0.504074 1.050144 1.088610
0.509178 1.048117 1.088490
0.514231 1.046033 1.088338
0.519231 1.043892 1.088152
0.524178 1.041697 1.087934
0.529071 1.039447 1.087684
0.533909 1.037145 1.087401
0.538692 1.034792 1.087085
0.543419 1.032388 1.086737
0.548089 1.029935 1.086356
0.552702 1.027434 1.085943
0.557258 1.024886 1.085498
0.561757 1.022292 1.085020
0.566196 1.019654 1.084509
0.570578 1.016973 1.083966
0.574900 1.014249 1.083390
0.579162 1.011485 1.082783
0.583365 1.008682 1.082143
0.587508 1.005841 1.081471
0.591591 1.002963 1.080768
0.595612 1.000049 1.080032
0.599573 0.997101 1.079265
0.603473 0.994120 1.078466
0.607311 0.991107 1.077635
0.611088 0.988064 1.076773
0.614803 0.984991 1.075880
0.618456 0.981891 1.074956
0.618460 0.978768 1.074001
0.618464 0.975652 1.073013
0.618468 0.972546 1.071995
0.618472 0.969451 1.070946
0.618477 0.966366 1.069865
0.618482 0.963293 1.068755
0.618487 0.960231 1.067613
0.618493 0.957180 1.066442
0.618500 0.954141 1.065239
0.618507 0.951114 1.064006
0.618514 0.948099 1.062743
0.618521 0.945098 1.061450
0.618529 0.942109 1.060127
0.618537 0.939134 1.058774
0.618527 0.937959 1.061958
0.618515 0.936752 1.065130
0.618483 0.937161 1.072908
0.618449 0.937400 1.080721
0.618436 0.936004 1.083886
0.618423 0.934578 1.087037
0.618409 0.933120 1.090174
0.618395 0.931631 1.093296
0.618381 0.930111 1.096403
0.618366 0.928559 1.099495
0.618367 0.928558 1.099494
