0.620000 0.925571 1.087683
0.623057 0.925553 1.087681
0.626113 0.925506 1.087680
0.629168 0.925428 1.087678
0.632280 0.926750 1.084615
0.635489 0.929439 1.086239
0.638754 0.932110 1.087835
0.642075 0.934763 1.089403
0.645452 0.937395 1.090942
0.648886 0.940006 1.092451
0.652376 0.942594 1.093932
0.655922 0.945159 1.095383
0.659524 0.947699 1.096805
0.663182 0.950214 1.098198
0.666897 0.952702 1.099562
0.670667 0.955162 1.100895
0.674494 0.957592 1.102199
0.678376 0.959992 1.103472
0.682314 0.962359 1.104715
0.686307 0.964694 1.105928
0.686884 0.967680 1.107111
0.687462 0.970679 1.108264
0.688041 0.973689 1.109386
0.688351 0.975303 1.105774
0.688073 0.973848 1.101084
0.687785 0.972348 1.096410
0.687896 0.972924 1.092525
0.688000 0.973463 1.088635
0.688096 0.973961 1.084739
0.688186 0.974422 1.080838
0.688267 0.974844 1.076932
0.688342 0.975228 1.073022
0.688408 0.975574 1.069109
0.692021 0.975182 1.065194
0.695627 0.974711 1.061274
0.699221 0.974166 1.057352
0.699266 0.974359 1.053429
0.699300 0.974511 1.049503
0.699326 0.974626 1.045576
0.699343 0.974701 1.041647
0.699351 0.974739 1.037718
0.699351 0.974738 1.033789
0.699342 0.974700 1.029860
0.699325 0.974622 1.025932
0.699299 0.974507 1.022005
0.699768 0.976606 1.022798
0.700235 0.978697 1.023613
0.700700 0.980781 1.024449
0.701164 0.982856 1.025307
0.701626 0.984922 1.026186
0.702264 0.987783 1.023321
0.702897 0.990614 1.020427
0.703522 0.993419 1.017504
0.704141 0.996193 1.014552
0.704754 0.998940 1.011573
0.705359 1.001658 1.008565
0.705959 1.004346 1.005530
0.706551 1.007006 1.002468
0.707136 1.009635 0.999379
0.707715 1.012235 0.996264
0.708287 1.014804 0.993122
0.708745 1.016864 0.994023
0.704779 1.017730 0.994023
0.700893 1.019038 0.989954
0.700972 1.019480 0.985879
0.697062 1.020669 0.981802
0.697115 1.021033 0.977719
0.697174 1.021354 0.973633
0.697226 1.021635 0.969545
0.697271 1.021876 0.965454
0.697307 1.022077 0.961360
0.697335 1.022237 0.957265
0.697356 1.022358 0.953168
0.696768 1.019289 0.944610
0.696151 1.016098 0.940182
0.695526 1.012864 0.935787
0.694893 1.009586 0.931425
0.694252 1.006266 0.927097
0.693603 1.002904 0.922802
0.692946 0.999499 0.918542
0.692703 0.998251 0.914826
0.692453 0.996967 0.911123
0.692867 0.999161 0.911654
0.693284 1.001349 0.912207
0.693700 1.003532 0.912783
0.694114 1.005709 0.913381
0.693862 1.004387 0.909691
0.693599 1.003030 0.906014
0.693328 1.001637 0.902352
0.696797 0.999467 0.898702
0.700274 0.997221 0.895069
0.700776 0.999376 0.895690
0.700460 0.997881 0.892072
0.699672 0.994189 0.887849
0.698875 0.990457 0.883665
0.698070 0.986683 0.879518
0.697257 0.982870 0.875410
0.697251 0.982871 0.875410
0.697249 0.982871 0.875410
0.697246 0.982872 0.875410
0.697244 0.982872 0.875410
0.697242 0.982872 0.875410
0.697494 0.982860 0.875446
0.697506 0.982845 0.875444
0.697470 0.982838 0.875435
0.697466 0.982837 0.875435
0.697463 0.982837 0.875434
0.697591 0.983480 0.879147
0.697714 0.984087 0.882866
0.697829 0.984657 0.886591
0.694320 0.985947 0.890325
0.690747 0.987171 0.894061
0.687150 0.988323 0.897802
0.684137 0.992953 0.905917
0.681016 0.997393 0.914144
0.677466 0.999507 0.921684
0.673858 1.001440 0.929264
0.670197 1.003188 0.936880
0.666489 1.004751 0.944530
0.662738 1.006126 0.952211
0.658949 1.007312 0.959919
0.655126 1.008308 0.967652
0.651275 1.009112 0.975406
0.647401 1.009723 0.983178
0.643508 1.010141 0.990966
0.639602 1.010364 0.998766
0.635688 1.010393 1.006575
0.631770 1.010226 1.014389
0.627854 1.009863 1.022207
0.623945 1.009305 1.030024
0.620047 1.008550 1.037838
0.620041 1.007620 1.045645
0.620037 1.006532 1.053442
0.620033 1.005288 1.061227
0.620028 1.003888 1.068995
0.620024 1.002332 1.076745
0.620020 1.000621 1.084472
0.620015 0.998754 1.092173
0.620010 0.996813 1.090947
0.620005 0.994859 1.089739
0.620000 0.991420 1.092273
0.619995 0.987955 1.094772
0.619990 0.984466 1.097236
0.619984 0.982500 1.096048
0.619979 0.980523 1.094880
0.619973 0.977009 1.097309
0.619968 0.973471 1.099703
0.619962 0.969910 1.102061
0.619956 0.966325 1.104384
0.619951 0.962716 1.106671
0.619945 0.959086 1.108922
0.619939 0.955432 1.111136
0.619933 0.951757 1.113314
0.619928 0.949769 1.112166
0.619922 0.947769 1.111037
0.619916 0.945758 1.109929
0.619909 0.943736 1.108841
0.619903 0.941703 1.107773
0.619897 0.939660 1.106726
0.619891 0.937606 1.105699
0.619885 0.935542 1.104693
0.619879 0.933468 1.103707
0.619873 0.931385 1.102743
0.619866 0.929291 1.101799
0.619860 0.927189 1.100876
0.619854 0.925078 1.099974
0.619847 0.922957 1.099093
0.616812 0.922940 1.099093
0.613746 0.924438 1.096055
0.610612 0.927191 1.097680
0.607421 0.929927 1.099276
0.604173 0.932646 1.100844
0.600869 0.935346 1.102384
0.597509 0.938026 1.103894
0.594092 0.940686 1.105375
0.590618 0.943323 1.106828
0.587087 0.945936 1.108251
0.583499 0.948525 1.109644
0.579855 0.951089 1.111008
0.576154 0.953625 1.112342
0.572397 0.956133 1.113646
0.568583 0.958612 1.114920
0.564713 0.961060 1.116164
0.560787 0.963477 1.117378
0.556805 0.965860 1.118561
0.552767 0.968210 1.119714
0.548674 0.970524 1.120836
0.544525 0.972802 1.121928
0.540322 0.975042 1.122989
0.536064 0.977243 1.124018
0.531751 0.979404 1.125017
0.527385 0.981524 1.125984
0.522965 0.983601 1.126921
0.518492 0.985634 1.127825
0.513966 0.987623 1.128699
0.509388 0.989565 1.129541
0.504758 0.991461 1.130351
0.500076 0.993308 1.131129
0.495344 0.995105 1.131876
0.490562 0.996852 1.132591
0.485730 0.998546 1.133274
0.480850 1.000188 1.133925
0.475920 1.001776 1.134543
0.470943 1.003308 1.135130
0.465919 1.004784 1.135685
0.460849 1.006203 1.136207
0.455733 1.007563 1.136696
0.450572 1.008863 1.137154
0.445367 1.010102 1.137579
0.440118 1.011280 1.137971
0.434827 1.012394 1.138331
0.429494 1.013445 1.138659
0.424121 1.014431 1.138953
0.418707 1.015350 1.139215
0.413255 1.016203 1.139445
0.407764 1.016987 1.139642
0.402236 1.017703 1.139805
0.396672 1.018348 1.139937
0.391073 1.018923 1.140035
0.385440 1.019426 1.140100
0.379774 1.019856 1.140133
0.374076 1.020213 1.140133
0.368348 1.020496 1.140100
0.362590 1.020703 1.140034
0.356803 1.020834 1.139935
0.350989 1.020889 1.139804
0.345150 1.020866 1.139639
0.339286 1.020765 1.139442
0.333398 1.020585 1.139211
0.327489 1.020325 1.138948
0.321559 1.019986 1.138652
0.315610 1.019566 1.138323
0.309643 1.019065 1.137961
0.303659 1.018482 1.137567
0.297661 1.017817 1.137139
0.291648 1.017070 1.136679
0.285624 1.016240 1.136186
0.279590 1.015326 1.135660
0.273546 1.014329 1.135102
0.267494 1.013248 1.134511
0.262325 1.011116 1.129221
0.258492 1.007559 1.129199
0.254648 1.003928 1.129188
0.250821 1.000242 1.129178
0.247023 0.996508 1.129167
0.243258 0.992732 1.129155
0.239530 0.988917 1.129144
0.235840 0.985064 1.129133
0.230812 0.982397 1.123825
0.225885 0.979671 1.118488
0.221033 0.976870 1.113133
0.216250 0.973985 1.107762
0.211531 0.971011 1.102374
0.206878 0.967949 1.096971
0.202290 0.964799 1.091552
0.197768 0.961560 1.086119
0.193316 0.958235 1.080671
0.188933 0.954825 1.075211
0.184621 0.951330 1.069737
0.180383 0.947753 1.064250
0.176219 0.944094 1.058751
0.172131 0.940355 1.053242
0.168121 0.936537 1.047721
0.164189 0.932643 1.042190
0.160338 0.928672 1.036649
0.157953 0.926725 1.031096
0.157289 0.925578 1.030955
0.156951 0.924992 1.030902
0.157571 0.924253 1.036420
0.159676 0.925677 1.041941
0.160353 0.926694 1.041938
0.160685 0.927188 1.041935
0.160851 0.927433 1.041932
0.160936 0.927558 1.041929
0.160984 0.927626 1.041927
0.161012 0.927667 1.041924
0.162567 0.929969 1.041923
0.164947 0.933450 1.041922
0.167750 0.937479 1.041920
0.171663 0.941233 1.047433
0.175728 0.945017 1.052940
0.179903 0.948768 1.058435
0.184169 0.952456 1.063919
0.189983 0.954902 1.064911
0.194079 0.958654 1.066439
0.198218 0.962346 1.067959
0.202398 0.965978 1.069470
0.206885 0.969324 1.074881
0.211436 0.972578 1.080282
0.216049 0.975738 1.085668
0.222343 0.977338 1.090338
0.228662 0.978815 1.094971
0.235001 0.980168 1.099567
0.239781 0.982908 1.104828
0.244610 0.985546 1.110073
0.247955 0.989611 1.116069
0.251392 0.993587 1.122113
0.256400 0.995938 1.127350
0.261452 0.998187 1.132567
0.269069 1.002653 1.137755
