0.620000 0.928321 1.089910
0.620001 0.928319 1.089909
0.620001 0.928318 1.089908
0.620002 0.928316 1.089907
0.616920 0.928299 1.089905
0.613838 0.928251 1.089904
0.610757 0.928172 1.089902
0.607676 0.928063 1.089901
0.604597 0.927922 1.089900
0.601432 0.929202 1.086808
0.598243 0.930419 1.083702
0.594858 0.933702 1.081416
0.591408 0.936926 1.079095
0.588052 0.938516 1.072017
0.584677 0.939922 1.064910
0.581288 0.941144 1.057777
0.577653 0.944005 1.055304
0.573960 0.946801 1.052799
0.570210 0.949530 1.050262
0.566406 0.952191 1.047691
0.562548 0.954783 1.045089
0.558818 0.956310 1.045879
0.554861 0.958789 1.043245
0.550854 0.961195 1.040579
0.546797 0.963529 1.037881
0.542693 0.965790 1.035154
0.539041 0.965851 1.027679
0.535416 0.965723 1.020195
0.531823 0.965407 1.012707
0.528268 0.964905 1.005218
0.524754 0.964219 0.997732
0.521288 0.963351 0.990251
0.517100 0.964886 0.987335
0.512881 0.966343 0.984392
0.508631 0.967723 0.981423
0.504351 0.969024 0.978429
0.500758 0.968166 0.974749
0.496445 0.969315 0.971705
0.492109 0.970385 0.968636
0.487749 0.971373 0.965542
0.483369 0.972280 0.962424
0.479035 0.972936 0.963083
0.475511 0.971508 0.963083
0.472002 0.970045 0.963083
0.468507 0.968546 0.963083
0.464134 0.969014 0.963764
0.459739 0.969423 0.964468
0.455237 0.969955 0.961326
0.450722 0.970403 0.958161
0.447225 0.968692 0.958160
0.443745 0.966946 0.958160
0.440282 0.965165 0.958160
0.435813 0.965271 0.958885
0.432368 0.963410 0.958885
0.427881 0.963410 0.959632
0.424455 0.961470 0.959632
0.421049 0.959497 0.959632
0.417663 0.957489 0.959632
0.414297 0.955448 0.959632
0.409719 0.955336 0.956443
0.405141 0.955138 0.953231
0.400564 0.954856 0.949997
0.395989 0.954488 0.946740
0.392644 0.952244 0.942714
0.389345 0.949934 0.938688
0.386092 0.947558 0.934663
0.382887 0.945117 0.930638
0.379646 0.942728 0.930638
0.376428 0.940307 0.930638
0.373235 0.937853 0.930638
0.370066 0.935367 0.930638
0.366923 0.932850 0.930638
0.363804 0.930302 0.930638
0.360712 0.927722 0.930637
0.357645 0.925112 0.930637
0.354605 0.922471 0.930637
0.351591 0.919799 0.930637
0.348604 0.917098 0.930637
0.345645 0.914367 0.930637
0.342812 0.911503 0.926613
0.339909 0.908714 0.926613
0.337033 0.905896 0.926613
0.334186 0.903049 0.926613
0.331367 0.900174 0.926613
0.328577 0.897271 0.926613
0.325817 0.894341 0.926613
0.323086 0.891382 0.926612
0.320522 0.888274 0.922591
0.318021 0.885116 0.918571
0.315382 0.882080 0.918571
0.312774 0.879017 0.918571
0.310196 0.875928 0.918571
0.307649 0.872814 0.918570
0.305134 0.869674 0.918570
0.302650 0.866509 0.918570
0.300198 0.863319 0.918570
0.297779 0.860105 0.918570
0.295391 0.856867 0.918570
0.291236 0.854890 0.919185
0.287094 0.852850 0.919823
0.282965 0.850747 0.920482
0.278851 0.848581 0.921164
0.274946 0.846224 0.917740
0.271084 0.843795 0.914297
0.269419 0.844682 0.910830
0.265702 0.842281 0.907354
0.264066 0.843078 0.903850
0.262547 0.844004 0.900332
0.261063 0.844920 0.896797
0.259609 0.845817 0.893245
0.258185 0.846694 0.889676
0.256790 0.847551 0.886090
0.255425 0.848388 0.882489
0.254090 0.849205 0.878871
0.252230 0.850351 0.879574
0.250925 0.851146 0.875941
0.251503 0.850765 0.871589
0.251495 0.850751 0.871589
0.251485 0.850735 0.871589
0.251476 0.850719 0.871588
0.251466 0.850703 0.871588
0.251457 0.850687 0.871588
0.251447 0.850671 0.871587
0.251437 0.850655 0.871587
0.251428 0.850639 0.871587
0.251241 0.850345 0.871575
0.251223 0.850314 0.871572
0.251242 0.850335 0.871564
0.251268 0.850360 0.871551
0.251297 0.850385 0.871535
0.250706 0.850742 0.875884
0.250144 0.851063 0.880239
0.249620 0.851365 0.884602
0.249134 0.851646 0.888971
0.248686 0.851904 0.893344
0.248275 0.852139 0.897723
0.247902 0.852352 0.902107
0.249693 0.855896 0.906483
0.251756 0.859728 0.910872
0.250976 0.865477 0.919847
0.250435 0.871180 0.928931
0.251820 0.875637 0.937117
0.253385 0.880000 0.945341
0.255128 0.884265 0.953600
0.257048 0.888427 0.961890
0.259140 0.892482 0.970210
0.261405 0.896424 0.978554
0.263838 0.900249 0.986922
0.266437 0.903952 0.995308
0.269199 0.907530 1.003711
0.272121 0.910976 1.012126
0.275587 0.913972 1.016658
0.279112 0.916895 1.021180
0.282694 0.919747 1.025695
0.288081 0.920954 1.025056
0.293453 0.922085 1.024385
0.298500 0.923429 1.027584
0.303561 0.924680 1.030757
0.308636 0.925838 1.033902
0.313725 0.926902 1.037019
0.318826 0.927874 1.040107
0.323937 0.928752 1.043166
0.329056 0.929538 1.046195
0.334181 0.930229 1.049195
0.339310 0.930827 1.052165
0.344442 0.931332 1.055105
0.349575 0.931743 1.058014
0.354707 0.932061 1.060892
0.359837 0.932285 1.063739
0.364962 0.932416 1.066555
0.370080 0.932454 1.069339
0.375191 0.932400 1.072091
0.380292 0.932253 1.074811
0.385381 0.932014 1.077498
0.390457 0.931682 1.080153
0.395518 0.931260 1.082774
0.400562 0.930746 1.085362
0.405588 0.930141 1.087916
0.410594 0.929446 1.090437
0.415577 0.928662 1.092924
0.420538 0.927788 1.095376
0.425473 0.926826 1.097793
0.430381 0.925775 1.100176
0.435260 0.924637 1.102524
0.440110 0.923412 1.104836
0.444928 0.922101 1.107113
0.449712 0.920704 1.109354
0.454461 0.919223 1.111559
0.457457 0.920861 1.111558
0.460470 0.922468 1.111557
0.463498 0.924046 1.111556
0.466542 0.925593 1.111555
0.469601 0.927109 1.111554
0.473509 0.926840 1.110331
0.477401 0.926512 1.109128
0.481277 0.926127 1.107944
0.485135 0.925684 1.106780
0.488975 0.925183 1.105636
0.492795 0.924626 1.104512
0.496595 0.924013 1.103408
0.500374 0.923345 1.102324
0.504131 0.922621 1.101260
0.507865 0.921843 1.100217
0.511575 0.921011 1.099194
0.515260 0.920125 1.098192
0.518920 0.919187 1.097211
0.522554 0.918197 1.096251
0.526161 0.917155 1.095311
0.529739 0.916062 1.094393
0.533289 0.914918 1.093495
0.536809 0.913725 1.092619
0.540299 0.912483 1.091764
0.543222 0.913263 1.091763
0.546153 0.914014 1.091762
0.548599 0.916809 1.092615
0.551095 0.919576 1.093489
0.554089 0.920248 1.093489
0.557089 0.920890 1.093488
0.560095 0.921503 1.093486
0.563107 0.922085 1.093485
0.566125 0.922637 1.093484
0.569148 0.923159 1.093483
0.572176 0.923651 1.093482
0.575209 0.924113 1.093481
0.578246 0.924544 1.093480
0.581288 0.924945 1.093479
0.584333 0.925316 1.093478
0.587382 0.925656 1.093477
0.590434 0.925966 1.093476
0.593489 0.926245 1.093476
0.596547 0.926494 1.093475
0.599607 0.926712 1.093474
0.602669 0.926900 1.093473
0.605733 0.927057 1.093472
0.608798 0.927184 1.093471
0.611865 0.927279 1.093470
0.614932 0.927345 1.093469
0.618000 0.927380 1.093468
0.621067 0.927384 1.093467
0.624135 0.927357 1.093466
0.627202 0.927300 1.093465
0.630269 0.927212 1.093464
0.633334 0.927094 1.093463
0.636399 0.926945 1.093462
0.639461 0.926766 1.093461
0.642522 0.926556 1.093460
0.645580 0.926315 1.093459
0.648636 0.926044 1.093458
0.651982 0.928551 1.095098
0.655383 0.931037 1.096710
0.658839 0.933501 1.098294
0.662350 0.935943 1.099849
0.665916 0.938361 1.101375
0.669537 0.940754 1.102873
0.673213 0.943120 1.104341
0.676944 0.945459 1.105780
0.680730 0.947769 1.107189
0.684570 0.950050 1.108569
0.688465 0.952300 1.109920
0.692415 0.954517 1.111240
0.696419 0.956701 1.112531
0.700476 0.958851 1.113792
0.704588 0.960964 1.115022
0.708753 0.963041 1.116222
0.712971 0.965080 1.117391
0.717242 0.967079 1.118530
0.721565 0.969038 1.119639
0.725941 0.970956 1.120716
0.730368 0.972830 1.121763
0.733885 0.971710 1.121762
0.737390 0.970555 1.121760
0.741473 0.971033 1.118054
0.745565 0.971429 1.114329
0.749663 0.971743 1.110588
0.753766 0.971976 1.106829
0.757273 0.970622 1.106828
0.760766 0.969233 1.106826
0.765455 0.970709 1.107717
0.770190 0.972134 1.108576
0.774972 0.973507 1.109404
0.779800 0.974826 1.110200
0.784673 0.976091 1.110964
0.789590 0.977301 1.111697
0.794551 0.978454 1.112397
0.799554 0.979549 1.113066
0.804600 0.980585 1.113702
0.809686 0.981562 1.114307
0.814813 0.982479 1.114879
0.819980 0.983333 1.115419
0.825185 0.984125 1.115926
0.830428 0.984854 1.116402
0.835707 0.985518 1.116845
0.841022 0.986117 1.117255
0.846371 0.986650 1.117633
0.851754 0.987115 1.117978
0.857170 0.987513 1.118291
0.862617 0.987842 1.118571
0.868094 0.988102 1.118818
0.873600 0.988291 1.119033
0.879134 0.988410 1.119215
0.884695 0.988457 1.119364
0.890282 0.988432 1.119480
0.895893 0.988334 1.119564
0.901527 0.988162 1.119614
0.907182 0.987916 1.119632
0.912859 0.987596 1.119617
