0.628411 0.967268 1.015422
0.628433 0.966623 1.022818
0.628453 0.965824 1.030209
0.628472 0.964874 1.037590
0.628427 0.961705 1.040401
0.628382 0.958508 1.043179
0.628336 0.955283 1.045926
0.628300 0.953071 1.045314
0.628254 0.949819 1.048028
0.628208 0.946541 1.050710
0.628161 0.943235 1.053358
0.628114 0.939903 1.055973
0.628066 0.936545 1.058555
0.628029 0.934327 1.057965
0.628025 0.934327 1.057965
0.628010 0.933162 1.061103
0.628027 0.934171 1.064864
0.628044 0.935129 1.068678
0.628061 0.936035 1.072545
0.628045 0.934724 1.075699
0.628028 0.933381 1.078840
0.628011 0.932007 1.081968
0.627994 0.930602 1.085081
0.627976 0.929165 1.088181
0.627958 0.927698 1.091265
0.627940 0.926200 1.094335
0.627936 0.926200 1.094335
0.627931 0.926200 1.094335
0.627927 0.926200 1.094334
0.627922 0.926200 1.094334
0.627918 0.926199 1.094334
0.627914 0.926199 1.094334
0.627909 0.926199 1.094333
0.627905 0.926199 1.094333
0.627900 0.926199 1.094333
0.627896 0.926199 1.094332
0.627891 0.926199 1.094332
0.627887 0.926199 1.094332
0.627882 0.926198 1.094331
0.627878 0.926198 1.094331
0.627873 0.926198 1.094330
0.627869 0.926198 1.094330
0.627864 0.926198 1.094330
0.627860 0.926198 1.094329
0.627855 0.926198 1.094329
0.627850 0.926197 1.094328
0.627846 0.926197 1.094328
0.627841 0.926197 1.094327
0.627837 0.926197 1.094327
0.627832 0.926197 1.094326
0.627828 0.926197 1.094326
0.627823 0.926197 1.094325
0.627818 0.926196 1.094325
0.630875 0.926103 1.094324
0.633931 0.925979 1.094323
0.636985 0.925824 1.094323
0.640155 0.927750 1.095216
0.643245 0.928335 1.091370
0.646346 0.928850 1.087517
0.649456 0.929296 1.083656
0.652574 0.929671 1.079788
0.655697 0.929977 1.075914
0.658826 0.930213 1.072033
0.661957 0.930378 1.068146
0.665091 0.930473 1.064254
0.668225 0.930499 1.060357
0.671357 0.930454 1.056455
0.674487 0.930338 1.052548
0.677612 0.930153 1.048638
0.681093 0.931632 1.049552
0.684606 0.933062 1.050487
0.688153 0.934444 1.051443
0.691731 0.935777 1.052420
0.695341 0.937060 1.053417
0.698981 0.938292 1.054436
0.702652 0.939472 1.055474
0.706351 0.940601 1.056533
0.710078 0.941677 1.057613
0.713831 0.942701 1.058712
0.717611 0.943670 1.059832
0.721417 0.944585 1.060971
0.725247 0.945445 1.062131
0.729461 0.947380 1.059864
0.733718 0.949240 1.057566
0.738015 0.951026 1.055237
0.742313 0.952520 1.056798
0.746657 0.953975 1.058331
0.751048 0.955390 1.059835
0.755531 0.956980 1.057388
0.759628 0.957434 1.058567
0.763743 0.957829 1.059766
0.767875 0.958164 1.060984
0.772024 0.958439 1.062221
0.775436 0.957081 1.058297
0.778820 0.955653 1.054371
0.782990 0.955783 1.055628
0.787173 0.955852 1.056904
0.791367 0.955859 1.058199
0.795573 0.955804 1.059513
0.799788 0.955686 1.060846
0.804012 0.955506 1.062197
0.808244 0.955263 1.063567
0.812482 0.954957 1.064955
0.816726 0.954587 1.066361
0.820975 0.954153 1.067785
0.825227 0.953655 1.069227
0.829482 0.953094 1.070687
0.832820 0.951088 1.066760
0.836117 0.949017 1.062832
0.839373 0.946880 1.058904
0.842585 0.944678 1.054976
0.846815 0.943882 1.056453
0.851042 0.943023 1.057948
0.855266 0.942099 1.059461
0.859486 0.941110 1.060990
0.863700 0.940057 1.062537
0.867907 0.938939 1.064100
0.872912 0.938731 1.065545
0.877946 0.938466 1.066961
0.883008 0.938143 1.068348
0.888098 0.937762 1.069704
0.893149 0.937301 1.067104
0.898200 0.936751 1.064475
0.903250 0.936112 1.061817
0.908296 0.935383 1.059130
0.913338 0.934565 1.056415
0.918373 0.933658 1.053672
0.923630 0.932847 1.054817
0.928908 0.931970 1.055932
0.934206 0.931027 1.057016
0.938484 0.929038 1.058596
0.942742 0.926984 1.060192
0.946979 0.924865 1.061805
0.948153 0.925975 1.063435
0.949313 0.927076 1.065080
0.950461 0.928165 1.066741
0.951596 0.929243 1.068417
0.952720 0.930310 1.070110
0.956925 0.928013 1.071817
0.961108 0.925649 1.073539
0.965263 0.923221 1.075277
0.969391 0.920729 1.077030
0.973491 0.918173 1.078798
0.977560 0.915554 1.080580
0.981598 0.912871 1.082376
0.985604 0.910126 1.084187
0.989578 0.907319 1.086011
0.993517 0.904450 1.087850
0.997420 0.901520 1.089702
0.998486 0.902324 1.091568
0.999534 0.903121 1.093446
1.000567 0.903906 1.095338
1.001585 0.904680 1.097243
1.002588 0.905443 1.099160
1.003575 0.906194 1.101090
1.004547 0.906933 1.103032
1.005503 0.907660 1.104986
1.006444 0.908376 1.106953
1.007369 0.909079 1.108930
1.009594 0.910775 1.106068
1.011796 0.912453 1.103176
1.011476 0.912260 1.099266
1.011124 0.912045 1.095358
1.010740 0.911805 1.091456
1.010326 0.911543 1.087557
1.009880 0.911257 1.083665
1.009404 0.910947 1.079777
1.008896 0.910614 1.075895
1.008357 0.910258 1.072020
1.007788 0.909879 1.068152
1.007188 0.909476 1.064290
1.006556 0.909050 1.060436
1.005895 0.908601 1.056590
1.005202 0.908129 1.052752
1.004479 0.907633 1.048922
1.003725 0.907115 1.045102
1.002941 0.906574 1.041291
1.002126 0.906009 1.037489
1.003035 0.906702 1.039479
1.003928 0.907382 1.041480
1.003084 0.906794 1.037690
1.002914 0.906721 1.029130
1.002614 0.906550 1.020596
1.004136 0.907712 1.017790
1.005636 0.908856 1.014966
1.007114 0.909982 1.012123
1.008022 0.910676 1.014113
1.008914 0.911357 1.016114
1.009791 0.912026 1.018127
1.010651 0.912682 1.020150
1.009569 0.911913 1.016454
1.008456 0.911123 1.012771
1.007314 0.910310 1.009101
1.006142 0.909476 1.005446
1.006139 0.909479 1.005445
1.006138 0.909481 1.005445
1.006136 0.909483 1.005445
1.006135 0.909485 1.005444
1.006133 0.909487 1.005444
1.005616 0.909095 1.010266
1.005060 0.908674 1.015082
1.001568 0.912051 1.019891
0.998006 0.915360 1.024691
0.994379 0.918597 1.029483
0.990689 0.921761 1.034267
0.986936 0.924850 1.039041
0.983122 0.927862 1.043806
0.979249 0.930798 1.048560
0.976778 0.934903 1.059215
0.974094 0.938837 1.069914
0.970640 0.942072 1.078491
0.967038 0.945158 1.087080
0.963293 0.948090 1.095679
0.959408 0.950865 1.104285
0.955387 0.953479 1.112895
0.951234 0.955929 1.121504
0.946952 0.958209 1.130110
0.942546 0.960318 1.138710
0.938020 0.962251 1.147301
0.933379 0.964005 1.155881
0.928627 0.965578 1.164446
0.923768 0.966965 1.172992
0.918806 0.968164 1.181516
0.913747 0.969173 1.190014
0.908595 0.969989 1.198485
0.903356 0.970609 1.206923
0.898033 0.971031 1.215327
0.898033 0.971031 1.215331
0.898032 0.971031 1.215327
0.899686 0.973167 1.210832
0.901311 0.975267 1.206310
0.901311 0.975267 1.206307
0.901310 0.975267 1.206303
0.901444 0.975371 1.212465
0.901539 0.975426 1.218628
0.901596 0.975433 1.224791
0.901616 0.975392 1.230955
0.901597 0.975302 1.237119
0.897765 0.977686 1.241013
0.893889 0.979997 1.244901
0.889972 0.982236 1.248784
0.886015 0.984401 1.252661
0.882019 0.986491 1.256531
0.877986 0.988506 1.260395
0.873917 0.990446 1.264251
0.869814 0.992308 1.268099
0.865678 0.994094 1.271941
0.861925 0.996532 1.271939
0.857953 0.998617 1.269669
0.857747 0.998283 1.267404
0.853739 1.000287 1.265143
0.849702 1.002228 1.262887
0.845639 1.004107 1.260635
0.841549 1.005924 1.258387
0.837436 1.007677 1.256145
0.833299 1.009367 1.253907
0.829139 1.010994 1.251675
0.824958 1.012556 1.249449
0.820757 1.014054 1.247228
0.816536 1.015487 1.245013
0.812297 1.016856 1.242805
0.808042 1.018159 1.240603
0.803770 1.019396 1.238408
0.799484 1.020568 1.236219
0.795184 1.021675 1.234038
0.790872 1.022715 1.231865
0.786548 1.023689 1.229698
0.782214 1.024597 1.227540
0.777871 1.025438 1.225390
0.773520 1.026213 1.223248
0.769162 1.026921 1.221114
0.764798 1.027563 1.218989
0.760429 1.028138 1.216873
0.756057 1.028647 1.214766
0.751682 1.029089 1.212669
0.747307 1.029464 1.210581
0.742931 1.029773 1.208502
0.738556 1.030015 1.206434
0.734183 1.030191 1.204376
0.729813 1.030301 1.202328
0.725447 1.030345 1.200291
0.721087 1.030322 1.198265
0.716734 1.030234 1.196250
0.712388 1.030080 1.194246
0.708050 1.029861 1.192253
0.703723 1.029577 1.190272
0.699406 1.029228 1.188303
0.695101 1.028814 1.186345
0.690810 1.028336 1.184400
0.686532 1.027795 1.182468
0.682270 1.027189 1.180548
0.678024 1.026520 1.178641
0.673795 1.025788 1.176747
0.669584 1.024994 1.174866
0.665392 1.024137 1.172998
0.661221 1.023219 1.171144
0.657072 1.022240 1.169304
0.652944 1.021199 1.167477
0.648840 1.020099 1.165665
0.644761 1.018937 1.163866
0.640706 1.017717 1.162081
0.636678 1.016438 1.160311
0.632677 1.015100 1.158555
0.628705 1.013705 1.156815
0.624761 1.012253 1.155090
0.624755 1.010716 1.153381
0.624748 1.009162 1.151687
0.624742 1.007592 1.150008
0.624735 1.006004 1.148346
0.624729 1.004401 1.146700
0.624722 1.002781 1.145070
0.624715 1.001144 1.143456
0.624708 0.999492 1.141859
0.624701 0.997824 1.140278
0.624693 0.996140 1.138715
0.624686 0.994440 1.137168
0.624679 0.992725 1.135638
0.624671 0.990994 1.134124
0.624664 0.989248 1.132629
0.624657 0.987488 1.131151
0.624649 0.985713 1.129690
0.624641 0.983923 1.128248
0.624633 0.982119 1.126824
0.624625 0.980301 1.125418
0.624617 0.978469 1.124030
0.624609 0.976624 1.122661
0.624601 0.974765 1.121311
0.624593 0.972892 1.119979
0.624584 0.971006 1.118666
0.624575 0.969108 1.117372
0.624567 0.967195 1.116097
0.624559 0.965270 1.114840
0.624550 0.963333 1.113603
0.624541 0.961383 1.112386
0.624533 0.959422 1.111188
0.624524 0.957449 1.110011
0.624515 0.955464 1.108853
0.624506 0.953467 1.107715
0.624496 0.951460 1.106597
0.624487 0.949441 1.105499
0.624478 0.947412 1.104422
0.624468 0.945372 1.103366
0.624458 0.943322 1.102329
0.624449 0.941260 1.101313
0.624440 0.939189 1.100317
0.624430 0.937108 1.099342
0.624420 0.935017 1.098389
0.624411 0.932917 1.097456
0.624401 0.930808 1.096545
0.624391 0.928690 1.095654
0.624381 0.926563 1.094785
0.624381 0.926561 1.094784
