0.618539 0.924466 1.094150
0.618535 0.924466 1.094150
0.618530 0.924466 1.094149
0.618526 0.924465 1.094149
0.618522 0.924465 1.094149
0.618518 0.924465 1.094148
0.618514 0.924465 1.094148
0.618509 0.924465 1.094147
0.618505 0.924465 1.094147
0.618501 0.924465 1.094147
0.618497 0.924465 1.094146
0.618492 0.924465 1.094146
0.618488 0.924465 1.094145
0.618484 0.924465 1.094145
0.618480 0.924465 1.094144
0.618475 0.924464 1.094144
0.618471 0.924464 1.094144
0.621511 0.924464 1.094143
0.624596 0.925929 1.091091
0.627708 0.927333 1.088024
0.630939 0.930817 1.085757
0.634238 0.934244 1.083455
0.637605 0.937613 1.081117
0.641039 0.940922 1.078745
0.644540 0.944170 1.076337
0.648104 0.947356 1.073894
0.651733 0.950478 1.071417
0.655423 0.953535 1.068906
0.659177 0.956526 1.066361
0.662988 0.959449 1.063782
0.666858 0.962304 1.061169
0.670785 0.965089 1.058523
0.674768 0.967803 1.055845
0.678806 0.970446 1.053133
0.682897 0.973015 1.050389
0.687040 0.975509 1.047613
0.690843 0.975886 1.040063
0.694627 0.976072 1.032502
0.698857 0.978270 1.029631
0.703131 0.980392 1.026730
0.707449 0.982434 1.023799
0.711604 0.983628 1.024592
0.715789 0.984766 1.025407
0.720004 0.985849 1.026243
0.724248 0.986876 1.027100
0.728520 0.987846 1.027979
0.732819 0.988758 1.028879
0.737144 0.989612 1.029800
0.741495 0.990408 1.030741
0.745870 0.991144 1.031704
0.750269 0.991821 1.032687
0.754691 0.992437 1.033691
0.759134 0.992992 1.034716
0.763598 0.993486 1.035761
0.768082 0.993918 1.036826
0.772585 0.994287 1.037912
0.777105 0.994593 1.039018
0.781643 0.994836 1.040144
0.786196 0.995015 1.041290
0.790764 0.995129 1.042455
0.795346 0.995179 1.043641
0.799941 0.995164 1.044846
0.804548 0.995084 1.046070
0.809165 0.994937 1.047314
0.813793 0.994725 1.048576
0.818428 0.994445 1.049858
0.823072 0.994100 1.051159
0.827721 0.993687 1.052479
0.832376 0.993207 1.053817
0.837036 0.992659 1.055174
0.841698 0.992043 1.056550
0.846363 0.991360 1.057943
0.851029 0.990608 1.059355
0.855694 0.989788 1.060784
0.860358 0.988900 1.062232
0.865020 0.987943 1.063698
0.869678 0.986917 1.065181
0.874332 0.985823 1.066681
0.878980 0.984660 1.068199
0.883621 0.983428 1.069733
0.889017 0.983130 1.066773
0.894414 0.982738 1.063783
0.899811 0.982250 1.060763
0.905207 0.981667 1.057715
0.910599 0.980988 1.054638
0.913984 0.977763 1.050727
0.917307 0.974477 1.046819
0.920569 0.971130 1.042916
0.923768 0.967725 1.039017
0.926904 0.964261 1.035123
0.931472 0.962421 1.036674
0.936024 0.960512 1.038242
0.940559 0.958534 1.039827
0.945075 0.956488 1.041429
0.946225 0.957639 1.043049
0.947349 0.958792 1.044683
0.948461 0.959933 1.046333
0.949562 0.961063 1.047999
0.950651 0.962180 1.049681
0.951729 0.963285 1.051378
0.952794 0.964379 1.053091
0.953848 0.965459 1.054818
0.954890 0.966527 1.056561
0.955919 0.967583 1.058319
0.956936 0.968626 1.060091
0.957940 0.969656 1.061878
0.958932 0.970674 1.063679
0.959912 0.971678 1.065494
0.961736 0.973536 1.062413
0.963537 0.975373 1.059305
0.965317 0.977187 1.056172
0.965619 0.977438 1.047337
0.965803 0.977574 1.038512
0.965870 0.977592 1.029702
0.965821 0.977493 1.020910
0.965658 0.977278 1.012139
0.964936 0.976500 1.008356
0.965959 0.977561 1.010112
0.966974 0.978606 1.011885
0.967978 0.979637 1.013671
0.968968 0.980656 1.015472
0.969946 0.981662 1.017288
0.970912 0.982655 1.019117
0.974443 0.979200 1.019111
0.978986 0.976601 1.020953
0.983501 0.973932 1.022810
0.987986 0.971196 1.024680
0.992438 0.968392 1.026563
0.996857 0.965522 1.028459
1.001241 0.962585 1.030368
1.005590 0.959582 1.032289
1.009902 0.956514 1.034223
1.014176 0.953382 1.036170
1.018412 0.950185 1.038128
1.022607 0.946924 1.040099
1.026762 0.943600 1.042080
1.030874 0.940214 1.044074
1.034944 0.936765 1.046079
1.035890 0.937336 1.048100
1.036748 0.937985 1.050127
1.037588 0.938624 1.052164
1.038412 0.939251 1.054212
1.039219 0.939865 1.056270
1.040010 0.940467 1.058339
1.039156 0.939776 1.054568
1.038269 0.939067 1.050807
1.037351 0.938335 1.047058
1.036403 0.937581 1.043321
1.035426 0.936804 1.039597
1.034420 0.936004 1.035885
1.032589 0.934585 1.030117
1.030711 0.933132 1.024373
1.028788 0.931645 1.018653
1.027664 0.930756 1.014995
1.026511 0.929845 1.011353
1.025330 0.928911 1.007725
1.024120 0.927955 1.004112
1.022881 0.926978 1.000515
1.021614 0.925979 0.996934
1.020319 0.924958 0.993369
1.018995 0.923915 0.989821
1.017643 0.922851 0.986290
1.016263 0.921765 0.982776
1.014855 0.920659 0.979280
1.013420 0.919531 0.975802
1.012172 0.918542 0.967416
1.012342 0.918681 0.962486
1.012338 0.918686 0.962485
1.009919 0.916813 0.957067
1.007454 0.914912 0.951679
1.004946 0.912978 0.946323
1.004943 0.912982 0.946322
1.004941 0.912984 0.946322
1.004939 0.912986 0.946322
1.004891 0.912954 0.951159
1.004805 0.912893 0.955995
1.004680 0.912802 0.960830
1.004516 0.912684 0.965663
1.004314 0.912535 0.970494
1.004073 0.912358 0.975322
1.000860 0.915966 0.980148
0.997568 0.919518 0.984969
0.994205 0.923005 0.989786
0.990772 0.926424 0.994598
0.987272 0.929774 0.999405
0.986589 0.929668 1.004217
0.985882 0.929522 1.009000
0.985150 0.929337 1.013753
0.981495 0.932482 1.018535
0.977776 0.935557 1.023308
0.971003 0.941842 1.028111
0.964076 0.947967 1.032881
0.960116 0.950750 1.037629
0.956101 0.953453 1.042368
0.953423 0.957486 1.052996
0.950076 0.960881 1.061470
0.946585 0.964126 1.069967
0.942953 0.967219 1.078486
0.939183 0.970154 1.087022
0.935280 0.972927 1.095573
0.931246 0.975536 1.104135
0.927086 0.977976 1.112704
0.922803 0.980244 1.121278
0.918401 0.982336 1.129854
0.913886 0.984249 1.138428
0.909262 0.985979 1.146998
0.904532 0.987524 1.155560
0.899701 0.988880 1.164111
0.894774 0.990045 1.172648
0.889756 0.991017 1.181168
0.884651 0.991791 1.189666
0.879464 0.992367 1.198141
0.874201 0.992742 1.206589
0.870286 0.995030 1.204317
0.866336 0.997258 1.202039
0.863726 1.001570 1.195250
0.860995 1.005771 1.188448
0.856887 1.007803 1.186190
0.852947 1.010106 1.190113
0.848965 1.012335 1.194037
0.844942 1.014489 1.197958
0.840880 1.016568 1.201878
0.836780 1.018570 1.205796
0.832644 1.020496 1.209711
0.828473 1.022344 1.213623
0.824268 1.024113 1.217532
0.820032 1.025804 1.221437
0.815766 1.027415 1.225339
0.811471 1.028946 1.229237
0.807149 1.030397 1.233130
0.802801 1.031766 1.237018
0.798429 1.033054 1.240900
0.798428 1.033055 1.240896
0.798428 1.033055 1.240892
0.794289 1.034818 1.240889
0.790132 1.036540 1.240885
0.785887 1.038052 1.247016
0.781608 1.039463 1.253144
0.777295 1.040773 1.259269
0.772934 1.041969 1.257009
0.768557 1.043098 1.254746
0.764165 1.044160 1.252487
0.759671 1.044893 1.256343
0.755165 1.045543 1.260192
0.750648 1.046108 1.264033
0.750383 1.045307 1.267865
0.745981 1.046159 1.265618
0.741568 1.046945 1.263369
0.737235 1.047975 1.255060
0.732861 1.048838 1.246757
0.728408 1.049379 1.244535
0.723951 1.049853 1.242319
0.719490 1.050259 1.240108
0.715026 1.050597 1.237905
0.710562 1.050868 1.235707
0.706097 1.051071 1.233517
0.701633 1.051206 1.231334
0.697171 1.051273 1.229158
0.692713 1.051273 1.226989
0.688259 1.051206 1.224828
0.683810 1.051072 1.222676
0.679368 1.050870 1.220531
0.674934 1.050601 1.218395
0.670509 1.050266 1.216267
0.666094 1.049864 1.214148
0.661689 1.049396 1.212039
0.657297 1.048862 1.209938
0.652919 1.048262 1.207847
0.648554 1.047597 1.205766
0.644206 1.046867 1.203694
0.639873 1.046072 1.201633
0.635559 1.045212 1.199582
0.631263 1.044289 1.197542
0.626987 1.043301 1.195512
0.622731 1.042251 1.193493
0.618498 1.041137 1.191485
0.618487 1.039998 1.189489
0.618476 1.038838 1.187504
0.618465 1.037659 1.185531
0.618455 1.036460 1.183570
0.618444 1.035242 1.181621
0.618434 1.034004 1.179685
0.618424 1.032747 1.177761
0.618414 1.031470 1.175849
0.618404 1.030175 1.173951
0.618394 1.028860 1.172066
0.618385 1.027527 1.170194
0.618375 1.026175 1.168335
0.618366 1.024805 1.166490
0.618356 1.023416 1.164660
0.618347 1.022009 1.162843
0.618338 1.020584 1.161039
0.618330 1.019140 1.159249
0.618321 1.017679 1.157474
0.618313 1.016200 1.155714
0.618304 1.014703 1.153969
0.618296 1.013189 1.152239
0.618288 1.011658 1.150525
0.618280 1.010110 1.148826
0.618272 1.008545 1.147142
0.618265 1.006963 1.145475
0.618257 1.005364 1.143823
0.618250 1.003750 1.142188
0.618242 1.002119 1.140569
0.618235 1.000471 1.138966
0.618228 0.998808 1.137380
0.618221 0.997130 1.135811
0.618214 0.995435 1.134259
0.618208 0.993726 1.132724
0.618201 0.992000 1.131205
0.618195 0.990259 1.129703
0.618189 0.988503 1.128219
0.618183 0.986733 1.126753
0.618178 0.984948 1.125305
0.618172 0.983149 1.123875
0.618167 0.981336 1.122463
0.618161 0.979508 1.121069
0.618156 0.977667 1.119694
0.618151 0.975812 1.118337
0.618146 0.973944 1.117000
0.618141 0.972063 1.115681
0.618136 0.970168 1.114381
0.618132 0.968260 1.113098
0.618127 0.966339 1.111836
0.618123 0.964406 1.110592
0.618119 0.962460 1.109369
0.618116 0.960503 1.108164
0.618112 0.958533 1.106980
0.618108 0.956552 1.105816
0.618105 0.954560 1.104671
0.618101 0.952556 1.103547
0.618098 0.950541 1.102442
0.618095 0.948515 1.101359
0.618092 0.946479 1.100295
0.618089 0.944432 1.099252
0.618087 0.942373 1.098229
0.618084 0.940305 1.097226
0.618082 0.938227 1.096245
0.618080 0.936139 1.095284
0.618078 0.934042 1.094344
0.618077 0.931936 1.093426
0.618075 0.929821 1.092528
0.618073 0.927697 1.091652
0.618072 0.925564 1.090798
