0.868036 1.014085 1.090184
0.873703 1.014348 1.090132
0.879396 1.014537 1.090047
0.885115 1.014653 1.089930
0.890859 1.014694 1.089780
0.896625 1.014660 1.089597
0.902413 1.014551 1.089381
0.908222 1.014366 1.089133
0.914050 1.014104 1.088852
0.919897 1.013765 1.088538
0.925760 1.013347 1.088191
0.931640 1.012851 1.087812
0.937534 1.012276 1.087400
0.942298 1.010213 1.082345
0.946153 1.006994 1.082340
0.949979 1.003736 1.082339
0.952703 1.001575 1.082384
0.955182 0.999602 1.082428
0.957575 0.997674 1.082468
0.959930 0.995766 1.082512
0.962266 0.993869 1.082560
0.964364 0.992096 1.082643
0.966402 0.990355 1.082721
0.968405 0.988616 1.082795
0.969352 0.985334 1.087233
0.970529 0.982186 1.091899
0.971502 0.978898 1.096488
0.973490 0.976921 1.096438
0.975430 0.974982 1.096390
0.976415 0.971671 1.101117
0.977697 0.967700 1.105710
0.979673 0.963261 1.110662
0.982970 0.959772 1.110659
0.985031 0.955052 1.115608
0.988314 0.951440 1.115607
0.991585 0.947769 1.115606
0.994824 0.944059 1.115604
0.995514 0.943251 1.115617
0.999502 0.941199 1.110653
1.001818 0.942325 1.108034
1.003938 0.943712 1.105488
1.006179 0.944975 1.102989
1.008533 0.946126 1.100534
1.008893 0.946033 1.101065
1.009156 0.946042 1.101581
1.009388 0.946074 1.102078
1.009610 0.946108 1.102558
1.009831 0.946132 1.103022
1.010054 0.946146 1.103469
1.011945 0.944104 1.103828
1.014099 0.941687 1.104143
1.016287 0.939178 1.104420
1.018457 0.936624 1.104658
1.020605 0.934039 1.104858
1.022758 0.931392 1.105039
1.024893 0.928769 1.105237
1.026963 0.926147 1.105381
1.028995 0.923525 1.105505
1.030935 0.920917 1.105528
1.032795 0.918362 1.105538
1.034561 0.915860 1.105487
1.037165 0.912019 1.105157
1.041253 0.910032 1.101699
1.045328 0.907914 1.098139
1.049567 0.905299 1.094242
1.053433 0.903189 1.090668
1.057663 0.899681 1.086506
1.061821 0.896453 1.082650
1.065489 0.893985 1.078742
1.069069 0.891678 1.074808
1.072778 0.888693 1.070388
1.076447 0.885593 1.065906
1.079959 0.882475 1.061628
1.082913 0.880033 1.057254
1.086191 0.877320 1.052816
1.089293 0.874438 1.048163
1.092284 0.871610 1.043497
1.094793 0.867873 1.037588
1.096941 0.863705 1.037585
1.097964 0.861698 1.037581
1.097626 0.860223 1.042892
1.095678 0.861825 1.048201
1.092890 0.864912 1.053502
1.089644 0.868684 1.058792
1.086148 0.872714 1.064069
1.082487 0.876827 1.069334
1.078704 0.880938 1.074586
1.074820 0.885008 1.079824
1.070846 0.889018 1.085049
1.066785 0.892959 1.090258
1.062643 0.896825 1.095453
1.058422 0.900614 1.100633
1.054128 0.904315 1.105797
1.051134 0.908836 1.105795
1.046796 0.912307 1.110941
1.044289 0.912936 1.116116
1.042441 0.912500 1.121291
1.040805 0.911660 1.126457
1.038078 0.909871 1.126859
1.035389 0.908019 1.127227
1.033790 0.904460 1.127417
1.032252 0.900813 1.127587
1.028938 0.896005 1.126865
1.025640 0.891161 1.126137
1.022359 0.886281 1.125401
1.019096 0.881369 1.124655
1.016994 0.884564 1.124673
1.014417 0.888394 1.124675
1.011719 0.892316 1.124675
1.006565 0.899584 1.124712
1.000814 0.907363 1.124724
0.994825 0.915134 1.124721
0.988664 0.922802 1.124708
0.984931 0.927304 1.124668
0.985547 0.926545 1.124634
0.986762 0.925079 1.124636
0.988086 0.923486 1.124662
0.988113 0.923453 1.124661
0.988108 0.923458 1.124661
0.988097 0.923471 1.124660
0.988086 0.923485 1.124659
0.986757 0.925083 1.124632
0.985393 0.926726 1.124625
0.985338 0.926791 1.124623
0.987952 0.923636 1.124634
0.991023 0.919865 1.124646
0.994144 0.915958 1.124649
0.994704 0.915255 1.124664
0.994795 0.915141 1.124666
0.993362 0.913984 1.129426
0.993351 0.913999 1.129426
0.993339 0.914013 1.129425
0.990813 0.917197 1.129436
0.986432 0.919608 1.134179
0.980908 0.921171 1.134212
0.975374 0.922668 1.134210
0.969846 0.924085 1.134175
0.964328 0.925421 1.134108
0.958819 0.926676 1.134008
0.953323 0.927851 1.133875
0.947840 0.928947 1.133710
0.942371 0.929964 1.133513
0.936917 0.930903 1.133283
0.931480 0.931765 1.133020
0.926060 0.932551 1.132725
0.920658 0.933262 1.132397
0.915277 0.933898 1.132037
0.909916 0.934460 1.131645
0.904576 0.934949 1.131220
0.899260 0.935366 1.130763
0.893967 0.935711 1.130274
0.888698 0.935987 1.129752
0.883455 0.936192 1.129198
0.878239 0.936330 1.128612
0.873049 0.936400 1.127994
0.867888 0.936402 1.127343
0.862757 0.936339 1.126660
0.857655 0.936210 1.125946
0.852584 0.936017 1.125198
0.847546 0.935760 1.124420
0.842540 0.935441 1.123609
0.837569 0.935060 1.122766
0.832632 0.934618 1.121892
0.827732 0.934117 1.120987
0.822868 0.933558 1.120051
0.818041 0.932941 1.119083
0.813251 0.932267 1.118084
0.808500 0.931538 1.117053
0.803789 0.930754 1.115992
0.799117 0.929917 1.114901
0.794486 0.929027 1.113778
0.789897 0.928087 1.112626
0.785349 0.927096 1.111442
0.780843 0.926056 1.110228
0.776380 0.924967 1.108984
0.771961 0.923831 1.107709
0.767585 0.922650 1.106405
0.763254 0.921424 1.105071
0.758968 0.920154 1.103707
0.754727 0.918842 1.102314
0.750532 0.917488 1.100891
0.746383 0.916093 1.099439
0.742280 0.914659 1.097957
0.738224 0.913186 1.096446
0.734216 0.911677 1.094907
0.730254 0.910131 1.093339
0.726341 0.908551 1.091743
0.722475 0.906938 1.090118
0.719601 0.907946 1.090116
0.716717 0.908926 1.090115
0.713823 0.909877 1.090114
0.710920 0.910799 1.090113
0.708007 0.911692 1.090112
0.705086 0.912556 1.090111
0.702157 0.913390 1.090109
0.699219 0.914195 1.090108
0.696273 0.914971 1.090107
0.693320 0.915717 1.090106
0.690360 0.916434 1.090105
0.687392 0.917121 1.090104
0.684418 0.917779 1.090102
0.681437 0.918406 1.090101
0.678451 0.919004 1.090100
0.675458 0.919572 1.090099
0.672460 0.920110 1.090098
0.669457 0.920618 1.090096
0.666449 0.921096 1.090095
0.663756 0.923653 1.090940
0.661015 0.926178 1.091806
0.657952 0.926571 1.091805
0.654885 0.926934 1.091803
0.651815 0.927265 1.091802
0.648741 0.927566 1.091801
0.645665 0.927837 1.091799
0.642586 0.928076 1.091798
0.639504 0.928285 1.091797
0.636421 0.928463 1.091795
0.633337 0.928610 1.091794
0.630250 0.928726 1.091793
0.627163 0.928811 1.091791
0.624076 0.928866 1.091790
0.620988 0.928889 1.091789
0.617900 0.928882 1.091787
0.617900 0.928880 1.091786
0.620990 0.928884 1.091785
0.624079 0.928857 1.091783
0.627198 0.930272 1.088686
0.630419 0.933030 1.090280
0.633695 0.935770 1.091844
0.637029 0.938491 1.093380
0.640418 0.941192 1.094887
0.643865 0.943872 1.096365
0.647368 0.946529 1.097814
0.650928 0.949162 1.099233
0.654543 0.951771 1.100623
0.658216 0.954354 1.101984
0.661945 0.956910 1.103315
0.665731 0.959438 1.104615
0.669572 0.961935 1.105886
0.673470 0.964402 1.107127
0.677424 0.966837 1.108336
0.681434 0.969240 1.109517
0.685499 0.971608 1.110666
0.689620 0.973940 1.111785
0.693796 0.976236 1.112873
0.698026 0.978494 1.113931
0.702311 0.980713 1.114957
0.706650 0.982891 1.115951
0.711043 0.985028 1.116915
0.715664 0.987826 1.113988
0.720344 0.990540 1.111022
0.725079 0.993167 1.108018
0.726110 0.996788 1.104978
0.727129 1.000379 1.101899
0.728140 1.003939 1.098782
