1.050003 0.962284 1.113634
1.050631 0.964186 1.108123
1.051531 0.965645 1.102585
1.052553 0.966864 1.097033
1.053621 0.967936 1.091466
1.054688 0.968920 1.085885
1.054700 0.968900 1.085877
1.054703 0.968893 1.085873
1.053606 0.967927 1.091431
1.052445 0.966956 1.096979
1.049434 0.968194 1.102526
1.045459 0.970495 1.108049
1.039852 0.972297 1.108877
1.034032 0.974264 1.109667
1.028111 0.976256 1.110424
1.022141 0.978211 1.111149
1.016148 0.980100 1.111843
1.010143 0.981910 1.112504
1.004134 0.983635 1.113134
0.998124 0.985274 1.113732
0.992116 0.986825 1.114298
0.986112 0.988288 1.114832
0.980113 0.989662 1.115333
0.974123 0.990949 1.115803
0.968141 0.992148 1.116240
0.962171 0.993260 1.116645
0.956212 0.994285 1.117018
0.950268 0.995224 1.117359
0.944339 0.996077 1.117667
0.938427 0.996844 1.117943
0.932533 0.997528 1.118186
0.931652 0.998247 1.118167
0.931427 0.998429 1.118162
0.929309 0.995951 1.118372
0.927216 0.993450 1.118551
0.925128 0.990942 1.118697
0.923042 0.988432 1.118811
0.920956 0.985919 1.118892
0.918871 0.983406 1.118941
0.916787 0.980891 1.118957
0.914704 0.978376 1.118940
0.912621 0.975860 1.118891
0.910540 0.973344 1.118809
0.908461 0.970828 1.118695
0.906383 0.968313 1.118548
0.904306 0.965798 1.118368
0.902232 0.963284 1.118156
0.900159 0.960772 1.117911
0.898089 0.958261 1.117634
0.896021 0.955753 1.117325
0.893955 0.953246 1.116983
0.891892 0.950742 1.116608
0.889831 0.948241 1.116201
0.887774 0.945743 1.115762
0.885719 0.943249 1.115290
0.883666 0.940758 1.114786
0.881617 0.938272 1.114250
0.876426 0.938351 1.113683
0.871237 0.938382 1.113082
0.866076 0.938346 1.112450
0.860946 0.938244 1.111785
0.855846 0.938078 1.111088
0.850777 0.937847 1.110359
0.845740 0.937553 1.109598
0.840737 0.937197 1.108805
0.835768 0.936778 1.107980
0.830835 0.936300 1.107124
0.825937 0.935762 1.106236
0.821076 0.935165 1.105317
0.816253 0.934511 1.104366
0.811467 0.933800 1.103384
0.806721 0.933035 1.102371
0.802015 0.932215 1.101327
0.797348 0.931342 1.100253
0.792723 0.930417 1.099147
0.788139 0.929440 1.098011
0.783597 0.928413 1.096844
0.779098 0.927337 1.095647
0.774642 0.926213 1.094419
0.770229 0.925043 1.093162
0.765861 0.923827 1.091874
0.761538 0.922566 1.090557
0.757260 0.921262 1.089210
0.753027 0.919914 1.087832
0.748840 0.918526 1.086425
0.744700 0.917097 1.084989
0.740607 0.915629 1.083523
0.736560 0.914123 1.082029
0.732561 0.912581 1.080506
0.729070 0.912266 1.075841
0.726142 0.913340 1.075840
0.723203 0.914385 1.075839
0.719832 0.914124 1.078950
0.716886 0.915106 1.078949
0.713525 0.914743 1.082046
0.710606 0.915636 1.089837
0.707630 0.916333 1.097654
0.704247 0.915686 1.100735
0.700878 0.914973 1.103800
0.697524 0.914192 1.106849
0.694186 0.913344 1.109881
0.690867 0.912429 1.112897
0.687566 0.911449 1.115896
0.684649 0.912108 1.115894
0.681725 0.912738 1.115893
0.679117 0.915023 1.112891
0.676465 0.917254 1.109872
0.673769 0.919432 1.106837
0.671030 0.921555 1.103785
0.668250 0.923623 1.100718
0.665428 0.925635 1.097634
0.662370 0.926073 1.097633
0.659308 0.926479 1.097631
0.656242 0.926855 1.097630
0.653172 0.927201 1.097629
0.650099 0.927515 1.097627
0.647023 0.927799 1.097626
0.643944 0.928052 1.097624
0.640863 0.928274 1.097623
0.637780 0.928465 1.097621
0.634696 0.928626 1.097620
0.631609 0.928756 1.097618
0.628522 0.928854 1.097617
0.625434 0.928922 1.097616
0.622345 0.928960 1.097614
0.622346 0.928958 1.097613
0.622347 0.928956 1.097611
0.625437 0.928916 1.097610
0.628619 0.931669 1.099245
0.631857 0.934406 1.100851
0.635152 0.937124 1.102428
0.638502 0.939824 1.103977
0.641909 0.942503 1.105497
0.645372 0.945160 1.106987
0.648891 0.947796 1.108450
0.652466 0.950408 1.109883
0.656098 0.952995 1.111286
0.659786 0.955555 1.112660
0.663529 0.958089 1.114004
0.667329 0.960594 1.115318
0.671186 0.963069 1.116602
0.675097 0.965513 1.117855
0.679065 0.967927 1.119079
0.683087 0.970307 1.120273
0.687165 0.972653 1.121436
0.691299 0.974963 1.122569
0.695486 0.977236 1.123670
0.699729 0.979471 1.124741
0.704025 0.981667 1.125781
0.708047 0.982570 1.122058
0.712088 0.983392 1.118317
0.716145 0.984132 1.114558
0.720216 0.984791 1.110782
0.720643 0.986394 1.106991
0.717376 0.988952 1.103183
0.717764 0.990486 1.099360
0.718144 0.991982 1.095519
0.718957 0.995051 1.096277
0.719772 0.998127 1.097004
0.720589 1.001210 1.097698
0.721406 1.004300 1.098360
0.722343 1.007891 1.095096
0.723270 1.011452 1.091796
0.724189 1.014982 1.088459
0.725100 1.018478 1.085086
0.726003 1.021943 1.081678
0.726897 1.025373 1.078233
0.727782 1.028771 1.074754
0.728659 1.032135 1.071239
0.729526 1.035464 1.067690
0.730384 1.038759 1.064106
0.731232 1.042020 1.060489
0.732071 1.045245 1.056838
0.736987 1.047335 1.053150
0.738043 1.050427 1.049438
0.738898 1.053534 1.045689
0.739728 1.056608 1.041907
0.740546 1.059645 1.038094
0.741353 1.062646 1.034250
0.742149 1.065611 1.030375
0.742933 1.068537 1.026469
0.743706 1.071427 1.022533
0.744467 1.074278 1.018568
0.745217 1.077092 1.014573
0.745955 1.079867 1.010549
0.746682 1.082603 1.006497
0.747396 1.085301 1.002416
0.748099 1.087959 0.998308
0.748789 1.090577 0.994172
0.749468 1.093156 0.990010
0.750136 1.095695 0.985821
0.750791 1.098194 0.981606
0.751435 1.100652 0.977366
0.752067 1.103069 0.973100
0.752688 1.105444 0.968809
0.753297 1.107779 0.964495
0.753895 1.110071 0.960156
0.754482 1.112321 0.955794
0.755058 1.114529 0.951409
0.755624 1.116695 0.947001
0.756179 1.118817 0.942571
0.756724 1.120896 0.938119
0.757258 1.122932 0.933646
0.757783 1.124924 0.929153
0.758298 1.126872 0.924638
0.758804 1.128775 0.920104
0.759300 1.130635 0.915551
0.759786 1.132449 0.910979
0.760263 1.134218 0.906388
0.760732 1.135943 0.901779
0.761191 1.137622 0.897152
0.761640 1.139254 0.892507
0.762081 1.140840 0.887845
0.762513 1.142379 0.883167
0.762935 1.143874 0.878475
0.763349 1.145324 0.873767
0.763752 1.146727 0.869044
0.764146 1.148084 0.864307
0.764530 1.149394 0.859556
0.764904 1.150658 0.854791
0.765267 1.151875 0.850014
0.765621 1.153045 0.845224
0.768942 1.153350 0.840426
0.773645 1.153188 0.835614
0.778910 1.152768 0.830790
0.784396 1.152179 0.825956
0.789961 1.151458 0.821111
0.792389 1.151650 0.816250
0.793459 1.152230 0.811385
0.794023 1.152923 0.806512
0.794397 1.153628 0.801632
0.794695 1.154306 0.796743
0.794958 1.154945 0.791848
0.795199 1.155539 0.786947
0.795422 1.156088 0.782039
0.795630 1.156590 0.777125
0.795821 1.157045 0.772206
0.796546 1.159092 0.772946
0.797251 1.161139 0.773709
0.797948 1.163180 0.774493
0.798641 1.165214 0.775298
0.799330 1.167241 0.776125
0.800016 1.169261 0.776973
0.800698 1.171272 0.777842
0.797542 1.174519 0.778737
0.792476 1.176116 0.778738
0.787054 1.177769 0.778738
0.781521 1.179396 0.778738
0.775497 1.179366 0.772924
0.773407 1.178146 0.767123
0.772547 1.176528 0.761342
0.771990 1.174766 0.755581
0.771497 1.172928 0.749838
0.771530 1.172918 0.749837
0.771551 1.172912 0.749837
0.771568 1.172906 0.749836
0.771586 1.172901 0.749836
0.771603 1.172896 0.749836
0.772068 1.172701 0.749818
0.772017 1.172702 0.749815
