0.753685 1.085631 0.962523
0.754328 1.087885 0.958417
0.754952 1.090101 0.954287
0.755562 1.092279 0.950135
0.756160 1.094416 0.945960
0.756745 1.096514 0.941763
0.757318 1.098571 0.937544
0.757880 1.100588 0.933304
0.758430 1.102563 0.929044
0.758968 1.104498 0.924763
0.759495 1.106391 0.920463
0.760011 1.108243 0.916143
0.760516 1.110052 0.911804
0.761010 1.111820 0.907446
0.761494 1.113545 0.903071
0.761967 1.115227 0.898678
0.762430 1.116867 0.894267
0.762882 1.118464 0.889840
0.763325 1.120017 0.885396
0.763758 1.121527 0.880936
0.764181 1.122994 0.876461
0.764594 1.124416 0.871971
0.764997 1.125795 0.867467
0.765390 1.127129 0.862948
0.765774 1.128417 0.858414
0.766147 1.129660 0.853866
0.766511 1.130861 0.849308
0.766864 1.132018 0.844737
0.767207 1.133130 0.840154
0.767540 1.134197 0.835560
0.767862 1.135220 0.830955
0.768172 1.136198 0.826340
0.768472 1.137131 0.821714
0.768761 1.138019 0.817079
0.769037 1.138862 0.812435
0.769302 1.139660 0.807782
0.769555 1.140413 0.803121
0.772938 1.140207 0.798453
0.777625 1.139537 0.793778
0.782771 1.138633 0.789095
0.788066 1.137579 0.784407
0.793397 1.136408 0.779712
0.795377 1.136282 0.775010
0.795384 1.134477 0.769566
0.795000 1.132747 0.764139
0.795067 1.131766 0.763437
0.795157 1.131819 0.763483
0.795227 1.131874 0.763527
0.795292 1.131925 0.763567
0.795353 1.131973 0.763606
0.795410 1.132018 0.763642
0.795459 1.132060 0.763674
0.796356 1.134735 0.762030
0.797277 1.137385 0.760359
0.795366 1.137928 0.760335
0.792773 1.138851 0.760361
0.789762 1.139894 0.760389
0.787735 1.139654 0.755581
0.787741 1.138859 0.750808
0.787889 1.138932 0.750875
0.788023 1.139000 0.750937
0.788147 1.139062 0.750994
0.788259 1.139119 0.751047
0.788417 1.139112 0.751067
0.788564 1.139099 0.751083
0.788769 1.139074 0.751106
0.788965 1.139047 0.751127
0.789151 1.139018 0.751147
0.789332 1.138980 0.751164
0.789493 1.138865 0.751124
0.789690 1.138822 0.751140
0.789880 1.138778 0.751155
0.790065 1.138733 0.751169
0.790245 1.138687 0.751182
0.790420 1.138639 0.751192
0.790466 1.138671 0.751223
0.790763 1.138521 0.751195
0.791071 1.138369 0.751167
0.791661 1.138587 0.751414
0.792237 1.138798 0.751653
0.792793 1.139002 0.751886
0.793329 1.139200 0.752112
0.793869 1.139383 0.752334
0.793992 1.139483 0.752420
0.794102 1.139580 0.752504
0.794206 1.139674 0.752584
0.794305 1.139763 0.752661
0.794399 1.139849 0.752735
0.794426 1.139879 0.752764
0.794981 1.141660 0.758248
0.795520 1.143394 0.763754
0.796043 1.145075 0.769277
0.793170 1.147828 0.774821
0.788979 1.150917 0.780379
0.784307 1.154050 0.785952
0.779432 1.157130 0.791540
0.770911 1.161119 0.797100
0.761018 1.165248 0.802684
0.750550 1.169253 0.808295
0.739809 1.173039 0.813933
0.728912 1.176571 0.819595
0.717910 1.179834 0.825279
0.710113 1.182287 0.830976
0.703633 1.184380 0.836677
0.697698 1.186266 0.842385
0.695134 1.187573 0.848094
0.694048 1.188628 0.853813
0.693617 1.189547 0.859545
0.693475 1.190374 0.865292
0.690474 1.191516 0.871049
0.686099 1.192736 0.876811
0.680964 1.193311 0.876815
0.675593 1.194487 0.882576
0.669968 1.195007 0.882577
0.664278 1.195470 0.882575
0.658553 1.195878 0.882572
0.652846 1.196801 0.888338
0.647089 1.197615 0.894113
0.641299 1.198314 0.899894
0.635483 1.198897 0.905678
0.629651 1.199364 0.911466
0.623805 1.199715 0.917257
0.617950 1.199948 0.923050
0.612086 1.200064 0.928845
0.609111 1.200110 0.934622
0.610529 1.200164 0.940389
0.614160 1.200195 0.946170
0.615899 1.200154 0.951981
0.616717 1.200040 0.957785
0.617083 1.199863 0.963583
0.617303 1.196658 0.964196
0.617381 1.193441 0.964769
0.617382 1.188422 0.963882
0.617354 1.183382 0.962979
0.617311 1.178323 0.962062
0.617263 1.173246 0.961132
0.617213 1.168151 0.960187
0.617162 1.163038 0.959229
0.617112 1.157909 0.958258
0.617064 1.152763 0.957273
0.617020 1.147711 0.951001
0.616974 1.142522 0.950038
0.616930 1.137321 0.949066
0.616889 1.132105 0.948080
0.616850 1.126875 0.947081
0.616814 1.121632 0.946070
0.616780 1.116377 0.945046
0.616749 1.111108 0.944010
0.616720 1.105829 0.942961
0.616694 1.100538 0.941900
0.616616 1.098497 0.945617
0.616579 1.096422 0.949317
0.616549 1.094309 0.952995
0.616523 1.092161 0.956653
0.620722 1.089983 0.960273
0.621062 1.087766 0.963900
0.621056 1.085509 0.967493
0.621019 1.083217 0.971062
0.620981 1.080888 0.974608
0.620944 1.078525 0.978130
0.620908 1.076126 0.981629
0.620874 1.073693 0.985103
0.620841 1.071225 0.988553
0.620810 1.068722 0.991979
0.620780 1.066186 0.995379
0.620751 1.063616 0.998754
0.620723 1.061012 1.002102
0.620695 1.058374 1.005425
0.620669 1.055704 1.008721
0.620644 1.053001 1.011991
0.620619 1.050266 1.015233
0.620595 1.047498 1.018448
0.620571 1.044698 1.021635
0.620548 1.041866 1.024794
0.620526 1.039003 1.027925
0.620504 1.036109 1.031026
0.620482 1.033184 1.034099
0.620461 1.030229 1.037142
0.620440 1.027243 1.040156
0.620419 1.024227 1.043140
0.620399 1.021182 1.046093
0.620378 1.018107 1.049016
0.620358 1.015003 1.051908
0.620339 1.011871 1.054769
0.620319 1.008710 1.057598
0.620300 1.005520 1.060396
0.620280 1.002304 1.063161
0.620261 0.999059 1.065895
0.620243 0.995788 1.068595
0.620224 0.992489 1.071263
0.620205 0.989164 1.073898
0.620187 0.985813 1.076500
0.620169 0.982436 1.079067
0.620150 0.979034 1.081601
0.620132 0.975606 1.084101
0.620115 0.972154 1.086566
