0.404477 0.351799 1.690648 0.591113 -0.002222 0.806198 -0.024981
0.404161 0.353425 1.690541 0.590555 -0.002731 0.806645 -0.023694
0.403759 0.355037 1.690494 0.589942 -0.003122 0.807119 -0.022733
0.403286 0.356723 1.690486 0.589326 -0.003395 0.807593 -0.021818
0.402569 0.358898 1.690529 0.588579 -0.003522 0.808172 -0.020537
0.401734 0.361061 1.690664 0.587742 -0.003749 0.808804 -0.019544
0.400826 0.363164 1.690859 0.586956 -0.003815 0.809388 -0.018937
0.399905 0.365192 1.690960 0.586423 -0.003408 0.809788 -0.018424
0.398765 0.367724 1.690934 0.585907 -0.003215 0.810171 -0.018014
0.397624 0.370192 1.690794 0.585432 -0.003125 0.810525 -0.017585
0.396477 0.372538 1.690628 0.585031 -0.002729 0.810821 -0.017336
0.395514 0.374241 1.690741 0.584262 -0.004005 0.811373 -0.017188
0.394664 0.375348 1.691105 0.583637 -0.006544 0.811803 -0.017356
0.393823 0.376274 1.691691 0.582903 -0.009330 0.812302 -0.017430
0.393052 0.377085 1.692386 0.582089 -0.012136 0.812846 -0.017557
0.392332 0.377840 1.693155 0.581222 -0.014842 0.813417 -0.017733
0.391482 0.378644 1.693821 0.580800 -0.017440 0.813657 -0.018155
0.390455 0.379555 1.694471 0.580303 -0.019712 0.813971 -0.017668
0.389443 0.380452 1.695220 0.579617 -0.021937 0.814415 -0.017077
0.388474 0.381349 1.696001 0.578920 -0.023991 0.814860 -0.016714
0.387417 0.382226 1.696871 0.578228 -0.025967 0.815291 -0.016664
0.386048 0.383209 1.698014 0.577315 -0.027621 0.815890 -0.016353
0.384622 0.384265 1.699364 0.576221 -0.029262 0.816611 -0.016135
0.383188 0.385383 1.700823 0.575084 -0.030820 0.817353 -0.016214
0.381571 0.386490 1.702276 0.574193 -0.032000 0.817923 -0.016707
0.378872 0.387520 1.703569 0.573881 -0.032342 0.818111 -0.017563
0.376068 0.388789 1.704972 0.573371 -0.032924 0.818420 -0.018733
0.373190 0.390415 1.706430 0.572854 -0.033219 0.818719 -0.020851
0.370101 0.392510 1.707915 0.572384 -0.032954 0.818969 -0.024078
0.365295 0.395210 1.709305 0.572710 -0.028056 0.818766 -0.028954
0.359009 0.400441 1.709558 0.574064 -0.017327 0.817797 -0.036833
0.352167 0.406751 1.709155 0.575614 -0.004710 0.816400 -0.046225
0.345334 0.413162 1.708418 0.577100 0.008433 0.814706 -0.056031
0.338201 0.417966 1.707936 0.577472 0.021000 0.813744 -0.062503
0.331459 0.421705 1.707771 0.577035 0.031192 0.813360 -0.067103
0.325577 0.424900 1.707748 0.576418 0.039528 0.813092 -0.071140
0.320611 0.427495 1.707804 0.575744 0.046217 0.812916 -0.074502
0.315946 0.428821 1.708578 0.574136 0.051076 0.813631 -0.075928
0.311100 0.429190 1.710557 0.571463 0.053501 0.815288 -0.076644
0.306740 0.429554 1.712771 0.569276 0.055014 0.816574 -0.078129
0.303024 0.429717 1.715227 0.567616 0.055593 0.817502 -0.080081
0.299751 0.429283 1.717990 0.565810 0.055866 0.818669 -0.080731
0.296662 0.427490 1.721855 0.563299 0.054554 0.820598 -0.079597
0.294049 0.425589 1.725704 0.560844 0.052486 0.822491 -0.078790
0.291887 0.423838 1.729011 0.558718 0.050487 0.824126 -0.078123
0.290042 0.422198 1.731833 0.556819 0.049043 0.825606 -0.076962
0.287521 0.419922 1.735986 0.553941 0.047125 0.827849 -0.074790
0.284813 0.417934 1.740467 0.550995 0.044534 0.830019 -0.074091
0.282238 0.416340 1.744472 0.548357 0.042242 0.831890 -0.074030
0.279943 0.415066 1.747817 0.546136 0.040399 0.833425 -0.074196
0.277588 0.413569 1.752076 0.543061 0.040201 0.835702 -0.071206
0.275273 0.411906 1.756876 0.539797 0.038632 0.838029 -0.069524
0.273178 0.410400 1.761181 0.536875 0.036916 0.840069 -0.068461
0.271369 0.409121 1.764773 0.534420 0.035440 0.841758 -0.067688
0.269795 0.408141 1.768513 0.531667 0.035356 0.843756 -0.064468
0.268280 0.407253 1.772667 0.528718 0.034706 0.845827 -0.061882
0.266887 0.406439 1.776365 0.526124 0.033851 0.847609 -0.060069
0.265674 0.405757 1.779454 0.523947 0.033105 0.849081 -0.058689
0.264524 0.405399 1.782684 0.521499 0.033950 0.850745 -0.055847
0.262955 0.405194 1.787465 0.517859 0.034911 0.853077 -0.053511
0.261253 0.404930 1.792087 0.514329 0.035053 0.855278 -0.052311
0.259640 0.404759 1.796050 0.511243 0.035109 0.857168 -0.051587
0.258283 0.404851 1.799570 0.508429 0.035595 0.858893 -0.050361
0.257386 0.405570 1.803861 0.504972 0.036251 0.860990 -0.048836
0.256645 0.406020 1.807745 0.501852 0.036337 0.862864 -0.047857
0.256051 0.406339 1.810983 0.499221 0.036332 0.864436 -0.046997
0.255602 0.406647 1.813684 0.496995 0.036509 0.865766 -0.045963
0.255643 0.407893 1.817760 0.493478 0.038306 0.867873 -0.042519
0.255732 0.408705 1.821847 0.489962 0.038994 0.869942 -0.040225
0.255857 0.409269 1.825294 0.486950 0.039380 0.871704 -0.038235
0.256003 0.409730 1.828120 0.484453 0.039727 0.873151 -0.036531
0.256523 0.411170 1.831490 0.481440 0.040936 0.874867 -0.033885
0.257123 0.412685 1.834890 0.478342 0.041880 0.876584 -0.032201
0.257682 0.413908 1.837703 0.475712 0.042642 0.878030 -0.030712
0.258188 0.414948 1.839977 0.473525 0.043362 0.879221 -0.029402
0.259040 0.416834 1.842489 0.471085 0.045349 0.880515 -0.026758
0.260363 0.419233 1.845329 0.468443 0.047801 0.881855 -0.024654
0.261730 0.421020 1.847737 0.466285 0.049594 0.882950 -0.022738
0.263029 0.422396 1.849719 0.464526 0.050974 0.883842 -0.020980
0.264395 0.424024 1.851734 0.462818 0.052515 0.884696 -0.018825
0.265972 0.426534 1.854722 0.460656 0.054360 0.885738 -0.017558
0.267318 0.428433 1.857588 0.458735 0.055547 0.886676 -0.016808
0.268466 0.429901 1.860119 0.457090 0.056370 0.887484 -0.016207
0.269556 0.431265 1.862398 0.455660 0.057159 0.888184 -0.015392
0.271690 0.433366 1.865697 0.454210 0.058088 0.888884 -0.014287
0.274070 0.434410 1.869043 0.453041 0.057908 0.889508 -0.013307
0.276422 0.434772 1.872091 0.452138 0.057142 0.890032 -0.012181
0.278597 0.434806 1.874744 0.451419 0.056228 0.890470 -0.011048
0.281186 0.435939 1.878227 0.450122 0.055887 0.891168 -0.009308
0.283703 0.436662 1.881801 0.448827 0.055213 0.891873 -0.008281
0.285989 0.436920 1.885024 0.447736 0.054275 0.892488 -0.007295
0.287995 0.436971 1.887815 0.446808 0.053359 0.893014 -0.006381
0.290546 0.437842 1.890842 0.445823 0.052658 0.893554 -0.005385
0.293812 0.438660 1.893860 0.445003 0.051932 0.894011 -0.004471
0.297083 0.438846 1.896413 0.444464 0.050944 0.894342 -0.003150
0.300124 0.438715 1.898544 0.444091 0.049933 0.894587 -0.001701
0.303231 0.439040 1.900703 0.443838 0.048995 0.894767 -0.000465
0.306700 0.439760 1.903244 0.443603 0.048136 0.894929 0.000007
0.309930 0.439933 1.905558 0.443437 0.047076 0.895068 0.000668
0.312812 0.439828 1.907580 0.443311 0.046011 0.895185 0.001420
0.315524 0.439939 1.909457 0.443167 0.045125 0.895299 0.002268
0.319010 0.440844 1.911407 0.442964 0.044868 0.895412 0.002970
0.322592 0.441168 1.912879 0.442977 0.044514 0.895417 0.004177
0.325976 0.441143 1.914006 0.443114 0.044075 0.895363 0.005634
0.329054 0.441034 1.914916 0.443299 0.043687 0.895279 0.007131
0.332648 0.441785 1.916321 0.443617 0.043862 0.895103 0.008419
0.336133 0.441901 1.917775 0.443899 0.043659 0.894960 0.009658
0.339323 0.441597 1.919145 0.444177 0.043122 0.894834 0.010947
0.342133 0.441127 1.920381 0.444417 0.042496 0.894729 0.012150
0.345229 0.441583 1.921839 0.444720 0.042404 0.894570 0.013094
0.348343 0.441933 1.923160 0.444997 0.042521 0.894414 0.013872
0.351204 0.441970 1.924259 0.445287 0.042469 0.894257 0.014790
0.353729 0.441871 1.925175 0.445552 0.042368 0.894115 0.015692
0.356342 0.442397 1.926202 0.445865 0.042519 0.893949 0.015920
0.359204 0.443055 1.927210 0.446172 0.042991 0.893776 0.015676
0.361939 0.443294 1.928016 0.446521 0.043215 0.893588 0.015853
0.364416 0.443316 1.928673 0.446861 0.043306 0.893408 0.016226
0.366948 0.443553 1.929288 0.447374 0.043422 0.893136 0.016686
0.370440 0.443848 1.929624 0.448348 0.043661 0.892623 0.017346
0.374170 0.443522 1.929605 0.449458 0.043578 0.892041 0.018755
0.377770 0.442874 1.929431 0.450561 0.043294 0.891461 0.020447
0.381140 0.442221 1.929260 0.451659 0.042977 0.890879 0.022165
0.384918 0.441916 1.929325 0.453114 0.042684 0.890127 0.023230
0.388613 0.441172 1.929328 0.454475 0.042156 0.889423 0.024552
0.392010 0.440225 1.929317 0.455698 0.041496 0.888787 0.025969
0.395007 0.439254 1.929313 0.456753 0.040837 0.888236 0.027299
0.397955 0.438942 1.929497 0.458088 0.040007 0.887579 0.027531
0.400622 0.438796 1.929404 0.459289 0.039591 0.886975 0.027588
0.402937 0.438726 1.929148 0.460331 0.039436 0.886436 0.027769
0.404893 0.438736 1.928821 0.461212 0.039469 0.885970 0.027964
0.406654 0.438862 1.928652 0.462262 0.039185 0.885443 0.027708
0.408346 0.439042 1.928328 0.463368 0.038807 0.884899 0.027151
0.409876 0.439242 1.927848 0.464346 0.038685 0.884400 0.026872
0.411210 0.439462 1.927314 0.465184 0.038734 0.883962 0.026742
0.412109 0.439804 1.926875 0.465842 0.039322 0.883614 0.025901
0.412689 0.440344 1.926273 0.466473 0.040118 0.883283 0.024582
0.413205 0.440998 1.925486 0.467058 0.041039 0.882958 0.023599
0.413649 0.441679 1.924654 0.467562 0.042008 0.882666 0.022846
0.413959 0.442290 1.923922 0.468105 0.042998 0.882349 0.022115
0.414107 0.442649 1.923482 0.468763 0.043985 0.881969 0.021377
0.413990 0.443216 1.923114 0.468939 0.045559 0.881816 0.020521
0.413810 0.443803 1.922789 0.469058 0.046916 0.881699 0.019767
0.413673 0.444129 1.922591 0.469280 0.047454 0.881572 0.018871
0.413357 0.443451 1.922586 0.469829 0.046430 0.881374 0.016886
0.413310 0.442798 1.922353 0.470343 0.045776 0.881148 0.016112
0.413301 0.442327 1.922029 0.470602 0.045747 0.881016 0.015862
0.413310 0.441984 1.921676 0.470793 0.045827 0.880913 0.015695
0.412499 0.441129 1.921398 0.471010 0.045890 0.880793 0.015731
0.411793 0.440263 1.920892 0.471621 0.045604 0.880462 0.016797
0.410993 0.439891 1.920267 0.471809 0.046124 0.880320 0.017466
0.410314 0.439493 1.919832 0.471943 0.046302 0.880227 0.018037
0.408988 0.438626 1.919429 0.471984 0.046004 0.880223 0.017957
0.407520 0.437379 1.918848 0.472258 0.045840 0.880027 0.020576
0.406091 0.436475 1.918260 0.472266 0.046189 0.879966 0.022190
0.404817 0.435592 1.917851 0.472328 0.045845 0.879946 0.022340
0.403201 0.434571 1.917442 0.472369 0.045102 0.879973 0.021918
0.400780 0.432953 1.916987 0.472459 0.044293 0.879902 0.024331
0.398524 0.431486 1.916706 0.472447 0.043933 0.879864 0.026527
0.396389 0.430239 1.916574 0.472378 0.043933 0.879842 0.028403
0.394417 0.428969 1.916435 0.472351 0.043570 0.879833 0.029670
0.391428 0.427468 1.915974 0.472334 0.042381 0.879823 0.031857
0.388563 0.425856 1.915573 0.472304 0.041483 0.879786 0.034402
0.385884 0.424451 1.915278 0.472171 0.041119 0.879787 0.036588
0.383529 0.423109 1.915100 0.472055 0.040865 0.879785 0.038373
0.380369 0.421655 1.914702 0.471919 0.039908 0.879799 0.040666
0.377207 0.420003 1.914375 0.471918 0.038925 0.879719 0.043290
0.374214 0.418383 1.914142 0.471780 0.038348 0.879698 0.045672
0.371543 0.416940 1.913954 0.471572 0.038028 0.879727 0.047477
0.368338 0.415604 1.913683 0.471271 0.037242 0.879839 0.048995
0.364864 0.414041 1.913490 0.471187 0.036330 0.879789 0.051325
0.361652 0.412338 1.913375 0.471077 0.035658 0.879736 0.053659
0.358835 0.410675 1.913292 0.470862 0.035197 0.879750 0.055593
0.355784 0.409107 1.913181 0.470458 0.034463 0.879909 0.056927
0.352060 0.407319 1.913224 0.470356 0.033522 0.879837 0.059408
0.348599 0.405347 1.913361 0.470334 0.032760 0.879694 0.062063
0.345421 0.403275 1.913529 0.470132 0.031969 0.879679 0.064174
0.342346 0.401233 1.913727 0.469706 0.030800 0.879891 0.064958
0.338679 0.399089 1.913728 0.469548 0.029762 0.879870 0.066852
0.335643 0.396627 1.914475 0.469882 0.029094 0.879557 0.068876
0.332633 0.393772 1.916417 0.469866 0.027857 0.879534 0.069784
0.329661 0.390407 1.918910 0.469692 0.025313 0.879773 0.068904
0.326061 0.386552 1.921638 0.470044 0.023010 0.879586 0.069703
0.322404 0.382654 1.924344 0.470321 0.020433 0.879481 0.069955
0.319063 0.378502 1.926891 0.470475 0.016874 0.879582 0.068592
0.316182 0.374066 1.929240 0.470773 0.012404 0.879679 0.066207
0.312996 0.369839 1.930572 0.471055 0.009512 0.879668 0.064807
0.310031 0.366124 1.931490 0.471235 0.007691 0.879575 0.065014
0.307345 0.362475 1.932447 0.471361 0.005382 0.879538 0.064830
0.304891 0.358874 1.933372 0.471351 0.002812 0.879570 0.064631
0.301920 0.355398 1.933851 0.471097 0.001324 0.879681 0.065019
0.298983 0.352113 1.933752 0.471011 0.001017 0.879563 0.067210
0.296382 0.348981 1.933686 0.470918 0.000339 0.879466 0.069101
0.293946 0.345958 1.933697 0.470733 -0.000730 0.879448 0.070578
0.291193 0.342810 1.933813 0.470409 -0.002077 0.879605 0.070749
0.287989 0.338967 1.933982 0.470301 -0.003210 0.879610 0.071370
0.285183 0.335230 1.934120 0.470230 -0.004391 0.879526 0.072799
0.282606 0.331650 1.934267 0.470070 -0.005938 0.879506 0.073941
0.280045 0.328119 1.934488 0.469777 -0.007720 0.879600 0.074521
0.276982 0.323882 1.934784 0.469530 -0.009568 0.879746 0.074142
0.274228 0.319508 1.935060 0.469329 -0.011142 0.879755 0.075086
0.271758 0.315255 1.935328 0.469013 -0.012663 0.879748 0.076877
0.269456 0.311232 1.935596 0.468607 -0.014383 0.879785 0.078611
0.266621 0.306802 1.936037 0.468213 -0.016311 0.879914 0.079128
0.263960 0.302036 1.936414 0.467963 -0.018446 0.879938 0.079867
0.261404 0.297262 1.936831 0.467623 -0.020423 0.879959 0.081137
0.258955 0.292442 1.937259 0.467212 -0.022388 0.879987 0.082680
0.256478 0.287467 1.937802 0.466784 -0.024534 0.880001 0.084317
0.253922 0.282292 1.938526 0.466377 -0.026734 0.879958 0.086314
0.251487 0.276941 1.939215 0.465969 -0.029136 0.879899 0.088328
0.249202 0.271525 1.939871 0.465503 -0.031634 0.879857 0.090318
0.246975 0.266108 1.940596 0.464987 -0.034044 0.879799 0.092634
0.244580 0.260169 1.941530 0.464529 -0.036864 0.879654 0.095204
0.242391 0.254203 1.942416 0.464130 -0.039796 0.879485 0.097495
0.240483 0.248506 1.943206 0.463712 -0.042506 0.879334 0.099684
0.238675 0.242944 1.943951 0.463258 -0.044978 0.879157 0.102237
0.236494 0.236527 1.945017 0.462946 -0.047931 0.878777 0.105518
0.234593 0.230139 1.945961 0.462847 -0.050923 0.878315 0.108362
0.233026 0.224087 1.946691 0.462798 -0.053677 0.877857 0.110922
0.231672 0.218349 1.947305 0.462736 -0.056133 0.877410 0.113476
0.229789 0.211773 1.948535 0.462882 -0.058896 0.876692 0.116970
0.228095 0.205091 1.949623 0.463334 -0.061919 0.875914 0.119420
0.226766 0.198841 1.950411 0.463933 -0.064588 0.875128 0.121434
0.225833 0.193125 1.950901 0.464732 -0.066742 0.874302 0.123152
0.224179 0.186449 1.952016 0.465860 -0.069153 0.873097 0.126076
0.222180 0.179251 1.953261 0.467369 -0.072158 0.871896 0.127111
0.220400 0.172667 1.954136 0.469016 -0.074692 0.870812 0.127012
0.218917 0.166944 1.954619 0.470273 -0.076555 0.870031 0.126599
0.217072 0.160726 1.955245 0.471696 -0.078658 0.869081 0.126548
0.214870 0.153328 1.956017 0.474051 -0.081307 0.867740 0.125266
0.213025 0.146940 1.956423 0.476205 -0.082473 0.866509 0.124856
0.211712 0.141825 1.956513 0.478197 -0.082416 0.865502 0.124262
0.210397 0.137359 1.956771 0.479928 -0.081527 0.864671 0.123957
0.208584 0.132319 1.957445 0.482231 -0.080009 0.863550 0.123828
0.207229 0.127945 1.957777 0.484511 -0.077738 0.862595 0.123030
0.206212 0.124178 1.957839 0.486388 -0.075221 0.861969 0.121567
0.205388 0.120577 1.957752 0.487782 -0.073008 0.861718 0.119086
0.204220 0.115888 1.957954 0.489241 -0.071245 0.861533 0.115452
0.203298 0.111487 1.958002 0.490908 -0.068589 0.861281 0.111804
0.202622 0.107590 1.957912 0.492448 -0.065289 0.861083 0.108477
0.202168 0.104065 1.957669 0.493660 -0.061784 0.861048 0.105256
0.201295 0.099404 1.957850 0.494700 -0.058687 0.861250 0.100379
0.200415 0.094444 1.957783 0.495632 -0.055628 0.861570 0.094609
0.199962 0.089630 1.957344 0.496322 -0.052686 0.861901 0.089526
0.199771 0.085198 1.956741 0.496749 -0.049671 0.862264 0.085288
0.199592 0.080190 1.956322 0.496959 -0.046794 0.862752 0.080626
0.199513 0.074924 1.955874 0.497151 -0.043510 0.863233 0.076001
0.199570 0.070412 1.955283 0.497183 -0.039840 0.863690 0.072535
0.199526 0.066627 1.954761 0.497072 -0.036100 0.864042 0.071049
0.199307 0.062780 1.954440 0.496907 -0.032517 0.864324 0.070500
0.198946 0.058434 1.954191 0.496787 -0.028999 0.864547 0.070133
0.198109 0.054625 1.953980 0.496423 -0.025735 0.864852 0.070234
0.197188 0.051431 1.953815 0.496138 -0.022784 0.865026 0.071120
0.196339 0.048371 1.953756 0.495889 -0.020247 0.865165 0.071928
0.195398 0.044545 1.953862 0.495583 -0.018035 0.865360 0.072280
0.194199 0.040802 1.953843 0.495171 -0.016717 0.865537 0.073294
0.192520 0.037139 1.953916 0.494545 -0.016385 0.865734 0.075242
0.190737 0.033538 1.953983 0.493818 -0.016972 0.865845 0.078534
0.188682 0.029099 1.954164 0.492576 -0.018998 0.866036 0.083607
0.186442 0.024367 1.954138 0.491154 -0.022505 0.866047 0.090688
0.184907 0.021484 1.954440 0.490183 -0.023628 0.866143 0.094651
0.183523 0.019850 1.955016 0.489094 -0.023832 0.866494 0.096990
0.181820 0.017670 1.956069 0.488227 -0.023824 0.866938 0.097402
0.179649 0.015289 1.957100 0.486552 -0.024631 0.867818 0.097730
0.177232 0.012746 1.957935 0.484385 -0.026693 0.868787 0.099335
0.174460 0.009603 1.958449 0.481260 -0.031594 0.870118 0.101414
0.170620 0.003775 1.958245 0.476017 -0.044039 0.872272 0.103009
0.166683 -0.002691 1.957747 0.470803 -0.056699 0.874087 0.105359
0.163211 -0.008368 1.957096 0.466205 -0.067652 0.875490 0.107671
0.160293 -0.013063 1.956477 0.462367 -0.076605 0.876543 0.109642
0.157628 -0.016736 1.956271 0.458761 -0.083729 0.877681 0.110463
0.154643 -0.019117 1.956906 0.454723 -0.089052 0.879348 0.109745
0.151943 -0.020802 1.957646 0.451145 -0.093131 0.880884 0.108804
0.149656 -0.022104 1.958324 0.448153 -0.096325 0.882177 0.107905
0.147627 -0.023102 1.959015 0.445434 -0.098832 0.883382 0.107038
0.145023 -0.023506 1.960262 0.441860 -0.100887 0.885108 0.105663
0.142528 -0.023632 1.961526 0.438539 -0.102486 0.886755 0.104146
0.140375 -0.023674 1.962641 0.435719 -0.103721 0.888162 0.102756
0.138555 -0.023679 1.963591 0.433342 -0.104657 0.889349 0.101591
0.136280 -0.022923 1.964966 0.430240 -0.104459 0.891040 0.100150
0.133896 -0.021793 1.966560 0.427170 -0.103866 0.892820 0.098029
0.131776 -0.020727 1.968011 0.424509 -0.103239 0.894383 0.095987
0.129969 -0.019816 1.969248 0.422274 -0.102682 0.895693 0.094205
0.128359 -0.018687 1.970141 0.420132 -0.101912 0.896904 0.093089
0.126951 -0.017393 1.971006 0.418304 -0.100860 0.898029 0.091607
0.125744 -0.016246 1.971796 0.416789 -0.099876 0.898989 0.090166
