0.451198 0.301400 1.267606 0.722358 -0.042253 0.688374 0.050541
0.446666 0.303513 1.270881 0.723304 -0.041220 0.687546 0.049115
0.442243 0.305617 1.274412 0.723477 -0.040164 0.687514 0.047873
0.437808 0.307558 1.277843 0.723208 -0.039007 0.687933 0.046879
0.433232 0.309369 1.281093 0.723335 -0.037876 0.687935 0.045808
0.428598 0.311325 1.284647 0.723890 -0.036914 0.687496 0.044370
0.424015 0.313219 1.288294 0.723857 -0.035957 0.687666 0.043071
0.419406 0.314911 1.291749 0.723474 -0.034914 0.688186 0.042008
0.414726 0.316418 1.294996 0.723266 -0.033808 0.688523 0.040971
0.410139 0.318050 1.298759 0.723462 -0.032478 0.688450 0.039813
0.405669 0.319598 1.302723 0.723024 -0.030986 0.689022 0.039053
0.401186 0.320940 1.306508 0.722264 -0.029424 0.689914 0.038559
0.396607 0.322052 1.309989 0.721571 -0.027652 0.690724 0.038354
0.391812 0.323381 1.313881 0.722269 -0.024677 0.690088 0.038689
0.387128 0.324834 1.318202 0.722277 -0.021976 0.690160 0.038896
0.382446 0.326153 1.322399 0.721831 -0.019637 0.690693 0.038951
0.377714 0.327219 1.326240 0.721179 -0.017620 0.691432 0.038890
0.372960 0.328526 1.330585 0.721537 -0.013897 0.691063 0.040273
0.368377 0.329918 1.335463 0.721144 -0.011199 0.691491 0.040803
0.363794 0.331117 1.340176 0.720334 -0.009088 0.692358 0.040953
0.359149 0.332012 1.344446 0.719372 -0.007286 0.693378 0.040966
0.354496 0.333075 1.349296 0.719320 -0.002828 0.693342 0.042981
0.350122 0.334376 1.355246 0.718479 0.000702 0.694142 0.044218
0.345768 0.335505 1.361106 0.717143 0.003201 0.695480 0.044766
0.341321 0.336307 1.366408 0.715713 0.005157 0.696924 0.045002
0.336674 0.337043 1.371514 0.715363 0.010243 0.697043 0.047765
0.332065 0.337901 1.377168 0.715000 0.015597 0.697117 0.050592
0.327469 0.338541 1.382590 0.714167 0.019581 0.697733 0.052441
0.322816 0.338845 1.387437 0.713191 0.022711 0.698539 0.053728
0.318096 0.339046 1.392152 0.712739 0.027144 0.698674 0.055861
0.313672 0.339528 1.398229 0.711832 0.031827 0.699232 0.057940
0.309362 0.339828 1.404396 0.710267 0.034923 0.700577 0.059093
0.304989 0.339802 1.409985 0.708622 0.037163 0.702071 0.059758
0.300521 0.339562 1.415103 0.707250 0.040204 0.703155 0.061278
0.296207 0.339633 1.421373 0.705636 0.044216 0.704322 0.063669
0.291963 0.339573 1.427768 0.703536 0.046600 0.706151 0.064929
0.287635 0.339194 1.433522 0.701517 0.048189 0.707987 0.065619
0.283204 0.338527 1.438577 0.699802 0.049925 0.709480 0.066511
0.278859 0.338142 1.444349 0.698063 0.053314 0.710709 0.068990
0.274543 0.337582 1.450022 0.696051 0.055317 0.712387 0.070414
0.270155 0.336698 1.455038 0.694208 0.056662 0.713993 0.071272
0.265703 0.335494 1.459337 0.692618 0.057689 0.715397 0.071829
0.261343 0.334754 1.464789 0.691175 0.060031 0.716446 0.073341
0.257102 0.333967 1.470636 0.689136 0.060699 0.718319 0.073661
0.252813 0.333102 1.475855 0.687139 0.061136 0.720204 0.073543
0.248353 0.332776 1.480246 0.685309 0.062061 0.721946 0.072763
0.243529 0.333142 1.485111 0.684535 0.064712 0.722541 0.071830
0.238716 0.334002 1.490441 0.683271 0.066698 0.723752 0.069817
0.234179 0.335155 1.495128 0.682153 0.068381 0.724900 0.067165
0.230188 0.336238 1.499065 0.681258 0.069773 0.725851 0.064494
0.226579 0.337329 1.503217 0.680955 0.072508 0.726001 0.062972
0.223407 0.338479 1.508111 0.680264 0.074468 0.726601 0.061206
0.220733 0.339432 1.512539 0.679435 0.075637 0.727409 0.059371
0.218505 0.340134 1.516306 0.678650 0.076427 0.728188 0.057746
0.216578 0.340601 1.520068 0.678639 0.077853 0.728157 0.056346
0.215285 0.340559 1.525013 0.678540 0.078168 0.728336 0.054769
0.214497 0.340178 1.529668 0.677968 0.077522 0.729026 0.053593
0.213965 0.339644 1.533668 0.677315 0.076660 0.729785 0.052741
0.213474 0.339138 1.537337 0.677036 0.077045 0.730036 0.052282
0.213130 0.338697 1.542217 0.676609 0.078506 0.730326 0.051592
0.213058 0.338106 1.546953 0.675619 0.078695 0.731264 0.050975
0.213061 0.337466 1.551057 0.674583 0.078518 0.732272 0.050504
0.213048 0.336889 1.554616 0.673830 0.078815 0.732956 0.050179
0.213294 0.336458 1.559272 0.673889 0.080478 0.732807 0.048898
0.213945 0.335686 1.564405 0.673047 0.080220 0.733683 0.047766
0.214651 0.334789 1.569076 0.671954 0.079301 0.734836 0.046945
0.215283 0.333906 1.573067 0.670895 0.078366 0.735940 0.046377
0.215961 0.333546 1.577824 0.670281 0.080331 0.736358 0.045252
0.216978 0.332935 1.582998 0.668822 0.080447 0.737740 0.044099
0.217970 0.332171 1.587675 0.667208 0.079891 0.739307 0.043315
0.218829 0.331401 1.591650 0.665693 0.079240 0.740771 0.042810
0.219514 0.330920 1.596197 0.664810 0.081005 0.741435 0.041708
0.220542 0.330154 1.601108 0.663428 0.081253 0.742716 0.040412
0.221587 0.329188 1.605415 0.661940 0.080900 0.744120 0.039697
0.222518 0.328213 1.609045 0.660540 0.080427 0.745433 0.039340
0.223405 0.327516 1.613123 0.659585 0.081478 0.746221 0.038249
0.224880 0.326480 1.618106 0.658210 0.080735 0.747607 0.036422
0.226454 0.325095 1.622568 0.656671 0.079220 0.749166 0.035471
0.227886 0.323673 1.626328 0.655230 0.077700 0.750604 0.035064
0.229026 0.322476 1.630141 0.653952 0.078366 0.751660 0.034850
0.230385 0.321133 1.635032 0.652135 0.078793 0.753235 0.033897
0.231821 0.319529 1.639458 0.650215 0.078144 0.754975 0.033552
0.233119 0.317942 1.643192 0.648467 0.077308 0.756561 0.033610
0.234253 0.316637 1.646668 0.646807 0.077432 0.757958 0.033832
0.235808 0.315586 1.651348 0.644462 0.077114 0.760034 0.032725
0.237480 0.314219 1.655661 0.642112 0.075652 0.762191 0.032154
0.238999 0.312806 1.659291 0.640046 0.074138 0.764078 0.032079
0.240317 0.311539 1.662389 0.638302 0.073307 0.765608 0.032268
0.242257 0.310221 1.666243 0.636694 0.073134 0.767006 0.031217
0.244615 0.308237 1.669857 0.635044 0.071308 0.768548 0.031115
0.246867 0.306103 1.672884 0.633595 0.069251 0.769906 0.031728
0.248851 0.304110 1.675380 0.632362 0.067397 0.771047 0.032603
0.251069 0.302910 1.678576 0.630639 0.066591 0.772562 0.031747
0.253459 0.301565 1.681671 0.628824 0.064653 0.774239 0.030900
0.255634 0.300135 1.684251 0.627261 0.062732 0.775672 0.030690
0.257515 0.298797 1.686355 0.625957 0.061070 0.776851 0.030821
0.259869 0.297597 1.688873 0.624314 0.059876 0.778284 0.030336
0.262980 0.295648 1.691431 0.622578 0.057008 0.779885 0.030437
0.266013 0.293356 1.693501 0.621160 0.053948 0.781189 0.031518
0.268713 0.291137 1.695146 0.620030 0.051203 0.782212 0.032934
0.271519 0.289762 1.697110 0.618976 0.049878 0.783135 0.032868
0.274835 0.288617 1.699681 0.617685 0.047735 0.784350 0.031333
0.277924 0.287182 1.701927 0.616527 0.045286 0.785433 0.030631
0.280629 0.285744 1.703763 0.615576 0.043081 0.786309 0.030468
0.283288 0.284721 1.705598 0.614483 0.041539 0.787277 0.029667
0.286725 0.283758 1.707734 0.612943 0.039195 0.788666 0.027793
0.290072 0.282340 1.709434 0.611688 0.036604 0.789785 0.027156
0.293060 0.280833 1.710746 0.610720 0.034271 0.790637 0.027221
0.295924 0.279639 1.711913 0.609862 0.032478 0.791376 0.027165
0.300006 0.278689 1.713420 0.608691 0.030092 0.792411 0.025960
0.304117 0.277072 1.714586 0.607771 0.027175 0.793220 0.026043
0.307827 0.275271 1.715432 0.607113 0.024456 0.793786 0.026847
0.311127 0.273719 1.716104 0.606602 0.022308 0.794212 0.027664
0.315085 0.273721 1.717110 0.605768 0.021168 0.794946 0.025643
0.318790 0.273655 1.717884 0.605052 0.020038 0.795572 0.023988
0.322010 0.273441 1.718410 0.604543 0.019106 0.796011 0.023009
0.324764 0.273193 1.718770 0.604183 0.018376 0.796318 0.022402
0.328509 0.273383 1.718959 0.604001 0.016817 0.796575 0.019232
0.332589 0.272873 1.718735 0.604084 0.014891 0.796589 0.017491
0.336353 0.271933 1.718308 0.604343 0.013025 0.796437 0.016964
0.339653 0.270902 1.717832 0.604659 0.011387 0.796222 0.016998
0.343395 0.270862 1.717388 0.605059 0.010366 0.795977 0.014715
0.347334 0.270935 1.716780 0.605510 0.009566 0.795683 0.012374
0.350855 0.270721 1.716074 0.606025 0.008837 0.795320 0.011026
0.353896 0.270400 1.715388 0.606529 0.008224 0.794952 0.010244
0.357126 0.270687 1.714864 0.606838 0.007580 0.794744 0.008415
0.360666 0.271307 1.714328 0.607003 0.006913 0.794647 0.006046
0.363816 0.271642 1.713687 0.607270 0.006381 0.794457 0.004528
0.366528 0.271819 1.713050 0.607575 0.005987 0.794232 0.003556
0.369202 0.272316 1.712457 0.607927 0.005159 0.793975 0.000867
0.372352 0.273163 1.711735 0.608359 0.003999 0.793643 -0.003604
0.375248 0.273613 1.710891 0.608877 0.003025 0.793231 -0.006710
0.377784 0.273831 1.710062 0.609404 0.002233 0.792807 -0.008873
0.380130 0.274089 1.709215 0.609997 0.001508 0.792324 -0.011130
0.382970 0.274586 1.707796 0.611035 0.001039 0.791476 -0.014195
0.385674 0.274723 1.706158 0.612193 0.000758 0.790546 -0.016013
0.387700 0.275137 1.704916 0.613023 0.000793 0.789841 -0.018811
0.389529 0.275494 1.703730 0.613862 0.000895 0.789151 -0.020344
0.391559 0.276119 1.702613 0.614325 -0.000156 0.788702 -0.023543
0.393303 0.276754 1.701614 0.614670 -0.000933 0.788342 -0.026404
0.394715 0.277383 1.700747 0.614987 -0.001361 0.788009 -0.028830
0.395866 0.277974 1.700004 0.615271 -0.001558 0.787710 -0.030848
0.396947 0.278709 1.699226 0.615235 -0.000562 0.787658 -0.032868
0.397873 0.279546 1.698256 0.615340 0.000907 0.787488 -0.034920
0.398588 0.280436 1.697310 0.615508 0.002442 0.787268 -0.036785
0.399133 0.281319 1.696447 0.615704 0.003949 0.787032 -0.038386
0.399763 0.282506 1.695592 0.615657 0.005197 0.786992 -0.039785
0.400387 0.283811 1.694657 0.615529 0.006181 0.787018 -0.041086
0.400910 0.284924 1.693808 0.615425 0.006964 0.787041 -0.042085
0.401509 0.285081 1.693375 0.615132 0.006528 0.787286 -0.041840
0.401988 0.285202 1.693087 0.614800 0.006735 0.787556 -0.041622
0.402376 0.285486 1.692755 0.614402 0.007371 0.787869 -0.041447
0.402692 0.285824 1.692437 0.614050 0.007981 0.788142 -0.041362
0.402941 0.286151 1.692161 0.613753 0.008526 0.788369 -0.041344
0.403177 0.286640 1.691964 0.613445 0.008936 0.788614 -0.041152
0.403417 0.287465 1.691868 0.613043 0.009016 0.788957 -0.040548
0.403576 0.288278 1.691797 0.612679 0.009138 0.789260 -0.040126
0.403662 0.289068 1.691738 0.612370 0.009372 0.789506 -0.039943
0.403654 0.289899 1.691657 0.612042 0.009695 0.789769 -0.039698
0.403430 0.291082 1.691439 0.611450 0.009983 0.790283 -0.038481
0.403140 0.292272 1.691235 0.610875 0.010320 0.790777 -0.037384
0.402814 0.293413 1.691073 0.610372 0.010790 0.791192 -0.036667
0.402457 0.294516 1.690956 0.609908 0.011340 0.791567 -0.036107
0.401826 0.296044 1.691005 0.609148 0.011987 0.792235 -0.034050
0.401093 0.297594 1.691156 0.608389 0.012741 0.792892 -0.031995
0.400332 0.299045 1.691498 0.607527 0.013325 0.793594 -0.030677
0.399584 0.300391 1.691938 0.606670 0.013892 0.794276 -0.029765
0.398801 0.301968 1.692528 0.605656 0.014459 0.795099 -0.028086
0.397909 0.303606 1.693196 0.604644 0.014911 0.795895 -0.027095
0.396997 0.305217 1.693760 0.603804 0.015507 0.796529 -0.026893
0.396106 0.306749 1.694278 0.603028 0.016077 0.797094 -0.027202
0.395471 0.308750 1.694578 0.602406 0.016301 0.797594 -0.026166
0.394857 0.310958 1.694676 0.601846 0.016300 0.798058 -0.024890
0.394228 0.312961 1.694779 0.601284 0.016308 0.798506 -0.024066
0.393763 0.314469 1.694874 0.600766 0.016113 0.798932 -0.023005
0.393386 0.316147 1.694933 0.600315 0.016300 0.799322 -0.020981
0.392914 0.318140 1.695076 0.599738 0.016223 0.799810 -0.018832
0.392297 0.320079 1.695414 0.598996 0.015870 0.800389 -0.018141
0.391562 0.322008 1.695906 0.598134 0.015441 0.801035 -0.018465
0.390817 0.324051 1.696393 0.597437 0.014915 0.801558 -0.018735
0.389961 0.326488 1.696772 0.596898 0.013826 0.801975 -0.018907
0.389058 0.328828 1.697053 0.596448 0.013307 0.802311 -0.019231
0.388126 0.331000 1.697323 0.596084 0.013295 0.802567 -0.019844
0.387246 0.333229 1.697617 0.595800 0.013515 0.802762 -0.020310
0.386450 0.336119 1.697948 0.595528 0.013240 0.802974 -0.020068
0.385580 0.338855 1.698261 0.595308 0.013259 0.803134 -0.020200
0.384712 0.341313 1.698598 0.595123 0.013440 0.803253 -0.020797
0.383836 0.343598 1.698958 0.594999 0.013693 0.803314 -0.021771
0.383172 0.346207 1.699187 0.594978 0.013116 0.803330 -0.022152
0.382535 0.348590 1.699368 0.594906 0.012548 0.803381 -0.022541
0.381871 0.350717 1.699579 0.594830 0.012126 0.803419 -0.023409
0.381179 0.352681 1.699794 0.594777 0.011903 0.803424 -0.024641
0.380605 0.355224 1.700136 0.594520 0.010329 0.803580 -0.026435
