0.382401 0.348402 1.698405 0.605074 0.021216 0.794937 -0.038866
0.381517 0.350746 1.698028 0.604769 0.022725 0.795136 -0.038698
0.380785 0.353608 1.697733 0.604224 0.024358 0.795523 -0.038251
0.379947 0.356427 1.697524 0.603618 0.026039 0.795933 -0.038177
0.379062 0.359046 1.697342 0.603148 0.027849 0.796220 -0.038356
0.378125 0.361633 1.697255 0.602694 0.029621 0.796475 -0.038850
0.377652 0.364809 1.697231 0.602331 0.031093 0.796687 -0.038984
0.377662 0.366540 1.697399 0.601672 0.030635 0.797241 -0.038191
0.378048 0.367204 1.697682 0.601192 0.029380 0.797691 -0.037340
0.378540 0.367551 1.698004 0.600830 0.028100 0.798044 -0.036588
0.379293 0.368233 1.698236 0.600302 0.026612 0.798556 -0.035186
0.380052 0.368715 1.698500 0.599702 0.024972 0.799109 -0.034048
0.380755 0.369052 1.698848 0.599039 0.023325 0.799692 -0.033168
0.381386 0.369355 1.699252 0.598394 0.021782 0.800247 -0.032477
0.382217 0.369880 1.699503 0.597965 0.020291 0.800666 -0.030988
0.382920 0.370326 1.699773 0.597503 0.019377 0.801101 -0.029168
0.383514 0.370722 1.700141 0.596883 0.018465 0.801643 -0.027541
0.384025 0.371101 1.700590 0.596187 0.017457 0.802226 -0.026260
0.384606 0.371616 1.701125 0.595427 0.016110 0.802856 -0.025070
0.385087 0.372112 1.701781 0.594536 0.014846 0.803574 -0.023974
0.385442 0.372649 1.702521 0.593519 0.013506 0.804373 -0.023171
0.385668 0.373235 1.703299 0.592473 0.012128 0.805180 -0.022679
0.385616 0.373897 1.703870 0.591709 0.011214 0.805779 -0.021769
0.385439 0.374613 1.704506 0.590705 0.010274 0.806555 -0.020786
0.385197 0.375374 1.705197 0.589633 0.009259 0.807367 -0.020129
0.384855 0.376155 1.705890 0.588651 0.008334 0.808103 -0.019773
0.383681 0.376862 1.706746 0.588325 0.008728 0.808352 -0.019065
0.382221 0.377774 1.708033 0.587717 0.008840 0.808795 -0.019041
0.380728 0.378848 1.709404 0.587062 0.008821 0.809255 -0.019666
0.379172 0.379988 1.710720 0.586482 0.009042 0.809650 -0.020557
0.376646 0.380810 1.711888 0.586386 0.011387 0.809691 -0.020561
0.373925 0.382018 1.713116 0.586202 0.013837 0.809768 -0.021259
0.371100 0.383686 1.714361 0.586034 0.016133 0.809791 -0.023291
0.368026 0.385785 1.715532 0.585990 0.018485 0.809670 -0.026625
0.362856 0.388609 1.715774 0.587837 0.024570 0.807958 -0.032377
0.356892 0.392946 1.715251 0.590111 0.032698 0.805699 -0.039334
0.351070 0.397572 1.714593 0.591897 0.040457 0.803677 -0.046078
0.345734 0.401716 1.714066 0.593102 0.047392 0.802070 -0.051650
0.340120 0.403638 1.715392 0.592238 0.052844 0.802270 -0.053143
0.335099 0.404853 1.717821 0.590702 0.056040 0.803078 -0.054739
0.330844 0.405684 1.720402 0.589115 0.057990 0.803989 -0.056411
0.327274 0.406135 1.722802 0.587601 0.059397 0.804916 -0.057499
0.323211 0.405516 1.725622 0.585373 0.061369 0.806545 -0.055289
0.319232 0.405130 1.728575 0.583183 0.062719 0.808107 -0.054102
0.315665 0.404940 1.731276 0.581250 0.063657 0.809450 -0.053718
0.312573 0.404761 1.733659 0.579527 0.064459 0.810646 -0.053349
0.309367 0.403827 1.737279 0.576740 0.064358 0.812765 -0.051394
0.306327 0.402827 1.741413 0.573894 0.063118 0.814925 -0.050580
0.303651 0.401914 1.745248 0.571388 0.061639 0.816809 -0.050383
0.301361 0.401073 1.748588 0.569223 0.060473 0.818431 -0.049992
0.298822 0.400014 1.752640 0.566311 0.059906 0.820636 -0.047537
0.296257 0.399128 1.756807 0.563522 0.058701 0.822703 -0.046438
0.293927 0.398418 1.760518 0.561136 0.057478 0.824442 -0.046026
0.291918 0.397840 1.763684 0.559118 0.056575 0.825901 -0.045551
0.289917 0.397634 1.767492 0.556547 0.056158 0.827762 -0.043724
0.287806 0.397594 1.771402 0.554079 0.055241 0.829499 -0.043314
0.285842 0.397618 1.774872 0.551960 0.054345 0.830963 -0.043453
0.284137 0.397685 1.777838 0.550162 0.053797 0.832193 -0.043386
0.282774 0.398127 1.781404 0.548003 0.053755 0.833708 -0.041644
0.281488 0.398448 1.784958 0.546012 0.053021 0.835091 -0.041025
0.280360 0.398649 1.788063 0.544347 0.052209 0.836242 -0.040761
0.279425 0.398822 1.790709 0.542955 0.051709 0.837199 -0.040296
0.278361 0.399821 1.794097 0.541310 0.052226 0.838266 -0.039576
0.276985 0.400925 1.797565 0.539690 0.052296 0.839269 -0.040335
0.275605 0.401937 1.800631 0.538272 0.052311 0.840127 -0.041409
0.274395 0.402880 1.803273 0.537020 0.052599 0.840876 -0.042065
0.273803 0.404538 1.806742 0.535107 0.053503 0.842049 -0.041846
0.273483 0.405766 1.809986 0.533433 0.053543 0.843089 -0.042249
0.273333 0.406607 1.812715 0.532091 0.053360 0.843935 -0.042491
0.273326 0.407285 1.815023 0.530974 0.053380 0.844653 -0.042184
0.273460 0.409065 1.818772 0.529169 0.053680 0.845782 -0.041847
0.273221 0.410605 1.822818 0.527328 0.053116 0.846906 -0.043054
0.272856 0.411830 1.826454 0.525716 0.052455 0.847881 -0.044383
0.272529 0.412918 1.829604 0.524299 0.052198 0.848733 -0.045150
0.272705 0.415189 1.833671 0.522320 0.053033 0.849859 -0.045932
0.272930 0.417019 1.837484 0.520564 0.053152 0.850845 -0.047446
0.273187 0.418384 1.840711 0.519128 0.053092 0.851659 -0.048631
0.273502 0.419525 1.843442 0.517890 0.053270 0.852375 -0.049075
0.274320 0.421652 1.847499 0.515688 0.053780 0.853692 -0.048816
0.275087 0.423180 1.851563 0.513658 0.053304 0.854907 -0.049482
0.275800 0.424217 1.855115 0.511970 0.052625 0.855930 -0.050010
0.276485 0.425047 1.858149 0.510532 0.052228 0.856811 -0.050034
0.277647 0.426889 1.861659 0.508690 0.052834 0.857885 -0.049766
0.278856 0.428360 1.864662 0.507186 0.053070 0.858751 -0.049945
0.280002 0.429461 1.867085 0.506011 0.053223 0.859435 -0.049915
0.281071 0.430404 1.869094 0.505021 0.053569 0.860021 -0.049487
0.282637 0.432190 1.872198 0.503105 0.054957 0.861090 -0.048857
0.284380 0.433204 1.875239 0.501448 0.055292 0.862048 -0.048647
0.286109 0.433674 1.877887 0.500127 0.055149 0.862849 -0.048187
0.287745 0.433941 1.880161 0.499042 0.054958 0.863532 -0.047428
0.290050 0.434908 1.882755 0.497812 0.054700 0.864275 -0.047113
0.292625 0.435357 1.884797 0.496984 0.054103 0.864817 -0.046600
0.295132 0.435452 1.886365 0.496448 0.053449 0.865212 -0.045709
0.297435 0.435470 1.887644 0.496039 0.053001 0.865538 -0.044504
0.299880 0.436499 1.890010 0.494782 0.053500 0.866283 -0.043383
0.302123 0.437042 1.892425 0.493616 0.053399 0.866980 -0.042887
0.304119 0.437243 1.894577 0.492652 0.053046 0.867575 -0.042362
0.305883 0.437364 1.896460 0.491827 0.052753 0.868093 -0.041700
0.308115 0.438197 1.898955 0.490584 0.052193 0.868832 -0.041645
0.310459 0.438536 1.901083 0.489633 0.051319 0.869427 -0.041517
0.312687 0.438563 1.902805 0.488943 0.050444 0.869888 -0.041051
0.314727 0.438548 1.904242 0.488390 0.049824 0.870270 -0.040294
0.317558 0.439464 1.906318 0.487463 0.050405 0.870802 -0.039280
0.320724 0.439574 1.908124 0.486857 0.050285 0.871200 -0.038099
0.323833 0.439180 1.909625 0.486506 0.049758 0.871491 -0.036596
0.326703 0.438664 1.910919 0.486256 0.049180 0.871728 -0.035008
0.329803 0.439196 1.912818 0.485765 0.048503 0.872021 -0.035488
0.332701 0.439431 1.914439 0.485405 0.047775 0.872241 -0.035991
0.335282 0.439461 1.915752 0.485159 0.047123 0.872407 -0.036151
0.337533 0.439502 1.916859 0.484925 0.046736 0.872564 -0.036006
0.340124 0.440691 1.918630 0.483692 0.047780 0.873203 -0.035722
0.342746 0.441397 1.920064 0.482707 0.048555 0.873720 -0.035361
0.345204 0.441745 1.921179 0.481984 0.049070 0.874116 -0.034698
0.347427 0.441989 1.922092 0.481417 0.049535 0.874434 -0.033900
0.350190 0.443121 1.923340 0.480717 0.050962 0.874733 -0.034010
0.353092 0.443638 1.924289 0.480269 0.051966 0.874929 -0.033761
0.355862 0.443742 1.925016 0.480017 0.052564 0.875057 -0.033116
0.358391 0.443727 1.925633 0.479845 0.052987 0.875156 -0.032293
0.361437 0.444661 1.926992 0.479369 0.053461 0.875396 -0.032074
0.364448 0.444989 1.928223 0.479028 0.053539 0.875590 -0.031756
0.367232 0.444934 1.929276 0.478810 0.053385 0.875740 -0.031158
0.369723 0.444789 1.930201 0.478636 0.053196 0.875871 -0.030474
0.372822 0.445295 1.931547 0.478064 0.053363 0.876157 -0.030887
0.376232 0.444962 1.932637 0.477758 0.053079 0.876353 -0.030588
0.379570 0.444156 1.933528 0.477645 0.052465 0.876481 -0.029721
0.382650 0.443249 1.934309 0.477609 0.051752 0.876579 -0.028631
0.386179 0.443319 1.935110 0.477581 0.050842 0.876629 -0.029206
0.389781 0.443216 1.935153 0.477852 0.050351 0.876511 -0.029151
0.393136 0.443022 1.934808 0.478264 0.050116 0.876319 -0.028570
0.396114 0.442884 1.934341 0.478680 0.050074 0.876121 -0.027755
0.399121 0.443565 1.934443 0.479007 0.049980 0.875945 -0.027819
0.401765 0.444041 1.934512 0.479284 0.049984 0.875789 -0.027971
0.404028 0.444370 1.934539 0.479518 0.050056 0.875656 -0.027967
0.405929 0.444658 1.934569 0.479680 0.050208 0.875563 -0.027866
0.408038 0.444945 1.934771 0.479811 0.049525 0.875497 -0.028850
0.410343 0.444872 1.934602 0.480154 0.048842 0.875337 -0.029196
0.412580 0.444621 1.934254 0.480563 0.048288 0.875148 -0.029021
0.414612 0.444332 1.933877 0.480938 0.047915 0.874979 -0.028531
0.416668 0.444075 1.934030 0.480749 0.048120 0.875113 -0.027235
0.418798 0.443366 1.934250 0.480624 0.047962 0.875233 -0.025843
0.420830 0.442444 1.934495 0.480561 0.047580 0.875331 -0.024386
0.422655 0.441484 1.934760 0.480511 0.047145 0.875418 -0.023001
0.424202 0.440642 1.935266 0.480378 0.046136 0.875545 -0.023026
0.425598 0.439982 1.935497 0.480327 0.045378 0.875611 -0.023063
0.426481 0.439917 1.935440 0.480087 0.045828 0.875697 -0.023906
0.426427 0.440840 1.935194 0.479580 0.047476 0.875841 -0.025543
0.426146 0.441671 1.934911 0.479334 0.048338 0.875884 -0.027049
0.426170 0.442380 1.934294 0.479380 0.048839 0.875802 -0.027957
0.426437 0.442460 1.934066 0.479604 0.047928 0.875706 -0.028654
0.426677 0.442370 1.934003 0.479673 0.047410 0.875678 -0.029232
0.426442 0.441951 1.933986 0.479501 0.047465 0.875730 -0.030387
0.426319 0.441629 1.933828 0.479327 0.047963 0.875800 -0.030333
0.426258 0.441345 1.933679 0.479228 0.048218 0.875843 -0.030253
0.426201 0.441036 1.933565 0.479141 0.048304 0.875881 -0.030376
0.425489 0.440019 1.933515 0.478654 0.048935 0.876091 -0.030993
0.425256 0.439038 1.933112 0.478314 0.049825 0.876247 -0.030386
0.425002 0.438450 1.932554 0.477940 0.050926 0.876402 -0.030003
0.424779 0.437856 1.932108 0.477702 0.051423 0.876508 -0.029840
0.423529 0.436255 1.931932 0.477362 0.051032 0.876750 -0.028811
0.422429 0.434853 1.931691 0.477077 0.051184 0.876968 -0.026569
0.421364 0.433927 1.931332 0.476846 0.051349 0.877124 -0.025184
0.420332 0.433259 1.930952 0.476628 0.051485 0.877259 -0.024332
0.418117 0.431732 1.930489 0.476414 0.050743 0.877434 -0.023778
0.416244 0.430293 1.929977 0.476608 0.049961 0.877421 -0.021943
0.414386 0.429212 1.929571 0.476605 0.049778 0.877469 -0.020437
0.412765 0.428177 1.929300 0.476633 0.049599 0.877501 -0.018800
0.409982 0.426770 1.928881 0.476578 0.048519 0.877621 -0.017373
0.407196 0.425258 1.928621 0.476477 0.047597 0.877767 -0.015157
0.404602 0.423968 1.928499 0.476309 0.047087 0.877918 -0.013144
0.402292 0.422733 1.928474 0.476190 0.046716 0.878029 -0.011217
0.399172 0.421219 1.928178 0.476292 0.045596 0.878053 -0.009465
0.396002 0.419683 1.927959 0.476409 0.044531 0.878064 -0.007475
0.393104 0.418144 1.927844 0.476424 0.043726 0.878110 -0.005518
0.390527 0.416716 1.927815 0.476379 0.043266 0.878168 -0.003502
0.387089 0.415238 1.927631 0.476321 0.042093 0.878263 0.000034
0.383695 0.413578 1.927551 0.476326 0.040834 0.878314 0.003494
0.380503 0.412053 1.927558 0.476130 0.040140 0.878433 0.006671
0.377618 0.410712 1.927600 0.475948 0.039749 0.878525 0.009425
0.373681 0.409339 1.927431 0.475933 0.038690 0.878543 0.012413
0.369811 0.407729 1.927373 0.476177 0.037476 0.878412 0.015561
0.366223 0.405967 1.927367 0.476253 0.036529 0.878352 0.018602
0.362928 0.404285 1.927446 0.476132 0.036012 0.878373 0.021512
0.358971 0.402660 1.927487 0.475978 0.035058 0.878377 0.025861
0.355243 0.400706 1.927625 0.476138 0.033778 0.878213 0.029903
0.351708 0.398713 1.927788 0.476118 0.032821 0.878128 0.033563
0.348405 0.396748 1.928017 0.475913 0.032225 0.878122 0.037003
0.344432 0.394798 1.928010 0.475659 0.031172 0.878117 0.041079
0.340708 0.392587 1.927949 0.475731 0.029863 0.877948 0.044669
0.337224 0.390299 1.927924 0.475661 0.028886 0.877837 0.048106
0.334021 0.388001 1.927963 0.475467 0.028191 0.877782 0.051341
0.330002 0.385691 1.928013 0.475162 0.027142 0.877728 0.055484
0.326151 0.383106 1.928132 0.475340 0.025755 0.877436 0.059120
0.322560 0.380431 1.928300 0.475440 0.024615 0.877172 0.062611
0.319403 0.377758 1.928470 0.475504 0.023165 0.877005 0.064964
0.315637 0.374958 1.928504 0.475335 0.021446 0.876974 0.067175
0.312301 0.372002 1.928341 0.475520 0.019853 0.876701 0.069878
0.309427 0.369043 1.928074 0.475684 0.017979 0.876481 0.071983
0.306886 0.366185 1.927856 0.475721 0.015934 0.876370 0.073564
0.303218 0.363018 1.927787 0.475590 0.013704 0.876407 0.074415
0.299910 0.359757 1.927613 0.475978 0.011746 0.876040 0.076551
0.297050 0.356532 1.927399 0.476323 0.009657 0.875692 0.078651
0.294701 0.353203 1.927436 0.476813 0.007229 0.875317 0.080105
0.292061 0.348675 1.929042 0.477938 0.004376 0.874637 0.081037
0.289377 0.343292 1.931624 0.479284 0.000163 0.873845 0.081739
0.286562 0.338241 1.933955 0.479906 -0.003851 0.873453 0.082193
0.283760 0.334230 1.935645 0.480100 -0.006701 0.873260 0.082922
0.280365 0.330158 1.937027 0.480485 -0.008040 0.872860 0.084762
0.277509 0.326049 1.938006 0.480815 -0.009588 0.872464 0.086783
0.274905 0.322117 1.938906 0.480894 -0.011418 0.872229 0.088476
0.272485 0.318240 1.939743 0.480862 -0.013689 0.872103 0.089557
0.269208 0.313908 1.940870 0.481129 -0.015005 0.871741 0.091418
0.266178 0.309411 1.941887 0.481157 -0.016346 0.871394 0.094309
0.263455 0.304904 1.942819 0.481016 -0.018378 0.871189 0.096517
0.260953 0.300385 1.943686 0.480777 -0.020942 0.871081 0.098146
0.257874 0.295160 1.944567 0.480688 -0.023171 0.871017 0.098649
0.255252 0.289735 1.945131 0.480524 -0.025524 0.870871 0.100146
0.252895 0.284469 1.945632 0.480151 -0.028257 0.870821 0.101628
0.250693 0.279420 1.946104 0.479718 -0.031199 0.870801 0.102969
0.247924 0.273572 1.947073 0.479546 -0.034188 0.870746 0.103284
0.245278 0.267113 1.947988 0.479242 -0.037331 0.870637 0.104523
0.242889 0.260742 1.948789 0.478877 -0.040107 0.870433 0.106844
0.240969 0.255046 1.949399 0.478477 -0.042613 0.870208 0.109460
0.238515 0.248421 1.950164 0.478105 -0.045742 0.869995 0.111496
0.236229 0.241352 1.950808 0.477826 -0.049326 0.869736 0.113174
0.234300 0.234687 1.951328 0.477575 -0.052536 0.869469 0.114831
0.232705 0.228506 1.951682 0.477364 -0.055367 0.869215 0.116294
0.230936 0.221893 1.952179 0.477061 -0.058414 0.868882 0.118511
0.229329 0.215295 1.952631 0.476912 -0.061499 0.868498 0.120346
0.228055 0.209209 1.952878 0.476859 -0.064010 0.868071 0.122316
0.227040 0.203633 1.952973 0.476837 -0.066066 0.867666 0.124168
0.225450 0.197509 1.953599 0.477017 -0.068170 0.866995 0.126997
0.223866 0.191400 1.954177 0.477553 -0.070399 0.866280 0.128630
0.222571 0.185890 1.954492 0.478325 -0.072054 0.865543 0.129803
0.221520 0.181007 1.954594 0.479105 -0.073165 0.864901 0.130581
0.219941 0.175218 1.955459 0.480244 -0.074552 0.863895 0.132263
0.218294 0.169106 1.956259 0.481471 -0.076447 0.863010 0.132495
0.216884 0.163570 1.956708 0.482559 -0.077912 0.862330 0.132114
0.215726 0.158681 1.956900 0.483451 -0.078841 0.861845 0.131462
0.213755 0.152974 1.957957 0.484610 -0.079604 0.861069 0.131818
0.211831 0.147283 1.958884 0.486227 -0.079660 0.860083 0.132274
0.210497 0.142707 1.959406 0.488023 -0.078498 0.859163 0.132328
0.209492 0.138920 1.959672 0.489477 -0.076828 0.858541 0.131973
0.208234 0.134416 1.960582 0.491045 -0.075134 0.857826 0.131777
0.207277 0.130011 1.961269 0.492785 -0.072907 0.857080 0.131377
0.206664 0.126234 1.961606 0.494208 -0.070295 0.856611 0.130517
0.206241 0.122876 1.961741 0.495248 -0.067641 0.856454 0.128996
0.205557 0.118700 1.962204 0.496261 -0.065365 0.856414 0.126518
0.205020 0.114424 1.962437 0.497362 -0.062934 0.856412 0.123404
0.204631 0.110568 1.962413 0.498150 -0.060425 0.856692 0.119476
0.204040 0.107239 1.962368 0.498588 -0.057808 0.857278 0.114642
0.203473 0.102904 1.962697 0.498954 -0.055561 0.857890 0.109463
0.203090 0.098668 1.962975 0.499428 -0.052680 0.858139 0.106744
0.202920 0.095298 1.963145 0.500002 -0.049185 0.858027 0.106619
0.202844 0.092626 1.963239 0.500476 -0.045954 0.857825 0.107460
0.202712 0.089011 1.963634 0.501056 -0.043222 0.857849 0.105688
0.202633 0.085718 1.963906 0.501686 -0.040234 0.857747 0.104699
0.202579 0.083067 1.964054 0.502220 -0.037550 0.857583 0.104475
0.202517 0.080884 1.964173 0.502674 -0.035370 0.857440 0.104232
0.202435 0.077961 1.964547 0.503190 -0.033476 0.857523 0.101652
0.202369 0.075293 1.964818 0.503730 -0.031503 0.857551 0.099353
0.202270 0.073087 1.965006 0.504207 -0.029873 0.857514 0.097732
0.202131 0.071222 1.965176 0.504628 -0.028659 0.857472 0.096291
0.202012 0.068751 1.965517 0.505058 -0.027647 0.857627 0.092890
0.201871 0.066469 1.965789 0.505503 -0.026652 0.857740 0.089659
0.201660 0.064543 1.966014 0.505917 -0.025952 0.857776 0.087146
0.201391 0.062893 1.966233 0.506301 -0.025540 0.857778 0.084997
0.201170 0.060852 1.966541 0.506698 -0.025039 0.857892 0.081559
0.200986 0.059010 1.966772 0.507107 -0.024373 0.857951 0.078542
0.200754 0.057465 1.966966 0.507464 -0.023883 0.857957 0.076293
0.200472 0.056137 1.967150 0.507756 -0.023617 0.857956 0.074426
0.200053 0.054690 1.967408 0.507987 -0.023209 0.858073 0.071568
0.199577 0.053376 1.967630 0.508235 -0.022733 0.858151 0.068960
0.199046 0.052184 1.967827 0.508442 -0.022443 0.858220 0.066646
0.198092 0.051001 1.968088 0.508415 -0.022464 0.858460 0.063684
0.196974 0.050174 1.968540 0.508451 -0.022156 0.858641 0.061008
0.195858 0.049557 1.969053 0.508505 -0.021811 0.858756 0.059032
0.194603 0.048861 1.969576 0.508280 -0.022016 0.859000 0.057316
0.192918 0.047946 1.970200 0.507567 -0.023008 0.859494 0.055825
0.191064 0.047084 1.970805 0.506495 -0.023964 0.860169 0.054746
0.188898 0.046185 1.971514 0.504807 -0.025471 0.861138 0.054426
0.185998 0.044790 1.972339 0.500885 -0.029758 0.863287 0.054454
0.181768 0.042239 1.973279 0.493615 -0.038448 0.867105 0.054719
0.177300 0.039089 1.973704 0.485813 -0.048046 0.871028 0.054654
0.173257 0.036037 1.973900 0.478943 -0.056741 0.874328 0.054264
0.169876 0.033427 1.973985 0.473303 -0.063942 0.876920 0.053919
