0.074689 0.411001 1.258235 0.730923 -0.182867 0.632274 0.180389
0.076904 0.409755 1.257860 0.730549 -0.183050 0.632530 0.180819
0.078820 0.408679 1.257538 0.730327 -0.183251 0.632663 0.181047
0.081668 0.407705 1.257224 0.730893 -0.183136 0.632493 0.179468
0.085008 0.406304 1.257218 0.730824 -0.183978 0.632406 0.179194
0.088224 0.404801 1.257376 0.730432 -0.185257 0.632376 0.179581
0.091097 0.403396 1.257563 0.730002 -0.186552 0.632357 0.180059
0.094373 0.401933 1.257390 0.730358 -0.187185 0.632067 0.178970
0.097756 0.400084 1.257246 0.730242 -0.188330 0.631823 0.179103
0.100840 0.398247 1.257199 0.729894 -0.189690 0.631635 0.179749
0.103508 0.396596 1.257194 0.729498 -0.190981 0.631498 0.180468
0.106573 0.395024 1.256838 0.729822 -0.191015 0.631414 0.179414
0.109798 0.393035 1.256491 0.729688 -0.191492 0.631369 0.179608
0.112756 0.391049 1.256267 0.729322 -0.192340 0.631322 0.180352
0.115311 0.389263 1.256122 0.728898 -0.193240 0.631291 0.181209
0.118434 0.387604 1.255587 0.729359 -0.193533 0.630966 0.180172
0.122040 0.385405 1.255097 0.729341 -0.194472 0.630625 0.180428
0.125466 0.383114 1.254808 0.728955 -0.195877 0.630353 0.181415
0.128476 0.381008 1.254633 0.728456 -0.197311 0.630151 0.182566
0.131682 0.379098 1.254453 0.728754 -0.198135 0.629657 0.182185
0.135095 0.376973 1.254467 0.728704 -0.199381 0.629242 0.182459
0.138236 0.374888 1.254607 0.728367 -0.200876 0.628941 0.183203
0.140956 0.373010 1.254779 0.727940 -0.202308 0.628728 0.184056
0.143817 0.371184 1.254546 0.728036 -0.202404 0.628615 0.183955
0.146892 0.368786 1.254044 0.727820 -0.202592 0.628502 0.184986
0.149719 0.366348 1.253636 0.727362 -0.203236 0.628363 0.186549
0.152160 0.364159 1.253326 0.726860 -0.203987 0.628236 0.188104
0.154890 0.362341 1.252876 0.727322 -0.204123 0.627856 0.187436
0.158188 0.360095 1.252502 0.727576 -0.204705 0.627435 0.187228
0.161348 0.357716 1.252338 0.727378 -0.205860 0.627096 0.187864
0.164135 0.355515 1.252276 0.727013 -0.207115 0.626838 0.188752
0.166969 0.353766 1.252202 0.727380 -0.207509 0.626371 0.188463
0.170141 0.351991 1.252380 0.727695 -0.208142 0.625900 0.188116
0.173106 0.350181 1.252715 0.727627 -0.209213 0.625556 0.188332
0.175696 0.348509 1.253061 0.727397 -0.210335 0.625316 0.188768
0.178361 0.347137 1.253073 0.727762 -0.209881 0.624993 0.188932
0.181619 0.345321 1.252888 0.728099 -0.209246 0.624560 0.189769
0.184767 0.343230 1.252854 0.727963 -0.209481 0.624179 0.191281
0.187554 0.341235 1.252892 0.727645 -0.210041 0.623868 0.192885
0.190181 0.339672 1.252833 0.727802 -0.209608 0.623704 0.193288
0.192912 0.338357 1.252703 0.728378 -0.208271 0.623630 0.192808
0.195225 0.337411 1.252714 0.728961 -0.207131 0.623526 0.192166
0.197126 0.336678 1.252763 0.729455 -0.206240 0.623438 0.191534
0.198957 0.336266 1.252914 0.730059 -0.204683 0.623520 0.190636
0.201330 0.335936 1.253444 0.730614 -0.203057 0.623737 0.189533
0.203614 0.335488 1.254111 0.730926 -0.202395 0.623857 0.188643
0.205607 0.334775 1.254563 0.731046 -0.203034 0.623684 0.188063
0.207613 0.333882 1.254945 0.731089 -0.202432 0.623941 0.187691
0.210182 0.332798 1.255675 0.730998 -0.200457 0.624811 0.187270
0.212751 0.331485 1.256577 0.730578 -0.199400 0.625537 0.187612
0.215102 0.330071 1.257453 0.729925 -0.198956 0.626196 0.188425
0.217361 0.328742 1.258375 0.729371 -0.197877 0.627125 0.188617
0.220056 0.327404 1.259816 0.728860 -0.195592 0.628655 0.187883
0.222665 0.325955 1.261324 0.728138 -0.194373 0.629910 0.187741
0.225003 0.324514 1.262724 0.727295 -0.193841 0.630990 0.187936
0.227226 0.323294 1.264029 0.726570 -0.192433 0.632285 0.187833
0.230271 0.322318 1.265918 0.725908 -0.188567 0.634416 0.187127
0.233413 0.321046 1.268032 0.724894 -0.186545 0.636213 0.186982
0.236282 0.319666 1.269971 0.723794 -0.185539 0.637692 0.187205
0.238937 0.318423 1.271787 0.722812 -0.184122 0.639229 0.187161
0.242394 0.317409 1.274466 0.721920 -0.180990 0.641468 0.185990
0.245950 0.316121 1.277425 0.720629 -0.179654 0.643462 0.185401
0.249192 0.314699 1.280152 0.719227 -0.179233 0.645163 0.185342
0.252116 0.313399 1.282500 0.717966 -0.178407 0.646867 0.185093
0.255789 0.312205 1.284885 0.717086 -0.174241 0.649325 0.183860
0.259530 0.310499 1.287346 0.715913 -0.172008 0.651300 0.183549
0.262932 0.308584 1.289597 0.714591 -0.170920 0.652918 0.183968
0.265981 0.306814 1.291532 0.713363 -0.169863 0.654444 0.184287
0.270112 0.305372 1.293969 0.712419 -0.165721 0.656868 0.183084
0.274520 0.303365 1.296870 0.711015 -0.163902 0.658942 0.182728
0.278585 0.301094 1.299628 0.709390 -0.163434 0.660693 0.183135
0.282189 0.298960 1.301988 0.707834 -0.163167 0.662276 0.183679
0.286736 0.297764 1.304310 0.706487 -0.159167 0.664798 0.183262
0.291425 0.296254 1.307060 0.705020 -0.157011 0.666908 0.183103
0.295646 0.294542 1.309657 0.703483 -0.156188 0.668650 0.183366
0.299318 0.292899 1.311901 0.702064 -0.155692 0.670144 0.183771
0.304341 0.291974 1.313863 0.701671 -0.151825 0.672007 0.181695
0.309870 0.290139 1.316239 0.700887 -0.149158 0.673605 0.181010
0.314999 0.287714 1.318624 0.699656 -0.148160 0.674979 0.181477
0.319511 0.285180 1.320753 0.698319 -0.147924 0.676144 0.182482
0.324844 0.283713 1.322690 0.697242 -0.145963 0.678118 0.180841
0.330557 0.281772 1.324906 0.696177 -0.144203 0.679805 0.180022
0.335734 0.279367 1.327047 0.694751 -0.142416 0.681386 0.180975
0.340208 0.276939 1.328952 0.693389 -0.141475 0.682629 0.182247
0.345417 0.276003 1.330570 0.692047 -0.140553 0.684699 0.180287
0.351105 0.274904 1.332388 0.691193 -0.139415 0.686260 0.178504
0.356459 0.273064 1.334069 0.690113 -0.137781 0.687632 0.178670
0.361118 0.270986 1.335505 0.688983 -0.136053 0.688814 0.179797
0.366266 0.270308 1.336329 0.687507 -0.136007 0.690811 0.177812
0.371718 0.269931 1.337262 0.686850 -0.135490 0.692238 0.175178
0.376908 0.268922 1.338136 0.686280 -0.134231 0.693318 0.174104
0.381491 0.267342 1.338873 0.685484 -0.131936 0.694296 0.175089
0.386512 0.266952 1.339268 0.684328 -0.131685 0.696101 0.172619
0.391832 0.266894 1.339793 0.683935 -0.131000 0.697373 0.169539
0.397021 0.265978 1.340284 0.683631 -0.129484 0.698241 0.168347
0.401843 0.264183 1.340671 0.683157 -0.127345 0.698917 0.169100
0.407002 0.263430 1.340732 0.681834 -0.126755 0.700672 0.167615
0.412430 0.263358 1.341040 0.681046 -0.126563 0.702181 0.164622
0.417593 0.262667 1.341352 0.680617 -0.125282 0.703178 0.163112
0.422253 0.261230 1.341600 0.680080 -0.123036 0.703995 0.163538
0.427137 0.260487 1.341341 0.678925 -0.121602 0.705569 0.162625
0.432375 0.260509 1.340942 0.678344 -0.120250 0.706812 0.160640
0.437287 0.259944 1.340468 0.678364 -0.118069 0.707383 0.159659
0.441664 0.258687 1.339998 0.678324 -0.115007 0.707770 0.160352
0.446137 0.257855 1.339142 0.677731 -0.112586 0.708821 0.159929
0.451127 0.257440 1.338239 0.677287 -0.110843 0.709831 0.158545
0.455872 0.256335 1.337398 0.677352 -0.108396 0.710208 0.158270
0.460138 0.254527 1.336629 0.677354 -0.105303 0.710402 0.159473
0.464517 0.253174 1.335729 0.677005 -0.102508 0.711067 0.159810
0.469607 0.252596 1.335101 0.676492 -0.099736 0.712071 0.159264
0.474519 0.251620 1.334748 0.676199 -0.096889 0.712721 0.159361
0.478961 0.250124 1.334619 0.675744 -0.095010 0.713278 0.159925
0.483279 0.248871 1.334022 0.675054 -0.092697 0.714171 0.160217
0.488151 0.247975 1.333003 0.674306 -0.089895 0.715213 0.160309
0.492747 0.247077 1.332088 0.673990 -0.087875 0.715783 0.160222
0.496686 0.246143 1.331369 0.673790 -0.086491 0.716162 0.160116
0.500434 0.245532 1.330349 0.673568 -0.084524 0.716698 0.159707
0.504976 0.245011 1.329260 0.672846 -0.082700 0.717720 0.159109
0.509271 0.244563 1.328451 0.672238 -0.081497 0.718581 0.158419
0.512935 0.244201 1.327884 0.671744 -0.080644 0.719290 0.157724
0.516378 0.244100 1.327035 0.671321 -0.079474 0.720037 0.156715
0.520721 0.243779 1.325807 0.670549 -0.078771 0.721098 0.155487
0.524992 0.243248 1.324701 0.670099 -0.078678 0.721793 0.154250
0.528747 0.242983 1.323777 0.669790 -0.078579 0.722352 0.153016
0.532139 0.242916 1.322734 0.669428 -0.078094 0.722972 0.151916
0.536265 0.242434 1.321281 0.668246 -0.077929 0.724205 0.151332
0.540274 0.241780 1.320002 0.667455 -0.078245 0.725042 0.150650
0.543835 0.241671 1.318878 0.666935 -0.078271 0.725719 0.149676
0.546952 0.242012 1.317808 0.666527 -0.078057 0.726384 0.148371
0.550521 0.242154 1.316493 0.665513 -0.078265 0.727573 0.146988
0.553891 0.242384 1.315360 0.664808 -0.078673 0.728487 0.145422
0.556799 0.243163 1.314400 0.664379 -0.078748 0.729235 0.143583
0.559249 0.244284 1.313449 0.664212 -0.078322 0.729811 0.141649
0.562115 0.245256 1.311941 0.663811 -0.076812 0.730599 0.140288
0.564864 0.246173 1.310629 0.663709 -0.075838 0.731095 0.138705
0.567225 0.247428 1.309570 0.663802 -0.074996 0.731458 0.136788
0.569161 0.248859 1.308569 0.664003 -0.074085 0.731739 0.134796
0.571153 0.250486 1.306636 0.663924 -0.072356 0.732292 0.133111
0.572790 0.251983 1.304818 0.664512 -0.071448 0.732215 0.131073
0.574044 0.253378 1.303202 0.665480 -0.070927 0.731771 0.128905
0.575040 0.254750 1.301730 0.666457 -0.070368 0.731321 0.126700
0.576219 0.256263 1.300056 0.666856 -0.068384 0.731549 0.124348
0.577310 0.257505 1.298866 0.667300 -0.067341 0.731634 0.122016
0.578235 0.258528 1.297922 0.667734 -0.066476 0.731635 0.120096
0.579049 0.259401 1.297108 0.668061 -0.065685 0.731674 0.118466
0.580135 0.260414 1.295671 0.668188 -0.064134 0.732004 0.116544
0.581142 0.261049 1.294450 0.668681 -0.063646 0.731908 0.114563
0.581995 0.261479 1.293387 0.669359 -0.063407 0.731575 0.112857
0.582736 0.261797 1.292501 0.669914 -0.063202 0.731296 0.111473
0.583384 0.262479 1.291250 0.669916 -0.061386 0.731614 0.110386
0.583844 0.263334 1.290264 0.670074 -0.060048 0.731763 0.109172
0.584131 0.264292 1.289456 0.670469 -0.058667 0.731677 0.108063
0.584308 0.265279 1.288826 0.670794 -0.057200 0.731622 0.107202
0.584345 0.266297 1.287392 0.670935 -0.054946 0.731826 0.106101
0.584369 0.267006 1.286062 0.671136 -0.053214 0.731875 0.105373
0.584520 0.267523 1.285196 0.671238 -0.052202 0.731955 0.104670
0.584730 0.267880 1.284589 0.671246 -0.051509 0.732078 0.104106
0.584995 0.268102 1.283806 0.671252 -0.050322 0.732226 0.103604
0.585238 0.268113 1.282988 0.671526 -0.049364 0.732095 0.103215
0.585445 0.268064 1.282249 0.671917 -0.048662 0.731835 0.102841
0.585627 0.267993 1.281624 0.672265 -0.048177 0.731593 0.102517
0.585625 0.267814 1.280279 0.672413 -0.047081 0.731485 0.102827
0.585354 0.267550 1.278467 0.673267 -0.046450 0.730711 0.103032
0.585022 0.267403 1.276780 0.674696 -0.046301 0.729450 0.102682
0.584720 0.267376 1.275403 0.676047 -0.046186 0.728272 0.102214
0.584340 0.267283 1.274032 0.676719 -0.045272 0.727731 0.102031
0.583826 0.267177 1.272500 0.677799 -0.044453 0.726820 0.101709
0.583375 0.267122 1.271225 0.678743 -0.043901 0.726014 0.101411
0.582988 0.267138 1.270188 0.679581 -0.043516 0.725303 0.101056
0.582251 0.266992 1.268964 0.680478 -0.043112 0.724532 0.100724
0.581167 0.267035 1.267445 0.681562 -0.042623 0.723584 0.100412
0.580048 0.267362 1.265989 0.682922 -0.042259 0.722411 0.099774
0.579099 0.267823 1.264948 0.683707 -0.041871 0.721748 0.099349
0.577970 0.268084 1.263989 0.684442 -0.042090 0.721102 0.098892
0.576553 0.268354 1.262676 0.685492 -0.042308 0.720151 0.098453
0.575195 0.268783 1.261429 0.686609 -0.042456 0.719151 0.097913
0.573998 0.269279 1.260396 0.687574 -0.042547 0.718295 0.097378
0.572290 0.269116 1.259626 0.688454 -0.043557 0.717506 0.096535
0.569952 0.269024 1.258633 0.689312 -0.043896 0.716742 0.095934
0.567639 0.269417 1.257543 0.690348 -0.043947 0.715845 0.095145
0.565534 0.270041 1.256578 0.691330 -0.043875 0.715011 0.094323
0.562859 0.269964 1.255852 0.692170 -0.044695 0.714240 0.093616
0.559171 0.269976 1.254686 0.693111 -0.044707 0.713361 0.093352
0.555514 0.270747 1.253355 0.694431 -0.044413 0.712195 0.092589
0.552184 0.271865 1.252191 0.695695 -0.043989 0.711107 0.091649
0.548612 0.272592 1.251377 0.697062 -0.044838 0.709954 0.089777
0.544033 0.273296 1.250668 0.698322 -0.045111 0.708910 0.088082
0.539352 0.274341 1.249802 0.699555 -0.044714 0.707878 0.086798
0.535103 0.275480 1.248891 0.700770 -0.044125 0.706850 0.085665
0.531019 0.276337 1.248266 0.702007 -0.044638 0.705823 0.083713
0.526356 0.277189 1.248061 0.702956 -0.044941 0.705101 0.081644
0.521573 0.278326 1.247917 0.703589 -0.044444 0.704665 0.080210
0.517047 0.279198 1.247729 0.704166 -0.043806 0.704222 0.079389
0.512864 0.279567 1.247542 0.704876 -0.044187 0.703624 0.078169
0.508116 0.280121 1.247388 0.705846 -0.044921 0.702815 0.076251
0.503178 0.281023 1.247285 0.706576 -0.044788 0.702239 0.074864
0.498285 0.281984 1.247259 0.707107 -0.044171 0.701839 0.073959
0.493707 0.282492 1.247302 0.707804 -0.044114 0.701210 0.073296
0.488912 0.283309 1.247754 0.708798 -0.044573 0.700294 0.072157
0.484075 0.284508 1.248570 0.709331 -0.044438 0.699860 0.071204
0.479269 0.285835 1.249593 0.709521 -0.043887 0.699774 0.070500
0.474724 0.286889 1.250716 0.709846 -0.044090 0.699513 0.069685
0.470032 0.288252 1.252317 0.710495 -0.045596 0.698933 0.067907
