0.489616 0.286348 1.259434 0.704500 -0.034124 0.705793 0.066125
0.484762 0.288716 1.261422 0.706171 -0.033300 0.704254 0.065122
0.479963 0.291012 1.263535 0.707240 -0.032208 0.703299 0.064382
0.475322 0.292731 1.265608 0.707616 -0.031211 0.702980 0.064228
0.471200 0.293070 1.267482 0.707372 -0.030221 0.703164 0.065368
0.466696 0.294322 1.269588 0.708562 -0.031065 0.702005 0.064517
0.462159 0.296134 1.272231 0.709223 -0.031625 0.701418 0.063371
0.457576 0.298091 1.275018 0.709357 -0.031701 0.701372 0.062331
0.452927 0.299975 1.277711 0.709166 -0.031358 0.701653 0.061501
0.447986 0.302044 1.280151 0.710201 -0.034345 0.700695 0.058824
0.442910 0.304311 1.282619 0.711281 -0.037143 0.699686 0.056039
0.437806 0.306450 1.285039 0.711893 -0.038835 0.699142 0.053849
0.432687 0.308336 1.287302 0.712164 -0.039681 0.698944 0.052201
0.427618 0.310280 1.289882 0.712638 -0.042674 0.698487 0.049426
0.422785 0.312615 1.293434 0.712636 -0.046300 0.698486 0.046090
0.418025 0.314898 1.297226 0.712095 -0.048927 0.699040 0.043242
0.413229 0.316920 1.300827 0.711333 -0.050678 0.699830 0.040928
0.408343 0.318809 1.304246 0.710933 -0.053089 0.700177 0.038824
0.403416 0.320934 1.307953 0.710781 -0.055720 0.700233 0.036864
0.398457 0.322914 1.311607 0.710370 -0.057148 0.700607 0.035485
0.393441 0.324571 1.314948 0.709831 -0.057835 0.701148 0.034443
0.388361 0.326040 1.318157 0.709881 -0.058006 0.701116 0.033780
0.383474 0.327902 1.322436 0.710287 -0.058413 0.700722 0.032726
0.378723 0.329709 1.327060 0.709941 -0.059039 0.701086 0.031254
0.373951 0.331211 1.331419 0.709295 -0.059420 0.701767 0.029897
0.369087 0.332418 1.335377 0.709101 -0.058318 0.702063 0.029697
0.364269 0.333711 1.339725 0.709903 -0.054694 0.701483 0.031113
0.359559 0.334778 1.344121 0.709981 -0.051872 0.701579 0.031974
0.354835 0.335508 1.348163 0.709693 -0.049503 0.702015 0.032583
0.350051 0.335921 1.351778 0.709464 -0.046734 0.702386 0.033623
0.345324 0.336532 1.356053 0.710246 -0.040904 0.701803 0.036742
0.340765 0.337055 1.360669 0.710154 -0.036549 0.702024 0.038834
0.336202 0.337317 1.365002 0.709650 -0.033121 0.702618 0.040344
0.331579 0.337275 1.368861 0.709013 -0.030178 0.703321 0.041589
0.326995 0.337641 1.373677 0.709832 -0.024016 0.702539 0.044730
0.322662 0.338066 1.379250 0.709570 -0.019731 0.702818 0.046556
0.318325 0.338242 1.384555 0.708829 -0.016589 0.703570 0.047713
0.313901 0.338083 1.389257 0.707942 -0.014087 0.704461 0.048530
0.309571 0.338102 1.394491 0.707694 -0.008966 0.704613 0.051079
0.305609 0.338177 1.400784 0.706381 -0.005168 0.705848 0.052707
0.301712 0.338005 1.407042 0.704526 -0.002724 0.707644 0.053634
0.297699 0.337499 1.412648 0.702661 -0.000974 0.709456 0.054217
0.293491 0.337178 1.418136 0.702183 0.002300 0.709790 0.055958
0.289339 0.337182 1.424437 0.701586 0.004784 0.710310 0.056701
0.285205 0.336985 1.430715 0.700407 0.006145 0.711463 0.056687
0.280979 0.336427 1.436315 0.699138 0.006997 0.712723 0.056411
0.276700 0.335825 1.441687 0.698333 0.009363 0.713412 0.057327
0.272637 0.335394 1.447911 0.696951 0.012515 0.714576 0.059025
0.268652 0.334748 1.454391 0.695033 0.014443 0.716338 0.059832
0.264671 0.333809 1.460662 0.692888 0.015343 0.718380 0.060005
0.260564 0.332723 1.466434 0.691346 0.016788 0.719778 0.060645
0.256403 0.331899 1.472668 0.690167 0.019264 0.720740 0.061892
0.252258 0.330896 1.479026 0.688572 0.020742 0.722183 0.062367
0.248085 0.329565 1.484840 0.686923 0.021366 0.723738 0.062309
0.243802 0.328018 1.489971 0.685831 0.022546 0.724728 0.062436
0.239418 0.326843 1.495701 0.685302 0.025493 0.725086 0.062949
0.235094 0.325542 1.501688 0.684193 0.027244 0.726095 0.062644
0.230782 0.324551 1.507466 0.682665 0.028405 0.727576 0.061602
0.226238 0.324204 1.512542 0.681330 0.030146 0.728888 0.060025
0.221464 0.323740 1.518073 0.680358 0.034587 0.729594 0.060089
0.216757 0.323600 1.523826 0.678674 0.038181 0.731039 0.059378
0.212140 0.323996 1.529389 0.676921 0.040913 0.732674 0.057370
0.207990 0.324561 1.534209 0.675470 0.043044 0.734078 0.054919
0.204264 0.324923 1.539576 0.674170 0.047430 0.735050 0.054281
0.201261 0.324998 1.545268 0.672190 0.050060 0.736749 0.053440
0.198825 0.324922 1.550929 0.670060 0.051231 0.738694 0.052211
0.196837 0.324724 1.555982 0.668066 0.051564 0.740561 0.050961
0.194956 0.324400 1.561075 0.666704 0.055077 0.741491 0.051613
0.193427 0.323877 1.566537 0.664936 0.057499 0.742866 0.052000
0.192181 0.323306 1.572101 0.662961 0.058467 0.744573 0.051736
0.191142 0.322731 1.577498 0.660938 0.058363 0.746426 0.051018
0.190071 0.321966 1.582642 0.659582 0.060606 0.747438 0.051137
0.189282 0.320741 1.587930 0.657934 0.062565 0.748697 0.051599
0.188701 0.319440 1.593292 0.656014 0.063124 0.750327 0.051671
0.188219 0.318206 1.598442 0.654039 0.062681 0.752109 0.051353
0.187783 0.317018 1.603268 0.652527 0.063977 0.753295 0.051597
0.187797 0.315377 1.608450 0.650780 0.065197 0.754647 0.052368
0.188004 0.313571 1.613612 0.648775 0.064923 0.756351 0.053005
0.188226 0.311871 1.618175 0.646889 0.064051 0.758004 0.053495
0.188318 0.310463 1.622418 0.645460 0.064658 0.759150 0.053789
0.188557 0.309108 1.627568 0.643778 0.065617 0.760532 0.053251
0.188919 0.307619 1.632546 0.641813 0.065164 0.762261 0.052811
0.189252 0.306210 1.636826 0.639981 0.064386 0.763884 0.052536
0.189487 0.304965 1.640702 0.638511 0.064389 0.765141 0.052125
0.190217 0.303306 1.645700 0.636941 0.063963 0.766588 0.050569
0.191335 0.301208 1.650262 0.635124 0.062128 0.768280 0.050046
0.192427 0.299124 1.654098 0.633435 0.060193 0.769823 0.050087
0.193351 0.297291 1.657392 0.632010 0.058865 0.771090 0.050191
0.194533 0.295892 1.661662 0.630762 0.058231 0.772336 0.047389
0.196064 0.294153 1.665591 0.629169 0.056308 0.773883 0.045619
0.197512 0.292366 1.668877 0.627645 0.054377 0.775308 0.044744
0.198770 0.290716 1.671599 0.626265 0.052700 0.776561 0.044356
0.200129 0.289717 1.675562 0.624486 0.053096 0.778066 0.042552
0.201790 0.288513 1.679664 0.622273 0.051292 0.780073 0.040399
0.203331 0.287198 1.683136 0.620220 0.049411 0.781891 0.039131
0.204666 0.285945 1.685996 0.618418 0.047779 0.783453 0.038437
0.206109 0.285178 1.689422 0.616732 0.048814 0.784807 0.036557
0.208076 0.284082 1.693188 0.614675 0.047611 0.786615 0.033835
0.209993 0.282730 1.696419 0.612724 0.045905 0.788306 0.032191
0.211692 0.281380 1.699073 0.611012 0.044338 0.789758 0.031314
0.213621 0.280676 1.701915 0.609451 0.044828 0.790992 0.029853
0.216439 0.279805 1.705067 0.607722 0.044065 0.792435 0.027919
0.219272 0.278447 1.707692 0.606180 0.042599 0.793715 0.027345
0.221823 0.277001 1.709811 0.604878 0.041122 0.794780 0.027491
0.224256 0.276027 1.712066 0.603646 0.041066 0.795739 0.026922
0.227394 0.275061 1.714993 0.602136 0.040299 0.796981 0.025102
0.230582 0.273538 1.717508 0.600782 0.038584 0.798102 0.024582
0.233464 0.271903 1.719542 0.599668 0.036814 0.799017 0.024811
0.236243 0.270870 1.721363 0.598760 0.035919 0.799746 0.024548
0.239800 0.270962 1.723398 0.597881 0.035507 0.800492 0.022144
0.243199 0.270694 1.725068 0.597133 0.034649 0.801126 0.020723
0.246204 0.270233 1.726381 0.596552 0.033769 0.801614 0.020045
0.248920 0.269945 1.727483 0.596180 0.033546 0.801918 0.019290
0.252535 0.270203 1.728874 0.596063 0.034443 0.802027 0.016596
0.256453 0.269570 1.730090 0.595975 0.033984 0.802136 0.015402
0.260098 0.268502 1.731023 0.595990 0.033021 0.802168 0.015287
0.263379 0.267476 1.731767 0.596065 0.032087 0.802145 0.015491
0.267543 0.268005 1.732704 0.596148 0.031795 0.802132 0.013420
0.271523 0.268396 1.733467 0.596222 0.031259 0.802125 0.011767
0.275001 0.268538 1.734019 0.596353 0.030711 0.802062 0.010790
0.277975 0.268566 1.734426 0.596511 0.030241 0.801970 0.010214
0.281962 0.269641 1.734960 0.596958 0.030395 0.801666 0.006993
0.286233 0.270165 1.735386 0.597424 0.029827 0.801358 0.004629
0.290120 0.270175 1.735633 0.597933 0.028977 0.801015 0.003387
0.293504 0.269978 1.735772 0.598429 0.028138 0.800677 0.002742
0.297519 0.270628 1.735906 0.599107 0.027371 0.800200 -0.001132
0.302031 0.270976 1.735860 0.599861 0.026227 0.799661 -0.004617
0.306174 0.270783 1.735648 0.600655 0.024911 0.799092 -0.006636
0.309796 0.270383 1.735382 0.601408 0.023681 0.798553 -0.007842
0.313719 0.270933 1.735014 0.602197 0.023254 0.797946 -0.009949
0.318008 0.272108 1.734292 0.603046 0.023594 0.797263 -0.012265
0.321813 0.272954 1.733413 0.603944 0.023988 0.796548 -0.013675
0.325078 0.273571 1.732563 0.604785 0.024361 0.795883 -0.014556
0.328326 0.274500 1.731836 0.605608 0.024908 0.795197 -0.016719
0.332158 0.275480 1.731161 0.606412 0.025258 0.794502 -0.019822
0.335732 0.275859 1.730437 0.607225 0.025184 0.793835 -0.021670
0.338881 0.275940 1.729744 0.607993 0.024970 0.793223 -0.022765
0.342045 0.276297 1.729002 0.608813 0.024715 0.792556 -0.024294
0.346292 0.277267 1.727613 0.610010 0.024697 0.791564 -0.026559
0.350323 0.277713 1.725921 0.611376 0.024689 0.790477 -0.027500
0.353882 0.277852 1.724285 0.612693 0.024654 0.789448 -0.027760
0.357097 0.278037 1.722818 0.613962 0.024506 0.788446 -0.028332
0.360816 0.278820 1.721519 0.615329 0.024262 0.787299 -0.030678
0.364226 0.279229 1.720337 0.616529 0.023853 0.786309 -0.032276
0.367182 0.279407 1.719293 0.617578 0.023439 0.785454 -0.033295
0.369762 0.279540 1.718375 0.618505 0.023022 0.784701 -0.034154
0.373185 0.280055 1.717068 0.619647 0.022500 0.783748 -0.035636
0.376616 0.280073 1.715455 0.620913 0.021991 0.782745 -0.035965
0.379701 0.279801 1.713879 0.622132 0.021510 0.781804 -0.035667
0.382368 0.279444 1.712479 0.623206 0.021091 0.780982 -0.035168
0.385348 0.279456 1.710982 0.624570 0.019668 0.779854 -0.036796
0.388231 0.279268 1.709453 0.625897 0.018413 0.778771 -0.037807
0.390767 0.278934 1.708054 0.627085 0.017347 0.777816 -0.038285
0.392929 0.278584 1.706845 0.628100 0.016477 0.777003 -0.038516
0.395291 0.278925 1.705561 0.629040 0.015874 0.776210 -0.039438
0.397584 0.279605 1.703992 0.630027 0.015887 0.775364 -0.040321
0.399532 0.280232 1.702436 0.630998 0.016191 0.774538 -0.040865
0.401161 0.280792 1.701045 0.631864 0.016591 0.773803 -0.041236
0.402788 0.281545 1.699833 0.632471 0.016946 0.773211 -0.042871
0.404599 0.282182 1.698542 0.632995 0.017227 0.772671 -0.044718
0.406279 0.282518 1.697255 0.633572 0.017451 0.772130 -0.045795
0.407763 0.282691 1.696090 0.634120 0.017635 0.771637 -0.046429
0.409297 0.283051 1.695178 0.634331 0.017515 0.771419 -0.047211
0.410993 0.283753 1.694414 0.634131 0.017194 0.771520 -0.048355
0.412449 0.284369 1.693625 0.634054 0.017109 0.771534 -0.049172
0.413675 0.284898 1.692888 0.634051 0.017174 0.771498 -0.049748
0.414789 0.285575 1.692327 0.633968 0.017453 0.771515 -0.050445
0.415850 0.286884 1.692187 0.633482 0.018007 0.771785 -0.052198
0.416595 0.288252 1.692130 0.633033 0.018792 0.772006 -0.054055
0.417146 0.289148 1.691974 0.632748 0.019297 0.772147 -0.055199
0.417755 0.289772 1.691817 0.632485 0.019635 0.772320 -0.055674
0.418377 0.290851 1.691618 0.631892 0.020533 0.772824 -0.055097
0.418870 0.291993 1.691422 0.631302 0.021402 0.773317 -0.054581
0.419236 0.293076 1.691262 0.630780 0.022214 0.773740 -0.054307
0.419498 0.294093 1.691128 0.630308 0.023004 0.774116 -0.054103
0.419572 0.295591 1.690952 0.629483 0.024219 0.774876 -0.052263
0.419510 0.297181 1.690773 0.628646 0.025214 0.775631 -0.050649
0.419380 0.298670 1.690641 0.627886 0.026070 0.776286 -0.049593
0.419204 0.300032 1.690556 0.627218 0.026858 0.776837 -0.048983
0.418811 0.301680 1.690639 0.626413 0.027948 0.777525 -0.047769
0.418252 0.303425 1.690904 0.625462 0.028600 0.778303 -0.047162
0.417624 0.305093 1.691311 0.624507 0.029204 0.779050 -0.047111
0.416960 0.306658 1.691772 0.623635 0.029916 0.779704 -0.047386
0.416053 0.308318 1.692298 0.622675 0.031121 0.780501 -0.046096
0.414897 0.310163 1.692928 0.621610 0.032266 0.781378 -0.044806
0.413697 0.311987 1.693582 0.620630 0.033523 0.782143 -0.044117
0.412634 0.313510 1.694205 0.619776 0.034575 0.782809 -0.043500
0.411398 0.314862 1.694859 0.618949 0.035421 0.783479 -0.042530
0.409848 0.316366 1.695519 0.618210 0.036419 0.784080 -0.041335
0.408401 0.317795 1.696041 0.617651 0.037517 0.784519 -0.040372
0.407152 0.318976 1.696618 0.617062 0.038291 0.784983 -0.039623
0.405844 0.320134 1.697362 0.616381 0.038502 0.785546 -0.038859
0.404180 0.321500 1.698301 0.615716 0.038311 0.786133 -0.037690
