0.355229 0.337393 1.352155 0.699729 -0.051568 0.708672 0.074195
0.350116 0.337798 1.356135 0.699565 -0.049850 0.708895 0.074774
0.345325 0.338483 1.361322 0.699882 -0.047399 0.708548 0.076671
0.340767 0.339109 1.367023 0.699302 -0.046177 0.709097 0.077628
0.336156 0.339380 1.372236 0.698457 -0.045310 0.709915 0.078265
0.331441 0.339282 1.376799 0.697787 -0.044107 0.710517 0.079456
0.327106 0.339453 1.382613 0.697150 -0.043454 0.710911 0.081847
0.322879 0.339497 1.388636 0.695910 -0.043727 0.711947 0.083247
0.318521 0.339171 1.393975 0.694641 -0.044027 0.713045 0.084277
0.314038 0.338495 1.398657 0.693599 -0.043529 0.713869 0.086124
0.309990 0.337954 1.404822 0.691983 -0.042908 0.715011 0.089873
0.306017 0.337246 1.411073 0.690005 -0.043349 0.716567 0.092447
0.301882 0.336190 1.416515 0.688219 -0.043852 0.717991 0.094445
0.297638 0.334851 1.421326 0.686773 -0.043586 0.719036 0.097111
0.293954 0.333562 1.427687 0.684389 -0.043403 0.720704 0.101562
0.290301 0.332009 1.433872 0.681836 -0.044147 0.722591 0.104946
0.286449 0.330141 1.439146 0.679637 -0.044883 0.724214 0.107669
0.282471 0.328095 1.443856 0.678008 -0.044821 0.725256 0.110906
0.278956 0.326198 1.450150 0.675847 -0.045192 0.726602 0.115056
0.275440 0.324069 1.456223 0.673531 -0.046455 0.728173 0.118161
0.271720 0.321668 1.461357 0.671551 -0.047625 0.729516 0.120647
0.267894 0.319136 1.465999 0.670059 -0.047560 0.730339 0.123951
0.264510 0.316663 1.472168 0.667829 -0.047079 0.731593 0.128685
0.261209 0.314057 1.478434 0.665273 -0.047777 0.733249 0.132195
0.257719 0.312021 1.483886 0.662874 -0.048292 0.734957 0.134549
0.253908 0.310993 1.488841 0.661242 -0.046690 0.736121 0.136764
0.250153 0.310729 1.494756 0.659187 -0.043906 0.737694 0.139114
0.246181 0.311203 1.500456 0.657029 -0.041875 0.739635 0.139638
0.241800 0.312395 1.505320 0.655253 -0.039697 0.741505 0.138698
0.237066 0.314052 1.509874 0.654081 -0.035429 0.742908 0.137877
0.232504 0.315451 1.515504 0.651945 -0.030646 0.745023 0.137733
0.227918 0.317117 1.521348 0.649500 -0.027236 0.747566 0.136211
0.223085 0.319179 1.526728 0.647223 -0.024385 0.750115 0.133549
0.217935 0.321608 1.531749 0.645592 -0.019588 0.752048 0.131343
0.212729 0.324109 1.537421 0.643521 -0.014370 0.754305 0.129224
0.207380 0.326793 1.543095 0.641306 -0.010358 0.756819 0.125874
0.201789 0.329680 1.548082 0.639327 -0.006711 0.759211 0.121714
0.196197 0.332558 1.552707 0.638246 -0.000912 0.760730 0.118030
0.191161 0.334896 1.557972 0.636887 0.004789 0.762347 0.114796
0.186985 0.336739 1.563435 0.635282 0.008326 0.764159 0.111392
0.183595 0.338085 1.568554 0.633643 0.010307 0.765940 0.108292
0.180732 0.338946 1.573545 0.632137 0.012690 0.767496 0.105793
0.178389 0.339261 1.579097 0.629847 0.014172 0.769633 0.103719
0.176531 0.339305 1.584374 0.627551 0.014393 0.771755 0.101813
0.175026 0.339200 1.588891 0.625526 0.014177 0.773611 0.100208
0.173851 0.339105 1.593449 0.623879 0.016137 0.774999 0.099454
0.173235 0.338666 1.598788 0.621671 0.017230 0.776802 0.099027
0.172893 0.337994 1.603731 0.619481 0.017068 0.778593 0.098717
0.172657 0.337287 1.607925 0.617543 0.016570 0.780170 0.098497
0.172551 0.336721 1.612427 0.615933 0.017915 0.781480 0.097950
0.172865 0.335803 1.617785 0.613571 0.017971 0.783397 0.097456
0.173280 0.334698 1.622780 0.611196 0.016939 0.785310 0.097163
0.173649 0.333636 1.627026 0.609077 0.015749 0.787000 0.096996
0.173875 0.332815 1.631331 0.607784 0.016539 0.788154 0.095595
0.174242 0.331850 1.635743 0.606342 0.016655 0.789428 0.094205
0.174620 0.330849 1.639559 0.604919 0.016265 0.790641 0.093247
0.174944 0.329928 1.642764 0.603615 0.015752 0.791728 0.092555
0.175360 0.329251 1.646596 0.602835 0.017043 0.792510 0.090703
0.176237 0.328167 1.650668 0.601433 0.016916 0.793720 0.089453
0.177158 0.326931 1.654173 0.599968 0.016249 0.794903 0.088902
0.177970 0.325762 1.657114 0.598591 0.015490 0.795982 0.088672
0.179088 0.324644 1.660378 0.598243 0.015896 0.796409 0.087091
0.180819 0.322898 1.663638 0.597522 0.014814 0.797035 0.086505
0.182544 0.321001 1.666429 0.596649 0.013314 0.797693 0.086706
0.184060 0.319246 1.668768 0.595772 0.011847 0.798320 0.087176
0.185574 0.318082 1.672175 0.595511 0.012158 0.798770 0.084767
0.187396 0.316597 1.675799 0.594624 0.010889 0.799638 0.082970
0.189088 0.315023 1.678915 0.593587 0.009350 0.800522 0.082045
0.190534 0.313575 1.681528 0.592552 0.007926 0.801351 0.081576
0.192319 0.312980 1.684566 0.592615 0.008914 0.801560 0.078929
0.194542 0.311995 1.687324 0.592192 0.008646 0.802029 0.077347
0.196631 0.310797 1.689621 0.591562 0.008036 0.802555 0.076780
0.198441 0.309655 1.691559 0.590906 0.007490 0.803061 0.076600
0.200677 0.309171 1.694618 0.591007 0.008153 0.803336 0.072767
0.203358 0.308038 1.697640 0.590511 0.007045 0.803931 0.070308
0.205865 0.306629 1.700189 0.589803 0.005639 0.804562 0.069141
0.208039 0.305305 1.702350 0.589100 0.004619 0.805126 0.068650
0.210794 0.304853 1.705220 0.588921 0.005707 0.805432 0.066481
0.214107 0.303707 1.707803 0.588362 0.005198 0.805910 0.065668
0.217233 0.302196 1.709906 0.587683 0.004240 0.806384 0.066001
0.219967 0.300793 1.711707 0.587092 0.003682 0.806759 0.066702
0.223093 0.300498 1.714453 0.587086 0.004381 0.806968 0.064131
0.226571 0.299598 1.717030 0.586704 0.003590 0.807374 0.062550
0.229798 0.298321 1.719137 0.586197 0.002434 0.807776 0.062175
0.232643 0.297182 1.720924 0.585752 0.001845 0.808096 0.062238
0.236036 0.297414 1.723141 0.585605 0.002740 0.808426 0.059222
0.239779 0.297039 1.725045 0.585224 0.002489 0.808840 0.057311
0.243282 0.296175 1.726519 0.584807 0.001822 0.809182 0.056768
0.246467 0.295396 1.727759 0.584511 0.001687 0.809386 0.056902
0.250506 0.295624 1.729398 0.584612 0.002251 0.809448 0.054945
0.254838 0.295051 1.730802 0.584560 0.001588 0.809545 0.054075
0.258853 0.293967 1.731848 0.584499 0.000506 0.809571 0.054372
0.262491 0.293067 1.732753 0.584421 -0.000143 0.809607 0.054676
0.266711 0.293335 1.733869 0.584147 0.000089 0.809942 0.052593
0.270758 0.293179 1.734587 0.583927 -0.000035 0.810164 0.051619
0.274321 0.292761 1.735044 0.583773 -0.000271 0.810285 0.051447
0.277634 0.292574 1.735442 0.583772 -0.000075 0.810312 0.051042
0.281917 0.292926 1.735987 0.584118 0.000308 0.810200 0.048814
0.286089 0.292576 1.736291 0.584477 -0.000034 0.809993 0.047928
0.289798 0.291910 1.736437 0.584822 -0.000604 0.809748 0.047863
0.293213 0.291600 1.736645 0.585170 -0.000606 0.809530 0.047290
0.297074 0.292216 1.737174 0.585492 -0.000009 0.809465 0.044325
0.300610 0.292427 1.737529 0.585777 0.000178 0.809365 0.042365
0.303679 0.292399 1.737745 0.586042 0.000205 0.809234 0.041184
0.306752 0.292728 1.737826 0.586327 0.000360 0.809103 0.039655
0.310864 0.293676 1.737265 0.586894 0.000898 0.808800 0.037397
0.314794 0.294059 1.736302 0.587637 0.001340 0.808297 0.036579
0.318267 0.294117 1.735303 0.588378 0.001634 0.807760 0.036490
0.321660 0.294477 1.734358 0.589232 0.002219 0.807200 0.035067
0.325842 0.294997 1.733166 0.590416 0.002996 0.806450 0.032229
0.329832 0.294839 1.731856 0.591600 0.003268 0.805630 0.030963
0.333364 0.294381 1.730634 0.592674 0.003275 0.804857 0.030526
0.336743 0.294236 1.729662 0.593521 0.003086 0.804282 0.029222
0.340377 0.294392 1.728836 0.594166 0.002680 0.803886 0.026962
0.343642 0.294246 1.727988 0.594801 0.002214 0.803460 0.025655
0.346448 0.293982 1.727205 0.595384 0.001788 0.803053 0.024916
0.349341 0.294108 1.726315 0.596197 0.001233 0.802516 0.022732
0.352813 0.294323 1.724883 0.597456 0.000758 0.801650 0.020077
0.356048 0.294116 1.723341 0.598719 0.000296 0.800739 0.018758
0.358879 0.293740 1.721924 0.599859 -0.000154 0.799900 0.018121
0.361727 0.293585 1.720686 0.600745 -0.000502 0.799270 0.016481
0.365013 0.293158 1.719305 0.601573 -0.001002 0.798677 0.014938
0.368101 0.292322 1.717895 0.602431 -0.001665 0.798037 0.014542
0.370818 0.291388 1.716620 0.603218 -0.002339 0.797438 0.014660
0.373649 0.290942 1.715402 0.604068 -0.002989 0.796811 0.013634
0.376705 0.290652 1.713991 0.605061 -0.003527 0.796076 0.012354
0.379439 0.290177 1.712599 0.606022 -0.004002 0.795350 0.011822
0.381783 0.289672 1.711359 0.606879 -0.004410 0.794697 0.011645
0.384094 0.289703 1.710290 0.607679 -0.004108 0.794099 0.010799
0.386346 0.289991 1.709270 0.608434 -0.003517 0.793538 0.009608
0.388280 0.290171 1.708326 0.609119 -0.003014 0.793024 0.008823
0.389908 0.290296 1.707504 0.609713 -0.002590 0.792574 0.008287
0.391743 0.290491 1.706614 0.610266 -0.003017 0.792168 0.005991
0.393914 0.290269 1.705355 0.610994 -0.003732 0.791615 0.004238
0.395977 0.289731 1.704043 0.611770 -0.004427 0.791016 0.003503
0.397807 0.289108 1.702847 0.612489 -0.005064 0.790456 0.003253
0.399739 0.288995 1.701973 0.612731 -0.005139 0.790269 0.003061
0.401569 0.289099 1.701167 0.612839 -0.005037 0.790186 0.002726
0.403120 0.289177 1.700394 0.612998 -0.004854 0.790065 0.002582
0.404348 0.289336 1.699727 0.613156 -0.004482 0.789946 0.002249
0.405464 0.289992 1.699280 0.613253 -0.003473 0.789879 0.000249
0.406448 0.290744 1.698886 0.613376 -0.002143 0.789786 -0.001967
0.407193 0.291531 1.698516 0.613514 -0.000749 0.789674 -0.003937
0.407744 0.292329 1.698179 0.613645 0.000593 0.789561 -0.005672
0.408348 0.293650 1.698061 0.613212 0.002279 0.789883 -0.007076
0.408849 0.295118 1.697778 0.612877 0.004274 0.790124 -0.008112
0.409293 0.296064 1.697521 0.612609 0.005471 0.790323 -0.008375
0.409796 0.296299 1.697438 0.612374 0.005874 0.790506 -0.007952
0.410306 0.296726 1.697317 0.612035 0.006433 0.790764 -0.008043
0.410750 0.297237 1.697177 0.611688 0.007155 0.791026 -0.008089
0.411105 0.297718 1.697043 0.611399 0.007805 0.791242 -0.008176
0.411391 0.298162 1.696924 0.611165 0.008359 0.791415 -0.008322
0.411894 0.298965 1.696781 0.611005 0.008153 0.791538 -0.008657
0.412355 0.299776 1.696605 0.610882 0.007693 0.791630 -0.009262
0.412709 0.300531 1.696430 0.610791 0.007356 0.791695 -0.009995
0.412967 0.301234 1.696261 0.610724 0.007196 0.791739 -0.010685
0.412925 0.302099 1.696099 0.610536 0.007375 0.791888 -0.010234
0.412803 0.302937 1.695962 0.610346 0.007492 0.792041 -0.009668
0.412653 0.303718 1.695837 0.610193 0.007771 0.792160 -0.009265
0.412475 0.304463 1.695714 0.610096 0.008130 0.792235 -0.009013
0.412049 0.305563 1.695528 0.610300 0.007879 0.792080 -0.008957
0.411558 0.306708 1.695331 0.610540 0.007556 0.791897 -0.009074
0.411080 0.307781 1.695124 0.610774 0.007459 0.791715 -0.009360
0.410606 0.308807 1.694889 0.611011 0.007543 0.791529 -0.009573
0.409865 0.310191 1.694443 0.611348 0.006615 0.791281 -0.009192
0.409068 0.311617 1.693952 0.611664 0.005655 0.791044 -0.009231
0.408264 0.313039 1.693450 0.611982 0.005330 0.790795 -0.009577
0.407520 0.314432 1.692968 0.612300 0.004960 0.790546 -0.010022
0.406633 0.316449 1.692629 0.612688 0.003297 0.790251 -0.010265
0.405687 0.318365 1.692356 0.613018 0.001999 0.790000 -0.010297
0.404814 0.320066 1.692065 0.613342 0.001380 0.789750 -0.010207
0.403954 0.321649 1.691848 0.613592 0.000418 0.789550 -0.010797
0.402754 0.323657 1.691578 0.613896 -0.001479 0.789302 -0.011497
0.401437 0.325756 1.691335 0.614122 -0.002810 0.789107 -0.012503
0.400153 0.327764 1.691081 0.614334 -0.003377 0.788924 -0.013496
0.399043 0.329753 1.690874 0.614505 -0.003800 0.788780 -0.013958
0.397880 0.332403 1.690676 0.614701 -0.004318 0.788638 -0.013238
0.396631 0.335008 1.690484 0.614898 -0.004238 0.788491 -0.012836
0.395409 0.337434 1.690300 0.615108 -0.003784 0.788327 -0.013021
0.394405 0.339724 1.690149 0.615307 -0.003893 0.788164 -0.013378
0.393637 0.342157 1.690047 0.615558 -0.004894 0.787964 -0.013289
0.392875 0.344333 1.689987 0.615814 -0.005669 0.787753 -0.013628
0.392101 0.346333 1.689892 0.616097 -0.005931 0.787519 -0.014285
0.391356 0.348329 1.689717 0.616314 -0.006074 0.787340 -0.014692
0.390482 0.350691 1.689481 0.616263 -0.006711 0.787377 -0.014604
0.389579 0.352898 1.689318 0.616141 -0.007311 0.787461 -0.014896
0.388616 0.354990 1.689144 0.616110 -0.007427 0.787467 -0.015788
0.387637 0.357154 1.688896 0.616256 -0.007323 0.787342 -0.016383
0.386479 0.359648 1.688808 0.616353 -0.007582 0.787260 -0.016511
0.385256 0.362021 1.688845 0.616375 -0.007671 0.787230 -0.017084
0.383978 0.364299 1.688893 0.616433 -0.007356 0.787161 -0.018283
0.382812 0.366687 1.688807 0.616524 -0.007017 0.787073 -0.019130
0.381640 0.369422 1.688656 0.616340 -0.006653 0.787215 -0.019311
