0.032715 0.434096 1.275306 0.730655 -0.149705 0.646253 0.161517
0.036089 0.432795 1.274903 0.730340 -0.152143 0.645744 0.162695
0.039341 0.431770 1.274203 0.730396 -0.153611 0.645286 0.162882
0.043006 0.430522 1.273048 0.730545 -0.154622 0.644762 0.163333
0.046498 0.429078 1.272076 0.730419 -0.155993 0.644277 0.164503
0.049568 0.427715 1.271309 0.730182 -0.157374 0.643877 0.165805
0.052617 0.426536 1.270449 0.730592 -0.158514 0.643119 0.165852
0.056300 0.425045 1.269536 0.731009 -0.160022 0.642195 0.166145
0.059916 0.423384 1.268881 0.730990 -0.161916 0.641466 0.167205
0.063149 0.421815 1.268411 0.730776 -0.163769 0.640915 0.168448
0.066379 0.420451 1.267771 0.731313 -0.165099 0.640074 0.168015
0.070231 0.418690 1.266969 0.731903 -0.166560 0.639109 0.167679
0.073972 0.416733 1.266389 0.731990 -0.168439 0.638345 0.168330
0.077291 0.414896 1.265985 0.731852 -0.170300 0.637758 0.169277
0.080625 0.413306 1.265354 0.732151 -0.171420 0.637239 0.168808
0.084735 0.411220 1.264434 0.732337 -0.172499 0.636749 0.168750
0.088775 0.408874 1.263746 0.732056 -0.174197 0.636329 0.169807
0.092377 0.406666 1.263257 0.731599 -0.175968 0.636008 0.171151
0.095875 0.404646 1.262458 0.731841 -0.176997 0.635314 0.171631
0.099905 0.402014 1.261073 0.732205 -0.177959 0.634273 0.172927
0.103760 0.399179 1.259887 0.732098 -0.179437 0.633388 0.175086
0.107148 0.396576 1.258949 0.731804 -0.180970 0.632677 0.177293
0.110530 0.394328 1.258154 0.732121 -0.181830 0.632032 0.177405
0.114703 0.391619 1.257600 0.732234 -0.182752 0.631604 0.177512
0.118784 0.388743 1.257328 0.731822 -0.184389 0.631283 0.178661
0.122412 0.386083 1.257208 0.731228 -0.186130 0.631061 0.180064
0.125925 0.383792 1.257029 0.731087 -0.187282 0.630900 0.180008
0.130022 0.381184 1.256907 0.730804 -0.188445 0.630879 0.180017
0.133946 0.378452 1.256969 0.730134 -0.190173 0.630867 0.180958
0.137395 0.375938 1.257107 0.729369 -0.191940 0.630876 0.182141
0.140704 0.373803 1.256986 0.729465 -0.192817 0.630526 0.182039
0.144536 0.371345 1.256644 0.729797 -0.193517 0.629946 0.181978
0.148190 0.368717 1.256477 0.729636 -0.194831 0.629470 0.182864
0.151401 0.366285 1.256413 0.729278 -0.196248 0.629113 0.184002
0.154430 0.364190 1.256183 0.729606 -0.196949 0.628520 0.183980
0.157755 0.361851 1.255823 0.730116 -0.197540 0.627769 0.183890
0.160855 0.359437 1.255616 0.730176 -0.198603 0.627163 0.184571
0.163546 0.357239 1.255501 0.730042 -0.199735 0.626697 0.185458
0.166200 0.355403 1.255127 0.730438 -0.199843 0.626188 0.185504
0.169478 0.353155 1.254438 0.730971 -0.199715 0.625489 0.185897
0.172665 0.350646 1.253954 0.730977 -0.200374 0.624887 0.187189
0.175484 0.348293 1.253622 0.730764 -0.201282 0.624397 0.188671
0.178149 0.346466 1.253179 0.730986 -0.200908 0.624139 0.189069
0.181021 0.344811 1.252554 0.731588 -0.199503 0.623906 0.188996
0.183642 0.343087 1.252105 0.731858 -0.198863 0.623648 0.189474
0.185899 0.341501 1.251774 0.731957 -0.198602 0.623419 0.190119
0.188091 0.340198 1.251480 0.732096 -0.198312 0.623330 0.190176
0.190807 0.338832 1.251413 0.732134 -0.198616 0.623203 0.190127
0.193460 0.337323 1.251568 0.731851 -0.199507 0.623108 0.190598
0.195819 0.335881 1.251775 0.731452 -0.200526 0.623047 0.191260
0.197946 0.334907 1.252024 0.731355 -0.200263 0.623343 0.190939
0.200031 0.334474 1.252471 0.731572 -0.198970 0.623895 0.189652
0.201965 0.333745 1.252945 0.731415 -0.198541 0.624331 0.189274
0.203692 0.332842 1.253328 0.731082 -0.198683 0.624650 0.189359
0.205347 0.331610 1.253543 0.730878 -0.198923 0.624850 0.189234
0.207339 0.330307 1.254038 0.730722 -0.197417 0.625534 0.189153
0.209395 0.328799 1.254493 0.730414 -0.196654 0.626028 0.189502
0.211293 0.327216 1.254908 0.729935 -0.196396 0.626422 0.190313
0.213261 0.325897 1.255780 0.729656 -0.194852 0.627203 0.190394
0.215985 0.324593 1.257944 0.728861 -0.192683 0.628843 0.190241
0.218820 0.323077 1.260329 0.727579 -0.192078 0.630405 0.190590
0.221441 0.321551 1.262533 0.726224 -0.192109 0.631783 0.191164
0.223993 0.320157 1.264618 0.725326 -0.190468 0.633289 0.191232
0.226994 0.318628 1.266927 0.724693 -0.187123 0.635032 0.191153
0.229900 0.316829 1.269160 0.723692 -0.185361 0.636504 0.191767
0.232487 0.315030 1.271109 0.722634 -0.184436 0.637711 0.192635
0.235035 0.313537 1.273098 0.721680 -0.181763 0.639417 0.193096
0.238315 0.312255 1.276060 0.720426 -0.177404 0.641963 0.193386
0.241583 0.310764 1.279141 0.718856 -0.175011 0.644170 0.194067
0.244514 0.309221 1.281908 0.717283 -0.173662 0.646008 0.194987
0.247404 0.307950 1.284314 0.716110 -0.170720 0.648074 0.195044
0.251112 0.306635 1.286881 0.715285 -0.166146 0.650355 0.194425
0.254741 0.304882 1.289437 0.714138 -0.163685 0.652176 0.194625
0.257982 0.302995 1.291718 0.712889 -0.162360 0.653656 0.195352
0.261160 0.301430 1.293820 0.711708 -0.159318 0.655640 0.195515
0.265322 0.299882 1.296748 0.710253 -0.154205 0.658423 0.195552
0.269468 0.297860 1.299879 0.708432 -0.151537 0.660757 0.196367
0.273187 0.295689 1.302705 0.706600 -0.150235 0.662652 0.197580
0.276849 0.294034 1.305019 0.705101 -0.147673 0.664686 0.198038
0.281537 0.292774 1.307443 0.704025 -0.142832 0.666939 0.197842
0.286042 0.291055 1.309990 0.702712 -0.140097 0.668770 0.198282
0.290011 0.289180 1.312296 0.701370 -0.138594 0.670226 0.199171
0.293825 0.287793 1.314108 0.700156 -0.136592 0.671935 0.199068
0.298499 0.286805 1.315856 0.699289 -0.133136 0.673865 0.197930
0.302874 0.285438 1.317672 0.698167 -0.130013 0.675587 0.198093
0.306707 0.283876 1.319371 0.696979 -0.127887 0.676966 0.198952
0.310539 0.282757 1.320710 0.695870 -0.125732 0.678450 0.199154
0.315708 0.281970 1.322394 0.694965 -0.123259 0.680087 0.198272
0.320664 0.280646 1.324336 0.693667 -0.121081 0.681678 0.198696
0.325048 0.279030 1.326203 0.692249 -0.119754 0.683021 0.199832
0.329244 0.277816 1.327521 0.691002 -0.118376 0.684435 0.200132
0.334451 0.276963 1.328331 0.690655 -0.116429 0.685519 0.198757
0.339434 0.275487 1.329124 0.690232 -0.114251 0.686317 0.198736
0.343826 0.273587 1.329907 0.689472 -0.112124 0.686982 0.200282
0.348072 0.272219 1.330373 0.688424 -0.110973 0.688122 0.200614
0.353291 0.271939 1.330722 0.687907 -0.110060 0.689401 0.198489
0.358249 0.271256 1.331012 0.687801 -0.109144 0.690185 0.196624
0.362540 0.270282 1.331333 0.687422 -0.106650 0.690899 0.196810
0.366715 0.269588 1.331644 0.686587 -0.104667 0.692099 0.196578
0.371932 0.269725 1.332293 0.686179 -0.103572 0.693415 0.193923
0.376931 0.269299 1.333265 0.685597 -0.101950 0.694597 0.192608
0.381305 0.268389 1.334214 0.684676 -0.099239 0.695724 0.193231
0.385535 0.267830 1.334716 0.683401 -0.097325 0.697292 0.193065
0.390661 0.268122 1.334642 0.682718 -0.096481 0.698740 0.190659
0.395558 0.267710 1.334540 0.682478 -0.094843 0.699539 0.189403
0.399852 0.266718 1.334429 0.682058 -0.092181 0.700173 0.189887
0.403992 0.265995 1.334139 0.681282 -0.090258 0.701267 0.189559
0.409087 0.266047 1.333993 0.680560 -0.089506 0.702706 0.187164
0.414170 0.265272 1.334102 0.680023 -0.088132 0.703664 0.186166
0.418868 0.263663 1.334307 0.679250 -0.086385 0.704450 0.186835
0.423425 0.262285 1.334236 0.678143 -0.085198 0.705593 0.187091
0.428706 0.262222 1.333685 0.677206 -0.083190 0.706954 0.186247
0.433769 0.261746 1.333205 0.676947 -0.080617 0.707582 0.185933
0.438474 0.260481 1.332851 0.676691 -0.078729 0.707910 0.186423
0.442946 0.259271 1.332292 0.676214 -0.077312 0.708542 0.186346
0.448026 0.259014 1.331400 0.675806 -0.074766 0.709463 0.185363
0.452985 0.258318 1.330769 0.675855 -0.073020 0.709824 0.184496
0.457559 0.256919 1.330328 0.675813 -0.072209 0.709995 0.184306
0.461870 0.255580 1.329637 0.675372 -0.071192 0.710569 0.184107
0.466863 0.254911 1.328488 0.674413 -0.069306 0.711776 0.183682
0.471753 0.254219 1.327532 0.674011 -0.068342 0.712434 0.182967
0.476037 0.253309 1.326812 0.673733 -0.068031 0.712883 0.182355
0.479962 0.252624 1.325872 0.673425 -0.067525 0.713482 0.181337
0.484725 0.252212 1.324646 0.672609 -0.067285 0.714693 0.179679
0.489457 0.251761 1.323575 0.672218 -0.067650 0.715462 0.177935
0.493581 0.251395 1.322720 0.671966 -0.068097 0.716042 0.176375
0.497310 0.251240 1.321744 0.671754 -0.068081 0.716647 0.174721
0.501896 0.251070 1.320618 0.671042 -0.068199 0.717751 0.172873
0.506585 0.250639 1.319686 0.670628 -0.068943 0.718495 0.171083
0.510791 0.250263 1.318964 0.670254 -0.069691 0.719140 0.169530
0.514581 0.250005 1.318133 0.669931 -0.069875 0.719730 0.168223
0.518964 0.249639 1.316873 0.669395 -0.070057 0.720503 0.166961
0.523107 0.249328 1.315711 0.669192 -0.070555 0.720970 0.165547
0.526668 0.249520 1.314709 0.669153 -0.070790 0.721344 0.163968
0.529797 0.250001 1.313526 0.669152 -0.070652 0.721752 0.162228
0.533581 0.249860 1.311547 0.668693 -0.070969 0.722473 0.160761
0.537202 0.249485 1.309592 0.668852 -0.071788 0.722596 0.159182
0.540387 0.249686 1.307809 0.669261 -0.072219 0.722569 0.157379
0.543224 0.250424 1.306120 0.669637 -0.072239 0.722625 0.155504
0.546658 0.250519 1.304218 0.669252 -0.072411 0.723143 0.154667
0.550023 0.250418 1.302632 0.669035 -0.072989 0.723483 0.153744
0.553020 0.250871 1.301323 0.668950 -0.073281 0.723809 0.152431
0.555657 0.251719 1.299945 0.668740 -0.073068 0.724318 0.151029
0.558782 0.251536 1.297650 0.667746 -0.073073 0.725299 0.150724
0.561825 0.250982 1.295468 0.667583 -0.073793 0.725498 0.150134
0.564546 0.250940 1.293615 0.667755 -0.074347 0.725506 0.149057
0.566951 0.251358 1.291895 0.667866 -0.074609 0.725653 0.147701
0.569728 0.251171 1.289615 0.667411 -0.075202 0.726192 0.146806
0.572408 0.250920 1.287669 0.667555 -0.076195 0.726194 0.145626
0.574880 0.251477 1.286551 0.667816 -0.076446 0.726228 0.144120
0.576996 0.252695 1.285553 0.667747 -0.076141 0.726659 0.142420
0.579044 0.253545 1.283503 0.667428 -0.074823 0.727183 0.141935
0.581031 0.254074 1.281592 0.667285 -0.074319 0.727479 0.141357
0.582854 0.255104 1.280341 0.667277 -0.074143 0.727763 0.140019
0.584399 0.256389 1.279147 0.667352 -0.073691 0.728054 0.138379
0.585864 0.257548 1.276931 0.667472 -0.072512 0.728305 0.137092
0.587113 0.258269 1.274874 0.668099 -0.072194 0.728005 0.135799
0.588242 0.258827 1.273366 0.668690 -0.072239 0.727690 0.134541
0.589193 0.259662 1.271972 0.669497 -0.071402 0.727274 0.133224
0.589816 0.260623 1.269768 0.670556 -0.069188 0.726649 0.132472
0.590449 0.260979 1.267995 0.671114 -0.067989 0.726277 0.132308
0.591100 0.261221 1.266718 0.671802 -0.067280 0.725780 0.131905
0.591671 0.261529 1.265624 0.672274 -0.066762 0.725518 0.131206
0.592038 0.261548 1.263985 0.672652 -0.066631 0.725299 0.130540
0.592328 0.261373 1.262504 0.673126 -0.066757 0.724916 0.130163
0.592731 0.261196 1.261635 0.673141 -0.067120 0.724904 0.129965
0.593058 0.260940 1.260920 0.673030 -0.067564 0.724979 0.129889
0.592864 0.260226 1.259309 0.673462 -0.068248 0.724458 0.130196
0.592530 0.259541 1.257579 0.674390 -0.069024 0.723496 0.130340
0.592254 0.259019 1.256205 0.675247 -0.069792 0.722617 0.130364
0.591915 0.258493 1.255159 0.676190 -0.070677 0.721703 0.130066
0.591245 0.257665 1.254246 0.677377 -0.071137 0.720610 0.129699
0.590589 0.256939 1.253271 0.678368 -0.071327 0.719683 0.129564
0.589985 0.256311 1.252342 0.679256 -0.071468 0.718839 0.129515
0.589118 0.255348 1.251584 0.680123 -0.072405 0.717979 0.129216
0.586955 0.253933 1.250757 0.680516 -0.073332 0.717513 0.129206
0.584658 0.253344 1.249725 0.681014 -0.073808 0.717016 0.129080
0.582446 0.253126 1.248595 0.681882 -0.074102 0.716202 0.128844
0.580131 0.252856 1.247581 0.682856 -0.074841 0.715357 0.127953
0.576173 0.252884 1.246316 0.684531 -0.075208 0.714015 0.126268
0.571988 0.253589 1.244946 0.686201 -0.074938 0.712696 0.124806
0.568003 0.253951 1.243358 0.688028 -0.074514 0.711114 0.124026
0.564372 0.254142 1.242030 0.689626 -0.074785 0.709799 0.122513
0.559843 0.254731 1.240893 0.691322 -0.075242 0.708632 0.119391
0.554980 0.256055 1.239873 0.692835 -0.074797 0.707608 0.116941
0.550146 0.257588 1.239019 0.694214 -0.074051 0.706640 0.115081
0.545621 0.258646 1.238345 0.695742 -0.073959 0.705461 0.113133
0.540691 0.260266 1.238082 0.698303 -0.074133 0.703497 0.109398
0.535741 0.262512 1.238423 0.700179 -0.073777 0.702146 0.106283
0.530801 0.264990 1.239096 0.701444 -0.073001 0.701328 0.103857
0.525875 0.267408 1.239836 0.702528 -0.072536 0.700666 0.101290
0.520664 0.270040 1.240710 0.704308 -0.072833 0.699424 0.097225
0.515499 0.272868 1.241931 0.705537 -0.072623 0.698655 0.093938
0.510356 0.275641 1.243252 0.706302 -0.071963 0.698282 0.091434
0.505159 0.278269 1.244529 0.707011 -0.071359 0.697940 0.089020
0.499867 0.281210 1.246271 0.708673 -0.071754 0.696701 0.085104
0.494778 0.284289 1.248582 0.709575 -0.071811 0.696169 0.081820
0.489750 0.287244 1.250989 0.709953 -0.071461 0.696118 0.079243
0.484668 0.289979 1.253270 0.710293 -0.070839 0.696083 0.077037
0.479578 0.292952 1.256136 0.711434 -0.070371 0.695281 0.074119
0.474695 0.296000 1.259524 0.711801 -0.069847 0.695226 0.071565
0.470435 0.297159 1.262741 0.710915 -0.069472 0.696170 0.071557
0.466197 0.297822 1.265433 0.710643 -0.068744 0.696531 0.071452
