-0.050417 0.368460 1.462485 0.707297 0.004089 0.706759 -0.014371
-0.050387 0.368193 1.462839 0.707036 0.004774 0.707006 -0.014804
-0.050388 0.367964 1.463177 0.706834 0.005291 0.707196 -0.015208
-0.050399 0.367770 1.463466 0.706675 0.005694 0.707344 -0.015553
-0.050406 0.367609 1.463681 0.706645 0.005851 0.707365 -0.015892
-0.050488 0.367529 1.463820 0.706868 0.005599 0.707133 -0.016371
-0.050621 0.367500 1.463939 0.707056 0.005461 0.706935 -0.016861
-0.050758 0.367486 1.464037 0.707207 0.005383 0.706774 -0.017288
-0.050867 0.367495 1.464109 0.707321 0.005435 0.706650 -0.017716
-0.050675 0.367594 1.464161 0.707219 0.006021 0.706735 -0.018166
-0.050257 0.367579 1.464221 0.707115 0.006239 0.706836 -0.018221
-0.049796 0.367508 1.464284 0.707015 0.006259 0.706939 -0.018108
-0.049362 0.367425 1.464336 0.706936 0.006210 0.707022 -0.017964
-0.049262 0.367538 1.464138 0.707017 0.006441 0.706925 -0.018542
-0.049447 0.367771 1.463858 0.707113 0.007049 0.706802 -0.019292
-0.049711 0.368011 1.463599 0.707206 0.007690 0.706683 -0.020012
-0.049972 0.368225 1.463377 0.707286 0.008266 0.706578 -0.020634
-0.049864 0.368352 1.463054 0.707241 0.009185 0.706602 -0.020948
-0.049306 0.368226 1.462692 0.707083 0.009631 0.706768 -0.020495
-0.048641 0.368013 1.462386 0.706930 0.009760 0.706939 -0.019813
-0.048005 0.367793 1.462136 0.706793 0.009757 0.707094 -0.019134
-0.047647 0.368309 1.461830 0.706504 0.011009 0.707350 -0.019663
-0.047567 0.369300 1.461525 0.706342 0.012884 0.707442 -0.020985
-0.047547 0.370161 1.461282 0.706249 0.014426 0.707469 -0.022145
-0.047531 0.370871 1.461081 0.706175 0.015654 0.707489 -0.023074
-0.047407 0.371873 1.460690 0.706051 0.017545 0.707511 -0.024735
-0.046869 0.373002 1.460067 0.705945 0.019703 0.707502 -0.026342
-0.046147 0.373810 1.459520 0.705870 0.021154 0.707502 -0.027221
-0.045417 0.374403 1.459066 0.705806 0.022151 0.707517 -0.027708
-0.044651 0.375356 1.458440 0.705445 0.023618 0.707792 -0.028612
-0.043237 0.376832 1.457393 0.704886 0.025770 0.708239 -0.029499
-0.041519 0.377853 1.456471 0.704470 0.026985 0.708607 -0.029493
-0.039845 0.378568 1.455709 0.704145 0.027653 0.708920 -0.029103
-0.038401 0.379552 1.454824 0.703840 0.028706 0.709177 -0.029223
-0.037296 0.381920 1.453079 0.703801 0.032060 0.708996 -0.031001
-0.036278 0.383967 1.451439 0.703902 0.034928 0.708702 -0.032338
-0.035355 0.385612 1.450046 0.704025 0.037152 0.708423 -0.033238
-0.034506 0.387154 1.448729 0.704057 0.038992 0.708242 -0.034283
-0.032854 0.389591 1.446278 0.703968 0.041927 0.708070 -0.036171
-0.030554 0.391339 1.443888 0.703986 0.043865 0.707921 -0.036428
-0.028201 0.392550 1.441862 0.704043 0.044968 0.707822 -0.035932
-0.026050 0.393516 1.440136 0.704072 0.045618 0.707781 -0.035329
-0.023979 0.396281 1.437438 0.703880 0.048175 0.707719 -0.036955
-0.021709 0.398762 1.434802 0.703991 0.050500 0.707394 -0.037949
-0.019513 0.400662 1.432570 0.704174 0.052067 0.707081 -0.038272
-0.017537 0.402151 1.430707 0.704383 0.053147 0.706793 -0.038266
-0.015586 0.405028 1.428140 0.704320 0.055110 0.706649 -0.039290
-0.013397 0.407865 1.425601 0.704561 0.057070 0.706211 -0.040039
-0.011237 0.410073 1.423474 0.704853 0.058311 0.705808 -0.040203
-0.009277 0.411821 1.421707 0.705157 0.059111 0.705446 -0.040082
-0.007458 0.414775 1.419254 0.705200 0.060223 0.705185 -0.042186
-0.005168 0.418113 1.416506 0.705661 0.061747 0.704450 -0.044501
-0.002687 0.420665 1.414209 0.706149 0.062453 0.703821 -0.045707
-0.000333 0.422637 1.412316 0.706609 0.062697 0.703300 -0.046275
0.001772 0.425301 1.409947 0.706421 0.063796 0.703300 -0.047622
0.004293 0.428610 1.406905 0.706425 0.066323 0.702955 -0.049179
0.007297 0.431092 1.404291 0.706622 0.067709 0.702598 -0.049573
0.010272 0.432915 1.402149 0.706861 0.068305 0.702319 -0.049293
0.012931 0.435126 1.399978 0.706763 0.068345 0.702363 -0.050014
0.015633 0.438499 1.397526 0.706948 0.068934 0.701941 -0.052453
0.018659 0.441198 1.395549 0.707289 0.068816 0.701492 -0.053985
0.021606 0.443247 1.393978 0.707623 0.068240 0.701153 -0.054738
0.024212 0.445387 1.392401 0.707585 0.068192 0.701127 -0.055629
0.026809 0.448857 1.390221 0.707462 0.070993 0.700798 -0.057788
0.030156 0.451664 1.388384 0.707693 0.072588 0.700299 -0.059031
0.033842 0.453639 1.386963 0.707943 0.072973 0.699993 -0.059171
0.037322 0.455330 1.385675 0.707987 0.072717 0.699977 -0.059157
0.040277 0.458677 1.383442 0.708075 0.074306 0.699553 -0.061105
0.043587 0.461641 1.381418 0.708617 0.075464 0.698735 -0.062740
0.047203 0.463808 1.379806 0.709145 0.075646 0.698125 -0.063341
0.050657 0.465460 1.378491 0.709527 0.075254 0.697766 -0.063483
0.053659 0.468563 1.376472 0.709697 0.077628 0.697132 -0.065658
0.057152 0.471348 1.374709 0.710321 0.079475 0.696109 -0.067525
0.061305 0.473316 1.373320 0.710977 0.079988 0.695316 -0.068188
0.065543 0.474579 1.372287 0.711487 0.079596 0.694864 -0.067929
0.069129 0.477315 1.370408 0.711697 0.080374 0.694414 -0.069399
0.072605 0.480278 1.368537 0.712538 0.081619 0.693195 -0.071473
0.076593 0.482521 1.367003 0.713441 0.081902 0.692114 -0.072615
0.080731 0.484020 1.365837 0.714159 0.081365 0.691417 -0.072788
0.084344 0.486421 1.363974 0.714676 0.082113 0.690635 -0.074283
0.087805 0.489197 1.361749 0.715841 0.083855 0.688972 -0.076533
0.091740 0.491224 1.359855 0.717028 0.084600 0.687506 -0.077772
0.095760 0.492546 1.358379 0.717980 0.084497 0.686492 -0.078060
0.099489 0.494455 1.356750 0.718389 0.084896 0.685945 -0.078669
0.103298 0.497019 1.355210 0.719077 0.085845 0.684934 -0.080145
0.107614 0.498876 1.354082 0.719765 0.085754 0.684139 -0.080859
0.111979 0.500050 1.353287 0.720253 0.084956 0.683737 -0.080755
0.115979 0.501590 1.352294 0.720507 0.084304 0.683467 -0.081457
0.119891 0.504142 1.351156 0.721286 0.084542 0.682305 -0.084019
0.124351 0.506020 1.350368 0.722087 0.083906 0.681322 -0.085729
0.129021 0.507136 1.349865 0.722657 0.082575 0.680806 -0.086329
0.133442 0.508239 1.349151 0.722771 0.081335 0.680815 -0.086474
0.137623 0.510323 1.347297 0.723252 0.081812 0.680157 -0.087185
0.142128 0.511770 1.345537 0.724062 0.081753 0.679268 -0.087433
0.146753 0.512524 1.344125 0.724719 0.081020 0.678723 -0.086913
0.151087 0.513155 1.342883 0.725087 0.080062 0.678524 -0.086287
0.155138 0.515386 1.341313 0.725861 0.080279 0.677500 -0.087606
0.159456 0.517192 1.340188 0.726781 0.079820 0.676405 -0.088844
0.163811 0.518325 1.339410 0.727422 0.078815 0.675776 -0.089282
0.167863 0.519112 1.338794 0.727802 0.077604 0.675501 -0.089331
0.171996 0.520856 1.337268 0.728187 0.077110 0.675028 -0.090190
0.176546 0.521969 1.335849 0.728901 0.076184 0.674308 -0.090599
0.181113 0.522440 1.334748 0.729401 0.074831 0.673965 -0.090252
0.185323 0.522591 1.333905 0.729756 0.073379 0.673826 -0.089604
0.189429 0.524259 1.332552 0.730083 0.072867 0.673482 -0.089953
0.193536 0.525867 1.331563 0.730720 0.072002 0.672772 -0.090790
0.197393 0.526995 1.330897 0.731128 0.070928 0.672387 -0.091193
0.200822 0.527820 1.330404 0.731419 0.069874 0.672157 -0.091367
0.204283 0.529381 1.329185 0.731638 0.070202 0.671862 -0.091534
0.208234 0.530560 1.327751 0.732287 0.070444 0.671139 -0.091468
0.212226 0.531095 1.326612 0.732750 0.070113 0.670755 -0.090826
0.215933 0.531309 1.325733 0.733081 0.069516 0.670568 -0.090000
0.219523 0.532398 1.324640 0.733302 0.069095 0.670363 -0.090047
0.223288 0.533950 1.323741 0.733875 0.068330 0.669665 -0.091146
0.226924 0.535013 1.323200 0.734200 0.067298 0.669326 -0.091778
0.230214 0.535753 1.322825 0.734398 0.066261 0.669168 -0.092111
0.233314 0.536914 1.322117 0.734489 0.065656 0.669060 -0.092592
0.236695 0.538380 1.320873 0.735241 0.064988 0.668140 -0.093731
0.240075 0.539233 1.319851 0.735865 0.064058 0.667469 -0.094254
0.243209 0.539744 1.319060 0.736333 0.063063 0.667023 -0.094434
0.246099 0.540458 1.318248 0.736496 0.062640 0.666885 -0.094421
0.249077 0.541789 1.317188 0.736847 0.062930 0.666406 -0.094868
0.251961 0.542701 1.316415 0.737135 0.062836 0.666063 -0.095101
0.254588 0.543336 1.315841 0.737325 0.062577 0.665868 -0.095166
0.256948 0.544030 1.315289 0.737373 0.062557 0.665814 -0.095180
0.259508 0.545554 1.314493 0.737740 0.063454 0.665209 -0.095967
0.262167 0.546598 1.314006 0.738021 0.063775 0.664791 -0.096498
0.264700 0.547286 1.313688 0.738164 0.063795 0.664595 -0.096730
0.267003 0.547826 1.313428 0.738198 0.063736 0.664552 -0.096812
0.269699 0.548952 1.312666 0.738530 0.063199 0.664096 -0.097752
0.272678 0.549461 1.312017 0.738946 0.062189 0.663658 -0.098231
0.275622 0.549583 1.311553 0.739210 0.061044 0.663465 -0.098265
0.278333 0.549524 1.311223 0.739379 0.059925 0.663402 -0.098108
0.280994 0.550464 1.310614 0.739387 0.060829 0.663334 -0.097956
0.283586 0.551296 1.310238 0.739577 0.061417 0.663042 -0.098128
0.285986 0.551862 1.310020 0.739656 0.061697 0.662923 -0.098160
0.288105 0.552263 1.309868 0.739697 0.061827 0.662869 -0.098138
0.290192 0.553032 1.309399 0.739515 0.062696 0.662999 -0.098073
0.292378 0.553585 1.308875 0.739570 0.063320 0.662887 -0.098013
0.294494 0.553864 1.308509 0.739589 0.063582 0.662873 -0.097802
0.296420 0.554006 1.308257 0.739577 0.063653 0.662916 -0.097555
0.298228 0.554436 1.307892 0.739337 0.064520 0.663125 -0.097385
0.300073 0.554864 1.307537 0.739185 0.065569 0.663200 -0.097325
0.301850 0.555078 1.307296 0.739024 0.066230 0.663340 -0.097147
0.303458 0.555180 1.307124 0.738878 0.066649 0.663490 -0.096944
0.304941 0.555499 1.306910 0.738680 0.067277 0.663604 -0.097240
0.306659 0.555928 1.306893 0.738583 0.067922 0.663520 -0.098091
0.308503 0.556075 1.307050 0.738350 0.068149 0.663690 -0.098545
0.310280 0.556046 1.307222 0.738089 0.068171 0.663949 -0.098738
0.311879 0.555989 1.307296 0.737744 0.068348 0.664294 -0.098873
0.313398 0.555799 1.307142 0.737309 0.068849 0.664745 -0.098740
0.315228 0.555026 1.306771 0.736942 0.068645 0.665297 -0.097901
0.316909 0.554298 1.306481 0.736737 0.068488 0.665648 -0.097161
0.318349 0.553699 1.306291 0.736598 0.068206 0.665873 -0.096866
0.319584 0.553095 1.305886 0.736508 0.067982 0.665944 -0.097223
0.320642 0.552577 1.305565 0.736386 0.067749 0.666078 -0.097394
0.321467 0.552242 1.305353 0.736287 0.067832 0.666160 -0.097522
0.321699 0.552371 1.305310 0.736197 0.068607 0.666114 -0.097975
0.321360 0.552295 1.305386 0.735941 0.069947 0.666147 -0.098726
0.320951 0.552255 1.305381 0.735807 0.070650 0.666089 -0.099608
0.320536 0.552269 1.305349 0.735711 0.071274 0.666018 -0.100345
0.320131 0.552328 1.305327 0.735634 0.071848 0.665950 -0.100949
0.318918 0.551967 1.305626 0.735333 0.073038 0.665979 -0.102092
0.317617 0.551584 1.305731 0.735230 0.073286 0.665846 -0.103516
0.316406 0.551324 1.305757 0.735182 0.073578 0.665684 -0.104683
0.315312 0.551166 1.305790 0.735148 0.073901 0.665535 -0.105635
0.313350 0.550680 1.306293 0.734852 0.074474 0.665661 -0.106500
0.310893 0.550136 1.306441 0.734919 0.074291 0.665402 -0.107771
0.308566 0.549775 1.306407 0.735065 0.074360 0.665059 -0.108841
0.306455 0.549575 1.306382 0.735191 0.074579 0.664745 -0.109758
0.303614 0.549139 1.307009 0.734989 0.075176 0.664717 -0.110860
0.299809 0.548734 1.307642 0.734973 0.075459 0.664385 -0.112749
0.296102 0.548576 1.307885 0.735052 0.076141 0.663937 -0.114410
0.292745 0.548571 1.308056 0.735118 0.076867 0.663528 -0.115865
0.289405 0.548128 1.308579 0.735156 0.077095 0.663218 -0.117228
0.284936 0.547596 1.309183 0.735317 0.077902 0.662660 -0.118833
0.280332 0.547380 1.309376 0.735494 0.078991 0.662060 -0.120357
0.276132 0.547330 1.309457 0.735624 0.080085 0.661537 -0.121708
0.272194 0.547169 1.309846 0.735619 0.080633 0.661231 -0.123034
0.267471 0.546648 1.310574 0.735827 0.080814 0.660636 -0.124853
0.262780 0.546252 1.310780 0.736042 0.081461 0.660026 -0.126381
0.258502 0.546079 1.310886 0.736155 0.082361 0.659539 -0.127673
0.254562 0.545999 1.311179 0.736162 0.082845 0.659229 -0.128920
0.249783 0.545529 1.311764 0.736416 0.081790 0.658742 -0.130617
0.244636 0.545210 1.311796 0.736680 0.082093 0.658153 -0.131901
0.239458 0.545239 1.311687 0.736816 0.083057 0.657626 -0.133159
0.234658 0.545447 1.311630 0.736867 0.084009 0.657186 -0.134447
0.229407 0.545191 1.311962 0.736767 0.084524 0.657089 -0.135149
0.223768 0.545013 1.311803 0.736833 0.086224 0.656672 -0.135738
0.218246 0.545066 1.311463 0.736868 0.088217 0.656217 -0.136463
0.213239 0.545263 1.311129 0.736872 0.090160 0.655778 -0.137277
0.208060 0.545147 1.311533 0.736828 0.090929 0.655602 -0.137843
0.202218 0.545258 1.311636 0.737030 0.092365 0.654919 -0.139057
0.196252 0.545576 1.311517 0.737073 0.094298 0.654314 -0.140376
0.190639 0.546083 1.311348 0.737063 0.096328 0.653719 -0.141813
0.185096 0.546356 1.311640 0.736944 0.097658 0.653458 -0.142720
0.178902 0.546734 1.311760 0.737018 0.099208 0.652812 -0.144220
0.172424 0.547343 1.311679 0.736993 0.101379 0.652115 -0.145975
0.166208 0.548113 1.311510 0.736913 0.103756 0.651412 -0.147843
0.160269 0.548662 1.311596 0.736677 0.106130 0.651127 -0.148583
0.153705 0.549157 1.311538 0.736652 0.108710 0.650500 -0.149589
0.146821 0.549868 1.311281 0.736570 0.111845 0.649731 -0.151011
0.140264 0.550690 1.310948 0.736451 0.115059 0.648932 -0.152601
0.134213 0.551497 1.310939 0.736161 0.116927 0.648618 -0.153915
0.127307 0.552499 1.310942 0.736203 0.119302 0.647775 -0.155434
0.120264 0.553758 1.310871 0.736306 0.122000 0.646633 -0.157593
0.113608 0.555172 1.310915 0.736395 0.124592 0.645417 -0.160111
0.107534 0.556504 1.311235 0.736224 0.126028 0.644758 -0.162415
0.100504 0.557847 1.311469 0.736073 0.127605 0.644016 -0.164789
0.092880 0.559442 1.311408 0.735932 0.130680 0.642867 -0.167479
0.085587 0.561048 1.311372 0.735775 0.133715 0.641670 -0.170344
0.078973 0.562532 1.311498 0.735567 0.136410 0.640716 -0.172674
0.071694 0.564343 1.311833 0.735390 0.139195 0.639832 -0.174472
0.064063 0.566303 1.312058 0.735253 0.142388 0.638575 -0.177061
0.056881 0.568131 1.312245 0.735083 0.145584 0.637286 -0.179789
0.050473 0.569714 1.312408 0.734865 0.148745 0.636157 -0.182080
0.043941 0.571450 1.312797 0.734703 0.151856 0.635250 -0.183324
0.037220 0.573322 1.313189 0.734634 0.155213 0.633905 -0.185432
0.030884 0.575111 1.313597 0.734856 0.157921 0.632090 -0.188438
0.025259 0.576643 1.313926 0.735021 0.160321 0.630436 -0.191292
0.019654 0.578189 1.314754 0.734495 0.162362 0.630306 -0.192013
0.013111 0.579925 1.315277 0.734387 0.165882 0.628936 -0.193899
0.006813 0.581554 1.315751 0.734106 0.169476 0.627681 -0.195916
0.001109 0.582959 1.316164 0.733874 0.172593 0.626424 -0.198074
-0.004503 0.584682 1.316825 0.733896 0.175656 0.625020 -0.199731
-0.010451 0.586681 1.317662 0.734142 0.178596 0.622996 -0.202522
-0.015927 0.588509 1.318493 0.734332 0.181143 0.621034 -0.205572
-0.020696 0.590073 1.319251 0.734393 0.183483 0.619368 -0.208290
-0.025108 0.591693 1.320226 0.734456 0.185229 0.618205 -0.209968
-0.030243 0.593478 1.321228 0.734550 0.187537 0.616712 -0.211975
-0.035259 0.595090 1.322047 0.734314 0.190360 0.615507 -0.213767
-0.039768 0.596451 1.322773 0.734065 0.192790 0.614414 -0.215582
-0.044047 0.597794 1.323402 0.733763 0.195288 0.613449 -0.217106
-0.048634 0.599296 1.324072 0.733210 0.198092 0.612710 -0.218518
-0.052940 0.600628 1.324652 0.732536 0.201045 0.612082 -0.219836
-0.056850 0.601768 1.325199 0.732000 0.203463 0.611364 -0.221388
-0.060435 0.602782 1.325637 0.731493 0.205693 0.610681 -0.222881
-0.063868 0.603795 1.326107 0.730623 0.208375 0.610413 -0.223977
-0.067028 0.604708 1.326605 0.729780 0.210803 0.610171 -0.225110
-0.069782 0.605491 1.327059 0.729070 0.212783 0.609917 -0.226232
-0.072138 0.606092 1.327437 0.728511 0.214366 0.609696 -0.227136
-0.074478 0.606225 1.327391 0.727931 0.216072 0.609820 -0.227042
-0.076955 0.606274 1.327078 0.727523 0.217965 0.609595 -0.227146
-0.079334 0.606318 1.326741 0.727217 0.219763 0.609202 -0.227449
-0.081453 0.606319 1.326468 0.726984 0.221326 0.608812 -0.227722
-0.083012 0.605784 1.326646 0.727120 0.220849 0.608975 -0.227315
-0.084509 0.605304 1.326828 0.727202 0.220405 0.609140 -0.227040
-0.085892 0.604909 1.326971 0.727251 0.220178 0.609205 -0.226931
-0.087098 0.604573 1.327071 0.727270 0.220081 0.609233 -0.226889
-0.087549 0.602750 1.327186 0.727493 0.218604 0.610466 -0.224271
-0.088265 0.600717 1.326686 0.727701 0.217556 0.611638 -0.221402
-0.089245 0.598960 1.326067 0.727940 0.217116 0.612304 -0.219200
-0.090283 0.597488 1.325503 0.728139 0.216975 0.612704 -0.217553
-0.090502 0.594536 1.325135 0.729395 0.214005 0.613490 -0.214042
-0.090899 0.590954 1.323936 0.730796 0.210902 0.614415 -0.209646
-0.091752 0.587818 1.322562 0.732021 0.209062 0.614780 -0.206115
-0.092765 0.585166 1.321318 0.733003 0.207940 0.614899 -0.203388
-0.093001 0.581434 1.320585 0.734400 0.204578 0.615902 -0.198668
-0.093132 0.576754 1.319461 0.735787 0.199987 0.617745 -0.192390
-0.093810 0.572645 1.318079 0.736937 0.197078 0.618875 -0.187292
-0.094700 0.569160 1.316785 0.737843 0.195198 0.619588 -0.183295
-0.095020 0.565069 1.315767 0.739120 0.192076 0.620655 -0.177751
-0.094807 0.559385 1.314187 0.741098 0.186213 0.622240 -0.170046
-0.095021 0.554243 1.312229 0.742993 0.181744 0.623010 -0.163675
-0.095455 0.549841 1.310385 0.744490 0.178662 0.623453 -0.158498
-0.095524 0.545490 1.308988 0.745887 0.175237 0.624225 -0.152605
-0.094754 0.539998 1.307830 0.747791 0.168038 0.625954 -0.144061
-0.094377 0.535151 1.306522 0.749709 0.161923 0.626804 -0.137237
-0.094261 0.531044 1.305295 0.751198 0.157417 0.627347 -0.131748
-0.094051 0.527213 1.304361 0.752521 0.153493 0.627815 -0.126491
-0.092724 0.521572 1.303720 0.754292 0.145567 0.629279 -0.117736
-0.091660 0.516359 1.302723 0.756194 0.138279 0.629995 -0.110254
-0.090939 0.511924 1.301728 0.757703 0.132757 0.630406 -0.104157
-0.090393 0.508110 1.300917 0.758965 0.128322 0.630638 -0.098997
-0.089198 0.503157 1.300824 0.760854 0.119276 0.631300 -0.091302
-0.088209 0.498509 1.300641 0.762223 0.110794 0.632236 -0.083775
-0.087549 0.494571 1.300367 0.763255 0.104259 0.632884 -0.077655
-0.087132 0.491303 1.300104 0.764050 0.099247 0.633306 -0.072798
-0.086103 0.486920 1.300178 0.765988 0.090412 0.633033 -0.066000
-0.085122 0.482534 1.300039 0.767348 0.081959 0.633242 -0.058860
-0.084434 0.478804 1.299754 0.768361 0.075476 0.633336 -0.053003
-0.083975 0.475712 1.299469 0.769140 0.070497 0.633338 -0.048339
-0.082953 0.472043 1.299118 0.769769 0.063661 0.633730 -0.042283
-0.081560 0.468138 1.298411 0.770032 0.057006 0.634457 -0.035560
-0.080293 0.464745 1.297653 0.770137 0.051740 0.635077 -0.029790
-0.079239 0.461914 1.297000 0.770175 0.047581 0.635560 -0.025085
-0.077738 0.458911 1.296357 0.769790 0.042228 0.636590 -0.019839
-0.075275 0.455434 1.295454 0.768952 0.036149 0.638147 -0.013186
-0.072726 0.452278 1.294593 0.768095 0.030896 0.639550 -0.007063
-0.070433 0.449593 1.293887 0.767323 0.026521 0.640710 -0.001887
-0.068083 0.447025 1.293372 0.766313 0.021118 0.642113 0.003207
-0.064871 0.444204 1.293132 0.764856 0.014069 0.643980 0.009306
-0.061611 0.441669 1.293020 0.763450 0.007813 0.645648 0.014860
-0.058683 0.439508 1.292982 0.762214 0.002542 0.647024 0.019572
-0.056017 0.437491 1.292814 0.761049 -0.003039 0.648244 0.023971
-0.052883 0.434945 1.292037 0.759825 -0.010322 0.649372 0.029604
-0.049837 0.432521 1.291208 0.758633 -0.016502 0.650372 0.034938
-0.047172 0.430433 1.290490 0.757587 -0.021579 0.651180 0.039498
-0.044840 0.428620 1.289840 0.756541 -0.026231 0.651967 0.043542
-0.041586 0.426367 1.288910 0.754941 -0.032670 0.653135 0.049118
-0.037981 0.424053 1.288083 0.753317 -0.038681 0.654228 0.054801
-0.034628 0.421969 1.287428 0.751846 -0.043886 0.655147 0.059867
-0.031714 0.420186 1.286891 0.750564 -0.048407 0.655891 0.064172
-0.028437 0.418072 1.286075 0.749328 -0.054836 0.656307 0.069000
-0.025037 0.415899 1.285282 0.748058 -0.060702 0.656707 0.073899
-0.021961 0.413955 1.284623 0.746894 -0.065673 0.657048 0.078256
-0.019351 0.412323 1.284086 0.745911 -0.069747 0.657302 0.081892
-0.016307 0.410930 1.283490 0.744646 -0.074449 0.657697 0.085992
-0.012745 0.409524 1.283147 0.743346 -0.079249 0.658038 0.090230
-0.009328 0.408177 1.282979 0.742097 -0.083637 0.658355 0.094153
-0.006331 0.406998 1.282885 0.741010 -0.087389 0.658602 0.097527
-0.003143 0.405985 1.282461 0.740393 -0.091576 0.658376 0.099863
0.000570 0.404772 1.282005 0.739783 -0.095962 0.658016 0.102607
0.004127 0.403509 1.281708 0.739060 -0.100042 0.657771 0.105449
0.007260 0.402360 1.281500 0.738367 -0.103565 0.657588 0.108011
0.010445 0.401381 1.281017 0.737785 -0.106946 0.657440 0.109585
0.014318 0.400030 1.280330 0.737054 -0.110492 0.657301 0.111794
0.018104 0.398518 1.279807 0.736179 -0.114006 0.657227 0.114434
0.021466 0.397109 1.279412 0.735335 -0.117135 0.657183 0.116928
