0.385758 0.397545 1.697304 0.614938 -0.048815 0.786475 0.030417
0.384887 0.398346 1.697496 0.615486 -0.050277 0.785910 0.031522
0.384001 0.399067 1.697678 0.616269 -0.052127 0.785170 0.031683
0.382886 0.399822 1.697986 0.616925 -0.053604 0.784539 0.032069
0.381840 0.400523 1.698319 0.617409 -0.054674 0.784049 0.032926
0.380900 0.401187 1.698609 0.617854 -0.055661 0.783595 0.033713
0.379971 0.401820 1.698848 0.618633 -0.056918 0.782881 0.033907
0.378700 0.402610 1.699207 0.619526 -0.057615 0.782091 0.034655
0.377414 0.403454 1.699562 0.620205 -0.057700 0.781478 0.036154
0.376181 0.404336 1.699853 0.620804 -0.057622 0.780938 0.037665
0.374815 0.405103 1.700146 0.621500 -0.058118 0.780344 0.037725
0.372554 0.405941 1.700402 0.621975 -0.058147 0.780039 0.036113
0.370189 0.407190 1.700436 0.622169 -0.056595 0.780005 0.035982
0.367850 0.408706 1.700377 0.622201 -0.054389 0.780136 0.035987
0.365358 0.410408 1.700436 0.622101 -0.052375 0.780420 0.034535
0.361525 0.412627 1.701517 0.621220 -0.050381 0.781468 0.029214
0.356221 0.417347 1.703181 0.618557 -0.041946 0.784331 0.021296
0.349776 0.423545 1.705690 0.615149 -0.031328 0.787719 0.010414
0.342880 0.429671 1.708753 0.611136 -0.020518 0.791258 -0.000762
0.335566 0.433767 1.713025 0.607031 -0.011669 0.794541 -0.009066
0.328738 0.437105 1.717581 0.602940 -0.005261 0.797590 -0.016869
0.322741 0.439901 1.721595 0.599207 -0.000152 0.800248 -0.023557
0.317678 0.442154 1.724875 0.596003 0.003957 0.802454 -0.028838
0.313145 0.443063 1.727781 0.592881 0.007816 0.804737 -0.028786
0.309225 0.443462 1.730610 0.590068 0.010433 0.806777 -0.028660
0.305975 0.443667 1.733027 0.587708 0.012342 0.808472 -0.028646
0.303341 0.443725 1.735025 0.585803 0.013719 0.809832 -0.028617
0.300572 0.443118 1.737209 0.583293 0.015081 0.811711 -0.025838
0.297671 0.442377 1.739863 0.580583 0.015875 0.813697 -0.023821
0.294988 0.441800 1.742297 0.578157 0.016432 0.815446 -0.022662
0.292645 0.441333 1.744394 0.576124 0.016838 0.816893 -0.021961
0.290246 0.440442 1.746958 0.573296 0.017470 0.818925 -0.019735
0.287753 0.439175 1.750260 0.570115 0.017344 0.821184 -0.018038
0.285475 0.438015 1.753319 0.567269 0.016933 0.823181 -0.017067
0.283505 0.437013 1.755941 0.564891 0.016487 0.824837 -0.016457
0.281528 0.436392 1.759162 0.561889 0.016563 0.826905 -0.015307
0.279121 0.435795 1.763252 0.558270 0.016335 0.829361 -0.015120
0.276722 0.435350 1.767026 0.554962 0.016004 0.831576 -0.015577
0.274537 0.435048 1.770258 0.552148 0.015758 0.833439 -0.016236
0.272656 0.434936 1.773809 0.549169 0.015806 0.835405 -0.016158
0.270861 0.434524 1.777999 0.545840 0.015197 0.837591 -0.016397
0.269256 0.434018 1.781776 0.542868 0.014338 0.839527 -0.016796
0.267889 0.433556 1.784961 0.540364 0.013560 0.841147 -0.017167
0.266921 0.433407 1.788408 0.537770 0.013689 0.842829 -0.015963
0.266230 0.433007 1.792527 0.534799 0.013322 0.844744 -0.014834
0.265711 0.432394 1.796201 0.532165 0.012527 0.846434 -0.013906
0.265329 0.431799 1.799266 0.529952 0.011751 0.847845 -0.013075
0.265104 0.431859 1.802568 0.527561 0.011847 0.849355 -0.011647
0.264641 0.432359 1.806753 0.524393 0.012187 0.851316 -0.011201
0.264026 0.432748 1.810510 0.521464 0.012298 0.853112 -0.011147
0.263404 0.433138 1.813652 0.518945 0.012458 0.854644 -0.011195
0.262980 0.434131 1.816932 0.516206 0.013670 0.856291 -0.010514
0.262701 0.435533 1.821117 0.512454 0.015510 0.858514 -0.010258
0.262488 0.436505 1.824778 0.509103 0.016716 0.860485 -0.010015
0.262359 0.437276 1.827784 0.506304 0.017676 0.862119 -0.009695
0.262509 0.438455 1.830624 0.503685 0.019143 0.863632 -0.008709
0.263207 0.440288 1.833751 0.500571 0.021486 0.865395 -0.007661
0.264098 0.441607 1.836275 0.497954 0.023260 0.866868 -0.006440
0.265038 0.442608 1.838261 0.495835 0.024657 0.868052 -0.005150
0.266092 0.443862 1.840157 0.493956 0.026148 0.869087 -0.003520
0.267370 0.445927 1.843001 0.491678 0.028252 0.870315 -0.002512
0.268503 0.447327 1.845850 0.489666 0.029503 0.871409 -0.001935
0.269494 0.448305 1.848424 0.487958 0.030242 0.872342 -0.001483
0.270482 0.449449 1.850857 0.486298 0.031093 0.873239 -0.001087
0.272123 0.451652 1.853982 0.483799 0.033432 0.874539 -0.001611
0.274013 0.452941 1.856874 0.481747 0.034824 0.875616 -0.001739
0.275921 0.453643 1.859390 0.480135 0.035536 0.876473 -0.001487
0.277779 0.454275 1.861640 0.478725 0.036091 0.877223 -0.000995
0.280077 0.455979 1.864484 0.476547 0.038035 0.878325 -0.001032
0.282451 0.456922 1.867141 0.474716 0.039242 0.879264 -0.000837
0.284715 0.457368 1.869471 0.473270 0.039852 0.880015 -0.000370
0.286805 0.457693 1.871517 0.472038 0.040249 0.880659 0.000341
0.289353 0.459083 1.874092 0.470020 0.041921 0.881658 0.001636
0.292005 0.459770 1.876485 0.468309 0.042999 0.882513 0.002984
0.294542 0.459978 1.878576 0.466975 0.043500 0.883188 0.004425
0.296847 0.460012 1.880375 0.465895 0.043737 0.883739 0.005839
0.299526 0.461165 1.882696 0.464441 0.044720 0.884443 0.007441
0.302137 0.461769 1.884985 0.463112 0.045348 0.885095 0.008830
0.304533 0.461949 1.887052 0.462037 0.045523 0.885633 0.010174
0.306639 0.461943 1.888845 0.461146 0.045522 0.886083 0.011391
0.309343 0.462589 1.891251 0.459762 0.045161 0.886821 0.011341
0.312540 0.462273 1.893722 0.458606 0.044213 0.887461 0.011817
0.315799 0.461306 1.895996 0.457801 0.042722 0.887935 0.012838
0.318853 0.460098 1.898000 0.457205 0.041118 0.888299 0.014065
0.322181 0.459961 1.900134 0.456771 0.039572 0.888598 0.013705
0.325454 0.459782 1.902039 0.456359 0.038447 0.888864 0.013363
0.328430 0.459388 1.903632 0.456059 0.037391 0.889062 0.013427
0.331024 0.458953 1.904950 0.455816 0.036503 0.889220 0.013674
0.333660 0.459324 1.906623 0.454778 0.036312 0.889762 0.013447
0.336534 0.459345 1.908365 0.453580 0.036309 0.890374 0.013437
0.339371 0.458864 1.909918 0.452690 0.035884 0.890837 0.013955
0.341985 0.458180 1.911265 0.452002 0.035310 0.891196 0.014706
0.344778 0.458457 1.912702 0.451139 0.035374 0.891620 0.015381
0.347737 0.458934 1.913933 0.450198 0.036169 0.892050 0.016127
0.350536 0.459072 1.914871 0.449504 0.036722 0.892358 0.017160
0.353041 0.459058 1.915595 0.448974 0.037147 0.892586 0.018248
0.355768 0.459606 1.916543 0.448323 0.037324 0.892901 0.018465
0.359134 0.459737 1.917706 0.447628 0.037339 0.893243 0.018735
0.362611 0.459090 1.918805 0.447207 0.036739 0.893458 0.019708
0.365904 0.458084 1.919807 0.446944 0.035871 0.893596 0.020976
0.369397 0.457720 1.920807 0.447046 0.034916 0.893567 0.021632
0.373311 0.457761 1.921552 0.447379 0.034556 0.893405 0.022010
0.377034 0.457443 1.922012 0.447777 0.034169 0.893198 0.022881
0.380380 0.456984 1.922306 0.448172 0.033810 0.892988 0.023913
0.383638 0.456950 1.922710 0.448755 0.033446 0.892693 0.024505
0.387152 0.456984 1.923482 0.449427 0.033109 0.892366 0.024540
0.390454 0.456456 1.924334 0.450008 0.032412 0.892086 0.024972
0.393413 0.455679 1.925183 0.450497 0.031576 0.891853 0.025575
0.396262 0.455171 1.926046 0.451072 0.030867 0.891568 0.026236
0.399685 0.454944 1.926598 0.451921 0.030681 0.891124 0.026919
0.403158 0.454335 1.926762 0.452814 0.030428 0.890640 0.028173
0.406406 0.453578 1.926727 0.453667 0.030146 0.890169 0.029617
0.409401 0.453006 1.926674 0.454579 0.029827 0.889665 0.031061
0.412298 0.452977 1.926606 0.455717 0.029604 0.889059 0.031932
0.414821 0.452987 1.926348 0.456688 0.029656 0.888528 0.032777
0.416953 0.453057 1.926002 0.457496 0.029885 0.888076 0.033537
0.418725 0.453216 1.925714 0.458152 0.030343 0.887693 0.034310
0.420405 0.453203 1.925847 0.458655 0.030838 0.887396 0.034807
0.422059 0.452823 1.926102 0.459069 0.030957 0.887153 0.035452
0.423594 0.452269 1.926410 0.459406 0.030860 0.886952 0.036170
0.424935 0.451624 1.926761 0.459735 0.030699 0.886760 0.036848
0.426123 0.450611 1.927183 0.460572 0.029750 0.886381 0.036280
0.426780 0.450253 1.927342 0.460854 0.030169 0.886277 0.034877
0.426708 0.450845 1.927227 0.460759 0.031731 0.886344 0.032990
0.426490 0.451439 1.927133 0.460694 0.033004 0.886375 0.031803
0.425994 0.451290 1.927269 0.460950 0.033123 0.886264 0.031038
0.425905 0.450813 1.927380 0.461297 0.032872 0.886090 0.031142
0.425850 0.450503 1.927369 0.461529 0.032931 0.885967 0.031139
0.425757 0.450317 1.927300 0.461709 0.033022 0.885875 0.030984
0.424592 0.449550 1.927507 0.461629 0.033971 0.885838 0.032150
0.423596 0.448901 1.927568 0.461797 0.034552 0.885674 0.033619
0.422630 0.448641 1.927437 0.461853 0.035249 0.885584 0.034477
0.421905 0.448270 1.927393 0.462038 0.035191 0.885469 0.035031
0.419865 0.447143 1.927479 0.461589 0.035718 0.885620 0.036562
0.417795 0.446030 1.927665 0.461549 0.035951 0.885519 0.039202
0.415891 0.445136 1.927861 0.461767 0.035706 0.885362 0.040362
0.414293 0.444399 1.927990 0.461923 0.035480 0.885242 0.041394
0.411663 0.443216 1.928066 0.461643 0.034825 0.885371 0.042312
0.408872 0.441848 1.928283 0.461163 0.034779 0.885476 0.045289
0.406282 0.440750 1.928516 0.460823 0.035166 0.885514 0.047655
0.404147 0.439605 1.928753 0.460776 0.035257 0.885438 0.049405
0.401223 0.438389 1.928774 0.460663 0.034374 0.885433 0.051163
0.397904 0.436939 1.928823 0.460559 0.033350 0.885349 0.054149
0.394692 0.435484 1.928978 0.460291 0.032888 0.885343 0.056727
0.391814 0.434148 1.929210 0.460100 0.032690 0.885318 0.058753
0.388501 0.432891 1.929385 0.459847 0.032055 0.885324 0.060941
0.384790 0.431379 1.929708 0.459746 0.031119 0.885197 0.063970
0.381210 0.429711 1.930193 0.459558 0.030431 0.885130 0.066527
0.377814 0.428001 1.930836 0.459201 0.029860 0.885196 0.068351
0.374155 0.426436 1.931286 0.458913 0.028926 0.885220 0.070342
0.370023 0.424796 1.931538 0.459003 0.027821 0.884968 0.073298
0.366106 0.423064 1.931805 0.459095 0.027005 0.884738 0.075761
0.362515 0.421334 1.932076 0.458998 0.026290 0.884633 0.077814
0.358763 0.419686 1.932333 0.458875 0.025357 0.884592 0.079301
0.354361 0.417886 1.932631 0.459251 0.024416 0.884199 0.081763
0.350326 0.416029 1.933886 0.459675 0.023818 0.883821 0.083621
0.346423 0.413498 1.936601 0.459795 0.022031 0.883751 0.084188
0.342143 0.410082 1.940133 0.459599 0.019396 0.883872 0.084637
0.337414 0.407213 1.942914 0.459879 0.017788 0.883591 0.086385
0.332985 0.404412 1.945486 0.460236 0.015590 0.883370 0.087163
0.329067 0.401476 1.947807 0.460309 0.013119 0.883329 0.087599
0.325386 0.398486 1.949583 0.460222 0.010778 0.883284 0.088822
0.321720 0.396189 1.950047 0.460562 0.009984 0.882725 0.092621
0.318218 0.394073 1.950596 0.460733 0.009197 0.882334 0.095540
0.314865 0.391793 1.951344 0.460725 0.007906 0.882140 0.097458
0.311644 0.389340 1.951902 0.460596 0.006290 0.882033 0.099144
0.308402 0.387452 1.951111 0.460812 0.005766 0.881598 0.102000
0.305231 0.385708 1.950536 0.460861 0.005390 0.881323 0.104161
0.302192 0.383720 1.950275 0.460799 0.004546 0.881189 0.105590
0.299320 0.381470 1.950038 0.460731 0.003401 0.881070 0.106918
0.296216 0.379579 1.948813 0.460908 0.003619 0.880596 0.110005
0.293047 0.377906 1.947798 0.460972 0.003943 0.880270 0.112312
0.290023 0.375886 1.947179 0.460949 0.003567 0.880093 0.113800
0.287174 0.373511 1.946754 0.460863 0.002627 0.880008 0.114817
0.284045 0.371217 1.945629 0.460928 0.002551 0.879745 0.116569
0.281023 0.369075 1.944646 0.460804 0.002672 0.879592 0.118195
0.278266 0.366528 1.944012 0.460662 0.002061 0.879508 0.119378
0.275709 0.363730 1.943558 0.460467 0.000990 0.879499 0.120214
0.272819 0.360504 1.942797 0.460497 0.000381 0.879404 0.120796
0.270018 0.357547 1.942143 0.460427 0.000179 0.879256 0.122135
0.267438 0.354329 1.941772 0.460311 -0.000732 0.879178 0.123128
0.265103 0.350915 1.941543 0.460121 -0.002125 0.879146 0.124041
0.262491 0.346717 1.941034 0.460159 -0.003510 0.879171 0.123694
0.260029 0.342892 1.940515 0.459992 -0.004029 0.879063 0.125055
0.257717 0.339091 1.940171 0.459622 -0.004995 0.879099 0.126130
0.255643 0.335093 1.939987 0.459283 -0.006598 0.879115 0.127168
0.253184 0.329923 1.939748 0.459257 -0.009158 0.879350 0.125471
0.250742 0.324834 1.939571 0.459071 -0.010455 0.879281 0.126528
0.248586 0.319770 1.939493 0.458732 -0.012212 0.879251 0.127808
0.246810 0.314489 1.939460 0.458528 -0.014863 0.879151 0.128935
0.245087 0.308663 1.939139 0.458243 -0.017286 0.879058 0.130272
0.243565 0.302508 1.938735 0.457894 -0.019845 0.878969 0.131723
0.242224 0.296034 1.938452 0.457425 -0.022687 0.878838 0.133761
0.240841 0.289363 1.938322 0.456838 -0.025970 0.878746 0.135760
0.239496 0.282467 1.937982 0.456629 -0.029581 0.878418 0.137831
0.238062 0.275571 1.937561 0.456332 -0.033045 0.878072 0.140214
0.236645 0.268454 1.937280 0.455985 -0.036838 0.877685 0.142792
0.235367 0.261606 1.937069 0.455587 -0.040521 0.877295 0.145434
0.234209 0.255356 1.936863 0.455207 -0.043743 0.876899 0.148062
0.233053 0.249839 1.936692 0.454868 -0.046432 0.876541 0.150378
0.231945 0.244918 1.936542 0.454617 -0.048700 0.876192 0.152439
0.230943 0.240444 1.936388 0.454446 -0.050628 0.875830 0.154396
0.230019 0.236193 1.936376 0.454288 -0.052329 0.875417 0.156618
0.229179 0.231725 1.936564 0.454176 -0.054290 0.874913 0.159069
0.228445 0.227401 1.936699 0.454136 -0.056196 0.874394 0.161362
0.227766 0.223383 1.936776 0.454110 -0.057824 0.873893 0.163556
0.227038 0.219644 1.937205 0.454134 -0.059125 0.873329 0.166020
0.226014 0.215826 1.938470 0.454947 -0.060460 0.872305 0.168674
0.224999 0.212120 1.939590 0.455949 -0.061822 0.871320 0.170554
0.224070 0.208635 1.940507 0.456870 -0.062968 0.870452 0.172098
0.222960 0.205357 1.941568 0.457455 -0.063779 0.869679 0.174144
0.221682 0.201754 1.943291 0.458490 -0.064908 0.868649 0.176137
0.220561 0.197812 1.944991 0.459820 -0.066462 0.867607 0.177223
0.219580 0.193948 1.946313 0.460799 -0.068078 0.866868 0.177677
0.218452 0.190356 1.947662 0.461644 -0.068941 0.866070 0.179040
0.216844 0.185665 1.949709 0.462787 -0.070164 0.864763 0.181909
0.215379 0.180797 1.951409 0.464120 -0.071491 0.863404 0.184438
0.214137 0.176174 1.952771 0.465576 -0.072698 0.862144 0.186180
0.213073 0.172229 1.953839 0.466987 -0.073033 0.860952 0.188016
0.211506 0.167699 1.955584 0.468510 -0.073257 0.859435 0.191060
0.210139 0.163375 1.956928 0.470175 -0.073252 0.857994 0.193431
0.209116 0.159832 1.957867 0.471772 -0.072705 0.856860 0.194771
0.208285 0.157001 1.958662 0.473216 -0.071540 0.855976 0.195586
0.207403 0.153747 1.959784 0.474605 -0.070595 0.855120 0.196307
0.206655 0.150616 1.960739 0.476093 -0.069461 0.854346 0.196474
0.206033 0.147825 1.961502 0.477627 -0.068023 0.853748 0.195858
0.205502 0.145192 1.962097 0.479046 -0.066569 0.853394 0.194426
0.204251 0.141709 1.963165 0.480420 -0.065793 0.853299 0.191699
0.202696 0.138262 1.964242 0.482135 -0.064787 0.853471 0.186910
0.201549 0.134964 1.965070 0.483925 -0.063289 0.853569 0.182290
0.200811 0.131722 1.965687 0.485621 -0.061445 0.853614 0.178159
0.200085 0.127398 1.966555 0.487375 -0.060020 0.853621 0.173765
0.199618 0.122777 1.967158 0.489212 -0.058396 0.853610 0.169147
0.199381 0.118354 1.967450 0.490839 -0.056561 0.853818 0.163927
0.199303 0.114134 1.967528 0.492196 -0.054606 0.854273 0.158049
0.199189 0.109196 1.967838 0.493436 -0.052844 0.854976 0.150814
0.199181 0.104016 1.967973 0.494629 -0.050770 0.855692 0.143371
0.199302 0.098916 1.967787 0.495584 -0.048561 0.856480 0.135945
0.199456 0.094077 1.967486 0.496263 -0.045988 0.857312 0.128931
0.199649 0.088980 1.967282 0.496771 -0.043187 0.858210 0.121779
0.199945 0.083937 1.966959 0.497134 -0.039996 0.859088 0.115005
0.200332 0.079428 1.966497 0.497266 -0.036439 0.859916 0.109290
0.200712 0.075410 1.965961 0.497150 -0.032857 0.860674 0.104891
0.201034 0.070870 1.965605 0.496904 -0.029590 0.861419 0.100842
0.201339 0.066239 1.965299 0.496692 -0.026064 0.862008 0.097776
0.201225 0.062284 1.965022 0.496283 -0.022578 0.862613 0.095350
0.200978 0.058996 1.964828 0.495989 -0.019197 0.863054 0.093616
0.200775 0.055759 1.964811 0.495821 -0.016048 0.863372 0.092153
0.200632 0.052585 1.964878 0.495783 -0.012820 0.863563 0.091067
0.200212 0.049764 1.964933 0.495599 -0.010102 0.863838 0.089787
0.199505 0.047292 1.965065 0.495418 -0.007849 0.864125 0.088248
0.198751 0.044809 1.965348 0.495280 -0.005947 0.864373 0.086720
0.197914 0.042175 1.965722 0.495135 -0.004337 0.864623 0.085141
0.197144 0.039809 1.966052 0.495079 -0.003071 0.864728 0.084453
0.196564 0.037763 1.966333 0.495100 -0.001974 0.864728 0.084364
0.195644 0.035628 1.966836 0.494781 -0.001171 0.864918 0.084310
0.194161 0.033269 1.967652 0.494145 -0.000459 0.865149 0.085665
0.192427 0.030838 1.968345 0.493404 -0.000570 0.865304 0.088323
0.190682 0.028355 1.968888 0.492586 -0.001588 0.865354 0.092294
0.188737 0.025628 1.969391 0.491375 -0.003764 0.865475 0.097420
0.186583 0.022909 1.970015 0.489617 -0.006568 0.865819 0.102900
0.184850 0.021534 1.970895 0.487897 -0.007889 0.866396 0.106078
0.183188 0.020744 1.971864 0.485925 -0.009115 0.867203 0.108408
0.181309 0.019951 1.972915 0.483337 -0.010870 0.868372 0.110447
0.177361 0.017355 1.974004 0.476491 -0.019981 0.871809 0.111826
0.172469 0.013276 1.974567 0.468256 -0.032700 0.875508 0.114685
0.167633 0.009226 1.974777 0.460124 -0.045602 0.878760 0.118271
0.162969 0.005661 1.974845 0.451960 -0.057957 0.881772 0.121860
0.158365 0.003248 1.975345 0.443710 -0.068109 0.885035 0.123272
0.154345 0.001570 1.975925 0.436784 -0.076040 0.887750 0.123844
0.151032 0.000346 1.976442 0.431174 -0.082217 0.889908 0.124070
0.148294 -0.000429 1.976891 0.426359 -0.087085 0.891772 0.123998
0.145797 0.000496 1.977791 0.421438 -0.090024 0.894045 0.122347
0.143690 0.001972 1.978949 0.417563 -0.091332 0.896020 0.120201
0.141934 0.003377 1.980025 0.414457 -0.092055 0.897654 0.118186
0.140443 0.004635 1.980918 0.411782 -0.092540 0.899052 0.116524
0.138715 0.006202 1.981620 0.408414 -0.093343 0.900744 0.114647
0.137066 0.007728 1.982405 0.405536 -0.093787 0.902264 0.112535
0.135638 0.009061 1.983113 0.403169 -0.094037 0.903533 0.110628
0.134439 0.010230 1.983698 0.401189 -0.094147 0.904594 0.109061
0.133287 0.012474 1.984147 0.398864 -0.093494 0.905860 0.107635
0.132288 0.015064 1.984904 0.397147 -0.091920 0.907019 0.105551
0.131412 0.017375 1.985651 0.395784 -0.090342 0.908004 0.103549
0.130661 0.019344 1.986287 0.394667 -0.088965 0.908822 0.101808
0.129676 0.021413 1.986515 0.392989 -0.088388 0.909933 0.098840
