0.395641 0.337151 1.702040 0.606545 -0.016921 0.794833 -0.007585
0.394555 0.338773 1.701850 0.606672 -0.016920 0.794744 -0.006742
0.393542 0.340284 1.701656 0.606814 -0.016629 0.794646 -0.006241
0.392506 0.342255 1.701653 0.606876 -0.017023 0.794596 -0.005430
0.391435 0.344177 1.701795 0.606843 -0.017444 0.794615 -0.004962
0.390330 0.346039 1.701965 0.606838 -0.017519 0.794614 -0.005466
0.389212 0.347853 1.702075 0.606889 -0.017267 0.794576 -0.006017
0.387944 0.349901 1.702135 0.607059 -0.017862 0.794433 -0.006114
0.386638 0.351899 1.702187 0.607212 -0.018077 0.794309 -0.006314
0.385362 0.353805 1.702194 0.607368 -0.017717 0.794195 -0.006703
0.384206 0.355752 1.702099 0.607572 -0.016913 0.794056 -0.006638
0.383058 0.358030 1.702055 0.607645 -0.016437 0.794016 -0.006042
0.381940 0.360144 1.702062 0.607662 -0.015896 0.794016 -0.005858
0.380852 0.362095 1.702052 0.607678 -0.015091 0.794016 -0.006112
0.379727 0.364193 1.702142 0.607781 -0.014583 0.793944 -0.006504
0.378304 0.366612 1.702672 0.607786 -0.014967 0.793925 -0.007405
0.376781 0.368996 1.703273 0.607760 -0.015139 0.793926 -0.008956
0.375271 0.371273 1.703835 0.607724 -0.015047 0.793930 -0.010923
0.373924 0.373649 1.704234 0.607859 -0.015400 0.793802 -0.012224
0.372551 0.376142 1.704497 0.607912 -0.015583 0.793742 -0.013149
0.371116 0.378570 1.704713 0.607910 -0.015265 0.793726 -0.014579
0.369646 0.380933 1.704898 0.607863 -0.014596 0.793736 -0.016471
0.368309 0.383316 1.705190 0.607863 -0.015165 0.793704 -0.017523
0.367275 0.384978 1.705572 0.607764 -0.015873 0.793797 -0.016048
0.366433 0.386178 1.706019 0.607577 -0.016086 0.793971 -0.014209
0.365653 0.387201 1.706506 0.607357 -0.016084 0.794162 -0.012901
0.364783 0.388367 1.707098 0.607548 -0.017493 0.793977 -0.013403
0.363772 0.389554 1.707725 0.607571 -0.017663 0.793963 -0.012944
0.362694 0.390746 1.708377 0.607461 -0.017199 0.794063 -0.012650
0.361549 0.392015 1.709100 0.607305 -0.017020 0.794171 -0.013487
0.360236 0.393645 1.710023 0.607173 -0.018091 0.794210 -0.015580
0.358674 0.395503 1.710884 0.606833 -0.017354 0.794459 -0.016940
0.356895 0.397697 1.711651 0.606342 -0.015431 0.794826 -0.019058
0.354672 0.400475 1.712274 0.605737 -0.013301 0.795194 -0.023904
0.351382 0.404801 1.711885 0.605004 -0.007271 0.795646 -0.029412
0.347666 0.409954 1.710570 0.604375 0.000581 0.795952 -0.034514
0.344085 0.414878 1.709060 0.603831 0.007957 0.796118 -0.038992
0.340691 0.418639 1.708113 0.603012 0.014709 0.796531 -0.041207
0.337617 0.420957 1.708183 0.601827 0.019193 0.797271 -0.042371
0.335119 0.422697 1.708487 0.600774 0.022412 0.797924 -0.043424
0.333142 0.423996 1.708816 0.599900 0.024787 0.798466 -0.044243
0.331151 0.424018 1.709669 0.598952 0.025995 0.799217 -0.042809
0.328967 0.423540 1.711018 0.597971 0.025356 0.800013 -0.042028
0.326958 0.423290 1.712265 0.597098 0.024893 0.800692 -0.041794
0.325219 0.423153 1.713304 0.596365 0.024597 0.801249 -0.041755
0.322964 0.421977 1.715367 0.594358 0.025456 0.802879 -0.038420
0.320525 0.420644 1.718089 0.592095 0.024770 0.804634 -0.037064
0.318313 0.419595 1.720622 0.590113 0.023998 0.806138 -0.036506
0.316391 0.418735 1.722800 0.588416 0.023465 0.807418 -0.035960
0.313720 0.417035 1.726296 0.585822 0.022822 0.809474 -0.032295
0.310659 0.415688 1.730329 0.583169 0.020806 0.811455 -0.031977
0.307719 0.414777 1.734031 0.580771 0.019118 0.813190 -0.032589
0.305027 0.414007 1.737343 0.578543 0.018248 0.814808 -0.032278
0.301937 0.412451 1.741767 0.575412 0.017636 0.817160 -0.028984
0.298973 0.411112 1.746094 0.572520 0.016558 0.819267 -0.027366
0.296347 0.410044 1.749850 0.570033 0.015570 0.821048 -0.026492
0.293847 0.409110 1.753463 0.567438 0.015248 0.822910 -0.024512
0.290273 0.408462 1.758451 0.563379 0.015085 0.825739 -0.023060
0.286483 0.408330 1.763220 0.559518 0.015016 0.828352 -0.023390
0.282935 0.408480 1.767338 0.556116 0.015136 0.830611 -0.024307
0.279763 0.408762 1.771434 0.552839 0.015984 0.832812 -0.023192
0.276683 0.408822 1.776531 0.549189 0.016274 0.835251 -0.021993
0.273886 0.408695 1.781325 0.545937 0.015933 0.837390 -0.021815
0.271504 0.408521 1.785463 0.543252 0.015442 0.839138 -0.022022
0.269537 0.408668 1.789891 0.540881 0.015655 0.840703 -0.020518
0.267313 0.408939 1.794968 0.537971 0.015643 0.842585 -0.019821
0.265095 0.409233 1.799451 0.535199 0.015569 0.844348 -0.019876
0.263105 0.409576 1.803166 0.532811 0.015604 0.845850 -0.020156
0.261600 0.410617 1.807493 0.530850 0.015366 0.847108 -0.019283
0.259812 0.411679 1.812106 0.528349 0.014883 0.848674 -0.019412
0.258022 0.412684 1.816044 0.525990 0.014642 0.850132 -0.019929
0.256427 0.413629 1.819315 0.523967 0.014608 0.851367 -0.020481
0.255561 0.414712 1.823626 0.521555 0.014481 0.852867 -0.019717
0.254961 0.415026 1.827889 0.518947 0.013547 0.854483 -0.019223
0.254584 0.415088 1.831419 0.516727 0.012581 0.855854 -0.018666
0.254434 0.415261 1.834426 0.514921 0.011820 0.856969 -0.017898
0.254508 0.416426 1.838511 0.512398 0.011607 0.858505 -0.016826
0.254347 0.417303 1.842271 0.509760 0.011350 0.860087 -0.016340
0.254131 0.418043 1.845412 0.507478 0.011186 0.861443 -0.016024
0.254060 0.419043 1.848184 0.505564 0.011364 0.862581 -0.015194
0.254447 0.420832 1.851082 0.503686 0.012365 0.863689 -0.013708
0.254861 0.422222 1.853533 0.502058 0.013141 0.864644 -0.012484
0.255247 0.423326 1.855547 0.500691 0.013745 0.865441 -0.011453
0.255810 0.424832 1.857587 0.499403 0.014486 0.866186 -0.010464
0.256616 0.426693 1.860117 0.497801 0.015530 0.867096 -0.009830
0.257371 0.427974 1.862445 0.496426 0.016069 0.867879 -0.009379
0.258041 0.428910 1.864453 0.495273 0.016367 0.868536 -0.009012
0.258927 0.430336 1.866776 0.493616 0.017063 0.869469 -0.008724
0.260252 0.431501 1.869446 0.491595 0.017753 0.870602 -0.008434
0.261714 0.431990 1.871835 0.490051 0.017759 0.871477 -0.007920
0.263120 0.432154 1.873872 0.488851 0.017493 0.872161 -0.007313
0.264911 0.433128 1.876303 0.487892 0.017287 0.872707 -0.006670
0.266768 0.433796 1.878939 0.486963 0.016849 0.873239 -0.006182
0.268446 0.434022 1.881341 0.486196 0.016111 0.873682 -0.005740
0.269899 0.434082 1.883422 0.485546 0.015364 0.874060 -0.005342
0.271500 0.435657 1.886173 0.483998 0.015785 0.874907 -0.005887
0.272885 0.436926 1.888879 0.482287 0.016349 0.875836 -0.006562
0.274069 0.437806 1.891255 0.480853 0.016638 0.876615 -0.007083
0.275138 0.438634 1.893339 0.479660 0.016817 0.877262 -0.007495
0.276901 0.440388 1.895837 0.478263 0.017540 0.878005 -0.007950
0.278841 0.441366 1.898110 0.477124 0.017799 0.878620 -0.007943
0.280724 0.441848 1.900063 0.476280 0.017691 0.879083 -0.007663
0.282578 0.442430 1.901868 0.475563 0.017503 0.879476 -0.007464
0.284816 0.443561 1.903993 0.474450 0.017842 0.880069 -0.007568
0.287049 0.444068 1.905886 0.473585 0.017781 0.880538 -0.007305
0.289103 0.444241 1.907505 0.472936 0.017508 0.880895 -0.006867
0.291205 0.444971 1.909022 0.472378 0.017687 0.881193 -0.006703
0.293622 0.446485 1.910379 0.471650 0.019154 0.881554 -0.006506
0.295884 0.447584 1.911394 0.471134 0.020327 0.881807 -0.006025
0.297879 0.448415 1.912170 0.470766 0.021261 0.881985 -0.005475
0.300132 0.449826 1.913087 0.470346 0.022256 0.882182 -0.005755
0.303049 0.450953 1.914093 0.469914 0.023226 0.882388 -0.005747
0.306051 0.451306 1.914967 0.469796 0.023484 0.882448 -0.005161
0.308854 0.451262 1.915724 0.469829 0.023383 0.882437 -0.004359
0.312049 0.452173 1.916719 0.469737 0.023820 0.882474 -0.004299
0.315524 0.452804 1.917666 0.469588 0.024445 0.882539 -0.003802
0.318831 0.452890 1.918462 0.469634 0.024585 0.882514 -0.002949
0.321780 0.452730 1.919136 0.469750 0.024511 0.882456 -0.002025
0.325580 0.453592 1.919819 0.469748 0.025040 0.882442 -0.002501
0.329968 0.453616 1.920139 0.470007 0.025380 0.882296 -0.001702
0.334311 0.453029 1.920280 0.470544 0.025157 0.882017 -0.000281
0.338358 0.452343 1.920399 0.471181 0.024526 0.881695 0.001028
0.342816 0.452745 1.920816 0.471609 0.024191 0.881475 0.001323
0.347046 0.452605 1.921159 0.472009 0.023812 0.881269 0.002157
0.350820 0.452168 1.921458 0.472424 0.023285 0.881058 0.003163
0.354294 0.451970 1.921819 0.472838 0.022402 0.880858 0.003370
0.358537 0.452090 1.922290 0.473109 0.021287 0.880743 0.002426
0.362925 0.451380 1.922592 0.473583 0.019891 0.880521 0.002663
0.367039 0.450288 1.922820 0.474129 0.018399 0.880256 0.003453
0.371158 0.449786 1.923050 0.474793 0.017227 0.879919 0.004206
0.375924 0.449934 1.922869 0.475486 0.017352 0.879533 0.005737
0.380529 0.449625 1.922351 0.476301 0.017354 0.879077 0.007779
0.384665 0.449127 1.921740 0.477099 0.017289 0.878624 0.009844
0.388754 0.449398 1.921262 0.477729 0.017607 0.878269 0.010435
0.393194 0.449783 1.920541 0.478135 0.018788 0.878016 0.010958
0.397469 0.449652 1.919652 0.478717 0.019576 0.877668 0.012129
0.401309 0.449293 1.918778 0.479324 0.020119 0.877304 0.013475
0.405288 0.449495 1.918109 0.480302 0.020375 0.876762 0.013550
0.409353 0.449388 1.917413 0.481333 0.020535 0.876187 0.013852
0.413094 0.448923 1.916749 0.482305 0.020469 0.875643 0.014577
0.416361 0.448342 1.916173 0.483150 0.020331 0.875166 0.015409
0.419559 0.448414 1.916029 0.483627 0.021291 0.874883 0.015220
0.422644 0.448051 1.916016 0.483929 0.022111 0.874694 0.015275
0.425449 0.447399 1.916074 0.484216 0.022537 0.874518 0.015626
0.427078 0.447372 1.916291 0.483706 0.024172 0.874769 0.014903
0.427898 0.448015 1.916717 0.483420 0.025698 0.874907 0.013519
0.428395 0.448694 1.917134 0.483205 0.026864 0.875009 0.012278
0.428695 0.449345 1.917524 0.482970 0.027899 0.875121 0.011239
0.428833 0.449996 1.917880 0.482628 0.029076 0.875281 0.010437
0.428903 0.450462 1.918236 0.482009 0.030393 0.875588 0.009439
0.428911 0.450932 1.918531 0.481368 0.031721 0.875905 0.008303
0.428802 0.451589 1.918612 0.481026 0.032605 0.876072 0.006988
0.428909 0.451625 1.918777 0.481054 0.032201 0.876083 0.005369
0.428893 0.451551 1.918861 0.480806 0.032845 0.876197 0.005024
0.428889 0.451525 1.918922 0.480549 0.033589 0.876309 0.005287
0.428887 0.451536 1.918952 0.480337 0.034160 0.876402 0.005492
0.428444 0.451348 1.918971 0.480110 0.034643 0.876510 0.005021
0.427757 0.450989 1.919011 0.479791 0.035544 0.876638 0.006555
0.427274 0.450663 1.919029 0.479633 0.035998 0.876697 0.007675
0.426957 0.450342 1.919029 0.479565 0.036221 0.876715 0.008744
0.425651 0.449534 1.919047 0.479362 0.036446 0.876810 0.009357
0.424475 0.448499 1.918873 0.479539 0.036785 0.876654 0.012924
0.423540 0.447788 1.918523 0.479529 0.037356 0.876592 0.015586
0.422813 0.447147 1.918217 0.479579 0.037522 0.876518 0.017644
0.420836 0.445614 1.918123 0.479320 0.037195 0.876621 0.020072
0.418922 0.444132 1.918108 0.479353 0.037279 0.876507 0.023827
0.417199 0.443083 1.918017 0.479428 0.037554 0.876358 0.027125
0.415696 0.442114 1.917953 0.479576 0.037337 0.876215 0.029330
0.412815 0.440537 1.917893 0.479109 0.037066 0.876388 0.032035
0.410095 0.438700 1.917982 0.478695 0.036922 0.876500 0.035155
0.407575 0.437142 1.918169 0.478120 0.037629 0.876633 0.038720
0.405268 0.435740 1.918266 0.477879 0.037819 0.876608 0.041954
0.401792 0.434112 1.918371 0.477807 0.036974 0.876532 0.045013
0.398406 0.432364 1.918633 0.477825 0.036269 0.876400 0.047849
0.395266 0.430839 1.918945 0.477688 0.036389 0.876272 0.051353
0.392140 0.429490 1.919097 0.477526 0.036422 0.876153 0.054751
0.388287 0.427882 1.919004 0.477625 0.035615 0.875968 0.057325
0.384697 0.426284 1.918929 0.477629 0.035430 0.875743 0.060743
0.381550 0.424901 1.918830 0.477472 0.035783 0.875508 0.065006
0.378100 0.423480 1.918812 0.477186 0.035429 0.875495 0.067427
0.374146 0.421730 1.919079 0.477207 0.034894 0.875222 0.071014
0.370519 0.420148 1.919274 0.477188 0.034468 0.874922 0.074941
0.367451 0.418481 1.919593 0.477342 0.033597 0.874599 0.078054
0.363876 0.416529 1.921624 0.477180 0.032759 0.874534 0.080106
0.359703 0.413729 1.925290 0.477423 0.030359 0.874270 0.082449
0.355433 0.410561 1.929303 0.477096 0.026994 0.874481 0.083275
0.351373 0.407485 1.932951 0.476317 0.023666 0.874978 0.083524
0.347226 0.405034 1.935245 0.476435 0.021226 0.874745 0.085912
0.343188 0.402921 1.937251 0.476842 0.019168 0.874308 0.088546
0.339224 0.400448 1.939604 0.476843 0.016470 0.874212 0.090015
0.335551 0.397572 1.941943 0.476524 0.013258 0.874354 0.090849
0.331996 0.395342 1.942506 0.476879 0.010811 0.873948 0.093182
0.328572 0.393372 1.943041 0.476978 0.008791 0.873761 0.094641
0.325308 0.391194 1.943815 0.476903 0.006522 0.873738 0.095414
0.322190 0.388776 1.944546 0.476772 0.004004 0.873733 0.096248
0.318916 0.386642 1.944358 0.476901 0.002010 0.873470 0.098047
0.315742 0.384525 1.944367 0.476858 0.000147 0.873365 0.099198
0.312751 0.382147 1.944605 0.476669 -0.002009 0.873399 0.099784
0.309788 0.379542 1.944664 0.476581 -0.004150 0.873312 0.100896
0.306416 0.377436 1.944029 0.476765 -0.004881 0.872867 0.103796
0.303128 0.375267 1.943695 0.476710 -0.005786 0.872654 0.105774
0.300114 0.372724 1.943616 0.476572 -0.007250 0.872554 0.107127
0.297000 0.369900 1.943209 0.476672 -0.008762 0.872347 0.108246
0.293394 0.367554 1.942361 0.476955 -0.009371 0.872064 0.109228
0.289940 0.364978 1.941919 0.477067 -0.010471 0.871938 0.109645
0.286754 0.362093 1.941724 0.477068 -0.012113 0.871899 0.109776
0.283294 0.358833 1.941349 0.477081 -0.013138 0.871790 0.110474
0.279528 0.355898 1.940939 0.477120 -0.013275 0.871565 0.112044
0.276121 0.352660 1.940773 0.477083 -0.014092 0.871403 0.113360
0.273062 0.349184 1.940726 0.476930 -0.015524 0.871338 0.114311
0.269452 0.344886 1.940624 0.476972 -0.017082 0.871448 0.113072
0.265608 0.340919 1.940688 0.476601 -0.018002 0.871683 0.112677
0.262186 0.336671 1.940905 0.476170 -0.019875 0.871966 0.111992
0.259217 0.332032 1.941194 0.475706 -0.022527 0.872246 0.111281
0.255973 0.326509 1.941347 0.475998 -0.024422 0.872124 0.110584
0.252764 0.320855 1.941711 0.475677 -0.026077 0.872252 0.110582
0.249870 0.314918 1.942201 0.474925 -0.028715 0.872640 0.110094
0.247359 0.308729 1.942594 0.474326 -0.032148 0.872907 0.109611
0.244736 0.302275 1.942402 0.474149 -0.034729 0.872879 0.109820
0.242153 0.296020 1.942268 0.473671 -0.036920 0.872942 0.110656
0.239749 0.289494 1.942254 0.473204 -0.039470 0.872930 0.111862
0.237524 0.282754 1.942308 0.472790 -0.042327 0.872819 0.113423
0.235122 0.275697 1.942434 0.472410 -0.045516 0.872634 0.115183
0.232946 0.268889 1.942629 0.472105 -0.048752 0.872426 0.116679
0.231057 0.262739 1.942768 0.471895 -0.051492 0.872185 0.118142
0.229137 0.256719 1.943054 0.471680 -0.053967 0.871847 0.120369
0.226794 0.249982 1.943848 0.471678 -0.057420 0.871359 0.122288
0.224666 0.243662 1.944570 0.471875 -0.060512 0.870786 0.124110
0.222911 0.238005 1.945053 0.472095 -0.062875 0.870217 0.126080
0.220964 0.232230 1.945937 0.472339 -0.065025 0.869476 0.129148
0.218631 0.225883 1.947337 0.473134 -0.067903 0.868440 0.131697
0.216517 0.220016 1.948456 0.474048 -0.070497 0.867469 0.133438
0.214704 0.214786 1.949273 0.474890 -0.072486 0.866627 0.134845
0.212437 0.208675 1.950716 0.476114 -0.075014 0.865376 0.137160
0.209867 0.201766 1.952372 0.478097 -0.078779 0.863902 0.137441
0.207645 0.195566 1.953547 0.479774 -0.081512 0.862617 0.138077
0.205877 0.190159 1.954337 0.481216 -0.083084 0.861425 0.139554
0.203436 0.183428 1.956026 0.483144 -0.085615 0.859767 0.141576
0.200970 0.176288 1.957519 0.485826 -0.088690 0.857932 0.141633
0.198855 0.170205 1.958456 0.488054 -0.090337 0.856388 0.142274
0.197011 0.165012 1.959223 0.489866 -0.090721 0.855040 0.143905
0.194343 0.159398 1.960723 0.492256 -0.090324 0.853178 0.147015
0.192055 0.154456 1.961836 0.495012 -0.089018 0.851275 0.149563
0.190240 0.150482 1.962653 0.497778 -0.086754 0.849558 0.151465
0.188636 0.147011 1.963387 0.500176 -0.084083 0.848147 0.152970
0.186301 0.142521 1.964457 0.502569 -0.082542 0.847088 0.151831
0.183730 0.137969 1.965406 0.504999 -0.081418 0.846486 0.147675
0.181310 0.133421 1.966126 0.507334 -0.080554 0.846170 0.141849
0.179157 0.128160 1.966767 0.509532 -0.080447 0.845901 0.135486
0.176863 0.121119 1.967567 0.511832 -0.082026 0.845548 0.127863
0.174763 0.113664 1.968022 0.513571 -0.083967 0.845276 0.121256
0.172909 0.106448 1.968177 0.514495 -0.085495 0.845147 0.117101
0.171146 0.098660 1.968252 0.515703 -0.087302 0.844749 0.113263
0.169058 0.089915 1.968063 0.516188 -0.090011 0.844613 0.109893
0.166826 0.081856 1.967622 0.515005 -0.092694 0.845297 0.107938
0.164643 0.074763 1.967073 0.512775 -0.095058 0.846574 0.106474
0.162471 0.067444 1.966607 0.511293 -0.097072 0.847478 0.104577
0.159751 0.059871 1.965975 0.508295 -0.100142 0.849133 0.102867
0.157213 0.053134 1.965176 0.504711 -0.102857 0.851106 0.101514
0.155089 0.047387 1.964297 0.501145 -0.104719 0.853131 0.100271
0.153384 0.041357 1.963825 0.498820 -0.105553 0.854598 0.098485
0.151605 0.035650 1.963150 0.495543 -0.106662 0.856508 0.097231
0.150071 0.030773 1.962383 0.492001 -0.107281 0.858583 0.096238
0.148851 0.026571 1.961654 0.488622 -0.107177 0.860638 0.095208
0.147629 0.022344 1.961445 0.485797 -0.105891 0.862632 0.093027
0.146196 0.018659 1.961234 0.482607 -0.104492 0.864636 0.092603
0.144870 0.015650 1.961112 0.480075 -0.102327 0.866066 0.094799
0.143710 0.013077 1.961184 0.478240 -0.099365 0.867070 0.097990
0.142196 0.010290 1.961557 0.476121 -0.097193 0.868456 0.098219
0.140534 0.007873 1.961888 0.473788 -0.096083 0.869836 0.098376
0.139052 0.005890 1.962191 0.471739 -0.095408 0.871006 0.098530
0.137503 0.004348 1.962807 0.469585 -0.094685 0.872258 0.098436
0.135296 0.003351 1.964048 0.466629 -0.094052 0.873983 0.097799
0.133204 0.002640 1.965219 0.463905 -0.093643 0.875558 0.097068
0.131409 0.002084 1.966219 0.461608 -0.093361 0.876874 0.096409
0.129563 0.001908 1.967335 0.459401 -0.092382 0.878296 0.094939
0.127232 0.002261 1.968773 0.456815 -0.090993 0.880079 0.092209
0.125054 0.002679 1.970111 0.454429 -0.089853 0.881691 0.089673
0.123194 0.003027 1.971244 0.452416 -0.088956 0.883031 0.087537
0.121219 0.003713 1.972455 0.449750 -0.088123 0.884750 0.084719
0.119099 0.004643 1.973831 0.446945 -0.087231 0.886564 0.081452
0.117226 0.005468 1.975051 0.444551 -0.086455 0.888098 0.078625
0.115649 0.006153 1.976066 0.442578 -0.085814 0.889347 0.076312
0.114077 0.007397 1.976789 0.440819 -0.084788 0.890447 0.074801
0.112610 0.008802 1.977622 0.439341 -0.083459 0.891465 0.072825
