-0.052281 0.371096 1.462449 0.705120 0.009991 0.708935 0.010843
-0.052203 0.371045 1.462951 0.705163 0.009771 0.708898 0.010658
-0.052121 0.370996 1.463354 0.705194 0.009544 0.708872 0.010535
-0.052282 0.371054 1.463340 0.705407 0.009486 0.708660 0.010590
-0.052627 0.371202 1.463202 0.705606 0.009756 0.708461 0.010439
-0.053003 0.371366 1.463062 0.705773 0.010107 0.708293 0.010215
-0.053349 0.371522 1.462943 0.705894 0.010450 0.708170 0.009955
-0.053594 0.371770 1.463069 0.705710 0.011309 0.708347 0.009461
-0.053718 0.371962 1.463279 0.705562 0.011881 0.708491 0.009055
-0.053777 0.372098 1.463472 0.705446 0.012262 0.708604 0.008763
-0.053803 0.372199 1.463637 0.705347 0.012514 0.708701 0.008537
-0.053769 0.372384 1.463604 0.705191 0.012203 0.708869 0.007845
-0.053680 0.372545 1.463486 0.705070 0.011981 0.708998 0.007380
-0.053580 0.372663 1.463377 0.704974 0.011787 0.709100 0.007066
-0.053484 0.372755 1.463285 0.704897 0.011622 0.709182 0.006841
-0.053307 0.373061 1.463241 0.704823 0.011633 0.709261 0.006270
-0.052978 0.373353 1.463239 0.704795 0.011513 0.709293 0.005848
-0.052616 0.373556 1.463251 0.704773 0.011299 0.709320 0.005626
-0.052278 0.373705 1.463265 0.704753 0.011073 0.709345 0.005509
-0.052102 0.374049 1.463343 0.704782 0.010704 0.709331 0.004165
-0.052085 0.374447 1.463501 0.704902 0.010417 0.709224 0.002596
-0.052116 0.374797 1.463651 0.705004 0.010219 0.709128 0.001269
-0.052153 0.375090 1.463779 0.705080 0.010072 0.709056 0.000198
-0.052044 0.375997 1.463455 0.705126 0.011423 0.708990 -0.001078
-0.051529 0.377000 1.462824 0.705216 0.012993 0.708871 -0.001912
-0.050862 0.377720 1.462267 0.705280 0.014016 0.708787 -0.002216
-0.050200 0.378254 1.461805 0.705320 0.014696 0.708733 -0.002275
-0.049627 0.379591 1.460972 0.705356 0.016073 0.708664 -0.003265
-0.048943 0.381391 1.459842 0.705578 0.017912 0.708391 -0.004580
-0.048204 0.382825 1.458862 0.705790 0.019250 0.708139 -0.005381
-0.047503 0.383960 1.458043 0.705972 0.020215 0.707927 -0.005854
-0.046979 0.385731 1.456740 0.706101 0.021930 0.707735 -0.007214
-0.046571 0.388046 1.454768 0.706362 0.024801 0.707360 -0.008969
-0.046157 0.389940 1.452996 0.706625 0.027178 0.706993 -0.010168
-0.045760 0.391466 1.451499 0.706854 0.029049 0.706677 -0.010985
-0.045360 0.393468 1.449799 0.707214 0.030757 0.706215 -0.012777
-0.044703 0.396001 1.447694 0.707887 0.032815 0.705400 -0.015175
-0.043885 0.398009 1.445867 0.708478 0.034297 0.704701 -0.016702
-0.043062 0.399592 1.444341 0.708966 0.035343 0.704134 -0.017665
-0.042318 0.401643 1.442624 0.709287 0.036209 0.703735 -0.018930
-0.041522 0.404624 1.440357 0.709880 0.037793 0.702997 -0.020922
-0.040635 0.407073 1.438376 0.710450 0.039004 0.702313 -0.022263
-0.039774 0.409039 1.436718 0.710949 0.039859 0.701733 -0.023114
-0.038955 0.411318 1.434978 0.711065 0.040540 0.701532 -0.024436
-0.037703 0.414581 1.432666 0.711171 0.042087 0.701256 -0.026531
-0.036135 0.417165 1.430657 0.711376 0.042991 0.700951 -0.027653
-0.034569 0.419181 1.428986 0.711595 0.043439 0.700680 -0.028165
-0.033164 0.421373 1.427279 0.711474 0.043524 0.700765 -0.028957
-0.031744 0.424830 1.424820 0.711372 0.044718 0.700710 -0.030916
-0.030198 0.427682 1.422645 0.711454 0.045595 0.700512 -0.032194
-0.028717 0.429957 1.420829 0.711591 0.046113 0.700306 -0.032932
-0.027408 0.432247 1.419136 0.711387 0.046176 0.700462 -0.033901
-0.026186 0.435864 1.417232 0.711024 0.046691 0.700664 -0.036531
-0.024887 0.438960 1.415727 0.710914 0.046946 0.700641 -0.038705
-0.023636 0.441474 1.414518 0.710882 0.046967 0.700585 -0.040270
-0.022495 0.443879 1.413307 0.710611 0.046911 0.700774 -0.041804
-0.021011 0.447641 1.411110 0.710106 0.048423 0.701015 -0.044526
-0.019098 0.450691 1.409129 0.709909 0.049396 0.701036 -0.046221
-0.017139 0.453058 1.407492 0.709825 0.049816 0.701032 -0.047122
-0.015334 0.455184 1.406000 0.709622 0.050019 0.701175 -0.047840
-0.013267 0.458946 1.403586 0.709244 0.052326 0.701261 -0.049686
-0.010624 0.462049 1.401472 0.709219 0.053810 0.701100 -0.050723
-0.007904 0.464403 1.399764 0.709254 0.054467 0.700995 -0.050975
-0.005395 0.466373 1.398278 0.709242 0.054640 0.700977 -0.051188
-0.002888 0.469607 1.395493 0.709435 0.056129 0.700456 -0.053967
-0.000080 0.472200 1.392732 0.709925 0.057409 0.699726 -0.055630
0.002663 0.474134 1.390397 0.710410 0.058073 0.699117 -0.056395
0.005129 0.475700 1.388432 0.710802 0.058387 0.698655 -0.056859
0.007581 0.478980 1.385796 0.710665 0.061114 0.698372 -0.059133
0.010884 0.481860 1.383500 0.710987 0.063054 0.697737 -0.060699
0.014527 0.483903 1.381711 0.711283 0.063733 0.697339 -0.061093
0.018010 0.485398 1.380289 0.711537 0.063764 0.697092 -0.060928
0.021219 0.488263 1.378177 0.711615 0.065296 0.696619 -0.063735
0.025127 0.490865 1.376251 0.712181 0.066485 0.695727 -0.065889
0.029478 0.492643 1.374761 0.712691 0.066461 0.695134 -0.066655
0.033676 0.493842 1.373612 0.713100 0.065813 0.694780 -0.066622
0.037348 0.496257 1.371359 0.713258 0.066612 0.694274 -0.069353
0.041401 0.498533 1.368797 0.714049 0.067864 0.693108 -0.071621
0.045811 0.500017 1.366651 0.714807 0.068067 0.692216 -0.072482
0.050032 0.500966 1.364935 0.715438 0.067646 0.691601 -0.072531
0.053754 0.503133 1.362824 0.715532 0.068988 0.691173 -0.074390
0.057852 0.505483 1.360917 0.716094 0.070594 0.690202 -0.076468
0.062428 0.507063 1.359479 0.716620 0.070908 0.689529 -0.077310
0.066897 0.508058 1.358405 0.717016 0.070469 0.689163 -0.077311
0.070853 0.510121 1.356730 0.717290 0.070282 0.688670 -0.079310
0.074884 0.512608 1.354891 0.718255 0.070577 0.687305 -0.082101
0.079499 0.514356 1.353406 0.719215 0.069972 0.686177 -0.083642
0.084215 0.515405 1.352297 0.719934 0.068688 0.685501 -0.084060
0.088616 0.517012 1.350912 0.720131 0.068689 0.685213 -0.084705
0.093253 0.518915 1.349560 0.720670 0.069360 0.684456 -0.085699
0.098232 0.520102 1.348594 0.721120 0.068985 0.684010 -0.085769
0.103008 0.520769 1.347912 0.721416 0.068054 0.683860 -0.085218
0.107425 0.521951 1.346731 0.721655 0.067509 0.683619 -0.085565
0.112231 0.523320 1.345052 0.722561 0.067445 0.682565 -0.086378
0.117414 0.523929 1.343682 0.723331 0.066522 0.681876 -0.086103
0.122384 0.524070 1.342634 0.723883 0.065153 0.681533 -0.085213
0.126925 0.524898 1.341362 0.724185 0.064305 0.681313 -0.085049
0.131573 0.526518 1.339998 0.725057 0.064015 0.680266 -0.086215
0.136334 0.527514 1.339062 0.725708 0.063028 0.679613 -0.086607
0.140780 0.528083 1.338394 0.726156 0.061762 0.679268 -0.086476
0.144850 0.529069 1.337479 0.726335 0.061271 0.679122 -0.086460
0.148943 0.530678 1.336325 0.726868 0.061757 0.678418 -0.087160
0.152895 0.531781 1.335511 0.727258 0.061661 0.677979 -0.087395
0.156465 0.532550 1.334912 0.727540 0.061289 0.677717 -0.087347
0.159784 0.533613 1.334027 0.727766 0.061079 0.677475 -0.087488
0.163791 0.534990 1.332406 0.728722 0.061003 0.676387 -0.088003
0.168090 0.535591 1.331075 0.729482 0.060233 0.675685 -0.087622
0.172200 0.535777 1.330045 0.730029 0.059140 0.675295 -0.086818
0.176015 0.536204 1.328951 0.730411 0.058224 0.675020 -0.086351
0.180238 0.537276 1.327393 0.731412 0.057655 0.673894 -0.087059
0.184620 0.537710 1.326187 0.732179 0.056546 0.673161 -0.087014
0.188745 0.537785 1.325268 0.732721 0.055228 0.672741 -0.086538
0.192477 0.538043 1.324349 0.733039 0.054425 0.672525 -0.086030
0.196166 0.539223 1.323075 0.733813 0.055156 0.671564 -0.086472
0.199771 0.539984 1.322159 0.734435 0.055315 0.670851 -0.086624
0.203062 0.540454 1.321479 0.734884 0.055156 0.670386 -0.086523
0.206028 0.541017 1.320783 0.735148 0.055050 0.670119 -0.086420
0.209546 0.542284 1.319417 0.736014 0.055569 0.669039 -0.087077
0.213464 0.542806 1.318356 0.736733 0.055285 0.668279 -0.087011
0.217307 0.542883 1.317580 0.737207 0.054563 0.667886 -0.086465
0.220860 0.542932 1.316907 0.737432 0.053776 0.667786 -0.085813
0.224559 0.543997 1.315934 0.737791 0.053425 0.667359 -0.086271
0.228266 0.544657 1.315335 0.738077 0.052646 0.667073 -0.086509
0.231708 0.545005 1.314941 0.738220 0.051714 0.666996 -0.086445
0.234770 0.545294 1.314590 0.738256 0.050930 0.667045 -0.086228
0.238077 0.546601 1.313396 0.738723 0.051296 0.666477 -0.086393
0.241547 0.547326 1.312363 0.739332 0.051100 0.665827 -0.086325
0.244875 0.547651 1.311591 0.739759 0.050571 0.665443 -0.085939
0.247884 0.547820 1.310989 0.740049 0.049983 0.665226 -0.085464
0.251094 0.548871 1.310036 0.740760 0.051036 0.664321 -0.085709
0.254666 0.549389 1.309446 0.741412 0.051367 0.663566 -0.085729
0.258210 0.549471 1.309093 0.741785 0.051171 0.663218 -0.085317
0.261467 0.549339 1.308856 0.742016 0.050750 0.663066 -0.084744
0.264793 0.549817 1.308276 0.742107 0.050886 0.663002 -0.084356
0.268191 0.549947 1.307867 0.742285 0.050593 0.662881 -0.083919
0.271399 0.549815 1.307612 0.742351 0.050038 0.662929 -0.083289
0.274257 0.549583 1.307445 0.742372 0.049412 0.663032 -0.082649
0.277013 0.550215 1.306883 0.742276 0.049978 0.663175 -0.082026
0.279652 0.550784 1.306442 0.742401 0.050269 0.663048 -0.081734
0.282052 0.551148 1.306163 0.742463 0.050310 0.663015 -0.081415
0.284138 0.551403 1.305965 0.742500 0.050246 0.663013 -0.081134
0.286243 0.552132 1.305293 0.742768 0.051215 0.662577 -0.081648
0.288791 0.552440 1.304597 0.743274 0.051919 0.661904 -0.082039
0.291482 0.552308 1.304102 0.743583 0.052051 0.661563 -0.081906
0.294052 0.551983 1.303762 0.743769 0.051875 0.661413 -0.081547
0.296555 0.551863 1.303238 0.743889 0.051992 0.661284 -0.081419
0.299207 0.551533 1.302728 0.744134 0.051893 0.661040 -0.081224
0.301798 0.551006 1.302386 0.744268 0.051495 0.660975 -0.080777
0.304162 0.550434 1.302151 0.744334 0.050986 0.661003 -0.080261
0.306250 0.550122 1.301738 0.744292 0.051104 0.661058 -0.080129
0.308216 0.549811 1.301245 0.744369 0.051538 0.660943 -0.080083
0.310034 0.549426 1.300857 0.744426 0.051724 0.660885 -0.079909
0.311631 0.549056 1.300563 0.744469 0.051768 0.660856 -0.079714
0.312954 0.548867 1.300108 0.744392 0.051783 0.660886 -0.080175
0.314038 0.548691 1.299388 0.744494 0.052039 0.660677 -0.080787
0.314957 0.548523 1.298768 0.744658 0.052196 0.660421 -0.081269
0.315120 0.549123 1.298612 0.744785 0.053374 0.660046 -0.082379
0.314763 0.550002 1.298491 0.744779 0.054931 0.659686 -0.084271
0.315213 0.549942 1.298189 0.744502 0.054956 0.659829 -0.085569
0.315815 0.549809 1.297993 0.744326 0.054858 0.659887 -0.086714
0.316241 0.549821 1.297903 0.744196 0.054787 0.659893 -0.087819
0.316446 0.549767 1.297825 0.744130 0.055278 0.659745 -0.089162
0.316312 0.549903 1.297928 0.744109 0.054946 0.659421 -0.091907
0.316034 0.550207 1.298102 0.743979 0.054268 0.659267 -0.094436
0.315701 0.550549 1.298265 0.743829 0.053779 0.659174 -0.096512
0.315084 0.550632 1.298432 0.743651 0.054138 0.659072 -0.098368
0.313761 0.550454 1.298503 0.743546 0.053879 0.658797 -0.101102
0.312425 0.550413 1.298499 0.743354 0.053387 0.658706 -0.103348
0.311239 0.550423 1.298494 0.743209 0.052922 0.658614 -0.105204
0.309944 0.550278 1.298662 0.743003 0.053146 0.658571 -0.106802
0.307903 0.549945 1.299233 0.742817 0.053308 0.658347 -0.109363
0.305899 0.549808 1.299621 0.742551 0.053519 0.658278 -0.111458
0.304053 0.549790 1.299902 0.742336 0.053866 0.658200 -0.113173
0.302159 0.549773 1.300297 0.742195 0.054097 0.658034 -0.114943
0.299398 0.549570 1.300959 0.742304 0.052275 0.657472 -0.118247
0.296721 0.549494 1.301306 0.742297 0.051036 0.657111 -0.120811
0.294219 0.549588 1.301556 0.742335 0.050287 0.656718 -0.123012
0.291810 0.549711 1.301908 0.742258 0.049884 0.656498 -0.124802
0.288486 0.549556 1.302612 0.742077 0.048792 0.656416 -0.126724
0.285288 0.549451 1.302893 0.742091 0.047994 0.656130 -0.128416
0.282340 0.549512 1.303067 0.742170 0.047678 0.655768 -0.129916
0.279612 0.549629 1.303311 0.742159 0.047527 0.655541 -0.131178
0.275525 0.549609 1.303827 0.741904 0.046715 0.655612 -0.132546
0.271218 0.549765 1.303808 0.741878 0.046338 0.655391 -0.133909
0.267228 0.550067 1.303705 0.741878 0.046277 0.655130 -0.135203
0.263647 0.550441 1.303712 0.741846 0.046267 0.654917 -0.136409
0.259295 0.550678 1.304135 0.741766 0.045491 0.654888 -0.137247
0.254768 0.551034 1.304046 0.741977 0.045231 0.654448 -0.138280
0.250638 0.551444 1.303855 0.742176 0.045299 0.654012 -0.139253
0.247011 0.551853 1.303713 0.742322 0.045494 0.653645 -0.140133
0.242704 0.552344 1.304386 0.742290 0.044593 0.653611 -0.140746
0.237847 0.553219 1.304708 0.742566 0.044476 0.653020 -0.142063
0.233197 0.554213 1.304860 0.742826 0.044867 0.652387 -0.143486
0.228994 0.555198 1.304979 0.743034 0.045448 0.651796 -0.144905
0.224468 0.555769 1.305481 0.742924 0.044363 0.651931 -0.145191
0.218916 0.556721 1.305373 0.743188 0.044708 0.651447 -0.145909
0.213412 0.557860 1.305120 0.743441 0.045646 0.650875 -0.146885
0.208363 0.558992 1.304840 0.743718 0.046638 0.650210 -0.148107
0.203289 0.559923 1.305311 0.743495 0.046557 0.650546 -0.147770
0.197373 0.561177 1.305452 0.743758 0.047352 0.650086 -0.148221
0.191727 0.562425 1.305359 0.744095 0.048423 0.649432 -0.149047
0.186622 0.563614 1.305237 0.744409 0.049607 0.648746 -0.150081
0.181489 0.564757 1.305719 0.744143 0.049241 0.649061 -0.150154
0.175431 0.566244 1.305940 0.744412 0.049698 0.648507 -0.151061
0.169387 0.567851 1.305938 0.744818 0.050936 0.647617 -0.152461
0.163999 0.569176 1.305813 0.745004 0.052343 0.647056 -0.153449
0.158880 0.570379 1.306120 0.744732 0.052313 0.647482 -0.152989
0.152696 0.572022 1.306304 0.745031 0.053292 0.646992 -0.153264
0.146559 0.573624 1.306205 0.745325 0.055274 0.646393 -0.153664
0.140877 0.575166 1.306079 0.745604 0.057217 0.645683 -0.154578
0.135447 0.576806 1.306147 0.745825 0.058451 0.645451 -0.154018
0.129401 0.578744 1.306174 0.746187 0.059540 0.645043 -0.153554
0.123374 0.580698 1.306141 0.746535 0.061048 0.644411 -0.153926
0.117746 0.582549 1.306106 0.746845 0.062753 0.643677 -0.154806
0.112297 0.584372 1.306237 0.747135 0.063859 0.643267 -0.154662
0.105849 0.586493 1.306361 0.747570 0.064354 0.642640 -0.154953
0.099198 0.588585 1.306286 0.747935 0.066076 0.641884 -0.155606
0.092930 0.590534 1.306173 0.748299 0.068017 0.640968 -0.156787
0.087110 0.592511 1.306327 0.748673 0.068270 0.640263 -0.157770
0.080647 0.594802 1.306567 0.749061 0.069152 0.639585 -0.158292
0.074085 0.597051 1.306706 0.749410 0.071026 0.638679 -0.159462
0.067991 0.599063 1.306787 0.749676 0.073169 0.637788 -0.160806
0.062334 0.601039 1.306966 0.749941 0.074312 0.637076 -0.161868
0.055799 0.603454 1.307469 0.750184 0.075036 0.636373 -0.163167
0.048926 0.605914 1.307954 0.750426 0.076802 0.635311 -0.165354
0.042358 0.608248 1.308452 0.750759 0.078661 0.633927 -0.168257
0.036263 0.610512 1.308859 0.750962 0.080101 0.632944 -0.170360
0.029387 0.613169 1.309224 0.751026 0.081572 0.632282 -0.171828
0.022235 0.615792 1.309634 0.751097 0.083841 0.631234 -0.174261
0.015488 0.618156 1.310032 0.751127 0.086292 0.630114 -0.176971
0.009394 0.620302 1.310404 0.751091 0.088105 0.629346 -0.178952
0.003096 0.622664 1.311017 0.751073 0.088618 0.628878 -0.180411
-0.003160 0.624885 1.311701 0.750913 0.089801 0.628327 -0.182403
-0.008917 0.626825 1.312334 0.750715 0.091142 0.627755 -0.184508
-0.014052 0.628560 1.312859 0.750608 0.092109 0.627309 -0.185980
-0.019211 0.630447 1.313389 0.750668 0.091824 0.627249 -0.186079
-0.024287 0.632182 1.313915 0.750560 0.092456 0.627118 -0.186637
-0.028901 0.633700 1.314378 0.750489 0.093338 0.626806 -0.187535
-0.032989 0.634997 1.314749 0.750397 0.094099 0.626621 -0.188141
-0.037507 0.636224 1.314928 0.750147 0.094698 0.627012 -0.187533
-0.042308 0.637427 1.315086 0.749891 0.096074 0.627026 -0.187808
-0.046967 0.638499 1.315220 0.749652 0.097639 0.626864 -0.188495
-0.051188 0.639402 1.315328 0.749404 0.099068 0.626757 -0.189087
-0.055027 0.640012 1.315450 0.749467 0.098450 0.626974 -0.188443
-0.059032 0.640508 1.315343 0.749765 0.098132 0.626658 -0.188474
-0.062787 0.641003 1.315236 0.749920 0.098658 0.626305 -0.188757
-0.066156 0.641391 1.315097 0.750154 0.099127 0.625837 -0.189132
-0.069935 0.641566 1.314900 0.750035 0.100483 0.626041 -0.188213
-0.074259 0.641786 1.314582 0.750035 0.102383 0.625737 -0.188197
-0.078684 0.642047 1.314219 0.750140 0.104603 0.625044 -0.188861
-0.082896 0.642298 1.313874 0.750285 0.106858 0.624196 -0.189825
-0.086506 0.641563 1.313703 0.750538 0.107992 0.624016 -0.188770
-0.090096 0.640708 1.313276 0.750740 0.109017 0.623899 -0.187760
-0.093521 0.639989 1.312806 0.750967 0.110238 0.623571 -0.187230
-0.096595 0.639395 1.312390 0.751167 0.111442 0.623187 -0.186995
-0.098802 0.637650 1.312651 0.751352 0.111565 0.623529 -0.185028
-0.100975 0.635873 1.312913 0.751260 0.111380 0.624265 -0.183020
-0.103127 0.634388 1.313061 0.751183 0.111542 0.624730 -0.181647
-0.105087 0.633149 1.313154 0.751109 0.111853 0.625041 -0.180688
-0.106340 0.630464 1.313618 0.751498 0.110899 0.625597 -0.177707
-0.108017 0.627519 1.313678 0.751694 0.109878 0.626454 -0.174467
-0.110080 0.625022 1.313528 0.751911 0.109631 0.626860 -0.172215
-0.112182 0.622944 1.313364 0.752095 0.109767 0.627033 -0.170684
-0.113462 0.619442 1.313717 0.752934 0.108257 0.627428 -0.166442
-0.114718 0.615160 1.313896 0.753443 0.106008 0.628540 -0.161316
-0.116111 0.611387 1.313831 0.753803 0.104581 0.629387 -0.157209
-0.117468 0.608209 1.313729 0.754069 0.103667 0.630004 -0.154043
-0.118130 0.604178 1.314161 0.754756 0.100651 0.630960 -0.148661
-0.118971 0.599351 1.314847 0.754928 0.096532 0.632813 -0.142521
-0.120309 0.594948 1.315331 0.754839 0.093750 0.634390 -0.137760
-0.121840 0.591249 1.315654 0.754741 0.091930 0.635532 -0.134216
-0.122805 0.586910 1.315967 0.755502 0.089056 0.636189 -0.128639
-0.123548 0.581546 1.315831 0.756212 0.085276 0.637267 -0.121502
-0.124468 0.576751 1.315389 0.756698 0.082663 0.638133 -0.115592
-0.125428 0.572718 1.314941 0.757072 0.080842 0.638746 -0.110952
-0.125697 0.568199 1.314928 0.757829 0.077005 0.639320 -0.105047
-0.125179 0.562728 1.315254 0.758237 0.070767 0.640786 -0.097279
-0.124746 0.557994 1.315380 0.758403 0.065861 0.642061 -0.090802
-0.124400 0.554035 1.315452 0.758474 0.062044 0.643070 -0.085614
-0.123538 0.549760 1.315558 0.758868 0.057390 0.643767 -0.079931
-0.121603 0.544202 1.315093 0.759037 0.050896 0.645093 -0.071605
-0.119740 0.539244 1.314303 0.759061 0.045624 0.646242 -0.064157
-0.118118 0.535061 1.313586 0.759020 0.041409 0.647154 -0.058009
-0.116344 0.530874 1.313238 0.759123 0.036500 0.647838 -0.052007
-0.113883 0.525724 1.313338 0.758803 0.029221 0.649163 -0.044164
-0.111705 0.521274 1.313343 0.758340 0.023249 0.650365 -0.037481
-0.109884 0.517572 1.313337 0.757885 0.018501 0.651336 -0.032092
-0.108025 0.513979 1.313364 0.757618 0.013369 0.652003 -0.026978
-0.104862 0.509134 1.313124 0.757098 0.005357 0.652995 -0.019275
-0.101542 0.504699 1.312670 0.756372 -0.001626 0.654029 -0.011948
-0.098508 0.500920 1.312268 0.755655 -0.007441 0.654903 -0.005694
-0.095709 0.497383 1.311963 0.755036 -0.013289 0.655549 0.000249
-0.092450 0.492656 1.311382 0.754129 -0.021821 0.656303 0.008928
-0.089510 0.488381 1.310581 0.753142 -0.028856 0.657012 0.016695
-0.087052 0.484794 1.309837 0.752268 -0.034442 0.657551 0.023077
-0.084929 0.481659 1.309223 0.751596 -0.039706 0.657816 0.028370
-0.082048 0.477882 1.308693 0.750866 -0.047787 0.657801 0.034831
-0.079049 0.474460 1.308221 0.749942 -0.054874 0.657954 0.040890
-0.076319 0.471567 1.307849 0.749044 -0.060742 0.658122 0.046039
-0.073891 0.469070 1.307544 0.748288 -0.066077 0.658160 0.050229
-0.070447 0.465828 1.307074 0.747497 -0.074498 0.657765 0.055172
-0.066608 0.462663 1.306614 0.746372 -0.082201 0.657657 0.060480
-0.063007 0.459889 1.306261 0.745234 -0.088756 0.657638 0.065273
-0.059833 0.457515 1.305984 0.744240 -0.094389 0.657570 0.069268
-0.056022 0.454455 1.305083 0.743556 -0.101735 0.656720 0.074125
-0.051985 0.451291 1.304018 0.742588 -0.108481 0.656102 0.079535
-0.048291 0.448473 1.303100 0.741586 -0.114210 0.655648 0.084449
-0.045104 0.446094 1.302358 0.740694 -0.119014 0.655272 0.088470
-0.040893 0.443535 1.301505 0.740028 -0.125452 0.654512 0.090742
-0.035927 0.440696 1.300810 0.738810 -0.131964 0.654104 0.094311
-0.031153 0.438024 1.300337 0.737444 -0.137886 0.653877 0.098029
-0.026945 0.435687 1.300020 0.736146 -0.142943 0.653744 0.101367
-0.022437 0.433448 1.299410 0.735419 -0.148589 0.652974 0.103468
-0.017703 0.431093 1.298867 0.734392 -0.154063 0.652404 0.106315
-0.013354 0.428893 1.298484 0.733278 -0.158938 0.652008 0.109213
-0.009605 0.426979 1.298214 0.732240 -0.163054 0.651720 0.111793
-0.005343 0.425108 1.297431 0.732592 -0.167065 0.650180 0.112537
-0.000497 0.422768 1.296612 0.732459 -0.171452 0.648833 0.114561
0.004087 0.420430 1.296009 0.731949 -0.175648 0.647841 0.117052
