0.468376 0.295146 1.267966 0.706243 -0.032669 0.703869 0.068720
0.464119 0.296840 1.270836 0.706070 -0.032486 0.704099 0.068233
0.459667 0.298636 1.273558 0.706310 -0.033624 0.703927 0.066950
0.455142 0.300779 1.276562 0.707005 -0.036424 0.703309 0.064606
0.450602 0.302932 1.279654 0.707184 -0.038218 0.703204 0.062719
0.445994 0.304906 1.282568 0.707054 -0.039176 0.703408 0.061301
0.441316 0.306691 1.285268 0.707011 -0.040444 0.703514 0.059734
0.436838 0.308727 1.288554 0.707299 -0.044539 0.703243 0.056522
0.432468 0.310708 1.292123 0.706952 -0.047472 0.703600 0.053964
0.428060 0.312468 1.295554 0.706302 -0.049374 0.704267 0.052027
0.423562 0.313951 1.298675 0.705566 -0.050587 0.705027 0.050538
0.419109 0.315671 1.302250 0.705435 -0.054875 0.705063 0.047305
0.414763 0.317498 1.306281 0.704772 -0.058263 0.705637 0.044484
0.410370 0.319156 1.310203 0.703839 -0.060596 0.706508 0.042251
0.405870 0.320528 1.313760 0.702842 -0.062070 0.707472 0.040540
0.401551 0.321981 1.317842 0.702148 -0.063833 0.708094 0.038927
0.397580 0.323549 1.322862 0.700708 -0.065181 0.709461 0.037742
0.393601 0.324927 1.327840 0.698980 -0.065927 0.711138 0.036942
0.389483 0.326008 1.332372 0.697264 -0.066280 0.712819 0.036327
0.385295 0.327030 1.336830 0.696345 -0.065784 0.713749 0.036585
0.381334 0.328241 1.342117 0.695229 -0.065450 0.714861 0.036701
0.377354 0.329287 1.347356 0.693710 -0.065321 0.716356 0.036522
0.373231 0.330047 1.352110 0.692152 -0.065105 0.717891 0.036310
0.368925 0.330673 1.356508 0.691588 -0.063491 0.718540 0.037075
0.364745 0.331714 1.362032 0.691942 -0.060654 0.718380 0.038311
0.360657 0.332692 1.367855 0.691394 -0.058833 0.719032 0.038795
0.356476 0.333393 1.373252 0.690513 -0.057465 0.719980 0.038977
0.352146 0.333795 1.378046 0.689820 -0.055523 0.720763 0.039588
0.347949 0.334279 1.383600 0.689904 -0.049726 0.720946 0.042390
0.343961 0.334570 1.389532 0.688937 -0.045553 0.722028 0.044358
0.339920 0.334571 1.395033 0.687642 -0.042443 0.723360 0.045804
0.335745 0.334270 1.399856 0.686322 -0.039957 0.724682 0.046931
0.331495 0.334105 1.404841 0.686577 -0.033558 0.724543 0.050242
0.327494 0.333863 1.410496 0.685853 -0.028438 0.725275 0.052670
0.323634 0.333489 1.416507 0.684345 -0.024832 0.726715 0.054216
0.319786 0.332924 1.422406 0.682394 -0.022391 0.728553 0.055203
0.315586 0.332351 1.427727 0.682260 -0.017697 0.728663 0.057082
0.311263 0.331809 1.433092 0.682506 -0.012856 0.728418 0.058542
0.307035 0.331170 1.438726 0.681950 -0.009446 0.728937 0.059205
0.302896 0.330414 1.444588 0.680747 -0.007240 0.730083 0.059241
0.298716 0.329553 1.450374 0.679680 -0.004078 0.731045 0.059923
0.294454 0.328509 1.455811 0.678862 0.000431 0.731700 0.061333
0.290255 0.327304 1.461307 0.677546 0.003621 0.732847 0.062078
0.286117 0.325996 1.466978 0.675798 0.005592 0.734438 0.062175
0.281936 0.324614 1.472696 0.674165 0.007820 0.735898 0.062416
0.277424 0.323097 1.477771 0.673833 0.013359 0.735965 0.064233
0.272953 0.321458 1.482837 0.673068 0.017438 0.736490 0.065262
0.268560 0.319744 1.488103 0.671828 0.020036 0.737534 0.065499
0.264217 0.317963 1.493551 0.670303 0.021530 0.738915 0.065080
0.259510 0.316140 1.498395 0.670328 0.025562 0.738776 0.064936
0.254825 0.314219 1.503085 0.669987 0.028742 0.739010 0.064449
0.250324 0.312749 1.507932 0.669105 0.031099 0.739816 0.063281
0.246320 0.311874 1.512935 0.667948 0.032494 0.740968 0.061283
0.242987 0.311485 1.517359 0.668369 0.035784 0.740624 0.058981
0.240558 0.310974 1.521441 0.668677 0.038716 0.740332 0.057276
0.238719 0.310378 1.525770 0.668279 0.040304 0.740727 0.055694
0.237280 0.309842 1.530398 0.667307 0.040785 0.741703 0.053990
0.236202 0.309681 1.534731 0.667425 0.042155 0.741684 0.051692
0.235794 0.309599 1.538514 0.668164 0.044080 0.741036 0.049793
0.235674 0.309331 1.542549 0.668104 0.044892 0.741146 0.048223
0.235643 0.309064 1.546924 0.667378 0.044823 0.741906 0.046625
0.235726 0.309067 1.551242 0.667277 0.045216 0.742109 0.044400
0.236829 0.309128 1.554604 0.668445 0.047326 0.741009 0.042984
0.238276 0.308653 1.558080 0.668643 0.048246 0.740797 0.042522
0.239635 0.308051 1.561933 0.668058 0.048290 0.741340 0.042208
0.240777 0.307624 1.566072 0.667334 0.047704 0.742093 0.041069
0.242505 0.307696 1.569304 0.668850 0.047816 0.740880 0.038105
0.244494 0.307292 1.572250 0.669712 0.047602 0.740193 0.036514
0.246288 0.306724 1.575536 0.669667 0.046954 0.740326 0.035491
0.247742 0.306241 1.579236 0.668869 0.045984 0.741153 0.034500
0.249605 0.306775 1.583608 0.669002 0.045261 0.741186 0.032120
0.251937 0.307034 1.588261 0.668429 0.042178 0.742038 0.028352
0.254018 0.306926 1.593134 0.668464 0.038133 0.742372 0.024196
0.255698 0.306633 1.598447 0.668151 0.033841 0.742985 0.020048
0.257096 0.306066 1.604111 0.668442 0.030958 0.742934 0.016627
0.258791 0.304808 1.610099 0.668070 0.027903 0.743443 0.014030
0.260361 0.303553 1.616340 0.666552 0.025054 0.744941 0.011998
0.261556 0.302637 1.622789 0.664235 0.022622 0.747115 0.009971
0.262582 0.301780 1.629179 0.662282 0.020322 0.748945 0.007192
0.264507 0.299644 1.635035 0.660704 0.017215 0.750429 0.005490
0.266703 0.297135 1.640218 0.658653 0.014273 0.752293 0.005328
0.268724 0.294887 1.644804 0.656486 0.011961 0.754222 0.005694
0.270495 0.293092 1.648853 0.654811 0.010530 0.755697 0.005767
0.272820 0.290965 1.652295 0.654418 0.009535 0.756053 0.005563
0.275342 0.288571 1.655392 0.653458 0.008445 0.756887 0.006563
0.277637 0.286436 1.658249 0.652171 0.007702 0.757991 0.007937
0.279593 0.284776 1.660939 0.650755 0.007519 0.759194 0.009235
0.281973 0.283717 1.663480 0.650369 0.008784 0.759505 0.009732
0.284510 0.282519 1.665932 0.649388 0.009667 0.760319 0.010822
0.286787 0.281440 1.668277 0.648047 0.010611 0.761428 0.012222
0.288707 0.280650 1.670566 0.646465 0.011763 0.762732 0.013601
0.290939 0.280328 1.672669 0.645546 0.014066 0.763455 0.014447
0.293565 0.279744 1.674617 0.644390 0.016003 0.764366 0.015812
0.295993 0.279060 1.676500 0.642913 0.017737 0.765531 0.017633
0.298072 0.278525 1.678390 0.641202 0.019502 0.766877 0.019491
0.299984 0.278542 1.680179 0.639979 0.022518 0.767785 0.020654
0.302000 0.278866 1.681848 0.638890 0.026126 0.768556 0.021409
0.303795 0.279147 1.683528 0.637425 0.029427 0.769622 0.022470
0.305290 0.279482 1.685273 0.635662 0.032544 0.770920 0.023628
0.306755 0.280062 1.687030 0.633927 0.036114 0.772157 0.024613
0.309065 0.280553 1.688595 0.632348 0.039923 0.773228 0.025712
0.311426 0.280551 1.690072 0.630505 0.042999 0.774500 0.027645
0.313528 0.280413 1.691589 0.628452 0.045739 0.775927 0.029875
0.315363 0.280423 1.693198 0.626259 0.048497 0.777443 0.032089
0.317545 0.281177 1.695067 0.623994 0.051120 0.779066 0.032760
0.319504 0.281884 1.697004 0.621564 0.052099 0.780981 0.031804
0.321110 0.282553 1.698953 0.619095 0.051925 0.783038 0.029621
0.322375 0.283236 1.700927 0.616601 0.050885 0.785187 0.026372
0.324192 0.284502 1.702668 0.614465 0.050780 0.786995 0.022183
0.326200 0.285465 1.704185 0.612391 0.049751 0.788791 0.017649
0.327990 0.286138 1.705687 0.610282 0.047895 0.790630 0.012893
0.329473 0.286697 1.707265 0.608079 0.045453 0.792536 0.007756
0.331333 0.287689 1.709115 0.605712 0.043483 0.794491 0.002637
0.333523 0.288580 1.711161 0.603031 0.040894 0.796664 -0.002690
0.335501 0.289119 1.712974 0.600601 0.038220 0.798601 -0.007263
0.337233 0.289436 1.714402 0.598664 0.036056 0.800117 -0.010684
0.339087 0.290028 1.715626 0.596903 0.034756 0.801440 -0.013863
0.341511 0.290874 1.716593 0.595260 0.033783 0.802635 -0.017335
0.343838 0.291296 1.717167 0.594107 0.032896 0.803473 -0.019636
0.345928 0.291468 1.717507 0.593290 0.032154 0.804069 -0.021118
0.347955 0.291739 1.717840 0.592577 0.031940 0.804573 -0.022269
0.350744 0.292397 1.718725 0.591302 0.031964 0.805451 -0.024279
0.353487 0.292513 1.719438 0.590202 0.031489 0.806240 -0.025422
0.355972 0.292350 1.719919 0.589390 0.030974 0.806839 -0.025887
0.358194 0.292127 1.720247 0.588789 0.030490 0.807289 -0.026123
0.361271 0.292292 1.720380 0.588130 0.029397 0.807759 -0.027640
0.364485 0.291987 1.720089 0.587880 0.028212 0.807965 -0.028212
0.367443 0.291392 1.719634 0.587883 0.027113 0.808004 -0.028080
0.370042 0.290725 1.719157 0.587988 0.026160 0.807973 -0.027658
0.372995 0.290747 1.718991 0.587851 0.025403 0.808080 -0.028142
0.375924 0.290815 1.718899 0.587571 0.024601 0.808287 -0.028760
0.378496 0.290737 1.718722 0.587420 0.023935 0.808409 -0.028991
0.380702 0.290612 1.718514 0.587361 0.023427 0.808465 -0.029029
0.382965 0.290638 1.718307 0.587216 0.022139 0.808566 -0.030135
0.385494 0.290549 1.717862 0.587157 0.020434 0.808607 -0.031367
0.387834 0.290227 1.717284 0.587306 0.018995 0.808512 -0.031916
0.389894 0.289822 1.716715 0.587523 0.017798 0.808374 -0.032112
0.391909 0.289550 1.716104 0.587812 0.016816 0.808175 -0.032384
0.394446 0.289306 1.715002 0.588459 0.016036 0.807712 -0.032573
0.396907 0.288757 1.713733 0.589306 0.015325 0.807126 -0.032120
0.399118 0.288089 1.712549 0.590128 0.014661 0.806565 -0.031409
0.401069 0.287484 1.711491 0.590861 0.013756 0.806055 -0.031129
0.402971 0.287447 1.710160 0.591676 0.012210 0.805420 -0.032698
0.404588 0.287616 1.708737 0.592624 0.011350 0.804681 -0.034013
0.405924 0.287835 1.707469 0.593508 0.010813 0.803990 -0.035096
0.407024 0.288066 1.706402 0.594264 0.010447 0.803396 -0.036002
0.408269 0.288635 1.705528 0.594934 0.010357 0.802841 -0.037312
0.409420 0.289153 1.704747 0.595478 0.010372 0.802386 -0.038401
0.410415 0.289563 1.704053 0.595969 0.010420 0.801982 -0.039215
0.411261 0.289894 1.703468 0.596395 0.010474 0.801633 -0.039843
0.412071 0.290333 1.702697 0.596985 0.010413 0.801137 -0.040985
0.412852 0.290868 1.701620 0.597846 0.010693 0.800436 -0.042040
0.413533 0.291344 1.700596 0.598689 0.011052 0.799759 -0.042844
0.414109 0.291745 1.699721 0.599413 0.011375 0.799178 -0.043480
0.414772 0.292037 1.699050 0.599803 0.011049 0.798892 -0.043422
0.415489 0.292069 1.698733 0.599729 0.009774 0.798982 -0.043103
0.415669 0.292743 1.698643 0.599625 0.009587 0.799003 -0.044179
0.415766 0.293524 1.698549 0.599530 0.009563 0.799031 -0.044973
0.415860 0.294225 1.698444 0.599466 0.009490 0.799049 -0.045524
0.415908 0.294914 1.698314 0.599443 0.009217 0.799042 -0.045989
0.415935 0.295540 1.698191 0.599412 0.008918 0.799039 -0.046503
0.415936 0.296113 1.698088 0.599383 0.008691 0.799031 -0.047052
0.415919 0.296658 1.697992 0.599359 0.008519 0.799020 -0.047570
0.415883 0.297645 1.697685 0.599341 0.007958 0.799033 -0.047679
0.415815 0.298678 1.697363 0.599292 0.007247 0.799070 -0.047793
0.415705 0.299654 1.697091 0.599262 0.006719 0.799077 -0.048120
0.415562 0.300569 1.696857 0.599256 0.006386 0.799055 -0.048606
0.415396 0.302121 1.696641 0.599204 0.006071 0.799138 -0.047921
0.415106 0.303958 1.696369 0.599117 0.005786 0.799264 -0.046944
0.414725 0.305742 1.696099 0.599078 0.005838 0.799322 -0.046438
0.414252 0.307477 1.695812 0.599156 0.006394 0.799260 -0.046426
0.413732 0.309386 1.695581 0.599178 0.006299 0.799234 -0.046594
0.413035 0.311586 1.695256 0.599207 0.006253 0.799215 -0.046547
0.412390 0.313463 1.694937 0.599220 0.006133 0.799219 -0.046338
0.411862 0.314944 1.694660 0.599252 0.006045 0.799206 -0.046144
0.411411 0.316572 1.694480 0.599307 0.006419 0.799201 -0.045466
0.411055 0.318614 1.694351 0.599214 0.006861 0.799375 -0.043536
0.410628 0.320543 1.694200 0.599113 0.007429 0.799518 -0.042202
0.410154 0.322337 1.694109 0.598986 0.007992 0.799639 -0.041588
0.409676 0.324140 1.694088 0.598801 0.008395 0.799782 -0.041430
0.409254 0.326556 1.693932 0.598406 0.008213 0.800140 -0.040236
0.408720 0.328897 1.693684 0.598137 0.008449 0.800389 -0.039239
0.408142 0.331070 1.693491 0.597896 0.008749 0.800581 -0.038913
0.407736 0.332879 1.693375 0.597478 0.008310 0.800911 -0.038622
0.407467 0.335174 1.692983 0.596825 0.007123 0.801487 -0.036991
0.407234 0.337351 1.692510 0.596096 0.005459 0.802122 -0.035205
0.407023 0.339229 1.692070 0.595495 0.004125 0.802644 -0.033663
0.406769 0.340946 1.691775 0.594883 0.002830 0.803137 -0.032833
0.406413 0.342957 1.691580 0.594127 0.001450 0.803741 -0.031786
0.405988 0.344981 1.691306 0.593376 0.000219 0.804362 -0.030107
0.405546 0.346795 1.691106 0.592694 -0.000748 0.804912 -0.028816
0.405121 0.348373 1.690957 0.592110 -0.001413 0.805377 -0.027769
0.404758 0.350033 1.690815 0.591625 -0.001768 0.805774 -0.026565
