0.389572 0.338709 1.694188 0.618660 0.032017 0.784993 -0.004612
0.389113 0.340492 1.694165 0.618412 0.031668 0.785199 -0.005047
0.388674 0.342148 1.694175 0.618059 0.031232 0.785489 -0.005815
0.388290 0.344086 1.694076 0.617602 0.031128 0.785854 -0.005680
0.387901 0.346023 1.693918 0.617006 0.031009 0.786328 -0.005445
0.387449 0.347997 1.693816 0.616252 0.030821 0.786924 -0.005811
0.386916 0.349943 1.693745 0.615506 0.030809 0.787504 -0.006450
0.386436 0.352312 1.693599 0.614750 0.030410 0.788105 -0.006924
0.385969 0.354610 1.693384 0.614040 0.030069 0.788670 -0.007149
0.385509 0.356757 1.693180 0.613306 0.029993 0.789242 -0.007349
0.384984 0.358792 1.693009 0.612594 0.030203 0.789783 -0.007591
0.384363 0.361132 1.692873 0.612116 0.030948 0.790125 -0.007629
0.383617 0.363535 1.692889 0.611518 0.031936 0.790551 -0.007488
0.382793 0.365824 1.692928 0.610965 0.033221 0.790926 -0.007361
0.381890 0.368023 1.692956 0.610506 0.034827 0.791212 -0.007264
0.381107 0.370347 1.692978 0.609787 0.036340 0.791701 -0.006950
0.380833 0.371501 1.693056 0.609002 0.036151 0.792319 -0.006402
0.380824 0.371961 1.693154 0.608647 0.035517 0.792622 -0.006156
0.380903 0.372167 1.693253 0.608473 0.034855 0.792786 -0.006026
0.381124 0.372537 1.693243 0.608358 0.033413 0.792934 -0.006361
0.381394 0.372892 1.693149 0.608125 0.032012 0.793171 -0.006291
0.381641 0.373159 1.693057 0.607875 0.030904 0.793408 -0.006002
0.381867 0.373369 1.692980 0.607633 0.029967 0.793632 -0.005691
0.382107 0.373478 1.692948 0.607646 0.029198 0.793652 -0.005588
0.382339 0.373567 1.692963 0.607664 0.028936 0.793651 -0.005050
0.382538 0.373651 1.692988 0.607593 0.028814 0.793713 -0.004355
0.382712 0.373725 1.693012 0.607495 0.028728 0.793795 -0.003694
0.382844 0.373912 1.692984 0.607505 0.028267 0.793805 -0.003385
0.382941 0.374118 1.692948 0.607381 0.027856 0.793918 -0.002743
0.383025 0.374299 1.692927 0.607183 0.027498 0.794084 -0.002066
0.383099 0.374475 1.692918 0.606937 0.027094 0.794287 -0.001502
0.382873 0.374555 1.693008 0.607046 0.026843 0.794212 -0.001226
0.382396 0.374649 1.693276 0.607131 0.026952 0.794144 -0.000666
0.381913 0.374779 1.693608 0.607105 0.027021 0.794162 -0.000219
0.381459 0.374927 1.693967 0.607021 0.027010 0.794227 0.000052
0.380658 0.374966 1.694231 0.607406 0.027391 0.793920 0.000159
0.379609 0.375051 1.694501 0.607694 0.028166 0.793672 0.000765
0.378631 0.375187 1.694822 0.607811 0.028760 0.793559 0.001239
0.377731 0.375366 1.695175 0.607850 0.029206 0.793513 0.001477
0.376054 0.375365 1.695579 0.608410 0.030099 0.793050 0.001276
0.373816 0.375463 1.696246 0.608686 0.031316 0.792792 0.001545
0.371740 0.375679 1.697052 0.608719 0.032174 0.792732 0.001509
0.369842 0.376004 1.697916 0.608648 0.032801 0.792762 0.001093
0.366909 0.376278 1.698966 0.608515 0.033554 0.792833 -0.000221
0.362904 0.377317 1.700328 0.607954 0.034915 0.793201 -0.002167
0.358432 0.379568 1.701935 0.607333 0.036983 0.793565 -0.005787
0.353075 0.383825 1.703276 0.607651 0.041424 0.793023 -0.012611
0.346344 0.388290 1.704914 0.607753 0.046465 0.792500 -0.020518
0.339336 0.392071 1.707406 0.606925 0.050574 0.792673 -0.027464
0.332993 0.395500 1.709989 0.605856 0.053900 0.793022 -0.033899
0.327535 0.398383 1.712331 0.604781 0.056568 0.793402 -0.039426
0.322239 0.400059 1.715072 0.602773 0.059440 0.794622 -0.041326
0.316832 0.401243 1.718574 0.600082 0.061550 0.796437 -0.042458
0.311940 0.402387 1.721986 0.597592 0.063008 0.798100 -0.044167
0.307731 0.403359 1.724983 0.595446 0.064063 0.799520 -0.045912
0.303617 0.403420 1.728409 0.592714 0.065297 0.801449 -0.045890
0.299590 0.402859 1.732627 0.589455 0.065367 0.803856 -0.045677
0.296073 0.402284 1.736627 0.586533 0.064871 0.806013 -0.045975
0.293111 0.401716 1.740088 0.584069 0.064214 0.807828 -0.046413
0.290273 0.401088 1.743473 0.581289 0.064707 0.809888 -0.044690
0.287257 0.400706 1.746979 0.578370 0.065136 0.812016 -0.043308
0.284444 0.400558 1.750100 0.575868 0.065414 0.813798 -0.042778
0.281979 0.400501 1.752726 0.573797 0.065627 0.815250 -0.042630
0.279646 0.400434 1.755816 0.571203 0.066355 0.817131 -0.040270
0.276997 0.400423 1.759988 0.568110 0.066002 0.819381 -0.038858
0.274419 0.400476 1.764026 0.565330 0.065259 0.821375 -0.038557
0.272122 0.400543 1.767535 0.563001 0.064518 0.823025 -0.038692
0.269982 0.401047 1.770919 0.560661 0.064779 0.824660 -0.037399
0.267531 0.402155 1.774371 0.558372 0.065092 0.826190 -0.037331
0.265102 0.403347 1.777390 0.556429 0.065475 0.827439 -0.037992
0.262916 0.404451 1.779895 0.554844 0.065900 0.828431 -0.038845
0.261219 0.405912 1.782698 0.552967 0.067411 0.829629 -0.037394
0.259762 0.407422 1.786109 0.550937 0.067982 0.830960 -0.036796
0.258479 0.408570 1.789219 0.549209 0.068073 0.832100 -0.036667
0.257414 0.409451 1.791845 0.547820 0.068026 0.833020 -0.036669
0.256721 0.411083 1.794779 0.546194 0.068725 0.834118 -0.034577
0.255755 0.413423 1.798256 0.544469 0.068883 0.835245 -0.034273
0.254601 0.415546 1.801363 0.543011 0.069021 0.836163 -0.034745
0.253490 0.417386 1.803957 0.541846 0.069233 0.836872 -0.035421
0.252990 0.419841 1.806861 0.540734 0.070052 0.837554 -0.034693
0.252947 0.422372 1.810289 0.539756 0.069825 0.838181 -0.035220
0.253016 0.424237 1.813328 0.539010 0.069248 0.838685 -0.035779
0.253163 0.425641 1.815859 0.538481 0.068651 0.839055 -0.036205
0.253695 0.427746 1.818914 0.537549 0.068669 0.839703 -0.034986
0.254242 0.430205 1.822704 0.536398 0.067819 0.840492 -0.035360
0.254633 0.432135 1.826088 0.535458 0.066878 0.841140 -0.035999
0.254951 0.433674 1.828924 0.534734 0.066090 0.841636 -0.036597
0.255761 0.435904 1.832215 0.533741 0.066021 0.842302 -0.035928
0.257075 0.438166 1.836094 0.532711 0.064891 0.843013 -0.036571
0.258438 0.439666 1.839487 0.531944 0.063506 0.843584 -0.036984
0.259742 0.440699 1.842316 0.531391 0.062213 0.844022 -0.037160
0.261294 0.442528 1.845520 0.530498 0.062162 0.844639 -0.035954
0.262925 0.444761 1.849185 0.529477 0.061563 0.845296 -0.036589
0.264386 0.446437 1.852315 0.528672 0.060892 0.845825 -0.037148
0.265670 0.447734 1.854888 0.528048 0.060338 0.846237 -0.037529
0.267023 0.449557 1.857815 0.527027 0.060925 0.846879 -0.036408
0.268370 0.451503 1.861242 0.525781 0.061173 0.847641 -0.036274
0.269571 0.452913 1.864261 0.524744 0.061119 0.848290 -0.036230
0.270630 0.453980 1.866795 0.523898 0.061006 0.848824 -0.036155
0.271985 0.455302 1.869540 0.522971 0.060944 0.849430 -0.035440
0.273990 0.456379 1.872319 0.522206 0.059944 0.849981 -0.035221
0.276147 0.456866 1.874545 0.521739 0.058793 0.850376 -0.034533
0.278220 0.457043 1.876318 0.521453 0.057706 0.850661 -0.033642
0.280281 0.457741 1.878517 0.520461 0.058006 0.851329 -0.031521
0.282464 0.458576 1.881066 0.519101 0.058353 0.852187 -0.030104
0.284573 0.458984 1.883197 0.518041 0.058371 0.852879 -0.028684
0.286491 0.459175 1.884935 0.517207 0.058282 0.853436 -0.027329
0.288460 0.459761 1.887079 0.516195 0.058293 0.854084 -0.026166
0.290717 0.460184 1.889716 0.515125 0.057522 0.854786 -0.026067
0.292971 0.460082 1.892057 0.514304 0.056419 0.855366 -0.025637
0.295065 0.459747 1.894048 0.513665 0.055293 0.855841 -0.025026
0.297106 0.459730 1.896531 0.512507 0.054469 0.856618 -0.023984
0.299306 0.459550 1.899573 0.511048 0.053031 0.857587 -0.023684
0.301476 0.458949 1.902279 0.509882 0.051395 0.858397 -0.023111
0.303477 0.458208 1.904585 0.508943 0.049852 0.859064 -0.022391
0.305438 0.458091 1.907070 0.507794 0.049175 0.859801 -0.021690
0.307440 0.458204 1.909807 0.506464 0.048776 0.860602 -0.021894
0.309332 0.457998 1.912193 0.505375 0.048177 0.861277 -0.021827
0.311032 0.457675 1.914204 0.504482 0.047572 0.861840 -0.021589
0.312759 0.457917 1.916442 0.503231 0.047641 0.862581 -0.021050
0.314775 0.458254 1.918840 0.501771 0.047827 0.863422 -0.020994
0.316830 0.458172 1.920839 0.500645 0.047688 0.864095 -0.020521
0.318752 0.457907 1.922484 0.499760 0.047427 0.864637 -0.019849
0.320922 0.458045 1.924241 0.498899 0.046927 0.865175 -0.019224
0.323792 0.458028 1.925929 0.498206 0.045979 0.865637 -0.018728
0.326805 0.457507 1.927218 0.497822 0.044840 0.865940 -0.017599
0.329654 0.456780 1.928230 0.497602 0.043709 0.866151 -0.016248
0.332643 0.456714 1.929351 0.497507 0.042863 0.866262 -0.015491
0.336057 0.456913 1.930348 0.497532 0.042319 0.866276 -0.015430
0.339389 0.456727 1.930998 0.497711 0.041708 0.866213 -0.014784
0.342416 0.456378 1.931450 0.497938 0.041123 0.866125 -0.013919
0.345432 0.456466 1.932149 0.497965 0.040579 0.866135 -0.013957
0.348954 0.456373 1.932968 0.497908 0.039911 0.866188 -0.014561
0.352520 0.455703 1.933593 0.498041 0.038930 0.866161 -0.014301
0.355836 0.454791 1.934103 0.498240 0.037863 0.866104 -0.013639
0.359211 0.454461 1.934752 0.498353 0.037103 0.866085 -0.012782
0.363024 0.454422 1.935096 0.498490 0.036855 0.866030 -0.011882
0.366740 0.454075 1.935051 0.498805 0.036589 0.865879 -0.010459
0.370103 0.453619 1.934848 0.499161 0.036346 0.865700 -0.008929
0.373392 0.453475 1.934767 0.499877 0.035908 0.865311 -0.008466
0.377050 0.453259 1.934568 0.500963 0.035121 0.864711 -0.008831
0.380603 0.452711 1.934177 0.502039 0.034306 0.864123 -0.008491
0.383820 0.452045 1.933749 0.503011 0.033549 0.863593 -0.007861
0.386876 0.451719 1.933661 0.503712 0.032702 0.863219 -0.007706
0.390160 0.451401 1.933654 0.504255 0.031774 0.862933 -0.008046
0.393353 0.450780 1.933464 0.504845 0.030872 0.862624 -0.007720
0.396252 0.450062 1.933215 0.505398 0.030063 0.862333 -0.007104
0.398952 0.449484 1.933087 0.505863 0.029648 0.862079 -0.006617
0.401930 0.448801 1.932718 0.506404 0.029379 0.861773 -0.006237
0.404904 0.447932 1.932100 0.507038 0.029054 0.861418 -0.005268
0.407641 0.447039 1.931424 0.507656 0.028734 0.861070 -0.004104
0.410145 0.446303 1.930855 0.508308 0.028420 0.860698 -0.003753
0.412756 0.445665 1.929992 0.509124 0.028082 0.860226 -0.004115
0.415285 0.445043 1.928876 0.509965 0.027907 0.859733 -0.003866
0.417565 0.444493 1.927729 0.510744 0.027845 0.859275 -0.003358
0.419551 0.443979 1.926915 0.511377 0.027855 0.858901 -0.002450
0.421288 0.443476 1.926425 0.511821 0.027782 0.858640 -0.002110
0.421748 0.444303 1.925867 0.511500 0.029817 0.858758 -0.003813
0.421835 0.445289 1.925404 0.511237 0.031411 0.858852 -0.004922
0.421693 0.446028 1.925147 0.510820 0.033163 0.859027 -0.006019
0.421850 0.446237 1.924800 0.510848 0.033797 0.858978 -0.006988
0.422273 0.445954 1.924638 0.511016 0.033412 0.858888 -0.007562
0.422802 0.445502 1.924564 0.511098 0.033178 0.858847 -0.007680
0.422982 0.444934 1.924528 0.511015 0.033026 0.858895 -0.008457
0.423041 0.444165 1.924349 0.511010 0.032803 0.858911 -0.008045
0.423018 0.443745 1.924024 0.510916 0.032920 0.858964 -0.007956
0.422997 0.443354 1.923803 0.510858 0.032770 0.859004 -0.007879
0.422455 0.442713 1.923720 0.510619 0.033227 0.859132 -0.007477
0.421763 0.441474 1.923601 0.510681 0.033290 0.859108 -0.005483
0.421012 0.440712 1.923326 0.510646 0.033309 0.859129 -0.005345
0.420274 0.440252 1.923018 0.510597 0.033323 0.859157 -0.005392
0.418950 0.439340 1.922824 0.510317 0.033238 0.859328 -0.005095
0.417179 0.437531 1.922758 0.509962 0.033242 0.859553 -0.001547
0.415505 0.436150 1.922667 0.509635 0.033442 0.859740 0.000721
0.414024 0.435022 1.922523 0.509533 0.032887 0.859821 0.001234
0.411882 0.434000 1.922358 0.508909 0.033141 0.860179 0.002301
0.409032 0.432321 1.922291 0.508587 0.032717 0.860372 0.005401
0.406270 0.430648 1.922327 0.508159 0.032724 0.860601 0.008316
0.403864 0.429091 1.922377 0.507909 0.032620 0.860726 0.010718
0.401130 0.427694 1.922295 0.507659 0.031900 0.860881 0.012166
0.397471 0.426157 1.922193 0.507501 0.030900 0.860963 0.015173
0.393941 0.424607 1.922134 0.507355 0.030249 0.861019 0.017948
0.390532 0.423068 1.922107 0.507112 0.029913 0.861123 0.020289
0.386991 0.421529 1.922030 0.506864 0.029568 0.861218 0.022743
0.382882 0.419978 1.921843 0.506974 0.028586 0.861121 0.025122
0.378933 0.418389 1.921707 0.507032 0.027884 0.861046 0.027209
0.375197 0.416741 1.921604 0.506938 0.027530 0.861050 0.029141
0.371366 0.415056 1.921475 0.506725 0.027168 0.861097 0.031692
0.367124 0.413351 1.921275 0.506819 0.026300 0.860949 0.034766
0.363140 0.411534 1.921113 0.506902 0.025677 0.860802 0.037566
0.359398 0.409608 1.921013 0.506805 0.025303 0.860759 0.040033
0.355505 0.407617 1.920929 0.506497 0.024965 0.860803 0.043082
0.351097 0.405616 1.920715 0.506621 0.024108 0.860573 0.046564
0.346942 0.403523 1.920538 0.506779 0.023416 0.860331 0.049570
0.343050 0.401318 1.920427 0.506769 0.022985 0.860188 0.052274
0.339076 0.398985 1.920359 0.506515 0.022551 0.860142 0.055579
0.334670 0.396707 1.920029 0.506645 0.021749 0.859839 0.059299
0.330575 0.394350 1.919673 0.506862 0.021120 0.859498 0.062508
0.326758 0.391867 1.919398 0.506912 0.020704 0.859268 0.065352
0.322880 0.389182 1.919236 0.506723 0.020266 0.859142 0.068536
0.318505 0.386463 1.918978 0.506860 0.019508 0.858814 0.071765
0.314371 0.383702 1.918766 0.507062 0.018955 0.858466 0.074599
0.310601 0.380742 1.918618 0.507182 0.018217 0.858214 0.076828
0.306790 0.377601 1.918558 0.506910 0.016949 0.858263 0.078361
0.302486 0.374349 1.918565 0.506970 0.016021 0.857988 0.081131
0.298469 0.371138 1.918531 0.507255 0.015154 0.857612 0.083456
0.294895 0.367760 1.918476 0.507450 0.013590 0.857424 0.084468
0.291412 0.364044 1.918518 0.507547 0.011329 0.857444 0.084010
0.287935 0.359935 1.919431 0.508641 0.009415 0.856831 0.083885
0.284648 0.355066 1.921452 0.510011 0.005579 0.856305 0.081242
0.281726 0.349489 1.923855 0.511393 0.000482 0.855772 0.078302
0.278985 0.343649 1.925843 0.512638 -0.004037 0.855124 0.077133
0.275630 0.338578 1.926987 0.513236 -0.006485 0.854700 0.077680
0.272414 0.333862 1.928021 0.513456 -0.009044 0.854524 0.077916
0.269600 0.329045 1.928977 0.513553 -0.012089 0.854405 0.078160
0.267021 0.323917 1.929781 0.514034 -0.014797 0.853945 0.079556
0.263869 0.318953 1.930505 0.514455 -0.016102 0.853388 0.082504
0.260816 0.314168 1.931229 0.514638 -0.017899 0.853025 0.084711
0.258080 0.309238 1.931948 0.514722 -0.020448 0.852747 0.086405
0.255320 0.303854 1.932564 0.514514 -0.023029 0.852674 0.087710
0.252091 0.298427 1.932810 0.514500 -0.024647 0.852515 0.088883
0.249173 0.293114 1.933047 0.514590 -0.026791 0.852284 0.089952
0.246582 0.287653 1.933328 0.514569 -0.029729 0.852110 0.090791
0.244149 0.281596 1.933569 0.514570 -0.033151 0.851958 0.091033
0.241106 0.275180 1.933818 0.514544 -0.035482 0.851846 0.091347
0.238217 0.268794 1.934140 0.514299 -0.037805 0.851743 0.092741
0.235768 0.262265 1.934393 0.513984 -0.040860 0.851593 0.094553
0.233486 0.255434 1.934557 0.513938 -0.044305 0.851273 0.096124
0.230540 0.248266 1.934839 0.514064 -0.047106 0.850901 0.097401
0.227750 0.240935 1.935021 0.514120 -0.050054 0.850538 0.098791
0.225225 0.233374 1.935079 0.514072 -0.053320 0.850182 0.100383
0.222947 0.225651 1.935038 0.514091 -0.057060 0.849724 0.102090
0.220585 0.217659 1.935018 0.514573 -0.060731 0.848992 0.103631
0.218452 0.209795 1.934847 0.514983 -0.064455 0.848322 0.104822
0.216678 0.202634 1.934544 0.515404 -0.067669 0.847712 0.105659
0.214944 0.195906 1.934247 0.515870 -0.070324 0.847055 0.106920
0.212476 0.188116 1.934385 0.516710 -0.073931 0.846162 0.107489
0.210168 0.180762 1.934418 0.517695 -0.077428 0.845346 0.106713
0.208300 0.174323 1.934224 0.518593 -0.079875 0.844621 0.106284
0.206594 0.168485 1.934055 0.519540 -0.081338 0.843836 0.106789
0.204303 0.162180 1.934466 0.520793 -0.083134 0.842958 0.106233
0.202140 0.156270 1.934718 0.522106 -0.084847 0.842226 0.104211
0.200320 0.151158 1.934735 0.523229 -0.085783 0.841689 0.102133
0.198750 0.146464 1.934773 0.524326 -0.085739 0.841085 0.101525
0.196560 0.140458 1.935360 0.526112 -0.085982 0.839980 0.101226
0.194694 0.134912 1.935618 0.527926 -0.085837 0.839008 0.099961
0.193331 0.130536 1.935700 0.529618 -0.084410 0.838204 0.098965
0.192129 0.126625 1.935796 0.531049 -0.082475 0.837583 0.098186
0.190704 0.122041 1.936267 0.532693 -0.080532 0.836867 0.096979
0.189614 0.117820 1.936375 0.534199 -0.078365 0.836320 0.095173
0.188765 0.114058 1.936268 0.535369 -0.076094 0.836044 0.092848
0.187884 0.110294 1.936258 0.536334 -0.073805 0.835911 0.090281
0.186748 0.105450 1.936629 0.537563 -0.071624 0.835676 0.086838
0.185503 0.100921 1.936656 0.538562 -0.069322 0.835719 0.081969
0.184463 0.096680 1.936506 0.539204 -0.067045 0.835900 0.077687
0.183475 0.092444 1.936387 0.539524 -0.064963 0.836121 0.074800
0.182305 0.087090 1.936390 0.539781 -0.063624 0.836389 0.071014
0.180988 0.082047 1.936352 0.539810 -0.061990 0.836560 0.070222
0.179671 0.077567 1.936275 0.539730 -0.060621 0.836638 0.071091
0.178347 0.073421 1.936278 0.539301 -0.059742 0.836925 0.071713
0.176544 0.068443 1.936360 0.538057 -0.059840 0.837789 0.070882
0.174275 0.063468 1.936480 0.535719 -0.061771 0.839147 0.070877
0.171954 0.058971 1.936595 0.532899 -0.064697 0.840705 0.071042
0.169857 0.054930 1.936706 0.530442 -0.066983 0.842049 0.071402
0.167592 0.050797 1.936914 0.528011 -0.068628 0.843509 0.070627
0.165160 0.046942 1.937124 0.525135 -0.071218 0.845139 0.070009
0.162956 0.043547 1.937277 0.522488 -0.073920 0.846577 0.069638
0.161148 0.040561 1.937329 0.520433 -0.076007 0.847703 0.069084
0.159578 0.037484 1.937165 0.518891 -0.077551 0.848704 0.066633
0.158038 0.034737 1.937008 0.517296 -0.079300 0.849679 0.064518
0.156699 0.032442 1.936879 0.515915 -0.080861 0.850496 0.062841
0.155636 0.030602 1.936761 0.514850 -0.081850 0.851167 0.061209
0.155012 0.029442 1.936649 0.514299 -0.081564 0.851742 0.058119
0.154476 0.028618 1.936609 0.513865 -0.081172 0.852217 0.055483
0.154006 0.027961 1.936600 0.513496 -0.080857 0.852605 0.053369
0.153557 0.027475 1.936622 0.513151 -0.080385 0.852968 0.051563
0.152667 0.027457 1.936925 0.512464 -0.079332 0.853651 0.048636
0.151638 0.027612 1.937372 0.511596 -0.078424 0.854413 0.045806
0.150706 0.027780 1.937801 0.510804 -0.077678 0.855079 0.043414
0.149918 0.028041 1.938159 0.509989 -0.076953 0.855735 0.041315
0.149404 0.029172 1.938549 0.509260 -0.075253 0.856443 0.038684
0.149034 0.030451 1.939002 0.508848 -0.073319 0.856962 0.036254
0.148722 0.031575 1.939410 0.508535 -0.071637 0.857373 0.034217
0.148428 0.032588 1.939761 0.508123 -0.070239 0.857808 0.032289
0.148019 0.033953 1.940214 0.507459 -0.068653 0.858437 0.029305
