-0.029142 0.365372 1.461300 0.715327 -0.020957 0.698476 0.000543
-0.028728 0.365173 1.461410 0.715381 -0.020790 0.698424 0.000773
-0.028149 0.364854 1.461608 0.715380 -0.021058 0.698417 0.001239
-0.027570 0.364534 1.461793 0.715357 -0.021425 0.698428 0.001742
-0.027052 0.364252 1.461950 0.715328 -0.021767 0.698446 0.002187
-0.026657 0.364222 1.461556 0.715495 -0.021332 0.698287 0.002471
-0.026386 0.364245 1.460939 0.715659 -0.020656 0.698138 0.002839
-0.026188 0.364272 1.460382 0.715783 -0.020035 0.698028 0.003163
-0.026032 0.364298 1.459913 0.715875 -0.019511 0.697948 0.003429
-0.025683 0.364558 1.459613 0.715706 -0.018061 0.698159 0.003639
-0.025011 0.364740 1.459445 0.715498 -0.017009 0.698396 0.004059
-0.024271 0.364793 1.459331 0.715317 -0.016423 0.698592 0.004634
-0.023578 0.364789 1.459243 0.715160 -0.016072 0.698757 0.005214
-0.022971 0.365018 1.459149 0.715097 -0.015727 0.698832 0.004749
-0.022395 0.365397 1.459053 0.715120 -0.015327 0.698824 0.003884
-0.021866 0.365685 1.458976 0.715148 -0.015080 0.698803 0.003265
-0.021402 0.365903 1.458912 0.715171 -0.014927 0.698785 0.002827
-0.020980 0.366223 1.458737 0.715224 -0.014278 0.698743 0.002836
-0.020517 0.366705 1.458354 0.715334 -0.013199 0.698651 0.003118
-0.020061 0.367082 1.458006 0.715420 -0.012382 0.698576 0.003456
-0.019647 0.367374 1.457711 0.715481 -0.011773 0.698523 0.003791
-0.019370 0.367813 1.457391 0.715579 -0.010984 0.698435 0.003771
-0.019553 0.368922 1.456849 0.715884 -0.009136 0.698155 0.002553
-0.019900 0.369995 1.456339 0.716197 -0.007340 0.697859 0.001278
-0.020258 0.370914 1.455900 0.716469 -0.005808 0.697595 0.000180
-0.020554 0.371787 1.455445 0.716688 -0.004323 0.697380 -0.000813
-0.020421 0.373140 1.454354 0.716875 -0.001748 0.697197 -0.001856
-0.019960 0.374165 1.453254 0.717032 0.000221 0.697036 -0.002186
-0.019409 0.374913 1.452314 0.717154 0.001624 0.696909 -0.002160
-0.018873 0.375518 1.451521 0.717211 0.002615 0.696849 -0.002037
-0.018354 0.377129 1.450705 0.716941 0.003652 0.697118 -0.002985
-0.017774 0.378702 1.450057 0.716863 0.004511 0.697188 -0.004026
-0.017195 0.379977 1.449537 0.716827 0.005074 0.697216 -0.004759
-0.016663 0.381009 1.449105 0.716812 0.005457 0.697225 -0.005264
-0.015972 0.383194 1.447934 0.716839 0.006587 0.697165 -0.007681
-0.014906 0.385404 1.446507 0.717058 0.007902 0.696901 -0.009680
-0.013740 0.387103 1.445278 0.717266 0.008696 0.696661 -0.010865
-0.012633 0.388434 1.444249 0.717440 0.009177 0.696463 -0.011579
-0.011509 0.390592 1.442798 0.717113 0.010063 0.696759 -0.013198
-0.010077 0.393105 1.441023 0.716891 0.011488 0.696933 -0.014834
-0.008571 0.395057 1.439487 0.716790 0.012368 0.697002 -0.015714
-0.007167 0.396592 1.438197 0.716757 0.012902 0.697016 -0.016165
-0.005817 0.398826 1.436675 0.716433 0.013769 0.697292 -0.017805
-0.004041 0.401919 1.434749 0.716277 0.015511 0.697348 -0.020311
-0.002086 0.404327 1.433110 0.716256 0.016503 0.697301 -0.021813
-0.000218 0.406192 1.431749 0.716286 0.017021 0.697231 -0.022664
0.001477 0.408336 1.430169 0.716010 0.017813 0.697463 -0.023634
0.003302 0.411716 1.427502 0.715736 0.020607 0.697609 -0.025283
0.005227 0.414433 1.425059 0.715687 0.022775 0.697559 -0.026156
0.007046 0.416563 1.422991 0.715734 0.024305 0.697447 -0.026522
0.008665 0.418657 1.421056 0.715704 0.025431 0.697412 -0.027166
0.010441 0.422573 1.418266 0.715973 0.027994 0.696920 -0.030024
0.012574 0.425851 1.415813 0.716449 0.029827 0.696263 -0.032058
0.014722 0.428387 1.413790 0.716898 0.030902 0.695699 -0.033232
0.016696 0.430497 1.412054 0.717254 0.031588 0.695260 -0.034083
0.018571 0.434375 1.409342 0.717653 0.034810 0.694538 -0.037136
0.020977 0.437778 1.406776 0.718352 0.037471 0.693549 -0.039455
0.023540 0.440331 1.404657 0.718995 0.039032 0.692725 -0.040667
0.025959 0.442292 1.402914 0.719568 0.039943 0.692044 -0.041261
0.028068 0.445784 1.400448 0.720016 0.042347 0.691217 -0.044756
0.030720 0.449250 1.398003 0.720882 0.044816 0.689938 -0.048033
0.034053 0.451813 1.395992 0.721716 0.045898 0.688869 -0.049797
0.037498 0.453608 1.394387 0.722405 0.046041 0.688089 -0.050454
0.040458 0.456322 1.392028 0.722776 0.047624 0.687411 -0.052843
0.043470 0.459408 1.389132 0.723573 0.050476 0.686147 -0.055636
0.046982 0.461681 1.386617 0.724437 0.052107 0.684993 -0.057100
0.050524 0.463242 1.384572 0.725191 0.052752 0.684106 -0.057561
0.053615 0.465419 1.382327 0.725698 0.054414 0.683290 -0.059302
0.056682 0.468409 1.379812 0.726578 0.057593 0.681818 -0.062374
0.060411 0.470665 1.377717 0.727535 0.059370 0.680471 -0.064245
0.064429 0.472128 1.376067 0.728343 0.059897 0.679499 -0.064881
0.068114 0.473796 1.374321 0.728668 0.060394 0.679006 -0.065937
0.071428 0.476703 1.372061 0.729045 0.062992 0.678081 -0.068776
0.075224 0.478980 1.370152 0.729647 0.064528 0.677088 -0.070732
0.079210 0.480493 1.368662 0.730195 0.064947 0.676372 -0.071545
0.082906 0.481848 1.367221 0.730495 0.065054 0.675946 -0.072405
0.086365 0.484298 1.364933 0.730873 0.067713 0.674999 -0.074939
0.090463 0.486123 1.362904 0.731540 0.069336 0.673931 -0.076544
0.095257 0.487154 1.361252 0.732243 0.069584 0.673103 -0.076880
0.100130 0.487675 1.359883 0.732727 0.068761 0.672695 -0.076588
0.104163 0.489818 1.357601 0.733063 0.070517 0.671919 -0.078557
0.108263 0.491760 1.355534 0.733796 0.072168 0.670722 -0.080417
0.112879 0.492996 1.353826 0.734615 0.072649 0.669672 -0.081257
0.117624 0.493570 1.352527 0.735283 0.072164 0.669008 -0.081117
0.121476 0.495842 1.350268 0.735928 0.073141 0.667863 -0.083785
0.125097 0.498271 1.348147 0.737067 0.074725 0.666032 -0.086894
0.129191 0.499980 1.346396 0.738224 0.075295 0.664414 -0.088940
0.133471 0.500964 1.345058 0.739155 0.074955 0.663295 -0.089839
0.137307 0.502951 1.343053 0.739626 0.075571 0.662488 -0.091391
0.140957 0.505298 1.340941 0.740434 0.077403 0.661103 -0.093322
0.145112 0.506913 1.339178 0.741331 0.078192 0.659842 -0.094462
0.149530 0.507782 1.337828 0.742052 0.078003 0.659029 -0.094632
0.153661 0.509215 1.336106 0.742393 0.077758 0.658553 -0.095462
0.157451 0.511528 1.334104 0.743164 0.078572 0.657297 -0.097445
0.161539 0.513231 1.332465 0.744040 0.078656 0.656076 -0.098901
0.165722 0.514251 1.331216 0.744712 0.078074 0.655294 -0.099488
0.169668 0.515498 1.329852 0.745039 0.077683 0.654877 -0.100089
0.173491 0.517765 1.328191 0.745719 0.078321 0.653760 -0.101816
0.177705 0.519451 1.326870 0.746542 0.078182 0.652624 -0.103172
0.182260 0.520352 1.325886 0.747188 0.077278 0.651924 -0.103600
0.186729 0.521068 1.324903 0.747381 0.076103 0.651841 -0.103601
0.191044 0.522831 1.323257 0.747621 0.075988 0.651462 -0.104334
0.195414 0.524256 1.321824 0.748169 0.075453 0.650773 -0.105091
0.199695 0.525100 1.320726 0.748577 0.074522 0.650380 -0.105283
0.203625 0.525764 1.319803 0.748790 0.073573 0.650236 -0.105330
0.207543 0.527744 1.318700 0.749129 0.074095 0.649553 -0.106755
0.211809 0.529369 1.318078 0.749582 0.073815 0.648824 -0.108189
0.216155 0.530313 1.317750 0.749790 0.072978 0.648570 -0.108845
0.220222 0.530857 1.317552 0.749850 0.071959 0.648582 -0.109037
0.224422 0.532305 1.316330 0.749766 0.071456 0.648682 -0.109350
0.228914 0.533316 1.314978 0.750317 0.070539 0.648085 -0.109700
0.233593 0.533599 1.313904 0.750765 0.069133 0.647774 -0.109369
0.238041 0.533488 1.313107 0.751045 0.067565 0.647732 -0.108669
0.242412 0.534340 1.312010 0.751042 0.067553 0.647841 -0.108048
0.247021 0.535162 1.311163 0.751365 0.067179 0.647528 -0.107918
0.251598 0.535422 1.310633 0.751480 0.066311 0.647576 -0.107357
0.255819 0.535380 1.310270 0.751492 0.065296 0.647788 -0.106612
0.259849 0.536080 1.309492 0.751322 0.065431 0.648066 -0.106046
0.263816 0.537243 1.308595 0.751511 0.065769 0.647787 -0.106191
0.267424 0.538083 1.307975 0.751643 0.065761 0.647622 -0.106276
0.270572 0.538711 1.307523 0.751726 0.065622 0.647532 -0.106318
0.273516 0.539784 1.307044 0.751662 0.066311 0.647497 -0.106556
0.277018 0.541122 1.307012 0.751616 0.066989 0.647355 -0.107314
0.280708 0.541852 1.307319 0.751281 0.066959 0.647710 -0.107538
0.284223 0.542182 1.307667 0.750875 0.066637 0.648234 -0.107418
0.287449 0.542586 1.307802 0.750327 0.066735 0.648910 -0.107112
0.290487 0.543454 1.307536 0.750031 0.067551 0.649151 -0.107211
0.293261 0.544041 1.307371 0.749827 0.068001 0.649331 -0.107260
0.295693 0.544467 1.307286 0.749649 0.068247 0.649507 -0.107278
0.297799 0.544950 1.307144 0.749434 0.068556 0.649705 -0.107386
0.299918 0.545942 1.306429 0.749637 0.069351 0.649243 -0.108252
0.302053 0.546515 1.305810 0.749927 0.069720 0.648770 -0.108838
0.304068 0.546844 1.305350 0.750139 0.069836 0.648455 -0.109181
0.305880 0.547077 1.305000 0.750273 0.069844 0.648260 -0.109416
0.307672 0.547904 1.304461 0.750481 0.069935 0.647857 -0.110316
0.309410 0.548512 1.304055 0.750755 0.069763 0.647415 -0.111150
0.311009 0.548928 1.303758 0.750950 0.069521 0.647111 -0.111752
0.312415 0.549235 1.303534 0.751099 0.069274 0.646884 -0.112216
0.313494 0.549963 1.303288 0.751206 0.069843 0.646493 -0.113396
0.314297 0.550831 1.303243 0.751321 0.070553 0.646039 -0.114768
0.314904 0.551634 1.303246 0.751382 0.071169 0.645683 -0.115988
0.315485 0.552188 1.303189 0.751345 0.071581 0.645543 -0.116756
0.316897 0.551820 1.302655 0.751157 0.071912 0.645812 -0.116276
0.318493 0.551432 1.302290 0.751034 0.071770 0.645989 -0.116170
0.319922 0.551128 1.302138 0.750924 0.071492 0.646145 -0.116184
0.321187 0.550843 1.302041 0.750822 0.071193 0.646299 -0.116170
0.322236 0.550497 1.301807 0.750769 0.070977 0.646340 -0.116418
0.322882 0.550273 1.301424 0.750613 0.071092 0.646452 -0.116730
0.323247 0.550271 1.301165 0.750448 0.071340 0.646554 -0.117068
0.323196 0.550639 1.301093 0.750327 0.071822 0.646520 -0.117741
0.322948 0.550883 1.300972 0.750183 0.072701 0.646482 -0.118328
0.322525 0.550858 1.300783 0.749978 0.072788 0.646506 -0.119431
0.322190 0.550823 1.300602 0.749829 0.072358 0.646530 -0.120498
0.321913 0.550793 1.300451 0.749704 0.072006 0.646559 -0.121329
0.321550 0.550681 1.300318 0.749526 0.072317 0.646629 -0.121872
0.320532 0.550261 1.300162 0.749157 0.073205 0.646781 -0.122800
0.319504 0.549983 1.299935 0.748913 0.073363 0.646836 -0.123898
0.318552 0.549813 1.299732 0.748706 0.073533 0.646885 -0.124788
0.317655 0.549696 1.299596 0.748506 0.073898 0.646941 -0.125481
0.315913 0.549336 1.299930 0.748152 0.074699 0.646935 -0.127134
0.314130 0.549162 1.300141 0.747905 0.074692 0.646838 -0.129074
0.312495 0.549091 1.300263 0.747665 0.074774 0.646792 -0.130637
0.310967 0.549178 1.300398 0.747546 0.074835 0.646615 -0.132146
0.308279 0.548890 1.300882 0.747143 0.075054 0.646684 -0.133957
0.305268 0.548605 1.300946 0.746989 0.074588 0.646484 -0.136024
0.302508 0.548450 1.300882 0.746867 0.074312 0.646300 -0.137708
0.300019 0.548472 1.300889 0.746825 0.074070 0.646030 -0.139322
0.296924 0.548352 1.301434 0.746577 0.073843 0.645993 -0.140934
0.293338 0.548221 1.301798 0.746542 0.073410 0.645655 -0.142882
0.290019 0.548216 1.301938 0.746529 0.073311 0.645319 -0.144513
0.287060 0.548320 1.302061 0.746532 0.073323 0.644985 -0.145972
0.283785 0.548382 1.302743 0.746348 0.072927 0.644868 -0.147621
0.279598 0.548513 1.303608 0.746293 0.072126 0.644458 -0.150060
0.275500 0.548868 1.304134 0.746276 0.071956 0.643978 -0.152272
0.271762 0.549332 1.304561 0.746226 0.072033 0.643556 -0.154247
0.268324 0.549539 1.305213 0.745999 0.071224 0.643529 -0.155830
0.264018 0.549585 1.305724 0.745831 0.070519 0.643500 -0.157069
0.259403 0.550012 1.305859 0.745811 0.070774 0.643169 -0.158401
0.255111 0.550563 1.305922 0.745754 0.071251 0.642862 -0.159696
0.251194 0.551054 1.306159 0.745586 0.071684 0.642783 -0.160601
0.246407 0.551434 1.306692 0.745342 0.072588 0.642878 -0.160948
0.241284 0.552051 1.306852 0.745145 0.074311 0.642783 -0.161454
0.236456 0.552805 1.306913 0.744932 0.076070 0.642647 -0.162156
0.232138 0.553533 1.307056 0.744667 0.077390 0.642615 -0.162874
0.227432 0.553905 1.307495 0.744495 0.076248 0.642766 -0.163602
0.222011 0.554608 1.307480 0.744531 0.076556 0.642442 -0.164566
0.216727 0.555475 1.307340 0.744523 0.077362 0.642072 -0.165663
0.211998 0.556263 1.307149 0.744386 0.078662 0.641887 -0.166384
0.207122 0.557060 1.307464 0.744218 0.077312 0.642092 -0.166975
0.201463 0.558123 1.307380 0.744168 0.078574 0.641958 -0.167119
0.196051 0.559177 1.307131 0.743992 0.080641 0.641916 -0.167080
0.191343 0.559971 1.306791 0.743724 0.082882 0.642029 -0.166741
0.186785 0.560656 1.306857 0.743397 0.081684 0.642603 -0.166582
0.181096 0.561746 1.306674 0.743326 0.082016 0.642645 -0.166578
0.175449 0.562836 1.306259 0.743147 0.083613 0.642708 -0.166338
0.170358 0.563762 1.305768 0.742853 0.085822 0.642889 -0.165823
0.165666 0.564669 1.305810 0.742560 0.085676 0.643372 -0.165337
0.160217 0.565943 1.305976 0.742493 0.086595 0.643500 -0.164661
0.154817 0.567180 1.305890 0.742359 0.088963 0.643541 -0.163838
0.149911 0.568270 1.305720 0.742138 0.091684 0.643612 -0.163060
0.145368 0.569319 1.305728 0.741908 0.092695 0.643909 -0.162361
0.139644 0.570911 1.305811 0.741977 0.092106 0.643876 -0.162512
0.133500 0.572664 1.305731 0.742048 0.092679 0.643582 -0.163025
0.127691 0.574226 1.305496 0.741972 0.094321 0.643362 -0.163296
0.122498 0.575725 1.305485 0.741946 0.094168 0.643217 -0.164073
0.116902 0.577668 1.305914 0.741979 0.092717 0.643286 -0.164476
0.110955 0.579630 1.306051 0.742106 0.093946 0.642924 -0.164625
0.105302 0.581404 1.306039 0.742113 0.096426 0.642552 -0.164608
0.100213 0.583008 1.306052 0.742114 0.098455 0.642201 -0.164776
0.094573 0.585267 1.306603 0.742407 0.096446 0.641932 -0.165694
0.088211 0.587659 1.307007 0.742635 0.096907 0.641409 -0.166426
0.081903 0.589909 1.307267 0.742720 0.099099 0.640805 -0.167076
0.076043 0.591949 1.307478 0.742735 0.101815 0.640154 -0.167879
0.070376 0.594427 1.308283 0.743151 0.099973 0.639703 -0.168856
0.064253 0.596975 1.309012 0.743430 0.100700 0.639063 -0.169615
0.058294 0.599388 1.309718 0.743711 0.101936 0.638139 -0.171123
0.052857 0.601567 1.310434 0.743969 0.102942 0.637143 -0.173094
0.047535 0.604068 1.311565 0.744387 0.101752 0.636532 -0.174246
0.041318 0.606942 1.312942 0.744955 0.101566 0.635323 -0.176322
0.035001 0.609665 1.314110 0.745443 0.102472 0.633874 -0.178934
0.029071 0.612081 1.315010 0.745749 0.104300 0.632497 -0.181462
0.023641 0.614513 1.315840 0.746016 0.105135 0.631591 -0.183030
0.018212 0.616921 1.316561 0.746193 0.106053 0.630898 -0.184160
0.013060 0.619093 1.317220 0.746372 0.107277 0.630021 -0.185725
0.008440 0.620964 1.317796 0.746489 0.108552 0.629187 -0.187334
0.004263 0.622721 1.318192 0.746393 0.109777 0.628954 -0.187787
-0.000284 0.624586 1.318386 0.746235 0.111264 0.628882 -0.187778
-0.004844 0.626304 1.318564 0.746089 0.113021 0.628561 -0.188385
-0.009014 0.627823 1.318736 0.745867 0.114978 0.628248 -0.189119
-0.012721 0.629243 1.318885 0.745782 0.116133 0.627980 -0.189639
-0.016734 0.630887 1.319101 0.745767 0.116210 0.627946 -0.189764
-0.020837 0.632444 1.319378 0.745612 0.116971 0.627798 -0.190392
-0.024768 0.633818 1.319650 0.745459 0.117858 0.627524 -0.191352
-0.028407 0.635015 1.319866 0.745313 0.118928 0.627246 -0.192164
-0.031476 0.636072 1.320207 0.745257 0.119456 0.627240 -0.192073
-0.034164 0.637015 1.320587 0.745197 0.119970 0.627160 -0.192246
-0.036395 0.637807 1.320930 0.745117 0.120427 0.627105 -0.192449
-0.038239 0.638473 1.321220 0.745039 0.120884 0.627052 -0.192639
-0.040110 0.639167 1.321726 0.744849 0.121454 0.627325 -0.192125
-0.042162 0.639884 1.322303 0.744646 0.122076 0.627436 -0.192157
-0.044195 0.640549 1.322795 0.744460 0.122862 0.627399 -0.192499
-0.046055 0.641125 1.323190 0.744289 0.123648 0.627319 -0.192913
-0.047860 0.641123 1.323293 0.744250 0.124894 0.627562 -0.191465
-0.050126 0.640912 1.322916 0.744353 0.126341 0.627574 -0.190074
-0.052582 0.640759 1.322448 0.744527 0.127932 0.627292 -0.189258
-0.054725 0.640604 1.322037 0.744657 0.129205 0.627083 -0.188571
-0.056479 0.639644 1.321789 0.744992 0.129548 0.627175 -0.186694
-0.058614 0.638233 1.321192 0.745487 0.129539 0.627233 -0.184518
-0.061125 0.637065 1.320472 0.745991 0.130128 0.626917 -0.183138
-0.063665 0.636124 1.319810 0.746432 0.130975 0.626450 -0.182332
-0.065617 0.634414 1.319440 0.747384 0.130758 0.625841 -0.180672
-0.067072 0.631574 1.318862 0.748419 0.128864 0.626006 -0.177144
-0.068721 0.629079 1.318057 0.749321 0.127758 0.625955 -0.174287
-0.070363 0.626981 1.317313 0.750069 0.127143 0.625787 -0.172113
-0.071562 0.624474 1.316889 0.751070 0.125835 0.625630 -0.169254
-0.072347 0.620191 1.316461 0.752147 0.121729 0.626735 -0.163277
-0.073859 0.616406 1.315628 0.753076 0.119099 0.627358 -0.158475
-0.075692 0.613237 1.314787 0.753859 0.117540 0.627600 -0.154919
-0.077400 0.610299 1.314158 0.754860 0.116198 0.627419 -0.151753
-0.078545 0.605733 1.313961 0.756715 0.111271 0.627443 -0.145996
-0.080547 0.601615 1.313421 0.758104 0.107885 0.627435 -0.141295
-0.082970 0.598181 1.312784 0.759242 0.105925 0.627135 -0.137962
-0.085358 0.595251 1.312214 0.760232 0.104752 0.626699 -0.135360
-0.086386 0.590182 1.311845 0.762247 0.099206 0.626658 -0.128206
-0.087718 0.585128 1.310957 0.763745 0.094453 0.626948 -0.121278
-0.089375 0.580826 1.309940 0.764977 0.091298 0.626936 -0.115870
-0.091054 0.577232 1.309028 0.765954 0.089153 0.626807 -0.111709
-0.091642 0.571963 1.308519 0.767680 0.083773 0.626755 -0.104059
-0.092224 0.566372 1.307634 0.768896 0.078376 0.627258 -0.095936
-0.093085 0.561581 1.306604 0.769861 0.074578 0.627503 -0.089395
-0.094014 0.557575 1.305683 0.770612 0.071851 0.627611 -0.084255
-0.094411 0.552690 1.304958 0.771511 0.067983 0.627834 -0.077290
-0.094859 0.547222 1.303745 0.772093 0.063869 0.628490 -0.069242
-0.095660 0.542519 1.302380 0.772562 0.061142 0.628866 -0.062747
-0.096578 0.538595 1.301167 0.772928 0.059300 0.629078 -0.057670
-0.096929 0.534423 1.300306 0.773478 0.056258 0.629144 -0.052392
-0.096293 0.529434 1.299437 0.773712 0.051437 0.629813 -0.045379
-0.095530 0.525043 1.298507 0.773773 0.047489 0.630464 -0.039188
-0.094789 0.521340 1.297714 0.773749 0.044306 0.631022 -0.034062
-0.093879 0.517848 1.297143 0.773850 0.040990 0.631367 -0.029183
-0.092267 0.513708 1.296620 0.773823 0.036174 0.631957 -0.022821
-0.090645 0.510030 1.296029 0.773644 0.032103 0.632576 -0.017124
-0.089188 0.506923 1.295519 0.773431 0.028777 0.633106 -0.012380
-0.087799 0.504187 1.295083 0.773255 0.025726 0.633517 -0.008396
-0.085249 0.500679 1.294226 0.772887 0.021204 0.634182 -0.002922
-0.082246 0.497248 1.293221 0.772350 0.016853 0.634967 0.002879
-0.079348 0.494232 1.292360 0.771802 0.012997 0.635678 0.008081
-0.076751 0.491648 1.291683 0.771303 0.009538 0.636275 0.012468
-0.073707 0.488645 1.291090 0.770819 0.003815 0.636806 0.017357
-0.070568 0.485793 1.290512 0.770180 -0.001448 0.637437 0.022247
-0.067706 0.483324 1.290026 0.769553 -0.005905 0.638004 0.026525
-0.065248 0.481257 1.289647 0.768993 -0.009577 0.638477 0.030079
-0.062042 0.478757 1.289126 0.768956 -0.016291 0.638224 0.033332
-0.058032 0.476001 1.288561 0.768586 -0.023274 0.638215 0.037637
-0.054067 0.473456 1.288113 0.768044 -0.029481 0.638345 0.041887
-0.050510 0.471248 1.287787 0.767477 -0.034755 0.638504 0.045642
-0.046843 0.468913 1.287105 0.766929 -0.040275 0.638521 0.049870
-0.042629 0.466194 1.286027 0.766195 -0.045907 0.638592 0.055120
-0.038585 0.463614 1.285045 0.765391 -0.050943 0.638718 0.060178
-0.035026 0.461368 1.284243 0.764641 -0.055227 0.638831 0.064573
-0.031501 0.459250 1.283280 0.764472 -0.060283 0.638253 0.067691
-0.027060 0.456694 1.282007 0.764358 -0.066369 0.637382 0.071393
-0.022575 0.454130 1.280926 0.763932 -0.072033 0.636807 0.075475
-0.018513 0.451823 1.280072 0.763410 -0.076968 0.636396 0.079251
-0.014681 0.449539 1.279273 0.763103 -0.082381 0.635755 0.081871
-0.009916 0.446296 1.278179 0.762528 -0.089414 0.635047 0.085270
-0.005101 0.442967 1.277174 0.761606 -0.095930 0.634632 0.089422
-0.000756 0.439964 1.276369 0.760634 -0.101571 0.634355 0.093344
0.003134 0.437374 1.275659 0.760026 -0.106662 0.633848 0.096025
0.007963 0.434526 1.274741 0.759898 -0.112588 0.632714 0.097735
0.013036 0.431489 1.274033 0.759267 -0.118450 0.631958 0.100554
0.017712 0.428661 1.273537 0.758455 -0.123727 0.631446 0.103500
0.021821 0.426169 1.273160 0.757766 -0.128271 0.630975 0.105868
0.026539 0.423136 1.272478 0.757567 -0.132845 0.630062 0.107083
0.031445 0.419698 1.271786 0.756796 -0.137508 0.629520 0.109802
0.035927 0.416467 1.271250 0.755871 -0.141802 0.629157 0.112748
0.039789 0.413643 1.270851 0.754968 -0.145484 0.628918 0.115418
0.044360 0.411074 1.270469 0.755033 -0.148537 0.628208 0.114963
0.049563 0.408046 1.270330 0.754441 -0.152198 0.627841 0.116064
