0.465301 0.289950 1.254257 0.710674 -0.046240 0.698848 0.066446
0.460538 0.291706 1.256298 0.710515 -0.046135 0.699114 0.065417
0.455753 0.293385 1.258324 0.710304 -0.045824 0.699420 0.064649
0.450951 0.295330 1.260803 0.710494 -0.046573 0.699297 0.063355
0.446208 0.297426 1.263643 0.710205 -0.046711 0.699678 0.062277
0.441452 0.299430 1.266489 0.709617 -0.046336 0.700371 0.061461
0.436626 0.301242 1.269166 0.709029 -0.045696 0.701058 0.060895
0.431562 0.303223 1.271820 0.709555 -0.045861 0.700595 0.059958
0.426500 0.305244 1.274619 0.709715 -0.045668 0.700528 0.058997
0.421434 0.307086 1.277339 0.709531 -0.045272 0.700820 0.058032
0.416347 0.308685 1.279890 0.709287 -0.044454 0.701162 0.057507
0.411275 0.310675 1.283027 0.710164 -0.043752 0.700311 0.057601
0.406356 0.312828 1.286727 0.710306 -0.043267 0.700237 0.057106
0.401456 0.314812 1.290416 0.709977 -0.042654 0.700656 0.056502
0.396518 0.316489 1.293848 0.709456 -0.041741 0.701270 0.056130
0.391539 0.318405 1.297815 0.709590 -0.040712 0.701148 0.056712
0.386656 0.320516 1.302316 0.709167 -0.040158 0.701629 0.056450
0.381750 0.322429 1.306680 0.708418 -0.039596 0.702458 0.055949
0.376779 0.323982 1.310629 0.707579 -0.038812 0.703379 0.055536
0.371732 0.325641 1.314702 0.707960 -0.036144 0.702993 0.057345
0.366752 0.327274 1.318993 0.707868 -0.034159 0.703111 0.058240
0.361759 0.328607 1.323032 0.707438 -0.032425 0.703581 0.058763
0.356732 0.329548 1.326641 0.706843 -0.030766 0.704220 0.059153
0.351574 0.330631 1.330556 0.707308 -0.027307 0.703641 0.062119
0.346473 0.331953 1.335038 0.707368 -0.024947 0.703527 0.063702
0.341371 0.333071 1.339356 0.707048 -0.023079 0.703830 0.064601
0.336242 0.333809 1.343218 0.706565 -0.021394 0.704313 0.065210
0.331151 0.334801 1.347665 0.707081 -0.018239 0.703605 0.068155
0.326234 0.336077 1.352977 0.707038 -0.016380 0.703539 0.069723
0.321324 0.337086 1.358076 0.706597 -0.015082 0.703930 0.070541
0.316370 0.337646 1.362579 0.706027 -0.013933 0.704473 0.071064
0.311478 0.338201 1.367164 0.706038 -0.011846 0.704230 0.073692
0.306682 0.338781 1.372047 0.705766 -0.009629 0.704239 0.076471
0.301858 0.339003 1.376522 0.705275 -0.007841 0.704531 0.078493
0.296993 0.338786 1.380396 0.704713 -0.006246 0.704933 0.080066
0.292414 0.338602 1.384987 0.703947 -0.004569 0.705368 0.083032
0.288190 0.338579 1.390722 0.702406 -0.003302 0.706521 0.086277
0.283940 0.338246 1.396126 0.700794 -0.002491 0.707816 0.088758
0.279589 0.337503 1.400805 0.699339 -0.001826 0.709014 0.090676
0.275435 0.336802 1.406060 0.698035 -0.000730 0.709931 0.093510
0.271658 0.336261 1.412568 0.696018 0.000079 0.711459 0.096870
0.267820 0.335390 1.418616 0.694023 0.000735 0.712997 0.099835
0.263835 0.334118 1.423793 0.692282 0.001191 0.714362 0.102136
0.260004 0.332818 1.429294 0.690605 0.001957 0.715561 0.105039
0.256563 0.331566 1.435915 0.688124 0.002081 0.717453 0.108361
0.253032 0.329973 1.441948 0.685786 0.001729 0.719294 0.110953
0.249330 0.328032 1.447063 0.683789 0.001369 0.720878 0.112981
0.245646 0.326062 1.452268 0.682000 0.002624 0.722054 0.116223
0.242297 0.324270 1.458772 0.679441 0.003277 0.723925 0.119512
0.238821 0.323010 1.464747 0.676885 0.003498 0.725988 0.121475
0.234948 0.322559 1.469774 0.674762 0.004179 0.727868 0.122013
0.230755 0.323076 1.474675 0.673002 0.007154 0.729374 0.122602
0.226613 0.324463 1.480830 0.670437 0.010157 0.731728 0.122416
0.222216 0.326381 1.486813 0.667893 0.012371 0.734304 0.120683
0.217425 0.328708 1.491959 0.665732 0.014716 0.736670 0.117902
0.212258 0.331453 1.496723 0.664095 0.018999 0.738532 0.114839
0.207057 0.334437 1.502387 0.661889 0.023907 0.740892 0.111401
0.201850 0.337569 1.508192 0.659547 0.027653 0.743498 0.106974
0.197059 0.340554 1.513468 0.657539 0.030502 0.745823 0.102270
0.192882 0.343138 1.518228 0.656254 0.033891 0.747374 0.098054
0.189661 0.345064 1.523575 0.654887 0.037146 0.748884 0.094425
0.187263 0.346390 1.529100 0.653112 0.038578 0.750752 0.091253
0.185418 0.347279 1.534161 0.651325 0.038962 0.752600 0.088605
0.183919 0.347982 1.538708 0.649960 0.040155 0.754001 0.086151
0.182944 0.348563 1.543828 0.648332 0.042351 0.755573 0.083554
0.182380 0.348801 1.549194 0.646299 0.042960 0.757527 0.081266
0.182018 0.348847 1.554441 0.644186 0.042488 0.759572 0.079177
0.181738 0.348905 1.559157 0.642605 0.042609 0.761109 0.077176
0.181850 0.349103 1.564225 0.641464 0.043882 0.762255 0.074605
0.182224 0.348962 1.569424 0.639859 0.043701 0.763818 0.072475
0.182631 0.348651 1.574108 0.638213 0.042898 0.765396 0.070796
0.183011 0.348349 1.578272 0.636992 0.042597 0.766577 0.069176
0.184118 0.347766 1.583381 0.635932 0.042261 0.767683 0.066847
0.185637 0.346588 1.588452 0.634271 0.040347 0.769265 0.065600
0.187105 0.345264 1.592860 0.632590 0.038215 0.770808 0.064992
0.188357 0.344110 1.596710 0.631295 0.036832 0.771996 0.064290
0.189819 0.343391 1.601519 0.630557 0.036511 0.772856 0.061315
0.191465 0.342324 1.606076 0.629297 0.034992 0.774107 0.059323
0.192964 0.341175 1.609980 0.627964 0.033393 0.775354 0.058071
0.194245 0.340179 1.613371 0.626825 0.032505 0.776379 0.057184
0.196157 0.339611 1.617975 0.626020 0.033117 0.777155 0.055074
0.198498 0.338409 1.622425 0.624634 0.031885 0.778390 0.054076
0.200698 0.336992 1.626234 0.623164 0.030358 0.779642 0.053881
0.202608 0.335689 1.629478 0.621864 0.029199 0.780720 0.053939
0.205223 0.335243 1.633711 0.621521 0.029060 0.781202 0.050908
0.208309 0.334126 1.637776 0.620588 0.027185 0.782126 0.049097
0.211195 0.332699 1.641233 0.619478 0.025139 0.783116 0.048420
0.213702 0.331307 1.644135 0.618386 0.023430 0.784037 0.048324
0.216476 0.330734 1.647772 0.617660 0.023472 0.784693 0.046920
0.219464 0.329783 1.651184 0.616537 0.022210 0.785665 0.046040
0.222184 0.328616 1.654038 0.615360 0.020838 0.786629 0.045965
0.224526 0.327470 1.656391 0.614242 0.019619 0.787517 0.046269
0.227311 0.327279 1.659645 0.613576 0.020455 0.788108 0.044629
0.230533 0.326597 1.662944 0.612523 0.019277 0.789047 0.043018
0.233538 0.325534 1.665718 0.611396 0.017822 0.789982 0.042501
0.236165 0.324411 1.667994 0.610327 0.016488 0.790833 0.042553
0.239246 0.324102 1.670570 0.610039 0.017395 0.791092 0.041529
0.242827 0.323354 1.673199 0.609584 0.016250 0.791550 0.039909
0.246183 0.322186 1.675400 0.609001 0.014720 0.792054 0.039405
0.249129 0.320943 1.677186 0.608418 0.013281 0.792521 0.039506
0.252447 0.320318 1.679660 0.607668 0.013792 0.793052 0.040209
0.256198 0.319282 1.682431 0.606645 0.012545 0.793838 0.040556
0.259673 0.317876 1.684764 0.605678 0.010884 0.794548 0.041572
0.262710 0.316448 1.686652 0.604835 0.009321 0.795143 0.042839
0.265974 0.315887 1.688898 0.603858 0.009069 0.795847 0.043601
0.269531 0.315381 1.691232 0.602748 0.007898 0.796703 0.043542
0.272763 0.314580 1.693123 0.601787 0.006578 0.797413 0.044068
0.275565 0.313727 1.694619 0.600986 0.005400 0.797981 0.044862
0.278655 0.313603 1.696313 0.600280 0.005343 0.798504 0.045021
0.282227 0.313443 1.698098 0.599583 0.004599 0.799056 0.044582
0.285535 0.312859 1.699526 0.598998 0.003539 0.799484 0.044876
0.288435 0.312147 1.700639 0.598526 0.002520 0.799805 0.045520
0.291478 0.311991 1.702103 0.597789 0.002123 0.800366 0.045367
0.294982 0.311808 1.703878 0.596800 0.000917 0.801159 0.044420
0.298235 0.311197 1.705312 0.595980 -0.000529 0.801777 0.044288
0.301091 0.310460 1.706428 0.595325 -0.001855 0.802244 0.044598
0.304231 0.310278 1.707624 0.594904 -0.002094 0.802572 0.044310
0.308225 0.309961 1.708986 0.594620 -0.002873 0.802832 0.043355
0.312047 0.309007 1.710065 0.594417 -0.004230 0.802971 0.043460
0.315450 0.307862 1.710884 0.594287 -0.005634 0.803024 0.044087
0.318850 0.307171 1.711706 0.594134 -0.006542 0.803123 0.044221
0.322742 0.306718 1.712484 0.593962 -0.007599 0.803277 0.043555
0.326339 0.305911 1.712965 0.593906 -0.008778 0.803300 0.043685
0.329489 0.305014 1.713260 0.593919 -0.009869 0.803249 0.044201
0.332622 0.304587 1.713690 0.593867 -0.010667 0.803296 0.043875
0.336355 0.304440 1.714505 0.593634 -0.011870 0.803543 0.042153
0.339825 0.303824 1.715169 0.593466 -0.013364 0.803687 0.041323
0.342875 0.303052 1.715666 0.593365 -0.014779 0.803750 0.041053
0.345867 0.302651 1.716070 0.593376 -0.015818 0.803773 0.040048
0.349575 0.302581 1.716307 0.593593 -0.016634 0.803705 0.037804
0.353094 0.302014 1.716306 0.593890 -0.017647 0.803513 0.036750
0.356218 0.301255 1.716197 0.594205 -0.018654 0.803274 0.036380
0.359286 0.300875 1.716076 0.594571 -0.019895 0.803013 0.035475
0.363052 0.301450 1.715827 0.595129 -0.021454 0.802678 0.032699
0.366441 0.301779 1.715378 0.595729 -0.022651 0.802275 0.030798
0.369360 0.301941 1.714877 0.596306 -0.023587 0.801866 0.029546
0.372084 0.302244 1.714359 0.596876 -0.024226 0.801464 0.028434
0.375507 0.302998 1.713409 0.597679 -0.024405 0.800913 0.026903
0.378740 0.303324 1.712184 0.598582 -0.024485 0.800254 0.026344
0.381597 0.303395 1.710970 0.599448 -0.024567 0.799604 0.026312
0.384231 0.303556 1.709849 0.600298 -0.024882 0.798972 0.025813
0.387416 0.304452 1.708604 0.601438 -0.025492 0.798176 0.023169
0.390308 0.305061 1.707331 0.602526 -0.025907 0.797393 0.021320
0.392808 0.305456 1.706161 0.603498 -0.026236 0.796680 0.020078
0.395052 0.305851 1.705082 0.604429 -0.026453 0.795992 0.019000
0.397927 0.306793 1.703407 0.605942 -0.026168 0.794894 0.017137
0.400659 0.307401 1.701478 0.607490 -0.025690 0.793746 0.016195
0.403071 0.307755 1.699649 0.608899 -0.025264 0.792688 0.015803
0.405193 0.308043 1.698057 0.610104 -0.025033 0.791775 0.015461
0.407512 0.308988 1.696766 0.610995 -0.025588 0.791108 0.013347
0.409502 0.309911 1.695541 0.611805 -0.025833 0.790503 0.011511
0.411158 0.310717 1.694434 0.612532 -0.025893 0.789957 0.010081
0.412658 0.311092 1.693658 0.612980 -0.026912 0.789586 0.009319
0.414396 0.311093 1.693420 0.612765 -0.030595 0.789622 0.008956
0.415835 0.311275 1.693191 0.612561 -0.033354 0.789675 0.008342
0.416723 0.311957 1.692849 0.612549 -0.034155 0.789662 0.007225
0.417209 0.313025 1.692488 0.612601 -0.033932 0.789639 0.006192
0.417920 0.314283 1.692085 0.612229 -0.033826 0.789942 0.004875
0.418650 0.315400 1.691537 0.611933 -0.033037 0.790207 0.004505
0.419278 0.316361 1.690969 0.611737 -0.032183 0.790395 0.004248
0.419764 0.317230 1.690493 0.611566 -0.031337 0.790563 0.003868
0.420150 0.318511 1.690124 0.611077 -0.031998 0.790919 0.002728
0.420410 0.319855 1.689727 0.610655 -0.032253 0.791235 0.002504
0.420564 0.321096 1.689376 0.610304 -0.032389 0.791502 0.002054
0.420678 0.322105 1.689073 0.610009 -0.032630 0.791720 0.001670
0.420846 0.323330 1.688977 0.609583 -0.034156 0.791985 0.001015
0.420932 0.324604 1.688986 0.609219 -0.035234 0.792218 0.001127
0.421000 0.325702 1.688942 0.609015 -0.035813 0.792348 0.001630
0.421028 0.326680 1.688891 0.608862 -0.036148 0.792451 0.001808
0.420955 0.328005 1.689155 0.608373 -0.037571 0.792759 0.001877
0.420719 0.329463 1.689497 0.607917 -0.038533 0.793059 0.002972
0.420435 0.330810 1.689780 0.607594 -0.038916 0.793283 0.004127
0.420152 0.332015 1.689989 0.607370 -0.038866 0.793451 0.005207
0.419708 0.333583 1.690367 0.606884 -0.039342 0.793795 0.005780
0.418948 0.335519 1.690926 0.606277 -0.039372 0.794251 0.006522
0.418013 0.337559 1.691534 0.605741 -0.039021 0.794680 0.006263
0.417030 0.339573 1.692094 0.605286 -0.038296 0.795066 0.005664
0.416151 0.341869 1.692693 0.604803 -0.038107 0.795438 0.006358
0.415077 0.344588 1.693198 0.604443 -0.037965 0.795711 0.007164
0.413896 0.347230 1.693687 0.604126 -0.037712 0.795964 0.007181
0.412731 0.349678 1.694142 0.603844 -0.037290 0.796201 0.006756
0.411787 0.352182 1.694755 0.603623 -0.036866 0.796385 0.007063
0.410881 0.354706 1.695684 0.603392 -0.036967 0.796557 0.007101
0.409952 0.356993 1.696648 0.603143 -0.037065 0.796744 0.006668
0.409219 0.358845 1.697405 0.602983 -0.037185 0.796857 0.006812
0.408778 0.360418 1.697964 0.602867 -0.037701 0.796908 0.008271
0.408279 0.362147 1.698483 0.602737 -0.038398 0.796952 0.010085
0.407736 0.363678 1.698995 0.602553 -0.038792 0.797053 0.011438
0.407118 0.365151 1.699520 0.602333 -0.038714 0.797212 0.012161
0.406518 0.366885 1.700010 0.602202 -0.038508 0.797308 0.013042
0.405839 0.368937 1.700487 0.602104 -0.038596 0.797362 0.013976
0.405099 0.370909 1.700914 0.602036 -0.038367 0.797415 0.014518
0.404442 0.372681 1.701234 0.602075 -0.038108 0.797392 0.014831
