-0.046676 0.359817 1.467322 0.699812 0.011674 0.714229 0.001866
-0.046627 0.359726 1.467725 0.699502 0.011778 0.714532 0.001600
-0.046545 0.359629 1.468086 0.699259 0.011765 0.714770 0.001410
-0.046459 0.359540 1.468392 0.699059 0.011714 0.714966 0.001270
-0.046268 0.359376 1.468643 0.698911 0.011566 0.715114 0.001337
-0.045831 0.359085 1.468866 0.698728 0.011195 0.715297 0.001792
-0.045355 0.358784 1.469057 0.698570 0.010742 0.715458 0.002321
-0.044926 0.358516 1.469219 0.698442 0.010321 0.715587 0.002797
-0.044787 0.358352 1.469081 0.698511 0.010025 0.715523 0.002956
-0.044993 0.358355 1.468734 0.698607 0.010279 0.715426 0.002825
-0.045296 0.358421 1.468408 0.698694 0.010686 0.715336 0.002577
-0.045592 0.358500 1.468132 0.698767 0.011099 0.715259 0.002322
-0.045502 0.358475 1.467787 0.698563 0.011280 0.715456 0.002491
-0.045081 0.358286 1.467441 0.698315 0.011145 0.715697 0.003177
-0.044606 0.358063 1.467156 0.698107 0.010890 0.715900 0.003927
-0.044181 0.357906 1.466898 0.698004 0.010800 0.715999 0.004483
-0.043766 0.358112 1.466355 0.698265 0.011771 0.715730 0.004264
-0.043330 0.358268 1.465820 0.698467 0.012568 0.715520 0.004256
-0.042929 0.358366 1.465376 0.698613 0.013152 0.715365 0.004347
-0.042590 0.358537 1.464944 0.698660 0.013666 0.715311 0.004107
-0.042324 0.358945 1.464343 0.698582 0.014604 0.715373 0.003222
-0.042087 0.359270 1.463806 0.698531 0.015385 0.715410 0.002605
-0.041877 0.359523 1.463365 0.698482 0.015989 0.715446 0.002166
-0.041588 0.360093 1.462676 0.698516 0.016989 0.715391 0.001397
-0.040920 0.361023 1.461452 0.698639 0.018614 0.715232 0.000692
-0.040125 0.361672 1.460365 0.698737 0.019728 0.715107 0.000570
-0.039372 0.362138 1.459467 0.698813 0.020490 0.715011 0.000680
-0.038496 0.363224 1.458314 0.698804 0.021534 0.714989 -0.000234
-0.037157 0.364578 1.456918 0.698900 0.022703 0.714858 -0.001046
-0.035739 0.365536 1.455747 0.698991 0.023299 0.714750 -0.001187
-0.034445 0.366242 1.454790 0.699063 0.023603 0.714670 -0.001048
-0.033096 0.367971 1.453427 0.698655 0.024321 0.715042 -0.002066
-0.031496 0.369789 1.451952 0.698447 0.025177 0.715214 -0.002751
-0.029937 0.371164 1.450726 0.698321 0.025594 0.715321 -0.002909
-0.028552 0.372261 1.449711 0.698205 0.025739 0.715430 -0.002924
-0.026919 0.374833 1.448532 0.697362 0.026152 0.716224 -0.004908
-0.024912 0.377107 1.447596 0.696907 0.026165 0.716657 -0.006244
-0.022948 0.378821 1.446870 0.696590 0.025772 0.716973 -0.006878
-0.021193 0.380379 1.446176 0.696220 0.025103 0.717349 -0.007606
-0.019268 0.383540 1.444429 0.695956 0.025301 0.717559 -0.010683
-0.017167 0.386160 1.442768 0.695960 0.025382 0.717519 -0.012687
-0.015191 0.388171 1.441397 0.696010 0.025183 0.717456 -0.013864
-0.013401 0.390275 1.440090 0.695610 0.025032 0.717835 -0.014592
-0.011269 0.393716 1.438543 0.694877 0.025888 0.718494 -0.015520
-0.008980 0.396476 1.437336 0.694449 0.026079 0.718893 -0.015928
-0.006851 0.398621 1.436379 0.694164 0.025916 0.719174 -0.015927
-0.004968 0.401363 1.435041 0.693519 0.026141 0.719781 -0.016259
-0.003106 0.405433 1.432891 0.693161 0.028066 0.720021 -0.017592
-0.001286 0.408745 1.431052 0.693054 0.029463 0.720047 -0.018435
0.000356 0.411386 1.429546 0.693054 0.030399 0.719997 -0.018897
0.001932 0.414907 1.427401 0.692593 0.031833 0.720355 -0.019734
0.004136 0.419059 1.424560 0.692637 0.034175 0.720179 -0.020724
0.006673 0.422204 1.422180 0.692787 0.035462 0.719971 -0.020756
0.009096 0.424604 1.420250 0.692954 0.036109 0.719790 -0.020336
0.011377 0.428217 1.417766 0.692425 0.036773 0.720250 -0.020849
0.013891 0.432003 1.415247 0.692417 0.037753 0.720181 -0.021718
0.016373 0.434947 1.413204 0.692505 0.038148 0.720068 -0.021986
0.018601 0.437288 1.411543 0.692619 0.038233 0.719954 -0.021981
0.020861 0.441250 1.409050 0.692680 0.039427 0.719760 -0.024181
0.023708 0.444815 1.406761 0.693273 0.040358 0.719075 -0.025965
0.026653 0.447462 1.404956 0.693767 0.040483 0.718565 -0.026718
0.029373 0.449664 1.403393 0.693986 0.040301 0.718350 -0.027046
0.032239 0.453224 1.400828 0.693982 0.041917 0.718218 -0.028197
0.035336 0.456080 1.398541 0.694277 0.042996 0.717846 -0.028735
0.038261 0.458224 1.396693 0.694564 0.043457 0.717544 -0.028704
0.040889 0.460354 1.394875 0.694731 0.044052 0.717338 -0.028866
0.043836 0.463562 1.392026 0.695569 0.046552 0.716311 -0.030240
0.046974 0.465928 1.389531 0.696423 0.048147 0.715357 -0.030679
0.049905 0.467663 1.387505 0.697143 0.049028 0.714600 -0.030569
0.052638 0.469764 1.385360 0.697497 0.049994 0.714171 -0.030969
0.055919 0.472602 1.382657 0.698251 0.051657 0.713262 -0.032149
0.059371 0.474605 1.380456 0.698930 0.052355 0.712536 -0.032378
0.062573 0.476047 1.378701 0.699482 0.052505 0.711994 -0.032122
0.065571 0.478301 1.376575 0.700054 0.054237 0.711273 -0.032764
0.069023 0.480970 1.374182 0.701250 0.056782 0.709838 -0.033988
0.072546 0.482827 1.372296 0.702219 0.058134 0.708754 -0.034291
0.075773 0.484163 1.370812 0.702994 0.058808 0.707938 -0.034143
0.078981 0.486579 1.368722 0.703241 0.061088 0.707459 -0.034960
0.082750 0.488892 1.366686 0.703807 0.063273 0.706671 -0.035625
0.086536 0.490439 1.365130 0.704245 0.064301 0.706148 -0.035476
0.089974 0.491532 1.363922 0.704601 0.064723 0.705777 -0.035010
0.093538 0.493847 1.361900 0.705232 0.066318 0.704897 -0.037022
0.097592 0.495578 1.360165 0.706096 0.067212 0.703881 -0.038252
0.101549 0.496655 1.358850 0.706744 0.067276 0.703207 -0.038562
0.105103 0.497556 1.357696 0.707132 0.067123 0.702825 -0.038673
0.108650 0.500194 1.355158 0.707975 0.070202 0.701569 -0.040552
0.112668 0.502082 1.352874 0.709093 0.072266 0.700167 -0.041614
0.116621 0.503254 1.351084 0.709970 0.073255 0.699164 -0.041772
0.120253 0.504418 1.349383 0.710494 0.073756 0.698566 -0.042002
0.124292 0.506435 1.346710 0.711564 0.075089 0.697248 -0.043394
0.128822 0.507542 1.344421 0.712620 0.075389 0.696122 -0.043616
0.133205 0.508059 1.342630 0.713426 0.074994 0.695372 -0.043095
0.137213 0.509133 1.340723 0.713781 0.075012 0.695033 -0.042652
0.141291 0.511376 1.338291 0.714781 0.076181 0.693831 -0.043386
0.145442 0.512891 1.336393 0.715667 0.076478 0.692876 -0.043526
0.149270 0.513904 1.334936 0.716343 0.076288 0.692215 -0.043261
0.152845 0.515593 1.333080 0.717003 0.076129 0.691497 -0.044075
0.156574 0.517562 1.330888 0.718331 0.076070 0.690018 -0.045707
0.160163 0.518886 1.329145 0.719398 0.075591 0.688901 -0.046553
0.163369 0.519831 1.327775 0.720241 0.074953 0.688061 -0.046990
0.166594 0.521874 1.325904 0.721227 0.075547 0.686866 -0.048377
0.170468 0.523770 1.324225 0.722656 0.075793 0.685221 -0.049953
0.174462 0.524894 1.323044 0.723649 0.075279 0.684185 -0.050540
0.178162 0.525582 1.322173 0.724368 0.074480 0.683505 -0.050635
0.182111 0.527471 1.320627 0.725024 0.074902 0.682709 -0.051364
0.186622 0.528785 1.319392 0.725937 0.074579 0.681737 -0.051850
0.191112 0.529419 1.318545 0.726522 0.073652 0.681235 -0.051580
0.195230 0.529828 1.317858 0.726847 0.072652 0.681037 -0.051025
0.199495 0.531083 1.316288 0.727711 0.072693 0.680090 -0.051291
0.203818 0.531678 1.314916 0.728627 0.072213 0.679175 -0.051084
0.207821 0.531882 1.313860 0.729313 0.071426 0.678563 -0.050519
0.211447 0.532329 1.312887 0.729741 0.070886 0.678195 -0.050046
0.215635 0.533945 1.311970 0.730698 0.070687 0.677097 -0.051219
0.220122 0.534845 1.311639 0.731250 0.069656 0.676572 -0.051689
0.224384 0.535250 1.311525 0.731523 0.068355 0.676416 -0.051603
0.228401 0.536011 1.311109 0.731472 0.067848 0.676563 -0.051074
0.232711 0.537229 1.310124 0.731907 0.068005 0.676104 -0.050709
0.236931 0.537818 1.309419 0.732236 0.067578 0.675844 -0.049981
0.240751 0.538087 1.308928 0.732446 0.066915 0.675743 -0.049151
0.244352 0.539112 1.308292 0.732765 0.066848 0.675374 -0.049560
0.248341 0.540430 1.307994 0.733429 0.066724 0.674556 -0.051031
0.252338 0.541130 1.308021 0.733712 0.066049 0.674261 -0.051733
0.256002 0.541463 1.308124 0.733834 0.065213 0.674190 -0.051988
0.259749 0.542619 1.307786 0.733915 0.065331 0.674024 -0.052830
0.264042 0.543458 1.307610 0.734215 0.065046 0.673659 -0.053681
0.268339 0.543667 1.307662 0.734254 0.064218 0.673687 -0.053775
0.272275 0.543569 1.307789 0.734196 0.063225 0.673865 -0.053528
0.276215 0.544394 1.307410 0.734194 0.063771 0.673785 -0.053907
0.280309 0.544778 1.307220 0.734380 0.063832 0.673557 -0.054152
0.284194 0.544759 1.307200 0.734402 0.063453 0.673584 -0.053964
0.287665 0.544654 1.307199 0.734295 0.063009 0.673766 -0.053667
0.290960 0.545544 1.306787 0.734242 0.063765 0.673691 -0.054421
0.294055 0.546137 1.306581 0.734295 0.064105 0.673548 -0.055078
0.296813 0.546497 1.306493 0.734287 0.064180 0.673516 -0.055488
0.299207 0.546922 1.306351 0.734274 0.064397 0.673466 -0.056026
0.301771 0.547577 1.305918 0.734829 0.065412 0.672643 -0.057446
0.304544 0.547670 1.305652 0.735195 0.065790 0.672147 -0.058122
0.307217 0.547472 1.305503 0.735407 0.065776 0.671897 -0.058340
0.309684 0.547540 1.305334 0.735389 0.066011 0.671872 -0.058593
0.312101 0.548175 1.305389 0.735355 0.066661 0.671766 -0.059486
0.314367 0.548608 1.305666 0.735184 0.066926 0.671869 -0.060137
0.316357 0.548890 1.305934 0.734991 0.067037 0.672029 -0.060586
0.317989 0.549283 1.305779 0.735133 0.067094 0.671765 -0.061715
0.319244 0.549582 1.304939 0.735943 0.067343 0.670716 -0.063203
0.320283 0.549768 1.304154 0.736736 0.067514 0.669715 -0.064363
0.321137 0.549950 1.303565 0.737391 0.067594 0.668893 -0.065328
0.321843 0.550596 1.303053 0.738137 0.067968 0.667856 -0.067101
0.322515 0.551343 1.302739 0.738905 0.068376 0.666762 -0.069083
0.323155 0.551912 1.302514 0.739457 0.068658 0.665962 -0.070602
0.323722 0.552348 1.302324 0.739884 0.068863 0.665341 -0.071774
0.324103 0.552917 1.302160 0.740155 0.069037 0.664790 -0.073892
0.324257 0.553577 1.302117 0.740381 0.069396 0.664275 -0.075885
0.324453 0.554045 1.302078 0.740460 0.069570 0.664010 -0.077267
0.325159 0.553781 1.301859 0.740261 0.069421 0.664244 -0.077304
0.325539 0.553543 1.301762 0.739981 0.070921 0.664380 -0.077442
0.325544 0.553705 1.301820 0.739826 0.071625 0.664364 -0.078413
0.325326 0.554073 1.301935 0.739717 0.071868 0.664312 -0.079641
0.325035 0.554334 1.302093 0.739516 0.072416 0.664366 -0.080560
0.324354 0.554347 1.302487 0.739324 0.073310 0.664309 -0.081969
0.323715 0.554485 1.302889 0.739279 0.072823 0.664164 -0.083960
0.323120 0.554662 1.303246 0.739140 0.072437 0.664161 -0.085525
0.322287 0.554756 1.303782 0.739139 0.071689 0.663995 -0.087436
0.320795 0.554755 1.304450 0.739052 0.070576 0.663935 -0.089504
0.319240 0.554888 1.304831 0.738997 0.070051 0.663828 -0.091158
0.317753 0.555131 1.305125 0.738978 0.069756 0.663677 -0.092620
0.315798 0.555222 1.305792 0.738746 0.069513 0.663752 -0.094098
0.313190 0.555231 1.306490 0.738328 0.068560 0.664084 -0.095732
0.310644 0.555417 1.306913 0.737993 0.068019 0.664302 -0.097174
0.308225 0.555776 1.307222 0.737854 0.067833 0.664259 -0.098643
0.305207 0.555834 1.308225 0.737416 0.067119 0.664629 -0.099901
0.301540 0.555967 1.308996 0.737161 0.066189 0.664770 -0.101454
0.298038 0.556261 1.309423 0.736983 0.065794 0.664793 -0.102845
0.294903 0.556640 1.309767 0.736870 0.065609 0.664730 -0.104175
0.290946 0.556678 1.310808 0.736391 0.065410 0.665174 -0.104842
0.286219 0.556959 1.311365 0.736042 0.065861 0.665398 -0.105593
0.281650 0.557476 1.311638 0.735772 0.066664 0.665479 -0.106455
0.277551 0.558043 1.311932 0.735526 0.067268 0.665536 -0.107411
0.273015 0.558096 1.312469 0.735227 0.066146 0.665887 -0.107989
0.267875 0.558607 1.312455 0.735201 0.066373 0.665758 -0.108817
0.263022 0.559290 1.312317 0.735168 0.067012 0.665582 -0.109718
0.258644 0.559900 1.312376 0.735016 0.067345 0.665596 -0.110443
0.253396 0.560260 1.312726 0.734909 0.066478 0.665726 -0.110894
0.247594 0.560879 1.312497 0.734904 0.066827 0.665603 -0.111454
0.241988 0.561711 1.312145 0.734914 0.067651 0.665372 -0.112277
0.236941 0.562245 1.312138 0.734791 0.067375 0.665434 -0.112872
0.231270 0.562515 1.312217 0.734876 0.066815 0.665336 -0.113227
0.225100 0.563173 1.311930 0.734992 0.067534 0.665017 -0.113924
0.219306 0.563938 1.311517 0.735077 0.068582 0.664667 -0.114785
0.213884 0.564433 1.311485 0.734994 0.068786 0.664682 -0.115113
0.207642 0.564799 1.311302 0.735036 0.069137 0.664581 -0.115213
0.201058 0.565411 1.310770 0.735079 0.070374 0.664327 -0.115653
0.194952 0.566062 1.310135 0.735051 0.071862 0.664115 -0.116139
0.189141 0.566660 1.310300 0.735023 0.071351 0.664103 -0.116694
0.182471 0.567571 1.310584 0.735306 0.071190 0.663561 -0.118085
0.175676 0.568675 1.310530 0.735558 0.072040 0.662896 -0.119721
0.169478 0.569737 1.310361 0.735711 0.073386 0.662304 -0.121230
0.163326 0.570621 1.310782 0.735825 0.072981 0.662101 -0.121890
0.156101 0.571949 1.310968 0.736170 0.073780 0.661342 -0.123439
0.149006 0.573384 1.310941 0.736484 0.075152 0.660476 -0.125360
0.142644 0.574666 1.310843 0.736682 0.076756 0.659749 -0.127039
0.135577 0.576118 1.310895 0.736878 0.077290 0.659255 -0.128133
0.127363 0.577968 1.310569 0.737179 0.079150 0.658298 -0.130180
0.119238 0.579919 1.310147 0.737440 0.081806 0.657191 -0.132629
0.111789 0.581721 1.309848 0.737668 0.084252 0.656143 -0.134998
0.104050 0.583581 1.310040 0.737833 0.086301 0.655321 -0.136779
0.096241 0.585569 1.310168 0.738016 0.088886 0.654242 -0.139282
0.089044 0.587418 1.310240 0.738145 0.091706 0.653147 -0.141884
0.082550 0.589105 1.310294 0.738226 0.094574 0.652192 -0.143962
0.075678 0.590978 1.310438 0.738323 0.097335 0.651226 -0.145978
0.068885 0.592874 1.310564 0.738410 0.100416 0.650091 -0.148490
0.062681 0.594613 1.310684 0.738474 0.103385 0.648946 -0.151122
0.056933 0.596361 1.310723 0.738527 0.106112 0.647924 -0.153340
0.050692 0.598388 1.310638 0.738485 0.109742 0.646885 -0.155362
0.044552 0.600385 1.310582 0.738660 0.113184 0.645401 -0.158205
0.038963 0.602163 1.310516 0.738838 0.116403 0.643918 -0.161050
0.033403 0.604127 1.310414 0.738779 0.120002 0.642768 -0.163263
0.026909 0.606508 1.310456 0.738629 0.124278 0.641368 -0.166218
0.020432 0.608790 1.310556 0.738492 0.128524 0.639796 -0.169624
0.014551 0.610801 1.310649 0.738226 0.132805 0.638419 -0.172646
0.008843 0.612864 1.310785 0.737975 0.137450 0.636878 -0.175748
0.003145 0.614916 1.311034 0.737708 0.142157 0.635193 -0.179186
-0.002027 0.616709 1.311273 0.737477 0.146288 0.633592 -0.182451
-0.006523 0.618212 1.311464 0.737307 0.149779 0.632131 -0.185353
-0.011046 0.619935 1.311465 0.736966 0.154468 0.630579 -0.188122
-0.015268 0.621511 1.311545 0.736524 0.158867 0.629223 -0.190715
-0.018969 0.622842 1.311627 0.736162 0.162534 0.627994 -0.193057
-0.022195 0.623978 1.311681 0.735882 0.165721 0.626854 -0.195110
-0.025897 0.625443 1.311863 0.735628 0.169699 0.625272 -0.197706
-0.029649 0.626868 1.312164 0.735412 0.173254 0.623630 -0.200592
-0.033039 0.628108 1.312460 0.735316 0.175977 0.622055 -0.203444
-0.036022 0.629077 1.312721 0.735353 0.178103 0.620504 -0.206180
-0.039149 0.629595 1.312388 0.735527 0.181026 0.618668 -0.208517
-0.042498 0.629974 1.311632 0.736003 0.184275 0.616346 -0.210858
-0.045330 0.630321 1.311161 0.736069 0.187055 0.614897 -0.212402
-0.047946 0.630248 1.310825 0.736238 0.189864 0.613268 -0.214027
-0.050943 0.629671 1.310329 0.736339 0.193082 0.611644 -0.215444
-0.053933 0.629191 1.309786 0.736443 0.196020 0.610094 -0.216826
-0.056747 0.628822 1.309300 0.736533 0.198653 0.608648 -0.218185
-0.059352 0.627700 1.309093 0.736682 0.200998 0.607193 -0.219580
-0.062416 0.626204 1.308801 0.736548 0.203576 0.606089 -0.220701
-0.065372 0.624934 1.308457 0.736393 0.205849 0.605154 -0.221674
-0.068115 0.623896 1.308138 0.736275 0.207928 0.604218 -0.222679
-0.069950 0.621096 1.308040 0.736381 0.209669 0.603661 -0.222207
-0.071348 0.617815 1.307392 0.736284 0.211277 0.603890 -0.220375
-0.072631 0.615006 1.306709 0.736265 0.212717 0.603968 -0.218831
-0.073709 0.612646 1.306173 0.736255 0.213862 0.604027 -0.217585
-0.074758 0.608509 1.305718 0.737231 0.212395 0.604086 -0.215546
-0.076439 0.604123 1.304683 0.738033 0.211874 0.604021 -0.213480
-0.078014 0.600209 1.303661 0.738632 0.211838 0.603939 -0.211673
-0.079282 0.596743 1.302844 0.739230 0.211696 0.603924 -0.209762
-0.080390 0.591762 1.301765 0.740400 0.208946 0.605104 -0.204934
-0.082291 0.586673 1.300212 0.741206 0.207831 0.605905 -0.200747
-0.083818 0.581859 1.298832 0.741768 0.207360 0.606533 -0.197226
-0.084237 0.577067 1.297754 0.742635 0.205407 0.607571 -0.192762
-0.084672 0.571188 1.296137 0.744969 0.198876 0.608817 -0.186581
-0.086039 0.565336 1.294218 0.746631 0.194766 0.609635 -0.181535
-0.087242 0.559855 1.292546 0.747853 0.192079 0.610226 -0.177331
-0.087400 0.554328 1.291474 0.748947 0.188615 0.611753 -0.171055
-0.087766 0.548331 1.290799 0.750421 0.182724 0.613734 -0.163737
-0.088958 0.542622 1.290362 0.751493 0.178326 0.615132 -0.158337
-0.090140 0.537361 1.290198 0.752216 0.175250 0.616198 -0.154138
-0.090246 0.531708 1.290280 0.753217 0.169772 0.618201 -0.147207
-0.090307 0.525412 1.290065 0.754772 0.162080 0.620083 -0.139809
-0.090279 0.519517 1.289816 0.756077 0.155991 0.621361 -0.133879
-0.089636 0.514195 1.289742 0.756872 0.151021 0.622738 -0.128583
-0.088175 0.508140 1.290157 0.757755 0.143776 0.625139 -0.119732
-0.086848 0.501836 1.290550 0.759099 0.135388 0.626899 -0.111526
-0.085811 0.496435 1.290789 0.760143 0.128809 0.628159 -0.104914
-0.085013 0.491949 1.290957 0.760899 0.123813 0.629105 -0.099645
-0.083287 0.486977 1.291938 0.761292 0.115873 0.631456 -0.090945
-0.081458 0.482295 1.292675 0.761405 0.108046 0.633830 -0.082762
-0.079924 0.478362 1.293173 0.761373 0.102040 0.635689 -0.076146
-0.078611 0.475035 1.293612 0.761325 0.097185 0.637161 -0.070469
-0.076585 0.470837 1.294110 0.761095 0.089708 0.639470 -0.061355
-0.074479 0.466713 1.294179 0.760438 0.082796 0.641989 -0.052239
-0.072653 0.463208 1.294095 0.759754 0.077413 0.644033 -0.044762
-0.071005 0.460257 1.294071 0.759393 0.072260 0.645486 -0.038049
-0.069024 0.457096 1.294057 0.760283 0.063461 0.645819 -0.029313
-0.067520 0.454203 1.294203 0.761367 0.055173 0.645624 -0.021150
-0.066640 0.451985 1.294449 0.762376 0.048722 0.645122 -0.015005
-0.065882 0.450118 1.294638 0.763405 0.042232 0.644476 -0.008972
-0.064215 0.448075 1.294902 0.764337 0.033137 0.643963 -0.001083
-0.062225 0.446109 1.295193 0.764757 0.024953 0.643805 0.006260
-0.060387 0.444445 1.295417 0.764987 0.018356 0.643667 0.012310
-0.058373 0.442877 1.295218 0.764672 0.011219 0.644030 0.019375
-0.055438 0.441055 1.294623 0.763996 0.003340 0.644616 0.027737
-0.052460 0.439345 1.294108 0.763262 -0.003389 0.645129 0.035053
-0.049851 0.437907 1.293698 0.762611 -0.008883 0.645493 0.041059
-0.047286 0.436867 1.292654 0.761719 -0.016007 0.645952 0.047699
-0.044438 0.435988 1.291336 0.761069 -0.022837 0.646018 0.053973
-0.041784 0.435179 1.290243 0.760451 -0.028479 0.646052 0.059317
-0.039536 0.434524 1.289352 0.759942 -0.033003 0.646024 0.063661
-0.036877 0.434343 1.288025 0.758743 -0.040677 0.646438 0.069072
-0.033646 0.434236 1.286989 0.757801 -0.047938 0.646503 0.073991
-0.030525 0.434057 1.286251 0.756896 -0.054120 0.646565 0.078314
-0.027782 0.433903 1.285623 0.755975 -0.059536 0.646697 0.082097
-0.024370 0.433826 1.284189 0.754812 -0.067426 0.646613 0.087198
-0.020516 0.433481 1.282944 0.753748 -0.074603 0.646376 0.092173
-0.016919 0.433043 1.281975 0.752735 -0.080694 0.646174 0.096631
-0.013740 0.432702 1.281064 0.751511 -0.086333 0.646185 0.101101
-0.009967 0.432746 1.279845 0.750203 -0.093605 0.645763 0.106880
-0.005987 0.432664 1.279023 0.748968 -0.100150 0.645352 0.111967
-0.002362 0.432502 1.278433 0.747847 -0.105683 0.644995 0.116353
0.000930 0.432409 1.277668 0.746523 -0.111183 0.644861 0.120395
0.004823 0.432192 1.276264 0.745289 -0.117422 0.644363 0.124707
0.008713 0.431691 1.275094 0.744087 -0.122979 0.643886 0.128928
0.012163 0.431167 1.274162 0.743024 -0.127647 0.643452 0.132630
0.015439 0.430777 1.273224 0.741730 -0.132399 0.643134 0.136698
0.019354 0.430339 1.272424 0.740420 -0.137753 0.642591 0.140995
0.023204 0.429756 1.271914 0.739103 -0.142603 0.642163 0.144976
0.026608 0.429187 1.271549 0.737941 -0.146712 0.641790 0.148407
0.030106 0.428801 1.270952 0.736794 -0.150722 0.641278 0.152245
0.034327 0.428229 1.270459 0.735675 -0.155112 0.640555 0.156248
0.038429 0.427471 1.270198 0.734471 -0.159250 0.639977 0.160063
0.042033 0.426733 1.270039 0.733388 -0.162828 0.639481 0.163379
0.045582 0.426157 1.269664 0.732383 -0.165662 0.639171 0.166229
0.049126 0.425457 1.269357 0.731442 -0.168355 0.638814 0.169016
0.052286 0.424741 1.269158 0.730563 -0.170809 0.638494 0.171543
0.054983 0.424113 1.268982 0.729849 -0.172909 0.638200 0.173560
