-0.053890 0.353844 1.456636 0.709741 0.001417 0.704458 -0.002202
-0.053512 0.353519 1.456778 0.709800 0.001074 0.704397 -0.002724
-0.053089 0.352979 1.456658 0.709976 0.000322 0.704217 -0.003394
-0.052703 0.352468 1.456500 0.710074 -0.000271 0.704117 -0.003745
-0.052373 0.352031 1.456364 0.710140 -0.000744 0.704049 -0.003977
-0.052098 0.351707 1.456234 0.710169 -0.000871 0.704019 -0.004065
-0.051808 0.351592 1.455937 0.710156 -0.000270 0.704034 -0.003786
-0.051508 0.351483 1.455641 0.710135 0.000209 0.704057 -0.003453
-0.051231 0.351376 1.455393 0.710108 0.000566 0.704085 -0.003132
-0.050994 0.351298 1.455194 0.710084 0.000892 0.704111 -0.002925
-0.050764 0.351526 1.455182 0.710276 0.001531 0.703914 -0.003291
-0.050507 0.351764 1.455256 0.710490 0.001903 0.703695 -0.003690
-0.050257 0.351942 1.455333 0.710666 0.002130 0.703515 -0.003968
-0.050031 0.352077 1.455400 0.710807 0.002276 0.703372 -0.004158
-0.049997 0.352389 1.455249 0.710308 0.003327 0.703863 -0.005247
-0.050117 0.352712 1.454929 0.709824 0.004709 0.704337 -0.006134
-0.050269 0.352992 1.454628 0.709447 0.005907 0.704701 -0.006877
-0.050408 0.353225 1.454375 0.709140 0.006893 0.704995 -0.007485
-0.050458 0.353931 1.454099 0.708491 0.009170 0.705605 -0.008819
-0.050267 0.354764 1.453795 0.707873 0.011596 0.706173 -0.010037
-0.049963 0.355380 1.453540 0.707402 0.013356 0.706601 -0.010805
-0.049636 0.355841 1.453330 0.707032 0.014659 0.706940 -0.011301
-0.049206 0.356585 1.452896 0.706109 0.016592 0.707799 -0.012459
-0.048264 0.357382 1.452023 0.704887 0.019086 0.708943 -0.013007
-0.047144 0.357867 1.451224 0.703913 0.020777 0.709866 -0.012876
-0.046063 0.358181 1.450557 0.703131 0.021950 0.710611 -0.012520
-0.045154 0.358909 1.449869 0.702085 0.023277 0.711584 -0.013537
-0.044307 0.360530 1.448938 0.700834 0.025819 0.712675 -0.016150
-0.043422 0.361845 1.448119 0.699947 0.027739 0.713428 -0.018037
-0.042587 0.362870 1.447433 0.699279 0.029153 0.713991 -0.019370
-0.041844 0.363969 1.446655 0.698646 0.030522 0.714505 -0.021113
-0.040942 0.366049 1.444641 0.698044 0.033960 0.714845 -0.024058
-0.039854 0.367698 1.442624 0.697663 0.036832 0.715013 -0.025804
-0.038775 0.368952 1.440899 0.697407 0.038986 0.715111 -0.026849
-0.037794 0.370052 1.439398 0.697138 0.040591 0.715242 -0.027910
-0.036774 0.372676 1.437217 0.696734 0.043327 0.715298 -0.032152
-0.035500 0.374972 1.435176 0.696670 0.045602 0.715070 -0.035295
-0.034199 0.376747 1.433465 0.696696 0.047172 0.714835 -0.037422
-0.032987 0.378142 1.432042 0.696760 0.048284 0.714620 -0.038888
-0.031721 0.380847 1.429547 0.696426 0.051076 0.714597 -0.041617
-0.030119 0.383377 1.426863 0.696412 0.053959 0.714295 -0.043368
-0.028470 0.385315 1.424569 0.696499 0.056000 0.713998 -0.044260
-0.026939 0.386834 1.422654 0.696634 0.057462 0.713724 -0.044698
-0.025570 0.389455 1.420131 0.696623 0.059578 0.713427 -0.046796
-0.024074 0.392414 1.417384 0.696982 0.062199 0.712705 -0.048969
-0.022554 0.394770 1.415065 0.697395 0.064069 0.712039 -0.050353
-0.021139 0.396647 1.413139 0.697797 0.065399 0.711463 -0.051222
-0.019871 0.399346 1.410640 0.697944 0.066918 0.711013 -0.053451
-0.018305 0.402874 1.407386 0.698479 0.069497 0.710020 -0.056285
-0.016541 0.405657 1.404590 0.699085 0.071258 0.709110 -0.058013
-0.014834 0.407846 1.402269 0.699670 0.072410 0.708331 -0.059047
-0.013300 0.410296 1.399783 0.699936 0.073474 0.707854 -0.060296
-0.011464 0.413796 1.396360 0.700487 0.075793 0.706913 -0.062018
-0.009188 0.416565 1.393389 0.701154 0.077216 0.706035 -0.062743
-0.006898 0.418685 1.390947 0.701768 0.077940 0.705337 -0.062822
-0.004837 0.420736 1.388645 0.702131 0.078192 0.704909 -0.063247
-0.002872 0.424162 1.385361 0.702653 0.079680 0.704023 -0.065433
-0.000694 0.427007 1.382469 0.703360 0.080721 0.703062 -0.066881
0.001418 0.429236 1.380086 0.704033 0.081236 0.702253 -0.067664
0.003314 0.431151 1.378026 0.704570 0.081424 0.701633 -0.068280
0.005315 0.434361 1.374940 0.705055 0.082983 0.700788 -0.070060
0.007863 0.437056 1.372158 0.705812 0.084003 0.699802 -0.071063
0.010503 0.439077 1.369900 0.706476 0.084300 0.699072 -0.071288
0.012950 0.440648 1.368066 0.707063 0.084242 0.698499 -0.071166
0.015167 0.443627 1.365454 0.707698 0.085836 0.697496 -0.072766
0.017665 0.446507 1.363132 0.708722 0.087256 0.696115 -0.074326
0.020192 0.448743 1.361304 0.709597 0.087893 0.695052 -0.075167
0.022519 0.450511 1.359842 0.710343 0.088121 0.694213 -0.075597
0.024712 0.453102 1.357354 0.710666 0.089429 0.693585 -0.076787
0.027541 0.455752 1.354315 0.711507 0.091317 0.692383 -0.077623
0.030823 0.457605 1.351765 0.712301 0.092110 0.691485 -0.077404
0.034028 0.458922 1.349715 0.712978 0.092235 0.690849 -0.076693
0.036824 0.460836 1.347253 0.713324 0.093161 0.690272 -0.077557
0.039799 0.463370 1.344285 0.714217 0.095543 0.688820 -0.079330
0.043555 0.465230 1.341775 0.715263 0.096613 0.687507 -0.079992
0.047668 0.466397 1.339811 0.716144 0.096546 0.686642 -0.079626
0.051482 0.467792 1.337893 0.716483 0.095999 0.686326 -0.079958
0.054902 0.470433 1.335789 0.716698 0.096849 0.685707 -0.082288
0.058834 0.472592 1.334102 0.717060 0.097270 0.685098 -0.083695
0.063247 0.474041 1.332828 0.717449 0.096648 0.684738 -0.084015
0.067479 0.475347 1.331605 0.717537 0.095468 0.684786 -0.084234
0.070837 0.478151 1.329265 0.718028 0.095861 0.683873 -0.086975
0.074338 0.480503 1.326982 0.718619 0.096452 0.682845 -0.089481
0.078505 0.482107 1.324970 0.719222 0.096699 0.682042 -0.090491
0.083161 0.483129 1.323303 0.719681 0.095891 0.681659 -0.090584
0.086960 0.485808 1.321299 0.719966 0.095989 0.681018 -0.093002
0.090554 0.488426 1.319588 0.720485 0.096048 0.680011 -0.096238
0.094672 0.490293 1.318069 0.720862 0.096070 0.679324 -0.098226
0.099528 0.491410 1.316804 0.721361 0.095276 0.678810 -0.098883
0.104010 0.493592 1.315046 0.721408 0.094627 0.678575 -0.100758
0.107738 0.496242 1.313217 0.721947 0.094584 0.677544 -0.103828
0.111655 0.498305 1.311553 0.722538 0.094834 0.676553 -0.105932
0.116190 0.499654 1.310149 0.723270 0.094266 0.675691 -0.106938
0.120767 0.501485 1.308630 0.723518 0.093572 0.675216 -0.108853
0.124683 0.504067 1.307199 0.723844 0.094369 0.674359 -0.111283
0.128719 0.506218 1.305993 0.724369 0.095060 0.673418 -0.112973
0.133316 0.507659 1.305009 0.725041 0.094774 0.672597 -0.113787
0.138247 0.509008 1.303736 0.725170 0.093740 0.672393 -0.115011
0.142663 0.510753 1.302026 0.725713 0.093340 0.671554 -0.116807
0.147238 0.512015 1.300507 0.726605 0.092415 0.670500 -0.118044
0.152323 0.512639 1.299234 0.727579 0.090804 0.669596 -0.118423
0.157850 0.513132 1.298006 0.727816 0.089366 0.669560 -0.118263
0.162826 0.514713 1.296855 0.727707 0.089128 0.669603 -0.118873
0.167724 0.516089 1.296023 0.727982 0.088254 0.669295 -0.119575
0.172997 0.516847 1.295362 0.728417 0.086723 0.669003 -0.119679
0.178688 0.517175 1.294698 0.728553 0.084897 0.669150 -0.119334
0.183935 0.518300 1.293747 0.728614 0.084151 0.669077 -0.119897
0.189163 0.519111 1.293014 0.729054 0.082845 0.668677 -0.120358
0.194764 0.519306 1.292423 0.729607 0.080934 0.668339 -0.120192
0.200662 0.518954 1.291943 0.729884 0.078725 0.668458 -0.119315
0.206093 0.519928 1.291106 0.729835 0.078275 0.668610 -0.119063
0.211293 0.520834 1.290498 0.730293 0.077215 0.668199 -0.119248
0.216534 0.521172 1.290094 0.730677 0.075697 0.668001 -0.118978
0.221460 0.521111 1.289853 0.730866 0.074079 0.668089 -0.118340
0.226258 0.522030 1.289119 0.730889 0.073497 0.668114 -0.118419
0.231270 0.522616 1.288586 0.731326 0.072172 0.667763 -0.118514
0.236228 0.522658 1.288314 0.731513 0.070553 0.667808 -0.118085
0.240778 0.522433 1.288175 0.731556 0.068947 0.668043 -0.117433
0.245126 0.523193 1.287321 0.731363 0.068552 0.668285 -0.117498
0.249487 0.523995 1.286229 0.731866 0.067700 0.667732 -0.117996
0.253624 0.524361 1.285432 0.732240 0.066615 0.667409 -0.118115
0.257335 0.524513 1.284854 0.732489 0.065530 0.667253 -0.118067
0.260843 0.525352 1.284141 0.732425 0.066419 0.667289 -0.117767
0.264618 0.526496 1.283795 0.732349 0.067608 0.667277 -0.117621
0.268325 0.527211 1.283801 0.732021 0.068148 0.667639 -0.117294
0.271709 0.527644 1.283901 0.731646 0.068376 0.668100 -0.116887
0.274799 0.528492 1.283652 0.731303 0.069316 0.668404 -0.116738
0.277861 0.529889 1.282876 0.731842 0.070505 0.667576 -0.117380
0.280786 0.530842 1.282338 0.732307 0.071124 0.666927 -0.117802
0.283435 0.531526 1.281983 0.732627 0.071449 0.666490 -0.118081
0.285837 0.532366 1.281600 0.732672 0.072133 0.666316 -0.118373
0.288435 0.533866 1.281023 0.732857 0.073244 0.665831 -0.119273
0.291068 0.534896 1.280732 0.732947 0.073745 0.665564 -0.119901
0.293538 0.535603 1.280593 0.732929 0.073963 0.665486 -0.120298
0.295760 0.536222 1.280479 0.732802 0.074231 0.665547 -0.120578
0.297986 0.537775 1.280313 0.732592 0.075034 0.665523 -0.121487
0.300105 0.539098 1.280462 0.732371 0.075306 0.665559 -0.122441
0.302011 0.540155 1.280692 0.732096 0.075440 0.665704 -0.123220
0.303655 0.541004 1.280895 0.731853 0.075526 0.665842 -0.123864
0.305248 0.542001 1.280738 0.731555 0.076100 0.665952 -0.124674
0.306824 0.542664 1.280549 0.731462 0.076349 0.665914 -0.125269
0.308298 0.543124 1.280444 0.731388 0.076422 0.665907 -0.125698
0.309610 0.543472 1.280398 0.731311 0.076411 0.665929 -0.126037
0.310733 0.544138 1.280248 0.731123 0.077116 0.665928 -0.126694
0.312458 0.544004 1.279900 0.730768 0.077509 0.666354 -0.126261
0.314211 0.543763 1.279709 0.730530 0.077598 0.666672 -0.125905
0.315611 0.543720 1.279691 0.730361 0.077603 0.666862 -0.125879
0.316472 0.543997 1.279597 0.730324 0.078451 0.666752 -0.126155
0.316832 0.544625 1.279432 0.730284 0.079096 0.666549 -0.127055
0.317098 0.545180 1.279289 0.730218 0.079097 0.666431 -0.128047
0.317355 0.545623 1.279166 0.730169 0.078907 0.666339 -0.128918
0.317469 0.545862 1.279105 0.730149 0.078876 0.666196 -0.129786
0.317294 0.545989 1.279096 0.730236 0.078096 0.665883 -0.131362
0.317060 0.546159 1.279050 0.730290 0.077230 0.665635 -0.132826
0.316810 0.546342 1.279002 0.730319 0.076542 0.665439 -0.134041
0.316345 0.546403 1.279036 0.730276 0.076241 0.665319 -0.135039
0.314813 0.546149 1.279042 0.730235 0.075671 0.665151 -0.136395
0.313180 0.546006 1.278801 0.730288 0.075068 0.664907 -0.137636
0.311611 0.546036 1.278613 0.730314 0.074698 0.664690 -0.138737
0.310077 0.546113 1.278525 0.730290 0.074561 0.664529 -0.139708
0.307341 0.545865 1.278703 0.730147 0.074110 0.664436 -0.141128
0.304400 0.545760 1.278448 0.730201 0.073793 0.664118 -0.142503
0.301661 0.545786 1.278130 0.730254 0.073702 0.663816 -0.143686
0.299177 0.545967 1.277924 0.730280 0.073769 0.663542 -0.144779
0.295646 0.545862 1.278180 0.730138 0.073591 0.663397 -0.146243
0.291728 0.545908 1.277982 0.730229 0.073715 0.662954 -0.147727
0.288026 0.546122 1.277663 0.730330 0.074149 0.662498 -0.149052
0.284697 0.546427 1.277392 0.730430 0.074625 0.662056 -0.150281
0.281098 0.546151 1.277754 0.730728 0.073520 0.661467 -0.151963
0.276654 0.546172 1.278052 0.731008 0.073306 0.660756 -0.153801
0.272374 0.546369 1.278100 0.731245 0.073580 0.660079 -0.155438
0.268524 0.546650 1.278103 0.731428 0.074033 0.659483 -0.156889
0.264543 0.546869 1.278491 0.731349 0.073508 0.659300 -0.158268
0.259851 0.546947 1.278644 0.731581 0.073016 0.658775 -0.159604
0.255335 0.547133 1.278461 0.731913 0.073213 0.658100 -0.160774
0.251264 0.547402 1.278258 0.732227 0.073542 0.657431 -0.161922
0.247397 0.547597 1.278417 0.732225 0.072845 0.657245 -0.163003
0.242596 0.547675 1.278535 0.732319 0.072047 0.656990 -0.163956
0.237367 0.548021 1.278277 0.732475 0.072653 0.656524 -0.164856
0.232279 0.548589 1.277901 0.732669 0.073582 0.655919 -0.165994
0.227582 0.549144 1.277801 0.732582 0.073970 0.655713 -0.167010
0.222393 0.549429 1.278086 0.732443 0.074208 0.655735 -0.167428
0.216826 0.549911 1.277978 0.732556 0.075818 0.655293 -0.167941
0.211505 0.550553 1.277749 0.732701 0.077655 0.654718 -0.168715
0.206697 0.551200 1.277617 0.732706 0.079078 0.654322 -0.169561
0.201475 0.551685 1.278110 0.732613 0.078558 0.654217 -0.170609
0.195817 0.552346 1.278157 0.732921 0.079592 0.653441 -0.171774
0.190425 0.553129 1.278062 0.733214 0.081045 0.652594 -0.173062
0.185646 0.553838 1.277956 0.733339 0.082636 0.651966 -0.174139
0.180621 0.554390 1.278371 0.732757 0.082924 0.652581 -0.174151
0.174587 0.555218 1.278280 0.732859 0.084904 0.652077 -0.174652
0.168564 0.556235 1.278009 0.733045 0.087291 0.651300 -0.175594
0.163008 0.557279 1.277749 0.733202 0.089560 0.650493 -0.176786
0.157587 0.558177 1.278104 0.732761 0.089914 0.650754 -0.177469
0.151105 0.559340 1.278292 0.732865 0.091470 0.650082 -0.178703
0.144494 0.560696 1.278246 0.733077 0.093782 0.649053 -0.180369
0.138356 0.562014 1.278157 0.733187 0.096176 0.648093 -0.182104
0.132667 0.563273 1.278404 0.732731 0.097550 0.648172 -0.182927
0.126193 0.564805 1.278487 0.732927 0.099947 0.647313 -0.183886
0.119904 0.566285 1.278376 0.733083 0.102851 0.646361 -0.185009
0.114057 0.567812 1.278348 0.733363 0.105312 0.645134 -0.186789
0.108683 0.569139 1.278660 0.733185 0.106387 0.644756 -0.188177
0.102150 0.570635 1.279125 0.733330 0.107195 0.643894 -0.190100
0.095161 0.572305 1.279273 0.733718 0.109105 0.642382 -0.192614
0.088513 0.573920 1.279340 0.734041 0.111201 0.640851 -0.195265
0.082495 0.575419 1.279562 0.734030 0.112773 0.639933 -0.197405
0.075759 0.577236 1.280075 0.733816 0.114880 0.639330 -0.198932
0.068575 0.579238 1.280391 0.733768 0.118316 0.638111 -0.200998
0.061764 0.581109 1.280646 0.733670 0.121733 0.636862 -0.203267
0.055679 0.582742 1.280951 0.733524 0.124597 0.635817 -0.205319
0.049343 0.584309 1.281794 0.733534 0.126839 0.634946 -0.206595
0.042650 0.585919 1.282347 0.733638 0.129808 0.633600 -0.208512
0.036374 0.587399 1.282800 0.733606 0.132768 0.632355 -0.210528
0.030794 0.588661 1.283176 0.733555 0.135423 0.631196 -0.212480
0.025292 0.590034 1.283982 0.733468 0.137462 0.630485 -0.213583
0.019472 0.591562 1.284799 0.733691 0.139407 0.629018 -0.215867
0.013997 0.592999 1.285468 0.733852 0.141553 0.627530 -0.218242
0.009252 0.594245 1.286083 0.733840 0.143684 0.626352 -0.220266
0.004762 0.595492 1.286839 0.733791 0.145193 0.625730 -0.221201
-0.000180 0.596772 1.287389 0.733778 0.147262 0.624870 -0.222311
-0.005160 0.597952 1.287767 0.733925 0.149354 0.623609 -0.223962
-0.009621 0.598970 1.288068 0.733806 0.151617 0.622730 -0.225273
-0.013776 0.599951 1.288584 0.733356 0.153927 0.622422 -0.226023
-0.018671 0.601167 1.289355 0.732872 0.157129 0.621710 -0.227345
-0.023531 0.602385 1.290031 0.732339 0.160569 0.620895 -0.228882
-0.027857 0.603426 1.290623 0.731814 0.163588 0.620166 -0.230392
-0.031811 0.604379 1.291055 0.731332 0.166404 0.619485 -0.231738
-0.035792 0.605372 1.291342 0.730800 0.169384 0.618830 -0.233001
-0.039501 0.606259 1.291598 0.730287 0.172079 0.618206 -0.234288
-0.042721 0.607015 1.291836 0.729867 0.174300 0.617608 -0.235530
-0.045585 0.607646 1.292003 0.729452 0.176463 0.617061 -0.236638
-0.048486 0.608242 1.292154 0.728840 0.179266 0.616561 -0.237716
-0.051244 0.608784 1.292310 0.728264 0.181763 0.616083 -0.238822
-0.053780 0.609254 1.292436 0.727744 0.183976 0.615636 -0.239864
-0.056070 0.609647 1.292527 0.727279 0.185925 0.615236 -0.240794
-0.058500 0.609852 1.292375 0.726836 0.187883 0.614854 -0.241585
-0.061316 0.610001 1.291965 0.726666 0.190136 0.613940 -0.242657
-0.064202 0.610148 1.291507 0.726624 0.192371 0.612811 -0.243871
-0.066927 0.610289 1.291077 0.726615 0.194420 0.611697 -0.245068
-0.069816 0.610039 1.290704 0.727009 0.196058 0.610217 -0.246283
-0.073104 0.609773 1.290150 0.727406 0.197879 0.608591 -0.247672
-0.076482 0.609576 1.289571 0.727823 0.199885 0.606803 -0.249220
-0.079662 0.609424 1.289046 0.728172 0.201797 0.605131 -0.250718
-0.082154 0.608193 1.289044 0.728499 0.202985 0.604238 -0.250961
-0.084493 0.606605 1.288991 0.728442 0.204020 0.604106 -0.250607
-0.086786 0.605234 1.288829 0.728423 0.205160 0.603800 -0.250470
-0.088859 0.604071 1.288663 0.728404 0.206235 0.603462 -0.250457
-0.090149 0.601876 1.288924 0.728556 0.206252 0.603746 -0.249312
-0.091032 0.598783 1.289022 0.728269 0.205759 0.605260 -0.246876
-0.092084 0.596057 1.288865 0.728100 0.205725 0.606280 -0.244891
-0.093131 0.593739 1.288685 0.727975 0.205868 0.607002 -0.243351
-0.093869 0.591023 1.288806 0.727914 0.205327 0.608188 -0.241017
-0.094711 0.586984 1.288892 0.727450 0.203870 0.610730 -0.237200
-0.095723 0.583029 1.288706 0.727131 0.203203 0.612580 -0.233953
-0.096538 0.579529 1.288461 0.726811 0.202840 0.614142 -0.231150
-0.097057 0.576208 1.288367 0.726766 0.202043 0.615663 -0.227925
-0.097714 0.571837 1.288496 0.726959 0.198978 0.618192 -0.223107
-0.098778 0.567551 1.288395 0.727164 0.197077 0.619962 -0.219182
-0.099397 0.563467 1.288375 0.727349 0.195576 0.621426 -0.215738
-0.099338 0.559676 1.288485 0.727450 0.194050 0.623113 -0.211874
-0.099124 0.554845 1.288472 0.728460 0.189385 0.625670 -0.204978
-0.099436 0.549978 1.287974 0.729411 0.186114 0.627423 -0.199151
-0.099431 0.545320 1.287488 0.730197 0.183678 0.628819 -0.194068
-0.098768 0.541006 1.287167 0.730689 0.181474 0.630325 -0.189342
-0.097576 0.535852 1.287175 0.731418 0.177169 0.633377 -0.180203
-0.096829 0.530655 1.286951 0.732778 0.172121 0.635239 -0.172860
-0.095971 0.525805 1.286748 0.733944 0.167970 0.636664 -0.166651
-0.094979 0.521564 1.286558 0.734760 0.164602 0.637992 -0.161243
-0.093291 0.516631 1.286959 0.735252 0.159839 0.640876 -0.152095
-0.091439 0.511350 1.287533 0.736133 0.153231 0.643475 -0.143416
-0.089756 0.506689 1.287979 0.737130 0.147198 0.645270 -0.136376
-0.088316 0.502709 1.288304 0.737896 0.142429 0.646669 -0.130545
-0.086502 0.498301 1.288903 0.738430 0.137518 0.648837 -0.121739
-0.084494 0.493258 1.289536 0.739120 0.130405 0.651329 -0.111653
-0.083015 0.488906 1.289892 0.740477 0.123523 0.652388 -0.104045
-0.081961 0.485243 1.290103 0.741721 0.118022 0.652924 -0.098039
-0.080851 0.481774 1.290289 0.742685 0.113475 0.653727 -0.090458
-0.079118 0.477731 1.290197 0.743785 0.106756 0.654919 -0.080423
-0.077511 0.474085 1.289839 0.745388 0.099953 0.655103 -0.072435
-0.076164 0.470973 1.289410 0.746766 0.094435 0.655036 -0.065948
-0.074882 0.468222 1.289091 0.747795 0.089990 0.655133 -0.059202
-0.072808 0.465039 1.289070 0.748566 0.083023 0.655967 -0.049635
-0.070519 0.461903 1.288955 0.749560 0.074987 0.656392 -0.041044
-0.068438 0.459173 1.288773 0.750346 0.068286 0.656636 -0.033870
-0.066623 0.456869 1.288563 0.750959 0.062864 0.656774 -0.027509
-0.064207 0.454540 1.288195 0.752148 0.054585 0.656450 -0.019137
-0.061435 0.452057 1.287745 0.753104 0.045660 0.656223 -0.010980
-0.058796 0.449795 1.287283 0.753644 0.038209 0.656161 -0.003820
-0.056500 0.447879 1.286843 0.753958 0.032265 0.656126 0.002094
-0.053973 0.446240 1.285677 0.755270 0.024238 0.654881 0.010528
-0.051170 0.444394 1.284205 0.756128 0.016243 0.653945 0.019022
-0.048526 0.442559 1.282782 0.756701 0.009593 0.653145 0.026693
-0.046637 0.440907 1.281612 0.757802 0.003916 0.651616 0.033423
-0.045115 0.439528 1.280475 0.759402 -0.003708 0.649298 0.041322
-0.043441 0.438242 1.279540 0.760788 -0.011928 0.647026 0.049153
-0.041877 0.437165 1.278781 0.761782 -0.018643 0.645169 0.055650
-0.040536 0.436298 1.278128 0.762538 -0.023988 0.643620 0.060935
-0.039000 0.435586 1.277182 0.762582 -0.030322 0.642729 0.066705
-0.036539 0.434841 1.276055 0.762345 -0.037445 0.641954 0.072963
-0.033859 0.434038 1.275176 0.761943 -0.043726 0.641362 0.078645
-0.031375 0.433312 1.274483 0.761524 -0.049026 0.640862 0.083514
-0.028955 0.432772 1.273653 0.760978 -0.054505 0.640444 0.088170
-0.025487 0.432308 1.272589 0.760565 -0.061194 0.639602 0.093300
-0.021686 0.431666 1.271852 0.759952 -0.067458 0.638958 0.098255
-0.018120 0.431004 1.271322 0.759290 -0.072925 0.638448 0.102683
-0.014915 0.430463 1.270763 0.758422 -0.078034 0.638258 0.106458
-0.011207 0.429970 1.269591 0.757279 -0.083649 0.638253 0.110294
-0.007369 0.429232 1.268567 0.756171 -0.088839 0.638173 0.114234
-0.003857 0.428471 1.267747 0.755149 -0.093369 0.638081 0.117838
-0.000800 0.427840 1.267042 0.754268 -0.097223 0.637990 0.120816
0.002553 0.427659 1.266149 0.753718 -0.100904 0.637721 0.122637
0.006049 0.427343 1.265512 0.753144 -0.104479 0.637442 0.124600
0.009279 0.426950 1.265065 0.752552 -0.107735 0.637215 0.126551
0.012084 0.426570 1.264720 0.752023 -0.110525 0.637013 0.128297
0.015464 0.426377 1.263686 0.752131 -0.112839 0.636298 0.129195
0.019486 0.425651 1.262621 0.752065 -0.115574 0.635501 0.131066
0.023402 0.424687 1.261802 0.751749 -0.118449 0.634868 0.133365
0.026897 0.423734 1.261166 0.751363 -0.121084 0.634357 0.135579
0.030598 0.423008 1.260359 0.751033 -0.123151 0.634048 0.136987
