0.379308 0.326866 1.316797 0.732462 -0.040415 0.678684 0.035424
0.374405 0.327842 1.320489 0.732684 -0.037983 0.678613 0.034871
0.369505 0.328534 1.323844 0.732586 -0.035825 0.678857 0.034460
0.364376 0.329298 1.327525 0.734354 -0.031253 0.677161 0.034649
0.359493 0.330168 1.331921 0.735385 -0.027524 0.676214 0.034426
0.354723 0.330893 1.336279 0.735677 -0.024645 0.676028 0.034028
0.349955 0.331356 1.340264 0.735582 -0.022251 0.676232 0.033662
0.345107 0.331677 1.344449 0.736377 -0.017794 0.675491 0.033815
0.340570 0.331935 1.349375 0.736520 -0.013606 0.675425 0.033970
0.336148 0.332011 1.354185 0.736038 -0.010468 0.676007 0.033955
0.331699 0.331848 1.358541 0.735302 -0.007948 0.676844 0.033915
0.327111 0.331547 1.362897 0.735399 -0.004234 0.676769 0.033980
0.322845 0.331288 1.368386 0.735052 -0.000393 0.677160 0.033940
0.318735 0.330926 1.373910 0.733988 0.002241 0.678324 0.033669
0.314571 0.330373 1.378945 0.732726 0.004220 0.679693 0.033347
0.310199 0.329630 1.383601 0.732118 0.006807 0.680338 0.033130
0.305892 0.328873 1.389111 0.731692 0.010086 0.680764 0.032952
0.301757 0.328084 1.394771 0.730519 0.012184 0.682011 0.032471
0.297601 0.327145 1.399923 0.729192 0.013634 0.683428 0.031909
0.293592 0.326116 1.404458 0.728409 0.015194 0.684256 0.031357
0.289412 0.324783 1.409755 0.727779 0.018298 0.684848 0.031401
0.285446 0.324171 1.415361 0.726371 0.020926 0.686296 0.030742
0.281834 0.324176 1.420484 0.724952 0.022840 0.687795 0.029345
0.278600 0.324355 1.424934 0.723845 0.024292 0.688979 0.027669
0.275047 0.324463 1.429777 0.723284 0.027318 0.689514 0.026170
0.271889 0.325045 1.434934 0.722168 0.029719 0.690655 0.024209
0.269265 0.325863 1.440119 0.720684 0.031173 0.692217 0.021881
0.267073 0.326647 1.444781 0.719164 0.032042 0.693823 0.019635
0.264455 0.326828 1.449620 0.717998 0.034202 0.694969 0.018091
0.261952 0.327215 1.454725 0.716320 0.036350 0.696627 0.016583
0.259833 0.327872 1.459944 0.714370 0.037627 0.698603 0.014599
0.258060 0.328564 1.464770 0.712374 0.038307 0.700641 0.012559
0.256065 0.328827 1.469388 0.711166 0.039519 0.701833 0.010586
0.254105 0.329069 1.474244 0.709598 0.041087 0.703350 0.009004
0.252448 0.329539 1.479301 0.707698 0.042068 0.705224 0.007214
0.251084 0.330112 1.484309 0.705549 0.042620 0.707358 0.005444
0.249644 0.330392 1.488962 0.704167 0.044002 0.708656 0.004437
0.248255 0.330405 1.493673 0.702713 0.045878 0.709981 0.004118
0.247119 0.330544 1.498564 0.700882 0.046925 0.711724 0.003369
0.246186 0.330819 1.503648 0.698734 0.047263 0.713815 0.002201
0.245232 0.330913 1.508518 0.697139 0.047452 0.715363 0.000954
0.244389 0.330374 1.513128 0.695909 0.047819 0.716536 0.000417
0.243808 0.329817 1.517825 0.694252 0.047512 0.718162 -0.000299
0.243351 0.329419 1.522731 0.692225 0.046675 0.720169 -0.001389
0.242825 0.329065 1.527485 0.690594 0.045765 0.721789 -0.002723
0.242295 0.328141 1.531711 0.689922 0.045714 0.722432 -0.003091
0.242018 0.327140 1.535913 0.688685 0.045335 0.723634 -0.003224
0.241797 0.326328 1.540368 0.686968 0.044562 0.725311 -0.003667
0.241521 0.325729 1.544904 0.685083 0.043446 0.727154 -0.004608
0.241103 0.324980 1.549326 0.683796 0.041986 0.728439 -0.006133
0.240782 0.324251 1.553798 0.681981 0.040792 0.730196 -0.007147
0.240426 0.323723 1.558415 0.680144 0.039292 0.731975 -0.008497
0.239926 0.323455 1.563277 0.679241 0.036696 0.732913 -0.011129
0.239667 0.322994 1.568689 0.678913 0.031414 0.733367 -0.016197
0.239812 0.321991 1.574434 0.677700 0.026345 0.734595 -0.019962
0.240021 0.320868 1.580134 0.675863 0.021851 0.736347 -0.022884
0.240207 0.319784 1.585171 0.673900 0.017970 0.738172 -0.025254
0.240268 0.319197 1.590474 0.672919 0.014284 0.739020 -0.028714
0.240498 0.318498 1.596106 0.671139 0.009673 0.740536 -0.032925
0.240757 0.317643 1.601024 0.669225 0.005724 0.742158 -0.036143
0.240983 0.316755 1.605143 0.667547 0.002423 0.743560 -0.038629
0.241193 0.315763 1.609104 0.666854 -0.000085 0.744074 -0.040721
0.241844 0.314349 1.613347 0.665706 -0.002991 0.744999 -0.042463
0.242629 0.313080 1.617229 0.664190 -0.005367 0.746272 -0.043590
0.243334 0.312201 1.620699 0.662639 -0.007068 0.747581 -0.044530
0.243919 0.311045 1.623762 0.662502 -0.009093 0.747560 -0.046500
0.245335 0.307896 1.626693 0.663134 -0.012537 0.746895 -0.047367
0.247210 0.304445 1.629445 0.662851 -0.015774 0.747128 -0.046694
0.249010 0.301432 1.631985 0.662158 -0.018352 0.747745 -0.045678
0.250523 0.298897 1.634182 0.662167 -0.020254 0.747703 -0.045443
0.252292 0.295697 1.635552 0.664074 -0.021881 0.745964 -0.045451
0.254288 0.292469 1.636818 0.665120 -0.023245 0.745058 -0.044316
0.256125 0.289731 1.638151 0.665496 -0.024146 0.744770 -0.043004
0.257698 0.287610 1.639568 0.665679 -0.024429 0.744651 -0.042088
0.259806 0.285428 1.641003 0.666718 -0.024463 0.743737 -0.041767
0.262189 0.283042 1.642502 0.666823 -0.024780 0.743704 -0.040447
0.264374 0.280948 1.644053 0.666378 -0.024842 0.744185 -0.038871
0.266227 0.279340 1.645682 0.665624 -0.024457 0.744945 -0.037473
0.267956 0.278041 1.647719 0.666040 -0.022978 0.744608 -0.037691
0.269768 0.276643 1.650053 0.665480 -0.021908 0.745156 -0.037394
0.271389 0.275473 1.652386 0.664382 -0.020745 0.746198 -0.036797
0.272742 0.274650 1.654701 0.662969 -0.019348 0.747522 -0.036189
0.274425 0.274457 1.657111 0.662192 -0.016630 0.748277 -0.036140
0.276469 0.274172 1.659592 0.660867 -0.014313 0.749515 -0.035746
0.278345 0.273850 1.662003 0.659156 -0.012162 0.751097 -0.034919
0.279931 0.273674 1.664371 0.657213 -0.009968 0.752872 -0.034000
0.281595 0.273812 1.667201 0.655411 -0.006970 0.754500 -0.033429
0.283596 0.273646 1.670790 0.652697 -0.004880 0.756894 -0.032784
0.285422 0.273338 1.674271 0.649636 -0.003123 0.759579 -0.031681
0.286945 0.273134 1.677542 0.646537 -0.001281 0.762273 -0.030454
0.288501 0.273474 1.680760 0.643830 0.001762 0.764602 -0.029407
0.290539 0.274105 1.684247 0.640911 0.005090 0.767063 -0.028672
0.292402 0.274512 1.687572 0.637735 0.007948 0.769724 -0.027516
0.293951 0.274885 1.690704 0.634508 0.010697 0.772400 -0.026180
0.295405 0.275592 1.693756 0.631483 0.014080 0.774865 -0.024814
0.297288 0.276908 1.697232 0.628526 0.017919 0.777204 -0.024217
0.298931 0.277984 1.700729 0.625274 0.021092 0.779764 -0.023558
0.300265 0.278894 1.703982 0.622074 0.023642 0.782261 -0.023081
0.301504 0.279787 1.706805 0.619346 0.026201 0.784359 -0.022487
0.303810 0.281214 1.709994 0.616417 0.029300 0.786561 -0.022206
0.306229 0.281951 1.712782 0.613828 0.030912 0.788535 -0.021730
0.308445 0.282246 1.715021 0.611768 0.031932 0.790116 -0.020888
0.310421 0.282371 1.716809 0.610157 0.032781 0.791352 -0.019924
0.312990 0.283216 1.718973 0.608690 0.034469 0.792393 -0.020541
0.315553 0.283639 1.721133 0.607242 0.035001 0.793459 -0.021307
0.317844 0.283732 1.722954 0.606054 0.035131 0.794353 -0.021635
0.319834 0.283684 1.724431 0.605118 0.035149 0.795064 -0.021700
0.322522 0.284211 1.725713 0.604318 0.035426 0.795625 -0.022926
0.325575 0.284365 1.726577 0.603768 0.035131 0.796030 -0.023790
0.328410 0.284139 1.727113 0.603476 0.034673 0.796269 -0.023875
0.330908 0.283775 1.727458 0.603336 0.034218 0.796402 -0.023613
0.333880 0.284144 1.727706 0.603373 0.034495 0.796352 -0.023967
0.337312 0.284680 1.727681 0.603543 0.034790 0.796194 -0.024511
0.340437 0.284867 1.727449 0.603847 0.034935 0.795959 -0.024449
0.343159 0.284887 1.727152 0.604193 0.035027 0.795702 -0.024117
0.345897 0.285135 1.726828 0.604636 0.035107 0.795346 -0.024664
0.349037 0.285284 1.726302 0.605235 0.034962 0.794868 -0.025572
0.351971 0.285048 1.725658 0.605894 0.034638 0.794376 -0.025696
0.354557 0.284666 1.725026 0.606526 0.034285 0.793916 -0.025458
0.357106 0.284538 1.724420 0.607153 0.033786 0.793445 -0.025845
0.360274 0.284732 1.723525 0.607854 0.033170 0.792893 -0.027084
0.363270 0.284589 1.722430 0.608665 0.032626 0.792282 -0.027436
0.365918 0.284293 1.721363 0.609457 0.032170 0.791694 -0.027335
0.368378 0.284119 1.720393 0.610220 0.031717 0.791128 -0.027240
0.371467 0.284611 1.719397 0.610999 0.031162 0.790538 -0.027521
0.374260 0.284963 1.718362 0.611757 0.030748 0.789968 -0.027563
0.376653 0.285199 1.717394 0.612466 0.030480 0.789433 -0.027424
0.378711 0.285421 1.716532 0.613111 0.030261 0.788940 -0.027430
0.381170 0.286190 1.715478 0.613848 0.030460 0.788315 -0.028675
0.383525 0.286777 1.714207 0.614666 0.030837 0.787637 -0.029374
0.385601 0.287170 1.712961 0.615473 0.031240 0.786980 -0.029643
0.387381 0.287454 1.711847 0.616195 0.031621 0.786397 -0.029714
0.389723 0.287835 1.710692 0.616950 0.030554 0.785775 -0.031566
0.392314 0.287715 1.709332 0.617811 0.029245 0.785106 -0.032591
0.394724 0.287272 1.707984 0.618687 0.028049 0.784450 -0.032836
0.396850 0.286733 1.706768 0.619487 0.027017 0.783858 -0.032733
0.398891 0.286662 1.705833 0.620071 0.026749 0.783399 -0.032920
0.400733 0.286915 1.705146 0.620459 0.026834 0.783062 -0.033526
0.402259 0.287170 1.704576 0.620778 0.026968 0.782782 -0.034045
0.403517 0.287416 1.704098 0.621047 0.027145 0.782544 -0.034471
0.404690 0.287803 1.703775 0.620864 0.026893 0.782665 -0.035198
0.405863 0.288340 1.703362 0.620352 0.026487 0.783052 -0.035932
0.407156 0.288049 1.702838 0.620020 0.025629 0.783392 -0.034857
0.407784 0.288305 1.702532 0.619849 0.026029 0.783480 -0.035606
0.408293 0.288994 1.702301 0.619687 0.026783 0.783566 -0.035988
0.408971 0.289891 1.702112 0.619478 0.027480 0.783715 -0.035804
0.409558 0.290683 1.701927 0.619285 0.028004 0.783851 -0.035775
0.410015 0.291392 1.701778 0.619126 0.028469 0.783953 -0.035922
0.410373 0.292113 1.701656 0.618983 0.028916 0.784044 -0.036043
0.410672 0.293093 1.701559 0.618836 0.028993 0.784169 -0.035799
0.410887 0.294027 1.701460 0.618704 0.028960 0.784273 -0.035801
0.411030 0.294906 1.701369 0.618585 0.029019 0.784357 -0.035987
0.411102 0.295739 1.701293 0.618466 0.029202 0.784436 -0.036152
0.410927 0.296760 1.701178 0.618249 0.029169 0.784628 -0.035718
0.410693 0.297758 1.701038 0.618024 0.028901 0.784822 -0.035580
0.410444 0.298698 1.700910 0.617810 0.028767 0.784992 -0.035651
0.410191 0.299570 1.700803 0.617613 0.028773 0.785139 -0.035816
0.409720 0.300690 1.700791 0.617415 0.028734 0.785335 -0.034971
0.409182 0.301821 1.700764 0.617267 0.028428 0.785487 -0.034403
0.408664 0.302878 1.700734 0.617119 0.028242 0.785619 -0.034182
0.408172 0.303857 1.700717 0.616972 0.028218 0.785737 -0.034157
0.407307 0.305019 1.700755 0.616801 0.028502 0.785906 -0.033090
0.406138 0.306381 1.700911 0.616479 0.028389 0.786195 -0.032327
0.404965 0.307782 1.701150 0.616051 0.028411 0.786539 -0.032107
0.403942 0.308960 1.701398 0.615614 0.028340 0.786892 -0.031923
0.402864 0.310126 1.701549 0.615402 0.028116 0.787084 -0.031431
0.401630 0.311412 1.701667 0.615080 0.027008 0.787383 -0.031244
0.400443 0.312703 1.701874 0.614555 0.025947 0.787816 -0.031562
0.399256 0.314044 1.702243 0.613845 0.024970 0.788362 -0.032489
0.398065 0.315506 1.702625 0.613186 0.023956 0.788894 -0.032798
0.396671 0.317375 1.702795 0.612633 0.023077 0.789396 -0.031649
0.395296 0.319248 1.702924 0.612081 0.022691 0.789868 -0.030844
0.393937 0.321033 1.703128 0.611576 0.022734 0.790267 -0.030573
0.392589 0.322804 1.703361 0.611165 0.022867 0.790587 -0.030431
0.391094 0.324936 1.703322 0.610829 0.022711 0.790883 -0.029588
0.389619 0.327042 1.703240 0.610515 0.022848 0.791138 -0.029173
0.388255 0.328975 1.703184 0.610269 0.023210 0.791317 -0.029161
0.386951 0.330764 1.703190 0.610089 0.023584 0.791436 -0.029396
0.385458 0.333016 1.703211 0.609935 0.023383 0.791575 -0.028983
0.383934 0.335264 1.703178 0.609832 0.023613 0.791657 -0.028764
0.382418 0.337375 1.703202 0.609787 0.024125 0.791660 -0.029170
0.380953 0.339369 1.703294 0.609753 0.024705 0.791636 -0.030068
0.379624 0.341620 1.703403 0.609654 0.024020 0.791699 -0.030936
0.378370 0.343750 1.703433 0.609624 0.023563 0.791704 -0.031768
0.377156 0.345724 1.703498 0.609611 0.023336 0.791668 -0.033025
0.375890 0.347660 1.703580 0.609691 0.023496 0.791529 -0.034738
0.374659 0.350008 1.703764 0.609601 0.023316 0.791573 -0.035439
0.373262 0.352428 1.704043 0.609663 0.023301 0.791480 -0.036427
0.371834 0.354746 1.704365 0.609756 0.023516 0.791330 -0.037978
0.370421 0.356964 1.704713 0.609829 0.023877 0.791168 -0.039901
0.369144 0.359407 1.704904 0.609757 0.023886 0.791153 -0.041267
0.367830 0.362049 1.704932 0.609588 0.023657 0.791218 -0.042619
0.366413 0.364676 1.704986 0.609451 0.023695 0.791213 -0.044607
