0.034949 0.421922 1.259592 0.750490 -0.125513 0.633771 0.139088
0.039176 0.420635 1.259057 0.749758 -0.128142 0.633560 0.141580
0.042947 0.419392 1.258667 0.749021 -0.130617 0.633389 0.143963
0.046681 0.418420 1.258091 0.748805 -0.132957 0.633023 0.144551
0.051170 0.417107 1.257375 0.748625 -0.135657 0.632508 0.145228
0.055599 0.415513 1.256890 0.748113 -0.138670 0.632108 0.146753
0.059578 0.413956 1.256558 0.747507 -0.141519 0.631798 0.148451
0.063247 0.412713 1.256170 0.747303 -0.144055 0.631367 0.148866
0.067344 0.411542 1.255727 0.747451 -0.146774 0.630677 0.148395
0.071312 0.410202 1.255512 0.747271 -0.149658 0.630136 0.148715
0.074853 0.408899 1.255413 0.746943 -0.152332 0.629735 0.149345
0.078060 0.407818 1.255224 0.746853 -0.154179 0.629368 0.149450
0.081986 0.406654 1.254554 0.747205 -0.154484 0.628959 0.149097
0.086015 0.405026 1.254031 0.747105 -0.155585 0.628602 0.149958
0.089698 0.403355 1.253670 0.746793 -0.156982 0.628320 0.151230
0.092962 0.401863 1.253347 0.746565 -0.158392 0.628036 0.152066
0.097275 0.400197 1.252340 0.747296 -0.159824 0.627142 0.150658
0.102097 0.397716 1.251483 0.747293 -0.162197 0.626387 0.151278
0.106656 0.395096 1.250888 0.746888 -0.164900 0.625809 0.152742
0.110666 0.392669 1.250460 0.746360 -0.167452 0.625363 0.154366
0.115117 0.390583 1.249903 0.746594 -0.169882 0.624558 0.153834
0.119927 0.388127 1.249671 0.746337 -0.172971 0.623880 0.154388
0.124418 0.385641 1.249654 0.745749 -0.176170 0.623395 0.155566
0.128347 0.383360 1.249712 0.745075 -0.179077 0.623044 0.156879
0.132402 0.381438 1.249425 0.745198 -0.180371 0.622605 0.156554
0.136873 0.379066 1.249139 0.745088 -0.181853 0.622181 0.157050
0.141066 0.376569 1.249030 0.744625 -0.183791 0.621852 0.158289
0.144743 0.374252 1.249004 0.744056 -0.185707 0.621608 0.159680
0.148426 0.372282 1.248655 0.744218 -0.186519 0.621209 0.159532
0.152851 0.369733 1.248083 0.744401 -0.187288 0.620687 0.159807
0.157157 0.366858 1.247734 0.744060 -0.188865 0.620258 0.161194
0.160998 0.364123 1.247527 0.743528 -0.190611 0.619930 0.162854
0.164523 0.361803 1.247253 0.743339 -0.191856 0.619557 0.163670
0.168351 0.359544 1.246892 0.743460 -0.192944 0.619009 0.163916
0.171958 0.357193 1.246722 0.743237 -0.194480 0.618558 0.164812
0.175120 0.355015 1.246648 0.742878 -0.196057 0.618202 0.165894
0.177959 0.353197 1.246546 0.742722 -0.196924 0.617958 0.166469
0.181422 0.351432 1.246330 0.743003 -0.196617 0.617768 0.166285
0.184915 0.349325 1.246331 0.742821 -0.197232 0.617593 0.167018
0.188077 0.347246 1.246437 0.742430 -0.198214 0.617458 0.168091
0.190850 0.345409 1.246556 0.742033 -0.198952 0.617436 0.169051
0.194199 0.343744 1.246634 0.741824 -0.197419 0.618007 0.169676
0.197703 0.341672 1.246909 0.741243 -0.197035 0.618443 0.171067
0.200919 0.339571 1.247260 0.740505 -0.197296 0.618786 0.172714
0.203569 0.337906 1.247626 0.739916 -0.197394 0.619106 0.173974
0.206130 0.336936 1.248264 0.739762 -0.195366 0.620093 0.173404
0.208729 0.335874 1.249141 0.739424 -0.193963 0.620995 0.173190
0.211143 0.334678 1.250009 0.738884 -0.193412 0.621742 0.173432
0.213306 0.333596 1.250769 0.738468 -0.193267 0.622293 0.173388
0.215744 0.332425 1.251619 0.737776 -0.192563 0.623509 0.172755
0.218835 0.330762 1.252997 0.736508 -0.192446 0.625052 0.172708
0.221911 0.328880 1.254475 0.735050 -0.192998 0.626399 0.173433
0.224712 0.326982 1.255845 0.733575 -0.193755 0.627562 0.174624
0.227479 0.325378 1.257358 0.732087 -0.192449 0.629560 0.175114
0.230643 0.323875 1.259485 0.730425 -0.190116 0.632112 0.175417
0.233659 0.322335 1.261605 0.728786 -0.189047 0.634199 0.175848
0.236317 0.320890 1.263515 0.727273 -0.188529 0.635930 0.176422
0.238860 0.319755 1.265495 0.725767 -0.186941 0.638179 0.176193
0.242144 0.318979 1.268709 0.723832 -0.184204 0.641495 0.174988
0.245469 0.318047 1.272144 0.721734 -0.182887 0.644398 0.174366
0.248484 0.317050 1.275256 0.719778 -0.182608 0.646807 0.173825
0.251215 0.316228 1.277992 0.718041 -0.181482 0.649232 0.173149
0.254656 0.315679 1.281170 0.716307 -0.177878 0.652537 0.171638
0.258160 0.314820 1.284476 0.714471 -0.176042 0.655303 0.170645
0.261346 0.313761 1.287482 0.712656 -0.175187 0.657609 0.170236
0.264169 0.312723 1.290060 0.711032 -0.174365 0.659653 0.169964
0.267976 0.311822 1.293174 0.709445 -0.169437 0.662851 0.169141
0.272186 0.310281 1.296747 0.707409 -0.166693 0.665705 0.169182
0.276153 0.308356 1.300130 0.705194 -0.165461 0.668142 0.170029
0.279659 0.306355 1.303081 0.703111 -0.165039 0.670144 0.171185
0.284137 0.304994 1.305797 0.701388 -0.161309 0.672787 0.171440
0.289169 0.303109 1.308959 0.699398 -0.158244 0.675291 0.172577
0.293891 0.300786 1.312047 0.697180 -0.156772 0.677450 0.174426
0.298053 0.298382 1.314770 0.695065 -0.156272 0.679211 0.176448
0.302759 0.296660 1.317118 0.693355 -0.154032 0.681355 0.176885
0.308185 0.294648 1.319873 0.691643 -0.151855 0.683421 0.177498
0.313252 0.292223 1.322647 0.689699 -0.151240 0.685207 0.178696
0.317701 0.289739 1.325135 0.687808 -0.151317 0.686685 0.180241
0.322285 0.288009 1.327154 0.686043 -0.150391 0.688614 0.180386
0.327897 0.286384 1.329316 0.684669 -0.148741 0.690464 0.179899
0.333257 0.284173 1.331494 0.683079 -0.147676 0.692111 0.180491
0.338015 0.281743 1.333535 0.681412 -0.147339 0.693488 0.181777
0.342587 0.279919 1.335265 0.679797 -0.146624 0.695112 0.182199
0.348148 0.278939 1.337257 0.678750 -0.144775 0.696827 0.181028
0.353697 0.277248 1.339282 0.677583 -0.142931 0.698286 0.181238
0.358718 0.275134 1.341230 0.676237 -0.142022 0.699540 0.182144
0.363308 0.273295 1.342812 0.674800 -0.141404 0.700895 0.182746
0.368697 0.272648 1.344170 0.673732 -0.139820 0.702532 0.181617
0.374107 0.271484 1.345517 0.672998 -0.137949 0.703695 0.181265
0.379119 0.269694 1.346808 0.672111 -0.136709 0.704618 0.181907
0.383618 0.267840 1.347933 0.671018 -0.136055 0.705581 0.182698
0.388952 0.267778 1.348903 0.669825 -0.135252 0.707498 0.180240
0.394252 0.267793 1.349919 0.669560 -0.134334 0.708701 0.177166
0.399349 0.267009 1.350903 0.669192 -0.132624 0.709631 0.176117
0.404061 0.265383 1.352004 0.668280 -0.131054 0.710531 0.177119
0.409467 0.265358 1.352853 0.666724 -0.130135 0.712651 0.175134
0.414899 0.265530 1.353979 0.665865 -0.128234 0.714228 0.173372
0.420048 0.264906 1.355132 0.664970 -0.126165 0.715528 0.172964
0.424647 0.263825 1.356209 0.664064 -0.125230 0.716581 0.172766
0.429553 0.263751 1.356499 0.662795 -0.124267 0.718477 0.170443
0.434714 0.264217 1.356360 0.662415 -0.122088 0.719775 0.168000
0.439575 0.264034 1.356112 0.662516 -0.119596 0.720448 0.166506
0.443919 0.263370 1.355841 0.662756 -0.118372 0.720768 0.165034
0.448356 0.263171 1.355480 0.662426 -0.116494 0.721749 0.163398
0.453453 0.263582 1.355446 0.661904 -0.113579 0.723051 0.161804
0.458541 0.263715 1.355596 0.661524 -0.110964 0.724059 0.160655
0.463344 0.263122 1.355871 0.661168 -0.109612 0.724769 0.159849
0.467918 0.262400 1.355833 0.660405 -0.108428 0.725880 0.158767
0.472921 0.262139 1.355337 0.659671 -0.107070 0.727142 0.156956
0.477915 0.261835 1.354750 0.659431 -0.106128 0.727844 0.155343
0.482526 0.261279 1.354192 0.659440 -0.105950 0.728195 0.153772
0.486670 0.260660 1.353517 0.659305 -0.105566 0.728673 0.152342
0.491313 0.260296 1.352421 0.658751 -0.104346 0.729666 0.150817
0.496019 0.259766 1.351437 0.658438 -0.103401 0.730295 0.149786
0.500284 0.259337 1.350553 0.658309 -0.103131 0.730723 0.148448
0.503950 0.258973 1.349753 0.658185 -0.102631 0.731135 0.147309
0.508209 0.258742 1.348452 0.657580 -0.100984 0.732197 0.145870
0.512740 0.258115 1.347317 0.657222 -0.100197 0.732875 0.144622
0.517063 0.257542 1.346256 0.656989 -0.099654 0.733374 0.143517
0.520869 0.257416 1.345346 0.656778 -0.098978 0.733867 0.142426
0.524913 0.257311 1.344070 0.656537 -0.098184 0.734545 0.140580
0.529195 0.256774 1.342775 0.656613 -0.098459 0.734830 0.138530
0.533202 0.256321 1.341550 0.656728 -0.098492 0.735020 0.136942
0.536736 0.256432 1.340469 0.656809 -0.098050 0.735280 0.135470
0.540289 0.256648 1.339031 0.656684 -0.096668 0.735801 0.134232
0.544037 0.256336 1.337518 0.656563 -0.096159 0.736198 0.133005
0.547467 0.256284 1.336112 0.656648 -0.095573 0.736419 0.131783
0.550457 0.256895 1.334880 0.656763 -0.094409 0.736684 0.130561
0.553420 0.257747 1.333422 0.656407 -0.093091 0.737467 0.128866
0.556809 0.257685 1.331799 0.655766 -0.093348 0.738340 0.126929
0.559999 0.257650 1.330274 0.655562 -0.093772 0.738805 0.124949
0.562815 0.258165 1.328952 0.655470 -0.093526 0.739226 0.123115
0.565379 0.259176 1.327454 0.655323 -0.092272 0.739784 0.121482
0.568050 0.259509 1.325233 0.655348 -0.091405 0.740088 0.120141
0.570474 0.259906 1.322958 0.656121 -0.091095 0.739741 0.118277
0.572542 0.260913 1.320913 0.657103 -0.090497 0.739287 0.116110
0.574302 0.262556 1.318976 0.657970 -0.089222 0.739032 0.113785
0.576244 0.263640 1.316384 0.658491 -0.087725 0.739015 0.112033
0.578085 0.264583 1.313900 0.659557 -0.086934 0.738468 0.109962
0.579674 0.265925 1.311796 0.660736 -0.086188 0.737854 0.107579
0.580951 0.267507 1.310063 0.661790 -0.085488 0.737349 0.105082
0.582544 0.268992 1.307822 0.662152 -0.084709 0.737451 0.102695
0.584066 0.270082 1.305905 0.662802 -0.084893 0.737192 0.100180
0.585361 0.270939 1.304331 0.663618 -0.085348 0.736720 0.097824
0.586461 0.271635 1.303056 0.664295 -0.085719 0.736324 0.095869
0.587605 0.272787 1.300857 0.664322 -0.084248 0.736706 0.094037
0.588563 0.273903 1.299110 0.664542 -0.082779 0.736846 0.092676
0.589380 0.275006 1.297874 0.664867 -0.081763 0.736858 0.091133
0.590107 0.275921 1.296966 0.664956 -0.080982 0.737021 0.089864
0.590897 0.277052 1.295547 0.664602 -0.078698 0.737734 0.088655
0.591434 0.278193 1.293880 0.665091 -0.076472 0.737695 0.087242
0.591844 0.279315 1.292578 0.665766 -0.074841 0.737435 0.085706
0.592196 0.280353 1.291628 0.666253 -0.073402 0.737285 0.084440
0.592558 0.281101 1.290187 0.666091 -0.072236 0.737701 0.083076
0.592764 0.281000 1.287703 0.666847 -0.072081 0.737172 0.081843
0.592998 0.280606 1.285496 0.668122 -0.072383 0.736109 0.080732
0.593409 0.280082 1.283989 0.668867 -0.073090 0.735449 0.079935
0.593872 0.279546 1.282709 0.669051 -0.073292 0.735344 0.079182
0.594096 0.279080 1.281065 0.669501 -0.072962 0.735058 0.078326
0.594211 0.278744 1.279596 0.670200 -0.072897 0.734522 0.077435
0.594247 0.278564 1.278304 0.671106 -0.072914 0.733799 0.076419
0.594182 0.278428 1.277057 0.671839 -0.072873 0.733231 0.075460
0.593656 0.278102 1.274918 0.673210 -0.073054 0.732066 0.074368
0.592991 0.277880 1.272712 0.675252 -0.073627 0.730265 0.072982
0.592361 0.277769 1.270786 0.677307 -0.074194 0.728435 0.071643
0.591777 0.277637 1.269248 0.678860 -0.074812 0.727033 0.070533
0.590779 0.276952 1.267820 0.679396 -0.075829 0.726474 0.070044
0.589681 0.276549 1.266311 0.680163 -0.076566 0.725722 0.069594
0.588654 0.276388 1.265004 0.680941 -0.077159 0.724975 0.069109
0.587740 0.276367 1.263931 0.681615 -0.077627 0.724335 0.068648
0.585866 0.275382 1.262877 0.682840 -0.078152 0.723156 0.068306
0.583817 0.274802 1.261547 0.684108 -0.077875 0.721993 0.068251
0.581870 0.274570 1.260253 0.685386 -0.077565 0.720830 0.068077
0.580136 0.274548 1.259160 0.686504 -0.077280 0.719815 0.067864
0.577381 0.273643 1.257910 0.687952 -0.078418 0.718381 0.067085
0.573919 0.272791 1.255945 0.689887 -0.078879 0.716492 0.066876
0.570634 0.272375 1.253994 0.691929 -0.079189 0.714516 0.066563
0.567746 0.272251 1.252395 0.693687 -0.079412 0.712816 0.066222
0.564430 0.271974 1.251238 0.695414 -0.080875 0.711149 0.064228
0.560169 0.272395 1.250165 0.697008 -0.081207 0.709730 0.062194
0.555710 0.273261 1.248956 0.698599 -0.080929 0.708332 0.060630
0.551541 0.273719 1.247738 0.700117 -0.080683 0.706928 0.059835
0.547533 0.273556 1.246555 0.701659 -0.080932 0.705481 0.058489
0.542786 0.273974 1.245254 0.703694 -0.080298 0.703689 0.056462
0.537821 0.274975 1.244139 0.705472 -0.079171 0.702160 0.054896
0.532854 0.276214 1.243225 0.706903 -0.077718 0.700965 0.053821
0.528121 0.277160 1.242445 0.708342 -0.077050 0.699705 0.052227
0.523333 0.278290 1.242221 0.709864 -0.076555 0.698420 0.049411
0.518606 0.279610 1.242342 0.710827 -0.075153 0.697705 0.047798
0.513919 0.281004 1.242679 0.711448 -0.073007 0.697336 0.047259
0.509358 0.282306 1.243117 0.712152 -0.070520 0.696861 0.047458
0.504582 0.283796 1.243797 0.714321 -0.067540 0.694924 0.047580
0.499886 0.285558 1.244946 0.715816 -0.064492 0.693655 0.047877
0.495248 0.287397 1.246333 0.716692 -0.061472 0.692990 0.048359
0.490631 0.289198 1.247801 0.717133 -0.058500 0.692747 0.048992
0.485892 0.291164 1.249456 0.718577 -0.055844 0.691467 0.049008
0.481891 0.291743 1.251492 0.718730 -0.053928 0.691364 0.050342
0.477832 0.292599 1.253557 0.718919 -0.051696 0.691257 0.051438
0.473653 0.293588 1.255648 0.718714 -0.049704 0.691546 0.052372
0.469355 0.294559 1.257677 0.719770 -0.048156 0.690539 0.052613
0.464907 0.296118 1.260049 0.720827 -0.046672 0.689566 0.052253
0.460415 0.297858 1.262566 0.721310 -0.045137 0.689193 0.051849
0.455869 0.299575 1.265037 0.721396 -0.043525 0.689230 0.051531
