0.390951 0.355029 1.704003 0.638993 -0.009347 0.769017 -0.014567
0.390397 0.356670 1.704386 0.638613 -0.009516 0.769347 -0.013690
0.389932 0.358698 1.704689 0.638406 -0.009501 0.769550 -0.011790
0.389436 0.360566 1.705078 0.638078 -0.009704 0.769845 -0.010035
0.388897 0.362248 1.705460 0.637770 -0.009609 0.770118 -0.008705
0.388366 0.363766 1.705739 0.637572 -0.009185 0.770298 -0.007624
0.387731 0.365783 1.706010 0.637333 -0.009322 0.770502 -0.006819
0.386965 0.367896 1.706246 0.636986 -0.009380 0.770798 -0.005620
0.386095 0.369984 1.706475 0.636577 -0.008931 0.771149 -0.004414
0.385181 0.371995 1.706717 0.636182 -0.008362 0.771486 -0.003515
0.384362 0.374116 1.706804 0.636247 -0.008038 0.771437 -0.003159
0.383478 0.376316 1.706908 0.636257 -0.007373 0.771439 -0.002299
0.382544 0.378408 1.707040 0.636214 -0.006557 0.771484 -0.001627
0.381604 0.380319 1.707229 0.636122 -0.006033 0.771563 -0.001262
0.380976 0.381571 1.707584 0.636095 -0.008123 0.771566 -0.001611
0.380464 0.382625 1.708023 0.635948 -0.010877 0.771653 -0.001490
0.380028 0.383479 1.708480 0.635737 -0.013525 0.771787 -0.000914
0.379641 0.384214 1.708944 0.635509 -0.016037 0.771926 -0.000279
0.379269 0.384937 1.709395 0.635419 -0.018765 0.771939 -0.000207
0.378850 0.385816 1.709792 0.635305 -0.021089 0.771973 0.000519
0.378419 0.386624 1.710225 0.635060 -0.022994 0.772118 0.001921
0.377998 0.387360 1.710689 0.634770 -0.024756 0.772297 0.003333
0.377468 0.387988 1.711210 0.634616 -0.026695 0.772356 0.003908
0.376416 0.388590 1.711811 0.634662 -0.028023 0.772269 0.004322
0.375320 0.389241 1.712501 0.634499 -0.028848 0.772366 0.005482
0.374286 0.389880 1.713235 0.634270 -0.029606 0.772517 0.006512
0.373244 0.390475 1.713993 0.634126 -0.030499 0.772597 0.006938
0.371335 0.391132 1.714899 0.634299 -0.031063 0.772436 0.006585
0.369161 0.392141 1.715899 0.634165 -0.030642 0.772558 0.007073
0.366938 0.393385 1.716947 0.633911 -0.029814 0.772798 0.007172
0.364638 0.394898 1.718036 0.633579 -0.028679 0.773120 0.006396
0.360970 0.396452 1.719994 0.632692 -0.027738 0.773906 0.001212
0.355632 0.400773 1.721510 0.631363 -0.018751 0.775238 -0.005948
0.349284 0.406782 1.722450 0.629830 -0.006821 0.776551 -0.015351
0.342828 0.413020 1.723025 0.628169 0.005056 0.777668 -0.024688
0.336236 0.417866 1.724253 0.625335 0.015003 0.779616 -0.030487
0.329881 0.422022 1.725689 0.622248 0.022809 0.781689 -0.035356
0.324222 0.425719 1.726934 0.619481 0.029448 0.783454 -0.039698
0.319371 0.428836 1.727969 0.617077 0.034953 0.784931 -0.043328
0.314822 0.430437 1.729500 0.614264 0.038742 0.786892 -0.044483
0.310370 0.431132 1.731557 0.611267 0.040455 0.789107 -0.045001
0.306418 0.431794 1.733472 0.608650 0.041838 0.791010 -0.045794
0.303035 0.432356 1.735132 0.606421 0.042972 0.792614 -0.046578
0.299896 0.432161 1.737049 0.603935 0.044323 0.794525 -0.045030
0.296628 0.431047 1.739853 0.600981 0.044385 0.796902 -0.042408
0.293664 0.430090 1.742605 0.598376 0.044085 0.798960 -0.040813
0.291088 0.429280 1.745047 0.596150 0.043722 0.800696 -0.039761
0.288751 0.428391 1.747361 0.593991 0.043344 0.802393 -0.038238
0.286007 0.427425 1.749989 0.591394 0.042108 0.804444 -0.036745
0.283255 0.426974 1.752231 0.589080 0.041449 0.806202 -0.036120
0.280712 0.426809 1.754076 0.587080 0.041209 0.807681 -0.035904
0.278431 0.426700 1.755729 0.585213 0.041504 0.809058 -0.035045
0.275975 0.426187 1.758464 0.582564 0.041518 0.811066 -0.032656
0.273590 0.425770 1.761275 0.580125 0.041109 0.812878 -0.031526
0.271437 0.425457 1.763790 0.578009 0.040709 0.814427 -0.030945
0.269569 0.425204 1.765955 0.576181 0.040456 0.815754 -0.030394
0.267630 0.424595 1.769050 0.573724 0.039583 0.817610 -0.028068
0.265671 0.424065 1.772204 0.571402 0.038288 0.819330 -0.027071
0.263869 0.423667 1.774992 0.569379 0.037194 0.820802 -0.026595
0.262286 0.423372 1.777341 0.567653 0.036342 0.822044 -0.026334
0.260829 0.423544 1.780429 0.565635 0.036830 0.823473 -0.024327
0.259229 0.423804 1.784008 0.563506 0.036781 0.824946 -0.023903
0.257686 0.424017 1.787319 0.561593 0.036539 0.826256 -0.024074
0.256305 0.424211 1.790168 0.559941 0.036301 0.827377 -0.024416
0.255290 0.424802 1.793182 0.558187 0.036776 0.828593 -0.022570
0.254436 0.425561 1.796293 0.556336 0.037140 0.829859 -0.021085
0.253681 0.426181 1.798982 0.554736 0.037365 0.830946 -0.020061
0.253036 0.426706 1.801225 0.553376 0.037553 0.831861 -0.019280
0.252715 0.427543 1.803823 0.551948 0.037938 0.832822 -0.017901
0.252690 0.428279 1.807617 0.550164 0.037473 0.834031 -0.017522
0.252750 0.428484 1.811363 0.548593 0.036324 0.835115 -0.017584
0.252866 0.428452 1.814698 0.547262 0.035042 0.836040 -0.017715
0.253136 0.428846 1.817978 0.545849 0.034527 0.837003 -0.016845
0.253475 0.430193 1.822070 0.543620 0.035060 0.838442 -0.016216
0.253682 0.431209 1.825861 0.541568 0.035265 0.839762 -0.016130
0.253824 0.432002 1.829143 0.539793 0.035327 0.840901 -0.016167
0.254061 0.432878 1.832134 0.538207 0.035557 0.841916 -0.015702
0.254997 0.434187 1.836170 0.536224 0.035805 0.843184 -0.014884
0.256148 0.434680 1.840132 0.534511 0.035134 0.844309 -0.014365
0.257344 0.434720 1.843662 0.533123 0.034073 0.845238 -0.013831
0.258520 0.434678 1.846747 0.531959 0.033011 0.846024 -0.013187
0.260248 0.435985 1.850419 0.530165 0.032715 0.847167 -0.012777
0.262055 0.436897 1.853689 0.528496 0.032387 0.848226 -0.012462
0.263781 0.437453 1.856437 0.527150 0.031925 0.849087 -0.011964
0.265332 0.437833 1.858711 0.526041 0.031496 0.849799 -0.011403
0.267285 0.439002 1.861749 0.524629 0.031100 0.850694 -0.010900
0.269345 0.439623 1.864940 0.523193 0.030290 0.851608 -0.010745
0.271318 0.439754 1.867825 0.522031 0.029166 0.852364 -0.010451
0.273104 0.439676 1.870321 0.521069 0.028046 0.852994 -0.010078
0.275071 0.440560 1.873265 0.519939 0.027789 0.853697 -0.009601
0.276988 0.441419 1.876537 0.518537 0.027684 0.854552 -0.009696
0.278710 0.441833 1.879540 0.517327 0.027238 0.855298 -0.009774
0.280211 0.442034 1.882160 0.516295 0.026713 0.855938 -0.009799
0.281895 0.442848 1.884971 0.515139 0.026554 0.856637 -0.009950
0.283973 0.443601 1.888181 0.513697 0.026467 0.857501 -0.010363
0.286086 0.443691 1.891130 0.512561 0.025804 0.858199 -0.010439
0.288076 0.443464 1.893716 0.511663 0.024931 0.858763 -0.010300
0.290055 0.443526 1.896342 0.510764 0.024235 0.859318 -0.010244
0.292227 0.443684 1.899646 0.509431 0.023637 0.860118 -0.010856
0.294336 0.443236 1.902829 0.508305 0.022499 0.860810 -0.011244
0.296279 0.442528 1.905690 0.507383 0.021186 0.861385 -0.011425
0.298171 0.442104 1.908292 0.506686 0.019936 0.861821 -0.011699
0.300504 0.442670 1.910747 0.506043 0.019411 0.862198 -0.012562
0.302795 0.442998 1.912647 0.505559 0.019034 0.862486 -0.012868
0.304894 0.443184 1.914131 0.505220 0.018719 0.862692 -0.012851
0.306812 0.443484 1.915359 0.504987 0.018659 0.862831 -0.012767
0.309212 0.444832 1.916997 0.504579 0.020162 0.863024 -0.013457
0.311604 0.445515 1.918624 0.504204 0.021102 0.863216 -0.013845
0.313847 0.445744 1.920119 0.503966 0.021506 0.863343 -0.013981
0.315862 0.445763 1.921452 0.503810 0.021652 0.863430 -0.013986
0.318633 0.446575 1.923108 0.503755 0.022589 0.863436 -0.014135
0.321786 0.446644 1.924600 0.503813 0.022981 0.863398 -0.013724
0.324931 0.446174 1.925892 0.504059 0.022783 0.863273 -0.012915
0.327845 0.445469 1.927008 0.504365 0.022314 0.863119 -0.011990
0.331150 0.445890 1.928260 0.504632 0.022713 0.862950 -0.012184
0.334664 0.446187 1.929281 0.504807 0.023398 0.862830 -0.012109
0.338014 0.446079 1.930062 0.505123 0.023683 0.862644 -0.011612
0.341028 0.445790 1.930688 0.505473 0.023759 0.862445 -0.010977
0.344282 0.446393 1.931435 0.505820 0.024502 0.862226 -0.010583
0.347973 0.447066 1.931990 0.506060 0.025775 0.862057 -0.009831
0.351585 0.447212 1.932304 0.506475 0.026536 0.861803 -0.008657
0.354888 0.447084 1.932502 0.506937 0.026978 0.861529 -0.007399
0.358183 0.447438 1.932899 0.507345 0.027523 0.861279 -0.006594
0.361897 0.447862 1.933516 0.507471 0.028429 0.861179 -0.005878
0.365553 0.447617 1.934065 0.507743 0.028710 0.861017 -0.004756
0.368922 0.447038 1.934571 0.508068 0.028625 0.860834 -0.003530
0.372091 0.446729 1.935152 0.508455 0.028375 0.860616 -0.003025
0.375409 0.447031 1.935838 0.508673 0.028634 0.860476 -0.003637
0.378508 0.446984 1.936359 0.508918 0.028742 0.860327 -0.003769
0.381271 0.446766 1.936777 0.509174 0.028737 0.860176 -0.003663
0.383759 0.446638 1.937182 0.509479 0.028767 0.859995 -0.003641
0.386765 0.446691 1.937836 0.509915 0.029029 0.859724 -0.004290
0.389909 0.446033 1.938456 0.510419 0.028738 0.859435 -0.004235
0.392924 0.445010 1.939047 0.510956 0.028090 0.859139 -0.003797
0.395671 0.443908 1.939609 0.511484 0.027328 0.858852 -0.003313
0.398555 0.443555 1.939988 0.512345 0.026946 0.858343 -0.004941
0.401324 0.443242 1.939921 0.513184 0.026856 0.857838 -0.005959
0.403824 0.442968 1.939625 0.513992 0.026881 0.857350 -0.006495
0.405987 0.442768 1.939239 0.514711 0.027003 0.856912 -0.006791
0.408092 0.442538 1.939108 0.515237 0.026817 0.856593 -0.007670
0.410356 0.441953 1.938899 0.515776 0.026379 0.856278 -0.008151
0.412574 0.441185 1.938643 0.516341 0.025837 0.855954 -0.008136
0.414437 0.440616 1.938357 0.516664 0.025695 0.855762 -0.008381
0.415147 0.441212 1.937911 0.516213 0.027442 0.855957 -0.010459
0.415739 0.441947 1.937168 0.515850 0.029260 0.856093 -0.012200
0.416366 0.442613 1.936304 0.515634 0.030887 0.856148 -0.013320
0.416953 0.443236 1.935429 0.515485 0.032368 0.856171 -0.014091
0.417397 0.443592 1.934671 0.515652 0.033450 0.856011 -0.015087
0.417814 0.443649 1.933957 0.515709 0.034444 0.855919 -0.016119
0.418368 0.443203 1.933647 0.515752 0.034719 0.855873 -0.016602
0.418872 0.442751 1.933500 0.515737 0.035015 0.855866 -0.016764
0.419054 0.442145 1.933369 0.515743 0.034645 0.855838 -0.018687
0.419191 0.441030 1.933027 0.515939 0.034301 0.855715 -0.019533
0.419320 0.440308 1.932504 0.515792 0.034825 0.855778 -0.019747
0.419352 0.439864 1.931984 0.515654 0.035342 0.855836 -0.019913
0.419162 0.439150 1.931694 0.515565 0.035104 0.855884 -0.020554
0.418380 0.437577 1.931516 0.515297 0.035100 0.856088 -0.018720
0.417619 0.436512 1.931120 0.515128 0.035296 0.856209 -0.017407
0.416941 0.435769 1.930639 0.514993 0.035473 0.856302 -0.016474
0.416206 0.435176 1.930167 0.514844 0.035495 0.856398 -0.016083
0.414329 0.433329 1.929796 0.514900 0.034570 0.856434 -0.014303
0.412431 0.431767 1.929603 0.514817 0.034466 0.856521 -0.012139
0.410661 0.430463 1.929471 0.514726 0.034689 0.856592 -0.010154
0.409155 0.429372 1.929252 0.514676 0.034774 0.856632 -0.008960
0.406409 0.428041 1.928914 0.514692 0.033822 0.856683 -0.006534
0.403686 0.426419 1.928641 0.514822 0.033174 0.856650 -0.003003
0.400932 0.424878 1.928477 0.514681 0.032873 0.856751 -0.000185
0.398472 0.423446 1.928360 0.514492 0.032827 0.856863 0.002323
0.395090 0.422498 1.928138 0.514190 0.032465 0.857049 0.004626
0.391467 0.421235 1.928079 0.514332 0.031819 0.856966 0.007696
0.388084 0.419845 1.928064 0.514379 0.031491 0.856919 0.010599
0.384869 0.418399 1.928078 0.514266 0.031418 0.856954 0.013159
0.381270 0.417179 1.928042 0.513855 0.031441 0.857144 0.016401
0.377520 0.415741 1.928053 0.513884 0.031017 0.857065 0.020005
0.374066 0.414125 1.928098 0.513928 0.030747 0.856966 0.023280
0.370831 0.412459 1.928142 0.513810 0.030609 0.856960 0.026113
0.367355 0.410864 1.928166 0.513427 0.030148 0.857137 0.028259
0.363312 0.409153 1.928361 0.513510 0.029655 0.857000 0.031299
0.359622 0.407263 1.928566 0.513678 0.029053 0.856817 0.033992
0.356223 0.405327 1.928729 0.513756 0.027917 0.856757 0.035248
0.352782 0.403310 1.928966 0.513550 0.026281 0.856918 0.035599
0.348776 0.401251 1.929254 0.513545 0.024662 0.856900 0.037213
0.345150 0.399051 1.929455 0.513746 0.022387 0.856832 0.037462
0.341847 0.396833 1.929667 0.513758 0.020024 0.856879 0.037543
0.338705 0.394552 1.929984 0.513532 0.017726 0.857048 0.037945
0.334767 0.392271 1.930424 0.513587 0.015928 0.856948 0.040186
0.331078 0.390038 1.930777 0.513909 0.013882 0.856704 0.041990
0.327683 0.387784 1.931124 0.514084 0.011696 0.856561 0.043410
0.324532 0.385431 1.931539 0.514022 0.009372 0.856567 0.044562
0.320761 0.382874 1.932071 0.513877 0.007745 0.856533 0.047131
0.317179 0.380453 1.932405 0.513938 0.006075 0.856373 0.049546
0.313971 0.377947 1.932674 0.513993 0.004074 0.856240 0.051448
0.311088 0.375291 1.932981 0.513889 0.001822 0.856211 0.053078
0.307579 0.372446 1.933475 0.513730 0.000244 0.856124 0.055982
0.304114 0.369631 1.934317 0.514194 -0.001342 0.855673 0.058517
0.300931 0.366114 1.936383 0.514691 -0.004053 0.855298 0.059511
0.297921 0.361675 1.939209 0.514980 -0.008110 0.855094 0.059526
0.294903 0.356676 1.942159 0.515598 -0.011795 0.854573 0.061032
0.291673 0.351898 1.944815 0.515941 -0.014954 0.854179 0.062917
0.288574 0.347301 1.947176 0.515880 -0.018266 0.854060 0.064164
0.285839 0.342638 1.949241 0.515637 -0.021863 0.854047 0.065144
0.283143 0.338030 1.950941 0.515556 -0.024808 0.853864 0.067109
0.279907 0.334066 1.952414 0.515556 -0.026396 0.853562 0.070260
0.276811 0.330407 1.953690 0.515576 -0.028012 0.853281 0.072859
0.273956 0.326688 1.954906 0.515457 -0.030111 0.853121 0.074713
0.271138 0.322656 1.956067 0.515317 -0.032451 0.853013 0.075928
0.267935 0.318316 1.957100 0.515248 -0.034252 0.852836 0.077563
0.264950 0.313670 1.958232 0.514923 -0.036855 0.852825 0.078655
0.262126 0.309075 1.959263 0.514459 -0.039720 0.852898 0.079501
0.259379 0.304499 1.960225 0.513965 -0.042310 0.852988 0.080379
0.256469 0.299191 1.961236 0.513344 -0.043958 0.853137 0.081865
0.253883 0.293796 1.962094 0.512713 -0.046253 0.853260 0.083263
0.251470 0.288546 1.962850 0.512014 -0.048953 0.853413 0.084447
0.249167 0.283325 1.963563 0.511250 -0.051912 0.853596 0.085452
0.246353 0.277256 1.964286 0.510893 -0.053903 0.853681 0.085506
0.243614 0.271113 1.964966 0.510251 -0.056584 0.853887 0.085553
0.241012 0.264958 1.965659 0.509371 -0.059981 0.854183 0.085533
0.238712 0.258632 1.966272 0.508457 -0.064112 0.854422 0.085575
0.236256 0.251600 1.966915 0.508095 -0.067120 0.854364 0.086002
0.234002 0.244096 1.967344 0.507808 -0.070224 0.854214 0.086701
0.231988 0.236420 1.967602 0.507301 -0.073775 0.854109 0.087751
0.230113 0.228805 1.967756 0.506548 -0.078051 0.854060 0.088867
0.228283 0.220829 1.968092 0.506177 -0.081910 0.853732 0.090650
0.226257 0.212293 1.968494 0.505869 -0.086010 0.853347 0.092184
0.224374 0.203806 1.968646 0.505598 -0.090045 0.852926 0.093706
0.222812 0.196068 1.968591 0.505392 -0.093245 0.852506 0.095485
0.221138 0.188645 1.968696 0.505183 -0.096083 0.852050 0.097813
0.218955 0.180757 1.969194 0.505376 -0.099188 0.851377 0.099566
0.217074 0.173566 1.969407 0.505902 -0.101772 0.850665 0.100375
0.215418 0.167259 1.969429 0.506427 -0.103656 0.850104 0.100540
0.213702 0.161275 1.969582 0.506893 -0.105187 0.849612 0.100773
0.211512 0.154371 1.970155 0.507729 -0.107132 0.848866 0.100793
0.209804 0.148591 1.970393 0.508935 -0.107607 0.848073 0.100884
0.208490 0.143814 1.970401 0.510170 -0.107155 0.847427 0.100558
0.207406 0.139734 1.970460 0.511358 -0.106005 0.846954 0.099727
0.205917 0.134872 1.971055 0.512680 -0.104901 0.846392 0.098872
0.204591 0.130384 1.971431 0.514282 -0.103144 0.845818 0.097301
0.203077 0.126778 1.971762 0.515750 -0.100668 0.845615 0.093823
0.201838 0.123393 1.971993 0.517116 -0.097916 0.845471 0.090460
0.200584 0.118750 1.972692 0.518670 -0.095456 0.845137 0.087251
0.199732 0.114093 1.973070 0.520447 -0.092418 0.844652 0.084598
0.199176 0.109876 1.973142 0.521990 -0.089011 0.844346 0.081746
0.198751 0.106066 1.973077 0.523235 -0.085374 0.844223 0.078889
0.198119 0.101127 1.973368 0.524310 -0.082238 0.844264 0.074529
0.197483 0.096166 1.973600 0.525568 -0.078351 0.844153 0.071032
0.196870 0.091979 1.973718 0.526783 -0.073783 0.843913 0.069756
0.196261 0.088448 1.973777 0.527881 -0.069192 0.843586 0.070117
0.195418 0.084157 1.974138 0.528910 -0.065079 0.843380 0.068773
0.194536 0.079780 1.974423 0.530090 -0.060409 0.843103 0.067323
0.193822 0.076244 1.974471 0.531194 -0.055862 0.842721 0.067334
0.193134 0.073214 1.974459 0.532127 -0.052111 0.842329 0.067869
0.192391 0.069770 1.974624 0.532901 -0.049173 0.842099 0.066840
0.191397 0.065788 1.974776 0.533529 -0.046568 0.842045 0.064340
0.189888 0.062101 1.974853 0.534001 -0.044809 0.842023 0.061912
0.188404 0.058655 1.974872 0.534513 -0.044033 0.841803 0.061027
0.186682 0.054788 1.975093 0.534707 -0.044378 0.841722 0.060178
0.184000 0.049737 1.975633 0.534324 -0.045944 0.841941 0.059342
0.180782 0.044572 1.976127 0.533239 -0.048707 0.842279 0.062046
0.176180 0.038795 1.976810 0.528177 -0.056070 0.844720 0.065833
0.171004 0.032568 1.977612 0.521774 -0.065204 0.847822 0.068550
0.165622 0.026397 1.978682 0.515713 -0.073599 0.850774 0.069330
0.160608 0.021108 1.979521 0.509955 -0.081066 0.853509 0.069966
0.156336 0.016754 1.980167 0.505101 -0.087232 0.855750 0.070398
0.152786 0.013119 1.980717 0.501285 -0.092177 0.857480 0.070316
0.149430 0.009763 1.981484 0.498330 -0.095889 0.858972 0.068115
0.146250 0.006947 1.982152 0.495340 -0.099188 0.860474 0.066211
0.143514 0.004606 1.982722 0.492759 -0.101947 0.861754 0.064618
0.141208 0.002636 1.983198 0.490615 -0.104239 0.862804 0.063250
0.138454 0.000585 1.983860 0.488302 -0.106454 0.864068 0.060130
0.135385 -0.001346 1.984515 0.485333 -0.108913 0.865639 0.057084
0.132622 -0.002978 1.985090 0.482597 -0.111070 0.867060 0.054511
0.130275 -0.004349 1.985571 0.480283 -0.112868 0.868243 0.052379
0.127747 -0.004787 1.986287 0.477917 -0.113098 0.869651 0.050116
0.124930 -0.004408 1.987458 0.475287 -0.112434 0.871359 0.046854
0.122345 -0.003934 1.988607 0.472866 -0.111735 0.872925 0.043759
0.120120 -0.003521 1.989597 0.470793 -0.111135 0.874251 0.041094
0.117945 -0.002880 1.990239 0.468633 -0.110504 0.875568 0.039415
0.115695 -0.001889 1.990924 0.466453 -0.109618 0.876936 0.037270
0.113676 -0.000993 1.991608 0.464535 -0.108789 0.878147 0.035077
0.111958 -0.000239 1.992191 0.462930 -0.108080 0.879157 0.033131
0.110356 0.000542 1.992581 0.461184 -0.107465 0.880209 0.031506
0.108622 0.001483 1.992973 0.459104 -0.106899 0.881441 0.029281
0.107046 0.002308 1.993387 0.457288 -0.106377 0.882517 0.027100
0.105709 0.002999 1.993744 0.455790 -0.105924 0.883403 0.025191
0.104539 0.003753 1.993955 0.454433 -0.105402 0.884189 0.024290
