0.454038 0.269128 1.270997 0.697152 -0.058548 0.703857 0.123036
0.448859 0.270697 1.273050 0.697179 -0.058529 0.703824 0.123074
0.443587 0.272280 1.275051 0.697005 -0.057977 0.704049 0.123029
0.438599 0.273422 1.276873 0.696896 -0.057471 0.704188 0.123095
0.433666 0.274417 1.279186 0.696913 -0.059108 0.704035 0.123098
0.428566 0.276032 1.282027 0.696589 -0.060525 0.704358 0.122395
0.423364 0.277759 1.284910 0.696037 -0.061232 0.704986 0.121568
0.418162 0.279286 1.287606 0.695529 -0.061372 0.705575 0.120983
0.412915 0.280977 1.290578 0.696106 -0.061567 0.705007 0.120877
0.407661 0.282799 1.293823 0.696195 -0.061559 0.705014 0.120325
0.402375 0.284428 1.296963 0.695930 -0.061163 0.705407 0.119760
0.397056 0.285785 1.299917 0.695634 -0.060487 0.705796 0.119525
0.391819 0.287375 1.303396 0.695708 -0.060755 0.705779 0.119059
0.386644 0.288928 1.307093 0.695285 -0.060888 0.706308 0.118320
0.381443 0.290195 1.310590 0.694600 -0.060656 0.707114 0.117652
0.376195 0.291209 1.313923 0.694116 -0.060205 0.707622 0.117677
0.370994 0.292577 1.317946 0.693913 -0.060688 0.707818 0.117453
0.365808 0.293913 1.322087 0.693310 -0.061060 0.708481 0.116823
0.360575 0.294929 1.325905 0.692534 -0.061056 0.709342 0.116198
0.355306 0.295773 1.329689 0.692193 -0.060677 0.709600 0.116852
0.350121 0.297022 1.334325 0.691911 -0.061175 0.709794 0.117087
0.344930 0.298149 1.338915 0.691290 -0.061627 0.710407 0.116797
0.339685 0.298880 1.343031 0.690555 -0.061717 0.711173 0.116438
0.334574 0.299482 1.347478 0.689884 -0.061610 0.711563 0.118080
0.329675 0.300287 1.352782 0.688738 -0.062592 0.712420 0.119083
0.324737 0.300818 1.357777 0.687480 -0.063444 0.713482 0.119539
0.319715 0.300910 1.362133 0.686286 -0.063860 0.714543 0.119839
0.314970 0.301000 1.367353 0.684970 -0.064781 0.715293 0.122374
0.310408 0.301195 1.373270 0.683166 -0.066874 0.716595 0.123713
0.305753 0.301058 1.378647 0.681458 -0.068626 0.717916 0.124509
0.300991 0.300497 1.383289 0.679988 -0.069611 0.719053 0.125435
0.296742 0.300024 1.389512 0.677929 -0.070519 0.720192 0.129471
0.292631 0.299450 1.396084 0.675467 -0.072523 0.721829 0.132088
0.288376 0.298503 1.401872 0.673284 -0.074249 0.723340 0.133996
0.284003 0.297186 1.406917 0.671490 -0.074971 0.724467 0.136480
0.279935 0.295834 1.412986 0.669346 -0.075591 0.725509 0.141067
0.275854 0.294297 1.418776 0.667172 -0.076796 0.726735 0.144358
0.271650 0.293073 1.423666 0.665198 -0.077357 0.728024 0.146659
0.267268 0.292490 1.428183 0.663992 -0.076763 0.728730 0.148912
0.263261 0.291713 1.434191 0.662154 -0.076733 0.729630 0.152659
0.259218 0.291534 1.439731 0.660243 -0.076854 0.730901 0.154780
0.254847 0.292165 1.444320 0.658815 -0.076265 0.732150 0.155251
0.250343 0.293211 1.449175 0.657859 -0.074124 0.733035 0.156162
0.246349 0.293845 1.455706 0.655463 -0.073291 0.734931 0.157714
0.242247 0.294815 1.461577 0.653169 -0.072731 0.736968 0.157979
0.237783 0.296360 1.466430 0.651417 -0.071567 0.738859 0.156913
0.233194 0.298298 1.471639 0.650389 -0.067452 0.740109 0.157107
0.228779 0.300173 1.477526 0.648599 -0.064016 0.741976 0.157142
0.224118 0.302330 1.482619 0.646990 -0.060928 0.743895 0.155922
0.219103 0.304880 1.486814 0.645756 -0.057618 0.745723 0.153548
0.214169 0.306995 1.492146 0.644622 -0.052703 0.747284 0.152485
0.209575 0.308535 1.498157 0.642316 -0.049771 0.749695 0.151366
0.204800 0.310257 1.503366 0.640223 -0.047187 0.752051 0.149358
0.199688 0.312364 1.507698 0.638616 -0.044155 0.754166 0.146474
0.194513 0.314645 1.513007 0.637463 -0.038802 0.755908 0.144006
0.189288 0.316889 1.518136 0.635884 -0.034781 0.758026 0.140852
0.183799 0.319338 1.522464 0.634512 -0.030908 0.760053 0.136956
0.178010 0.322040 1.526228 0.633604 -0.026018 0.761774 0.132552
0.172322 0.324412 1.531556 0.632193 -0.019053 0.763860 0.128396
0.166907 0.326510 1.536760 0.630367 -0.014080 0.766187 0.124084
0.162116 0.328391 1.541127 0.628866 -0.010082 0.768147 0.119903
0.158003 0.329961 1.545180 0.627839 -0.005893 0.769676 0.115683
0.154563 0.331014 1.550586 0.626090 -0.002052 0.771796 0.111076
0.151835 0.331591 1.555640 0.624145 -0.000056 0.773905 0.107304
0.149639 0.331883 1.559919 0.622372 0.001167 0.775745 0.104268
0.147806 0.332067 1.564186 0.621114 0.003772 0.777081 0.101725
0.146469 0.331882 1.569480 0.619383 0.005797 0.778746 0.099423
0.145502 0.331435 1.574206 0.617614 0.006508 0.780369 0.097648
0.144747 0.330918 1.578173 0.616014 0.006755 0.781803 0.096254
0.143892 0.330792 1.582563 0.614988 0.009205 0.782922 0.093479
0.143058 0.330766 1.587660 0.613416 0.010963 0.784536 0.090019
0.142340 0.330623 1.592091 0.611824 0.011870 0.786086 0.087167
0.141724 0.330422 1.595801 0.610342 0.012407 0.787481 0.084874
0.141379 0.330274 1.599965 0.609580 0.015441 0.788352 0.081692
0.141668 0.329523 1.604131 0.608203 0.016916 0.789602 0.079579
0.142124 0.328538 1.607685 0.606725 0.017501 0.790845 0.078377
0.142560 0.327575 1.610688 0.605344 0.017800 0.791974 0.077585
0.143055 0.326855 1.615308 0.604166 0.019574 0.793105 0.074727
0.143854 0.325725 1.619994 0.602462 0.019157 0.794607 0.072604
0.144622 0.324527 1.623983 0.600783 0.018312 0.796024 0.071210
0.145262 0.323528 1.627427 0.599587 0.018102 0.797057 0.069763
0.146471 0.322886 1.631556 0.599700 0.019259 0.797302 0.065556
0.148082 0.321682 1.635279 0.599191 0.018860 0.797895 0.063072
0.149609 0.320343 1.638409 0.598440 0.018075 0.798587 0.061659
0.150927 0.319251 1.641412 0.597964 0.018399 0.799066 0.059958
0.152760 0.318172 1.645374 0.597294 0.018760 0.799789 0.056789
0.154773 0.316641 1.648834 0.596174 0.017964 0.800751 0.055246
0.156586 0.315082 1.651712 0.594966 0.016975 0.801717 0.054564
0.158274 0.313978 1.654712 0.594598 0.017503 0.802119 0.052467
0.160766 0.312731 1.658433 0.594471 0.017048 0.802446 0.048929
0.163345 0.310995 1.661636 0.593882 0.015634 0.803013 0.047211
0.165710 0.309232 1.664192 0.593559 0.014013 0.803336 0.046288
0.168281 0.308137 1.666742 0.594776 0.014412 0.802533 0.044439
0.171501 0.306988 1.669512 0.596003 0.014019 0.801740 0.042404
0.174559 0.305484 1.671867 0.596695 0.012890 0.801284 0.041635
0.177218 0.303983 1.673808 0.597051 0.011663 0.801043 0.041509
0.180063 0.303601 1.676557 0.597635 0.012465 0.800718 0.039062
0.183573 0.302980 1.679617 0.597770 0.011620 0.800752 0.036505
0.186904 0.301875 1.682165 0.597581 0.010171 0.800959 0.035469
0.189810 0.300700 1.684241 0.597275 0.008797 0.801215 0.035222
0.192881 0.300738 1.687188 0.596950 0.010572 0.801520 0.033232
0.196439 0.300284 1.690066 0.596368 0.010442 0.802025 0.031499
0.199798 0.299338 1.692405 0.595706 0.009646 0.802541 0.031111
0.202749 0.298426 1.694388 0.595046 0.009351 0.803023 0.031403
0.206031 0.298633 1.697385 0.593996 0.010622 0.803870 0.029127
0.209816 0.298116 1.700204 0.592799 0.010190 0.804809 0.027725
0.213541 0.296965 1.702452 0.591701 0.009007 0.805626 0.027864
0.216945 0.296056 1.704385 0.590720 0.008746 0.806325 0.028510
0.220760 0.296437 1.706620 0.589594 0.010199 0.807173 0.027300
0.224760 0.296172 1.708458 0.588570 0.010613 0.807920 0.027168
0.228447 0.295462 1.709858 0.587759 0.010431 0.808485 0.027956
0.231936 0.295236 1.711286 0.587233 0.011467 0.808841 0.028308
0.236076 0.295523 1.713393 0.586781 0.012643 0.809208 0.026667
0.240352 0.294887 1.715252 0.586356 0.012340 0.809531 0.026319
0.244258 0.293827 1.716711 0.586065 0.011465 0.809737 0.026878
0.248179 0.293557 1.718232 0.585609 0.011728 0.810061 0.026955
0.252499 0.293668 1.719885 0.584958 0.012011 0.810547 0.026324
0.256433 0.293330 1.721186 0.584481 0.011732 0.810890 0.026481
0.259824 0.292841 1.722195 0.584135 0.011312 0.811128 0.027000
0.263796 0.292893 1.723102 0.584210 0.012015 0.811092 0.026156
0.268632 0.292124 1.723850 0.584563 0.011650 0.810844 0.026105
0.273215 0.290675 1.724349 0.585030 0.010429 0.810486 0.027241
0.277225 0.289125 1.724693 0.585499 0.009058 0.810114 0.028706
0.281983 0.288845 1.725035 0.586014 0.009224 0.809767 0.027930
0.286888 0.288137 1.725172 0.586606 0.008870 0.809343 0.027908
0.291263 0.287090 1.725171 0.587218 0.008137 0.808881 0.028623
0.295079 0.286160 1.725135 0.587792 0.007438 0.808454 0.029100
0.299701 0.286442 1.725215 0.588458 0.007636 0.808072 0.026049
0.304150 0.286197 1.725190 0.589142 0.007276 0.807634 0.024186
0.308044 0.285658 1.725097 0.589793 0.006668 0.807193 0.023231
0.311605 0.285322 1.725013 0.590322 0.006323 0.806835 0.022262
0.316086 0.285514 1.724811 0.590726 0.006608 0.806585 0.020497
0.320373 0.285082 1.724367 0.591285 0.006389 0.806188 0.020074
0.324133 0.284402 1.723880 0.591864 0.005968 0.805760 0.020296
0.327823 0.284179 1.723468 0.592434 0.005545 0.805368 0.019314
0.332260 0.284381 1.723074 0.593058 0.005046 0.804965 0.016969
0.336325 0.284062 1.722596 0.593726 0.004246 0.804501 0.015823
0.339833 0.283557 1.722127 0.594354 0.003426 0.804050 0.015313
0.343550 0.283586 1.721831 0.594714 0.003204 0.803812 0.013807
0.347952 0.283429 1.721511 0.594976 0.002852 0.803644 0.012305
0.352015 0.282693 1.721063 0.595374 0.002082 0.803356 0.012003
0.355543 0.281803 1.720607 0.595793 0.001256 0.803043 0.012215
0.359382 0.281797 1.720039 0.596268 0.000508 0.802709 0.011084
0.363248 0.282054 1.719144 0.596882 0.000240 0.802266 0.010070
0.366584 0.282132 1.718188 0.597533 0.000119 0.801786 0.009666
0.369383 0.282146 1.717320 0.598125 0.000077 0.801346 0.009519
0.372432 0.282916 1.716880 0.598593 0.000761 0.801020 0.007253
0.375299 0.283377 1.716749 0.598874 0.001051 0.800826 0.005227
0.377771 0.283550 1.716690 0.599098 0.001059 0.800667 0.003827
0.379926 0.283668 1.716643 0.599282 0.000927 0.800533 0.002696
0.382919 0.284380 1.716140 0.599547 0.000495 0.800339 0.000801
0.385838 0.284754 1.715167 0.600091 0.000342 0.799932 -0.000002
0.388408 0.284892 1.714128 0.600700 0.000283 0.799474 -0.000195
0.390704 0.285092 1.713199 0.601267 0.000380 0.799048 -0.000282
0.393107 0.285923 1.712444 0.601725 0.000975 0.798703 -0.001067
0.395130 0.286668 1.711766 0.602124 0.001582 0.798399 -0.001729
0.396795 0.287303 1.711177 0.602472 0.002148 0.798134 -0.002237
0.398364 0.288236 1.710620 0.602831 0.002677 0.797858 -0.002943
0.399866 0.290209 1.709834 0.603285 0.003934 0.797504 -0.004455
0.400938 0.292276 1.708988 0.603728 0.005594 0.797148 -0.005963
0.401724 0.294188 1.708212 0.604115 0.007247 0.796831 -0.007319
0.402424 0.295981 1.707729 0.604270 0.008635 0.796685 -0.008679
0.403065 0.297566 1.707695 0.604105 0.009564 0.796782 -0.010170
0.403834 0.298319 1.707854 0.603901 0.009081 0.796939 -0.010382
0.404982 0.297853 1.708155 0.603734 0.007129 0.797101 -0.009187
0.405993 0.297729 1.708271 0.603636 0.005129 0.797198 -0.008541
0.406526 0.298308 1.708217 0.603524 0.003980 0.797287 -0.008708
0.406646 0.299316 1.708216 0.603367 0.003642 0.797399 -0.009489
0.406720 0.300267 1.708162 0.603266 0.003400 0.797470 -0.010046
0.406932 0.301501 1.707965 0.603274 0.002713 0.797462 -0.010412
0.407128 0.302749 1.707669 0.603299 0.001748 0.797438 -0.010972
0.407259 0.303865 1.707388 0.603310 0.000998 0.797421 -0.011641
0.407344 0.304885 1.707125 0.603319 0.000472 0.797405 -0.012295
0.407446 0.306410 1.706755 0.603302 -0.000513 0.797419 -0.012242
0.407489 0.307895 1.706317 0.603291 -0.001585 0.797426 -0.012233
0.407473 0.309245 1.705879 0.603294 -0.002298 0.797418 -0.012468
0.407399 0.310545 1.705483 0.603350 -0.002789 0.797370 -0.012713
0.407088 0.312313 1.705288 0.603616 -0.004031 0.797163 -0.012774
0.406625 0.314110 1.705100 0.603865 -0.004838 0.796964 -0.013082
0.406137 0.315768 1.704876 0.604103 -0.005123 0.796777 -0.013416
0.405737 0.317192 1.704753 0.604225 -0.006008 0.796676 -0.013551
0.405356 0.318685 1.704645 0.604282 -0.007658 0.796628 -0.012990
0.404974 0.320001 1.704538 0.604312 -0.008993 0.796598 -0.012574
0.404596 0.321186 1.704413 0.604348 -0.009856 0.796563 -0.012413
0.404115 0.322522 1.704244 0.604459 -0.011070 0.796462 -0.012421
0.403342 0.324247 1.703964 0.604673 -0.012348 0.796293 -0.011653
0.402476 0.325979 1.703713 0.604856 -0.013307 0.796137 -0.011736
0.401638 0.327609 1.703443 0.605040 -0.013762 0.795986 -0.012022
0.400754 0.329201 1.703158 0.605330 -0.014704 0.795752 -0.011775
0.399728 0.330830 1.702992 0.605580 -0.015914 0.795545 -0.011268
0.398730 0.332349 1.702826 0.605818 -0.016538 0.795357 -0.010888
0.397801 0.333750 1.702618 0.606069 -0.016582 0.795168 -0.010579
0.396772 0.335421 1.702264 0.606395 -0.016599 0.794940 -0.009010
