-0.051812 0.360884 1.447861 0.713995 -0.012020 0.699753 0.020311
-0.051453 0.360450 1.447527 0.713754 -0.011163 0.699993 0.020980
-0.051104 0.360050 1.447233 0.713544 -0.010527 0.700198 0.021625
-0.050794 0.359703 1.446993 0.713377 -0.010044 0.700358 0.022158
-0.050285 0.359204 1.446980 0.713825 -0.010259 0.699906 0.021937
-0.049643 0.358653 1.447090 0.714182 -0.010875 0.699531 0.021964
-0.049024 0.358147 1.447208 0.714436 -0.011500 0.699257 0.022108
-0.048478 0.357708 1.447317 0.714620 -0.012052 0.699054 0.022282
-0.048079 0.357231 1.447529 0.714642 -0.012313 0.699042 0.021831
-0.047851 0.356786 1.447785 0.714595 -0.012473 0.699101 0.021364
-0.047709 0.356429 1.448004 0.714558 -0.012564 0.699150 0.020933
-0.047608 0.356138 1.448189 0.714523 -0.012621 0.699196 0.020563
-0.047278 0.355841 1.448014 0.714831 -0.012319 0.698903 0.019978
-0.046585 0.355370 1.447572 0.715050 -0.012200 0.698679 0.020093
-0.045837 0.354865 1.447173 0.715169 -0.012278 0.698542 0.020521
-0.045149 0.354405 1.446847 0.715236 -0.012423 0.698457 0.020992
-0.044685 0.354154 1.446519 0.715135 -0.012158 0.698566 0.020970
-0.044546 0.354106 1.446129 0.715020 -0.011470 0.698707 0.020609
-0.044534 0.354112 1.445781 0.714945 -0.010775 0.698805 0.020210
-0.044563 0.354133 1.445489 0.714885 -0.010163 0.698886 0.019851
-0.044600 0.354435 1.445141 0.714870 -0.008553 0.698950 0.018864
-0.044648 0.354974 1.444712 0.714881 -0.006316 0.698997 0.017582
-0.044669 0.355401 1.444339 0.714904 -0.004539 0.699010 0.016606
-0.044666 0.355728 1.444031 0.714917 -0.003148 0.699022 0.015874
-0.044465 0.356234 1.443419 0.714940 -0.001224 0.699039 0.014328
-0.043580 0.356683 1.442156 0.714813 0.001289 0.699189 0.013244
-0.042458 0.356811 1.440991 0.714656 0.002971 0.699347 0.013122
-0.041363 0.356803 1.440022 0.714497 0.004119 0.699499 0.013338
-0.040339 0.357247 1.438853 0.714295 0.005619 0.699715 0.012268
-0.039018 0.358389 1.436815 0.714074 0.008548 0.699943 0.010247
-0.037579 0.359150 1.434936 0.713923 0.010721 0.700080 0.009307
-0.036232 0.359662 1.433358 0.713798 0.012287 0.700187 0.008892
-0.035041 0.360571 1.431756 0.713690 0.014195 0.700276 0.007583
-0.033721 0.362790 1.429336 0.713836 0.018268 0.700059 0.004545
-0.032280 0.364523 1.427151 0.714070 0.021379 0.699743 0.002632
-0.030907 0.365824 1.425317 0.714284 0.023656 0.699454 0.001463
-0.029677 0.367262 1.423577 0.714352 0.025715 0.699313 -0.000407
-0.028193 0.370269 1.421076 0.714400 0.029963 0.699077 -0.005063
-0.026416 0.372632 1.418855 0.714634 0.033044 0.698670 -0.008171
-0.024661 0.374403 1.417008 0.714874 0.035160 0.698295 -0.010175
-0.023071 0.376054 1.415286 0.714988 0.036889 0.698061 -0.011946
-0.021487 0.379772 1.412137 0.715179 0.041624 0.697528 -0.015532
-0.019609 0.382922 1.409182 0.715659 0.045422 0.696739 -0.017992
-0.017733 0.385340 1.406706 0.716144 0.048102 0.696021 -0.019462
-0.016021 0.387350 1.404558 0.716552 0.050004 0.695434 -0.020591
-0.014486 0.391095 1.401062 0.717245 0.053345 0.694367 -0.023819
-0.012615 0.394408 1.397696 0.718209 0.056212 0.693060 -0.026144
-0.010692 0.396953 1.394876 0.719104 0.058115 0.691924 -0.027460
-0.008913 0.398978 1.392513 0.719882 0.059397 0.690974 -0.028244
-0.007337 0.402571 1.389210 0.720331 0.062461 0.690156 -0.030104
-0.005253 0.405918 1.386093 0.721127 0.065121 0.689016 -0.031499
-0.002963 0.408457 1.383541 0.721876 0.066649 0.688063 -0.031986
-0.000787 0.410418 1.381450 0.722547 0.067529 0.687271 -0.032005
0.000950 0.413937 1.378487 0.723022 0.069196 0.686515 -0.033866
0.003006 0.417619 1.375583 0.723965 0.071074 0.685220 -0.035995
0.005451 0.420467 1.373228 0.724872 0.071876 0.684120 -0.037076
0.007861 0.422648 1.371332 0.725665 0.072057 0.683237 -0.037484
0.009825 0.425991 1.368494 0.725900 0.073058 0.682834 -0.038326
0.011900 0.429695 1.365339 0.726598 0.074918 0.681817 -0.039595
0.014360 0.432586 1.362713 0.727338 0.075827 0.680900 -0.040047
0.016794 0.434803 1.360592 0.728009 0.076097 0.680158 -0.039966
0.018840 0.437962 1.357980 0.728035 0.076754 0.680013 -0.040694
0.020987 0.441765 1.355274 0.728457 0.078257 0.679289 -0.042343
0.023650 0.444782 1.353115 0.728983 0.078751 0.678613 -0.043203
0.026369 0.447072 1.351428 0.729454 0.078570 0.678116 -0.043391
0.028841 0.449838 1.349208 0.729595 0.078185 0.677962 -0.044104
0.031500 0.453070 1.346387 0.730196 0.078609 0.677182 -0.045382
0.034525 0.455516 1.344024 0.730837 0.078353 0.676491 -0.045787
0.037471 0.457346 1.342132 0.731403 0.077670 0.675969 -0.045640
0.040098 0.459645 1.340013 0.731391 0.077648 0.675970 -0.045840
0.042956 0.462763 1.337600 0.731573 0.078980 0.675542 -0.046960
0.046419 0.465133 1.335703 0.731900 0.079197 0.675140 -0.047291
0.049934 0.466823 1.334262 0.732172 0.078674 0.674930 -0.046949
0.053093 0.468824 1.332614 0.732082 0.078289 0.675076 -0.046909
0.056053 0.472049 1.330377 0.732487 0.079318 0.674401 -0.048517
0.059630 0.474667 1.328540 0.733158 0.079473 0.673578 -0.049558
0.063649 0.476481 1.327144 0.733740 0.078667 0.673036 -0.049605
0.067484 0.478175 1.325687 0.733703 0.077922 0.673181 -0.049345
0.071015 0.480761 1.323285 0.733621 0.079520 0.673047 -0.049843
0.075049 0.482736 1.321126 0.733958 0.080294 0.672586 -0.049867
0.079394 0.483979 1.319423 0.734290 0.080045 0.672311 -0.049093
0.083471 0.485138 1.317886 0.734217 0.079408 0.672512 -0.048455
0.087040 0.487895 1.316012 0.734025 0.080906 0.672437 -0.049899
0.091037 0.490271 1.314626 0.734268 0.081509 0.671999 -0.051228
0.095604 0.491874 1.313617 0.734565 0.080999 0.671708 -0.051594
0.100149 0.493038 1.312766 0.734527 0.079793 0.671899 -0.051535
0.104115 0.495448 1.311020 0.734577 0.080530 0.671622 -0.053254
0.108341 0.497458 1.309471 0.735155 0.080778 0.670840 -0.054734
0.113202 0.498732 1.308205 0.735849 0.080041 0.670127 -0.055234
0.118383 0.499378 1.307206 0.736226 0.078378 0.669933 -0.054929
0.122938 0.501275 1.305419 0.735962 0.078324 0.670152 -0.055856
0.127454 0.502984 1.303790 0.736357 0.078165 0.669645 -0.056954
0.132419 0.504026 1.302449 0.736913 0.077204 0.669118 -0.057274
0.137497 0.504456 1.301450 0.737267 0.075570 0.668952 -0.056831
0.142100 0.506169 1.300130 0.737277 0.074565 0.668879 -0.058852
0.146833 0.507837 1.299264 0.737774 0.073357 0.668269 -0.061028
0.152093 0.508806 1.298670 0.738302 0.071436 0.667786 -0.062197
0.157519 0.509079 1.298330 0.738611 0.069028 0.667688 -0.062303
0.162519 0.510207 1.297035 0.738370 0.068488 0.667982 -0.062604
0.167449 0.511198 1.295541 0.738919 0.068189 0.667365 -0.063030
0.172693 0.511528 1.294300 0.739540 0.067130 0.666810 -0.062759
0.177826 0.511354 1.293394 0.739937 0.065603 0.666604 -0.061874
0.182571 0.512350 1.292137 0.739948 0.065110 0.666612 -0.062171
0.187346 0.513649 1.291126 0.740512 0.064574 0.665937 -0.063248
0.192263 0.514317 1.290482 0.740905 0.063381 0.665579 -0.063617
0.196892 0.514557 1.290076 0.741104 0.061940 0.665509 -0.063464
0.201184 0.515614 1.289190 0.741250 0.062093 0.665278 -0.064016
0.205781 0.516786 1.288340 0.742019 0.062392 0.664290 -0.065057
0.210622 0.517244 1.287851 0.742508 0.061809 0.663779 -0.065264
0.215223 0.517276 1.287579 0.742759 0.060836 0.663618 -0.064953
0.219482 0.518139 1.286693 0.742822 0.060711 0.663529 -0.065253
0.223520 0.519533 1.285334 0.743748 0.060922 0.662342 -0.066560
0.227267 0.520472 1.284287 0.744510 0.060739 0.661416 -0.067412
0.230580 0.521144 1.283492 0.745103 0.060382 0.660722 -0.067986
0.233697 0.522446 1.282537 0.745335 0.060988 0.660304 -0.068961
0.237462 0.524229 1.281814 0.745890 0.061682 0.659422 -0.070754
0.241599 0.525240 1.281581 0.746074 0.061440 0.659135 -0.071688
0.245619 0.525740 1.281545 0.746046 0.060791 0.659190 -0.072024
0.249425 0.526511 1.281191 0.745786 0.060754 0.659443 -0.072439
0.253389 0.527608 1.280388 0.746091 0.061179 0.658938 -0.073520
0.257300 0.528157 1.279865 0.746278 0.061028 0.658683 -0.074037
0.260893 0.528413 1.279536 0.746358 0.060603 0.658608 -0.074238
0.264179 0.529023 1.279061 0.746251 0.060823 0.658673 -0.074556
0.267697 0.530402 1.278449 0.746668 0.061726 0.657957 -0.075956
0.271290 0.531256 1.278253 0.746840 0.061902 0.657641 -0.076849
0.274656 0.531750 1.278219 0.746850 0.061745 0.657586 -0.077345
0.277733 0.532358 1.278010 0.746639 0.061983 0.657765 -0.077668
0.280910 0.533542 1.276959 0.747065 0.063241 0.657061 -0.078520
0.284104 0.534138 1.276099 0.747536 0.063810 0.656419 -0.078953
0.287095 0.534430 1.275495 0.747868 0.063961 0.656005 -0.079122
0.289802 0.534756 1.274991 0.747969 0.064113 0.655854 -0.079297
0.292629 0.535779 1.274361 0.748085 0.065020 0.655520 -0.080208
0.295516 0.536396 1.274076 0.748121 0.065316 0.655375 -0.080830
0.298231 0.536731 1.273949 0.748051 0.065307 0.655414 -0.081168
0.300660 0.536982 1.273844 0.747899 0.065202 0.655561 -0.081459
0.302898 0.537961 1.273558 0.747646 0.065511 0.655674 -0.082620
0.304891 0.538840 1.273514 0.747494 0.065553 0.655694 -0.083788
0.306607 0.539580 1.273563 0.747333 0.065518 0.655753 -0.084785
0.308037 0.540217 1.273607 0.747195 0.065468 0.655798 -0.085690
0.309355 0.541152 1.273372 0.747250 0.065259 0.655453 -0.087971
0.310689 0.541858 1.273253 0.747375 0.064937 0.655085 -0.089867
0.311695 0.542637 1.273282 0.747446 0.065279 0.654751 -0.091451
0.311962 0.543840 1.273472 0.747455 0.066206 0.654400 -0.093213
0.312051 0.544909 1.273324 0.747462 0.066486 0.654004 -0.095703
0.312694 0.545171 1.273021 0.747212 0.066251 0.654160 -0.096745
0.313555 0.545164 1.272768 0.747052 0.065861 0.654280 -0.097429
0.314287 0.545222 1.272649 0.746951 0.065524 0.654329 -0.098104
0.314804 0.545138 1.272439 0.746943 0.066415 0.654109 -0.099031
0.315191 0.545132 1.272344 0.746869 0.066633 0.653968 -0.100357
0.315487 0.545176 1.272296 0.746774 0.066620 0.653901 -0.101516
0.315724 0.545230 1.272258 0.746691 0.066609 0.653851 -0.102443
0.315500 0.544959 1.272256 0.746496 0.068160 0.653781 -0.103292
0.315065 0.544639 1.272256 0.746267 0.068865 0.653763 -0.104585
0.314628 0.544445 1.272267 0.746037 0.069250 0.653800 -0.105724
0.314200 0.544353 1.272301 0.745879 0.069440 0.653790 -0.106774
0.312896 0.543925 1.272377 0.745510 0.070960 0.653919 -0.107561
0.310781 0.543214 1.271908 0.745339 0.071294 0.653879 -0.108769
0.308642 0.542871 1.271494 0.745268 0.071369 0.653731 -0.110079
0.306643 0.542749 1.271185 0.745219 0.071520 0.653569 -0.111270
0.304043 0.542400 1.271228 0.744820 0.072778 0.653764 -0.111983
0.300537 0.541668 1.270928 0.744716 0.073257 0.653645 -0.113045
0.297162 0.541204 1.270432 0.744813 0.073729 0.653294 -0.114124
0.294091 0.540966 1.270015 0.744915 0.074312 0.652940 -0.115100
0.290784 0.540529 1.269989 0.744698 0.075253 0.652960 -0.115781
0.286239 0.539710 1.269810 0.744670 0.074833 0.652769 -0.117297
0.281746 0.539111 1.269190 0.744889 0.074720 0.652279 -0.118698
0.277675 0.538737 1.268609 0.745087 0.074928 0.651812 -0.119886
0.273799 0.538317 1.268443 0.745043 0.075419 0.651676 -0.120595
0.268962 0.537653 1.268546 0.745156 0.075488 0.651340 -0.121659
0.263893 0.537250 1.268222 0.745368 0.076149 0.650817 -0.122741
0.259118 0.537113 1.267807 0.745544 0.077127 0.650302 -0.123787
0.254677 0.536991 1.267645 0.745526 0.078071 0.650078 -0.124484
0.249305 0.536224 1.267172 0.745993 0.078719 0.649377 -0.124933
0.243925 0.535390 1.266069 0.746421 0.079914 0.648730 -0.124976
0.238931 0.535098 1.265375 0.746596 0.081050 0.648293 -0.125463
0.234433 0.534965 1.265008 0.746617 0.081778 0.648063 -0.126056
0.229204 0.534674 1.265104 0.746648 0.082230 0.647894 -0.126445
0.223652 0.534552 1.264687 0.746911 0.083606 0.647299 -0.127037
0.218462 0.534633 1.264185 0.747121 0.085208 0.646708 -0.127739
0.213820 0.534805 1.263863 0.747210 0.086762 0.646288 -0.128301
0.208586 0.534871 1.264259 0.747140 0.087543 0.646213 -0.128554
0.202866 0.535149 1.264206 0.747276 0.088814 0.645702 -0.129453
0.197447 0.535586 1.264008 0.747376 0.090378 0.645163 -0.130483
0.192596 0.536081 1.263869 0.747397 0.091963 0.644716 -0.131463
0.187192 0.536430 1.264046 0.747138 0.093201 0.644848 -0.131417
0.180949 0.536979 1.263732 0.747113 0.095355 0.644454 -0.131944
0.174758 0.537734 1.263228 0.747183 0.097661 0.643809 -0.133001
0.169087 0.538556 1.262749 0.747244 0.099775 0.643142 -0.134316
0.163274 0.539485 1.262966 0.747023 0.099463 0.643120 -0.135868
0.156706 0.540677 1.262863 0.747293 0.100246 0.642209 -0.138096
0.150337 0.541966 1.262618 0.747588 0.101550 0.641139 -0.140501
0.144575 0.543202 1.262394 0.747804 0.102949 0.640146 -0.142841
0.138987 0.544547 1.262797 0.747239 0.104176 0.640361 -0.143943
0.132816 0.546196 1.263078 0.747222 0.106381 0.639601 -0.145783
0.126843 0.547876 1.263232 0.747305 0.108836 0.638595 -0.147942
0.121428 0.549438 1.263369 0.747356 0.111156 0.637629 -0.150109
0.116186 0.551094 1.263866 0.746952 0.112126 0.637596 -0.151530
0.110074 0.553062 1.264166 0.747139 0.113510 0.636584 -0.153816
0.103955 0.555048 1.264324 0.747405 0.115390 0.635290 -0.156454
0.098310 0.556886 1.264457 0.747609 0.117320 0.634044 -0.159078
0.092942 0.558848 1.264911 0.747244 0.118727 0.633807 -0.160683
0.086666 0.561266 1.265375 0.747293 0.120592 0.632770 -0.163131
0.080288 0.563678 1.265724 0.747443 0.122963 0.631377 -0.166049
0.074406 0.565797 1.265977 0.747377 0.125588 0.630265 -0.168589
0.068859 0.567999 1.266671 0.747005 0.127292 0.629839 -0.170541
0.061984 0.570922 1.267794 0.746998 0.129679 0.628501 -0.173674
0.054879 0.573711 1.268652 0.746878 0.132837 0.627049 -0.177024
0.048137 0.576295 1.269396 0.746756 0.136083 0.625512 -0.180478
0.041922 0.578872 1.270476 0.746519 0.138691 0.624388 -0.183340
0.035364 0.581858 1.272170 0.746477 0.141368 0.622879 -0.186572
0.028923 0.584660 1.273664 0.746442 0.144349 0.621146 -0.190171
0.023022 0.587082 1.274854 0.746335 0.147451 0.619526 -0.193467
0.017740 0.589219 1.275949 0.746024 0.150161 0.618454 -0.195999
0.011669 0.591707 1.277328 0.745723 0.153087 0.617156 -0.198948
0.005313 0.594161 1.278603 0.745469 0.156436 0.615472 -0.202481
-0.000637 0.596337 1.279709 0.745185 0.159589 0.613858 -0.205935
-0.005881 0.598157 1.280712 0.744748 0.162348 0.612718 -0.208735
-0.010764 0.599735 1.281810 0.744259 0.164741 0.611879 -0.211051
-0.015258 0.601145 1.282759 0.743847 0.167143 0.610942 -0.213316
-0.019130 0.602336 1.283601 0.743407 0.169236 0.610210 -0.215287
-0.022400 0.603278 1.284346 0.742968 0.170948 0.609717 -0.216841
-0.025411 0.603833 1.284967 0.742441 0.172495 0.609610 -0.217721
-0.028248 0.604293 1.285430 0.741978 0.173930 0.609448 -0.218609
-0.030799 0.604689 1.285815 0.741558 0.175222 0.609285 -0.219454
-0.032960 0.604981 1.286153 0.741095 0.176504 0.609290 -0.219975
-0.035185 0.604863 1.286826 0.739990 0.177950 0.610450 -0.219318
-0.037950 0.604894 1.287473 0.738968 0.179580 0.611204 -0.219332
-0.040809 0.605017 1.288017 0.738135 0.181213 0.611560 -0.219803
-0.043477 0.605128 1.288469 0.737451 0.182729 0.611715 -0.220410
-0.045828 0.604152 1.288704 0.737331 0.184188 0.611400 -0.220470
-0.048260 0.603061 1.288381 0.737357 0.186012 0.610836 -0.220416
-0.050572 0.602110 1.287960 0.737451 0.187765 0.610164 -0.220478
-0.052625 0.601312 1.287589 0.737533 0.189292 0.609545 -0.220610
-0.053875 0.599056 1.287663 0.737472 0.190028 0.609878 -0.219259
-0.054937 0.596649 1.287375 0.737179 0.190782 0.610675 -0.217360
-0.055946 0.594569 1.287006 0.736992 0.191558 0.611212 -0.215796
-0.056830 0.592816 1.286687 0.736839 0.192236 0.611624 -0.214543
-0.057323 0.589556 1.287018 0.736823 0.191264 0.612776 -0.212168
-0.058107 0.585774 1.287092 0.736494 0.190489 0.614371 -0.209382
-0.059128 0.582492 1.286957 0.736242 0.190283 0.615485 -0.207165
-0.060165 0.579729 1.286797 0.736027 0.190324 0.616300 -0.205465
-0.060859 0.575910 1.286687 0.736061 0.188691 0.618084 -0.201448
-0.062095 0.571096 1.285657 0.736015 0.187452 0.620084 -0.196568
-0.063283 0.566385 1.284402 0.736067 0.187121 0.621447 -0.192341
-0.063738 0.561914 1.283365 0.736016 0.186801 0.622813 -0.188388
-0.063547 0.557126 1.282768 0.736548 0.183444 0.624930 -0.182500
-0.064213 0.551919 1.282143 0.737295 0.179078 0.627001 -0.176625
-0.065151 0.547029 1.281541 0.737990 0.176154 0.628317 -0.171926
-0.065525 0.542420 1.281216 0.738522 0.173714 0.629489 -0.167788
-0.064974 0.537393 1.281210 0.739132 0.169542 0.631723 -0.160826
-0.064884 0.531790 1.280899 0.740472 0.163238 0.633712 -0.153174
-0.064976 0.526484 1.280485 0.741714 0.158498 0.634946 -0.146912
-0.064539 0.521475 1.280263 0.742627 0.154604 0.636097 -0.141359
-0.063345 0.516266 1.280393 0.743028 0.150072 0.638458 -0.133267
-0.062382 0.510185 1.280622 0.743577 0.143015 0.641396 -0.123493
-0.061762 0.504559 1.280739 0.744601 0.136580 0.643015 -0.115967
-0.061238 0.499692 1.280777 0.745373 0.131553 0.644265 -0.109705
-0.060463 0.494982 1.280925 0.745980 0.127205 0.645657 -0.102267
-0.058793 0.489120 1.281042 0.746342 0.120092 0.648238 -0.091318
-0.057238 0.483815 1.280813 0.747263 0.112762 0.649682 -0.082440
-0.055937 0.479280 1.280480 0.748161 0.106688 0.650542 -0.075289
-0.054711 0.475137 1.280228 0.748875 0.101677 0.651325 -0.068007
-0.053064 0.470035 1.280008 0.749553 0.094033 0.652687 -0.057695
-0.051710 0.465408 1.279541 0.750722 0.086308 0.653095 -0.049342
-0.050709 0.461510 1.279014 0.751781 0.080153 0.653130 -0.042689
-0.049872 0.458142 1.278585 0.752624 0.075243 0.653119 -0.036484
-0.048208 0.454086 1.278372 0.753213 0.067405 0.653735 -0.027542
-0.046314 0.450150 1.277946 0.753964 0.059110 0.653958 -0.019609
-0.044583 0.446751 1.277464 0.754483 0.052424 0.654093 -0.012990
-0.043063 0.443855 1.277020 0.754848 0.047076 0.654170 -0.007069
-0.041259 0.440602 1.276252 0.755539 0.039178 0.653930 0.001555
-0.039609 0.437499 1.275143 0.755994 0.032484 0.653708 0.009166
-0.038225 0.434844 1.274037 0.756240 0.027412 0.653538 0.015439
-0.037090 0.432635 1.273061 0.756408 0.023464 0.653352 0.020644
-0.035247 0.429924 1.272371 0.757258 0.015148 0.652338 0.028030
-0.033122 0.427212 1.271697 0.757635 0.007336 0.651700 0.034973
-0.031130 0.424863 1.271066 0.757726 0.001090 0.651293 0.040832
-0.029446 0.422866 1.270497 0.757799 -0.003860 0.650874 0.045717
-0.027876 0.420543 1.269440 0.759306 -0.011285 0.648377 0.054172
-0.026552 0.418530 1.268362 0.760913 -0.018120 0.645680 0.061489
-0.025546 0.416928 1.267445 0.762232 -0.023458 0.643366 0.067322
-0.024810 0.415682 1.266668 0.763306 -0.027570 0.641431 0.071908
-0.023525 0.414421 1.265641 0.763654 -0.032967 0.640073 0.077797
-0.021434 0.413020 1.264633 0.763693 -0.038535 0.638944 0.083900
-0.019244 0.411678 1.263837 0.763539 -0.043424 0.638075 0.089342
-0.017265 0.410520 1.263203 0.763344 -0.047510 0.637360 0.093918
-0.014909 0.409434 1.262483 0.762770 -0.053560 0.636904 0.098325
-0.011665 0.408207 1.261967 0.762005 -0.060463 0.636465 0.102981
-0.008381 0.406980 1.261678 0.761132 -0.066629 0.636173 0.107344
-0.005438 0.405889 1.261496 0.760319 -0.071836 0.635931 0.111115
-0.002573 0.405028 1.260924 0.759132 -0.077236 0.636038 0.114931
0.000717 0.404165 1.260063 0.757984 -0.082661 0.635987 0.118944
0.003883 0.403253 1.259388 0.756896 -0.087467 0.635928 0.122695
0.006658 0.402434 1.258854 0.755954 -0.091511 0.635847 0.125929
0.009409 0.401658 1.258117 0.755026 -0.095871 0.635672 0.129102
0.013037 0.400488 1.257157 0.754018 -0.101156 0.635221 0.133111
0.016730 0.399139 1.256433 0.752889 -0.106125 0.634879 0.137199
0.020054 0.397875 1.255880 0.751838 -0.110439 0.634587 0.140865
0.023152 0.396851 1.255312 0.750886 -0.114323 0.634403 0.143643
0.026829 0.395761 1.254781 0.749872 -0.118384 0.634266 0.146235
0.030455 0.394550 1.254474 0.748781 -0.122316 0.634164 0.149006
0.033684 0.393419 1.254280 0.747774 -0.125780 0.634071 0.151547
0.036623 0.392569 1.253886 0.747055 -0.128605 0.633906 0.153401
0.040203 0.391764 1.252841 0.746851 -0.131164 0.633260 0.154892
0.043822 0.390647 1.251995 0.746420 -0.133943 0.632671 0.156986
0.047085 0.389521 1.251345 0.745913 -0.136546 0.632182 0.159103
0.050005 0.388628 1.250795 0.745478 -0.138461 0.631863 0.160751
0.053390 0.388141 1.250448 0.745174 -0.139442 0.631762 0.161704
0.056770 0.387518 1.250398 0.744706 -0.140919 0.631670 0.162936
0.059813 0.386863 1.250454 0.744187 -0.142471 0.631602 0.164216
0.062516 0.386318 1.250475 0.743760 -0.143706 0.631623 0.164991
0.065687 0.385929 1.250225 0.743485 -0.143787 0.632019 0.164642
0.068870 0.385207 1.250089 0.743033 -0.144466 0.632276 0.165103
0.071736 0.384411 1.250042 0.742526 -0.145389 0.632463 0.165853
0.074263 0.383710 1.249986 0.742163 -0.146182 0.632586 0.166316
0.077902 0.382973 1.249544 0.742486 -0.146093 0.632563 0.165032
0.082078 0.381489 1.249300 0.742204 -0.147174 0.632528 0.165472
0.086032 0.379811 1.249235 0.741640 -0.148780 0.632509 0.166633
0.089516 0.378241 1.249234 0.741067 -0.150356 0.632494 0.167821
