0.395447 0.359661 1.702543 0.603753 -0.055055 0.795005 0.020440
0.394123 0.361976 1.702818 0.603988 -0.055854 0.794780 0.020108
0.392736 0.364393 1.703093 0.604197 -0.056388 0.794590 0.019803
0.391335 0.366801 1.703358 0.604366 -0.056701 0.794473 0.018437
0.389923 0.369185 1.703486 0.604531 -0.056165 0.794410 0.017343
0.388312 0.371756 1.703714 0.604786 -0.055887 0.794236 0.017311
0.386429 0.374498 1.704073 0.605095 -0.055955 0.793992 0.017500
0.384494 0.377231 1.704419 0.605414 -0.055763 0.793772 0.017064
0.382572 0.379917 1.704723 0.605717 -0.055383 0.793587 0.016115
0.380719 0.382747 1.705000 0.606160 -0.054973 0.793295 0.015198
0.378749 0.385868 1.705273 0.606694 -0.054796 0.792921 0.014012
0.376751 0.388943 1.705458 0.607140 -0.054216 0.792645 0.012443
0.374727 0.391996 1.705560 0.607437 -0.053143 0.792519 0.010474
0.372767 0.395229 1.705678 0.607748 -0.052219 0.792368 0.008369
0.371178 0.398127 1.705957 0.608402 -0.052498 0.791842 0.008764
0.370019 0.399978 1.706350 0.608957 -0.052869 0.791366 0.010827
0.369053 0.401410 1.706791 0.609282 -0.052944 0.791080 0.012780
0.368152 0.402755 1.707285 0.609593 -0.053294 0.790800 0.013850
0.367257 0.404404 1.707901 0.610600 -0.054408 0.789932 0.014676
0.366229 0.406029 1.708714 0.611503 -0.054325 0.789213 0.016034
0.365020 0.407724 1.709661 0.612057 -0.053575 0.788817 0.016812
0.363576 0.409616 1.710690 0.612295 -0.052536 0.788711 0.016433
0.361938 0.411929 1.712035 0.612992 -0.052819 0.788185 0.014688
0.359774 0.414901 1.713393 0.612926 -0.050970 0.788401 0.012185
0.356884 0.419236 1.714483 0.611811 -0.046566 0.789609 0.006082
0.352961 0.425546 1.714734 0.610053 -0.038918 0.791397 -0.003324
0.348861 0.432311 1.714378 0.608988 -0.031632 0.792473 -0.010921
0.344686 0.438830 1.713862 0.608141 -0.024678 0.793249 -0.017632
0.340736 0.444676 1.713396 0.607390 -0.018464 0.793839 -0.023591
0.337202 0.449709 1.713016 0.606736 -0.013157 0.794276 -0.028701
0.334201 0.453895 1.712867 0.605858 -0.008688 0.794874 -0.032182
0.331709 0.457144 1.713119 0.604794 -0.005138 0.795612 -0.034616
0.329707 0.459685 1.713412 0.603863 -0.002413 0.796245 -0.036561
0.328136 0.461682 1.713654 0.603116 -0.000293 0.796745 -0.038054
0.326871 0.463210 1.713850 0.602313 0.001186 0.797353 -0.038030
0.325548 0.464371 1.714362 0.601192 0.002422 0.798252 -0.036827
0.324266 0.465394 1.714937 0.600108 0.003465 0.799095 -0.036125
0.323113 0.466286 1.715464 0.599174 0.004362 0.799810 -0.035715
0.322040 0.466966 1.716006 0.598063 0.004927 0.800673 -0.034923
0.320649 0.467222 1.717302 0.596123 0.005346 0.802199 -0.032944
0.319167 0.467449 1.718823 0.594180 0.005537 0.803683 -0.031848
0.317765 0.467702 1.720213 0.592471 0.005728 0.804966 -0.031232
0.316471 0.467884 1.721420 0.590839 0.005733 0.806187 -0.030634
0.314845 0.467581 1.723050 0.588231 0.006192 0.808208 -0.027315
0.313088 0.467319 1.724905 0.585663 0.006459 0.810143 -0.024989
0.311415 0.467173 1.726599 0.583435 0.006691 0.811793 -0.023460
0.309899 0.467085 1.728106 0.581501 0.006738 0.813206 -0.022557
0.307902 0.466565 1.730879 0.578083 0.006326 0.815684 -0.020948
0.305534 0.465966 1.734457 0.574412 0.005377 0.818294 -0.020437
0.303188 0.465559 1.737775 0.571120 0.004538 0.820597 -0.020574
0.301037 0.465305 1.740643 0.568340 0.003905 0.822517 -0.020993
0.299010 0.464985 1.743919 0.564608 0.004169 0.825101 -0.020225
0.297074 0.464281 1.747721 0.560729 0.003873 0.827759 -0.019575
0.295371 0.463547 1.751162 0.557345 0.003291 0.830052 -0.019214
0.293925 0.462882 1.754093 0.554526 0.002710 0.831945 -0.018995
0.292531 0.462253 1.757635 0.551269 0.002427 0.834136 -0.017675
0.290803 0.461366 1.762335 0.547420 0.001293 0.836685 -0.016948
0.289036 0.460561 1.766736 0.543876 -0.000026 0.838997 -0.016806
0.287388 0.459940 1.770505 0.540839 -0.001113 0.840956 -0.016910
0.285875 0.459634 1.774508 0.537706 -0.001568 0.842968 -0.016552
0.284140 0.459179 1.779907 0.533785 -0.002640 0.845446 -0.016920
0.282386 0.458616 1.785011 0.530085 -0.004090 0.847752 -0.017613
0.280769 0.458162 1.789361 0.526877 -0.005317 0.849727 -0.018313
0.279417 0.458059 1.793493 0.523799 -0.005412 0.851646 -0.017459
0.278199 0.458048 1.798853 0.519904 -0.005107 0.854062 -0.015838
0.277064 0.457715 1.803873 0.516248 -0.005563 0.856294 -0.014717
0.276079 0.457372 1.808117 0.513088 -0.006073 0.858203 -0.013791
0.275332 0.457276 1.811829 0.510294 -0.006170 0.859886 -0.012569
0.275211 0.457686 1.816155 0.507030 -0.005618 0.861837 -0.011255
0.275439 0.457612 1.819977 0.504100 -0.005701 0.863569 -0.009917
0.275859 0.457351 1.823108 0.501646 -0.005975 0.865011 -0.008474
0.276363 0.457106 1.825711 0.499578 -0.006130 0.866221 -0.006815
0.276925 0.457581 1.829312 0.496853 -0.005334 0.867808 -0.004084
0.277295 0.457804 1.832837 0.494142 -0.005081 0.869363 -0.002234
0.277568 0.457961 1.835809 0.491761 -0.004938 0.870716 -0.000684
0.277774 0.458142 1.838241 0.489739 -0.004735 0.871856 0.000597
0.278110 0.459339 1.841555 0.486938 -0.003670 0.873426 0.002241
0.278335 0.460378 1.844908 0.483974 -0.002834 0.875072 0.003102
0.278532 0.461209 1.847697 0.481401 -0.002166 0.876489 0.003922
0.278709 0.461938 1.849964 0.479232 -0.001525 0.877675 0.004660
0.279200 0.463453 1.852394 0.477045 0.000508 0.878858 0.006048
0.279986 0.464875 1.854995 0.474955 0.002674 0.879979 0.006938
0.280863 0.465747 1.857356 0.473202 0.004043 0.880910 0.007846
0.281736 0.466304 1.859401 0.471734 0.004948 0.881683 0.008741
0.282759 0.467302 1.861693 0.470070 0.005789 0.882560 0.009392
0.284071 0.468365 1.864491 0.468202 0.006554 0.883549 0.009178
0.285458 0.468825 1.867105 0.466635 0.006680 0.884376 0.009249
0.286798 0.468964 1.869410 0.465326 0.006501 0.885064 0.009525
0.288244 0.469553 1.871677 0.464010 0.006740 0.885745 0.010244
0.290142 0.470936 1.874224 0.462436 0.008196 0.886553 0.010513
0.292118 0.471726 1.876453 0.461140 0.009116 0.887211 0.011064
0.294011 0.472153 1.878346 0.460087 0.009655 0.887743 0.011808
0.295876 0.472686 1.880078 0.459117 0.009954 0.888230 0.012675
0.298251 0.474009 1.882375 0.457844 0.010624 0.888874 0.013045
0.300647 0.474606 1.884626 0.456763 0.010749 0.889420 0.013568
0.302906 0.474755 1.886674 0.455874 0.010484 0.889868 0.014269
0.304994 0.474795 1.888510 0.455099 0.010075 0.890256 0.015060
0.307952 0.475931 1.890810 0.453964 0.010560 0.890820 0.015643
0.311274 0.476169 1.892969 0.453068 0.010581 0.891259 0.016625
0.314592 0.475793 1.894895 0.452415 0.010046 0.891569 0.018011
0.317677 0.475144 1.896567 0.451916 0.009305 0.891798 0.019499
0.321047 0.475817 1.898586 0.450893 0.008828 0.892320 0.019582
0.324380 0.476274 1.900423 0.449913 0.008787 0.892814 0.019592
0.327467 0.476352 1.901985 0.449130 0.008567 0.893201 0.019990
0.330203 0.476264 1.903294 0.448486 0.008320 0.893515 0.020548
0.333290 0.477034 1.904962 0.447619 0.007431 0.893961 0.020372
0.336703 0.477493 1.906869 0.446737 0.006536 0.894415 0.020135
0.340006 0.477294 1.908677 0.446025 0.005325 0.894771 0.020453
0.343026 0.476782 1.910311 0.445430 0.004065 0.895060 0.021042
0.346197 0.476857 1.912060 0.444504 0.002749 0.895510 0.021648
0.349948 0.476911 1.913817 0.443421 0.001895 0.896031 0.022419
0.353738 0.476304 1.915325 0.442601 0.000765 0.896403 0.023785
0.357291 0.475393 1.916613 0.441960 -0.000429 0.896675 0.025372
0.360802 0.474858 1.917857 0.441445 -0.001696 0.896896 0.026482
0.364905 0.474625 1.919096 0.441082 -0.002512 0.897063 0.026821
0.369019 0.473776 1.920117 0.440873 -0.003543 0.897130 0.027851
0.372862 0.472651 1.920975 0.440753 -0.004655 0.897142 0.029190
0.376447 0.471748 1.921803 0.440673 -0.005845 0.897133 0.030431
0.380407 0.471625 1.922804 0.440667 -0.006585 0.897125 0.030579
0.384247 0.471028 1.923622 0.440706 -0.007316 0.897079 0.031218
0.387764 0.470201 1.924304 0.440767 -0.008086 0.897009 0.032146
0.390911 0.469412 1.924893 0.440848 -0.008854 0.896930 0.033057
0.394722 0.469340 1.925367 0.441431 -0.009576 0.896654 0.032532
0.398749 0.468733 1.925443 0.442099 -0.010161 0.896308 0.032820
0.402630 0.467817 1.925327 0.442762 -0.010808 0.895941 0.033686
0.406152 0.466817 1.925131 0.443366 -0.011409 0.895594 0.034762
0.409843 0.466609 1.925256 0.444586 -0.012047 0.894980 0.034769
0.413325 0.466145 1.925488 0.445677 -0.012562 0.894434 0.034675
0.416448 0.465452 1.925764 0.446566 -0.013165 0.893973 0.034892
0.419159 0.464710 1.926054 0.447281 -0.013738 0.893594 0.035232
0.421682 0.464266 1.926451 0.447909 -0.014707 0.893293 0.034477
0.424338 0.463792 1.926450 0.448595 -0.015457 0.892965 0.033734
0.426915 0.463238 1.926152 0.449247 -0.015970 0.892632 0.033626
0.428759 0.463070 1.925906 0.449520 -0.015554 0.892516 0.033252
0.429630 0.463558 1.926011 0.449548 -0.014250 0.892545 0.032654
0.430162 0.464139 1.926332 0.449442 -0.012723 0.892649 0.031894
0.430496 0.464665 1.926706 0.449269 -0.011465 0.892779 0.031170
0.430935 0.464692 1.927205 0.449351 -0.012284 0.892742 0.030722
0.431279 0.464627 1.927656 0.449447 -0.012914 0.892716 0.029829
0.431272 0.464931 1.927824 0.449499 -0.012338 0.892743 0.028438
0.431174 0.465319 1.927906 0.449515 -0.011756 0.892767 0.027651
0.431108 0.465617 1.927980 0.449521 -0.011469 0.892785 0.027107
0.431032 0.465778 1.928037 0.449557 -0.011357 0.892790 0.026370
0.430765 0.465748 1.928044 0.449709 -0.010973 0.892740 0.025627
0.430517 0.465749 1.928046 0.449840 -0.010572 0.892685 0.025404
0.430346 0.465726 1.928030 0.449926 -0.010299 0.892647 0.025339
0.430185 0.465640 1.928012 0.449990 -0.010146 0.892622 0.025145
0.429420 0.465115 1.928072 0.450351 -0.009759 0.892442 0.025206
0.428728 0.464820 1.927953 0.450688 -0.009284 0.892256 0.025977
0.428256 0.464465 1.927822 0.450985 -0.009251 0.892084 0.026704
0.427940 0.464102 1.927684 0.451214 -0.009339 0.891948 0.027322
0.426562 0.462821 1.927556 0.451429 -0.009467 0.891831 0.027578
0.425213 0.461863 1.927091 0.451523 -0.009479 0.891738 0.028980
0.424245 0.460976 1.926516 0.451652 -0.009809 0.891619 0.030508
0.423603 0.460011 1.926051 0.451757 -0.010411 0.891507 0.031983
0.422252 0.458432 1.925718 0.451943 -0.010663 0.891298 0.034955
0.420321 0.457117 1.925115 0.452188 -0.010705 0.891051 0.037944
0.418428 0.455928 1.924534 0.452295 -0.011130 0.890906 0.039889
0.416838 0.454716 1.924184 0.452312 -0.011921 0.890809 0.041599
0.414796 0.453370 1.923940 0.452464 -0.012759 0.890615 0.043797
0.411933 0.452407 1.923369 0.452984 -0.013134 0.890158 0.047459
0.409143 0.451406 1.922890 0.453434 -0.014057 0.889780 0.049906
0.406564 0.450254 1.922588 0.453570 -0.015133 0.889604 0.051479
0.403770 0.449010 1.922332 0.453627 -0.015984 0.889460 0.053183
0.400258 0.448266 1.921425 0.454622 -0.016586 0.888742 0.056416
0.396759 0.447920 1.920182 0.455815 -0.016881 0.887944 0.059193
0.393621 0.447049 1.919435 0.456383 -0.017535 0.887479 0.061550
0.390494 0.445985 1.918930 0.456487 -0.018159 0.887297 0.063200
0.386650 0.445175 1.917964 0.457148 -0.018540 0.886730 0.066191
0.383020 0.444691 1.916757 0.457896 -0.018487 0.886073 0.069740
0.379821 0.443653 1.917432 0.458330 -0.018175 0.885710 0.071561
0.376560 0.441894 1.919745 0.458615 -0.019246 0.885521 0.071795
0.372476 0.440225 1.921761 0.459184 -0.020391 0.884909 0.075302
0.368043 0.438804 1.924013 0.459803 -0.022198 0.884355 0.077499
0.363668 0.437238 1.926400 0.459976 -0.024229 0.884141 0.078298
0.359659 0.435474 1.928598 0.459941 -0.026528 0.884077 0.078479
0.356129 0.433990 1.928936 0.459884 -0.027945 0.883760 0.081824
0.352696 0.432824 1.928908 0.460006 -0.028628 0.883356 0.085189
0.349186 0.431637 1.929179 0.460119 -0.029441 0.883076 0.087178
0.345834 0.430252 1.929640 0.460133 -0.030418 0.882914 0.088409
0.342751 0.429073 1.929185 0.459972 -0.031210 0.882637 0.091671
0.339475 0.428250 1.928426 0.459641 -0.031270 0.882404 0.095479
0.336045 0.427145 1.928137 0.459503 -0.031938 0.882198 0.097793
0.332772 0.425739 1.928131 0.459365 -0.032879 0.882079 0.099196
0.329700 0.424276 1.927746 0.459121 -0.034417 0.881983 0.100641
0.326409 0.423114 1.926965 0.458791 -0.035425 0.881762 0.103693
0.322860 0.421922 1.926492 0.458484 -0.036247 0.881634 0.105827
0.319511 0.420278 1.926404 0.458247 -0.037523 0.881563 0.106997
0.316374 0.418520 1.926119 0.457950 -0.038785 0.881500 0.108324
0.313038 0.417114 1.925286 0.457411 -0.039028 0.881406 0.111248
0.309464 0.415515 1.924813 0.457099 -0.039553 0.881302 0.113152
0.305931 0.413650 1.924663 0.456924 -0.040456 0.881220 0.114169
0.302655 0.411574 1.924546 0.456729 -0.041494 0.881156 0.115065
0.299162 0.409627 1.924050 0.456507 -0.042115 0.880878 0.117821
0.295552 0.407636 1.923800 0.456359 -0.042715 0.880680 0.119647
0.292179 0.405410 1.923765 0.456184 -0.043438 0.880596 0.120665
0.289109 0.402961 1.923824 0.455948 -0.044251 0.880598 0.121241
0.285677 0.400553 1.923662 0.455596 -0.044743 0.880375 0.123973
0.282044 0.398197 1.923803 0.455017 -0.044913 0.880408 0.125793
0.278611 0.395632 1.924161 0.454375 -0.045262 0.880581 0.126776
0.275568 0.392773 1.924595 0.453787 -0.045947 0.880784 0.127229
0.272702 0.389815 1.924609 0.453267 -0.046420 0.880808 0.128733
0.269940 0.386835 1.924632 0.452816 -0.046782 0.880844 0.129936
0.267413 0.383712 1.924772 0.452325 -0.047189 0.880968 0.130653
0.265150 0.380394 1.925013 0.451805 -0.047782 0.881149 0.131016
0.262752 0.376939 1.925168 0.451259 -0.048199 0.881266 0.131956
0.260054 0.373514 1.925440 0.450717 -0.048543 0.881380 0.132919
0.257508 0.369957 1.925828 0.450188 -0.049180 0.881546 0.133372
0.255204 0.366226 1.926292 0.449607 -0.050006 0.881766 0.133572
0.252918 0.362266 1.926787 0.449110 -0.050652 0.881924 0.133956
0.250551 0.358278 1.927288 0.448501 -0.050301 0.881994 0.135660
0.248392 0.354278 1.927722 0.447996 -0.050463 0.882103 0.136556
0.246476 0.350104 1.928198 0.447486 -0.051061 0.882219 0.137252
0.244562 0.345645 1.928745 0.446956 -0.051617 0.882375 0.137769
0.242290 0.341245 1.929231 0.446590 -0.051657 0.882508 0.138085
0.240169 0.336825 1.929696 0.446292 -0.052254 0.882630 0.138047
0.238245 0.332373 1.930113 0.445971 -0.053149 0.882746 0.138005
0.236403 0.327682 1.930582 0.445640 -0.054353 0.882894 0.137658
0.234311 0.322730 1.931067 0.445464 -0.054967 0.883004 0.137276
0.232450 0.317786 1.931478 0.445236 -0.055897 0.883109 0.136963
0.230802 0.312745 1.931831 0.444954 -0.057303 0.883193 0.136760
0.229380 0.307436 1.932181 0.444683 -0.059128 0.883154 0.137114
0.227641 0.301685 1.932770 0.444397 -0.060058 0.883004 0.138593
0.226100 0.295783 1.933360 0.444069 -0.061723 0.882862 0.139815
0.224791 0.289724 1.933856 0.443718 -0.064034 0.882673 0.141075
0.223722 0.283501 1.934241 0.443372 -0.066922 0.882410 0.142465
0.222422 0.276751 1.934502 0.443415 -0.069552 0.881858 0.144470
0.221002 0.270397 1.934691 0.443074 -0.071197 0.881563 0.146500
0.219833 0.263863 1.934788 0.442946 -0.073841 0.881083 0.148454
0.218702 0.257476 1.934776 0.442507 -0.076378 0.880736 0.150528
0.217361 0.250707 1.934755 0.442143 -0.078654 0.880276 0.153086
0.215923 0.243844 1.934651 0.441806 -0.080914 0.879732 0.155984
0.214660 0.236984 1.934407 0.441401 -0.083624 0.879159 0.158907
0.213572 0.230190 1.934015 0.440877 -0.086359 0.878572 0.162112
0.212287 0.223182 1.933685 0.440434 -0.088672 0.877942 0.165447
0.210632 0.215883 1.933605 0.440181 -0.090750 0.877126 0.169280
0.209183 0.208614 1.933340 0.439908 -0.093235 0.876255 0.173105
0.207734 0.201810 1.932836 0.439444 -0.095702 0.875607 0.176185
0.205948 0.195240 1.932490 0.438859 -0.098531 0.875304 0.177584
0.203848 0.188941 1.932659 0.438560 -0.099720 0.874912 0.179585
0.202338 0.183839 1.932380 0.438475 -0.098909 0.874218 0.183575
0.201283 0.180203 1.931885 0.438426 -0.097006 0.873593 0.187637
0.200371 0.177433 1.931418 0.438441 -0.095303 0.873239 0.190106
0.198856 0.174030 1.931467 0.438644 -0.094176 0.873126 0.190721
0.197332 0.171284 1.931504 0.438778 -0.091662 0.872743 0.193368
0.195462 0.169550 1.931325 0.438651 -0.088982 0.872697 0.195110
0.193534 0.168274 1.931194 0.438498 -0.086994 0.872821 0.195790
0.191257 0.165529 1.931719 0.438326 -0.085185 0.872822 0.196969
0.188317 0.162838 1.932332 0.437453 -0.082778 0.873046 0.198931
0.185270 0.160217 1.933106 0.436076 -0.079970 0.873118 0.202747
0.182683 0.157735 1.933614 0.434922 -0.077101 0.872838 0.207487
0.179124 0.153966 1.934513 0.432623 -0.075035 0.873321 0.210991
0.175284 0.148973 1.935549 0.430764 -0.074651 0.873320 0.214904
0.172257 0.143603 1.936457 0.430167 -0.075962 0.872558 0.218697
0.169922 0.138079 1.937294 0.430342 -0.078731 0.871455 0.221751
0.167354 0.131622 1.938469 0.430076 -0.082544 0.870878 0.223144
0.164367 0.123220 1.940289 0.429885 -0.091048 0.870908 0.220062
0.161885 0.114515 1.941967 0.430325 -0.101366 0.870641 0.215707
0.159925 0.106560 1.943204 0.430984 -0.110860 0.870068 0.211998
0.158277 0.098909 1.944048 0.432685 -0.118900 0.868696 0.209795
0.156085 0.091757 1.945005 0.434147 -0.125672 0.867588 0.207399
0.154036 0.085538 1.945841 0.435195 -0.131854 0.866789 0.204688
0.152337 0.080301 1.946450 0.436094 -0.137089 0.866083 0.202310
0.150850 0.075850 1.946881 0.436900 -0.140577 0.865398 0.201102
0.149285 0.071442 1.947305 0.437857 -0.143177 0.864706 0.200167
0.147922 0.067368 1.947658 0.438767 -0.146051 0.864071 0.198830
0.146830 0.063828 1.947885 0.439641 -0.148684 0.863463 0.197585
0.145867 0.060797 1.948022 0.440444 -0.150577 0.862894 0.196850
0.144329 0.057740 1.948123 0.440894 -0.151560 0.862534 0.196668
0.142819 0.054893 1.948248 0.441126 -0.152984 0.862348 0.195857
0.141545 0.052419 1.948333 0.441344 -0.154376 0.862183 0.194998
0.140487 0.050322 1.948381 0.441578 -0.155551 0.862036 0.194180
0.138963 0.048486 1.948669 0.441212 -0.155627 0.862476 0.192999
0.137333 0.046724 1.949064 0.440552 -0.156177 0.863105 0.191238
0.135910 0.045167 1.949411 0.439963 -0.156838 0.863656 0.189559
0.134729 0.043812 1.949683 0.439523 -0.157490 0.864080 0.188104
0.133535 0.043012 1.949871 0.439703 -0.157164 0.864481 0.186098
0.132191 0.042546 1.950102 0.439648 -0.156560 0.865058 0.184048
0.130951 0.042212 1.950348 0.439430 -0.156038 0.865658 0.182179
0.129878 0.041918 1.950562 0.439214 -0.155646 0.866178 0.180561
0.128991 0.042184 1.950695 0.439206 -0.154810 0.866925 0.177689
0.128090 0.043050 1.950862 0.439165 -0.153153 0.867824 0.174815
0.127211 0.043947 1.951068 0.438935 -0.151546 0.868713 0.172355
0.126423 0.044717 1.951262 0.438681 -0.150192 0.869488 0.170272
0.125709 0.045619 1.951366 0.438455 -0.148985 0.870400 0.167226
