0.396739 0.339908 1.697696 0.606718 0.031206 0.794182 -0.013941
0.396044 0.342145 1.697600 0.606272 0.032760 0.794481 -0.012687
0.395371 0.344103 1.697453 0.606107 0.034498 0.794548 -0.011722
0.394658 0.345987 1.697406 0.605876 0.035897 0.794670 -0.011181
0.393637 0.348217 1.697599 0.605480 0.036094 0.794962 -0.011266
0.392578 0.350236 1.697739 0.605381 0.036569 0.795011 -0.011565
0.391479 0.352195 1.697947 0.605318 0.037173 0.795018 -0.012464
0.390305 0.354173 1.698211 0.605263 0.037969 0.795000 -0.013761
0.389054 0.356642 1.698612 0.604855 0.038049 0.795283 -0.015099
0.387607 0.359188 1.699012 0.604708 0.038325 0.795340 -0.017141
0.386100 0.361703 1.699451 0.604639 0.038680 0.795314 -0.019799
0.384737 0.363985 1.699838 0.604603 0.039017 0.795256 -0.022389
0.383596 0.365643 1.700240 0.603965 0.038613 0.795753 -0.022621
0.382533 0.366814 1.700732 0.603008 0.037642 0.796552 -0.021661
0.381632 0.367673 1.701349 0.602078 0.036655 0.797324 -0.020832
0.380823 0.368417 1.702079 0.601126 0.035786 0.798098 -0.020176
0.380016 0.369224 1.702906 0.600099 0.034822 0.798926 -0.019613
0.378997 0.370216 1.703918 0.598857 0.033300 0.799935 -0.019133
0.377919 0.371204 1.705139 0.597591 0.031811 0.800940 -0.019188
0.376820 0.372248 1.706476 0.596334 0.030547 0.801915 -0.019625
0.375659 0.373378 1.707866 0.595071 0.029611 0.802873 -0.020185
0.373914 0.374715 1.709043 0.593848 0.029638 0.803791 -0.019623
0.371974 0.376223 1.710366 0.592473 0.029729 0.804807 -0.019412
0.369817 0.378135 1.711845 0.591149 0.029942 0.805744 -0.020571
0.367269 0.380708 1.713394 0.589988 0.030583 0.806494 -0.023371
0.363958 0.383905 1.714517 0.589402 0.031962 0.806750 -0.027185
0.359560 0.388637 1.714582 0.590412 0.036360 0.805593 -0.033341
0.354248 0.394993 1.713208 0.593219 0.044386 0.802737 -0.041640
0.348779 0.401650 1.711340 0.595845 0.052857 0.799818 -0.049650
0.343560 0.407203 1.709512 0.597830 0.059949 0.797447 -0.055532
0.338781 0.411173 1.708216 0.599093 0.065384 0.795838 -0.058780
0.334666 0.414422 1.707422 0.599934 0.069658 0.794629 -0.061579
0.331217 0.417050 1.706918 0.600510 0.072990 0.793707 -0.063950
0.328325 0.418934 1.706574 0.600778 0.075473 0.793177 -0.065126
0.325481 0.419755 1.706384 0.600474 0.077210 0.793368 -0.063534
0.322822 0.420550 1.706410 0.600129 0.078691 0.793567 -0.062483
0.320471 0.421296 1.706535 0.599806 0.079881 0.793736 -0.061924
0.318448 0.421916 1.706693 0.599511 0.080804 0.793893 -0.061571
0.316205 0.421463 1.707346 0.598449 0.080598 0.794889 -0.059290
0.313898 0.421037 1.708404 0.597270 0.080171 0.795947 -0.057531
0.311761 0.420781 1.709535 0.596212 0.079698 0.796858 -0.056537
0.309874 0.420610 1.710574 0.595323 0.079247 0.797607 -0.055976
0.307680 0.419699 1.711931 0.593711 0.078842 0.798994 -0.053853
0.305131 0.418599 1.713667 0.591675 0.078257 0.800717 -0.051478
0.302689 0.417837 1.715371 0.589892 0.077708 0.802175 -0.050052
0.300492 0.417284 1.716890 0.588397 0.077222 0.803371 -0.049205
0.298326 0.416687 1.718605 0.586410 0.077404 0.804922 -0.047253
0.295675 0.416090 1.721201 0.583254 0.077491 0.807350 -0.044673
0.293001 0.415828 1.723783 0.580423 0.077411 0.809470 -0.043293
0.290526 0.415739 1.726090 0.578021 0.077324 0.811233 -0.042589
0.288244 0.415691 1.728206 0.575818 0.077711 0.812805 -0.041751
0.285479 0.415490 1.731437 0.572391 0.078682 0.815206 -0.040218
0.282748 0.415398 1.734793 0.569130 0.078949 0.817487 -0.039652
0.280253 0.415371 1.737829 0.566305 0.079011 0.819445 -0.039558
0.278072 0.415357 1.740430 0.563924 0.079010 0.821081 -0.039641
0.275741 0.415695 1.744159 0.560500 0.080192 0.823367 -0.038428
0.273262 0.416114 1.748553 0.556890 0.080089 0.825806 -0.038760
0.270914 0.416476 1.752646 0.553690 0.079667 0.827960 -0.039534
0.268823 0.416771 1.756194 0.550968 0.079223 0.829776 -0.040369
0.266995 0.417226 1.760095 0.547446 0.080239 0.832090 -0.038615
0.265407 0.417623 1.764752 0.543282 0.080288 0.834884 -0.036979
0.264049 0.417763 1.768989 0.539694 0.079785 0.837305 -0.035837
0.262919 0.417764 1.772610 0.536708 0.079183 0.839319 -0.034919
0.261983 0.418006 1.776025 0.533756 0.079506 0.841241 -0.033104
0.261051 0.419053 1.780416 0.530013 0.079899 0.843609 -0.032031
0.260099 0.419926 1.784502 0.526716 0.079750 0.845696 -0.031743
0.259222 0.420621 1.788016 0.523937 0.079538 0.847446 -0.031619
0.258467 0.421234 1.791031 0.521536 0.079637 0.848932 -0.031206
0.258046 0.422243 1.795640 0.518172 0.079998 0.850974 -0.030677
0.257898 0.422554 1.800578 0.515011 0.078627 0.853007 -0.030974
0.257922 0.422416 1.805059 0.512301 0.076848 0.854795 -0.031098
0.258050 0.422087 1.808902 0.510045 0.075126 0.856298 -0.031051
0.258654 0.422461 1.813078 0.507256 0.074622 0.858062 -0.029198
0.259666 0.422744 1.817252 0.504638 0.073348 0.859751 -0.028092
0.260776 0.422663 1.820823 0.502513 0.071920 0.861153 -0.026916
0.261861 0.422424 1.823794 0.500801 0.070609 0.862294 -0.025732
0.263022 0.422725 1.826885 0.498978 0.070354 0.863409 -0.024398
0.264459 0.423397 1.830753 0.496933 0.069678 0.864632 -0.024776
0.265924 0.423551 1.834288 0.495197 0.068488 0.865716 -0.024970
0.267320 0.423437 1.837326 0.493767 0.067248 0.866633 -0.024897
0.268702 0.423509 1.840129 0.492293 0.066571 0.867548 -0.024006
0.270587 0.424610 1.843810 0.489992 0.066087 0.868900 -0.023519
0.272537 0.425225 1.847076 0.488100 0.065152 0.870044 -0.023172
0.274392 0.425506 1.849808 0.486585 0.064206 0.870978 -0.022582
0.276077 0.425635 1.852066 0.485358 0.063411 0.871739 -0.021864
0.277975 0.426707 1.855493 0.483128 0.063396 0.873000 -0.020934
0.279919 0.427309 1.859016 0.481096 0.062398 0.874193 -0.020972
0.281771 0.427465 1.862124 0.479420 0.061191 0.875204 -0.020740
0.283458 0.427419 1.864761 0.478050 0.060055 0.876040 -0.020345
0.285530 0.428449 1.867704 0.476364 0.060195 0.876981 -0.018933
0.287995 0.429791 1.870668 0.474774 0.060357 0.877842 -0.018441
0.290410 0.430625 1.873095 0.473563 0.060302 0.878516 -0.017673
0.292639 0.431160 1.875062 0.472626 0.060194 0.879045 -0.016766
0.294961 0.432068 1.877065 0.471750 0.060496 0.879519 -0.015459
0.297952 0.433446 1.879686 0.470903 0.060498 0.879974 -0.015357
0.300975 0.434064 1.882011 0.470322 0.059958 0.880330 -0.014919
0.303822 0.434237 1.883992 0.469925 0.059224 0.880603 -0.014190
0.306482 0.434357 1.885761 0.469595 0.058757 0.880830 -0.012949
0.309880 0.435575 1.888305 0.469070 0.059049 0.881106 -0.011742
0.313250 0.436694 1.890624 0.468680 0.059183 0.881316 -0.010889
0.316213 0.437596 1.892522 0.468403 0.059369 0.881459 -0.010128
0.318746 0.438332 1.894053 0.468200 0.059609 0.881559 -0.009443
0.321787 0.439578 1.896367 0.467508 0.060355 0.881885 -0.008444
0.325313 0.440401 1.898983 0.466874 0.060337 0.882229 -0.007717
0.328628 0.441184 1.901336 0.466352 0.060309 0.882514 -0.006894
0.331423 0.441937 1.903279 0.465903 0.060492 0.882744 -0.006280
0.334281 0.442859 1.905466 0.465297 0.060651 0.883057 -0.005600
0.337981 0.443357 1.908086 0.464755 0.059831 0.883401 -0.005133
0.341698 0.443671 1.910412 0.464396 0.058999 0.883650 -0.004242
0.344957 0.444002 1.912315 0.464118 0.058514 0.883832 -0.003437
0.347920 0.444438 1.914122 0.463717 0.058231 0.884065 -0.002305
0.351639 0.444707 1.916675 0.463030 0.057068 0.884503 -0.001079
0.355456 0.444576 1.919052 0.462548 0.055738 0.884841 0.000409
0.358918 0.444210 1.921074 0.462190 0.054545 0.885100 0.001886
0.361978 0.443791 1.922794 0.461903 0.053502 0.885310 0.003286
0.365804 0.443911 1.924691 0.461761 0.051372 0.885508 0.003838
0.369872 0.443863 1.925957 0.461912 0.049653 0.885522 0.004747
0.373685 0.443619 1.926724 0.462201 0.048357 0.885435 0.005990
0.377086 0.443322 1.927186 0.462523 0.047412 0.885309 0.007296
0.380485 0.443573 1.928023 0.462696 0.046748 0.885246 0.008147
0.383904 0.443511 1.929014 0.462853 0.045936 0.885203 0.008581
0.387096 0.443045 1.929914 0.463039 0.045001 0.885146 0.009328
0.389952 0.442416 1.930712 0.463212 0.044097 0.885091 0.010179
0.392668 0.442214 1.931611 0.463268 0.043782 0.885063 0.011361
0.395536 0.442440 1.932353 0.463316 0.044179 0.885008 0.012172
0.398271 0.442471 1.932714 0.463482 0.044600 0.884885 0.013219
0.400746 0.442421 1.932858 0.463689 0.045023 0.884738 0.014317
0.403006 0.442496 1.932957 0.464044 0.045431 0.884516 0.015196
0.405576 0.442993 1.933203 0.465063 0.045353 0.884002 0.014140
0.408105 0.443186 1.933197 0.466054 0.045276 0.883493 0.013554
0.410444 0.443203 1.933062 0.466958 0.045218 0.883021 0.013361
0.412522 0.443147 1.932875 0.467749 0.045201 0.882604 0.013358
0.414744 0.443385 1.932861 0.468540 0.046240 0.882114 0.014395
0.417110 0.443341 1.932592 0.469377 0.047073 0.881607 0.015429
0.419408 0.443095 1.932192 0.470188 0.047693 0.881120 0.016637
0.421512 0.442768 1.931760 0.470926 0.048171 0.880676 0.017831
0.423395 0.442670 1.931539 0.471800 0.049151 0.880142 0.018446
0.424796 0.443053 1.931290 0.472419 0.051052 0.879724 0.017304
0.425298 0.444202 1.930941 0.472516 0.054013 0.879530 0.015403
0.425601 0.445359 1.930576 0.472671 0.056327 0.879324 0.014104
0.425805 0.446101 1.930430 0.473011 0.057355 0.879103 0.012212
0.426126 0.445979 1.930768 0.473557 0.057196 0.878835 0.010977
0.426464 0.445781 1.931080 0.473879 0.057609 0.878640 0.010529
0.426713 0.445665 1.931334 0.474095 0.058107 0.878497 0.010100
0.426814 0.445530 1.931569 0.474283 0.058425 0.878384 0.009230
0.426249 0.444906 1.931881 0.474492 0.058994 0.878247 0.007640
0.425878 0.444436 1.931911 0.474764 0.059620 0.878061 0.007197
0.425605 0.444072 1.931840 0.475035 0.059986 0.877894 0.006690
0.425449 0.443664 1.931808 0.475326 0.059958 0.877743 0.006221
0.424269 0.442774 1.931852 0.475334 0.060045 0.877737 0.005503
0.423005 0.441918 1.931841 0.475641 0.060097 0.877554 0.007242
0.421791 0.441327 1.931755 0.476015 0.059782 0.877371 0.007501
0.420790 0.440711 1.931742 0.476525 0.058693 0.877173 0.006844
0.419091 0.439763 1.931540 0.476540 0.058250 0.877198 0.006350
0.416810 0.438410 1.931094 0.476699 0.057480 0.877150 0.007951
0.414694 0.437269 1.930717 0.476843 0.057047 0.877085 0.009452
0.412738 0.436225 1.930525 0.476972 0.056655 0.877027 0.010589
0.410709 0.435192 1.930322 0.477162 0.056032 0.876957 0.011125
0.407571 0.434010 1.929982 0.477335 0.054895 0.876917 0.012401
0.404426 0.432771 1.929806 0.477509 0.053753 0.876873 0.013784
0.401397 0.431458 1.929714 0.477485 0.052987 0.876909 0.015178
0.398608 0.430149 1.929688 0.477340 0.052554 0.876987 0.016674
0.395164 0.428964 1.929289 0.477341 0.051405 0.877011 0.018834
0.391713 0.427749 1.928841 0.477418 0.050235 0.876989 0.020947
0.388413 0.426462 1.928434 0.477289 0.049459 0.877056 0.022840
0.385330 0.424993 1.928118 0.477008 0.048904 0.877187 0.024768
0.381906 0.423549 1.927757 0.476797 0.047990 0.877273 0.027430
0.378184 0.422132 1.927464 0.476935 0.046515 0.877194 0.030000
0.374616 0.420622 1.927266 0.476981 0.045333 0.877144 0.032432
0.371248 0.418996 1.927129 0.476815 0.044551 0.877181 0.034863
0.367762 0.417299 1.927004 0.476569 0.043668 0.877250 0.037491
0.363713 0.415621 1.926925 0.476640 0.042175 0.877162 0.040290
0.359822 0.413859 1.926928 0.476741 0.040828 0.877050 0.042837
0.356163 0.411990 1.926967 0.476732 0.039723 0.876987 0.045196
0.352629 0.410040 1.927027 0.476496 0.038860 0.877020 0.047720
0.348622 0.408114 1.926799 0.476367 0.037431 0.876979 0.050812
0.344858 0.406076 1.926517 0.476383 0.036058 0.876864 0.053564
0.341313 0.403967 1.926274 0.476231 0.035000 0.876831 0.056080
0.338000 0.401712 1.926109 0.475942 0.034109 0.876869 0.058454
0.334235 0.399403 1.925799 0.475727 0.033020 0.876845 0.061122
0.330477 0.397048 1.925447 0.475817 0.031824 0.876666 0.063578
0.326932 0.394627 1.925157 0.475837 0.030806 0.876523 0.065853
0.323611 0.392089 1.924951 0.475740 0.029909 0.876443 0.068016
0.320022 0.389456 1.924723 0.475519 0.028955 0.876391 0.070594
0.316191 0.386791 1.924357 0.475711 0.027781 0.876108 0.073224
0.312552 0.384135 1.924012 0.475871 0.026834 0.875842 0.075679
0.309188 0.381263 1.923788 0.475937 0.025844 0.875638 0.077926
0.305799 0.378304 1.923653 0.475716 0.024917 0.875556 0.080464
0.302073 0.375276 1.923367 0.475680 0.023699 0.875339 0.083365
0.298598 0.372213 1.923057 0.475787 0.022612 0.875047 0.086069
0.295375 0.369003 1.922829 0.475818 0.021601 0.874797 0.088666
0.292370 0.365595 1.922711 0.475766 0.020526 0.874602 0.091084
0.289183 0.362043 1.922706 0.476154 0.019367 0.874252 0.092660
0.286086 0.358190 1.923652 0.476656 0.018138 0.873879 0.093843
0.283132 0.353693 1.925279 0.477117 0.016240 0.873550 0.094896
0.280527 0.348357 1.927214 0.477670 0.013410 0.873176 0.095992
0.277688 0.343093 1.928437 0.478068 0.010650 0.872967 0.096259
0.274734 0.338189 1.929266 0.478380 0.008370 0.872814 0.096322
0.271983 0.333239 1.930046 0.478595 0.006057 0.872700 0.096459
0.269499 0.328068 1.930839 0.478694 0.003665 0.872589 0.097096
0.267015 0.322653 1.931428 0.478753 0.001110 0.872480 0.097844
0.264041 0.317582 1.931753 0.478878 -0.001102 0.872379 0.098137
0.261140 0.312523 1.932156 0.478990 -0.003291 0.872264 0.098554
0.258454 0.307272 1.932604 0.479074 -0.005675 0.872137 0.099162
0.255961 0.301762 1.933013 0.479156 -0.008327 0.871986 0.099902
0.253387 0.296160 1.933104 0.479375 -0.011110 0.871790 0.100294
0.250981 0.290444 1.933198 0.479576 -0.014028 0.871583 0.100763
0.248861 0.284377 1.933296 0.479842 -0.017399 0.871322 0.101229
0.246981 0.278015 1.933359 0.480033 -0.021031 0.871044 0.102019
0.244768 0.271457 1.933691 0.480146 -0.024826 0.870775 0.102926
0.242539 0.264631 1.934120 0.480455 -0.028856 0.870372 0.103838
0.240377 0.257748 1.934412 0.480624 -0.032904 0.870010 0.104889
0.238230 0.250957 1.934596 0.480570 -0.036826 0.869736 0.106090
0.235909 0.244218 1.934957 0.480548 -0.040582 0.869404 0.107528
0.233397 0.237145 1.935445 0.480714 -0.044636 0.868960 0.108767
0.231265 0.229984 1.935837 0.481207 -0.048838 0.868337 0.109757
0.229580 0.223264 1.936018 0.481921 -0.052562 0.867603 0.110694
0.227875 0.216857 1.936212 0.482403 -0.055558 0.866874 0.112826
0.225728 0.209591 1.936848 0.483572 -0.059364 0.865796 0.114154
0.223716 0.202771 1.937373 0.484861 -0.062567 0.864704 0.115245
0.222049 0.196702 1.937592 0.485946 -0.065180 0.863804 0.115976
0.220670 0.191155 1.937637 0.487120 -0.067166 0.862866 0.116897
0.218502 0.184438 1.938251 0.488887 -0.069691 0.861485 0.118215
0.216391 0.177596 1.938805 0.491174 -0.072610 0.860060 0.117356
0.214467 0.171498 1.939086 0.492929 -0.075018 0.859030 0.116021
0.212913 0.166083 1.939105 0.494511 -0.076817 0.858169 0.114479
0.210835 0.159950 1.939526 0.496098 -0.078425 0.857047 0.114926
0.208628 0.153138 1.940017 0.498582 -0.080450 0.855608 0.113484
0.206693 0.146938 1.940202 0.500675 -0.082133 0.854519 0.111249
0.205132 0.141577 1.940097 0.502311 -0.083011 0.853706 0.109451
0.203593 0.136640 1.940298 0.503909 -0.082921 0.852901 0.108443
0.201975 0.131380 1.940701 0.505956 -0.082314 0.851877 0.107419
0.200773 0.126793 1.940767 0.507808 -0.081171 0.851075 0.105895
0.199857 0.122862 1.940687 0.509366 -0.079603 0.850533 0.103938
0.198860 0.119341 1.940713 0.510695 -0.077587 0.850219 0.101488
0.197307 0.114707 1.941030 0.512193 -0.075988 0.849884 0.097882
0.196275 0.110215 1.941012 0.513883 -0.073853 0.849445 0.094405
0.195631 0.106107 1.940716 0.515301 -0.071484 0.849141 0.091180
0.195210 0.102323 1.940267 0.516385 -0.069073 0.849048 0.087711
0.194434 0.097521 1.940227 0.517484 -0.066868 0.849033 0.082966
0.193767 0.092731 1.939985 0.518692 -0.064149 0.848975 0.078005
0.193375 0.088559 1.939566 0.519621 -0.060939 0.849063 0.073304
0.193109 0.084843 1.939007 0.520187 -0.057631 0.849299 0.069109
0.192813 0.080416 1.938653 0.520491 -0.054717 0.849667 0.064503
0.192573 0.075468 1.938252 0.520732 -0.051759 0.850036 0.059988
0.192313 0.071041 1.937686 0.520697 -0.048635 0.850515 0.055983
0.191782 0.067130 1.937125 0.520144 -0.045712 0.851259 0.052150
0.191209 0.063240 1.936714 0.519177 -0.042986 0.852156 0.049381
0.190421 0.058861 1.936512 0.517905 -0.040277 0.853162 0.047605
0.189316 0.054702 1.936250 0.515998 -0.038201 0.854366 0.048436
0.187861 0.050815 1.936108 0.513669 -0.036540 0.855625 0.052118
0.186162 0.047027 1.936057 0.511079 -0.035269 0.856861 0.057824
0.184361 0.042318 1.935869 0.508565 -0.034686 0.857973 0.063564
0.182088 0.037332 1.935530 0.505108 -0.036148 0.859398 0.070658
0.179408 0.032216 1.935146 0.501059 -0.039993 0.861013 0.077438
0.176811 0.027458 1.934735 0.497295 -0.044490 0.862437 0.083195
0.174197 0.022680 1.934941 0.493905 -0.048003 0.863712 0.088061
0.171472 0.018199 1.935197 0.490446 -0.051931 0.865021 0.092221
0.169019 0.014295 1.935344 0.487408 -0.055682 0.866120 0.095751
0.166935 0.011019 1.935441 0.484897 -0.058907 0.866997 0.098597
0.165017 0.007951 1.935732 0.482899 -0.061456 0.867711 0.100553
0.162863 0.004801 1.936113 0.480718 -0.064298 0.868528 0.102154
0.160881 0.002050 1.936400 0.478692 -0.067028 0.869278 0.103520
0.159185 -0.000271 1.936629 0.476980 -0.069382 0.869904 0.104612
0.157640 -0.002226 1.936950 0.475311 -0.071483 0.870648 0.104608
0.155577 -0.003897 1.937702 0.472762 -0.073805 0.872103 0.102395
0.153520 -0.005260 1.938457 0.470260 -0.075932 0.873511 0.100338
0.151720 -0.006376 1.939124 0.468101 -0.077704 0.874714 0.098587
0.150171 -0.007291 1.939703 0.466255 -0.079089 0.875732 0.097182
0.148158 -0.007877 1.940522 0.463935 -0.080021 0.877096 0.095199
0.146047 -0.008261 1.941418 0.461531 -0.080948 0.878519 0.092962
0.144180 -0.008549 1.942223 0.459429 -0.081722 0.879757 0.090960
0.142595 -0.008785 1.942910 0.457667 -0.082355 0.880791 0.089255
0.140788 -0.008433 1.943602 0.455430 -0.082497 0.882069 0.087932
0.138830 -0.007533 1.944565 0.453110 -0.082189 0.883508 0.085728
0.137088 -0.006634 1.945517 0.451110 -0.081740 0.884784 0.083516
0.135602 -0.005849 1.946344 0.449434 -0.081308 0.885858 0.081561
0.134233 -0.004986 1.946993 0.447787 -0.080293 0.886880 0.080521
0.132838 -0.003850 1.947635 0.446084 -0.078784 0.888003 0.079077
0.131582 -0.002799 1.948279 0.444607 -0.077431 0.889000 0.077511
0.130502 -0.001902 1.948841 0.443370 -0.076295 0.889838 0.076098
0.129493 -0.001044 1.949292 0.442237 -0.075260 0.890564 0.075227
0.128091 0.000385 1.949870 0.440882 -0.073919 0.891409 0.074488
0.126744 0.001862 1.950594 0.439635 -0.072463 0.892249 0.073223
0.125574 0.003160 1.951263 0.438572 -0.071160 0.892981 0.071943
