0.378901 0.370424 1.716453 0.618363 -0.023378 0.785299 -0.019629
0.377905 0.371867 1.716756 0.618033 -0.023920 0.785537 -0.019852
0.376938 0.373425 1.717084 0.618068 -0.024736 0.785467 -0.020518
0.375981 0.374863 1.717599 0.618004 -0.025993 0.785452 -0.021440
0.375065 0.376172 1.718111 0.617944 -0.026984 0.785436 -0.022507
0.374198 0.377383 1.718578 0.617891 -0.027674 0.785421 -0.023641
0.373581 0.378964 1.719044 0.617929 -0.028347 0.785350 -0.024187
0.373035 0.380505 1.719693 0.617780 -0.029551 0.785406 -0.024749
0.372466 0.381916 1.720354 0.617594 -0.030718 0.785483 -0.025508
0.371865 0.383253 1.720980 0.617392 -0.031776 0.785569 -0.026433
0.371215 0.384939 1.721660 0.617127 -0.033032 0.785698 -0.027243
0.370375 0.386854 1.722530 0.616590 -0.034710 0.786016 -0.028111
0.369393 0.388753 1.723447 0.616031 -0.036238 0.786344 -0.029267
0.368288 0.390655 1.724347 0.615477 -0.037185 0.786688 -0.030479
0.367134 0.392706 1.725291 0.615083 -0.037637 0.786942 -0.031296
0.365771 0.394932 1.726421 0.614583 -0.037159 0.787340 -0.031639
0.364070 0.397495 1.727570 0.614074 -0.035931 0.787723 -0.033362
0.361866 0.400782 1.728478 0.613691 -0.033532 0.787954 -0.037243
0.358461 0.406218 1.728125 0.614099 -0.024044 0.787631 -0.044067
0.354070 0.413215 1.726485 0.614713 -0.011250 0.786956 -0.051963
0.349573 0.420075 1.724447 0.615157 0.000724 0.786191 -0.059026
0.345376 0.426239 1.722433 0.615429 0.011180 0.785422 -0.065074
0.341582 0.431520 1.720817 0.615468 0.020076 0.784859 -0.069229
0.337856 0.436295 1.719804 0.615188 0.027208 0.784553 -0.072671
0.334381 0.440564 1.719031 0.614817 0.033291 0.784297 -0.075964
0.331331 0.444218 1.718410 0.614439 0.038365 0.784077 -0.078847
0.328666 0.446778 1.718135 0.613813 0.042292 0.784225 -0.080231
0.326454 0.447816 1.718260 0.612871 0.043825 0.784909 -0.079910
0.324770 0.448492 1.718295 0.612149 0.044876 0.785466 -0.079389
0.323496 0.448928 1.718271 0.611598 0.045638 0.785910 -0.078798
0.322344 0.448836 1.718423 0.610995 0.046150 0.786487 -0.077413
0.320600 0.447987 1.719200 0.610042 0.045161 0.787470 -0.075495
0.318709 0.447584 1.719976 0.609167 0.044547 0.788280 -0.074477
0.316899 0.447443 1.720652 0.608403 0.044267 0.788932 -0.073977
0.315130 0.447130 1.721399 0.607424 0.044567 0.789781 -0.072777
0.312911 0.445662 1.722950 0.605340 0.044456 0.791661 -0.069715
0.310857 0.444442 1.724444 0.603512 0.044147 0.793264 -0.067493
0.309054 0.443460 1.725748 0.601964 0.043888 0.794592 -0.065850
0.307416 0.442439 1.726967 0.600497 0.043801 0.795863 -0.063937
0.305046 0.440218 1.728975 0.598159 0.042147 0.797984 -0.060425
0.302560 0.438580 1.730863 0.596060 0.040735 0.799795 -0.058152
0.300215 0.437413 1.732492 0.594240 0.039798 0.801300 -0.056683
0.298079 0.436466 1.733920 0.592586 0.039318 0.802647 -0.055260
0.295253 0.434714 1.736362 0.589683 0.038244 0.805056 -0.051923
0.292277 0.433479 1.738783 0.586979 0.037196 0.807194 -0.050096
0.289476 0.432667 1.740910 0.584615 0.036547 0.809000 -0.049085
0.286971 0.432087 1.742722 0.582567 0.036227 0.810536 -0.048327
0.283839 0.431008 1.745680 0.579335 0.036181 0.813063 -0.044633
0.280377 0.430405 1.748823 0.576174 0.035821 0.815407 -0.043022
0.277048 0.430175 1.751649 0.573365 0.035733 0.817420 -0.042420
0.274051 0.430132 1.754049 0.570943 0.035821 0.819119 -0.042262
0.270652 0.429762 1.757627 0.567477 0.036486 0.821605 -0.040049
0.266967 0.429530 1.761735 0.563934 0.036343 0.824056 -0.039867
0.263479 0.429476 1.765519 0.560776 0.036167 0.826186 -0.040489
0.260377 0.429512 1.768764 0.558058 0.036068 0.827988 -0.041321
0.257425 0.429220 1.772517 0.554953 0.036568 0.830162 -0.039008
0.254558 0.428795 1.776500 0.551909 0.036259 0.832262 -0.037706
0.251991 0.428426 1.780044 0.549275 0.035827 0.834050 -0.037072
0.249782 0.428126 1.783033 0.547044 0.035443 0.835547 -0.036715
0.247729 0.428217 1.786405 0.544473 0.036208 0.837275 -0.034767
0.245534 0.428514 1.790203 0.541673 0.036762 0.839093 -0.034084
0.243451 0.428793 1.793648 0.539183 0.037075 0.840682 -0.034062
0.241600 0.429063 1.796585 0.537043 0.037321 0.842033 -0.034260
0.240021 0.429402 1.799995 0.534542 0.038722 0.843660 -0.031677
0.238615 0.429342 1.804325 0.531750 0.039264 0.845475 -0.029561
0.237428 0.428965 1.808429 0.529350 0.038988 0.847035 -0.028281
0.236452 0.428508 1.812005 0.527334 0.038459 0.848345 -0.027383
0.235784 0.428482 1.815565 0.525518 0.038378 0.849543 -0.025178
0.235177 0.428787 1.819484 0.523598 0.038250 0.850783 -0.023434
0.234559 0.428959 1.823016 0.521880 0.037913 0.851882 -0.022390
0.233990 0.429087 1.826030 0.520391 0.037573 0.852825 -0.021684
0.233655 0.429688 1.829046 0.518756 0.037984 0.853840 -0.020179
0.233643 0.430561 1.832717 0.516626 0.038701 0.855129 -0.018842
0.233759 0.430952 1.836135 0.514819 0.038729 0.856236 -0.017929
0.233939 0.431111 1.839104 0.513321 0.038478 0.857161 -0.017200
0.234384 0.431711 1.842055 0.511905 0.038575 0.858027 -0.015962
0.235404 0.432856 1.845821 0.510082 0.038986 0.859112 -0.014895
0.236549 0.433330 1.849358 0.508571 0.038642 0.860037 -0.014053
0.237678 0.433458 1.852452 0.507354 0.037990 0.860797 -0.013284
0.238938 0.433774 1.855348 0.506385 0.037404 0.861409 -0.012236
0.240911 0.434388 1.858976 0.505435 0.036695 0.862013 -0.011116
0.243003 0.434236 1.862470 0.504710 0.035231 0.862510 -0.010110
0.245002 0.433731 1.865574 0.504174 0.033540 0.862903 -0.009146
0.246940 0.433551 1.868417 0.503661 0.032284 0.863261 -0.007907
0.249229 0.435001 1.871735 0.502350 0.033082 0.864007 -0.006398
0.251360 0.436013 1.874682 0.501140 0.033632 0.864697 -0.005140
0.253255 0.436701 1.877193 0.500146 0.033914 0.865267 -0.004025
0.254971 0.437424 1.879415 0.499288 0.034096 0.865759 -0.003104
0.257113 0.439179 1.882382 0.497917 0.034870 0.866518 -0.002805
0.259222 0.440190 1.885279 0.496681 0.035067 0.867221 -0.002551
0.261172 0.440711 1.887876 0.495694 0.034849 0.867795 -0.002227
0.262961 0.441110 1.890181 0.494902 0.034517 0.868261 -0.001921
0.265682 0.442826 1.893167 0.494039 0.034943 0.868734 -0.002425
0.268656 0.443656 1.896004 0.493339 0.034808 0.869137 -0.002505
0.271551 0.443859 1.898511 0.492901 0.034174 0.869412 -0.002207
0.274206 0.443802 1.900685 0.492602 0.033380 0.869612 -0.001753
0.277428 0.445183 1.903525 0.491877 0.033307 0.870026 -0.001369
0.280597 0.446159 1.906270 0.491078 0.033292 0.870479 -0.000936
0.283471 0.446646 1.908681 0.490449 0.032986 0.870846 -0.000375
0.285974 0.446892 1.910750 0.489925 0.032613 0.871154 0.000197
0.289011 0.448290 1.913190 0.489447 0.032424 0.871430 -0.000578
0.292170 0.449280 1.915512 0.488955 0.032303 0.871710 -0.001055
0.295126 0.449733 1.917532 0.488630 0.031890 0.871908 -0.001120
0.297751 0.449915 1.919258 0.488391 0.031406 0.872059 -0.000989
0.300930 0.451260 1.921147 0.488067 0.031568 0.872234 -0.001592
0.304443 0.452709 1.922846 0.487763 0.032282 0.872377 -0.001804
0.307677 0.453745 1.924183 0.487592 0.032843 0.872452 -0.001647
0.310505 0.454504 1.925251 0.487482 0.033291 0.872497 -0.001342
0.313739 0.455938 1.926572 0.487389 0.033296 0.872547 -0.002285
0.317502 0.457079 1.927928 0.487319 0.033303 0.872584 -0.002872
0.321158 0.457523 1.929080 0.487414 0.032938 0.872545 -0.002808
0.324486 0.457589 1.930068 0.487571 0.032422 0.872477 -0.002442
0.328032 0.458309 1.931239 0.488086 0.031237 0.872228 -0.003860
0.331801 0.459291 1.932515 0.488636 0.030318 0.871943 -0.005620
0.335180 0.459897 1.933603 0.489102 0.029539 0.871700 -0.006779
0.338091 0.460278 1.934524 0.489479 0.028894 0.871503 -0.007566
0.341221 0.461182 1.935490 0.489987 0.028108 0.871229 -0.009004
0.345213 0.462061 1.936272 0.490633 0.027569 0.870873 -0.010005
0.349251 0.462243 1.936755 0.491392 0.026824 0.870467 -0.010026
0.353011 0.462049 1.937087 0.492144 0.026006 0.870073 -0.009583
0.356717 0.462215 1.937509 0.492986 0.024875 0.869626 -0.009784
0.360767 0.462593 1.937776 0.493824 0.023944 0.869171 -0.010287
0.364668 0.462555 1.937772 0.494676 0.023085 0.868713 -0.010049
0.368192 0.462323 1.937653 0.495461 0.022335 0.868291 -0.009487
0.371507 0.462398 1.937677 0.496240 0.021300 0.867872 -0.009488
0.374991 0.462619 1.938015 0.496867 0.020151 0.867534 -0.010069
0.378271 0.462349 1.938385 0.497419 0.018945 0.867245 -0.010121
0.381207 0.461851 1.938764 0.497886 0.017794 0.867003 -0.009909
0.383923 0.461494 1.939194 0.498286 0.016727 0.866794 -0.009982
0.387193 0.461169 1.939466 0.498641 0.015956 0.866601 -0.010310
0.390653 0.460334 1.939465 0.499152 0.015021 0.866329 -0.009734
0.393963 0.459278 1.939354 0.499709 0.014029 0.866035 -0.008747
0.397037 0.458306 1.939236 0.500376 0.012919 0.865674 -0.008113
0.400337 0.457716 1.938784 0.501483 0.011629 0.865045 -0.008857
0.403562 0.457112 1.937917 0.502598 0.010726 0.864409 -0.008832
0.406498 0.456565 1.936909 0.503631 0.010104 0.863818 -0.008422
0.409067 0.456163 1.935965 0.504530 0.009791 0.863304 -0.007751
0.411481 0.455945 1.935382 0.505148 0.009958 0.862946 -0.007046
0.413739 0.455543 1.934861 0.505671 0.010031 0.862646 -0.006211
0.415756 0.455073 1.934417 0.506118 0.010025 0.862389 -0.005341
0.417485 0.454584 1.934080 0.506475 0.009927 0.862185 -0.004560
0.419138 0.453653 1.933846 0.506962 0.008463 0.861914 -0.004765
0.420910 0.452692 1.933344 0.507534 0.007151 0.861591 -0.004487
0.421935 0.452656 1.932668 0.507465 0.007700 0.861621 -0.005409
0.422114 0.453305 1.932087 0.507184 0.008612 0.861769 -0.006615
0.422578 0.452843 1.931990 0.507197 0.008178 0.861749 -0.008523
0.423194 0.452404 1.931777 0.507213 0.008684 0.861736 -0.008381
0.423818 0.452077 1.931417 0.507294 0.009169 0.861688 -0.007949
0.424399 0.451817 1.931025 0.507373 0.009595 0.861640 -0.007464
0.424334 0.451372 1.930669 0.507226 0.009903 0.861721 -0.007789
0.424250 0.450903 1.930364 0.507105 0.009871 0.861792 -0.007873
0.424213 0.450495 1.930099 0.506991 0.009805 0.861860 -0.007838
0.424206 0.450148 1.929865 0.506893 0.009700 0.861920 -0.007738
0.423540 0.449487 1.929598 0.506615 0.010326 0.862081 -0.007133
0.423072 0.448759 1.929124 0.506605 0.010556 0.862094 -0.005849
0.422761 0.448115 1.928657 0.506605 0.010632 0.862099 -0.004763
0.422527 0.447529 1.928294 0.506593 0.010565 0.862112 -0.003872
0.421318 0.446158 1.928109 0.506397 0.010700 0.862232 -0.001731
0.419986 0.444495 1.928013 0.506571 0.009785 0.862143 0.000069
0.418706 0.443280 1.927888 0.506614 0.009071 0.862125 0.001125
0.417565 0.442345 1.927765 0.506628 0.008437 0.862121 0.001957
0.415437 0.441222 1.927617 0.506335 0.008516 0.862285 0.004166
0.413112 0.439621 1.927185 0.506555 0.007879 0.862141 0.007377
0.410791 0.438163 1.926721 0.506562 0.006852 0.862137 0.008212
0.408767 0.436700 1.926411 0.506436 0.005756 0.862212 0.008902
0.406354 0.435298 1.926151 0.506195 0.005089 0.862346 0.010007
0.403712 0.433636 1.925784 0.506346 0.004919 0.862209 0.013617
0.401176 0.432082 1.925359 0.506413 0.004309 0.862145 0.015233
0.398787 0.430601 1.924965 0.506227 0.003674 0.862233 0.016552
0.396089 0.429113 1.924615 0.505873 0.003283 0.862408 0.018261
0.393320 0.427382 1.924021 0.506675 0.002664 0.861864 0.021567
0.390386 0.425901 1.923548 0.506770 0.002644 0.861753 0.023614
0.387684 0.424475 1.923053 0.506719 0.002420 0.861739 0.025216
0.384643 0.423144 1.922663 0.506475 0.001719 0.861869 0.025724
0.381037 0.421601 1.922336 0.506495 0.001445 0.861785 0.028047
0.377648 0.420236 1.921914 0.506525 0.001442 0.861692 0.030279
0.374598 0.418904 1.921425 0.506467 0.001179 0.861655 0.032259
0.371525 0.417373 1.921039 0.506275 0.000477 0.861714 0.033674
0.368047 0.415555 1.920483 0.506661 0.000037 0.861353 0.036948
0.364690 0.414116 1.919814 0.506753 -0.000203 0.861173 0.039773
0.361642 0.412561 1.919283 0.506759 -0.000891 0.861055 0.042170
0.358618 0.410886 1.918848 0.506549 -0.001751 0.861106 0.043632
0.355229 0.408807 1.918301 0.507144 -0.002164 0.860581 0.046915
0.352015 0.407127 1.917845 0.507443 -0.002272 0.860241 0.049816
0.349209 0.405251 1.918673 0.507963 -0.002790 0.859831 0.051557
0.346453 0.402594 1.920631 0.508625 -0.004498 0.859364 0.052658
0.342781 0.399961 1.922475 0.509644 -0.005574 0.858619 0.054816
0.338894 0.397321 1.924615 0.510581 -0.007625 0.858012 0.055354
0.335323 0.394703 1.926478 0.511341 -0.009891 0.857524 0.055549
0.332038 0.392067 1.928086 0.511764 -0.012096 0.857217 0.055947
0.328531 0.389750 1.928533 0.512265 -0.012684 0.856684 0.059303
0.325279 0.387699 1.928814 0.512492 -0.012991 0.856337 0.062216
0.322248 0.385549 1.929254 0.512556 -0.013687 0.856126 0.064400
0.319409 0.383195 1.929822 0.512539 -0.014912 0.855994 0.066006
0.316145 0.380831 1.929701 0.512656 -0.015541 0.855656 0.069247
0.312867 0.378662 1.929631 0.512675 -0.016046 0.855413 0.071938
0.309774 0.376400 1.929715 0.512605 -0.016862 0.855264 0.073994
0.306910 0.373974 1.929916 0.512482 -0.018042 0.855171 0.075627
0.303697 0.371365 1.929990 0.512464 -0.019152 0.854968 0.077744
0.300467 0.368754 1.930190 0.512422 -0.020187 0.854770 0.079904
0.297453 0.366042 1.930483 0.512323 -0.021483 0.854628 0.081697
0.294687 0.363108 1.930893 0.512101 -0.023221 0.854589 0.083016
0.291652 0.359949 1.931099 0.512015 -0.024346 0.854345 0.085687
0.288515 0.356953 1.931297 0.511953 -0.025198 0.854072 0.088483
0.285564 0.353868 1.931609 0.511820 -0.026436 0.853885 0.090667
0.282852 0.350552 1.932041 0.511573 -0.028209 0.853805 0.092271
0.279983 0.346829 1.932304 0.511139 -0.028881 0.853727 0.095150
0.277116 0.343307 1.932417 0.510901 -0.029207 0.853514 0.098190
0.274456 0.339711 1.932635 0.510651 -0.030135 0.853355 0.100564
0.272037 0.335885 1.932963 0.510321 -0.031780 0.853283 0.102326
0.269180 0.331511 1.933623 0.509306 -0.032316 0.853501 0.105356
0.266095 0.327083 1.934374 0.508952 -0.032985 0.853306 0.108391
0.263316 0.322490 1.935126 0.508783 -0.034647 0.853056 0.110612
0.260769 0.317583 1.935994 0.508461 -0.037326 0.852957 0.111975
0.258003 0.312178 1.936758 0.507557 -0.038885 0.853165 0.113942
0.255262 0.306893 1.937125 0.507260 -0.039801 0.853008 0.116108
0.252834 0.301630 1.937479 0.507028 -0.041540 0.852830 0.117798
0.250644 0.296165 1.937883 0.506611 -0.044253 0.852794 0.118864
0.248395 0.290094 1.938338 0.506406 -0.047257 0.852689 0.119335
0.245677 0.283690 1.938910 0.506309 -0.049437 0.852474 0.120403
0.243135 0.277338 1.939492 0.506175 -0.051722 0.852148 0.122290
0.240962 0.270788 1.939998 0.505998 -0.055019 0.851818 0.123875
0.238965 0.263923 1.940300 0.505805 -0.058594 0.851505 0.125165
0.236854 0.256816 1.940328 0.505542 -0.061597 0.851281 0.126308
0.234729 0.249739 1.940358 0.505107 -0.064531 0.851122 0.127653
0.232752 0.242423 1.940349 0.504607 -0.067783 0.850927 0.129230
0.230899 0.234919 1.940316 0.503949 -0.071564 0.850748 0.130928
0.228931 0.226977 1.940408 0.503593 -0.075380 0.850261 0.133297
0.227153 0.218743 1.940331 0.503424 -0.079565 0.849583 0.135800
0.225541 0.210320 1.940068 0.503347 -0.083966 0.848767 0.138517
0.224085 0.202118 1.939764 0.503343 -0.088249 0.847886 0.141237
0.222602 0.194039 1.939747 0.503458 -0.092439 0.846875 0.144177
0.221282 0.186688 1.939637 0.503630 -0.095768 0.845842 0.147431
0.220172 0.180184 1.939386 0.503949 -0.098353 0.844835 0.150384
0.219052 0.174604 1.939153 0.504270 -0.100252 0.844033 0.152540
0.217575 0.169466 1.939427 0.504755 -0.101596 0.843200 0.154645
0.216371 0.165388 1.939579 0.505541 -0.101867 0.842355 0.156493
0.215371 0.162115 1.939619 0.506387 -0.101455 0.841639 0.157866
0.214530 0.159501 1.939665 0.507271 -0.100444 0.841028 0.158931
0.213525 0.156766 1.940355 0.508314 -0.099148 0.840218 0.160684
0.212613 0.154215 1.941021 0.509663 -0.097414 0.839248 0.162533
0.211809 0.152047 1.941586 0.511220 -0.095138 0.838226 0.164254
0.211151 0.150100 1.941943 0.512654 -0.092811 0.837394 0.165353
0.210261 0.147573 1.942598 0.513970 -0.090913 0.836566 0.166514
0.209434 0.144862 1.943143 0.515398 -0.089161 0.835745 0.167169
0.208729 0.142341 1.943497 0.516765 -0.087372 0.835108 0.167077
0.208134 0.139976 1.943696 0.517996 -0.085653 0.834708 0.166148
0.207337 0.137244 1.944331 0.519199 -0.084064 0.834377 0.164868
0.206558 0.134398 1.944975 0.520687 -0.082136 0.833898 0.163561
0.205931 0.131737 1.945428 0.522183 -0.079902 0.833490 0.161966
0.205421 0.129189 1.945711 0.523521 -0.077597 0.833261 0.159933
0.204611 0.125995 1.946298 0.524842 -0.075618 0.833128 0.157228
0.203724 0.122419 1.946910 0.526451 -0.073411 0.832883 0.154160
0.202967 0.118973 1.947332 0.528117 -0.070788 0.832658 0.150871
0.202311 0.115656 1.947633 0.529832 -0.067742 0.832438 0.147435
0.201681 0.111961 1.948034 0.531487 -0.064805 0.832385 0.143028
0.201164 0.108014 1.948322 0.533145 -0.061773 0.832403 0.138005
0.200813 0.104120 1.948327 0.534521 -0.058802 0.832613 0.132612
0.200401 0.100443 1.948248 0.535468 -0.055769 0.833148 0.126603
0.199534 0.096387 1.948385 0.536127 -0.052953 0.834033 0.118966
0.198843 0.091771 1.948445 0.536949 -0.049972 0.834699 0.111653
0.198571 0.087565 1.948211 0.537669 -0.046654 0.835095 0.106545
0.198468 0.084124 1.947890 0.538213 -0.043360 0.835270 0.103779
0.198375 0.080782 1.947662 0.538653 -0.040590 0.835552 0.100293
0.198238 0.077592 1.947541 0.539041 -0.037527 0.835902 0.096412
0.198059 0.074975 1.947368 0.539343 -0.034674 0.836079 0.094224
0.197854 0.072728 1.947192 0.539597 -0.032432 0.836175 0.092703
0.197593 0.070564 1.947008 0.539802 -0.030794 0.836355 0.090419
0.197224 0.068339 1.946778 0.539950 -0.029285 0.836648 0.087281
0.196813 0.066430 1.946541 0.540088 -0.027961 0.836817 0.085211
0.196393 0.064769 1.946324 0.540230 -0.026992 0.836909 0.083707
0.196025 0.063411 1.946103 0.540365 -0.026106 0.837039 0.081799
0.195606 0.062358 1.945807 0.540399 -0.025102 0.837301 0.079160
0.195136 0.061469 1.945558 0.540359 -0.024257 0.837526 0.077292
0.194504 0.060627 1.945367 0.540171 -0.023766 0.837826 0.075484
0.193659 0.059860 1.945264 0.539875 -0.023488 0.838221 0.073273
0.192843 0.059278 1.945154 0.539502 -0.023167 0.838699 0.070604
0.192133 0.058784 1.945084 0.539158 -0.022938 0.839060 0.069002
0.191567 0.058300 1.945025 0.538859 -0.022826 0.839323 0.068154
0.190986 0.057826 1.945034 0.538441 -0.022819 0.839658 0.067351
0.190110 0.057386 1.945347 0.537415 -0.022804 0.840435 0.065837
0.189146 0.056886 1.945674 0.536036 -0.023406 0.841380 0.064792
0.188148 0.056327 1.946017 0.534580 -0.024314 0.842307 0.064439
0.187084 0.055756 1.946390 0.532987 -0.025424 0.843270 0.064617
0.185729 0.055589 1.946943 0.530799 -0.026197 0.844625 0.064617
