0.620000 0.932408 1.106150
0.620001 0.932405 1.106148
0.620002 0.932403 1.106146
0.616879 0.932386 1.106144
0.620004 0.932400 1.106143
0.623129 0.932382 1.106141
0.626253 0.932333 1.106139
0.629377 0.932253 1.106138
0.632500 0.932141 1.106136
0.635702 0.933612 1.103003
0.639009 0.936281 1.104597
0.642372 0.938931 1.106163
0.645791 0.941561 1.107700
0.649267 0.944168 1.109208
0.652798 0.946754 1.110688
0.656385 0.949315 1.112139
0.660029 0.951852 1.113560
0.663729 0.954362 1.114951
0.667485 0.956844 1.116313
0.671297 0.959298 1.117645
0.675165 0.961722 1.118947
0.679089 0.964114 1.120219
0.683068 0.966476 1.121461
0.687103 0.968803 1.122673
0.691193 0.971096 1.123855
0.695337 0.973354 1.125005
0.699537 0.975574 1.126125
0.703790 0.977755 1.127215
0.708098 0.979897 1.128273
0.712460 0.982000 1.129301
0.716874 0.984061 1.130298
0.721342 0.986078 1.131263
0.725862 0.988052 1.132198
0.730434 0.989980 1.133100
0.735057 0.991861 1.133971
0.739732 0.993696 1.134812
0.744457 0.995482 1.135620
0.749231 0.997218 1.136397
0.754055 0.998903 1.137142
0.758928 1.000536 1.137854
0.763849 1.002116 1.138536
0.768818 1.003642 1.139186
0.773834 1.005113 1.139804
0.778896 1.006528 1.140390
0.784004 1.007884 1.140944
0.789157 1.009182 1.141467
0.794354 1.010421 1.141956
0.799595 1.011598 1.142414
0.804877 1.012714 1.142839
0.806355 1.015674 1.148546
0.807730 1.018596 1.154323
0.809070 1.021450 1.160176
0.810377 1.024231 1.166100
0.811755 1.027166 1.166493
0.813134 1.030104 1.166854
0.814515 1.033045 1.167181
0.814932 1.033937 1.172062
0.815326 1.034786 1.176954
0.820747 1.035804 1.177246
0.826326 1.036699 1.177508
0.831947 1.037525 1.177738
0.837606 1.038282 1.177935
0.843300 1.038970 1.178099
0.849028 1.039587 1.178230
0.854789 1.040134 1.178329
0.860582 1.040609 1.178394
0.866406 1.041012 1.178427
0.872259 1.041341 1.178428
0.878141 1.041597 1.178395
0.884051 1.041778 1.178329
0.889986 1.041884 1.178231
0.895946 1.041914 1.178100
0.901930 1.041868 1.177936
0.906609 1.039775 1.182831
0.911253 1.037589 1.187738
0.915854 1.035310 1.192652
0.920411 1.032941 1.197574
0.924920 1.030482 1.202503
0.929381 1.027935 1.207439
0.933791 1.025300 1.212380
0.938149 1.022579 1.217326
0.942453 1.019773 1.222278
0.948481 1.019067 1.222085
0.954517 1.018284 1.221852
0.960565 1.017421 1.221587
0.966625 1.016477 1.221289
0.972694 1.015451 1.220957
0.978772 1.014344 1.220593
0.984857 1.013155 1.220196
0.990949 1.011882 1.219766
0.997046 1.010526 1.219303
1.003146 1.009086 1.218807
1.009250 1.007562 1.218278
1.015354 1.005953 1.217716
1.021103 1.003919 1.212177
1.026801 1.001776 1.206599
1.028641 1.000597 1.211532
1.029559 1.000334 1.216485
1.032426 0.997878 1.221413
1.035984 0.994545 1.226357
1.039768 0.990820 1.231308
1.043593 0.986895 1.236263
1.047197 0.982692 1.236264
1.050770 0.978439 1.236247
1.054304 0.974145 1.236230
1.057798 0.969814 1.236213
1.061249 0.965448 1.236196
1.064657 0.961047 1.236179
1.068021 0.956613 1.236163
1.071341 0.952145 1.236146
1.074617 0.947645 1.236129
1.077847 0.943112 1.236112
1.084911 0.941295 1.231861
1.091941 0.939350 1.227540
1.098940 0.937276 1.223172
1.102062 0.932502 1.223130
1.105141 0.927696 1.223112
1.108172 0.922860 1.223094
1.113847 0.919689 1.222340
1.119501 0.916429 1.221547
1.125133 0.913080 1.220720
1.128340 0.908197 1.225688
1.133919 0.904702 1.224861
1.139467 0.901118 1.223969
1.144988 0.897447 1.223043
1.150479 0.893687 1.222085
1.155939 0.889839 1.221094
1.158889 0.884583 1.226043
1.161503 0.879192 1.226045
1.164059 0.873776 1.226014
1.166560 0.868336 1.225983
1.169006 0.862872 1.225951
1.171398 0.857384 1.225920
1.173735 0.851872 1.225889
1.176016 0.846338 1.225858
1.178243 0.840780 1.225827
1.180414 0.835201 1.225795
1.182529 0.829601 1.225764
1.184588 0.823980 1.225733
1.186591 0.818338 1.225702
1.188537 0.812677 1.225671
1.193061 0.807958 1.219670
1.197486 0.803139 1.213595
1.201816 0.798227 1.207492
1.205150 0.796233 1.201374
1.207979 0.795671 1.195224
1.209644 0.798767 1.189058
1.211589 0.800702 1.182850
1.211431 0.801172 1.182771
1.213600 0.802183 1.176589
1.213574 0.802219 1.176512
1.211723 0.801660 1.175239
1.209863 0.801085 1.173984
1.210139 0.801269 1.166630
1.208256 0.800616 1.165392
1.206363 0.799987 1.164217
1.204455 0.799368 1.163063
1.204575 0.799490 1.155866
1.202642 0.798811 1.154735
1.200697 0.798161 1.153665
1.198739 0.797522 1.152615
1.200693 0.798203 1.146560
1.200704 0.798117 1.146501
1.200715 0.798063 1.146477
1.200721 0.798022 1.146454
1.200725 0.797988 1.146430
1.200728 0.797957 1.146406
1.200731 0.797928 1.146382
1.200733 0.797899 1.146359
1.200736 0.797870 1.146335
1.200738 0.797842 1.146311
1.200634 0.798187 1.146310
1.200514 0.798581 1.146305
1.200391 0.798980 1.146299
1.200330 0.799173 1.146295
1.198330 0.798502 1.152226
1.196301 0.797825 1.158222
1.194212 0.797145 1.164198
1.192063 0.796456 1.170151
1.189052 0.798341 1.176093
1.185496 0.801700 1.182007
1.181605 0.805785 1.187894
1.179826 0.811099 1.187917
1.177927 0.816534 1.187873
1.175949 0.822025 1.187828
1.173902 0.827535 1.187783
1.171793 0.833044 1.187737
1.169625 0.838541 1.187692
1.167400 0.844022 1.187647
1.165119 0.849483 1.187601
1.162783 0.854923 1.187556
1.160392 0.860339 1.187511
1.157947 0.865732 1.187465
1.155448 0.871100 1.187420
1.152896 0.876442 1.187375
1.150290 0.881758 1.187329
1.147632 0.887049 1.187284
1.144920 0.892312 1.187238
1.142156 0.897547 1.187193
1.139340 0.902755 1.187148
1.136472 0.907933 1.187102
1.133553 0.913083 1.187057
1.130582 0.918203 1.187012
1.125468 0.921944 1.192801
1.120258 0.925657 1.198629
1.115950 0.926743 1.199635
1.112432 0.926490 1.200573
1.113560 0.928374 1.190017
1.113302 0.928711 1.189879
1.111715 0.931214 1.189857
1.109367 0.934875 1.189828
1.108605 0.940533 1.184018
1.107556 0.946406 1.178128
1.106304 0.952377 1.172212
1.105741 0.955684 1.161520
1.103322 0.959081 1.161402
1.100426 0.963150 1.161370
1.097242 0.967545 1.161337
1.093881 0.972092 1.161302
1.090405 0.976702 1.161266
1.086846 0.981326 1.161230
1.083222 0.985941 1.161195
1.079542 0.990532 1.161158
1.075810 0.995093 1.161122
1.074642 0.998412 1.150488
1.074296 1.000361 1.139785
1.074325 1.001543 1.129101
1.072345 1.003819 1.129004
1.069474 1.007156 1.128978
1.066102 1.011018 1.128951
1.062444 1.015132 1.128922
1.058615 1.019359 1.128893
1.054676 1.023624 1.128863
1.050659 1.027889 1.128833
1.046580 1.032134 1.128804
1.042449 1.036349 1.128774
1.038271 1.040528 1.128744
1.034049 1.044668 1.128714
1.032080 1.047426 1.118117
1.031103 1.048886 1.107478
1.030594 1.049614 1.096865
1.030265 1.049894 1.086283
1.029966 1.049872 1.075736
1.027988 1.051687 1.075662
1.024861 1.054601 1.075640
1.022600 1.059648 1.076305
1.020801 1.065999 1.071035
1.018772 1.072392 1.065700
1.016570 1.078789 1.060330
1.014221 1.085167 1.054926
1.011736 1.091511 1.049489
1.009124 1.097813 1.044018
1.006387 1.104068 1.038514
1.003529 1.110273 1.032978
1.000551 1.116424 1.027411
0.997455 1.122519 1.021812
0.994241 1.128556 1.016184
0.990910 1.134532 1.010525
0.987464 1.140445 1.004837
0.983904 1.146293 0.999120
0.980230 1.152074 0.993375
0.976445 1.157785 0.987603
0.972550 1.163424 0.981804
0.968546 1.168989 0.975979
0.964434 1.174477 0.970127
0.960213 1.179885 0.964250
0.955890 1.185216 0.958348
0.951463 1.190464 0.952422
0.946935 1.195629 0.946473
0.942306 1.200707 0.940501
0.937579 1.205697 0.934507
0.932756 1.210597 0.928491
0.927838 1.215405 0.922454
0.922826 1.220119 0.916398
0.917723 1.224737 0.910321
0.912531 1.229258 0.904225
0.907251 1.233680 0.898111
0.905833 1.236229 0.892011
0.906181 1.238386 0.892617
0.905768 1.238019 0.885842
0.905488 1.237441 0.878995
0.905569 1.237296 0.878883
0.905634 1.237222 0.878838
0.905687 1.237154 0.878794
0.905736 1.237088 0.878749
0.905784 1.237023 0.878705
0.905831 1.236958 0.878661
0.906184 1.237359 0.885350
0.905894 1.236907 0.878638
0.905624 1.236245 0.871802
0.904780 1.233950 0.873971
0.903892 1.231731 0.876197
0.902973 1.229504 0.878403
0.902039 1.227261 0.880587
0.902023 1.226986 0.883397
0.901994 1.226695 0.886213
0.901952 1.226380 0.889028
0.901897 1.226040 0.891839
0.901563 1.225277 0.888019
0.901245 1.224419 0.884162
0.901223 1.223991 0.886929
0.901163 1.223593 0.889737
0.901077 1.223178 0.892542
0.900974 1.222741 0.895344
0.900858 1.222281 0.898142
0.901102 1.222575 0.904736
0.900737 1.221802 0.900946
0.900388 1.220920 0.897104
0.899777 1.219568 0.886689
0.899127 1.218002 0.876277
0.898771 1.216882 0.872458
0.898376 1.215771 0.868682
0.897952 1.214633 0.864918
0.896594 1.211524 0.860368
0.895216 1.208370 0.855847
0.893819 1.205175 0.851363
0.892402 1.201941 0.846914
0.890966 1.198669 0.842502
0.889510 1.195357 0.838127
0.888034 1.192008 0.833789
0.888098 1.191941 0.833761
0.888146 1.191902 0.833748
0.888187 1.191867 0.833736
0.888225 1.191833 0.833723
0.888263 1.191800 0.833711
0.888300 1.191767 0.833698
0.888336 1.191733 0.833686
