0.724883 0.933538 0.945164
0.728752 0.934589 0.945655
0.732651 0.935588 0.946168
0.736580 0.936536 0.946703
0.739450 0.934548 0.942871
0.742256 0.932444 0.935691
0.744975 0.930178 0.928541
0.747604 0.927754 0.921423
0.750140 0.925174 0.914340
0.752577 0.922442 0.907296
0.754913 0.919560 0.900293
0.757143 0.916532 0.893335
0.759265 0.913360 0.886423
0.761274 0.910050 0.879562
0.763479 0.907215 0.875960
0.765624 0.904333 0.872374
0.767710 0.901405 0.868805
0.769735 0.898433 0.865252
0.773612 0.898905 0.865607
0.777512 0.899323 0.865986
0.781433 0.899687 0.866387
0.785375 0.899997 0.866810
0.789337 0.900253 0.867256
0.793317 0.900453 0.867725
0.797316 0.900598 0.868216
0.801333 0.900686 0.868729
0.805366 0.900717 0.869265
0.809415 0.900691 0.869823
0.813478 0.900607 0.870403
0.817555 0.900466 0.871005
0.821645 0.900265 0.871630
0.825746 0.900005 0.872277
0.829858 0.899686 0.872945
0.833981 0.899307 0.873636
0.838112 0.898868 0.874348
0.842251 0.898369 0.875082
0.846397 0.897809 0.875838
0.850549 0.897187 0.876615
0.854705 0.896504 0.877414
0.858866 0.895760 0.878235
0.863030 0.894954 0.879076
0.867195 0.894085 0.879939
0.871362 0.893154 0.880824
0.875528 0.892161 0.881729
0.879693 0.891105 0.882656
0.883856 0.889986 0.883603
0.888015 0.888804 0.884572
0.892170 0.887558 0.885561
0.896319 0.886250 0.886570
0.900462 0.884878 0.887601
0.904597 0.883443 0.888651
0.908724 0.881944 0.889722
0.912841 0.880382 0.890814
0.916946 0.878756 0.891925
0.921040 0.877067 0.893057
0.925121 0.875314 0.894208
0.929188 0.873499 0.895379
0.933239 0.871620 0.896570
0.937274 0.869677 0.897780
0.941292 0.867672 0.899010
0.945291 0.865604 0.900259
0.949271 0.863473 0.901528
0.953231 0.861279 0.902815
0.957168 0.859023 0.904121
0.961083 0.856705 0.905447
0.964974 0.854325 0.906790
0.968840 0.851883 0.908153
0.972680 0.849379 0.909534
0.976493 0.846815 0.910933
0.980278 0.844190 0.912350
0.984033 0.841504 0.913785
0.987759 0.838758 0.915238
0.991452 0.835953 0.916709
0.995114 0.833088 0.918197
0.998742 0.830164 0.919702
1.002336 0.827182 0.921225
1.005894 0.824142 0.922765
1.009415 0.821044 0.924322
1.012899 0.817889 0.925896
1.016345 0.814677 0.927486
1.019751 0.811410 0.929093
1.023116 0.808087 0.930716
1.026440 0.804709 0.932355
1.029721 0.801277 0.934010
1.032959 0.797791 0.935681
1.036153 0.794252 0.937367
1.039301 0.790661 0.939070
1.042403 0.787018 0.940787
1.045458 0.783324 0.942519
1.045475 0.778445 0.938984
1.045403 0.773574 0.935465
1.045242 0.768709 0.931964
1.044994 0.763852 0.928481
1.044466 0.758941 0.920549
1.043741 0.754012 0.912676
1.042820 0.749069 0.904865
1.041704 0.744118 0.897119
1.040393 0.739164 0.889441
1.038888 0.734211 0.881833
1.037836 0.729431 0.878615
1.036698 0.724676 0.875419
1.035477 0.719946 0.872246
1.034172 0.715245 0.869097
1.032784 0.710573 0.865971
1.031314 0.705932 0.862869
1.029762 0.701324 0.859791
1.028130 0.696750 0.856738
1.026417 0.692211 0.853709
1.024625 0.687709 0.850706
1.022754 0.683246 0.847729
1.020805 0.678823 0.844777
1.020806 0.678819 0.844777
1.021373 0.674813 0.844777
1.021901 0.670798 0.844776
1.022388 0.666779 0.844776
1.022836 0.662754 0.844776
1.023243 0.658726 0.844776
1.025194 0.654827 0.846431
1.027091 0.650891 0.848103
1.028933 0.646920 0.849789
1.026566 0.642663 0.846864
1.024127 0.638459 0.843964
1.021615 0.634304 0.841091
1.023277 0.630327 0.842794
1.024882 0.626317 0.844511
1.026430 0.622276 0.846244
1.027921 0.618205 0.847991
1.029353 0.614105 0.849754
1.030725 0.609976 0.851531
1.032039 0.605821 0.853322
1.033292 0.601638 0.855128
1.034484 0.597431 0.856948
1.035615 0.593199 0.858782
1.036685 0.588943 0.860629
1.033654 0.584986 0.857783
1.030559 0.581092 0.854965
1.027399 0.577260 0.852173
1.024177 0.573491 0.849410
1.020893 0.569785 0.846675
1.021702 0.565599 0.848536
1.022449 0.561394 0.850410
1.023133 0.557172 0.852297
1.023754 0.552934 0.854198
1.024312 0.548680 0.856111
1.024806 0.544412 0.858037
1.025237 0.540131 0.859975
1.025603 0.535838 0.861926
1.025904 0.531533 0.863888
1.026141 0.527219 0.865862
1.026312 0.522896 0.867848
1.026418 0.518565 0.869845
1.026459 0.514227 0.871854
1.026435 0.509884 0.873873
1.026344 0.505536 0.875904
1.026187 0.501185 0.877945
1.025965 0.496832 0.879996
1.025676 0.492477 0.882057
1.025321 0.488122 0.884129
1.024900 0.483769 0.886210
1.024413 0.479417 0.888301
1.023859 0.475069 0.890401
1.023239 0.470726 0.892511
1.022552 0.466387 0.894629
1.021800 0.462056 0.896756
1.020981 0.457732 0.898891
1.020096 0.453417 0.901035
1.019145 0.449113 0.903187
1.018128 0.444819 0.905347
1.017046 0.440538 0.907515
1.015898 0.436270 0.909690
1.014684 0.432016 0.911872
1.013406 0.427778 0.914061
1.012062 0.423557 0.916257
1.010654 0.419353 0.918459
1.009181 0.415168 0.920668
1.007645 0.411004 0.922883
1.006044 0.406860 0.925104
1.004380 0.402739 0.927331
1.002653 0.398640 0.929563
1.000863 0.394566 0.931800
0.999011 0.390518 0.934043
0.997096 0.386495 0.936290
0.995065 0.382537 0.934102
0.992972 0.378607 0.931910
0.990821 0.374708 0.929716
0.988611 0.370840 0.927517
0.986342 0.367004 0.925316
0.984016 0.363201 0.923112
0.986671 0.361328 0.923437
0.989340 0.359468 0.923730
0.992011 0.357607 0.923990
0.994684 0.355744 0.924217
0.997358 0.353880 0.924412
1.000034 0.352014 0.924574
1.002712 0.350149 0.924703
1.000413 0.346157 0.926954
0.997871 0.342218 0.924519
1.000448 0.340208 0.924584
1.003088 0.338287 0.924616
1.003276 0.338140 0.922114
1.003451 0.338019 0.919609
1.003606 0.337913 0.917102
1.003949 0.337666 0.919358
1.004275 0.337434 0.921618
1.004583 0.337216 0.923883
1.004720 0.337127 0.921374
1.004835 0.337052 0.918864
1.004923 0.336998 0.916295
1.007576 0.335104 0.916097
1.010216 0.333194 0.915868
1.012852 0.331284 0.915606
1.015487 0.329377 0.915311
1.018120 0.327472 0.914984
1.020750 0.325570 0.914624
1.023378 0.323671 0.914232
1.026003 0.321774 0.913808
1.025729 0.321938 0.908772
1.025722 0.321953 0.905721
1.025668 0.322010 0.902471
1.025896 0.321854 0.904078
1.025779 0.321966 0.900489
1.025614 0.322109 0.896756
1.025405 0.322285 0.892895
1.025151 0.322492 0.888919
1.025297 0.322396 0.889865
1.025430 0.322316 0.890718
1.025548 0.322248 0.891485
