0.962338 1.063229 0.969794
0.963144 1.065997 0.968742
0.963964 1.068732 0.967651
0.964786 1.071443 0.966520
0.965604 1.074134 0.965349
0.966418 1.076805 0.964138
0.967226 1.079457 0.962887
0.968030 1.082089 0.961597
0.970041 1.084496 0.960885
0.971002 1.086979 0.959526
0.971862 1.089512 0.958127
0.972678 1.092053 0.956687
0.973473 1.094585 0.955208
0.974257 1.097099 0.953690
0.975034 1.099592 0.952134
0.977009 1.101952 0.951207
0.979093 1.104098 0.956169
0.981196 1.106171 0.961161
0.983402 1.108352 0.960204
0.985631 1.110505 0.959216
0.987868 1.112641 0.958198
0.987477 1.116760 0.957130
0.985805 1.121767 0.956033
0.986172 1.125199 0.954936
0.987525 1.127919 0.953802
0.986622 1.132299 0.952597
0.983384 1.137507 0.950682
0.982199 1.141148 0.948782
0.982018 1.144070 0.946831
0.980317 1.144439 0.939874
0.978793 1.144667 0.939168
0.977296 1.144862 0.938453
0.975813 1.145035 0.937731
0.974337 1.145189 0.937001
0.975730 1.143345 0.936328
0.975606 1.142590 0.935548
0.974726 1.142324 0.934781
0.973519 1.142262 0.934015
0.975030 1.140295 0.933316
0.977802 1.137463 0.932574
0.981214 1.134251 0.937944
0.984780 1.130826 0.943281
0.988373 1.127272 0.948588
0.989249 1.125741 0.947703
0.988858 1.125098 0.946842
0.987900 1.124847 0.945988
0.986631 1.124793 0.939049
0.987381 1.126890 0.936943
0.988174 1.128928 0.934800
0.988985 1.130925 0.932620
0.989802 1.132890 0.930404
0.990620 1.134825 0.928152
0.991437 1.136732 0.925865
0.992251 1.138611 0.923542
0.990086 1.142631 0.921069
0.986544 1.147521 0.918620
0.985488 1.150560 0.916286
0.985541 1.152820 0.913861
0.986298 1.154913 0.917689
0.985011 1.154705 0.916760
0.983707 1.154497 0.915827
0.982400 1.154281 0.914890
0.981095 1.154051 0.913947
0.979795 1.153808 0.913000
0.978501 1.153550 0.912047
0.977213 1.153277 0.911090
0.975932 1.152989 0.910128
0.974657 1.152687 0.909162
0.973389 1.152370 0.908191
0.974510 1.151853 0.906519
0.974671 1.150812 0.903882
0.974858 1.149744 0.901268
0.973846 1.149263 0.900299
0.972719 1.148847 0.899335
0.974683 1.146311 0.898514
0.977943 1.142890 0.897602
0.981670 1.139104 0.896652
0.982879 1.137603 0.901660
0.982801 1.136921 0.906739
0.983536 1.135936 0.910296
0.983922 1.134793 0.907763
0.984669 1.133804 0.911368
0.985406 1.132802 0.914998
0.986151 1.131775 0.918653
0.989453 1.128554 0.916342
0.994361 1.124443 0.920086
0.999549 1.119762 0.917731
1.004968 1.114809 0.915394
1.010468 1.109686 0.913082
1.015980 1.104441 0.910801
1.018898 1.101286 0.908438
1.020583 1.099107 0.906175
1.021749 1.097344 0.903974
1.021306 1.096558 0.903019
1.020623 1.095964 0.902074
1.019839 1.095446 0.901133
1.019015 1.094956 0.900193
1.018178 1.094471 0.899253
1.017338 1.093982 0.898311
1.017975 1.092711 0.896246
1.018782 1.091306 0.894211
1.019679 1.089833 0.892209
1.020631 1.088321 0.890244
1.019113 1.088970 0.888217
1.016401 1.090616 0.886288
1.015703 1.090520 0.884519
1.016040 1.089589 0.882744
1.017332 1.088630 0.887011
1.018341 1.087193 0.885289
1.019470 1.085668 0.883604
1.018212 1.086245 0.881875
1.015775 1.087819 0.880238
1.011230 1.090617 0.879429
1.008754 1.091608 0.878714
1.007349 1.091726 0.877961
1.006423 1.091454 0.877191
1.008194 1.088921 0.876494
1.011279 1.085291 0.875750
1.014125 1.082513 0.874221
1.016182 1.080389 0.872766
1.017907 1.078555 0.871368
1.019496 1.076848 0.870021
1.021039 1.075197 0.868720
1.022573 1.073570 0.867465
1.021738 1.074118 0.866197
1.022102 1.073557 0.865068
1.021464 1.073198 0.864413
1.020959 1.072723 0.863756
1.020518 1.072193 0.863098
1.020107 1.071636 0.862441
1.019713 1.071064 0.861785
1.019331 1.070482 0.861130
1.018956 1.069893 0.860477
1.018589 1.069297 0.859824
1.018228 1.068696 0.859174
1.017873 1.068089 0.858525
1.019698 1.069466 0.856516
1.022005 1.071319 0.855120
1.021444 1.070620 0.849145
1.023659 1.072515 0.847692
1.026620 1.074969 0.852238
1.027097 1.079644 0.856769
1.026287 1.085333 0.861370
1.024858 1.091438 0.866020
1.025610 1.095501 0.870763
1.027466 1.098591 0.875516
1.029283 1.100813 0.874042
1.031310 1.102845 0.872533
1.033423 1.104786 0.870993
1.032966 1.108966 0.869361
1.031167 1.114183 0.867732
1.028745 1.119829 0.866086
1.028766 1.123338 0.864484
1.030000 1.125877 0.862823
1.031725 1.128013 0.861121
1.030770 1.132373 0.859312
1.028480 1.137699 0.857512
1.028596 1.140981 0.855774
1.029860 1.143377 0.853974
1.031555 1.145428 0.852133
1.030296 1.149844 0.850179
1.030827 1.152706 0.848323
1.029024 1.157439 0.846329
1.029364 1.160379 0.844427
1.030691 1.162583 0.842463
1.028995 1.167129 0.840377
1.028222 1.167614 0.840312
1.028076 1.167696 0.840288
1.028051 1.167701 0.840276
1.028053 1.167691 0.840269
1.029373 1.167535 0.840047
1.030699 1.167366 0.839841
1.030725 1.167346 0.839840
1.030746 1.167329 0.839838
1.030766 1.167313 0.839837
1.031489 1.168005 0.846627
1.032162 1.168653 0.853429
1.034689 1.168752 0.860051
1.036773 1.168103 0.859871
1.038918 1.167390 0.859704
1.041648 1.167213 0.866411
1.044329 1.166970 0.873161
1.046959 1.166663 0.879953
1.049534 1.166294 0.886785
1.052054 1.165861 0.893656
1.054195 1.165038 0.893628
1.053361 1.166663 0.893593
1.051038 1.169385 0.893592
1.051074 1.170108 0.893621
1.052336 1.169905 0.893657
1.054097 1.169313 0.893704
1.056060 1.168551 0.893764
1.055140 1.170167 0.893844
1.052751 1.172860 0.893943
1.052717 1.173559 0.894040
1.053920 1.173326 0.894156
1.052661 1.175130 0.894311
1.050096 1.177870 0.894474
1.046966 1.180982 0.894649
1.046592 1.181856 0.894798
1.047635 1.181695 0.894978
1.046263 1.183480 0.895224
1.046610 1.183795 0.895418
1.047941 1.183391 0.895643
1.046676 1.185057 0.895947
1.047052 1.185315 0.896177
1.048378 1.184876 0.896442
1.047097 1.186513 0.896802
1.047448 1.186750 0.897067
1.045739 1.188659 0.897453
1.042875 1.191356 0.897823
1.042538 1.192038 0.898101
1.043536 1.191770 0.898436
1.043447 1.191832 0.898431
