0.894339 1.185411 0.948752
0.894323 1.185161 0.951081
0.894297 1.184891 0.953408
0.894262 1.184600 0.955733
0.894216 1.184288 0.958055
0.894155 1.184152 0.954142
0.894113 1.183929 0.950194
0.894112 1.183536 0.952479
0.894070 1.183171 0.954796
0.894003 1.182794 0.957111
0.893919 1.182399 0.959422
0.893822 1.181985 0.961730
0.893714 1.181552 0.964034
0.893595 1.181098 0.966334
0.893466 1.180624 0.968630
0.893326 1.180131 0.970921
0.893175 1.179617 0.973208
0.893013 1.179083 0.975489
0.892840 1.178530 0.977766
0.892656 1.177957 0.980036
0.892559 1.177743 0.976123
0.892471 1.177458 0.972186
0.892318 1.176824 0.974428
0.892135 1.176201 0.976688
0.892013 1.175910 0.972779
0.891894 1.175554 0.968850
0.891770 1.175157 0.964926
0.891635 1.174721 0.961007
0.891485 1.174250 0.957093
0.891319 1.173743 0.953184
0.891137 1.173201 0.949281
0.890937 1.172625 0.945385
0.890721 1.172014 0.941494
0.889511 1.169395 0.936970
0.890551 1.171309 0.937585
0.890290 1.170648 0.933724
0.890014 1.169937 0.929856
0.889725 1.169190 0.925996
0.889420 1.168407 0.922145
0.889100 1.167590 0.918302
0.888762 1.166739 0.914469
0.888407 1.165854 0.910646
0.888035 1.164935 0.906832
0.887646 1.163983 0.903029
0.887240 1.162996 0.899237
0.886816 1.161977 0.895455
0.887846 1.163896 0.896102
0.887397 1.162859 0.892342
0.886933 1.161776 0.888584
0.886455 1.160657 0.884838
0.885962 1.159505 0.881104
0.885453 1.158320 0.877384
0.887787 1.155703 0.873686
0.891517 1.152303 0.869997
0.892955 1.149978 0.866310
0.893204 1.148227 0.862643
0.892517 1.145953 0.853071
0.892029 1.144457 0.849444
0.891427 1.142989 0.845840
0.889746 1.139560 0.841611
0.888030 1.136101 0.837419
0.888074 1.136063 0.837409
0.888109 1.136038 0.837404
0.888140 1.136016 0.837400
0.888168 1.135994 0.837395
0.888196 1.135973 0.837391
0.889248 1.137908 0.838005
0.890296 1.139840 0.838643
0.891341 1.141767 0.839302
0.892382 1.143687 0.839984
0.893419 1.145602 0.840687
0.894453 1.147510 0.841412
0.895483 1.149412 0.842158
0.896509 1.151307 0.842926
0.897047 1.152304 0.837717
0.898085 1.154175 0.838500
0.898608 1.155120 0.833280
0.899119 1.156004 0.828043
0.900161 1.157863 0.828847
0.900640 1.158714 0.823606
0.901105 1.159503 0.818350
0.902142 1.161356 0.819175
0.902573 1.162113 0.813917
0.902990 1.162808 0.808643
0.902398 1.161562 0.802526
0.902443 1.161521 0.802514
0.903463 1.163389 0.803344
0.904472 1.165256 0.804197
0.903838 1.163992 0.798058
0.903197 1.162656 0.791930
0.903286 1.162766 0.792053
0.903361 1.162881 0.792174
0.904058 1.164181 0.798302
0.904712 1.165435 0.804445
0.905335 1.166637 0.810602
0.905931 1.167783 0.816773
0.906499 1.168874 0.822956
0.907039 1.169909 0.829151
0.907552 1.170889 0.835357
0.908038 1.171814 0.841574
0.908495 1.172682 0.847801
0.908925 1.173495 0.854038
0.909327 1.174253 0.860283
0.909700 1.174954 0.866537
0.910047 1.175599 0.872799
0.910364 1.176189 0.879067
0.910651 1.176723 0.885342
0.910911 1.177202 0.891622
0.911141 1.177624 0.897908
0.911343 1.177991 0.904198
0.911516 1.178302 0.910492
0.911660 1.178557 0.916789
0.908661 1.180371 0.923078
0.901317 1.184282 0.929378
0.891793 1.189048 0.935679
0.879957 1.191241 0.936932
0.866898 1.191639 0.936876
0.858540 1.195169 0.936871
0.851555 1.198012 0.936868
0.848268 1.199309 0.936850
0.846721 1.199912 0.936838
0.842917 1.201388 0.936841
0.841000 1.202115 0.936836
0.840111 1.202448 0.936833
0.836812 1.203721 0.943063
0.832134 1.205405 0.949292
0.826786 1.207217 0.955519
0.820169 1.206258 0.956621
0.812821 1.203491 0.956368
0.805453 1.200643 0.956103
0.798109 1.197697 0.955825
0.790814 1.194648 0.955536
0.783581 1.191493 0.955234
0.779329 1.187412 0.954904
0.777888 1.187654 0.960787
0.777158 1.187638 0.966673
0.776757 1.187471 0.972558
0.776501 1.187203 0.978441
0.776303 1.186859 0.984322
0.773024 1.187305 0.990220
0.767657 1.185434 0.990924
0.761193 1.181854 0.990266
0.754497 1.178256 0.989592
0.747748 1.174591 0.988903
0.741024 1.170843 0.988201
0.734364 1.167003 0.987486
0.727783 1.163070 0.986758
0.721289 1.159043 0.986017
0.714887 1.154925 0.985263
0.708579 1.150716 0.984497
0.702367 1.146419 0.983718
0.696253 1.142037 0.982927
0.690238 1.137570 0.982124
0.684324 1.133021 0.981308
0.678511 1.128392 0.980479
0.672802 1.123685 0.979639
0.667197 1.118903 0.978786
0.661697 1.114048 0.977922
0.656302 1.109121 0.977046
0.651015 1.104126 0.976158
0.645835 1.099064 0.975258
0.640764 1.093937 0.974346
0.635801 1.088749 0.973423
0.630948 1.083500 0.972489
0.626205 1.078194 0.971543
0.621573 1.072832 0.970586
0.617052 1.067417 0.969618
0.616791 1.061997 0.968631
0.616795 1.056576 0.967641
0.616818 1.051151 0.966640
0.616844 1.045721 0.965628
0.616871 1.040287 0.964605
0.616899 1.034849 0.963572
0.616928 1.029583 0.958434
0.616919 1.029408 0.962529
0.616923 1.026995 0.965957
0.616898 1.027495 0.973881
0.616876 1.027838 0.981823
0.616884 1.025249 0.985193
0.616889 1.022623 0.988534
0.616895 1.019964 0.991850
0.616901 1.017272 0.995138
0.616907 1.014548 0.998400
0.616912 1.011790 1.001634
0.616918 1.009001 1.004840
0.616925 1.006180 1.008018
0.616931 1.003326 1.011168
0.616938 1.000441 1.014289
0.616944 0.997525 1.017380
0.616951 0.994578 1.020443
0.616959 0.991600 1.023475
0.616966 0.988591 1.026477
0.616974 0.985552 1.029449
0.616982 0.982484 1.032390
0.616991 0.979387 1.035301
0.617000 0.976260 1.038180
0.617009 0.973105 1.041029
0.617018 0.969922 1.043845
0.617028 0.966711 1.046630
0.617037 0.963472 1.049382
0.617048 0.960205 1.052101
0.617058 0.956911 1.054788
0.617068 0.953590 1.057442
0.617078 0.950243 1.060062
0.617089 0.946871 1.062649
0.617099 0.943472 1.065203
0.617110 0.940049 1.067722
0.617120 0.936600 1.070207
0.617131 0.933127 1.072658
0.617132 0.931813 1.075781
0.617133 0.930468 1.078892
0.617134 0.929092 1.081988
0.617126 0.929839 1.085866
0.617118 0.930530 1.089793
0.617119 0.929045 1.092890
0.617120 0.927529 1.095971
0.617121 0.925982 1.099037
0.620182 0.925994 1.099036
0.623243 0.925975 1.099034
0.626303 0.925925 1.099033
0.629363 0.925845 1.099032
0.632421 0.925735 1.099030
0.635479 0.925593 1.099029
0.638535 0.925421 1.099027
0.641588 0.925219 1.099026
0.644640 0.924986 1.099025
0.647689 0.924723 1.099023
0.650736 0.924429 1.099022
0.653779 0.924104 1.099020
0.656819 0.923750 1.099019
0.660139 0.925447 1.099939
0.663496 0.927099 1.100881
0.667138 0.930258 1.098713
0.670646 0.932046 1.091714
0.674168 0.933649 1.084678
0.677699 0.935068 1.077608
0.681235 0.936302 1.070506
