0.734093 0.938991 1.034908
0.737624 0.938711 1.027587
0.740821 0.937515 1.023658
0.743992 0.936250 1.019728
0.747135 0.934917 1.015800
0.750248 0.933517 1.011872
0.753331 0.932049 1.007946
0.756381 0.930516 1.004022
0.759398 0.928917 1.000099
0.762380 0.927253 0.996179
0.765326 0.925525 0.992263
0.768234 0.923734 0.988349
0.771103 0.921881 0.984439
0.773933 0.919965 0.980533
0.776721 0.917989 0.976632
0.779466 0.915953 0.972736
0.782168 0.913858 0.968845
0.784824 0.911704 0.964959
0.787434 0.909494 0.961080
0.789997 0.907227 0.957207
0.792511 0.904904 0.953341
0.794975 0.902528 0.949482
0.797388 0.900098 0.945631
0.799750 0.897616 0.941787
0.802058 0.895083 0.937952
0.804311 0.892498 0.934125
0.806510 0.889865 0.930307
0.808652 0.887184 0.926498
0.810737 0.884456 0.922700
0.812763 0.881683 0.918911
0.814731 0.878865 0.915134
0.816639 0.876005 0.911367
0.818485 0.873103 0.907612
0.819779 0.874740 0.908558
0.823621 0.874348 0.909526
0.827468 0.873895 0.910515
0.831320 0.873385 0.911524
0.835176 0.872815 0.912554
0.836923 0.869740 0.908814
0.838603 0.866624 0.905084
0.840218 0.863472 0.901365
0.844028 0.862751 0.902415
0.847839 0.861970 0.903486
0.851649 0.861130 0.904577
0.855457 0.860229 0.905688
0.859262 0.859268 0.906819
0.863063 0.858247 0.907970
0.866859 0.857166 0.909140
0.870649 0.856024 0.910330
0.874431 0.854822 0.911539
0.878206 0.853560 0.912768
0.881971 0.852237 0.914016
0.885726 0.850854 0.915283
0.889469 0.849411 0.916569
0.893200 0.847907 0.917874
0.896917 0.846344 0.919197
0.900620 0.844720 0.920539
0.904307 0.843037 0.921900
0.906521 0.840181 0.921897
0.910175 0.838402 0.923277
0.911630 0.839491 0.924674
0.913073 0.840570 0.926089
0.916707 0.838686 0.927523
0.920320 0.836742 0.928974
0.923911 0.834740 0.930442
0.927480 0.832678 0.931927
0.931026 0.830558 0.933430
0.934547 0.828381 0.934950
0.938044 0.826146 0.936488
0.941515 0.823854 0.938044
0.944958 0.821504 0.939616
0.948372 0.819098 0.941204
0.951757 0.816636 0.942809
0.955111 0.814118 0.944430
0.958434 0.811544 0.946068
0.961725 0.808915 0.947721
0.964981 0.806232 0.949390
0.968204 0.803495 0.951075
0.971391 0.800704 0.952775
0.974541 0.797860 0.954490
0.977654 0.794964 0.956221
0.980729 0.792015 0.957966
0.983764 0.789016 0.959726
0.986760 0.785965 0.961501
0.989714 0.782864 0.963290
0.992626 0.779714 0.965093
0.995495 0.776515 0.966911
0.998321 0.773268 0.968742
1.001102 0.769973 0.970587
1.003838 0.766631 0.972446
1.006527 0.763243 0.974318
1.009169 0.759810 0.976203
1.011763 0.756332 0.978101
1.014308 0.752810 0.980011
1.016804 0.749244 0.981935
1.019248 0.745637 0.983869
1.021641 0.741988 0.985815
1.023982 0.738298 0.987773
1.026271 0.734569 0.989743
1.028506 0.730800 0.991725
1.030687 0.726994 0.993718
1.030475 0.722548 0.990017
1.030175 0.718110 0.986323
1.029792 0.713680 0.982642
1.029326 0.709260 0.978976
1.028776 0.704851 0.975324
1.028144 0.700455 0.971687
1.027430 0.696074 0.968065
1.026633 0.691709 0.964459
1.025754 0.687361 0.960868
1.024794 0.683033 0.957294
1.023753 0.678726 0.953736
1.025420 0.674834 0.955741
1.027030 0.670912 0.957758
1.028582 0.666962 0.959783
1.030075 0.662984 0.961820
1.031509 0.658979 0.963866
1.032883 0.654948 0.965923
1.034197 0.650892 0.967990
1.032786 0.646621 0.964456
1.031293 0.642383 0.960932
1.029722 0.638175 0.957425
1.028073 0.634000 0.953936
1.026346 0.629859 0.950466
1.027393 0.625810 0.952544
1.028378 0.621741 0.954632
1.029301 0.617654 0.956728
1.030162 0.613548 0.958834
1.030961 0.609426 0.960949
1.031698 0.605288 0.963073
1.032371 0.601135 0.965205
1.032981 0.596968 0.967346
1.033528 0.592789 0.969495
1.031360 0.588780 0.966050
1.029118 0.584818 0.962618
1.026804 0.580901 0.959206
1.024419 0.577030 0.955813
1.021964 0.573207 0.952440
1.019635 0.569410 0.949466
1.019879 0.565313 0.951624
1.020059 0.561209 0.953790
1.020176 0.557100 0.955963
1.020229 0.552987 0.958144
1.020218 0.548870 0.960331
1.020144 0.544750 0.962526
1.020005 0.540630 0.964727
1.019803 0.536509 0.966934
1.019537 0.532389 0.969148
1.019206 0.528271 0.971368
1.018812 0.524156 0.973593
1.018353 0.520046 0.975824
1.017831 0.515941 0.978060
1.017244 0.511842 0.980301
1.016594 0.507751 0.982547
1.015880 0.503668 0.984798
1.015103 0.499595 0.987053
1.014262 0.495533 0.989312
1.013358 0.491482 0.991575
1.012391 0.487445 0.993842
1.011361 0.483421 0.996112
1.010269 0.479413 0.998386
1.009114 0.475421 1.000662
1.007897 0.471446 1.002942
1.006618 0.467490 1.005223
1.005278 0.463553 1.007508
1.003877 0.459636 1.009794
1.002415 0.455740 1.012082
1.000892 0.451868 1.014372
0.999310 0.448018 1.016663
0.997667 0.444194 1.018956
0.995966 0.440395 1.021249
0.994205 0.436622 1.023543
0.992387 0.432877 1.025838
0.990510 0.429161 1.028133
0.988576 0.425474 1.030428
0.986586 0.421818 1.032722
0.984539 0.418193 1.035017
0.983237 0.414144 1.033140
0.981874 0.410110 1.031255
0.980451 0.406093 1.029361
0.978968 0.402093 1.027460
0.977423 0.398111 1.025551
0.979972 0.396541 1.026858
0.982534 0.394968 1.028134
0.985107 0.393389 1.029380
0.985389 0.388137 1.030596
0.985613 0.382850 1.031781
0.985777 0.377529 1.032936
0.985880 0.372175 1.034061
0.985922 0.366789 1.035155
0.985901 0.361371 1.036217
0.985816 0.355921 1.037249
0.985667 0.350442 1.038250
0.986368 0.349921 1.035998
0.987053 0.349417 1.033736
0.990410 0.352612 1.031466
0.991064 0.352142 1.029188
0.991699 0.351685 1.026902
