0.966741 1.003643 1.145135
0.965247 1.009198 1.145940
0.967577 1.011342 1.146709
0.969946 1.013461 1.147450
0.968396 1.019046 1.148164
0.966727 1.024684 1.148842
0.964982 1.030334 1.149488
0.963164 1.035995 1.150101
0.961270 1.041664 1.150683
0.959300 1.047341 1.151232
0.957254 1.053025 1.151749
0.954122 1.059260 1.151694
0.955124 1.062304 1.151584
0.956301 1.065211 1.151442
0.953243 1.071274 1.151272
0.949872 1.077480 1.151048
0.950689 1.080618 1.150763
0.951798 1.083541 1.150452
0.948668 1.089456 1.150121
0.945094 1.095596 1.149730
0.945670 1.098850 1.149271
0.946685 1.101798 1.148790
0.947759 1.104700 1.148270
0.948841 1.107590 1.147709
0.949925 1.110472 1.147107
0.951009 1.113347 1.146462
0.952094 1.116214 1.145776
0.953178 1.119073 1.145049
0.954262 1.121924 1.144280
0.955347 1.124767 1.143470
0.956431 1.127601 1.142619
0.957515 1.130425 1.141726
0.958598 1.133240 1.140793
0.959682 1.136046 1.139818
0.960765 1.138841 1.138803
0.960568 1.140125 1.143906
0.961627 1.142927 1.142837
0.959246 1.147946 1.141773
0.959111 1.151484 1.140593
0.959713 1.154536 1.139392
0.960592 1.157398 1.138158
0.961582 1.160178 1.136887
0.962616 1.162918 1.135577
0.963669 1.165632 1.134228
0.964732 1.168326 1.132839
0.965801 1.171004 1.131411
0.965701 1.172185 1.136386
0.964818 1.172338 1.135522
0.963870 1.172525 1.134649
0.962894 1.172723 1.133768
0.964854 1.171076 1.132843
0.968156 1.168568 1.131930
0.972078 1.165628 1.131018
0.973369 1.164369 1.130140
0.973461 1.163875 1.129238
0.973723 1.163705 1.129240
0.973085 1.163677 1.128321
0.972278 1.163752 1.127393
0.971395 1.163870 1.126457
0.970478 1.164002 1.125514
0.969550 1.164136 1.124565
0.968619 1.164265 1.123609
0.967690 1.164386 1.122647
0.966766 1.164498 1.121678
0.965847 1.164600 1.120704
0.964934 1.164693 1.119723
0.964027 1.164775 1.118737
0.963126 1.164847 1.117745
0.963644 1.164477 1.115319
0.964333 1.163985 1.112923
0.965117 1.163418 1.110555
0.965959 1.162800 1.108218
0.966842 1.162142 1.105910
0.967758 1.161448 1.103633
0.968704 1.160722 1.101387
0.969677 1.159965 1.099174
0.970677 1.159179 1.096993
0.971702 1.158363 1.094846
0.972754 1.157520 1.092733
0.973830 1.156648 1.090655
0.974932 1.155750 1.088613
0.976012 1.156721 1.082265
0.976975 1.157693 1.075901
0.979271 1.157956 1.068336
0.980403 1.156942 1.066352
0.981545 1.155913 1.064405
0.982704 1.154865 1.062495
0.983884 1.153795 1.060625
0.985087 1.152703 1.058793
0.985575 1.153231 1.051653
0.985885 1.153783 1.044508
0.986086 1.154312 1.037360
0.986210 1.154795 1.030209
0.985783 1.154560 1.029465
0.985314 1.154351 1.028721
0.984826 1.154151 1.027974
0.986921 1.152153 1.027233
0.990347 1.149219 1.026486
0.994908 1.146405 1.019359
0.997233 1.145081 1.012215
0.998383 1.144484 1.005073
1.000575 1.146138 1.003400
1.002525 1.147950 1.001696
1.001871 1.151657 0.999925
0.999785 1.156338 0.998132
0.999415 1.159725 0.996355
0.998348 1.160462 0.989097
0.997490 1.160451 0.988358
0.996842 1.160292 0.987614
0.996514 1.160397 0.980359
0.996234 1.160372 0.973108
0.995958 1.160246 0.965863
0.995661 1.160035 0.958626
0.995332 1.159750 0.951396
0.997508 1.157576 0.944252
0.998490 1.156193 0.937009
0.998849 1.155261 0.936272
0.998830 1.154589 0.935546
0.998628 1.154040 0.934825
0.998339 1.153550 0.934106
0.998010 1.153086 0.933388
0.997664 1.152632 0.932671
0.997314 1.152179 0.931954
0.996964 1.151725 0.931238
0.996616 1.151267 0.930521
0.996274 1.150804 0.929805
0.995936 1.150337 0.929089
0.995603 1.149864 0.928373
0.995276 1.149386 0.927658
0.994955 1.148904 0.926944
0.994639 1.148416 0.926229
0.994330 1.147923 0.925516
0.994025 1.147424 0.924803
0.996265 1.145054 0.924148
0.999890 1.141686 0.923464
1.004162 1.137806 0.922767
1.006026 1.135443 0.915646
1.006626 1.133892 0.908563
1.006591 1.132707 0.901507
1.006228 1.131666 0.894473
1.006083 1.131010 0.893788
1.005868 1.130405 0.893106
1.005624 1.129821 0.892426
1.005369 1.129244 0.891748
1.005114 1.128668 0.891072
1.004860 1.128091 0.890398
1.004611 1.127510 0.889725
1.004367 1.126925 0.889054
1.004128 1.126336 0.888384
1.003895 1.125744 0.887717
1.003669 1.125147 0.887051
1.003448 1.124546 0.886387
1.003233 1.123941 0.885726
1.004988 1.125476 0.883623
1.006804 1.126949 0.881492
1.006228 1.125812 0.874536
1.006076 1.125156 0.873888
1.003275 1.126605 0.873200
1.001738 1.126948 0.872581
1.003385 1.129348 0.876725
1.004953 1.130974 0.874554
1.006688 1.132462 0.872354
1.008979 1.134380 0.876509
1.008433 1.133180 0.869491
1.005599 1.134670 0.868822
1.004096 1.134988 0.868212
1.003615 1.135325 0.868218
1.005785 1.138100 0.872996
1.007635 1.140219 0.871378
1.009541 1.142279 0.869731
1.008632 1.146518 0.868016
1.006788 1.146852 0.861555
1.006561 1.147039 0.861586
1.006517 1.147083 0.861604
1.006506 1.147100 0.861619
1.006502 1.147112 0.861634
1.006499 1.147122 0.861648
1.006261 1.146669 0.861146
1.006037 1.146208 0.860648
1.006046 1.146214 0.860667
1.006046 1.146226 0.860686
1.006044 1.146239 0.860705
1.006563 1.146826 0.867174
1.006864 1.146774 0.873021
1.006752 1.146138 0.872391
1.007114 1.145991 0.878234
1.007466 1.145791 0.884075
1.007796 1.145546 0.889916
1.008098 1.145260 0.895756
1.008082 1.144597 0.895123
1.008059 1.143941 0.894493
1.008325 1.143637 0.900328
1.008324 1.142978 0.899701
1.008570 1.142638 0.905534
1.008586 1.141979 0.904910
1.008597 1.141324 0.904290
1.008610 1.140671 0.903674
1.008627 1.140018 0.903062
1.008650 1.139363 0.902454
1.008678 1.138707 0.901850
1.008786 1.138630 0.901849
1.008807 1.138614 0.901849
