0.892998 1.142903 0.834022
0.890324 1.143045 0.828141
0.888949 1.142428 0.822260
0.891075 1.139946 0.816405
0.894722 1.136563 0.810551
0.895853 1.134402 0.804687
0.897093 1.134392 0.805026
0.897650 1.134125 0.805056
0.898021 1.133948 0.805078
0.898350 1.133793 0.805100
0.898575 1.133698 0.805122
0.898738 1.133635 0.805144
0.898806 1.133597 0.805143
0.898848 1.133573 0.805143
0.898881 1.133554 0.805142
0.898912 1.133537 0.805141
0.898942 1.133519 0.805140
0.898971 1.133502 0.805139
0.902372 1.131645 0.805146
0.904340 1.132090 0.810988
0.905407 1.132971 0.816849
0.906173 1.133954 0.822724
0.910034 1.133139 0.828621
0.915105 1.131528 0.834523
0.917850 1.130813 0.840486
0.919022 1.131279 0.846399
0.919758 1.131932 0.852324
0.920316 1.132621 0.858258
0.920788 1.133291 0.864202
0.921208 1.133923 0.870153
0.921591 1.134508 0.876112
0.921939 1.135044 0.882078
0.922255 1.135530 0.888050
0.922537 1.135966 0.894028
0.922788 1.136351 0.900010
0.923007 1.136686 0.905997
0.923194 1.136970 0.911988
0.923349 1.137203 0.917982
0.923471 1.137386 0.923978
0.923560 1.137519 0.929976
0.923616 1.137602 0.935976
0.923639 1.137635 0.941976
0.923629 1.137617 0.947976
0.923585 1.137547 0.953974
0.923508 1.137429 0.959973
0.920755 1.138815 0.965986
0.915213 1.138380 0.966884
0.909021 1.138255 0.967744
0.901624 1.136557 0.967283
0.894117 1.134830 0.966808
0.886587 1.133028 0.966319
0.879076 1.131126 0.965818
0.871605 1.129117 0.965305
0.864186 1.126996 0.964778
0.856826 1.124762 0.964240
0.849528 1.122415 0.963689
0.842295 1.119957 0.963127
0.835131 1.117388 0.962552
0.828037 1.114711 0.961965
0.821015 1.111925 0.961365
0.814069 1.109034 0.960754
0.807199 1.106039 0.960132
0.800408 1.102940 0.959497
0.793697 1.099741 0.958850
0.787068 1.096442 0.958192
0.780523 1.093046 0.957522
0.774064 1.089554 0.956841
0.767691 1.085969 0.956148
0.761407 1.082292 0.955444
0.755212 1.078525 0.954728
0.749108 1.074670 0.954002
0.743097 1.070730 0.953264
0.737178 1.066706 0.952514
0.731354 1.062600 0.951754
0.725626 1.058415 0.950983
0.719994 1.054153 0.950201
0.714460 1.049815 0.949408
0.709024 1.045404 0.948605
0.703687 1.040922 0.947790
0.698450 1.036370 0.946965
0.693314 1.031752 0.946130
0.692176 1.026393 0.945280
0.691208 1.021004 0.944423
0.687302 1.021681 0.944427
0.683766 1.025434 0.952911
0.680138 1.028984 0.961489
0.676424 1.032328 0.970157
0.672627 1.035461 0.978911
0.668426 1.035591 0.983099
0.663999 1.033487 0.986502
0.659616 1.031303 0.989880
0.655279 1.029039 0.993231
0.650990 1.026696 0.996556
0.646749 1.024276 0.999854
0.642558 1.021779 1.003124
0.638418 1.019206 1.006367
0.634331 1.016558 1.009582
0.630298 1.013837 1.012768
0.626321 1.011043 1.015926
0.622400 1.008179 1.019054
0.618539 1.005243 1.022154
0.618558 1.002273 1.025224
0.618578 0.999271 1.028263
0.618599 0.996238 1.031272
0.618621 0.993174 1.034250
0.618643 0.990081 1.037197
0.618666 0.986959 1.040114
0.618690 0.983807 1.042999
0.618714 0.980628 1.045852
0.618738 0.977420 1.048674
0.618763 0.974184 1.051463
0.618788 0.970920 1.054220
0.618813 0.967629 1.056945
0.618838 0.964311 1.059636
0.618864 0.960966 1.062295
0.618891 0.957594 1.064919
0.618918 0.954196 1.067509
0.618945 0.950772 1.070065
0.618972 0.947323 1.072587
0.618999 0.943850 1.075074
0.619027 0.940351 1.077527
0.619055 0.936828 1.079945
0.619083 0.933282 1.082327
0.619098 0.931871 1.085452
0.619112 0.930429 1.088562
0.619128 0.928957 1.091658
0.619143 0.927453 1.094738
0.619159 0.925919 1.097804
0.619175 0.924354 1.100854
0.619175 0.924352 1.100853
0.622220 0.924344 1.100852
0.625264 0.924305 1.100850
0.628307 0.924235 1.100849
0.631350 0.924135 1.100848
0.634391 0.924005 1.100846
0.637431 0.923844 1.100845
0.640469 0.923653 1.100844
0.643505 0.923431 1.100842
0.646539 0.923179 1.100841
0.649570 0.922897 1.100840
0.652598 0.922585 1.100838
0.655623 0.922242 1.100837
0.658644 0.921869 1.100836
0.661661 0.921465 1.100834
0.664674 0.921032 1.100833
0.667444 0.918992 1.103866
0.670173 0.916898 1.106884
0.672860 0.914750 1.109885
0.675805 0.914205 1.109884
0.678819 0.914130 1.102146
0.682232 0.915926 1.095307
0.685656 0.917541 1.088428
0.689086 0.918974 1.081511
0.692518 0.920226 1.074559
0.695947 0.921296 1.067576
0.699367 0.922183 1.060563
0.702775 0.922888 1.053525
0.706164 0.923411 1.046464
0.709531 0.923754 1.039383
0.712870 0.923917 1.032286
0.716177 0.923901 1.025176
0.719447 0.923706 1.018055
0.722675 0.923334 1.010927
0.725857 0.922786 1.003795
0.728988 0.922064 0.996662
0.732063 0.921169 0.989531
0.735079 0.920102 0.982404
0.738030 0.918866 0.975286
0.740912 0.917463 0.968179
0.743720 0.915895 0.961086
0.746452 0.914164 0.954011
0.749102 0.912273 0.946955
0.751666 0.910223 0.939923
0.754141 0.908019 0.932918
0.756523 0.905663 0.925941
0.758807 0.903157 0.918997
0.760991 0.900505 0.912089
0.763070 0.897710 0.905218
0.765042 0.894775 0.898389
0.766902 0.891703 0.891603
0.768648 0.888498 0.884864
0.770275 0.885163 0.878176
0.771782 0.881702 0.871539
0.773165 0.878119 0.864958
0.774421 0.874418 0.858435
0.776957 0.872861 0.858435
0.779476 0.871280 0.858435
0.781980 0.869673 0.858435
0.785727 0.869954 0.858584
0.789495 0.870184 0.858756
0.793282 0.870362 0.858951
0.797089 0.870487 0.859168
0.800915 0.870559 0.859408
0.804758 0.870577 0.859672
0.808617 0.870542 0.859958
0.812493 0.870451 0.860266
0.816383 0.870306 0.860598
0.820287 0.870104 0.860952
0.824205 0.869847 0.861329
0.828134 0.869533 0.861728
0.832075 0.869163 0.862150
0.836027 0.868735 0.862594
0.839988 0.868249 0.863062
0.843957 0.867706 0.863551
0.847934 0.867104 0.864063
0.851917 0.866443 0.864597
0.855906 0.865723 0.865153
0.859900 0.864944 0.865732
0.863897 0.864105 0.866333
0.867898 0.863207 0.866956
0.871899 0.862248 0.867601
0.875902 0.861229 0.868268
0.879904 0.860149 0.868957
0.883905 0.859009 0.869668
0.887904 0.857807 0.870400
0.891899 0.856545 0.871155
0.895889 0.855221 0.871931
0.899874 0.853836 0.872728
0.903852 0.852390 0.873547
0.907823 0.850882 0.874388
0.911785 0.849312 0.875249
0.915738 0.847681 0.876132
0.919680 0.845989 0.877036
0.923609 0.844235 0.877961
0.927526 0.842419 0.878907
0.931430 0.840541 0.879874
0.935318 0.838602 0.880862
0.939190 0.836602 0.881870
0.943045 0.834540 0.882899
0.946882 0.832418 0.883949
0.950699 0.830234 0.885018
0.954497 0.827989 0.886108
0.958272 0.825683 0.887218
0.962026 0.823317 0.888348
0.965755 0.820890 0.889499
0.969461 0.818404 0.890668
0.973140 0.815858 0.891858
0.976793 0.813252 0.893067
0.980418 0.810587 0.894296
0.984014 0.807863 0.895543
0.987580 0.805080 0.896810
0.991116 0.802239 0.898097
0.994619 0.799341 0.899402
0.998090 0.796385 0.900726
1.001526 0.793371 0.902068
1.004928 0.790302 0.903429
1.008294 0.787175 0.904809
1.011623 0.783993 0.906207
1.014913 0.780756 0.907622
1.018165 0.777464 0.909056
1.021377 0.774118 0.910508
1.024548 0.770719 0.911978
1.027677 0.767266 0.913465
1.030763 0.763761 0.914969
1.033805 0.760203 0.916491
1.036802 0.756595 0.918030
1.039754 0.752936 0.919586
1.042659 0.749227 0.921158
1.045517 0.745468 0.922747
1.048326 0.741661 0.924353
1.051085 0.737806 0.925975
1.053795 0.733904 0.927613
1.056454 0.729956 0.929267
1.059060 0.725961 0.930937
1.061614 0.721922 0.932623
1.064115 0.717839 0.934324
1.066560 0.713712 0.936041
1.065740 0.708908 0.932533
1.064834 0.704128 0.929043
1.063842 0.699369 0.925571
1.062765 0.694633 0.922118
1.061604 0.689920 0.918683
1.060360 0.685233 0.915268
1.059032 0.680574 0.911872
1.057622 0.675942 0.908496
1.056130 0.671341 0.905141
1.054557 0.666773 0.901806
1.052903 0.662237 0.898492
1.051169 0.657737 0.895199
