0.623468 0.962892 1.112939
0.623491 0.965902 1.114204
0.627002 0.968873 1.115439
0.630573 0.971819 1.116644
0.634205 0.974741 1.117818
0.637897 0.977636 1.118962
0.638043 0.980703 1.120075
0.638189 0.983780 1.121157
0.638336 0.986868 1.122208
0.638483 0.989966 1.123229
0.638630 0.993075 1.124218
0.638779 0.996193 1.125176
0.638927 0.999320 1.126103
0.639076 1.002457 1.126998
0.639226 1.005602 1.127862
0.639376 1.008756 1.128695
0.639526 1.011918 1.129496
0.639677 1.015088 1.130265
0.639827 1.018265 1.131002
0.639979 1.021450 1.131707
0.640130 1.024641 1.132381
0.640282 1.027839 1.133022
0.640433 1.031044 1.133631
0.640585 1.034254 1.134209
0.640737 1.037470 1.134754
0.640888 1.040691 1.135266
0.641080 1.044716 1.131902
0.641268 1.048708 1.128497
0.641453 1.052665 1.125052
0.641637 1.056588 1.121568
0.641818 1.060476 1.118044
0.641996 1.064328 1.114482
0.642171 1.068145 1.110881
0.642344 1.071926 1.107242
0.642484 1.075179 1.107461
0.642629 1.078436 1.107649
0.642773 1.081693 1.107804
0.642915 1.084953 1.107926
0.643056 1.088213 1.108015
0.643196 1.091474 1.108072
0.643335 1.094736 1.108095
0.643471 1.097997 1.108086
0.643606 1.101259 1.108044
0.643740 1.104520 1.107970
0.643871 1.107780 1.107862
0.644001 1.111038 1.107722
0.644129 1.114296 1.107549
0.644256 1.117551 1.107343
0.644417 1.121295 1.103210
0.644566 1.124996 1.099037
0.644708 1.128655 1.094828
0.644846 1.132272 1.090581
0.644980 1.135846 1.086299
0.645111 1.139377 1.081980
0.645239 1.142865 1.077627
0.645363 1.146310 1.073238
0.645486 1.149710 1.068816
0.645605 1.153066 1.064359
0.645723 1.156377 1.059869
0.645821 1.159581 1.059269
0.645926 1.162782 1.058641
0.646035 1.165976 1.057980
0.646064 1.167099 1.052509
0.646086 1.168163 1.047021
0.646105 1.169172 1.041523
0.646121 1.170126 1.036014
0.646236 1.173184 1.031267
0.646353 1.176194 1.026491
0.646470 1.179156 1.021684
0.646589 1.182070 1.016848
0.646709 1.184936 1.011983
0.646830 1.187752 1.007089
0.646952 1.190518 1.002167
0.647077 1.193235 0.997218
0.647203 1.195903 0.992241
0.647331 1.198520 0.987238
0.647359 1.198928 0.981439
0.647439 1.198912 0.981425
0.647489 1.198903 0.981419
0.647522 1.198896 0.981412
0.644946 1.199007 0.981409
0.643467 1.199063 0.981401
0.642690 1.199088 0.981393
0.642234 1.199462 0.975596
0.642008 1.199762 0.969790
0.641965 1.199751 0.969776
0.641954 1.199746 0.969770
0.641959 1.199739 0.969763
0.641973 1.199733 0.969757
0.641991 1.199726 0.969750
0.642012 1.199720 0.969744
0.642033 1.199713 0.969737
0.642055 1.199706 0.969731
0.642078 1.199699 0.969724
0.642016 1.197511 0.969015
0.641954 1.195315 0.968325
0.641985 1.195312 0.968323
0.642013 1.195310 0.968322
0.642040 1.195308 0.968320
0.642129 1.195019 0.974072
0.642175 1.194677 0.979823
0.642199 1.194277 0.985570
0.642209 1.193821 0.991314
0.639374 1.193411 0.997055
0.635024 1.192972 1.002791
0.629940 1.192455 1.008519
0.624489 1.189406 1.009492
0.618909 1.186295 1.010430
0.613299 1.183118 1.011337
0.607755 1.177730 1.011400
0.608031 1.172412 1.011424
0.611135 1.167137 1.011454
0.612614 1.161821 1.011496
0.616230 1.156496 1.011508
0.620785 1.151135 1.011516
0.622730 1.145751 1.011534
0.623520 1.140351 1.011534
0.623807 1.134939 1.011520
0.623895 1.131726 1.012112
0.623880 1.126298 1.012054
0.623828 1.120857 1.011986
0.623762 1.115406 1.011907
0.623691 1.109945 1.011818
0.623619 1.104473 1.011720
0.623546 1.098992 1.011611
0.623475 1.093503 1.011493
0.623405 1.088005 1.011364
0.623336 1.082500 1.011226
0.623269 1.076988 1.011077
0.623204 1.071469 1.010919
0.623140 1.065944 1.010750
0.623078 1.060414 1.010572
0.623018 1.054878 1.010384
0.622960 1.049339 1.010186
0.622904 1.043795 1.009978
0.622865 1.040530 1.010017
0.622813 1.034983 1.009766
0.622762 1.029434 1.009506
0.622728 1.026168 1.009447
0.622696 1.022904 1.009355
0.622665 1.019640 1.009231
0.622635 1.016378 1.009074
0.622607 1.013118 1.008884
0.622580 1.009860 1.008662
0.622553 1.006604 1.008407
0.622528 1.003350 1.008120
0.622503 1.000100 1.007800
0.622479 0.996853 1.007447
0.622456 0.993610 1.007063
0.622433 0.990371 1.006646
0.622411 0.987136 1.006196
0.622390 0.983906 1.005714
0.622368 0.980681 1.005200
0.622347 0.977461 1.004654
0.622326 0.974247 1.004075
0.622304 0.971039 1.003465
0.622283 0.967836 1.002822
0.622263 0.964641 1.002147
0.622242 0.961452 1.001441
0.622222 0.958271 1.000702
0.622201 0.955097 0.999932
0.622194 0.954510 1.003280
0.622187 0.953890 1.006622
0.622180 0.953236 1.009957
0.622172 0.952549 1.013286
0.622165 0.951828 1.016607
0.622157 0.951074 1.019921
0.622149 0.950286 1.023227
0.622141 0.949466 1.026525
0.622134 0.948612 1.029814
0.622125 0.947726 1.033095
0.622117 0.946807 1.036367
0.622109 0.945855 1.039629
0.622100 0.944871 1.042882
0.622091 0.943854 1.046125
0.622082 0.942805 1.049357
0.622073 0.941724 1.052579
0.622063 0.940610 1.055790
0.622054 0.939465 1.058989
0.622044 0.938287 1.062177
0.622033 0.937078 1.065353
0.622022 0.935837 1.068517
0.622012 0.934565 1.071668
0.622000 0.933261 1.074806
0.621989 0.931925 1.077931
0.621977 0.930559 1.081042
0.621965 0.929161 1.084139
0.621953 0.927733 1.087223
0.621940 0.926274 1.090292
0.621927 0.924784 1.093346
