0.620851 0.969672 0.969460
0.620819 0.964138 0.969018
0.620803 0.960904 0.968565
0.620789 0.957674 0.968080
0.620774 0.954449 0.967563
0.620770 0.954187 0.970906
0.620765 0.953891 0.974246
0.620770 0.956401 0.981563
0.620773 0.958757 0.988961
0.620767 0.958282 0.992346
0.620760 0.957772 0.995726
0.620754 0.957227 0.999101
0.620747 0.956649 1.002470
0.620739 0.956037 1.005834
0.620732 0.955391 1.009190
0.620724 0.954712 1.012540
0.620716 0.953998 1.015883
0.620708 0.953251 1.019219
0.620700 0.952470 1.022546
0.620692 0.951657 1.025866
0.620684 0.950810 1.029177
0.620676 0.949929 1.032480
0.620667 0.949016 1.035774
0.620659 0.948070 1.039058
0.620650 0.947092 1.042333
0.620641 0.946080 1.045598
0.620632 0.945036 1.048852
0.620623 0.943960 1.052096
0.620613 0.942851 1.055329
0.620603 0.941710 1.058551
0.620593 0.940537 1.061761
0.620582 0.939331 1.064959
0.620571 0.938094 1.068145
0.620560 0.936825 1.071318
0.620549 0.935524 1.074479
0.620537 0.934192 1.077626
0.620525 0.932828 1.080760
0.620513 0.931434 1.083880
0.620501 0.930008 1.086986
0.620488 0.928551 1.090077
0.620475 0.927063 1.093154
0.620461 0.925544 1.096216
0.620448 0.923995 1.099262
0.617409 0.923983 1.099261
0.614370 0.923940 1.099259
0.611332 0.923867 1.099258
0.608294 0.923764 1.099257
0.605258 0.923630 1.099255
0.602223 0.923465 1.099254
0.599191 0.923271 1.099253
0.596160 0.923046 1.099251
0.593132 0.922791 1.099250
0.590106 0.922506 1.099249
0.587083 0.922190 1.099247
0.584064 0.921844 1.099246
0.581049 0.921468 1.099245
0.578037 0.921062 1.099243
0.575029 0.920626 1.099242
0.572026 0.920159 1.099241
0.569028 0.919663 1.099239
0.566035 0.919137 1.099238
0.562770 0.920103 1.096190
0.559221 0.922279 1.097836
0.555620 0.924430 1.099455
0.551967 0.926555 1.101045
0.548262 0.928652 1.102606
0.544505 0.930720 1.104138
0.540696 0.932758 1.105642
0.536835 0.934765 1.107116
0.532922 0.936741 1.108561
0.528958 0.938684 1.109978
0.524942 0.940592 1.111364
0.520875 0.942465 1.112721
0.516758 0.944300 1.114048
0.512591 0.946098 1.115345
0.508373 0.947857 1.116612
0.504106 0.949575 1.117848
0.499789 0.951253 1.119055
0.495422 0.952889 1.120231
0.491008 0.954480 1.121377
0.486545 0.956027 1.122492
0.482034 0.957528 1.123576
0.477477 0.958982 1.124629
0.472873 0.960388 1.125651
0.468222 0.961745 1.126643
0.463526 0.963052 1.127603
0.458450 0.965058 1.124692
0.453332 0.966969 1.121740
0.451665 0.970486 1.118752
0.450014 0.973976 1.115722
0.444812 0.975707 1.112656
0.439571 0.977338 1.109550
0.434294 0.978872 1.106406
0.432588 0.982198 1.103226
0.430902 0.985496 1.100008
0.429230 0.988767 1.096753
0.427573 0.992008 1.093462
0.425931 0.995220 1.090135
0.424304 0.998403 1.086772
0.422693 1.001555 1.083374
0.417306 1.002694 1.079942
0.412491 1.002512 1.080831
0.407004 1.003460 1.077363
0.406298 1.004579 1.072967
0.404656 1.007559 1.069430
0.403032 1.010508 1.065859
0.401426 1.013425 1.062255
0.399835 1.016310 1.058617
0.398262 1.019163 1.054947
0.396705 1.021983 1.051244
0.395165 1.024769 1.047509
0.393643 1.027522 1.043743
0.392137 1.030242 1.039945
0.390648 1.032927 1.036116
0.389177 1.035578 1.032257
0.387723 1.038194 1.028367
0.386540 1.040268 1.033175
0.384374 1.044141 1.038939
0.382907 1.046795 1.035014
0.381451 1.049410 1.031059
0.380012 1.051988 1.027075
0.378590 1.054531 1.023061
0.377187 1.057037 1.019018
0.375801 1.059508 1.014946
0.374434 1.061941 1.010847
0.373085 1.064338 1.006719
0.371755 1.066698 1.002565
0.370444 1.069020 0.998383
0.369151 1.071305 0.994175
0.367879 1.073553 0.989941
0.366626 1.075763 0.985681
0.365003 1.078564 0.985253
0.363395 1.081370 0.984793
0.361794 1.084173 0.984301
0.360198 1.086973 0.983776
0.358994 1.089140 0.979363
0.357799 1.091260 0.974924
0.356196 1.094036 0.974303
0.354606 1.096813 0.973650
0.353025 1.099587 0.972965
0.351451 1.102357 0.972248
0.349882 1.105122 0.971499
0.348320 1.107881 0.970719
0.348196 1.108101 0.965136
0.347075 1.110109 0.960459
0.345521 1.112843 0.959583
0.343979 1.115576 0.958676
0.342449 1.118304 0.957738
0.340927 1.121026 0.956769
0.339976 1.122896 0.957700
0.338997 1.124740 0.958653
0.337888 1.126659 0.953829
0.336826 1.128547 0.948982
0.335875 1.130395 0.949954
0.334825 1.132235 0.945086
0.333818 1.134043 0.940197
0.332848 1.135813 0.935285
0.331370 1.138483 0.934129
0.329904 1.141150 0.932944
0.328449 1.143809 0.931728
0.327006 1.146460 0.930482
0.325572 1.149101 0.929206
0.324147 1.151734 0.927899
0.322733 1.154356 0.926563
0.324132 1.158522 0.925206
0.324155 1.161898 0.923804
0.324899 1.162049 0.917629
0.325329 1.161956 0.911455
0.325640 1.161729 0.905286
0.325919 1.161415 0.899120
0.325204 1.162897 0.893849
0.324504 1.164328 0.888561
0.323625 1.166244 0.889467
0.322708 1.168130 0.890397
0.321970 1.169483 0.885097
0.321293 1.170806 0.879779
0.320003 1.173306 0.878121
0.318720 1.175792 0.876436
0.317447 1.178264 0.874724
0.316182 1.180722 0.872983
0.314926 1.183164 0.871215
0.313680 1.185590 0.869419
0.312443 1.188002 0.867596
0.312845 1.187325 0.861141
0.312300 1.188455 0.855601
0.311427 1.190359 0.856524
0.310864 1.191422 0.850978
0.311347 1.190598 0.844483
0.311870 1.189720 0.837997
0.312426 1.188787 0.831522
0.313012 1.187796 0.825058
0.313629 1.186748 0.818606
0.314275 1.185643 0.812166
0.310305 1.183450 0.812136
0.308139 1.184713 0.812975
0.307461 1.185268 0.807361
0.307069 1.185909 0.801733
0.306125 1.187816 0.802572
0.305157 1.189705 0.803437
0.304187 1.191582 0.804323
0.303845 1.192191 0.798691
0.304580 1.190908 0.792158
0.304663 1.190945 0.792150
