0.299342 1.196560 0.995540
0.301705 1.192354 0.995424
0.304079 1.188123 0.995296
0.306463 1.183868 0.995158
0.308856 1.179590 0.995009
0.311259 1.175287 0.994849
0.313669 1.170962 0.994678
0.316089 1.166614 0.994496
0.318516 1.162243 0.994304
0.320950 1.157851 0.994100
0.323393 1.153437 0.993886
0.328209 1.150302 0.993646
0.334367 1.147861 0.993401
0.336675 1.148490 0.999395
0.338051 1.148551 1.005388
0.338937 1.148279 1.011372
0.339570 1.147802 1.017348
0.340079 1.147192 1.023314
0.340533 1.146485 1.029272
0.342945 1.142016 1.028730
0.345332 1.137503 1.028164
0.350309 1.134319 1.027559
0.356551 1.131758 1.026955
0.363398 1.129449 1.026346
0.370512 1.127203 1.025729
0.374052 1.125361 1.026300
0.376385 1.122913 1.026826
0.378167 1.120187 1.027312
0.379706 1.117337 1.027763
0.384182 1.115871 1.028151
0.389771 1.114906 1.028524
0.392599 1.112650 1.028901
0.394460 1.109931 1.029230
0.394951 1.109175 1.034614
0.395359 1.108322 1.039991
0.395753 1.107403 1.045358
0.396160 1.106432 1.050714
0.396587 1.105410 1.056059
0.397036 1.104340 1.061393
0.402012 1.103189 1.065384
0.407826 1.102339 1.069362
0.414631 1.099660 1.068104
0.421398 1.096893 1.066830
0.428100 1.094031 1.065543
0.434730 1.091073 1.064243
0.441287 1.088020 1.062929
0.447767 1.084873 1.061603
0.454171 1.081634 1.060264
0.460496 1.078306 1.058913
0.466742 1.074889 1.057549
0.472906 1.071385 1.056173
0.478987 1.067796 1.054784
0.484985 1.064125 1.053383
0.490897 1.060372 1.051970
0.496723 1.056539 1.050546
0.502462 1.052629 1.049109
0.508111 1.048643 1.047661
0.513671 1.044583 1.046202
0.519140 1.040451 1.044731
0.524516 1.036249 1.043249
0.529799 1.031978 1.041756
0.534988 1.027641 1.040252
0.540082 1.023240 1.038737
0.545080 1.018777 1.037212
0.549981 1.014253 1.035676
0.554785 1.009671 1.034130
0.559489 1.005033 1.032574
0.564095 1.000340 1.031008
0.568600 0.995596 1.029431
0.573005 0.990800 1.027846
0.577309 0.985957 1.026250
0.581511 0.981068 1.024645
0.581509 0.981068 1.024645
0.581505 0.981067 1.024644
0.581584 0.980235 1.028271
0.581668 0.979368 1.031889
0.581974 0.976294 1.034786
0.585815 0.973550 1.037652
0.589601 0.970737 1.040487
0.593330 0.967856 1.043290
0.596999 0.964908 1.046062
0.600609 0.961894 1.048801
0.604157 0.958816 1.051508
0.607643 0.955674 1.054182
0.611064 0.952470 1.056823
0.614421 0.949205 1.059431
0.617712 0.945881 1.062006
0.620936 0.942499 1.064546
0.620931 0.942499 1.064546
0.620926 0.942499 1.064545
0.620891 0.939085 1.067052
0.620855 0.935646 1.069524
0.620819 0.932182 1.071962
0.620803 0.930877 1.075077
0.620787 0.929540 1.078178
0.620790 0.930333 1.082043
0.620792 0.931070 1.085959
0.620775 0.929625 1.089062
0.620758 0.928149 1.092150
0.620740 0.926642 1.095223
0.620735 0.926641 1.095223
0.620743 0.928148 1.092148
0.620755 0.930981 1.093773
0.620766 0.933829 1.095369
0.620778 0.936694 1.096936
0.620790 0.939574 1.098475
0.624027 0.942445 1.099985
0.627322 0.945298 1.101466
0.627299 0.944960 1.109451
0.630648 0.947779 1.110932
0.634055 0.950578 1.112384
0.637520 0.953356 1.113806
0.641043 0.956112 1.115199
0.641234 0.959073 1.116562
0.641426 0.962047 1.117896
0.641619 0.965035 1.119200
0.641813 0.968035 1.120473
0.642008 0.971048 1.121717
0.642204 0.974074 1.122930
0.642401 0.977111 1.124113
0.642598 0.980160 1.125265
0.642797 0.983220 1.126387
0.642996 0.986291 1.127478
0.643196 0.989373 1.128538
0.643397 0.992466 1.129567
0.643598 0.995568 1.130565
0.643801 0.998680 1.131532
0.644004 1.001802 1.132468
0.644274 1.005778 1.129537
0.644542 1.009724 1.126567
0.644809 1.013640 1.123557
0.645073 1.017526 1.120508
0.645279 1.020690 1.121286
0.645485 1.023862 1.122032
0.645692 1.027042 1.122747
0.645956 1.030919 1.119563
0.646217 1.034764 1.116341
0.646476 1.038577 1.113081
0.646733 1.042357 1.109782
0.646987 1.046104 1.106445
0.647239 1.049817 1.103071
0.647488 1.053497 1.099660
0.647734 1.057142 1.096213
0.647978 1.060753 1.092729
0.648218 1.064329 1.089208
0.648455 1.067870 1.085652
0.648689 1.071374 1.082061
0.648920 1.074843 1.078435
0.649118 1.078091 1.078696
0.649319 1.081342 1.078926
0.649521 1.084594 1.079123
0.649721 1.087849 1.079287
0.649920 1.091105 1.079418
0.650117 1.094362 1.079517
0.650347 1.097805 1.075661
0.650566 1.101208 1.071769
0.650779 1.104573 1.067844
0.650986 1.107899 1.063884
0.651189 1.111185 1.059892
0.651387 1.114431 1.055866
0.651556 1.117687 1.055734
0.651735 1.120943 1.055571
0.651915 1.124196 1.055375
0.652094 1.127447 1.055147
0.652271 1.130696 1.054885
0.652447 1.133942 1.054591
0.652621 1.137185 1.054264
0.652794 1.140425 1.053905
0.652991 1.143610 1.049589
0.653174 1.146752 1.045238
0.653350 1.149850 1.040855
0.653521 1.152904 1.036442
0.653688 1.155914 1.031998
0.653852 1.158879 1.027525
0.654013 1.161800 1.023021
0.654172 1.164675 1.018489
0.654329 1.167505 1.013928
0.654483 1.170288 1.009339
0.654637 1.173467 1.008621
0.654798 1.176199 1.003975
0.654955 1.178883 0.999299
0.655110 1.181519 0.994596
0.655264 1.184108 0.989867
0.655418 1.186650 0.985112
0.655596 1.188736 0.986028
0.655607 1.188732 0.986024
0.655579 1.189136 0.980323
0.655566 1.189478 0.974614
0.655561 1.189762 0.968902
0.655560 1.189989 0.963188
0.655606 1.189967 0.963167
0.655635 1.189964 0.963166
0.655648 1.189963 0.963165
0.655655 1.189962 0.963164
0.655658 1.189959 0.963162
0.655660 1.189958 0.963161
0.655662 1.189956 0.963159
0.655708 1.189721 0.968866
0.655718 1.189432 0.974572
0.655705 1.189087 0.980275
0.655678 1.188686 0.985974
0.655640 1.188228 0.991668
0.655593 1.187714 0.997358
0.655538 1.187144 1.003042
0.655474 1.186517 1.008720
0.655404 1.185834 1.014392
0.652218 1.185289 1.020076
0.647503 1.182344 1.020764
0.642081 1.177337 1.020364
0.636455 1.172270 1.019950
0.630801 1.167131 1.019522
0.625198 1.161920 1.019083
0.619679 1.156638 1.018632
0.617638 1.152024 1.012831
0.616883 1.146676 1.012403
0.616593 1.141318 1.011970
0.616477 1.135950 1.011527
0.616422 1.130570 1.011074
0.616384 1.125178 1.010611
0.616358 1.119775 1.010136
0.616336 1.116521 1.010426
0.616281 1.115821 1.015387
0.616284 1.112563 1.015612
0.616277 1.107150 1.015008
0.616262 1.101727 1.014392
0.616253 1.096295 1.013766
0.616246 1.090854 1.013129
0.616241 1.085406 1.012481
0.616239 1.082139 1.012510
0.616239 1.076683 1.011818
0.616240 1.071221 1.011116
0.616244 1.067955 1.011048
0.616251 1.062488 1.010302
0.616259 1.057015 1.009546
0.616266 1.053753 1.009380
0.616275 1.050493 1.009181
0.616288 1.045020 1.008350
0.616302 1.039543 1.007508
0.616317 1.034063 1.006655
0.616334 1.028581 1.005793
0.616351 1.023098 1.004921
0.616370 1.017613 1.004038
0.616389 1.012127 1.003146
0.616410 1.006642 1.002244
0.616430 1.001156 1.001332
0.616451 0.995672 1.000410
0.616473 0.990189 0.999479
0.616494 0.984709 0.998538
0.616516 0.979230 0.997588
0.616539 0.973755 0.996628
0.616562 0.968284 0.995660
0.616587 0.962817 0.994682
0.616607 0.959638 0.993935
0.616626 0.956951 0.989788
0.616626 0.956467 0.993156
0.616609 0.956274 1.000432
0.616593 0.955930 1.007711
0.616596 0.952993 1.010760
0.616600 0.950023 1.013778
0.616600 0.949297 1.017074
0.616601 0.948538 1.020363
0.616597 0.950011 1.024019
0.616594 0.951438 1.027735
0.616595 0.950573 1.031045
0.616596 0.949674 1.034345
0.616598 0.948742 1.037636
0.616600 0.947778 1.040918
0.616602 0.946780 1.044190
0.616604 0.945750 1.047451
0.616606 0.944688 1.050702
0.616608 0.943593 1.053943
0.616611 0.942465 1.057172
0.616613 0.941306 1.060390
0.616615 0.940114 1.063596
0.616618 0.938890 1.066790
0.616621 0.937635 1.069971
0.616623 0.936347 1.073140
0.616626 0.935028 1.076296
0.616629 0.933678 1.079438
0.616632 0.932296 1.082567
0.616634 0.930883 1.085682
0.616637 0.929439 1.088782
0.616640 0.927964 1.091868
0.616643 0.926459 1.094939
0.616644 0.926457 1.094937
