0.469523 1.005340 1.144308
0.473382 1.006824 1.144303
0.476980 1.008999 1.150081
0.480627 1.011087 1.155870
0.484733 1.011894 1.159749
0.488853 1.012622 1.163621
0.492986 1.013269 1.167486
0.497130 1.013837 1.171344
0.501284 1.014323 1.175195
0.505445 1.014729 1.179038
0.509614 1.015055 1.182873
0.513567 1.016139 1.182871
0.517530 1.017183 1.182867
0.521504 1.018187 1.182863
0.525784 1.017906 1.180955
0.530052 1.017560 1.179059
0.534308 1.017150 1.177176
0.538551 1.016677 1.175306
0.542778 1.016141 1.173450
0.546990 1.015542 1.171608
0.551186 1.014880 1.169780
0.555363 1.014156 1.167965
0.559522 1.013370 1.166165
0.563661 1.012523 1.164379
0.567780 1.011615 1.162608
0.571876 1.010646 1.160852
0.575950 1.009617 1.159111
0.580000 1.008529 1.157385
0.584026 1.007382 1.155674
0.588025 1.006177 1.153979
0.591998 1.004913 1.152299
0.595944 1.003592 1.150635
0.599861 1.002215 1.148987
0.603749 1.000781 1.147355
0.607606 0.999292 1.145740
0.611432 0.997747 1.144141
0.615227 0.996149 1.142559
0.618988 0.994496 1.140993
0.622716 0.992791 1.139445
0.626409 0.991033 1.137913
0.630066 0.989224 1.136399
0.633754 0.989105 1.136396
0.637440 0.988949 1.136394
0.641124 0.988756 1.136391
0.637431 0.988949 1.136388
0.633737 0.989105 1.136385
0.629992 0.987482 1.134889
0.626281 0.985807 1.133409
0.622604 0.984080 1.131948
0.622585 0.982293 1.130504
0.622566 0.980492 1.129079
0.622547 0.978677 1.127671
0.622527 0.976849 1.126282
0.622508 0.975006 1.124911
0.622488 0.973150 1.123558
0.622468 0.971280 1.122225
0.622448 0.969397 1.120910
0.622428 0.967501 1.119614
0.622407 0.965592 1.118337
0.622386 0.963671 1.117079
0.622366 0.961737 1.115841
0.622344 0.959791 1.114622
0.622323 0.957832 1.113422
0.622302 0.955862 1.112243
0.622281 0.953880 1.111083
0.622259 0.951887 1.109943
0.622237 0.949882 1.108823
0.622215 0.947867 1.107723
0.622193 0.945840 1.106643
0.622171 0.943803 1.105584
0.622149 0.941755 1.104545
0.622126 0.939697 1.103527
0.622104 0.937629 1.102529
0.622081 0.935551 1.101552
0.622058 0.933463 1.100596
0.622035 0.931366 1.099661
0.622012 0.929260 1.098747
0.621989 0.927145 1.097854
0.621966 0.925020 1.096983
0.621961 0.925020 1.096981
0.621955 0.925020 1.096980
0.621950 0.925020 1.096978
0.621963 0.927144 1.097847
0.621975 0.929259 1.098737
0.621970 0.929259 1.098735
0.621964 0.929258 1.098734
0.621959 0.929258 1.098732
0.621954 0.929258 1.098731
0.621948 0.929258 1.098730
0.621943 0.929258 1.098728
0.621937 0.929258 1.098727
0.621932 0.929258 1.098726
0.621927 0.929258 1.098724
0.621921 0.929257 1.098723
0.621916 0.929257 1.098722
0.621911 0.929257 1.098720
0.621905 0.929257 1.098719
0.621900 0.929257 1.098718
0.621895 0.929257 1.098717
0.621889 0.929257 1.098715
0.621884 0.929257 1.098714
0.621879 0.929257 1.098713
0.621873 0.929257 1.098712
0.621868 0.929257 1.098711
0.621863 0.929257 1.098710
0.621857 0.929258 1.098709
0.621852 0.929258 1.098707
0.621847 0.929258 1.098706
0.621841 0.929258 1.098705
0.621836 0.929258 1.098704
0.621831 0.929258 1.098703
0.621825 0.929258 1.098702
0.621820 0.929259 1.098701
0.621815 0.929259 1.098700
0.621810 0.929259 1.098699
0.621804 0.929259 1.098698
0.621799 0.929259 1.098697
0.621794 0.929260 1.098696
0.621788 0.929260 1.098695
0.621783 0.929260 1.098694
0.621778 0.929260 1.098693
0.621773 0.929261 1.098692
0.621767 0.929261 1.098692
0.621762 0.929261 1.098691
0.621757 0.929262 1.098690
0.621752 0.929262 1.098689
0.621746 0.929262 1.098688
0.621741 0.929263 1.098687
0.621736 0.929263 1.098687
0.621731 0.929264 1.098686
0.621726 0.929264 1.098685
0.621720 0.929264 1.098684
0.621730 0.930806 1.095583
0.621744 0.933652 1.097185
0.621759 0.936515 1.098758
0.621774 0.939392 1.100302
0.621788 0.942285 1.101817
0.621804 0.945193 1.103303
0.621819 0.948116 1.104761
0.621834 0.951053 1.106188
0.621850 0.954004 1.107587
0.621866 0.956970 1.108956
0.621882 0.959948 1.110295
0.621898 0.962940 1.111604
0.621915 0.965945 1.112883
0.621931 0.968963 1.114133
0.621948 0.971992 1.115352
0.621965 0.975034 1.116540
0.621982 0.978088 1.117698
0.621999 0.981153 1.118826
0.622016 0.984229 1.119923
0.622034 0.987316 1.120989
0.622064 0.991202 1.118176
0.622094 0.995059 1.115325
0.622125 0.998888 1.112435
0.622155 1.002687 1.109507
0.622184 1.006457 1.106541
0.622214 1.010197 1.103538
0.622243 1.013907 1.100497
0.622272 1.017586 1.097419
0.622301 1.021234 1.094305
0.622330 1.024850 1.091154
0.622359 1.028435 1.087968
0.622387 1.031987 1.084745
0.622414 1.035507 1.081488
0.622442 1.038994 1.078195
0.622469 1.042448 1.074867
0.622495 1.045869 1.071505
0.622520 1.049255 1.068109
0.622545 1.052608 1.064680
0.622559 1.055839 1.065143
0.622574 1.059076 1.065574
0.622589 1.062316 1.065972
0.622615 1.065647 1.062412
0.622636 1.068941 1.058819
0.622656 1.072200 1.055192
0.622675 1.075422 1.051533
0.622692 1.078607 1.047842
0.622692 1.081865 1.048045
0.622699 1.085125 1.048215
0.622705 1.088386 1.048353
0.622710 1.091649 1.048458
0.622713 1.094913 1.048530
0.622714 1.098177 1.048570
0.622714 1.101441 1.048577
0.622734 1.104596 1.044626
0.622740 1.107710 1.040643
0.622719 1.110972 1.040550
0.622709 1.114234 1.040426
0.622699 1.117494 1.040270
0.622688 1.120753 1.040080
0.622676 1.124009 1.039858
0.622662 1.127263 1.039603
0.622647 1.130515 1.039315
0.622630 1.133763 1.038995
0.622612 1.137008 1.038642
0.622593 1.140249 1.038257
0.622598 1.143298 1.033918
0.622591 1.146303 1.029547
0.622579 1.149263 1.025146
0.622565 1.152179 1.020715
0.622550 1.155051 1.016255
0.622534 1.157878 1.011767
0.622518 1.160660 1.007250
0.622503 1.163396 1.002706
0.622489 1.166087 0.998134
0.622476 1.168731 0.993536
0.622464 1.171330 0.988912
0.622433 1.174498 0.988137
0.622412 1.177661 0.987333
0.622401 1.178077 0.981755
0.622386 1.178432 0.976167
0.622371 1.178732 0.970577
0.622358 1.178976 0.964984
0.622347 1.179164 0.959389
0.622339 1.179296 0.953793
0.622334 1.179372 0.948195
0.622333 1.179392 0.942598
0.622366 1.181527 0.937696
0.622393 1.183627 0.932773
0.622424 1.185679 0.927829
0.622520 1.187850 0.928539
0.622589 1.190018 0.929274
0.622580 1.192025 0.924315
0.622638 1.192017 0.924307
0.622673 1.192016 0.924306
0.622701 1.192015 0.924305
0.622726 1.192014 0.924304
0.622749 1.192013 0.924303
0.622771 1.192012 0.924302
0.622859 1.192169 0.930021
0.622911 1.192269 0.935742
0.622944 1.192312 0.941464
0.622954 1.189230 0.942545
0.622952 1.186137 0.943594
0.622921 1.180884 0.943807
0.622884 1.175613 0.944011
0.622843 1.170322 0.944203
0.622797 1.165014 0.944387
0.622747 1.159693 0.944562
0.622694 1.154355 0.944728
0.622638 1.149003 0.944884
0.622580 1.143635 0.945030
0.622520 1.138253 0.945167
0.622457 1.132858 0.945294
0.622393 1.127449 0.945411
0.622327 1.122028 0.945519
0.622260 1.116595 0.945617
0.622193 1.111150 0.945705
0.622134 1.111098 0.950615
0.622093 1.110997 0.955525
0.622058 1.110847 0.960434
0.622024 1.110648 0.965341
0.621991 1.110400 0.970246
