0.306766 1.174792 0.841560
0.308568 1.174598 0.835176
0.313273 1.175950 0.828837
0.315178 1.175649 0.822474
0.316121 1.174750 0.816135
0.316287 1.174831 0.816126
0.315448 1.176856 0.816810
0.314599 1.178867 0.817517
0.313749 1.180869 0.818246
0.312902 1.182865 0.818997
0.312947 1.182887 0.818993
0.312095 1.184870 0.819765
0.311254 1.186851 0.820559
0.310419 1.188826 0.821374
0.309589 1.190794 0.822210
0.308762 1.192755 0.823067
0.308463 1.193604 0.817419
0.308223 1.194418 0.811756
0.308302 1.194452 0.811748
0.304145 1.192171 0.811732
0.302991 1.191531 0.811738
0.303345 1.190191 0.805214
0.303083 1.190863 0.799536
0.302259 1.192821 0.800389
0.301422 1.194768 0.801268
0.302105 1.193492 0.794707
0.302162 1.193515 0.794698
0.302193 1.193528 0.794695
0.302219 1.193539 0.794691
0.302244 1.193549 0.794688
0.301393 1.195487 0.795566
0.301225 1.196087 0.789880
0.301286 1.196112 0.789872
0.301316 1.196125 0.789869
0.301341 1.196135 0.789865
0.301364 1.196145 0.789862
0.301388 1.196154 0.789858
0.301462 1.196140 0.789824
0.301365 1.196085 0.789826
0.301262 1.196015 0.789822
0.301164 1.195949 0.789818
0.301085 1.195891 0.789815
0.301091 1.195899 0.789819
0.301099 1.195908 0.789822
0.300477 1.197236 0.796381
0.299850 1.198512 0.802972
0.299244 1.199724 0.809577
0.298666 1.200875 0.816195
0.298119 1.201969 0.822826
0.297603 1.203003 0.829468
0.299710 1.201202 0.831460
0.301877 1.199397 0.833416
0.304067 1.197588 0.835355
0.307190 1.193932 0.836270
0.310352 1.190266 0.837186
0.313559 1.186598 0.838104
0.316813 1.182931 0.839025
0.320114 1.179264 0.839951
0.323461 1.175599 0.840880
0.326854 1.171935 0.841814
0.330291 1.168275 0.842753
0.333772 1.164617 0.843697
0.333512 1.165543 0.849835
0.333196 1.166385 0.855994
0.331916 1.166608 0.862121
0.330585 1.166744 0.868267
0.329247 1.166817 0.874430
0.327919 1.166833 0.880610
0.326610 1.166797 0.886806
0.326295 1.167223 0.893007
0.326067 1.167625 0.899212
0.325893 1.167986 0.905422
0.328256 1.163604 0.905837
0.330638 1.159193 0.906233
0.330515 1.159492 0.912337
0.330417 1.159746 0.918454
0.330347 1.159945 0.924574
0.330304 1.160089 0.930695
0.330288 1.160178 0.936817
0.330298 1.160212 0.942940
0.330334 1.160191 0.949062
0.330396 1.160114 0.955184
0.330484 1.159981 0.961305
0.330597 1.159793 0.967423
0.330736 1.159549 0.973539
0.331807 1.157537 0.978424
0.336583 1.154349 0.978222
0.342708 1.151824 0.978004
0.349534 1.149602 0.977779
0.356711 1.147485 0.977545
0.364050 1.145368 0.977301
0.368986 1.142034 0.977065
0.375085 1.139192 0.976791
0.381787 1.136576 0.976510
0.385399 1.134747 0.977291
0.388685 1.130507 0.976983
0.390539 1.127845 0.977688
0.392095 1.125039 0.978358
0.393505 1.122159 0.978996
0.394844 1.119240 0.979600
0.396151 1.116300 0.980173
0.397443 1.113347 0.980713
0.398729 1.110386 0.981221
0.400014 1.107418 0.981697
0.401300 1.104447 0.982140
0.402587 1.101471 0.982551
0.403876 1.098491 0.982930
0.405168 1.095509 0.983277
0.406462 1.092525 0.983591
0.408595 1.087665 0.982844
0.410731 1.082792 0.982085
0.412874 1.077909 0.981314
0.415023 1.073015 0.980531
0.420617 1.069637 0.979714
0.426964 1.066555 0.978903
0.433439 1.063471 0.978085
0.439883 1.060314 0.977257
0.446259 1.057069 0.976417
0.448886 1.052310 0.975582
0.450942 1.047306 0.974723
0.451040 1.046977 0.979314
0.451160 1.046608 0.983903
0.451299 1.046197 0.988487
0.451455 1.045744 0.993067
0.451629 1.045248 0.997642
0.451821 1.044711 1.002211
0.455996 1.045675 1.006765
0.462095 1.042274 1.005516
0.468122 1.038793 1.004254
0.474067 1.035228 1.002982
0.479927 1.031583 1.001698
0.485702 1.027858 1.000403
0.491389 1.024056 0.999097
0.496989 1.020178 0.997780
0.502499 1.016227 0.996452
0.507919 1.012203 0.995114
0.511979 1.012778 0.999189
0.512163 1.012225 1.003261
0.512318 1.011622 1.007324
0.512484 1.010978 1.011382
0.512661 1.010296 1.015432
0.513394 1.007528 1.018593
0.517974 1.005764 1.021724
0.522530 1.003921 1.024827
0.527045 1.001997 1.027900
0.531520 0.999991 1.030944
0.535951 0.997904 1.033958
0.540338 0.995738 1.036941
0.544679 0.993493 1.039894
0.548973 0.991170 1.042815
0.553217 0.988770 1.045706
0.557411 0.986294 1.048565
0.561553 0.983744 1.051392
0.565642 0.981120 1.054187
0.569676 0.978424 1.056950
0.573654 0.975655 1.059681
0.577575 0.972817 1.062378
0.581437 0.969909 1.065042
0.585239 0.966934 1.067673
0.588980 0.963891 1.070270
0.592659 0.960784 1.072833
0.596273 0.957611 1.075362
0.599824 0.954376 1.077856
0.603308 0.951080 1.080316
0.606725 0.947723 1.082741
0.610074 0.944307 1.085130
0.613353 0.940833 1.087484
0.616562 0.937304 1.089803
0.619700 0.933719 1.092085
0.622833 0.933706 1.092085
0.622761 0.930081 1.094331
0.622689 0.926434 1.096541
