0.620000 0.919624 1.086468
0.617005 0.919607 1.086467
0.614010 0.919560 1.086465
0.611016 0.919483 1.086463
0.608023 0.919375 1.086461
0.605031 0.919238 1.086460
0.602040 0.919071 1.086458
0.599052 0.918874 1.086456
0.596066 0.918647 1.086454
0.593082 0.918391 1.086452
0.590101 0.918104 1.086451
0.587123 0.917788 1.086449
0.584148 0.917442 1.086447
0.581177 0.917066 1.086445
0.578209 0.916661 1.086443
0.574925 0.918350 1.087254
0.571604 0.919995 1.088085
0.568003 0.923016 1.085870
0.564340 0.925975 1.083620
0.560618 0.928867 1.081335
0.556837 0.931693 1.079014
0.552998 0.934451 1.076658
0.549103 0.937140 1.074267
0.545153 0.939758 1.071842
0.541150 0.942305 1.069382
0.537094 0.944779 1.066889
0.532988 0.947180 1.064361
0.528832 0.949506 1.061800
0.524629 0.951756 1.059206
0.520378 0.953931 1.056579
0.516082 0.956029 1.053920
0.511742 0.958048 1.051228
0.507360 0.959988 1.048504
0.502938 0.961847 1.045748
0.498476 0.963626 1.042960
0.493977 0.965322 1.040141
0.489441 0.966937 1.037290
0.484872 0.968467 1.034409
0.480604 0.969075 1.035261
0.476314 0.969623 1.036133
0.472002 0.970114 1.037028
0.467669 0.970544 1.037943
0.463318 0.970914 1.038879
0.458947 0.971223 1.039836
0.454559 0.971471 1.040814
0.450154 0.971657 1.041812
0.445733 0.971781 1.042831
0.441298 0.971842 1.043870
0.436849 0.971839 1.044930
0.432388 0.971774 1.046010
0.427914 0.971644 1.047109
0.423430 0.971450 1.048229
0.418937 0.971192 1.049368
0.414435 0.970869 1.050527
0.409925 0.970481 1.051707
0.406431 0.968360 1.051704
0.402959 0.966205 1.051702
0.398452 0.965662 1.052901
0.393942 0.965053 1.054120
0.389428 0.964378 1.055357
0.384912 0.963636 1.056614
0.380395 0.962828 1.057890
0.375879 0.961953 1.059185
0.371364 0.961012 1.060499
0.367967 0.958507 1.060496
0.364595 0.955967 1.060494
0.361249 0.953394 1.060491
0.357929 0.950787 1.060488
0.354635 0.948148 1.060486
0.354634 0.948146 1.060485
0.354635 0.948144 1.060482
0.354636 0.948141 1.060480
0.351370 0.945473 1.060480
0.348130 0.942768 1.060477
0.344917 0.940030 1.060474
0.341731 0.937261 1.060471
0.338574 0.934460 1.060469
0.335444 0.931628 1.060466
0.332343 0.928765 1.060463
0.329271 0.925870 1.060460
0.326229 0.922945 1.060457
0.326227 0.922944 1.060457
0.326229 0.922941 1.060454
0.326230 0.922939 1.060451
0.326231 0.922936 1.060448
0.326233 0.922934 1.060445
0.324120 0.925109 1.057533
0.324197 0.925029 1.053604
0.324300 0.924919 1.049676
0.324431 0.924782 1.045750
0.324589 0.924616 1.041826
0.326084 0.923073 1.036590
0.326297 0.922851 1.032671
0.326536 0.922601 1.028756
0.326803 0.922323 1.024845
0.327097 0.922017 1.020938
0.327418 0.921683 1.017035
0.327766 0.921321 1.013137
0.328141 0.920931 1.009244
0.328543 0.920513 1.005357
0.328972 0.920067 1.001476
0.329428 0.919593 0.997601
0.329911 0.919092 0.993734
0.330421 0.918563 0.989873
0.330958 0.918006 0.986020
0.331521 0.917422 0.982175
0.332111 0.916810 0.978338
0.332523 0.916382 0.970382
0.333043 0.915842 0.962452
0.333670 0.915191 0.954551
0.334405 0.914430 0.946682
0.335232 0.913574 0.942939
0.336084 0.912690 0.939206
0.336963 0.911780 0.935487
0.337868 0.910843 0.931780
0.338798 0.909880 0.928086
0.339755 0.908890 0.924406
0.338407 0.910275 0.925644
0.337068 0.911650 0.926901
0.335738 0.913016 0.928177
0.335738 0.913014 0.928176
0.335737 0.913012 0.928175
0.335737 0.913010 0.928174
0.335736 0.913008 0.928173
0.335736 0.913006 0.928172
0.335735 0.913004 0.928171
0.335735 0.913002 0.928170
0.335734 0.912999 0.928169
0.335734 0.912997 0.928168
0.335733 0.912995 0.928167
0.335733 0.912993 0.928166
0.335732 0.912991 0.928165
0.335732 0.912989 0.928164
0.335731 0.912987 0.928163
0.335731 0.912985 0.928161
0.335730 0.912983 0.928160
0.335730 0.912981 0.928159
0.335730 0.912978 0.928158
0.335729 0.912976 0.928157
0.335729 0.912974 0.928156
0.335728 0.912972 0.928155
0.335728 0.912970 0.928154
0.338038 0.910592 0.923216
0.340384 0.908173 0.918306
0.342764 0.905718 0.913431
0.342763 0.905716 0.913430
0.342763 0.905714 0.913429
0.345176 0.903230 0.908591
0.347624 0.900706 0.903785
0.350105 0.898149 0.899015
0.352619 0.895557 0.894280
0.352619 0.895555 0.894280
0.352619 0.895553 0.894278
0.352619 0.895550 0.894277
0.352619 0.895548 0.894276
0.352619 0.895546 0.894275
0.352619 0.895543 0.894273
0.352619 0.895541 0.894272
0.352619 0.895539 0.894271
0.352619 0.895537 0.894270
0.352619 0.895534 0.894268
0.355165 0.892913 0.889573
0.355165 0.892911 0.889572
0.357743 0.890256 0.884914
0.360356 0.887563 0.880290
0.363000 0.884838 0.875703
0.365677 0.882079 0.871155
0.365677 0.882077 0.871154
0.365677 0.882075 0.871153
0.365677 0.882073 0.871152
0.365678 0.882072 0.871151
0.365678 0.882070 0.871150
0.365678 0.882068 0.871149
0.368385 0.879282 0.866642
0.371124 0.876458 0.862172
0.373895 0.873604 0.857741
0.373895 0.873602 0.857741
0.373896 0.873599 0.857739
0.373896 0.873597 0.857738
0.372455 0.875077 0.858734
0.371021 0.876550 0.859751
0.369594 0.878015 0.860789
0.368752 0.878878 0.858235
0.366551 0.881143 0.859063
0.364345 0.883413 0.859859
0.362133 0.885689 0.860624
0.359916 0.887970 0.861357
0.357693 0.890257 0.862058
0.355465 0.892549 0.862728
0.354611 0.893428 0.859972
0.353774 0.894285 0.857204
0.352957 0.895121 0.854425
0.352159 0.895938 0.851633
0.351380 0.896734 0.848831
0.350621 0.897510 0.846017
0.349881 0.898267 0.843193
0.349161 0.899002 0.840358
0.348460 0.899718 0.837514
0.347780 0.900413 0.834659
0.348547 0.899620 0.830756
0.349341 0.898799 0.826865
0.348720 0.899431 0.823982
0.348118 0.900043 0.821091
0.347537 0.900633 0.818191
0.346975 0.901203 0.815283
0.347876 0.900269 0.811370
0.347354 0.900796 0.808447
0.345908 0.902273 0.809444
0.345407 0.902779 0.806514
0.344925 0.903263 0.803576
0.344464 0.903725 0.800632
0.344022 0.904166 0.797681
0.345044 0.903104 0.793727
0.345038 0.903099 0.793727
0.345032 0.903093 0.793727
0.345027 0.903087 0.793727
0.345021 0.903081 0.793727
0.345015 0.903075 0.793727
0.345009 0.903069 0.793727
0.345004 0.903063 0.793726
0.344998 0.903057 0.793726
0.344992 0.903052 0.793726
0.344986 0.903046 0.793726
0.345063 0.902924 0.793626
0.345145 0.902778 0.793513
0.345224 0.902639 0.793404
0.345261 0.902610 0.793371
0.345295 0.902582 0.793339
0.345328 0.902554 0.793308
0.345320 0.902557 0.793315
0.345314 0.902560 0.793320
0.344278 0.903609 0.797265
0.343271 0.904632 0.801226
0.342291 0.905626 0.805201
0.341339 0.906593 0.809189
0.340416 0.907531 0.813191
0.339521 0.908441 0.817206
0.335534 0.912506 0.825424
0.331674 0.916463 0.833790
0.327932 0.920299 0.842297
0.325654 0.922634 0.849689
0.323471 0.924868 0.857158
0.321385 0.927002 0.864700
0.319399 0.929034 0.872315
0.317513 0.930964 0.879998
0.315728 0.932790 0.887748
0.314045 0.934511 0.895561
0.312465 0.936126 0.903434
0.310988 0.937635 0.911365
0.309617 0.939036 0.919350
0.308351 0.940329 0.927387
0.307192 0.941513 0.935474
0.306140 0.942586 0.943606
0.305195 0.943549 0.951780
0.304359 0.944401 0.959995
0.303633 0.945140 0.968247
0.303016 0.945766 0.976532
0.302509 0.946280 0.984848
0.302113 0.946679 0.993191
0.301828 0.946964 1.001559
0.301655 0.947134 1.009949
0.301594 0.947189 1.018356
0.301645 0.947128 1.026779
0.305091 0.950114 1.035213
0.308679 0.952948 1.043656
0.312401 0.955624 1.052105
0.316254 0.958138 1.060556
0.316846 0.957473 1.069007
0.320925 0.959692 1.077453
0.325126 0.961741 1.085893
0.326022 0.960694 1.094322
0.330433 0.962435 1.102737
0.334953 0.963997 1.111136
0.339577 0.965377 1.119514
0.344301 0.966572 1.127870
0.349120 0.967579 1.136199
0.354029 0.968397 1.144498
0.359024 0.969022 1.152765
0.364098 0.969453 1.160996
0.368884 0.970203 1.165315
0.373684 0.970856 1.169608
0.378497 0.971413 1.173878
0.384349 0.970350 1.170448
0.390158 0.969202 1.166998
0.395586 0.968484 1.169269
0.400989 0.967673 1.171508
0.406364 0.966771 1.173711
0.411710 0.965778 1.175878
0.415176 0.967842 1.175875
0.418662 0.969872 1.175871
0.421041 0.973881 1.171820
0.423499 0.977841 1.167746
0.427726 0.978590 1.165891
0.431958 0.979273 1.164051
0.436192 0.979892 1.162224
0.440427 0.980445 1.160412
0.444663 0.980934 1.158615
0.448898 0.981358 1.156831
0.453131 0.981718 1.155063
0.457362 0.982013 1.153309
0.461588 0.982243 1.151570
0.465810 0.982410 1.149847
0.470025 0.982512 1.148138
0.474233 0.982551 1.146446
0.478433 0.982527 1.144769
0.482624 0.982439 1.143108
0.486804 0.982288 1.141463
0.490973 0.982075 1.139834
0.495129 0.981799 1.138221
0.499272 0.981462 1.136625
0.503400 0.981063 1.135046
0.507513 0.980602 1.133483
0.511608 0.980080 1.131935
0.515687 0.979497 1.130406
0.519747 0.978855 1.128894
0.523787 0.978153 1.127400
0.527807 0.977393 1.125924
0.531806 0.976574 1.124466
0.535782 0.975696 1.123025
0.539735 0.974761 1.121603
0.543664 0.973769 1.120198
0.547571 0.972725 1.118812
0.551451 0.971625 1.117445
0.555305 0.970470 1.116097
0.559131 0.969259 1.114767
0.562927 0.967994 1.113456
0.566691 0.966671 1.112163
0.570425 0.965295 1.110889
0.574128 0.963866 1.109634
0.577798 0.962386 1.108398
0.581436 0.960855 1.107182
0.585040 0.959273 1.105986
0.588610 0.957642 1.104809
