0.620000 0.932193 1.133076
0.620001 0.932191 1.133075
0.616880 0.932174 1.133074
0.613759 0.932126 1.133072
0.610639 0.932046 1.133071
0.607520 0.931936 1.133069
0.604402 0.931794 1.133068
0.601285 0.931621 1.133067
0.598171 0.931417 1.133065
0.595059 0.931181 1.133064
0.591949 0.930915 1.133062
0.588842 0.930618 1.133061
0.585738 0.930289 1.133060
0.582638 0.929930 1.133058
0.579542 0.929539 1.133057
0.576449 0.929118 1.133055
0.573361 0.928666 1.133054
0.570278 0.928183 1.133053
0.567200 0.927669 1.133051
0.564126 0.927124 1.133050
0.561059 0.926549 1.133048
0.557998 0.925943 1.133047
0.554942 0.925306 1.133046
0.551482 0.926478 1.129913
0.548000 0.927581 1.126762
0.544495 0.928614 1.123592
0.540971 0.929576 1.120405
0.537429 0.930468 1.117200
0.533869 0.931289 1.113977
0.530293 0.932038 1.110737
0.526704 0.932716 1.107481
0.523101 0.933322 1.104208
0.519487 0.933856 1.100919
0.515863 0.934317 1.097615
0.512231 0.934706 1.094295
0.508591 0.935022 1.090959
0.504946 0.935265 1.087609
0.501297 0.935435 1.084245
0.497646 0.935532 1.080867
0.493993 0.935556 1.077474
0.490340 0.935507 1.074069
0.487193 0.934192 1.074067
0.484059 0.932847 1.074066
0.480939 0.931470 1.074065
0.476918 0.932056 1.074740
0.472874 0.932587 1.075436
0.468809 0.933061 1.076155
0.464722 0.933478 1.076895
0.460616 0.933838 1.077657
0.456491 0.934140 1.078440
0.452348 0.934384 1.079245
0.448188 0.934568 1.080071
0.444012 0.934694 1.080918
0.439820 0.934759 1.081786
0.435613 0.934765 1.082676
0.431393 0.934710 1.083587
0.427160 0.934595 1.084519
0.424025 0.932649 1.084518
0.420910 0.930673 1.084516
0.417815 0.928665 1.084514
0.414740 0.926626 1.084513
0.411685 0.924557 1.084511
0.408652 0.922457 1.084509
0.405639 0.920327 1.084508
0.402648 0.918167 1.084506
0.402648 0.918166 1.084505
0.402649 0.918164 1.084504
0.402651 0.918163 1.084502
0.402652 0.918162 1.084500
0.401424 0.919847 1.085453
0.400201 0.921524 1.086426
0.398144 0.924345 1.083660
0.397114 0.925753 1.075977
0.396929 0.926006 1.072060
0.396768 0.926228 1.068140
0.396629 0.926418 1.064218
0.396513 0.926576 1.060293
0.396420 0.926703 1.056367
0.396351 0.926797 1.052440
0.396304 0.926860 1.048511
0.396281 0.926892 1.044582
0.396281 0.926891 1.040653
0.396303 0.926859 1.036724
0.396349 0.926795 1.032795
0.396418 0.926699 1.028868
0.396510 0.926572 1.024941
0.396625 0.926413 1.021017
0.396764 0.926222 1.017095
0.396925 0.925999 1.013175
0.397110 0.925744 1.009257
0.397318 0.925457 1.005343
0.393035 0.924882 1.006317
0.388747 0.924241 1.007309
0.384455 0.923537 1.008324
0.380160 0.922769 1.009358
0.375863 0.921937 1.010413
0.375862 0.921936 1.010413
0.374588 0.923509 1.011487
0.373321 0.925074 1.012583
0.372061 0.926631 1.013698
0.370807 0.928178 1.014833
0.366477 0.927200 1.015990
0.362149 0.926154 1.017164
0.360885 0.927650 1.018360
0.360887 0.927648 1.018358
0.360888 0.927645 1.018355
0.360889 0.927642 1.018352
0.360891 0.927640 1.018350
0.362402 0.925845 1.013248
0.363950 0.924007 1.008165
0.365531 0.922131 1.003106
0.367144 0.920215 0.998072
0.368789 0.918262 0.993064
0.370466 0.916270 0.988081
0.372176 0.914240 0.983125
0.373917 0.912173 0.978195
0.375690 0.910068 0.973294
0.377495 0.907924 0.968419
0.374631 0.905485 0.968417
0.371791 0.903014 0.968415
0.368975 0.900515 0.968412
0.368974 0.900513 0.968412
0.368976 0.900510 0.968409
0.368978 0.900507 0.968406
0.368980 0.900504 0.968404
0.368982 0.900501 0.968401
0.368984 0.900497 0.968399
0.368986 0.900494 0.968396
0.368988 0.900491 0.968393
0.368990 0.900488 0.968391
0.368993 0.900485 0.968388
0.368995 0.900482 0.968385
0.368997 0.900478 0.968383
0.368999 0.900475 0.968380
0.369001 0.900472 0.968377
0.369004 0.900469 0.968374
0.369005 0.900467 0.968373
0.369006 0.900465 0.968371
0.369007 0.900463 0.968369
0.369009 0.900461 0.968368
0.369010 0.900459 0.968366
0.369011 0.900457 0.968364
0.369013 0.900454 0.968363
0.369014 0.900452 0.968361
0.369015 0.900450 0.968359
0.369017 0.900448 0.968358
0.369018 0.900446 0.968356
0.369020 0.900444 0.968354
0.369021 0.900442 0.968352
0.369022 0.900440 0.968351
0.369024 0.900438 0.968349
0.369025 0.900436 0.968347
0.369027 0.900433 0.968345
0.369028 0.900431 0.968343
0.369030 0.900429 0.968342
0.366240 0.897906 0.968341
0.366239 0.897905 0.968341
0.366241 0.897903 0.968339
0.366242 0.897900 0.968337
0.363478 0.895350 0.968337
0.363477 0.895348 0.968336
0.363479 0.895346 0.968334
0.363481 0.895344 0.968332
0.365420 0.893263 0.963492
0.367397 0.891142 0.958676
0.369407 0.888985 0.953889
0.370017 0.888328 0.950062
0.370654 0.887642 0.946244
0.371318 0.886928 0.942436
0.372006 0.886187 0.938638
0.372721 0.885418 0.934850
0.373462 0.884621 0.931072
0.374228 0.883796 0.927306
0.375020 0.882944 0.923551
0.373596 0.884469 0.924500
0.372179 0.885986 0.925470
0.370769 0.887496 0.926460
0.370771 0.887493 0.926458
0.370773 0.887490 0.926456
0.370775 0.887487 0.926453
0.370778 0.887484 0.926450
0.370780 0.887481 0.926448
0.370783 0.887478 0.926445
0.370785 0.887475 0.926443
0.371602 0.886596 0.922700
0.372445 0.885689 0.918969
0.373313 0.884755 0.915251
0.373516 0.884536 0.911631
0.373745 0.884290 0.908015
0.373998 0.884018 0.904402
0.374275 0.883719 0.900793
0.374576 0.883395 0.897189
0.373457 0.884591 0.894477
0.372356 0.885767 0.891749
0.371273 0.886924 0.889006
0.370208 0.888061 0.886246
0.369163 0.889178 0.883472
0.368136 0.890274 0.880682
0.367127 0.891350 0.877878
0.366138 0.892406 0.875059
0.365168 0.893441 0.872226
0.364217 0.894455 0.869379
0.363286 0.895448 0.866518
0.362374 0.896421 0.863643
0.361482 0.897372 0.860756
0.360609 0.898302 0.857855
0.359756 0.899211 0.854942
0.358923 0.900098 0.852017
0.358110 0.900964 0.849080
0.357317 0.901809 0.846131
0.356544 0.902632 0.843170
0.355791 0.903432 0.840199
0.355058 0.904211 0.837216
0.355791 0.903421 0.833336
0.354342 0.904965 0.834223
0.353649 0.905699 0.831220
0.352977 0.906411 0.828207
0.352324 0.907101 0.825184
0.353138 0.906222 0.821264
0.353978 0.905313 0.817357
0.353973 0.905308 0.817357
0.353968 0.905304 0.817357
0.353964 0.905300 0.817357
0.354830 0.904363 0.813462
0.354258 0.904961 0.810403
0.350993 0.902988 0.807341
0.350323 0.903401 0.804262
0.349798 0.903916 0.801180
0.349302 0.904417 0.798091
0.348828 0.904897 0.794995
0.348376 0.905353 0.791893
0.348369 0.905346 0.791892
0.348361 0.905338 0.791892
0.348353 0.905330 0.791892
0.348345 0.905322 0.791892
0.348337 0.905314 0.791892
0.348329 0.905306 0.791891
0.348321 0.905298 0.791891
0.348313 0.905290 0.791891
0.348305 0.905282 0.791891
0.348387 0.905254 0.791839
0.348465 0.905176 0.791766
0.348548 0.905110 0.791698
0.348578 0.905112 0.791684
0.348605 0.905109 0.791671
0.348630 0.905107 0.791658
0.348636 0.905130 0.791666
0.347600 0.906201 0.795607
0.346589 0.907244 0.799563
0.345606 0.908258 0.803534
0.344650 0.909244 0.807518
0.343722 0.910201 0.811516
0.342822 0.911130 0.815527
0.341951 0.912030 0.819551
0.341107 0.912901 0.823587
0.337249 0.916914 0.831813
0.333516 0.920818 0.840184
0.329900 0.924600 0.848695
0.326404 0.928256 0.857340
0.323030 0.931785 0.866118
0.319779 0.935185 0.875024
0.316654 0.938452 0.884054
0.313657 0.941586 0.893206
0.312073 0.943240 0.901131
0.310592 0.944784 0.909113
0.309214 0.946220 0.917150
0.307942 0.947545 0.925240
0.310023 0.951820 0.933375
0.312317 0.956027 0.941560
0.314769 0.960106 0.949788
0.317376 0.964053 0.958056
0.320133 0.967863 0.966362
0.323039 0.971532 0.974702
0.326089 0.975055 0.983073
0.329281 0.978428 0.991472
0.332610 0.981648 0.999896
0.336074 0.984710 1.008341
0.339667 0.987611 1.016805
0.343387 0.990347 1.025285
0.347230 0.992914 1.033777
0.351190 0.995310 1.042277
0.355265 0.997530 1.050784
0.359449 0.999572 1.059294
0.363739 1.001432 1.067803
0.368129 1.003109 1.076308
0.372615 1.004598 1.084807
0.377193 1.005897 1.093295
0.381857 1.007004 1.101770
0.386604 1.007917 1.110229
0.391426 1.008633 1.118668
0.396321 1.009150 1.127084
0.401132 1.009741 1.131561
0.402063 1.008075 1.136017
0.406890 1.008521 1.140454
0.412376 1.007654 1.143038
0.417835 1.006694 1.145586
0.423266 1.005640 1.148101
0.428666 1.004495 1.150581
0.434035 1.003259 1.153027
0.439369 1.001932 1.155438
0.444668 1.000515 1.157813
0.449930 0.999009 1.160154
0.455154 0.997415 1.162459
0.460337 0.995733 1.164728
0.465479 0.993966 1.166961
0.470577 0.992112 1.169158
0.471422 0.989993 1.173152
0.472282 0.987837 1.177123
0.475965 0.989295 1.177121
0.478844 0.992888 1.173143
0.481794 0.996423 1.169141
0.484814 0.999898 1.165116
0.488618 1.001230 1.165111
0.492882 1.001180 1.163302
0.497137 1.001066 1.161506
0.501383 1.000888 1.159725
0.505618 1.000646 1.157958
0.509840 1.000341 1.156207
0.514050 0.999973 1.154470
0.518246 0.999542 1.152749
0.522426 0.999049 1.151043
0.526591 0.998494 1.149352
0.530739 0.997877 1.147678
0.534868 0.997199 1.146019
0.538978 0.996460 1.144376
0.543068 0.995661 1.142750
0.547137 0.994802 1.141140
0.551184 0.993884 1.139546
0.555207 0.992907 1.137969
0.559207 0.991871 1.136409
0.563182 0.990778 1.134866
0.567131 0.989627 1.133340
0.571053 0.988420 1.131831
0.574947 0.987156 1.130340
0.578813 0.985837 1.128867
