0.620000 0.930748 1.099360
0.616894 0.930731 1.099358
0.613787 0.930682 1.099356
0.610682 0.930603 1.099355
0.607577 0.930492 1.099353
0.604474 0.930351 1.099352
0.601372 0.930178 1.099350
0.598272 0.929974 1.099349
0.595175 0.929740 1.099347
0.592080 0.929474 1.099346
0.588987 0.929178 1.099344
0.585898 0.928850 1.099343
0.582561 0.930579 1.100262
0.579187 0.932263 1.101203
0.575952 0.932656 1.097362
0.572711 0.932977 1.093512
0.569466 0.933226 1.089655
0.566217 0.933404 1.085790
0.562966 0.933510 1.081919
0.559716 0.933544 1.078041
0.556466 0.933506 1.074157
0.553220 0.933397 1.070268
0.549977 0.933216 1.066373
0.546741 0.932964 1.062473
0.543512 0.932640 1.058568
0.540291 0.932245 1.054660
0.537081 0.931780 1.050747
0.533883 0.931243 1.046831
0.530698 0.930636 1.042913
0.527527 0.929959 1.038991
0.524373 0.929212 1.035068
0.521236 0.928396 1.031142
0.518119 0.927510 1.027215
0.515022 0.926556 1.023287
0.511947 0.925534 1.019359
0.508895 0.924444 1.015430
0.505869 0.923285 1.011500
0.502870 0.922060 1.007571
0.499898 0.920769 1.003643
0.496955 0.919412 0.999716
0.492938 0.920600 0.997416
0.489730 0.919797 0.994148
0.485680 0.920850 0.991796
0.481606 0.921830 0.989418
0.477510 0.922736 0.987015
0.473392 0.923569 0.984586
0.469254 0.924328 0.982132
0.465097 0.925012 0.979653
0.460924 0.925621 0.977149
0.456735 0.926154 0.974620
0.452531 0.926612 0.972068
0.448315 0.926993 0.969491
0.444087 0.927298 0.966891
0.439849 0.927526 0.964268
0.435707 0.927503 0.965207
0.431441 0.927601 0.962560
0.427269 0.927463 0.963520
0.423086 0.927263 0.964501
0.418892 0.927004 0.965503
0.414690 0.926682 0.966525
0.411512 0.924791 0.962832
0.408372 0.922836 0.959137
0.404067 0.922507 0.956422
0.404066 0.922505 0.956422
0.401053 0.920332 0.956422
0.398061 0.918125 0.956420
0.395092 0.915888 0.956418
0.392075 0.913713 0.952699
0.389101 0.911478 0.948979
0.389075 0.911509 0.945260
0.386170 0.909189 0.941541
0.383311 0.906809 0.937821
0.380500 0.904372 0.934102
0.382590 0.901889 0.929480
0.384711 0.899370 0.924890
0.381930 0.897004 0.924890
0.379172 0.894608 0.924890
0.377760 0.896214 0.925724
0.373590 0.895366 0.926581
0.369418 0.894452 0.927458
0.365245 0.893476 0.928356
0.361074 0.892437 0.929275
0.356904 0.891335 0.930215
0.355451 0.892829 0.931177
0.354006 0.894316 0.932158
0.352568 0.895796 0.933161
0.351137 0.897268 0.934183
0.349713 0.898733 0.935227
0.348296 0.900190 0.936290
0.346887 0.901640 0.937374
0.342670 0.900326 0.938479
0.338458 0.898944 0.939603
0.334254 0.897498 0.940748
0.330059 0.895988 0.941912
0.330058 0.895987 0.941911
0.330058 0.895985 0.941911
0.330058 0.895983 0.941910
0.330057 0.895982 0.941909
0.330057 0.895980 0.941908
0.330056 0.895978 0.941908
0.330056 0.895977 0.941907
0.330056 0.895975 0.941906
0.330056 0.895974 0.941905
0.330055 0.895972 0.941905
0.330055 0.895970 0.941904
0.330055 0.895969 0.941903
0.330054 0.895967 0.941902
0.330054 0.895965 0.941902
0.330054 0.895964 0.941901
0.330053 0.895962 0.941900
0.330053 0.895960 0.941899
0.330053 0.895959 0.941899
0.330053 0.895957 0.941898
0.330052 0.895955 0.941897
0.330052 0.895954 0.941896
0.332347 0.893771 0.936991
0.334677 0.891552 0.932115
0.337044 0.889298 0.927271
0.337987 0.888397 0.923565
0.338957 0.887471 0.919872
0.339954 0.886519 0.916192
0.340977 0.885542 0.912527
0.340977 0.885540 0.912526
0.340977 0.885538 0.912525
0.340977 0.885536 0.912524
0.340977 0.885534 0.912523
0.340977 0.885532 0.912522
0.340977 0.885530 0.912521
0.340977 0.885528 0.912520
0.340977 0.885526 0.912519
0.340977 0.885524 0.912518
0.340977 0.885522 0.912517
0.340977 0.885520 0.912516
0.340977 0.885518 0.912515
0.340977 0.885516 0.912513
0.340977 0.885514 0.912512
0.340977 0.885512 0.912511
0.340977 0.885509 0.912510
0.340977 0.885507 0.912509
0.340977 0.885505 0.912508
0.340977 0.885503 0.912507
0.340977 0.885501 0.912506
0.340978 0.885499 0.912505
0.340978 0.885497 0.912504
0.340978 0.885495 0.912502
0.340978 0.885493 0.912501
0.340978 0.885491 0.912500
0.340978 0.885489 0.912499
0.340978 0.885486 0.912498
0.340978 0.885484 0.912497
0.340979 0.885482 0.912495
0.340979 0.885480 0.912494
0.340979 0.885478 0.912493
0.340979 0.885476 0.912492
0.340979 0.885474 0.912491
0.340980 0.885472 0.912490
0.340980 0.885470 0.912488
0.340980 0.885467 0.912487
0.340980 0.885465 0.912486
0.340980 0.885463 0.912485
0.340981 0.885461 0.912484
0.340981 0.885459 0.912482
0.340981 0.885457 0.912481
0.340982 0.885455 0.912480
0.340982 0.885452 0.912479
0.340982 0.885450 0.912477
0.340982 0.885448 0.912476
0.340983 0.885446 0.912475
0.340983 0.885444 0.912474
0.340983 0.885442 0.912472
0.340984 0.885440 0.912471
0.340984 0.885437 0.912470
0.340984 0.885435 0.912469
0.340985 0.885433 0.912467
0.340985 0.885431 0.912466
0.340985 0.885429 0.912465
0.340986 0.885427 0.912464
0.340986 0.885424 0.912462
0.340986 0.885422 0.912461
0.340987 0.885420 0.912460
0.340987 0.885418 0.912458
0.340987 0.885416 0.912457
0.340988 0.885414 0.912456
0.340988 0.885412 0.912455
0.340989 0.885409 0.912453
0.340989 0.885407 0.912452
0.340989 0.885405 0.912451
0.340990 0.885403 0.912449
0.340990 0.885401 0.912448
0.340991 0.885399 0.912447
0.343658 0.888174 0.912447
0.346353 0.890922 0.912445
0.346355 0.890923 0.912445
0.349077 0.893645 0.912445
0.349078 0.893646 0.912445
0.349078 0.893644 0.912444
0.349078 0.893642 0.912443
0.349079 0.893640 0.912441
0.349079 0.893637 0.912440
0.349079 0.893635 0.912439
0.349080 0.893633 0.912437
0.349309 0.893400 0.908587
0.349565 0.893139 0.904740
0.349847 0.892852 0.900898
0.350157 0.892538 0.897059
0.349045 0.893655 0.894248
0.347954 0.894752 0.891421
0.346881 0.895829 0.888578
0.345829 0.896886 0.885721
0.346245 0.896464 0.881827
0.346688 0.896014 0.877939
0.345697 0.897009 0.875038
0.347509 0.895180 0.867694
0.349419 0.893246 0.860413
0.348537 0.894131 0.857510
0.347675 0.894995 0.854595
0.346834 0.895838 0.851668
0.348978 0.893674 0.844480
0.351216 0.891410 0.837366
0.350481 0.892142 0.834448
0.349769 0.892855 0.831520
0.349076 0.893547 0.828583
0.348404 0.894217 0.825635
0.347753 0.894867 0.822678
0.347122 0.895495 0.819712
0.346511 0.896101 0.816737
0.345922 0.896687 0.813754
0.345352 0.897250 0.810763
0.344804 0.897792 0.807764
0.344276 0.898312 0.804757
0.347085 0.895483 0.797889
0.348106 0.894424 0.794018
0.346604 0.895922 0.794893
0.345109 0.897415 0.795790
0.344664 0.897849 0.792789
0.344659 0.897843 0.792789
0.344653 0.897837 0.792788
0.344647 0.897831 0.792788
0.344641 0.897824 0.792788
0.344635 0.897818 0.792788
0.344629 0.897812 0.792788
0.344622 0.897805 0.792788
0.344616 0.897799 0.792787
0.344610 0.897792 0.792787
0.344614 0.897805 0.792789
0.344628 0.897795 0.792775
0.344628 0.897795 0.792774
0.343578 0.898837 0.796690
0.342555 0.899853 0.800622
0.341560 0.900841 0.804567
0.340593 0.901802 0.808527
0.339655 0.902735 0.812500
0.338745 0.903641 0.816486
0.334708 0.907677 0.824627
0.332215 0.910182 0.831813
0.329817 0.912590 0.839081
0.327516 0.914902 0.846428
0.325312 0.917115 0.853851
0.323207 0.919229 0.861347
0.321202 0.921242 0.868915
0.319298 0.923153 0.876551
0.317496 0.924962 0.884253
0.315797 0.926668 0.892017
0.314202 0.928269 0.899841
0.312712 0.929764 0.907721
0.311327 0.931153 0.915656
0.313153 0.935481 0.923639
0.315176 0.939730 0.931673
0.317396 0.943820 0.935321
0.319679 0.947881 0.943427
0.322117 0.951814 0.951575
0.324707 0.955615 0.959761
0.327446 0.959279 0.967981
0.330330 0.962800 0.976233
0.333356 0.966177 0.984513
0.336521 0.969403 0.992818
0.339821 0.972476 1.001146
0.343253 0.975392 1.009493
0.346812 0.978146 1.017855
0.350495 0.980736 1.026231
0.354298 0.983157 1.034616
0.358216 0.985407 1.043007
0.362245 0.987483 1.051402
0.366382 0.989381 1.059797
0.370621 0.991098 1.068189
0.374957 0.992632 1.076574
0.379387 0.993979 1.084950
0.383906 0.995138 1.093314
0.388508 0.996106 1.101661
0.393190 0.996881 1.109989
0.397945 0.997461 1.118296
0.402770 0.997844 1.126576
0.407658 0.998028 1.134829
0.412378 0.998429 1.139153
0.416171 1.000486 1.139150
0.419984 1.002504 1.139146
0.424717 1.002716 1.143446
0.429452 1.002833 1.147728
0.434189 1.002856 1.151990
0.438025 1.004694 1.151987
0.443350 1.003298 1.154413
0.448639 1.001812 1.156805
0.453889 1.000237 1.159161
0.459100 0.998575 1.161482
0.464269 0.996825 1.163766
0.469396 0.994989 1.166015
0.474478 0.993067 1.168227
0.479514 0.991061 1.170402
0.484503 0.988972 1.172541
