0.592144 0.955962 1.103652
0.595642 0.954234 1.102514
0.599103 0.952458 1.101397
0.602528 0.950636 1.100300
0.605913 0.948768 1.099223
0.609261 0.946855 1.098167
0.612568 0.944897 1.097131
0.615836 0.942896 1.096116
0.619062 0.940852 1.095121
0.622247 0.938767 1.094147
0.622224 0.936678 1.093194
0.622200 0.934580 1.092262
0.622177 0.932473 1.091350
0.622153 0.930356 1.090460
0.622129 0.928231 1.089591
0.622106 0.926097 1.088744
0.622101 0.926098 1.088742
0.622096 0.926098 1.088741
0.622091 0.926099 1.088740
0.622086 0.926099 1.088738
0.622081 0.926099 1.088737
0.622076 0.926099 1.088736
0.622071 0.926099 1.088735
0.622066 0.926100 1.088733
0.622061 0.926100 1.088732
0.622056 0.926100 1.088731
0.622051 0.926100 1.088730
0.622046 0.926101 1.088728
0.622041 0.926101 1.088727
0.622037 0.926101 1.088726
0.622032 0.926102 1.088725
0.622027 0.926102 1.088724
0.622022 0.926102 1.088722
0.622017 0.926103 1.088721
0.622012 0.926103 1.088720
0.622007 0.926103 1.088719
0.622002 0.926104 1.088718
0.621997 0.926104 1.088717
0.621993 0.926105 1.088716
0.621988 0.926105 1.088714
0.621983 0.926106 1.088713
0.621978 0.926106 1.088712
0.621973 0.926107 1.088711
0.621968 0.926107 1.088710
0.621964 0.926108 1.088709
0.621959 0.926109 1.088708
0.621954 0.926109 1.088707
0.621949 0.926110 1.088706
0.621944 0.926111 1.088705
0.621940 0.926111 1.088704
0.621935 0.926112 1.088703
0.621930 0.926113 1.088702
0.621925 0.926114 1.088701
0.621921 0.926114 1.088700
0.621916 0.926115 1.088699
0.621911 0.926116 1.088698
0.621906 0.926116 1.088697
0.621901 0.926117 1.088696
0.621897 0.926118 1.088695
0.621892 0.926118 1.088694
0.621887 0.926119 1.088693
0.621883 0.926119 1.088692
0.621878 0.926120 1.088691
0.621873 0.926121 1.088690
0.621869 0.926122 1.088690
0.621864 0.926122 1.088689
0.621880 0.928963 1.090301
0.621897 0.931819 1.091884
0.621914 0.934691 1.093440
0.621931 0.937579 1.094966
0.621946 0.940481 1.096463
0.621962 0.943398 1.097931
0.621979 0.946329 1.099370
0.621996 0.949275 1.100780
0.622012 0.952234 1.102160
0.622030 0.955207 1.103511
0.622047 0.958194 1.104831
0.622064 0.961194 1.106122
0.622082 0.964206 1.107383
0.622100 0.967231 1.108613
0.622118 0.970268 1.109813
0.622136 0.973317 1.110983
0.622154 0.976377 1.112122
0.622172 0.979449 1.113231
0.622191 0.982531 1.114309
0.622210 0.985624 1.115355
0.622228 0.988728 1.116371
0.622247 0.991841 1.117356
0.622266 0.994964 1.118310
0.622286 0.998097 1.119232
0.622305 1.001239 1.120123
0.622324 1.004389 1.120982
0.622344 1.007548 1.121810
0.622363 1.010715 1.122606
0.622383 1.013889 1.123370
0.622402 1.017072 1.124103
0.622422 1.020261 1.124804
0.622441 1.023457 1.125473
0.622461 1.026660 1.126109
0.622480 1.029869 1.126714
0.622499 1.033083 1.127286
0.622518 1.036304 1.127827
0.622537 1.039529 1.128335
0.622556 1.042760 1.128810
0.622574 1.045995 1.129253
0.622591 1.049234 1.129664
0.622608 1.052477 1.130043
0.622625 1.055724 1.130388
0.622640 1.058974 1.130702
0.622655 1.062227 1.130982
0.622669 1.065483 1.131230
0.622683 1.068741 1.131445
0.622695 1.072001 1.131628
0.622706 1.075262 1.131778
0.622715 1.078525 1.131895
0.622724 1.081789 1.131979
0.622731 1.085053 1.132031
0.622736 1.088318 1.132049
0.622751 1.090451 1.132892
0.622760 1.094459 1.129023
0.622772 1.098428 1.125112
0.622776 1.100551 1.125974
0.622778 1.104481 1.122026
0.622785 1.108371 1.118036
0.622792 1.112220 1.114007
0.622796 1.116029 1.109940
0.622798 1.119797 1.105834
0.622798 1.123523 1.101691
0.622796 1.127208 1.097511
0.622792 1.130851 1.093294
0.622786 1.134451 1.089040
0.622779 1.138008 1.084751
0.622770 1.141522 1.080426
0.622759 1.144993 1.076066
0.622747 1.148420 1.071671
0.622735 1.151802 1.067242
0.622721 1.155140 1.062780
0.622692 1.156309 1.057418
0.622660 1.157423 1.052043
0.622628 1.158483 1.046658
0.622596 1.159489 1.041263
0.622566 1.160442 1.035858
0.622537 1.161340 1.030444
0.622509 1.162184 1.025021
0.622484 1.162974 1.019590
0.622461 1.163709 1.014151
0.622441 1.164390 1.008706
0.622424 1.165016 1.003254
0.622409 1.165588 0.997796
0.622398 1.166105 0.992333
0.622391 1.166568 0.986865
0.622386 1.166976 0.981393
0.622385 1.167329 0.975917
0.622388 1.167627 0.970438
0.622395 1.167870 0.964956
0.622404 1.167398 0.955605
0.622482 1.166687 0.951733
0.622530 1.165941 0.947872
0.622584 1.168180 0.948336
0.622629 1.170417 0.948826
0.622606 1.172690 0.943816
0.622678 1.174918 0.944324
0.622735 1.177144 0.944859
0.622784 1.179366 0.945415
0.622828 1.181581 0.945994
0.622849 1.180763 0.942153
0.622870 1.179900 0.938316
0.622910 1.182105 0.938911
0.622952 1.184308 0.939534
0.622972 1.183413 0.935710
0.622991 1.182474 0.931891
0.623030 1.184665 0.932530
0.623071 1.186855 0.933197
0.623091 1.185884 0.929392
0.623111 1.184869 0.925592
0.623139 1.184867 0.925590
0.623162 1.184866 0.925589
0.623248 1.185010 0.931237
0.623298 1.185099 0.936887
0.623329 1.185131 0.942537
0.623349 1.185106 0.948187
0.623362 1.185026 0.953837
0.623369 1.184888 0.959486
0.623361 1.181771 0.960462
0.623342 1.178645 0.961405
0.623290 1.173356 0.961514
0.623234 1.168052 0.961614
0.623177 1.162732 0.961705
0.623115 1.157397 0.961786
0.623050 1.152046 0.961857
0.622981 1.146680 0.961918
0.622911 1.141300 0.961969
0.622839 1.135907 0.962010
0.622765 1.130500 0.962041
0.622691 1.125081 0.962063
0.622615 1.119650 0.962075
0.622540 1.114207 0.962076
0.622464 1.108753 0.962068
0.622388 1.103289 0.962050
0.622313 1.097815 0.962022
0.622239 1.092332 0.961984
0.622166 1.086840 0.961936
0.622094 1.081339 0.961879
0.622023 1.075831 0.961811
0.621954 1.070316 0.961733
0.621887 1.064794 0.961646
0.621822 1.059267 0.961549
0.621758 1.053733 0.961442
0.621697 1.048195 0.961325
0.621637 1.042653 0.961198
0.621579 1.037106 0.961062
0.621523 1.031557 0.960916
0.621469 1.026004 0.960760
0.621417 1.020450 0.960594
0.621367 1.014894 0.960418
0.621318 1.009337 0.960233
0.621271 1.003779 0.960038
0.621225 0.998222 0.959834
0.621181 0.992665 0.959619
0.621138 0.987109 0.959395
0.621096 0.981555 0.959162
0.621055 0.976004 0.958918
0.621016 0.970455 0.958666
0.620977 0.964909 0.958403
0.620939 0.959368 0.958131
0.620920 0.956124 0.957751
0.620902 0.952885 0.957338
0.620897 0.952725 0.960666
0.620894 0.952531 0.963993
0.620922 0.957561 0.971196
0.620948 0.962438 0.978600
0.620955 0.964867 0.986047
0.620950 0.964421 0.989494
0.620944 0.963939 0.992936
0.620926 0.960746 0.992267
0.620920 0.960236 0.995671
0.620913 0.959692 0.999071
0.620906 0.959114 1.002465
0.620899 0.958502 1.005853
0.620891 0.957856 1.009234
0.620883 0.957176 1.012609
0.620875 0.956462 1.015976
0.620867 0.955713 1.019336
0.620859 0.954931 1.022688
0.620851 0.954116 1.026033
0.620843 0.953267 1.029369
0.620835 0.952385 1.032696
0.620827 0.951469 1.036014
0.620818 0.950521 1.039323
0.620809 0.949539 1.042622
0.620800 0.948524 1.045911
0.620791 0.947477 1.049190
0.620782 0.946397 1.052458
0.620772 0.945284 1.055716
0.620762 0.944139 1.058961
0.620752 0.942961 1.062196
0.620742 0.941751 1.065418
0.620731 0.940509 1.068628
0.620720 0.939235 1.071826
0.620709 0.937929 1.075010
0.620698 0.936592 1.078181
0.620686 0.935222 1.081339
0.620674 0.933821 1.084483
0.620661 0.932389 1.087613
0.620649 0.930926 1.090728
0.620636 0.929431 1.093828
0.620622 0.927906 1.096913
0.620623 0.927904 1.096912
0.617545 0.927893 1.096911
