0.379182 1.036975 1.070552
0.377524 1.039789 1.070532
0.375866 1.042602 1.070479
0.374206 1.045413 1.070394
0.372545 1.048223 1.070276
0.370837 1.051127 1.066200
0.369139 1.053990 1.062090
0.367457 1.056814 1.057946
0.365794 1.059601 1.053770
0.364150 1.062351 1.049562
0.362527 1.065064 1.045321
0.360922 1.067739 1.041050
0.359339 1.070376 1.036747
0.357776 1.072975 1.032414
0.356233 1.075536 1.028050
0.354712 1.078058 1.023657
0.353213 1.080542 1.019235
0.351543 1.083297 1.018694
0.349887 1.086053 1.018122
0.348239 1.088806 1.017517
0.346787 1.091247 1.012970
0.345350 1.093643 1.008395
0.343934 1.095997 1.003792
0.342540 1.098312 0.999161
0.341171 1.100587 0.994504
0.339827 1.102822 0.989820
0.338508 1.105018 0.985111
0.337215 1.107175 0.980376
0.338504 1.110759 0.975605
0.338508 1.113551 0.970826
0.337904 1.115937 0.966020
0.339559 1.119535 0.961182
0.339835 1.122298 0.956331
0.339416 1.124612 0.951455
0.338674 1.126691 0.946556
0.337791 1.128634 0.941636
0.336853 1.130490 0.936694
0.335904 1.132283 0.931732
0.334962 1.134024 0.926750
0.334040 1.135717 0.921748
0.333139 1.137366 0.916727
0.332264 1.138972 0.911687
0.331415 1.140533 0.906630
0.330591 1.142052 0.901555
0.329794 1.143527 0.896462
0.329023 1.144957 0.891354
0.328278 1.146344 0.886229
0.327559 1.147687 0.881089
0.326866 1.148985 0.875933
0.326199 1.150238 0.870764
0.325557 1.151446 0.865580
0.324216 1.153966 0.863995
0.322881 1.156473 0.862382
0.321555 1.158966 0.860741
0.320238 1.161445 0.859072
0.318931 1.163910 0.857375
0.317633 1.166360 0.855649
0.316344 1.168796 0.853896
0.315065 1.171216 0.852115
0.313796 1.173621 0.850307
0.312536 1.176011 0.848472
0.311286 1.178384 0.846609
0.310046 1.180742 0.844719
0.308815 1.183083 0.842803
0.308911 1.183131 0.842799
0.308974 1.183162 0.842795
0.309027 1.183188 0.842791
0.309510 1.182274 0.836364
0.310070 1.181326 0.829943
0.310673 1.180327 0.823534
0.311310 1.179274 0.817136
0.311419 1.179325 0.817128
0.311481 1.179356 0.817124
0.311532 1.179380 0.817121
0.310531 1.181276 0.817928
0.307729 1.186480 0.823174
0.305977 1.189776 0.827627
0.305474 1.190572 0.822008
0.305059 1.191343 0.816371
0.304123 1.193231 0.817258
0.303704 1.193942 0.811618
0.303349 1.194617 0.805965
0.302414 1.196494 0.806873
0.303078 1.195271 0.800300
0.302136 1.197144 0.801209
0.301797 1.197706 0.795547
0.301521 1.198231 0.789873
0.301605 1.198268 0.789865
0.301652 1.198290 0.789861
0.301692 1.198308 0.789858
0.301730 1.198325 0.789854
0.300801 1.197758 0.789836
0.300692 1.197669 0.789817
0.300834 1.197692 0.789784
0.300985 1.197725 0.789753
0.301131 1.197758 0.789725
0.301270 1.197791 0.789699
0.301319 1.197822 0.789700
0.300717 1.199165 0.796275
0.300090 1.200440 0.802882
0.299487 1.201654 0.809504
0.298915 1.202809 0.816138
0.298375 1.203906 0.822785
0.297867 1.204946 0.829443
0.297392 1.205927 0.836113
0.296949 1.206849 0.842792
0.296539 1.207714 0.849482
0.298804 1.203693 0.850355
0.301109 1.199635 0.851201
0.303434 1.195555 0.852041
0.305775 1.191451 0.852877
0.308130 1.187322 0.853706
0.310498 1.183168 0.854530
0.310172 1.183932 0.860935
0.309855 1.184647 0.867363
0.309565 1.185302 0.873799
0.309304 1.185900 0.880241
0.309072 1.186441 0.886689
0.308871 1.186925 0.893143
0.308700 1.187352 0.899601
0.308559 1.187722 0.906064
0.308448 1.188035 0.912530
0.308368 1.188291 0.918999
0.308317 1.188489 0.925470
0.310701 1.184258 0.925773
0.313107 1.179993 0.926050
0.315528 1.175707 0.926319
0.317959 1.171398 0.926579
0.320402 1.167066 0.926829
0.322854 1.162712 0.927071
0.325316 1.158336 0.927304
0.327786 1.153938 0.927528
0.330264 1.149519 0.927743
0.332751 1.145078 0.927948
0.335245 1.140617 0.928145
0.337746 1.136135 0.928332
0.340254 1.131633 0.928509
0.342769 1.127112 0.928678
0.345290 1.122571 0.928837
0.347817 1.118011 0.928986
0.350349 1.113433 0.929126
0.352888 1.108837 0.929256
0.355431 1.104224 0.929377
0.355358 1.104300 0.934889
0.355315 1.104334 0.940405
0.355300 1.104321 0.945922
0.355311 1.104258 0.951438
0.355346 1.104147 0.956953
0.355405 1.103985 0.962467
0.355488 1.103774 0.967978
0.355595 1.103513 0.973487
0.355725 1.103202 0.978993
0.358270 1.098586 0.978633
0.360807 1.093944 0.978257
0.365992 1.090706 0.977847
0.372307 1.088041 0.977438
0.379093 1.085568 0.977025
0.383235 1.081700 0.976628
0.386339 1.077272 0.976206
0.386694 1.077050 0.981338
0.386928 1.076708 0.986467
0.387131 1.076293 0.991590
0.387337 1.075822 0.996708
0.387561 1.075302 1.001820
0.387806 1.074736 1.006927
0.388075 1.074124 1.012027
0.388367 1.073468 1.017120
0.390803 1.068738 1.016253
0.396679 1.065720 1.015350
0.403275 1.063020 1.014452
0.409988 1.060315 1.013547
0.416670 1.057532 1.012630
0.423287 1.054655 1.011703
0.429831 1.051683 1.010764
0.436299 1.048617 1.009813
0.442690 1.045458 1.008851
0.449002 1.042209 1.007878
0.455234 1.038870 1.006894
0.461384 1.035444 1.005899
0.467451 1.031932 1.004894
0.473434 1.028337 1.003877
0.479332 1.024659 1.002849
0.485143 1.020902 1.001811
0.490865 1.017066 1.000763
0.496499 1.013154 0.999704
0.502042 1.009167 0.998635
0.507493 1.005108 0.997555
0.512852 1.000978 0.996465
0.518117 0.996780 0.995366
0.523287 0.992515 0.994256
0.524144 0.989421 0.993658
0.524962 0.986322 0.993027
0.525779 0.983229 0.992364
0.525900 0.982730 0.996113
0.526031 0.982196 0.999857
0.526173 0.981625 1.003596
0.526894 0.978881 1.006719
0.526983 0.978487 1.014342
0.527111 0.977944 1.021965
0.527876 0.975034 1.025005
0.528647 0.972094 1.028015
0.529426 0.969125 1.030994
0.530212 0.966127 1.033943
0.531005 0.963102 1.036860
0.535208 0.960912 1.039746
0.539367 0.958646 1.042600
0.543478 0.956303 1.045423
0.547540 0.953884 1.048213
0.551551 0.951391 1.050970
0.555510 0.948825 1.053695
0.559415 0.946185 1.056386
0.563267 0.943475 1.059045
0.567060 0.940695 1.061669
0.570796 0.937846 1.064260
0.574474 0.934929 1.066816
0.574646 0.933686 1.069992
0.577780 0.934123 1.069991
0.580918 0.934528 1.069991
0.584203 0.933625 1.073153
0.587470 0.932658 1.076303
0.590716 0.931626 1.079439
0.593747 0.932683 1.083324
0.596800 0.933657 1.087260
0.599933 0.933872 1.087260
0.603142 0.932603 1.090397
0.606325 0.931270 1.093520
0.609481 0.929873 1.096628
0.612608 0.928412 1.099721
0.615706 0.926888 1.102798
0.615701 0.926888 1.102797
0.615696 0.926887 1.102796
0.618760 0.926915 1.102796
0.621825 0.926912 1.102795
0.621820 0.926911 1.102795
0.621816 0.926911 1.102794
0.621811 0.926911 1.102793
0.621806 0.926911 1.102793
0.621802 0.926910 1.102792
0.621795 0.929721 1.104455
0.621788 0.932548 1.106089
0.621782 0.935391 1.107695
0.621776 0.938250 1.109273
0.621770 0.941125 1.110821
0.621764 0.944015 1.112341
