0.335484 1.106490 0.956670
0.333966 1.109139 0.955510
0.332457 1.111779 0.954320
0.330958 1.114411 0.953099
0.329837 1.116399 0.947991
0.328748 1.118346 0.942859
0.327689 1.120250 0.937705
0.326237 1.122849 0.936362
0.324790 1.125436 0.934991
0.323769 1.127272 0.929758
0.322784 1.129067 0.924501
0.321373 1.131624 0.923040
0.319966 1.134167 0.921551
0.318565 1.136697 0.920032
0.317173 1.139214 0.918485
0.315791 1.141718 0.916909
0.314418 1.144209 0.915304
0.313502 1.145878 0.909856
0.312628 1.147505 0.904387
0.311663 1.149485 0.905020
0.310652 1.151436 0.905679
0.309746 1.152985 0.900196
0.308912 1.154507 0.894691
0.307947 1.156472 0.895367
0.306941 1.158410 0.896070
0.305923 1.160332 0.896794
0.304904 1.162244 0.897541
0.303886 1.164149 0.898308
0.303028 1.165599 0.892791
0.302249 1.167025 0.887252
0.301515 1.168413 0.881697
0.300815 1.169757 0.876126
0.299874 1.171691 0.876909
0.298887 1.173595 0.877719
0.297888 1.175482 0.878551
0.296888 1.177359 0.879404
0.295891 1.179227 0.880278
0.296199 1.178646 0.873820
0.296590 1.178032 0.867362
0.300650 1.179475 0.860941
0.306129 1.181593 0.854508
0.308316 1.181736 0.848048
0.309311 1.181154 0.841617
0.309993 1.180330 0.835201
0.310144 1.180402 0.835190
0.309185 1.182345 0.835935
0.308209 1.184270 0.836701
0.307231 1.186186 0.837490
0.306256 1.188095 0.838300
0.305284 1.189995 0.839131
0.304316 1.191888 0.839984
0.303352 1.193774 0.840858
0.303841 1.192842 0.834312
0.304410 1.191873 0.827771
0.304004 1.192731 0.822076
0.303625 1.193541 0.816372
0.303273 1.194300 0.810660
0.302948 1.195008 0.804940
0.302649 1.195665 0.799212
0.301729 1.197578 0.800058
0.301412 1.198168 0.794330
0.301494 1.198202 0.794320
0.301541 1.198223 0.794316
0.301582 1.198241 0.794311
0.301621 1.198258 0.794307
0.301661 1.198274 0.794302
0.301416 1.198148 0.794320
0.301290 1.198102 0.794345
0.301174 1.198062 0.794371
0.301064 1.198027 0.794398
0.301062 1.198036 0.794407
0.301063 1.198047 0.794417
0.300479 1.199336 0.800989
0.299883 1.200573 0.807596
0.299308 1.201746 0.814217
0.298761 1.202859 0.820851
0.298246 1.203913 0.827497
0.297764 1.204910 0.834153
0.297313 1.205849 0.840820
0.296896 1.206729 0.847498
0.296511 1.207551 0.854184
0.296158 1.208315 0.860878
0.295838 1.209021 0.867581
0.295550 1.209667 0.874291
0.295295 1.210256 0.881007
0.295072 1.210785 0.887729
0.294882 1.211256 0.894457
0.294724 1.211667 0.901188
0.294598 1.212020 0.907924
0.294504 1.212314 0.914663
0.294442 1.212548 0.921405
0.294414 1.212725 0.928148
0.294417 1.212841 0.934892
0.294451 1.212898 0.941637
0.294516 1.212895 0.948382
0.294613 1.212833 0.955126
0.294740 1.212711 0.961868
0.294899 1.212529 0.968608
0.295089 1.212288 0.975345
0.295309 1.211987 0.982079
0.295560 1.211626 0.988808
0.295841 1.211205 0.995533
0.296153 1.210724 1.002252
0.296494 1.210183 1.008965
0.297948 1.207586 1.010308
0.299415 1.204965 1.011598
0.300886 1.202331 1.012858
0.302360 1.199686 1.014090
0.303837 1.197029 1.015291
0.307824 1.195722 1.016455
0.313292 1.195181 1.017593
0.319554 1.195008 1.018702
0.323747 1.193717 1.019795
0.326689 1.191755 1.020855
0.328943 1.189423 1.021882
0.331604 1.185318 1.021400
0.334059 1.181077 1.020900
0.336403 1.176753 1.020387
0.338689 1.172372 1.019861
0.340946 1.167951 1.019322
0.343190 1.163498 1.018770
0.345431 1.159019 1.018206
0.347672 1.154517 1.017628
0.349919 1.149993 1.017038
0.352170 1.145449 1.016436
0.354428 1.140886 1.015821
0.354702 1.140164 1.021649
0.355017 1.139404 1.027477
0.355365 1.138595 1.033297
0.355742 1.137736 1.039107
0.356146 1.136826 1.044908
0.356577 1.135865 1.050698
0.358849 1.131345 1.049774
0.361111 1.126794 1.048828
0.363372 1.122223 1.047868
0.365638 1.117635 1.046894
0.367911 1.113032 1.045907
0.370193 1.108415 1.044906
0.372483 1.103786 1.043893
0.374783 1.099144 1.042866
0.377091 1.094490 1.041826
0.379408 1.089825 1.040774
0.381733 1.085149 1.039708
0.384067 1.080462 1.038630
0.386408 1.075766 1.037539
0.388758 1.071060 1.036436
0.391115 1.066345 1.035320
0.393479 1.061622 1.034192
0.399579 1.058772 1.033034
0.406178 1.056127 1.031879
0.412797 1.053431 1.030714
0.419357 1.050644 1.029538
0.425845 1.047763 1.028350
0.432260 1.044790 1.027150
0.438599 1.041724 1.025938
0.444861 1.038570 1.024715
0.451044 1.035326 1.023480
0.457148 1.031997 1.022235
0.463169 1.028583 1.020978
0.469108 1.025086 1.019710
0.474963 1.021508 1.018431
0.480733 1.017851 1.017141
0.486416 1.014116 1.015840
0.492012 1.010306 1.014529
0.497317 1.007073 1.009150
0.502564 1.003709 1.003863
0.507749 1.000216 0.998667
0.507787 1.000228 0.998668
0.507941 0.999672 1.002629
0.508106 0.999078 1.006583
0.509606 0.993888 1.005285
0.511105 0.988698 1.003977
0.516225 0.984558 1.002658
0.521271 0.980361 1.001331
0.526223 0.976101 0.999994
0.530951 0.972304 0.995016
0.531082 0.971781 0.998647
0.531214 0.971222 1.002272
0.530749 0.973046 1.010399
0.530324 0.974703 1.018593
0.529942 0.976191 1.026852
0.530142 0.975358 1.030521
0.530867 0.972372 1.033459
0.531599 0.969357 1.036366
0.532338 0.966315 1.039242
0.533084 0.963244 1.042087
0.533836 0.960147 1.044900
0.534596 0.957022 1.047681
0.538704 0.954700 1.050429
0.542764 0.952303 1.053145
0.546774 0.949832 1.055829
0.550732 0.947289 1.058479
0.554637 0.944674 1.061095
0.558487 0.941989 1.063678
0.562281 0.939234 1.066228
0.566018 0.936410 1.068743
0.569697 0.933520 1.071223
0.573316 0.930563 1.073669
0.576875 0.927542 1.076081
0.577045 0.926206 1.079179
0.577323 0.924045 1.078456
0.577318 0.924044 1.078456
0.577030 0.926203 1.079177
0.576744 0.928356 1.079920
0.576459 0.930500 1.080685
0.576454 0.930499 1.080685
0.576449 0.930498 1.080684
0.576626 0.929117 1.083812
0.579886 0.928121 1.086926
0.583125 0.927060 1.090025
0.586342 0.925934 1.093110
0.589535 0.924745 1.096179
0.592704 0.923491 1.099233
0.595735 0.923748 1.099233
0.598769 0.923975 1.099232
0.601727 0.925717 1.096177
0.604718 0.927399 1.093106
0.607788 0.927536 1.093106
0.610859 0.927642 1.093105
0.613931 0.927718 1.093104
0.617004 0.927763 1.093104
0.620077 0.927777 1.093103
0.620072 0.927777 1.093103
