0.619132 1.107797 0.998878
0.619127 1.102344 0.998524
0.619124 1.096882 0.998160
0.619122 1.091411 0.997786
0.619123 1.085932 0.997401
0.619111 1.082671 0.997571
0.619101 1.079407 0.997708
0.619093 1.076143 0.997813
0.619102 1.070653 0.997320
0.619113 1.065157 0.996816
0.619125 1.059655 0.996303
0.619139 1.054149 0.995779
0.619155 1.048637 0.995244
0.619172 1.043123 0.994700
0.619191 1.037604 0.994146
0.619212 1.032083 0.993581
0.619233 1.026560 0.993007
0.619256 1.021035 0.992423
0.619281 1.015509 0.991829
0.619306 1.009982 0.991225
0.619332 1.004456 0.990611
0.619358 0.998929 0.989988
0.619385 0.993404 0.989354
0.619413 0.987881 0.988712
0.619442 0.982360 0.988060
0.619470 0.976841 0.987398
0.619499 0.971326 0.986727
0.619527 0.965814 0.986047
0.619555 0.960307 0.985358
0.619571 0.957099 0.984748
0.619587 0.953896 0.984106
0.619585 0.953469 0.987443
0.619571 0.955297 0.990933
0.619557 0.957087 0.994487
0.619542 0.958837 0.998104
0.619523 0.960825 1.005702
0.619504 0.962652 1.013369
0.619499 0.962053 1.020717
0.619510 0.958996 1.023748
0.619522 0.955907 1.026748
0.619540 0.952782 1.025788
0.619557 0.949668 1.024798
0.619544 0.951090 1.028497
0.619545 0.950216 1.031802
0.619545 0.949309 1.035099
0.619546 0.948370 1.038387
0.619546 0.947398 1.041665
0.619547 0.946393 1.044933
0.619548 0.945356 1.048190
0.619549 0.944286 1.051438
0.619550 0.943184 1.054674
0.619551 0.942049 1.057899
0.619552 0.940882 1.061113
0.619553 0.939683 1.064314
0.619554 0.938453 1.067504
0.619555 0.937190 1.070681
0.619556 0.935895 1.073845
0.619557 0.934570 1.076997
0.619559 0.933212 1.080134
0.619560 0.931824 1.083258
0.619561 0.930404 1.086368
0.619562 0.928953 1.089464
0.619563 0.927471 1.092545
0.619564 0.925959 1.095611
0.616506 0.925937 1.095609
0.613447 0.925885 1.095608
0.610390 0.925803 1.095607
0.607333 0.925690 1.095605
0.604278 0.925546 1.095604
0.601224 0.925372 1.095603
0.598172 0.925168 1.095601
0.595123 0.924932 1.095600
0.592075 0.924667 1.095599
0.589031 0.924371 1.095598
0.585990 0.924044 1.095596
0.582952 0.923688 1.095595
0.579918 0.923300 1.095594
0.576888 0.922883 1.095592
0.573636 0.923929 1.092524
0.570131 0.926247 1.094139
0.566572 0.928541 1.095726
0.562959 0.930810 1.097283
0.559294 0.933052 1.098812
0.555574 0.935266 1.100312
0.551802 0.937452 1.101783
0.547976 0.939607 1.103224
0.544097 0.941732 1.104636
0.540165 0.943825 1.106019
0.536181 0.945884 1.107373
0.532144 0.947909 1.108696
0.528055 0.949897 1.109989
0.523914 0.951849 1.111252
0.519722 0.953762 1.112485
0.515479 0.955636 1.113687
0.511184 0.957470 1.114860
0.506839 0.959262 1.116002
0.502443 0.961012 1.117113
0.497998 0.962718 1.118194
0.493503 0.964378 1.119243
0.488960 0.965992 1.120261
0.484369 0.967559 1.121248
0.479729 0.969078 1.122205
0.475042 0.970548 1.123130
0.470308 0.971966 1.124024
0.465529 0.973333 1.124886
0.460703 0.974646 1.125716
0.455833 0.975906 1.126515
0.450919 0.977110 1.127281
0.445961 0.978259 1.128017
0.440960 0.979350 1.128721
0.435916 0.980383 1.129392
0.430832 0.981357 1.130032
0.425706 0.982270 1.130639
0.424162 0.985089 1.131216
0.422633 0.987922 1.131760
0.421751 0.989567 1.127575
0.420890 0.991176 1.123372
0.420048 0.992747 1.119150
0.415555 0.992288 1.114913
0.414667 0.993737 1.110655
0.413868 0.995187 1.106383
0.413091 0.996599 1.102094
0.408693 0.995951 1.097791
0.404190 0.995147 1.093471
0.399699 0.994246 1.089134
0.395225 0.993258 1.084784
0.394271 0.994311 1.080415
0.393549 0.995454 1.076036
0.392865 0.996570 1.071644
0.392205 0.997648 1.067240
0.391567 0.998688 1.062823
0.390950 0.999689 1.058395
0.390355 1.000652 1.053954
0.389782 1.001576 1.049503
0.392482 1.004399 1.045030
0.392481 1.005562 1.040567
0.392086 1.006436 1.036087
0.391631 1.007222 1.031596
0.389944 1.010009 1.031359
0.388264 1.012796 1.031090
0.386585 1.015581 1.030788
0.384907 1.018363 1.030454
0.383305 1.021042 1.026162
0.381715 1.023679 1.021839
0.380557 1.025625 1.022198
0.379382 1.027559 1.022581
0.377788 1.030142 1.018227
0.376229 1.032696 1.013843
0.374697 1.035214 1.009429
0.373189 1.037694 1.004986
0.371704 1.040137 1.000515
0.370242 1.042541 0.996014
0.368803 1.044906 0.991486
0.367388 1.047233 0.986931
0.365997 1.049521 0.982349
0.364630 1.051770 0.977740
0.363289 1.053980 0.973105
0.361972 1.056151 0.968444
0.360681 1.058282 0.963758
0.359417 1.060375 0.959048
0.358178 1.062428 0.954313
0.356966 1.064441 0.949554
0.355780 1.066415 0.944773
0.358164 1.067813 0.944766
0.361674 1.069844 0.944764
0.365724 1.072145 0.944762
0.370040 1.074544 0.944761
0.372054 1.075641 0.939579
0.371504 1.078879 0.938576
0.370470 1.081841 0.937542
0.369212 1.084670 0.936476
0.368282 1.086640 0.931557
0.367325 1.088539 0.926616
0.366340 1.090578 0.926998
0.365315 1.092591 0.927404
0.364273 1.094590 0.927831
0.363223 1.096581 0.928282
0.362172 1.098565 0.928755
0.361121 1.100544 0.929250
0.360071 1.102517 0.929768
0.359023 1.104486 0.930307
0.357989 1.106288 0.925346
0.357012 1.108063 0.920363
0.356076 1.109803 0.915360
0.355173 1.111504 0.910338
0.354299 1.113164 0.905296
0.353453 1.114781 0.900236
0.352634 1.116355 0.895158
0.351842 1.117886 0.890062
0.350480 1.120503 0.888662
0.349125 1.123108 0.887234
0.347779 1.125702 0.885776
0.346442 1.128284 0.884289
0.345113 1.130853 0.882772
0.343794 1.133410 0.881227
0.342484 1.135954 0.879653
0.341183 1.138484 0.878050
0.339892 1.141001 0.876419
0.338610 1.143505 0.874759
0.337337 1.145994 0.873071
0.336074 1.148469 0.871355
0.334820 1.150929 0.869611
0.333575 1.153374 0.867839
0.332340 1.155803 0.866040
0.331114 1.158217 0.864213
0.329898 1.160615 0.862360
0.328692 1.162997 0.860479
0.327495 1.165362 0.858571
0.326308 1.167711 0.856636
0.325130 1.170042 0.854675
0.323963 1.172356 0.852688
0.322806 1.174652 0.850674
0.317887 1.174862 0.848602
0.315467 1.176447 0.846561
0.313989 1.178504 0.844477
0.313342 1.179535 0.838655
0.312373 1.181525 0.839202
0.311803 1.182533 0.833370
0.311310 1.183507 0.827517
