0.620000 0.930747 1.100168
0.620001 0.930745 1.100167
0.620002 0.930743 1.100165
0.623110 0.930726 1.100164
0.626218 0.930677 1.100162
0.629371 0.932153 1.097046
0.632607 0.934893 1.098633
0.635900 0.937614 1.100192
0.639249 0.940317 1.101722
0.642655 0.942998 1.103222
0.646117 0.945658 1.104694
0.649636 0.948297 1.106137
0.653212 0.950911 1.107551
0.656845 0.953500 1.108935
0.660534 0.956063 1.110289
0.664280 0.958598 1.111614
0.668083 0.961104 1.112908
0.671942 0.963581 1.114172
0.675858 0.966026 1.115406
0.679829 0.968440 1.116610
0.683856 0.970820 1.117784
0.687939 0.973166 1.118927
0.692077 0.975476 1.120040
0.696271 0.977749 1.121121
0.700519 0.979983 1.122171
0.704822 0.982178 1.123191
0.709180 0.984333 1.124180
0.713590 0.986446 1.125137
0.718055 0.988516 1.126064
0.722572 0.990542 1.126958
0.727142 0.992523 1.127822
0.731763 0.994457 1.128653
0.736436 0.996343 1.129453
0.741160 0.998181 1.130221
0.745934 0.999969 1.130958
0.750758 1.001706 1.131663
0.755632 1.003392 1.132336
0.760554 1.005024 1.132978
0.765525 1.006602 1.133588
0.770543 1.008125 1.134166
0.775609 1.009591 1.134712
0.780720 1.011000 1.135226
0.785877 1.012349 1.135707
0.791078 1.013639 1.136157
0.796323 1.014868 1.136573
0.797718 1.017797 1.136959
0.799040 1.020760 1.137310
0.804278 1.021957 1.137627
0.809662 1.023043 1.137914
0.815089 1.024062 1.138168
0.816682 1.026912 1.138393
0.818105 1.029845 1.138583
0.819518 1.032786 1.138739
0.820929 1.035728 1.138863
0.822340 1.038672 1.138954
0.823750 1.041617 1.139012
0.825159 1.044563 1.139037
0.826566 1.047510 1.139030
0.827972 1.050457 1.138990
0.829376 1.053404 1.138917
0.830779 1.056352 1.138812
0.832180 1.059298 1.138674
0.837196 1.060476 1.138489
0.839298 1.063075 1.138297
0.840877 1.065928 1.138063
0.842336 1.068837 1.137795
0.843765 1.071758 1.137493
0.845184 1.074681 1.137159
0.846598 1.077601 1.136792
0.848008 1.080519 1.136393
0.849416 1.083434 1.135961
0.850821 1.086345 1.135496
0.852223 1.089252 1.134999
0.853623 1.092155 1.134470
0.855020 1.095052 1.133908
0.856414 1.097945 1.133314
0.857806 1.100832 1.132687
0.859196 1.103712 1.132029
0.860583 1.106587 1.131338
0.862319 1.110168 1.126772
0.864037 1.113705 1.122162
0.865736 1.117200 1.117514
0.867417 1.120651 1.112826
0.869079 1.124060 1.108101
0.870722 1.127424 1.103337
0.872346 1.130744 1.098537
0.873953 1.134020 1.093699
0.875540 1.137251 1.088825
0.877110 1.140435 1.083915
0.878660 1.143574 1.078970
0.880193 1.146667 1.073990
0.881707 1.149713 1.068975
0.883202 1.152712 1.063927
0.884679 1.155663 1.058845
0.886137 1.158567 1.053730
0.887576 1.161422 1.048582
0.888996 1.164230 1.043403
0.890396 1.166989 1.038192
0.889055 1.171032 1.032945
0.888957 1.174406 1.027677
0.889605 1.177356 1.022378
0.890592 1.180081 1.017048
0.891727 1.182675 1.011689
0.892917 1.185182 1.006301
0.894122 1.187622 1.000886
0.895443 1.190188 0.999357
0.896753 1.192747 0.997806
0.898054 1.195293 0.996225
0.899224 1.197641 0.990703
0.900386 1.199926 0.985147
0.901693 1.202408 0.983471
0.902743 1.204239 0.984347
0.902905 1.204587 0.977860
0.903028 1.204511 0.977833
0.903114 1.204462 0.977822
0.903185 1.204421 0.977811
0.903249 1.204382 0.977799
0.903310 1.204345 0.977788
0.902188 1.204850 0.977769
0.901905 1.204976 0.977759
0.901684 1.205074 0.977752
0.901664 1.205084 0.977751
0.901654 1.205088 0.977750
0.898627 1.205943 0.984084
0.894010 1.207560 0.990508
0.888606 1.209434 0.996932
0.882809 1.211362 1.003353
0.876803 1.213250 1.009767
0.870677 1.215054 1.016174
0.864472 1.216755 1.022572
0.858211 1.218341 1.028962
0.853138 1.215058 1.029442
0.849640 1.211020 1.029810
0.846962 1.206629 1.030169
0.843591 1.206823 1.036312
0.838881 1.207519 1.042538
0.833442 1.208382 1.048755
0.827605 1.209271 1.054961
0.821544 1.210115 1.061155
0.815352 1.210877 1.067336
0.809082 1.211536 1.073504
0.802761 1.212083 1.079657
0.796407 1.212511 1.085795
0.790031 1.212817 1.091918
0.783640 1.212999 1.098026
0.777240 1.213057 1.104117
0.770833 1.212988 1.110192
0.764422 1.212794 1.116248
0.758012 1.212474 1.122287
0.751606 1.212028 1.128306
0.745205 1.211456 1.134306
0.738814 1.210757 1.140286
0.732436 1.209932 1.146245
0.726072 1.208981 1.152183
0.719728 1.207904 1.158099
0.713405 1.206702 1.163993
0.707104 1.205375 1.169863
0.700831 1.203923 1.175709
0.694589 1.202347 1.181531
0.688382 1.200647 1.187328
0.682210 1.198824 1.193100
0.676079 1.196879 1.198846
0.669990 1.194813 1.204567
0.663946 1.192627 1.210262
0.657951 1.190322 1.215928
0.652007 1.187898 1.221566
0.646118 1.185357 1.227175
0.640285 1.182699 1.232755
0.634512 1.179926 1.238305
0.628801 1.177040 1.243825
0.623153 1.174040 1.249315
0.617572 1.170930 1.254775
0.616148 1.166091 1.253309
0.615767 1.161201 1.251736
0.615683 1.156295 1.250153
0.615677 1.151374 1.248558
0.619937 1.146454 1.246936
0.620652 1.141501 1.245326
0.620767 1.136533 1.243695
0.620767 1.131547 1.242046
0.620748 1.126551 1.240388
0.620727 1.121541 1.238718
0.620707 1.116518 1.237035
0.620688 1.111482 1.235340
0.620671 1.106434 1.233632
0.620654 1.101375 1.231911
0.620638 1.096305 1.230179
0.620623 1.091224 1.228433
0.620609 1.086133 1.226675
0.620596 1.081033 1.224905
0.620582 1.075923 1.223123
0.620570 1.070805 1.221328
0.620557 1.065679 1.219522
0.620545 1.060546 1.217703
0.620533 1.055405 1.215873
0.620521 1.050258 1.214030
0.620509 1.045104 1.212176
0.620497 1.039946 1.210310
0.620485 1.034782 1.208433
0.620478 1.031585 1.207712
0.620470 1.028398 1.206963
0.620468 1.027178 1.207371
0.620466 1.025957 1.207771
0.620463 1.024732 1.208158
0.620455 1.021581 1.207288
0.620447 1.018435 1.206382
0.620439 1.015299 1.205446
0.620430 1.012171 1.204477
0.620416 1.007119 1.202252
0.620404 1.002060 1.200010
0.620396 0.998962 1.198948
0.620388 0.995876 1.197856
0.620380 0.992802 1.196735
0.620371 0.989740 1.195584
0.620363 0.986690 1.194402
0.620355 0.983651 1.193190
0.620346 0.980624 1.191947
0.620333 0.977613 1.190677
0.620322 0.974614 1.189376
0.620310 0.971627 1.188046
0.620302 0.968653 1.186686
0.620292 0.965693 1.185295
0.620282 0.962747 1.183876
0.620273 0.959816 1.182427
0.620263 0.956900 1.180949
0.620253 0.953998 1.179442
0.620243 0.951112 1.177907
0.620233 0.948241 1.176342
0.620223 0.945386 1.174750
0.620212 0.942547 1.173128
0.620202 0.939725 1.171479
0.620198 0.937421 1.174660
0.620186 0.936919 1.169801
0.620176 0.936366 1.164943
0.620165 0.937920 1.156924
0.620154 0.939296 1.148903
0.620144 0.938500 1.144078
0.620130 0.937657 1.139263
0.620119 0.936766 1.134456
0.620108 0.935826 1.129659
0.620096 0.934839 1.124871
0.620081 0.933804 1.120094
0.620071 0.932721 1.115327
0.620060 0.931590 1.110571
0.620049 0.930412 1.105827
0.620037 0.929187 1.101095
0.620026 0.927914 1.096375
0.620015 0.926594 1.091669
0.620010 0.926591 1.091666
0.620006 0.925088 1.094723
0.620001 0.923554 1.097764
0.619996 0.921990 1.100791
0.619991 0.920395 1.103801
0.619986 0.918771 1.106796
0.619981 0.917117 1.109774
0.619977 0.915433 1.112735
0.619972 0.913720 1.115679
0.619968 0.911977 1.118606
0.619963 0.910205 1.121515
0.619959 0.908404 1.124407
0.619955 0.906574 1.127280
0.619951 0.904716 1.130134
0.619947 0.902829 1.132971
0.619942 0.900914 1.135788
0.622725 0.898958 1.138586
0.625470 0.896946 1.141364
0.625427 0.894948 1.144122
0.628108 0.892856 1.146861
0.630749 0.890709 1.149579
0.633347 0.888511 1.152276
0.636027 0.888364 1.152275
0.638705 0.888189 1.152273
0.641584 0.890416 1.154445
0.644510 0.892634 1.156593
0.647484 0.894841 1.158716
0.650508 0.897037 1.160814
0.653581 0.899220 1.162887
0.656703 0.901390 1.164935
0.659874 0.903545 1.166957
0.663095 0.905685 1.168953
0.666366 0.907807 1.170924
0.669687 0.909912 1.172868
0.673058 0.911998 1.174786
0.676479 0.914065 1.176677
0.679950 0.916110 1.178542
0.683472 0.918132 1.180380
0.687044 0.920132 1.182190
0.690666 0.922107 1.183973
0.694339 0.924057 1.185729
0.698062 0.925979 1.187457
0.701835 0.927875 1.189157
0.705658 0.929741 1.190829
0.709531 0.931577 1.192473
0.713454 0.933381 1.194088
0.717426 0.935154 1.195675
0.721448 0.936893 1.197233
0.725519 0.938598 1.198763
0.729639 0.940267 1.200263
0.733808 0.941899 1.201735
