0.513037 0.910361 0.953964
0.513254 0.909797 0.950081
0.513485 0.909198 0.946205
0.513729 0.908561 0.942335
0.513986 0.907889 0.938472
0.514257 0.907180 0.934617
0.514541 0.906436 0.930769
0.511987 0.904589 0.926930
0.509473 0.902684 0.923099
0.507000 0.900722 0.919277
0.504571 0.898704 0.915464
0.504957 0.897794 0.911661
0.505358 0.896850 0.907868
0.505774 0.895870 0.904086
0.506204 0.894856 0.900314
0.506205 0.894854 0.900313
0.506206 0.894852 0.900312
0.506207 0.894850 0.900310
0.506209 0.894848 0.900309
0.506210 0.894847 0.900308
0.506211 0.894845 0.900307
0.506016 0.894838 0.900372
0.505828 0.894831 0.900437
0.505756 0.894810 0.900448
0.505686 0.894793 0.900462
0.505670 0.894790 0.900468
0.505511 0.895166 0.903445
0.505362 0.895515 0.906426
0.507989 0.896971 0.909411
0.510645 0.898374 0.912399
0.513430 0.899451 0.912398
0.516226 0.900500 0.912397
0.518012 0.904381 0.917155
0.519880 0.908210 0.921944
0.521830 0.911984 0.926762
0.524523 0.913603 0.927512
0.527236 0.915205 0.928254
0.529970 0.916788 0.928989
0.532725 0.918353 0.929718
0.535470 0.920006 0.933555
0.538249 0.921596 0.937400
0.541062 0.923124 0.941254
0.543906 0.924588 0.945114
0.546780 0.925987 0.948982
0.549683 0.927322 0.952856
0.552614 0.928592 0.956736
0.555571 0.929795 0.960622
0.558553 0.930932 0.964514
0.561558 0.932002 0.968411
0.564585 0.933004 0.972312
0.567632 0.933939 0.976217
0.570698 0.934805 0.980127
0.573783 0.935602 0.984040
0.576883 0.936330 0.987956
0.579998 0.936989 0.991874
0.583126 0.937579 0.995795
0.586266 0.938098 0.999718
0.589417 0.938548 1.003643
0.592576 0.938927 1.007568
0.592552 0.938977 1.011494
0.595722 0.939246 1.015421
0.598897 0.939445 1.019348
0.602076 0.939574 1.023274
0.605292 0.938773 1.030394
0.608466 0.938720 1.034317
0.611639 0.938596 1.038237
0.614808 0.938401 1.042155
0.617974 0.938136 1.046070
0.621132 0.937800 1.049982
0.624284 0.937394 1.053891
0.624257 0.936976 1.057795
0.624230 0.936518 1.061695
0.621042 0.936048 1.065591
0.617863 0.935507 1.069481
0.617845 0.934933 1.073366
0.617828 0.934320 1.077244
0.617810 0.933668 1.081117
0.617793 0.932977 1.084982
0.617776 0.932248 1.088841
0.617759 0.931480 1.092692
0.617742 0.930674 1.096536
0.617725 0.929829 1.100371
0.617709 0.928946 1.104197
0.617699 0.926845 1.103270
0.617690 0.924735 1.102364
0.617691 0.923498 1.097652
0.617691 0.922213 1.092952
0.617692 0.920882 1.088265
0.617690 0.923016 1.089106
0.617688 0.925142 1.089968
0.617682 0.925141 1.089967
0.617669 0.926453 1.094695
0.614599 0.926413 1.094694
0.611530 0.926343 1.094693
0.608369 0.929055 1.096348
0.605154 0.931750 1.097976
0.601882 0.934428 1.099575
0.598554 0.937087 1.101145
0.595171 0.939727 1.102686
0.591731 0.942345 1.104199
0.588235 0.944941 1.105683
0.584683 0.947514 1.107137
0.581075 0.950062 1.108562
0.577411 0.952585 1.109958
0.573690 0.955081 1.111324
0.569914 0.957548 1.112660
0.566081 0.959987 1.113966
0.562193 0.962394 1.115243
0.558249 0.964771 1.116489
0.554249 0.967114 1.117705
0.550195 0.969423 1.118890
0.546085 0.971697 1.120045
0.541921 0.973935 1.121169
0.537702 0.976135 1.122262
0.533429 0.978296 1.123325
0.529102 0.980418 1.124357
0.524722 0.982498 1.125357
0.520288 0.984536 1.126327
0.515802 0.986530 1.127265
0.511264 0.988480 1.128171
0.506673 0.990383 1.129046
0.502032 0.992240 1.129890
0.497339 0.994049 1.130702
0.492597 0.995808 1.131482
0.487804 0.997516 1.132230
0.482962 0.999173 1.132947
0.478072 1.000777 1.133631
0.473134 1.002328 1.134284
0.468148 1.003823 1.134904
0.463116 1.005262 1.135492
0.458038 1.006643 1.136048
0.452914 1.007967 1.136571
0.447746 1.009230 1.137063
0.442534 1.010434 1.137521
0.437279 1.011575 1.137947
0.431982 1.012654 1.138341
0.426644 1.013670 1.138702
0.421265 1.014620 1.139030
0.415846 1.015505 1.139326
0.410389 1.016323 1.139589
0.404894 1.017073 1.139819
0.399362 1.017754 1.140017
0.393794 1.018366 1.140181
0.388192 1.018907 1.140313
0.382556 1.019377 1.140412
0.376887 1.019774 1.140478
0.371186 1.020098 1.140511
0.365455 1.020348 1.140511
0.359694 1.020522 1.140478
0.353906 1.020621 1.140413
0.348090 1.020644 1.140314
0.342248 1.020589 1.140182
0.336383 1.020457 1.140018
0.330493 1.020245 1.139820
0.324583 1.019955 1.139589
0.318651 1.019584 1.139326
0.312700 1.019134 1.139029
0.306732 1.018602 1.138700
0.300747 1.017988 1.138338
0.294747 1.017293 1.137942
0.288734 1.016515 1.137514
0.282708 1.015655 1.137053
0.276672 1.014711 1.136559
0.270627 1.013684 1.136032
0.264574 1.012573 1.135472
0.258515 1.011378 1.134880
0.252452 1.010098 1.134254
0.246385 1.008734 1.133596
0.240317 1.007285 1.132905
0.234248 1.005751 1.132182
0.229111 1.003215 1.126720
0.224037 1.000572 1.121219
0.220929 0.999840 1.115679
0.218772 1.000019 1.110134
0.217110 1.000637 1.104578
0.215719 1.001461 1.099009
0.214488 1.002373 1.093425
0.213360 1.003313 1.087827
0.212306 1.004250 1.082215
0.211313 1.005169 1.076589
0.210371 1.006060 1.070951
0.209476 1.006919 1.065301
0.208631 1.007748 1.059638
0.207830 1.008541 1.053964
0.207072 1.009296 1.048279
0.206359 1.010016 1.042585
0.206453 1.010110 1.042577
0.206509 1.010166 1.042573
0.207358 1.009566 1.048243
0.210122 1.010906 1.053912
0.213958 1.013253 1.059567
0.218341 1.016027 1.065209
0.223019 1.018952 1.070838
0.227870 1.021896 1.076454
0.234890 1.026750 1.082047
0.243059 1.032410 1.087629
0.251873 1.038332 1.093202
0.263562 1.044245 1.094114
0.275574 1.050038 1.095014
0.284525 1.055122 1.100552
0.292534 1.059211 1.106089
0.298596 1.061619 1.111557
0.304380 1.063672 1.117005
0.310872 1.064352 1.117740
0.317274 1.064888 1.118440
0.323624 1.065310 1.119107
0.328331 1.064558 1.119699
0.332895 1.063687 1.120280
0.339012 1.063785 1.120851
0.345173 1.063844 1.121391
0.351335 1.063835 1.121900
0.354564 1.062016 1.122419
0.356691 1.059518 1.122888
0.361436 1.058561 1.123283
0.367056 1.058082 1.123659
0.369776 1.055904 1.124038
0.371574 1.053189 1.124365
0.376369 1.052168 1.124633
0.381981 1.051568 1.124882
0.387784 1.051020 1.125101
0.393608 1.050426 1.125289
0.399410 1.049765 1.125445
0.405180 1.049030 1.125568
0.410914 1.048224 1.125658
0.416611 1.047345 1.125716
0.422270 1.046395 1.125741
0.427889 1.045375 1.125734
0.433469 1.044286 1.125694
0.439008 1.043129 1.125621
0.444505 1.041905 1.125516
0.449959 1.040615 1.125378
0.455370 1.039260 1.125208
0.460737 1.037841 1.125005
0.466058 1.036358 1.124769
0.471333 1.034814 1.124501
0.476561 1.033209 1.124199
0.481742 1.031545 1.123866
0.486874 1.029821 1.123499
0.491958 1.028039 1.123099
0.496992 1.026201 1.122667
0.501975 1.024308 1.122203
0.506908 1.022361 1.121707
0.511789 1.020362 1.121178
0.516617 1.018310 1.120617
0.521393 1.016208 1.120024
0.526116 1.014057 1.119398
0.530785 1.011857 1.118741
0.535399 1.009611 1.118053
0.539958 1.007319 1.117332
0.544463 1.004982 1.116579
0.548911 1.002601 1.115794
0.553303 1.000179 1.114978
0.557639 0.997715 1.114130
0.561917 0.995212 1.113251
0.566138 0.992670 1.112341
0.570302 0.990091 1.111399
0.574408 0.987475 1.110426
0.578455 0.984824 1.109421
0.582445 0.982140 1.108386
0.586376 0.979423 1.107320
0.590247 0.976675 1.106223
0.594060 0.973898 1.105096
0.597814 0.971091 1.103938
0.601510 0.968256 1.102749
0.605145 0.965394 1.101530
0.608722 0.962508 1.100280
0.612239 0.959597 1.099001
0.615697 0.956664 1.097692
0.619096 0.953709 1.096353
0.622419 0.952149 1.099681
0.622422 0.949196 1.098283
0.622425 0.946257 1.096856
0.619195 0.943340 1.095399
0.616023 0.940405 1.093912
0.616085 0.937510 1.092397
0.616147 0.934630 1.090853
0.616209 0.931765 1.089280
0.616271 0.928917 1.087679
0.616286 0.927453 1.090759
0.616302 0.925959 1.093825
0.616318 0.924434 1.096876
0.616319 0.924432 1.096875
