0.620000 0.919820 1.086942
0.620001 0.919817 1.086940
0.623000 0.919800 1.086938
0.625999 0.919753 1.086936
0.628997 0.919675 1.086934
0.632107 0.922384 1.088583
0.635273 0.925077 1.090204
0.638494 0.927753 1.091797
0.641772 0.930411 1.093361
0.645106 0.933049 1.094896
0.648496 0.935665 1.096402
0.651943 0.938260 1.097878
0.655446 0.940832 1.099326
0.659005 0.943379 1.100744
0.662621 0.945900 1.102132
0.666292 0.948396 1.103492
0.670020 0.950864 1.104821
0.673804 0.953302 1.106121
0.677643 0.955711 1.107391
0.681539 0.958088 1.108630
0.685490 0.960432 1.109839
0.689496 0.962742 1.111017
0.693558 0.965017 1.112165
0.697674 0.967257 1.113282
0.701845 0.969459 1.114369
0.706070 0.971623 1.115425
0.710349 0.973746 1.116450
0.714681 0.975829 1.117444
0.719067 0.977870 1.118406
0.723505 0.979867 1.119337
0.727995 0.981820 1.120237
0.732537 0.983728 1.121106
0.737130 0.985589 1.121943
0.741774 0.987401 1.122748
0.746468 0.989165 1.123522
0.751211 0.990879 1.124263
0.756004 0.992541 1.124974
0.760845 0.994153 1.125653
0.765734 0.995710 1.126300
0.770671 0.997213 1.126915
0.775655 0.998660 1.127499
0.780685 1.000051 1.128050
0.785760 1.001383 1.128569
0.790879 1.002656 1.129056
0.796043 1.003869 1.129510
0.801248 1.005021 1.129933
0.806496 1.006111 1.130322
0.811783 1.007138 1.130680
0.817111 1.008101 1.131004
0.818702 1.010942 1.131299
0.820178 1.013841 1.131557
0.817848 1.018658 1.131788
0.819099 1.021676 1.131979
0.820527 1.024608 1.132140
0.821967 1.027537 1.132269
0.823407 1.030466 1.132366
0.824846 1.033397 1.132429
0.826285 1.036328 1.132460
0.827722 1.039261 1.132458
0.829158 1.042194 1.132424
0.830592 1.045127 1.132357
0.832024 1.048060 1.132257
0.833455 1.050992 1.132124
0.834884 1.053924 1.131959
0.836310 1.056855 1.131761
0.837734 1.059785 1.131530
0.839156 1.062713 1.131267
0.840575 1.065640 1.130971
0.841991 1.068564 1.130642
0.843405 1.071485 1.130281
0.844816 1.074404 1.129887
0.846224 1.077319 1.129460
0.847630 1.080231 1.129002
0.849033 1.083138 1.128510
0.850433 1.086042 1.127987
0.851831 1.088940 1.127431
0.853226 1.091833 1.126842
0.854619 1.094721 1.126221
0.856346 1.098281 1.121717
0.858053 1.101800 1.117171
0.859741 1.105277 1.112585
0.861409 1.108712 1.107961
0.863058 1.112105 1.103299
0.864441 1.114948 1.102484
0.865822 1.117784 1.101640
0.867199 1.120612 1.100764
0.868575 1.123431 1.099856
0.869950 1.126240 1.098916
0.871562 1.129550 1.094063
0.873161 1.132811 1.089168
0.874744 1.136024 1.084237
0.876310 1.139191 1.079270
0.877859 1.142311 1.074268
0.879389 1.145383 1.069231
0.880900 1.148408 1.064160
0.882281 1.151116 1.062967
0.883652 1.153818 1.061749
0.885017 1.156509 1.060499
0.886485 1.159460 1.055309
0.887942 1.162355 1.050079
0.889385 1.165198 1.044817
0.890810 1.167991 1.039523
0.889439 1.172091 1.034187
0.886532 1.176856 1.028826
0.885734 1.180538 1.023450
0.886087 1.183605 1.018039
0.886946 1.186370 1.012596
0.888020 1.188973 1.007123
0.889174 1.191476 1.001621
0.890350 1.193907 0.996092
0.891524 1.196278 0.990535
0.892683 1.198594 0.984952
0.893745 1.200448 0.985747
0.894752 1.202326 0.986578
0.895819 1.204633 0.980984
0.895937 1.204561 0.980959
0.896021 1.204514 0.980947
0.896090 1.204474 0.980936
0.897157 1.203983 0.980928
0.898493 1.203361 0.980913
0.899787 1.202752 0.980897
0.900093 1.202604 0.980881
0.900334 1.202489 0.980871
0.900559 1.202383 0.980864
0.900567 1.202379 0.980861
0.900563 1.202380 0.980860
0.897505 1.203224 0.987181
0.892871 1.204814 0.993578
0.887469 1.206653 0.999973
0.881682 1.208543 1.006362
0.875689 1.210393 1.012744
0.869578 1.212159 1.019118
0.863390 1.213821 1.025484
0.857147 1.215369 1.031840
0.850862 1.216798 1.038186
0.844541 1.218105 1.044521
0.838189 1.219289 1.050845
0.831809 1.220349 1.057157
0.825405 1.221283 1.063456
0.818979 1.222092 1.069743
0.812533 1.222775 1.076015
0.806071 1.223331 1.082273
0.799595 1.223761 1.088516
0.793106 1.224063 1.094744
0.786608 1.224238 1.100955
0.780104 1.224285 1.107149
0.773595 1.224205 1.113326
0.767084 1.223997 1.119485
0.760574 1.223661 1.125625
0.754068 1.223197 1.131746
0.747569 1.222606 1.137847
0.741079 1.221886 1.143928
0.734601 1.221039 1.149988
0.728138 1.220064 1.156026
0.721694 1.218961 1.162041
0.715271 1.217732 1.168034
0.708873 1.216376 1.174003
0.702504 1.214893 1.179949
0.696165 1.213284 1.185870
0.689860 1.211551 1.191765
0.683592 1.209692 1.197635
0.677364 1.207710 1.203478
0.671179 1.205605 1.209295
0.665041 1.203378 1.215084
0.658951 1.201030 1.220845
0.652913 1.198562 1.226577
0.646929 1.195975 1.232281
0.641002 1.193270 1.237955
0.635134 1.190449 1.243599
0.629329 1.187513 1.249213
0.623590 1.184462 1.254795
0.621734 1.179659 1.253448
0.621084 1.174789 1.251976
0.620861 1.169899 1.250495
0.624750 1.164968 1.248983
0.625647 1.160035 1.247494
0.625844 1.155090 1.245983
0.625849 1.150131 1.244456
0.625817 1.146836 1.244448
0.625779 1.143551 1.244431
0.625730 1.138585 1.242853
0.620919 1.133622 1.241266
0.615355 1.128599 1.239637
0.614583 1.123578 1.237993
0.614493 1.118546 1.236343
0.614507 1.113503 1.234680
0.614536 1.108447 1.233005
0.614568 1.103379 1.231317
0.614605 1.098300 1.229618
0.614647 1.093210 1.227906
0.614692 1.088111 1.226183
0.614737 1.083001 1.224447
0.614782 1.077882 1.222698
0.614829 1.072755 1.220938
0.614876 1.067619 1.219165
0.614923 1.062476 1.217381
0.614971 1.057325 1.215585
0.615019 1.052168 1.213777
0.615067 1.047005 1.211957
0.615116 1.041835 1.210126
0.615144 1.038624 1.209461
0.615171 1.035424 1.208770
0.615197 1.032230 1.208047
0.615223 1.029044 1.207293
0.615247 1.025866 1.206507
0.615272 1.022696 1.205690
0.615298 1.019535 1.204842
0.615324 1.016382 1.203963
0.615350 1.013238 1.203052
0.615376 1.010104 1.202110
0.615404 1.006979 1.201138
0.615433 1.003865 1.200135
0.615462 1.000761 1.199101
0.615492 0.997667 1.198036
0.615521 0.994584 1.196941
0.615551 0.991513 1.195815
0.615581 0.988453 1.194659
0.615611 0.985405 1.193472
0.615642 0.982368 1.192256
0.615673 0.979347 1.191011
0.615705 0.976338 1.189736
0.615736 0.973340 1.188429
0.615769 0.970358 1.187095
0.615800 0.967387 1.185729
0.615833 0.964433 1.184335
0.615865 0.961490 1.182911
0.615897 0.958561 1.181457
0.615929 0.955647 1.179974
0.615961 0.952748 1.178462
0.615994 0.949864 1.176921
0.616027 0.946996 1.175352
0.616060 0.944143 1.173754
0.616094 0.941307 1.172128
0.616128 0.938487 1.170474
0.616127 0.936193 1.173642
0.616158 0.935684 1.168791
0.616191 0.935124 1.163941
0.616224 0.936661 1.155942
0.616257 0.938020 1.147941
0.616292 0.937217 1.143124
0.616326 0.936366 1.138317
0.616361 0.935468 1.133518
0.616396 0.934522 1.128729
0.616431 0.933528 1.123950
0.616466 0.932486 1.119181
0.616501 0.931397 1.114422
0.616537 0.930260 1.109675
0.616573 0.929076 1.104940
0.616609 0.927845 1.100216
0.616645 0.926566 1.095506
0.616682 0.925241 1.090808
0.616678 0.925238 1.090805
0.616674 0.923743 1.093849
0.616670 0.922217 1.096877
0.616666 0.920662 1.099890
0.616662 0.919077 1.102887
0.616657 0.917462 1.105868
0.616653 0.915817 1.108833
0.616649 0.914143 1.111782
0.616645 0.912439 1.114713
0.616641 0.910706 1.117627
0.616636 0.908944 1.120524
0.616632 0.907153 1.123403
0.619480 0.905353 1.126264
0.622295 0.903496 1.129106
0.622255 0.901622 1.131932
0.622213 0.899717 1.134737
0.622170 0.897785 1.137522
0.622127 0.895825 1.140288
0.624820 0.893804 1.143035
0.627473 0.891728 1.145761
0.630084 0.889600 1.148468
0.632652 0.887421 1.151153
0.635175 0.885190 1.153818
0.637653 0.882910 1.156461
0.640277 0.882720 1.156460
0.643097 0.884884 1.158684
0.645965 0.887040 1.160884
0.648880 0.889187 1.163061
0.651844 0.891323 1.165212
0.654857 0.893448 1.167339
0.657919 0.895560 1.169441
0.661030 0.897659 1.171518
0.664191 0.899743 1.173569
0.667401 0.901812 1.175595
0.670661 0.903863 1.177595
0.673971 0.905897 1.179569
0.677331 0.907912 1.181517
0.680741 0.909907 1.183439
0.684202 0.911880 1.185334
0.687712 0.913831 1.187202
0.691273 0.915759 1.189043
0.694884 0.917662 1.190857
0.697877 0.917117 1.195726
0.700852 0.916497 1.200599
0.704554 0.918302 1.202387
0.708290 0.919906 1.199275
