0.620000 0.931825 1.103062
0.620001 0.931823 1.103060
0.623120 0.931806 1.103059
0.626239 0.931757 1.103057
0.629357 0.931677 1.103056
0.632587 0.934400 1.104674
0.635874 0.937105 1.106263
0.639217 0.939791 1.107824
0.642616 0.942457 1.109355
0.646072 0.945102 1.110859
0.649584 0.947725 1.112333
0.653153 0.950325 1.113778
0.656778 0.952900 1.115194
0.660459 0.955448 1.116580
0.664197 0.957970 1.117936
0.667992 0.960463 1.119262
0.671843 0.962927 1.120559
0.675749 0.965361 1.121826
0.679712 0.967763 1.123062
0.683730 0.970132 1.124269
0.687804 0.972467 1.125444
0.691933 0.974766 1.126589
0.696117 0.977028 1.127704
0.700356 0.979253 1.128787
0.704649 0.981440 1.129840
0.708996 0.983586 1.130863
0.713397 0.985691 1.131854
0.717852 0.987753 1.132813
0.722359 0.989771 1.133742
0.726919 0.991745 1.134638
0.731530 0.993672 1.135503
0.736193 0.995553 1.136338
0.740908 0.997385 1.137140
0.745672 0.999168 1.137911
0.750486 1.000900 1.138650
0.755349 1.002581 1.139357
0.760260 1.004210 1.140033
0.765221 1.005784 1.140677
0.770229 1.007304 1.141289
0.775284 1.008767 1.141869
0.780385 1.010173 1.142417
0.785532 1.011521 1.142933
0.790723 1.012809 1.143417
0.795958 1.014037 1.143869
0.801236 1.015203 1.144288
0.806556 1.016307 1.144675
0.808025 1.019204 1.145031
0.809408 1.022143 1.145351
0.810790 1.025088 1.145640
0.812172 1.028036 1.145897
0.813554 1.030986 1.146121
0.814936 1.033939 1.146312
0.816318 1.036893 1.146470
0.817700 1.039850 1.146596
0.819081 1.042807 1.146690
0.824334 1.043920 1.146743
0.829949 1.044813 1.146769
0.835636 1.045619 1.146764
0.841360 1.046352 1.146726
0.842851 1.047848 1.141923
0.844431 1.050706 1.141820
0.842306 1.055476 1.141697
0.843140 1.058708 1.141518
0.844463 1.061692 1.141314
0.845886 1.064622 1.141080
0.847329 1.067539 1.140813
0.848775 1.070452 1.140513
0.850219 1.073362 1.140181
0.851662 1.076269 1.139817
0.853101 1.079173 1.139419
0.854538 1.082074 1.138990
0.855973 1.084971 1.138527
0.857404 1.087864 1.138033
0.858833 1.090753 1.137505
0.860259 1.093637 1.136946
0.861682 1.096516 1.136354
0.863103 1.099389 1.135729
0.864521 1.102256 1.135073
0.865938 1.105117 1.134384
0.867719 1.108701 1.129825
0.869482 1.112241 1.125222
0.871226 1.115739 1.120580
0.872639 1.118567 1.119759
0.874047 1.121388 1.118911
0.875453 1.124201 1.118031
0.876856 1.127005 1.117118
0.878258 1.129799 1.116175
0.879964 1.133216 1.111340
0.881656 1.136583 1.106462
0.883333 1.139902 1.101546
0.884992 1.143175 1.096593
0.886633 1.146401 1.091603
0.888256 1.149580 1.086577
0.889859 1.152713 1.081516
0.891444 1.155797 1.076419
0.893009 1.158835 1.071287
0.894555 1.161824 1.066122
0.896080 1.164765 1.060923
0.894875 1.169019 1.055685
0.892158 1.173945 1.050418
0.891456 1.177805 1.045127
0.891869 1.181055 1.039802
0.895647 1.182614 1.034459
0.898293 1.184646 1.029061
0.900212 1.186976 1.023637
0.901792 1.189412 1.018186
0.903210 1.191869 1.012707
0.904543 1.194305 1.007200
0.905828 1.196704 1.001665
0.907079 1.199058 0.996103
0.908302 1.201363 0.990515
0.908557 1.201725 0.984013
0.908784 1.202026 0.977506
0.908935 1.201933 0.977477
0.909031 1.201877 0.977465
0.907672 1.202504 0.977441
0.906382 1.203119 0.977438
0.905152 1.203704 0.977441
0.904738 1.203891 0.977425
0.904422 1.204033 0.977409
0.904336 1.204072 0.977407
0.904266 1.204104 0.977405
0.901204 1.204990 0.983730
0.896563 1.206643 0.990152
0.891146 1.208551 0.996577
0.885514 1.211141 0.996604
0.879558 1.213024 1.002944
0.873487 1.214903 1.009358
0.867328 1.216684 1.015766
0.861106 1.218355 1.022165
0.854836 1.219908 1.028556
0.848527 1.221340 1.034937
0.842183 1.222650 1.041308
0.835808 1.223835 1.047668
0.829405 1.224896 1.054016
0.822977 1.225831 1.060352
0.816526 1.226640 1.066674
0.810055 1.227322 1.072983
0.803566 1.227878 1.079277
0.797062 1.228307 1.085557
0.790544 1.228608 1.091822
0.784014 1.228782 1.098070
0.777478 1.228828 1.104302
0.770936 1.228745 1.110516
0.764390 1.228534 1.116713
0.757845 1.228195 1.122891
0.751301 1.227727 1.129050
0.744763 1.227131 1.135189
0.738233 1.226407 1.141308
0.731717 1.225585 1.147423
0.725195 1.224634 1.153523
0.718708 1.223542 1.159592
0.712233 1.222304 1.165621
0.705780 1.220940 1.171629
0.699352 1.219449 1.177613
0.692952 1.217832 1.183573
0.686584 1.216088 1.189507
0.680252 1.214216 1.195413
0.673958 1.212221 1.201296
0.667705 1.210101 1.207148
0.661495 1.207858 1.212973
0.655333 1.205493 1.218773
0.649222 1.203008 1.224544
0.643165 1.200403 1.230288
0.637167 1.197679 1.236005
0.631224 1.194836 1.241687
0.625346 1.191879 1.247343
0.619533 1.188804 1.252967
0.613786 1.185616 1.258559
0.611947 1.180804 1.257205
0.611349 1.175941 1.255717
0.611181 1.171065 1.254219
0.615122 1.166224 1.252692
0.620125 1.161337 1.251168
0.621272 1.156409 1.249653
0.621527 1.151467 1.248116
0.621548 1.146507 1.246560
0.621514 1.141533 1.244991
0.621468 1.136543 1.243409
0.621424 1.131539 1.241816
0.621382 1.126521 1.240210
0.621341 1.121489 1.238593
0.621302 1.116444 1.236962
0.621265 1.111386 1.235320
0.621230 1.106317 1.233665
0.621196 1.101236 1.231998
0.621163 1.096144 1.230319
0.621133 1.091042 1.228629
0.621104 1.085930 1.226926
0.621077 1.080808 1.225212
0.621050 1.075677 1.223485
0.621024 1.070537 1.221746
0.620999 1.065390 1.219996
0.620974 1.060235 1.218233
0.616683 1.058282 1.216971
0.612333 1.056276 1.215733
0.612324 1.051093 1.214003
0.612399 1.045900 1.212257
0.612444 1.042677 1.211659
0.612457 1.041425 1.212213
0.612470 1.040171 1.212760
0.612484 1.038912 1.213295
0.612528 1.035722 1.212579
0.612574 1.032535 1.211827
0.612571 1.032527 1.211815
0.612617 1.029350 1.211034
0.612664 1.026180 1.210220
0.612712 1.023018 1.209374
0.612759 1.019864 1.208497
0.612805 1.016720 1.207589
0.612851 1.013585 1.206649
0.612897 1.010459 1.205679
0.612943 1.007344 1.204678
0.612989 1.004239 1.203646
0.613036 1.001144 1.202583
0.613082 0.998060 1.201490
0.613129 0.994988 1.200366
0.613175 0.991927 1.199212
0.613222 0.988877 1.198028
0.613268 0.985840 1.196813
0.613315 0.982815 1.195569
0.613361 0.979803 1.194294
0.613408 0.976804 1.192990
0.613455 0.973818 1.191656
0.613502 0.970845 1.190292
0.613548 0.967887 1.188899
0.613595 0.964942 1.187476
0.613642 0.962012 1.186025
0.613689 0.959097 1.184544
0.613736 0.956197 1.183034
0.613783 0.953312 1.181496
0.613830 0.950443 1.179929
0.613877 0.947589 1.178333
0.613924 0.944752 1.176709
0.613971 0.941931 1.175057
0.614018 0.939126 1.173377
0.614042 0.938612 1.168496
0.614068 0.938046 1.163618
0.614072 0.939575 1.155563
0.614079 0.940925 1.147506
0.614108 0.940116 1.142662
0.614137 0.939260 1.137828
0.614167 0.938356 1.133002
0.614197 0.937403 1.128187
0.614228 0.936403 1.123381
0.614260 0.935354 1.118585
0.614292 0.934258 1.113800
0.614324 0.933113 1.109026
0.614358 0.931921 1.104264
0.614392 0.930682 1.099514
0.614426 0.929395 1.094777
0.614461 0.928060 1.090053
0.614457 0.928057 1.090050
0.614467 0.926569 1.093122
0.614478 0.925051 1.096179
0.614488 0.923503 1.099220
0.614499 0.921924 1.102246
0.614511 0.920315 1.105256
0.614522 0.918676 1.108250
0.614534 0.917007 1.111227
0.614546 0.915309 1.114188
0.614558 0.913581 1.117131
0.614571 0.911824 1.120057
0.614584 0.910037 1.122965
0.614597 0.908222 1.125855
0.614610 0.906378 1.128727
0.614624 0.904505 1.131580
0.614638 0.902604 1.134414
0.614653 0.900675 1.137229
0.614668 0.898717 1.140025
0.614683 0.896732 1.142800
0.614698 0.894719 1.145556
0.614714 0.892679 1.148292
0.614709 0.892678 1.148291
0.617427 0.892717 1.148290
0.620149 0.895184 1.150439
0.622920 0.897646 1.152564
0.625741 0.900101 1.154664
0.628613 0.902548 1.156739
0.631536 0.904985 1.158789
0.634509 0.907413 1.160813
0.637534 0.909829 1.162811
0.640610 0.912233 1.164783
0.643738 0.914624 1.166730
0.646918 0.917000 1.168649
0.650150 0.919361 1.170542
0.653435 0.921705 1.172409
0.656772 0.924032 1.174248
0.660161 0.926339 1.176061
