0.530324 0.984720 1.107650
0.525776 0.987451 1.104742
0.521171 0.990099 1.101797
0.516512 0.992663 1.098815
0.511800 0.995141 1.095795
0.507155 0.997064 1.096638
0.502459 0.998940 1.097448
0.497712 1.000766 1.098227
0.492914 1.002543 1.098974
0.488067 1.004268 1.099690
0.483171 1.005942 1.100373
0.478225 1.007561 1.101024
0.473232 1.009126 1.101644
0.471910 1.012576 1.098332
0.470640 1.016010 1.094985
0.469383 1.019413 1.091601
0.468137 1.022783 1.088181
0.466902 1.026122 1.084725
0.465679 1.029427 1.081233
0.464468 1.032699 1.077707
0.463268 1.035938 1.074146
0.462080 1.039143 1.070550
0.460903 1.042313 1.066920
0.459739 1.045449 1.063257
0.458585 1.048550 1.059560
0.457444 1.051615 1.055830
0.456314 1.054645 1.052068
0.455196 1.057639 1.048273
0.454090 1.060597 1.044447
0.452996 1.063518 1.040589
0.451914 1.066402 1.036700
0.450844 1.069249 1.032781
0.449786 1.072058 1.028831
0.448604 1.075100 1.028766
0.447431 1.078145 1.028669
0.446260 1.081190 1.028540
0.445089 1.084233 1.028378
0.444055 1.087004 1.024269
0.443022 1.089730 1.020129
0.441998 1.092416 1.015960
0.440988 1.095062 1.011763
0.439990 1.097667 1.007537
0.439006 1.100232 1.003283
0.438035 1.102757 0.999002
0.437079 1.105241 0.994695
0.435885 1.108244 0.994238
0.434705 1.111248 0.993751
0.433531 1.114250 0.993231
0.432612 1.116687 0.988802
0.431699 1.119077 0.984345
0.430798 1.121424 0.979863
0.429911 1.123729 0.975355
0.429041 1.125991 0.970823
0.428187 1.128211 0.966267
0.427351 1.130388 0.961688
0.426533 1.132523 0.957085
0.425734 1.134616 0.952460
0.424953 1.136667 0.947812
0.424191 1.138674 0.943143
0.423055 1.141596 0.942238
0.421932 1.144515 0.941305
0.420820 1.147428 0.940340
0.419717 1.150334 0.939344
0.419009 1.152273 0.934531
0.418319 1.154164 0.929695
0.417647 1.156011 0.924838
0.416995 1.157813 0.919963
0.416363 1.159570 0.915068
0.415752 1.161282 0.910155
0.415160 1.162949 0.905223
0.414589 1.164571 0.900275
0.414039 1.166148 0.895309
0.414242 1.165680 0.889472
0.414466 1.165157 0.883639
0.414712 1.164580 0.877813
0.414239 1.165971 0.872783
0.413787 1.167317 0.867740
0.413354 1.168617 0.862683
0.412374 1.171352 0.861200
0.411399 1.174077 0.859691
0.410995 1.175305 0.854566
0.410614 1.176482 0.849424
0.410253 1.177612 0.844270
0.409624 1.179656 0.845073
0.409246 1.180731 0.839913
0.409642 1.179742 0.833925
0.410067 1.178700 0.827946
0.411261 1.175565 0.821233
0.412481 1.172352 0.814596
0.412977 1.171128 0.808697
0.413493 1.169850 0.802813
0.414030 1.168517 0.796943
0.414122 1.168549 0.796940
0.414175 1.168568 0.796939
0.414218 1.168583 0.796938
0.414257 1.168596 0.796936
0.414296 1.168609 0.796935
0.413892 1.169984 0.802799
0.413474 1.171291 0.808678
0.416722 1.173908 0.814586
0.421334 1.176913 0.820496
0.426402 1.179960 0.826415
0.432883 1.179204 0.828091
0.439390 1.178375 0.829737
0.445885 1.177463 0.831355
0.452356 1.176464 0.832945
0.459388 1.173282 0.833781
0.466344 1.169993 0.834609
0.473224 1.166599 0.835431
0.479491 1.165235 0.836905
0.485722 1.163787 0.838351
0.491906 1.162253 0.839768
0.498053 1.160638 0.841155
0.504166 1.158942 0.842512
0.510651 1.155007 0.843180
0.517048 1.150978 0.843839
0.523357 1.146855 0.844491
0.529574 1.142641 0.845135
0.535699 1.138338 0.845771
0.541729 1.133948 0.846398
0.547370 1.131687 0.847545
0.553226 1.127136 0.848134
0.558984 1.122503 0.848715
0.564642 1.117790 0.849287
0.570198 1.113000 0.849851
0.575651 1.108134 0.850406
0.581000 1.103195 0.850953
0.585941 1.102203 0.855390
0.591119 1.097131 0.855897
0.596187 1.091990 0.856395
0.601147 1.086784 0.856884
0.605996 1.081515 0.857365
0.610734 1.076185 0.857836
0.615360 1.070796 0.858298
0.619874 1.065351 0.858752
0.624274 1.059852 0.859196
0.625757 1.054361 0.859643
0.626189 1.048863 0.860073
0.626244 1.043360 0.860491
0.626170 1.037851 0.860899
0.626052 1.032335 0.861297
0.625921 1.026813 0.861685
0.625787 1.021286 0.862064
0.625653 1.015753 0.862434
0.625519 1.010217 0.862794
0.625386 1.004676 0.863144
0.625354 1.005455 0.866995
0.625344 1.006195 0.870853
0.622174 1.010860 0.878376
0.618374 1.015339 0.886015
0.617741 1.019648 0.893763
0.617643 1.020119 0.897760
0.617613 1.020550 0.901763
0.617589 1.018659 0.905537
0.617566 1.016730 0.909291
0.617545 1.014763 0.913027
0.617524 1.012760 0.916742
0.617505 1.010719 0.920438
0.617487 1.008641 0.924112
0.617471 1.006527 0.927766
0.617455 1.004376 0.931398
0.617441 1.002189 0.935009
0.617428 0.999966 0.938598
0.617416 0.997708 0.942164
0.617405 0.995414 0.945708
0.617394 0.993084 0.949229
0.617385 0.990720 0.952726
0.617376 0.988320 0.956199
0.617368 0.985886 0.959648
0.617361 0.983418 0.963073
0.617354 0.980916 0.966472
0.617348 0.978379 0.969847
0.617342 0.975809 0.973196
0.617336 0.973206 0.976519
0.617330 0.970570 0.979816
0.617325 0.967900 0.983087
0.617320 0.965198 0.986330
0.617315 0.962464 0.989547
0.617310 0.959698 0.992736
0.617306 0.956900 0.995897
0.617302 0.954070 0.999029
0.617298 0.951209 1.002134
0.617297 0.950601 1.005443
0.617296 0.949959 1.008745
0.617298 0.951559 1.012342
0.617301 0.953116 1.016001
0.617301 0.952368 1.019328
0.617301 0.951586 1.022646
0.617302 0.950772 1.025957
0.617303 0.949924 1.029260
0.617304 0.949043 1.032554
0.617305 0.948129 1.035839
0.617306 0.947182 1.039114
0.617308 0.946203 1.042380
0.617309 0.945191 1.045636
0.617311 0.944147 1.048882
0.617313 0.943070 1.052117
0.617314 0.941961 1.055341
0.617316 0.940820 1.058554
0.617318 0.939646 1.061756
0.617320 0.938441 1.064945
0.617322 0.937204 1.068122
0.617324 0.935935 1.071287
0.617327 0.934635 1.074438
0.617329 0.933303 1.077577
0.617331 0.931940 1.080702
0.617333 0.930546 1.083813
0.617335 0.929120 1.086910
0.617338 0.927664 1.089993
0.617340 0.926177 1.093061
0.617341 0.926176 1.093060
0.617342 0.926174 1.093058
0.617342 0.926173 1.093057
