0.889227 1.006388 1.120351
0.884300 1.007601 1.125050
0.879352 1.008715 1.129731
0.874384 1.009728 1.134393
0.869399 1.010641 1.139036
0.864398 1.011452 1.143660
0.859382 1.012163 1.148264
0.854355 1.012773 1.152847
0.849317 1.013282 1.157409
0.844271 1.013690 1.161950
0.839218 1.013996 1.166469
0.834161 1.014200 1.170965
0.829101 1.014304 1.175439
0.824041 1.014306 1.179890
0.818981 1.014206 1.184317
0.813924 1.014005 1.188719
0.808872 1.013703 1.193097
0.803826 1.013300 1.197448
0.798789 1.012796 1.201773
0.793764 1.012191 1.206073
0.788751 1.011485 1.210346
0.783754 1.010680 1.214593
0.778774 1.009775 1.218812
0.773812 1.008771 1.223004
0.768871 1.007668 1.227168
0.763953 1.006467 1.231303
0.759059 1.005167 1.235410
0.754192 1.003771 1.239487
0.749354 1.002277 1.243535
0.744546 1.000687 1.247552
0.739770 0.999002 1.251539
0.735028 0.997221 1.255495
0.730322 0.995347 1.259420
0.725654 0.993379 1.263313
0.721026 0.991318 1.267174
0.716440 0.989165 1.271003
0.711897 0.986921 1.274799
0.707399 0.984587 1.278562
0.702949 0.982163 1.282291
0.698547 0.979652 1.285986
0.694196 0.977053 1.289647
0.689897 0.974367 1.293273
0.685652 0.971596 1.296864
0.681463 0.968742 1.300420
0.677331 0.965804 1.303940
0.673258 0.962784 1.307424
0.669246 0.959683 1.310871
0.665297 0.956503 1.314282
0.661411 0.953245 1.317655
0.657590 0.949910 1.320991
0.653837 0.946499 1.324290
0.650152 0.943014 1.327550
0.646537 0.939456 1.330771
0.646536 0.939457 1.330774
0.646537 0.939456 1.330771
0.643342 0.939705 1.330768
0.640144 0.939921 1.330765
0.637041 0.941146 1.325894
0.633914 0.942290 1.321008
0.630764 0.943355 1.316113
0.627550 0.942855 1.309458
0.624345 0.942222 1.302839
0.621152 0.941457 1.296258
0.617973 0.940561 1.289718
0.614814 0.939536 1.283219
0.611676 0.938382 1.276762
0.608545 0.936615 1.275183
0.608546 0.936614 1.275181
0.608615 0.933275 1.278329
0.608684 0.929906 1.281445
0.608754 0.926506 1.284526
0.611856 0.923172 1.287573
0.614872 0.921364 1.292243
0.617850 0.919446 1.296926
0.617816 0.915891 1.299900
0.617817 0.915890 1.299897
0.617852 0.919443 1.296919
0.617921 0.923729 1.289076
0.617990 0.927837 1.281171
0.618026 0.928451 1.276313
0.618093 0.932285 1.268344
0.618159 0.935941 1.260327
0.618223 0.939420 1.252267
0.618286 0.942720 1.244167
0.618348 0.945841 1.236031
0.618381 0.945918 1.231136
0.618385 0.943098 1.229485
0.618418 0.943125 1.224589
0.618450 0.943104 1.219694
0.618483 0.943034 1.214798
0.618515 0.942915 1.209904
0.618547 0.942747 1.205012
0.618578 0.942530 1.200121
0.618610 0.942264 1.195233
0.618641 0.941949 1.190348
0.618673 0.941585 1.185465
0.618704 0.941173 1.180587
0.618735 0.940711 1.175714
0.618765 0.940201 1.170845
0.618796 0.939643 1.165982
0.618826 0.939036 1.161125
0.618856 0.938379 1.156273
0.618886 0.937675 1.151429
0.618916 0.936922 1.146591
0.618946 0.936120 1.141762
0.618975 0.935271 1.136941
0.619004 0.934373 1.132129
0.619033 0.933428 1.127327
0.619061 0.932434 1.122534
0.619090 0.931392 1.117751
0.619118 0.930302 1.112978
0.619146 0.929165 1.108217
0.619174 0.927980 1.103467
0.619201 0.926748 1.098730
0.619228 0.925469 1.094005
0.619229 0.925467 1.094004
0.619230 0.925465 1.094003
0.622285 0.925456 1.094002
0.625340 0.925416 1.094000
0.628454 0.926840 1.090937
0.631596 0.928200 1.087859
0.634763 0.929498 1.084767
0.637956 0.930732 1.081661
0.641172 0.931902 1.078540
0.644410 0.933007 1.075406
0.647670 0.934047 1.072259
0.650949 0.935022 1.069099
0.654247 0.935931 1.065927
0.657562 0.936775 1.062742
0.660893 0.937551 1.059545
0.664238 0.938261 1.056337
0.667260 0.936708 1.052535
0.670535 0.936994 1.053243
0.673822 0.937252 1.053943
0.677527 0.939683 1.055150
0.681288 0.942083 1.056327
0.685105 0.944450 1.057473
0.688979 0.946784 1.058589
0.692908 0.949083 1.059674
0.696893 0.951346 1.060727
0.700933 0.953572 1.061750
0.705027 0.955759 1.062741
0.709176 0.957908 1.063702
0.713380 0.960016 1.064632
0.717636 0.962083 1.065530
0.721946 0.964106 1.066397
0.726309 0.966086 1.067232
0.730724 0.968020 1.068036
0.731801 0.971318 1.064893
0.732863 0.974586 1.061714
0.733914 0.977823 1.058501
0.734956 0.981031 1.055255
0.735988 0.984208 1.051975
0.737009 0.987353 1.048662
0.738019 0.990468 1.045316
0.739019 0.993550 1.041938
0.740009 0.996600 1.038527
0.740987 0.999618 1.035084
0.741955 1.002603 1.031610
0.742911 1.005554 1.028105
0.743856 1.008473 1.024569
0.744790 1.011358 1.021002
0.745711 1.014209 1.017406
0.746620 1.017026 1.013779
0.747518 1.019809 1.010123
0.748403 1.022557 1.006438
0.749275 1.025270 1.002724
0.750135 1.027948 0.998982
0.750981 1.030591 0.995212
0.751815 1.033198 0.991414
0.752636 1.035770 0.987589
0.753444 1.038305 0.983738
0.754238 1.040804 0.979860
0.755018 1.043266 0.975955
0.755785 1.045692 0.972025
0.756539 1.048081 0.968070
0.757278 1.050432 0.964090
0.758004 1.052746 0.960086
0.758716 1.055022 0.956058
0.759414 1.057260 0.952005
0.760099 1.059460 0.947930
0.760769 1.061621 0.943832
0.761426 1.063744 0.939711
0.762069 1.065827 0.935569
0.762699 1.067872 0.931404
0.763315 1.069876 0.927219
0.763995 1.072002 0.927756
0.764657 1.074127 0.928315
0.765312 1.076248 0.928896
0.765964 1.078365 0.929499
0.766543 1.080337 0.925293
0.767123 1.082265 0.921066
0.767696 1.084151 0.916820
0.768257 1.085995 0.912554
0.768807 1.087799 0.908269
0.769343 1.089562 0.903965
0.769868 1.091283 0.899644
0.770381 1.092963 0.895304
0.770881 1.094601 0.890947
0.771370 1.096197 0.886574
0.771847 1.097750 0.882184
0.772313 1.099261 0.877778
0.772767 1.100730 0.873356
0.773210 1.102155 0.868919
0.773642 1.103538 0.864468
0.774063 1.104877 0.860002
0.774472 1.106170 0.855521
0.774870 1.107419 0.851026
0.775258 1.108627 0.846520
0.775987 1.110712 0.847145
0.776680 1.112802 0.847793
0.777366 1.114888 0.848462
0.778047 1.116968 0.849154
0.778725 1.119041 0.849867
0.779400 1.121108 0.850602
0.780072 1.123168 0.851359
0.780750 1.125218 0.852138
0.781086 1.126396 0.847619
0.781432 1.127523 0.843089
0.781776 1.128600 0.838545
0.782112 1.129635 0.833992
0.782438 1.130625 0.829429
0.782753 1.131571 0.824855
0.783055 1.132473 0.820271
0.783345 1.133330 0.815678
0.783621 1.134144 0.811076
0.784338 1.136173 0.811876
0.784373 1.136162 0.811876
0.784398 1.136153 0.811876
0.785256 1.139008 0.810541
0.786150 1.141836 0.809176
0.783921 1.145638 0.807780
