1.054646 0.946200 1.027716
1.052236 0.944266 1.028795
1.049795 0.942366 1.029851
1.047329 0.940482 1.030876
1.044849 0.938605 1.031873
1.044817 0.938647 1.031872
1.044801 0.938667 1.031871
1.044792 0.938677 1.031869
1.044092 0.938082 1.037172
1.041703 0.939647 1.042477
1.038413 0.942273 1.047767
1.034654 0.945358 1.053044
1.030633 0.948618 1.058309
1.026452 0.951913 1.063561
1.022160 0.955179 1.068801
1.016338 0.957157 1.069547
1.010498 0.959062 1.070260
1.004649 0.960885 1.070941
0.998796 0.962623 1.071590
0.992941 0.964275 1.072207
0.987088 0.965840 1.072792
0.981238 0.967318 1.073345
0.975392 0.968708 1.073866
0.969553 0.970011 1.074354
0.963722 0.971228 1.074811
0.957901 0.972358 1.075235
0.952091 0.973402 1.075626
0.946294 0.974361 1.075986
0.940512 0.975234 1.076313
0.934745 0.976023 1.076607
0.928995 0.976729 1.076869
0.923264 0.977351 1.077098
0.917552 0.977890 1.077295
0.911862 0.978348 1.077460
0.906194 0.978725 1.077591
0.900550 0.979022 1.077691
0.894930 0.979240 1.077757
0.889336 0.979380 1.077791
0.883770 0.979442 1.077793
0.878231 0.979427 1.077761
0.872721 0.979337 1.077698
0.867242 0.979173 1.077601
0.861794 0.978935 1.077472
0.856377 0.978624 1.077311
0.850994 0.978241 1.077117
0.845645 0.977789 1.076890
0.840330 0.977266 1.076631
0.835051 0.976675 1.076339
0.829809 0.976017 1.076015
0.824604 0.975292 1.075658
0.819437 0.974502 1.075269
0.816312 0.977241 1.079920
0.813127 0.979899 1.084624
0.809882 0.982475 1.089380
0.805575 0.983033 1.093464
0.801257 0.983504 1.097534
0.797611 0.985300 1.097534
0.793947 0.987058 1.097533
0.789614 0.987356 1.101587
0.785277 0.987567 1.105625
0.780298 0.986274 1.104978
0.774504 0.982938 1.103533
0.768794 0.979522 1.102078
0.763168 0.976029 1.100612
0.758220 0.973930 1.103719
0.754672 0.975294 1.103718
0.751111 0.976622 1.103717
0.748279 0.979962 1.104438
0.745391 0.983274 1.105180
0.742448 0.986557 1.105945
0.741927 0.984993 1.109801
0.741925 0.984992 1.109800
0.741395 0.983388 1.113638
0.741393 0.983387 1.113636
0.737231 0.982938 1.117459
0.733075 0.982405 1.121262
0.728932 0.981789 1.125048
0.724426 0.979867 1.124084
0.719973 0.977898 1.123089
0.715573 0.975887 1.122062
0.711225 0.973833 1.121004
0.706931 0.971739 1.119915
0.702690 0.969606 1.118795
0.698503 0.967434 1.117645
0.694370 0.965225 1.116465
0.690291 0.962981 1.115254
0.686267 0.960702 1.114013
0.682298 0.958388 1.112741
0.678383 0.956043 1.111440
0.674524 0.953666 1.110108
0.670720 0.951260 1.108747
0.666971 0.948825 1.107357
0.663277 0.946362 1.105937
0.659639 0.943873 1.104488
0.656057 0.941359 1.103009
0.652530 0.938820 1.101501
0.649059 0.936258 1.099965
0.645644 0.933674 1.098399
0.642284 0.931070 1.096805
0.638979 0.928447 1.095183
0.635730 0.925805 1.093533
0.635731 0.925803 1.093531
0.635732 0.925801 1.093530
0.635732 0.925800 1.093528
0.635733 0.925798 1.093527
0.632675 0.925938 1.093526
0.629616 0.926048 1.093524
0.626555 0.926127 1.093523
0.626556 0.926126 1.093522
0.623495 0.926174 1.093520
0.620434 0.926192 1.093519
0.620435 0.926190 1.093518
0.620435 0.926189 1.093517
0.620436 0.926187 1.093515
0.620437 0.926186 1.093514
0.620438 0.926184 1.093513
0.620438 0.926182 1.093511
0.620439 0.926181 1.093510
0.623501 0.926159 1.093509
0.626644 0.928925 1.095156
0.629842 0.931674 1.096775
0.633096 0.934407 1.098366
0.636407 0.937121 1.099928
0.639773 0.939815 1.101461
0.643197 0.942488 1.102965
0.646677 0.945139 1.104440
0.650213 0.947768 1.105886
0.653805 0.950373 1.107303
0.657454 0.952952 1.108690
0.661159 0.955504 1.110048
0.664921 0.958029 1.111376
0.668739 0.960525 1.112673
0.672613 0.962990 1.113941
0.676543 0.965424 1.115178
0.680528 0.967826 1.116386
0.684569 0.970195 1.117563
0.688665 0.972528 1.118710
0.689412 0.976318 1.115980
0.690151 0.980079 1.113211
0.690885 0.983813 1.110403
0.691614 0.987519 1.107558
0.695606 0.988379 1.103805
0.699614 0.989157 1.100035
0.704004 0.991391 1.100965
0.704711 0.994450 1.101865
0.705417 0.997516 1.102732
0.706124 1.000591 1.103567
0.710662 1.002789 1.104373
0.711408 1.005873 1.105146
0.711770 1.007431 1.101171
0.712629 1.011039 1.097987
0.713481 1.014616 1.094766
0.714325 1.018162 1.091509
0.714655 1.019589 1.087410
0.715485 1.023071 1.084081
0.716307 1.026521 1.080717
0.717121 1.029938 1.077317
0.717928 1.033322 1.073883
0.718727 1.036673 1.070414
0.719517 1.039989 1.066911
0.720300 1.043272 1.063373
0.721074 1.046519 1.059803
0.721838 1.049732 1.056199
0.722594 1.052910 1.052562
0.723341 1.056053 1.048892
0.724079 1.059160 1.045191
0.724807 1.062231 1.041457
0.725526 1.065265 1.037693
0.726235 1.068263 1.033897
0.726934 1.071224 1.030070
0.727623 1.074148 1.026214
0.728302 1.077035 1.022327
0.728971 1.079884 1.018411
0.729630 1.082695 1.014466
0.730278 1.085467 1.010492
0.730916 1.088201 1.006490
0.731543 1.090897 1.002460
0.732160 1.093553 0.998403
0.732766 1.096170 0.994318
0.733361 1.098747 0.990207
0.733946 1.101285 0.986069
0.734521 1.103782 0.981906
0.735085 1.106239 0.977717
0.735639 1.108655 0.973504
0.736182 1.111030 0.969265
0.736715 1.113364 0.965003
0.737238 1.115656 0.960717
0.737752 1.117906 0.956407
0.738255 1.120115 0.952075
0.738749 1.122281 0.947720
0.739234 1.124404 0.943343
0.739709 1.126484 0.938945
0.740176 1.128522 0.934526
0.740634 1.130515 0.930085
0.741083 1.132466 0.925625
0.741594 1.134552 0.926431
0.742087 1.136635 0.927259
0.742573 1.138711 0.928108
0.742989 1.140623 0.923628
0.743410 1.142488 0.919129
0.743829 1.144306 0.914610
0.744243 1.146080 0.910074
0.744650 1.147809 0.905519
0.745049 1.149492 0.900947
0.745441 1.151130 0.896358
0.748672 1.152035 0.891743
0.753233 1.152549 0.887118
0.758407 1.152824 0.882479
0.763862 1.152929 0.877826
0.769448 1.152898 0.873158
0.775094 1.152747 0.868476
0.777910 1.153341 0.863783
0.779364 1.154279 0.859075
0.780210 1.155347 0.854353
0.780784 1.156446 0.849619
0.781234 1.157533 0.844873
0.781624 1.158588 0.840115
0.781981 1.159603 0.835346
0.782318 1.160575 0.830567
0.783002 1.162586 0.831437
0.783658 1.164597 0.832328
0.783938 1.165536 0.827539
0.783608 1.164400 0.821849
0.783279 1.163203 0.816170
0.782933 1.161953 0.810504
0.785882 1.159642 0.804852
0.786801 1.157882 0.799212
0.790215 1.155274 0.793590
0.794609 1.152255 0.787981
0.796351 1.151678 0.787977
0.796907 1.151492 0.787976
0.797096 1.151428 0.787975
0.796644 1.149916 0.782382
