0.535064 0.980899 1.117735
0.530725 0.983064 1.118698
0.526679 0.983840 1.114950
0.522245 0.985924 1.115850
0.517759 0.987964 1.116719
0.513220 0.989958 1.117556
0.508628 0.991907 1.118362
0.504413 0.992434 1.114471
0.500187 0.992877 1.110562
0.495469 0.994688 1.111272
0.494452 0.997715 1.111950
0.493452 1.000756 1.112597
0.488652 1.002519 1.113212
0.483771 1.004219 1.113794
0.482657 1.007239 1.114343
0.481588 1.010280 1.114861
0.480518 1.013327 1.115346
0.479446 1.016378 1.115799
0.478373 1.019432 1.116220
0.477298 1.022491 1.116608
0.476221 1.025553 1.116964
0.475143 1.028618 1.117287
0.474063 1.031685 1.117578
0.472981 1.034755 1.117836
0.471898 1.037827 1.118061
0.470814 1.040901 1.118254
0.469728 1.043976 1.118414
0.468640 1.047051 1.118541
0.467551 1.050128 1.118636
0.466461 1.053205 1.118697
0.465369 1.056281 1.118726
0.464276 1.059358 1.118723
0.463182 1.062433 1.118686
0.462087 1.065508 1.118617
0.460800 1.069188 1.114640
0.459520 1.072826 1.110623
0.458250 1.076425 1.106568
0.456992 1.079985 1.102474
0.455746 1.083506 1.098343
0.454512 1.086987 1.094174
0.453290 1.090427 1.089969
0.452080 1.093827 1.085727
0.450884 1.097187 1.081449
0.449700 1.100505 1.077136
0.448530 1.103782 1.072787
0.447373 1.107017 1.068404
0.446230 1.110211 1.063987
0.445102 1.113362 1.059535
0.443988 1.116472 1.055051
0.442890 1.119538 1.050533
0.441807 1.122562 1.045983
0.440739 1.125543 1.041401
0.439688 1.128481 1.036787
0.438654 1.131376 1.032143
0.437637 1.134227 1.027468
0.436555 1.137202 1.026682
0.435481 1.140175 1.025868
0.434493 1.142972 1.021102
0.433523 1.145721 1.016304
0.432572 1.148426 1.011476
0.431641 1.151087 1.006620
0.430729 1.153703 1.001735
0.429837 1.156273 0.996823
0.428966 1.158799 0.991884
0.428115 1.161279 0.986918
0.427284 1.163713 0.981927
0.426474 1.166101 0.976909
0.425686 1.168443 0.971866
0.424917 1.170739 0.966799
0.424170 1.172988 0.961708
0.423444 1.175191 0.956592
0.422738 1.177346 0.951454
0.422053 1.179453 0.946293
0.421389 1.181513 0.941110
0.420744 1.183524 0.935906
0.420121 1.185488 0.930680
0.419517 1.187402 0.925434
0.419634 1.187220 0.919412
0.419772 1.186979 0.913390
0.419931 1.186681 0.907372
0.420111 1.186327 0.901357
0.420311 1.185917 0.895346
0.420533 1.185450 0.889341
0.420775 1.184927 0.883341
0.421038 1.184347 0.877347
0.421321 1.183711 0.871359
0.420908 1.185124 0.865938
0.420513 1.186488 0.860503
0.420852 1.185694 0.854496
0.421210 1.184842 0.848496
0.421588 1.183933 0.842506
0.421986 1.182967 0.836527
0.422402 1.181944 0.830558
0.422838 1.180865 0.824600
0.423295 1.179731 0.818655
0.423045 1.180677 0.813122
0.422811 1.181573 0.807582
0.422924 1.181607 0.807577
0.422990 1.181627 0.807574
0.422675 1.182913 0.813526
0.422331 1.184130 0.819495
0.421994 1.185286 0.825476
0.425484 1.187728 0.831496
0.430356 1.190521 0.837507
0.435667 1.193335 0.843524
0.442198 1.192554 0.845342
0.448760 1.191699 0.847131
0.455311 1.190757 0.848892
0.463253 1.190111 0.850615
0.471216 1.189367 0.852324
0.477753 1.188146 0.854001
0.483372 1.190405 0.859858
0.488998 1.192544 0.865726
0.495139 1.192407 0.870998
0.501277 1.192154 0.876254
0.507409 1.191784 0.881496
0.514162 1.187868 0.882424
0.520848 1.183857 0.883343
0.527480 1.179133 0.878587
0.534019 1.174944 0.879544
0.540450 1.170661 0.880495
0.546783 1.166286 0.881439
0.553017 1.161821 0.882376
0.559154 1.157270 0.883307
0.565192 1.152632 0.884230
0.571130 1.147912 0.885146
0.576966 1.143111 0.886054
0.582700 1.138230 0.886955
0.588330 1.133273 0.887849
0.593854 1.128241 0.888735
0.596610 1.123017 0.889612
0.597990 1.117710 0.890483
0.598755 1.112363 0.891346
0.601846 1.107093 0.892197
0.606024 1.101828 0.893042
0.610626 1.096526 0.893880
0.615355 1.091174 0.894709
0.620076 1.085764 0.895530
0.624731 1.080298 0.896343
0.629291 1.074777 0.897148
0.631161 1.069281 0.897951
0.631855 1.063798 0.898742
0.632056 1.058317 0.899522
0.632052 1.052834 0.900291
0.631965 1.047347 0.901051
0.631845 1.041854 0.901802
0.631710 1.036357 0.902544
0.631571 1.030855 0.903277
0.631429 1.025349 0.904000
0.631286 1.019840 0.904714
0.628419 1.017996 0.908918
0.624755 1.016093 0.913095
0.623736 1.014086 0.917240
0.623447 1.008558 0.917845
0.623346 1.003029 0.918443
0.623296 0.997499 0.919031
0.623260 0.991969 0.919609
0.623228 0.986439 0.920178
0.623197 0.980909 0.920737
0.623167 0.977649 0.920934
0.623138 0.974387 0.921099
0.623111 0.971124 0.921230
0.623084 0.967860 0.921330
0.623057 0.966866 0.921067
0.623029 0.965636 0.917337
0.623005 0.962097 0.913948
0.622981 0.958524 0.910596
0.622958 0.955258 0.910630
0.622934 0.951992 0.910631
0.622917 0.952299 0.913952
0.622909 0.952573 0.917276
0.622910 0.956284 0.924061
0.622918 0.959857 0.930952
0.622927 0.963290 0.937945
0.622929 0.963324 0.941378
0.622925 0.963323 0.944811
0.622921 0.963287 0.948244
0.622918 0.963218 0.951677
0.622915 0.963114 0.955108
0.622913 0.962976 0.958539
0.622911 0.962803 0.961968
0.622910 0.962596 0.965395
0.622908 0.962355 0.968819
0.622907 0.962080 0.972241
0.622905 0.961770 0.975661
0.622904 0.961426 0.979077
0.622903 0.961049 0.982489
0.622901 0.960636 0.985897
0.622900 0.960190 0.989301
0.622899 0.959710 0.992701
0.622898 0.959196 0.996095
0.622897 0.958648 0.999484
0.622897 0.958066 1.002868
0.622896 0.957450 1.006245
0.622895 0.956800 1.009616
0.622895 0.956116 1.012980
0.622895 0.955398 1.016337
0.622895 0.954646 1.019686
0.622895 0.953861 1.023028
0.622896 0.953042 1.026362
0.622897 0.952190 1.029687
0.622898 0.951304 1.033003
0.622900 0.950386 1.036311
0.622901 0.949435 1.039609
0.622903 0.948450 1.042897
0.622905 0.947433 1.046176
0.622907 0.946383 1.049444
0.622909 0.945301 1.052701
0.622912 0.944186 1.055947
0.622914 0.943038 1.059182
0.622916 0.941858 1.062406
0.622919 0.940647 1.065617
0.622921 0.939403 1.068816
0.622924 0.938127 1.072003
0.622927 0.936819 1.075176
0.622929 0.935480 1.078336
0.622932 0.934109 1.081483
0.622935 0.932707 1.084616
0.622938 0.931273 1.087734
0.622941 0.929809 1.090839
0.622944 0.928313 1.093928
0.622947 0.926787 1.097002
0.622948 0.926785 1.097001
