0.380792 0.096016 0.970003 0.026123 -0.268902 -0.864020 0.424828
0.380979 0.097369 0.972082 0.027708 -0.270273 -0.862694 0.426549
0.381125 0.098093 0.973098 0.028587 -0.270883 -0.862026 0.427454
0.381313 0.098829 0.974108 0.029528 -0.271379 -0.861374 0.428388
0.381942 0.101176 0.977179 0.032381 -0.272844 -0.859380 0.431247
0.382743 0.103692 0.980262 0.035034 -0.273958 -0.857508 0.434051
0.383639 0.106321 0.983455 0.037328 -0.274944 -0.855732 0.436733
0.384703 0.109055 0.986702 0.038794 -0.275633 -0.854247 0.439072
0.385503 0.110959 0.988918 0.039434 -0.275857 -0.853398 0.440523
0.386413 0.112935 0.991192 0.039577 -0.275904 -0.852725 0.441781
0.388887 0.117971 0.996856 0.038567 -0.275419 -0.851599 0.444338
0.389989 0.120032 0.999123 0.037502 -0.274924 -0.851417 0.445084
0.391174 0.122123 1.001405 0.036227 -0.274077 -0.851377 0.445787
0.394381 0.127434 1.007207 0.032640 -0.270647 -0.851675 0.447588
0.396444 0.130659 1.010708 0.030447 -0.267635 -0.852044 0.448850
0.400853 0.137126 1.017851 0.027139 -0.258995 -0.852872 0.452542
0.406048 0.144569 1.026316 0.025680 -0.245810 -0.853297 0.459131
0.410412 0.150999 1.033908 0.027206 -0.232375 -0.852529 0.467393
0.414041 0.156412 1.040395 0.029828 -0.219789 -0.851070 0.475901
0.415515 0.158636 1.043013 0.030754 -0.214509 -0.850393 0.479449
0.419149 0.164188 1.049668 0.032918 -0.201076 -0.848326 0.488700
0.421421 0.167700 1.053744 0.033665 -0.192595 -0.846992 0.494346
0.423665 0.171255 1.057887 0.033982 -0.184101 -0.845591 0.499928
0.425982 0.174953 1.062057 0.033543 -0.175392 -0.844250 0.505326
0.428314 0.178771 1.066299 0.032846 -0.166421 -0.842776 0.510837
0.431338 0.183970 1.072064 0.031494 -0.154555 -0.840557 0.518252
0.433621 0.188003 1.076402 0.030268 -0.145284 -0.838696 0.523990
0.436589 0.193471 1.082317 0.028797 -0.132675 -0.835668 0.532191
0.438793 0.197560 1.086689 0.027644 -0.122951 -0.833156 0.538488
0.440916 0.201639 1.090978 0.026572 -0.113232 -0.830348 0.544972
0.442970 0.205679 1.095205 0.025735 -0.103498 -0.827185 0.551717
0.445019 0.209701 1.099326 0.024899 -0.093532 -0.823785 0.558579
0.447050 0.213748 1.103382 0.023979 -0.083366 -0.820138 0.565552
0.448356 0.216441 1.106052 0.023388 -0.076679 -0.817557 0.570240
0.450321 0.220564 1.110036 0.022196 -0.066470 -0.813580 0.577215
0.451664 0.223396 1.112708 0.021219 -0.059416 -0.810814 0.581893
0.453619 0.227768 1.116769 0.019600 -0.048887 -0.806426 0.588985
0.455494 0.232243 1.120915 0.017922 -0.038398 -0.801629 0.596318
0.456748 0.235307 1.123700 0.016574 -0.031236 -0.798342 0.601165
0.457983 0.238439 1.126491 0.015077 -0.024049 -0.794966 0.605989
0.459186 0.241634 1.129287 0.013437 -0.016840 -0.791510 0.610776
0.459773 0.243267 1.130727 0.012541 -0.013264 -0.789729 0.613184
0.460360 0.244929 1.132143 0.011732 -0.009589 -0.787839 0.615695
0.461499 0.248297 1.135043 0.009908 -0.002371 -0.784044 0.620621
0.462607 0.251707 1.137933 0.007953 0.004878 -0.780139 0.625537
0.464252 0.256966 1.142275 0.004695 0.016042 -0.774131 0.632805
0.465300 0.260509 1.145147 0.002413 0.023423 -0.770023 0.637582
0.465823 0.262291 1.146548 0.001267 0.027164 -0.767906 0.639986
0.467307 0.267695 1.150767 0.002025 -0.038312 0.761196 -0.647387
0.468727 0.273122 1.154878 0.005289 -0.049473 0.754163 -0.654799
0.470181 0.278590 1.158786 0.008488 -0.060927 0.746813 -0.662183
0.471206 0.282337 1.161257 0.010595 -0.068745 0.741710 -0.667105
0.472210 0.286084 1.163639 0.012725 -0.076539 0.736535 -0.671935
0.473151 0.289732 1.165894 0.014803 -0.084223 0.731366 -0.676603
0.474426 0.295037 1.169196 0.017838 -0.095799 0.723395 -0.683523
0.475585 0.300132 1.172282 0.020902 -0.107129 0.715564 -0.689967
0.476350 0.303468 1.174205 0.022889 -0.114681 0.710283 -0.694135
0.476727 0.305129 1.175099 0.023900 -0.118481 0.707696 -0.696101
0.477892 0.309989 1.177575 0.026958 -0.130057 0.700086 -0.701596
0.479002 0.314737 1.179833 0.029846 -0.141509 0.692417 -0.706855
0.480031 0.319390 1.181937 0.032538 -0.152715 0.684570 -0.712027
0.480675 0.322440 1.183275 0.034267 -0.160115 0.679308 -0.715353
0.481583 0.326994 1.185136 0.036866 -0.171063 0.671432 -0.720109
0.482406 0.331502 1.186900 0.039497 -0.181810 0.663645 -0.724541
0.483127 0.335971 1.188584 0.042089 -0.192273 0.655831 -0.728797
0.483694 0.340265 1.190235 0.044550 -0.201997 0.648138 -0.732891
0.484158 0.344498 1.191846 0.046804 -0.211289 0.640216 -0.737082
0.484346 0.347197 1.192936 0.048174 -0.216757 0.634989 -0.739922
0.484504 0.351172 1.194630 0.050161 -0.224311 0.627137 -0.744223
0.484518 0.353736 1.195779 0.051436 -0.228908 0.621935 -0.747096
0.484386 0.357472 1.197606 0.053140 -0.234718 0.614040 -0.751691
0.484186 0.359837 1.198894 0.054164 -0.237887 0.608803 -0.754874
0.483794 0.363335 1.200867 0.055660 -0.242070 0.600921 -0.759736
0.482749 0.370457 1.205008 0.058521 -0.248918 0.584322 -0.770184
0.482403 0.373004 1.206416 0.059275 -0.250810 0.578125 -0.774179
0.481850 0.376956 1.208535 0.060320 -0.253428 0.568362 -0.780449
0.481673 0.378310 1.209228 0.060635 -0.254273 0.564918 -0.782647
0.481159 0.382611 1.211342 0.061415 -0.256771 0.553727 -0.789736
0.480661 0.387145 1.213414 0.062192 -0.259137 0.541874 -0.797090
0.480371 0.390390 1.214770 0.062659 -0.260721 0.533354 -0.802267
0.480139 0.393760 1.216040 0.063162 -0.262387 0.524649 -0.807408
0.480027 0.395554 1.216667 0.063495 -0.263255 0.520191 -0.809979
0.479743 0.402990 1.218906 0.064667 -0.266737 0.501932 -0.820203
0.479647 0.406944 1.219922 0.065507 -0.268586 0.492828 -0.825040
0.479539 0.410972 1.220894 0.066438 -0.270336 0.483803 -0.829722
0.479485 0.415091 1.221745 0.067590 -0.272325 0.475195 -0.833942
0.479494 0.419321 1.222463 0.068864 -0.274588 0.466879 -0.837785
0.479543 0.423599 1.223055 0.070275 -0.276980 0.459010 -0.841221
0.479594 0.427862 1.223568 0.071819 -0.279356 0.451762 -0.844224
0.479700 0.432109 1.223960 0.073469 -0.281896 0.445264 -0.846686
0.479931 0.438601 1.224326 0.076315 -0.286161 0.436944 -0.849334
0.480078 0.445012 1.224669 0.079540 -0.290486 0.430182 -0.851020
0.480124 0.451427 1.224955 0.082737 -0.294556 0.423638 -0.852597
0.480001 0.457853 1.225326 0.086048 -0.298453 0.417105 -0.854134
0.479763 0.464475 1.225608 0.089414 -0.302442 0.410271 -0.855694
0.479532 0.468903 1.225831 0.091700 -0.305020 0.405710 -0.856711
0.479118 0.475640 1.226070 0.095088 -0.308913 0.398677 -0.858247
0.478574 0.482324 1.226284 0.098456 -0.312694 0.391638 -0.859738
0.478192 0.486621 1.226407 0.100618 -0.315084 0.387080 -0.860678
0.477560 0.493081 1.226448 0.103766 -0.318736 0.380163 -0.862042
0.477105 0.497197 1.226467 0.105765 -0.321001 0.375705 -0.862913
0.476691 0.501253 1.226362 0.107620 -0.323362 0.371230 -0.863738
0.476293 0.505298 1.226161 0.109411 -0.325743 0.366707 -0.864550
0.475931 0.509205 1.225895 0.111027 -0.328108 0.362260 -0.865324
0.475469 0.515028 1.225268 0.113285 -0.331815 0.355499 -0.866421
0.475197 0.518727 1.224732 0.114606 -0.334222 0.351133 -0.867102
0.474940 0.522231 1.224186 0.115800 -0.336572 0.346951 -0.867718
0.474691 0.527202 1.223144 0.117278 -0.340106 0.340825 -0.868569
0.474621 0.530273 1.222315 0.118061 -0.342441 0.336949 -0.869057
0.474606 0.531712 1.221885 0.118377 -0.343584 0.335108 -0.869275
0.474651 0.534468 1.220962 0.118874 -0.345850 0.331519 -0.869685
0.474787 0.537115 1.219858 0.119203 -0.348256 0.327939 -0.870037
0.475018 0.539512 1.218689 0.119311 -0.350575 0.324567 -0.870355
0.475324 0.541644 1.217506 0.119298 -0.352806 0.321519 -0.870587
0.476004 0.545491 1.215034 0.119019 -0.357109 0.315809 -0.870961
0.476592 0.548598 1.212934 0.118690 -0.360689 0.311138 -0.871211
0.477074 0.551494 1.210978 0.118465 -0.363950 0.306756 -0.871440
0.477211 0.552264 1.210419 0.118366 -0.364879 0.305550 -0.871489
0.477180 0.552162 1.210530 0.118414 -0.364716 0.305748 -0.871481
0.477168 0.552185 1.210530 0.118434 -0.364702 0.305716 -0.871495
0.477173 0.552175 1.210544 0.118433 -0.364711 0.305731 -0.871486
0.477180 0.552108 1.210573 0.118403 -0.364654 0.305820 -0.871483
0.477177 0.552155 1.210509 0.118408 -0.364733 0.305766 -0.871468
0.477185 0.552129 1.210542 0.118401 -0.364696 0.305795 -0.871474
0.477174 0.552143 1.210547 0.118420 -0.364695 0.305789 -0.871474
0.477183 0.552145 1.210519 0.118404 -0.364728 0.305770 -0.871469
0.477170 0.552147 1.210561 0.118425 -0.364688 0.305780 -0.871480
0.477189 0.552117 1.210550 0.118396 -0.364691 0.305807 -0.871473
0.477171 0.552151 1.210544 0.118430 -0.364694 0.305785 -0.871475
0.477186 0.552131 1.210526 0.118395 -0.364710 0.305799 -0.871468
0.477175 0.552152 1.210535 0.118413 -0.364727 0.305765 -0.871470
0.477199 0.552145 1.210488 0.118375 -0.364798 0.305792 -0.871436
0.477194 0.552142 1.210514 0.118405 -0.364813 0.305839 -0.871409
0.477204 0.552140 1.210490 0.118400 -0.364836 0.305848 -0.871397
0.477210 0.552098 1.210508 0.118386 -0.364823 0.305910 -0.871383
0.477197 0.552119 1.210518 0.118417 -0.364809 0.305898 -0.871388
0.477208 0.552113 1.210490 0.118385 -0.364838 0.305891 -0.871383
0.477196 0.552119 1.210510 0.118400 -0.364832 0.305904 -0.871379
0.477201 0.552149 1.210476 0.118408 -0.364868 0.305852 -0.871382
0.477200 0.552121 1.210512 0.118421 -0.364832 0.305911 -0.871374
0.477212 0.552113 1.210492 0.118379 -0.364856 0.305893 -0.871376
0.477192 0.552141 1.210505 0.118413 -0.364851 0.305868 -0.871382
0.477196 0.552116 1.210525 0.118406 -0.364822 0.305911 -0.871380
0.477187 0.552137 1.210515 0.118415 -0.364831 0.305880 -0.871386
0.477204 0.552100 1.210531 0.118408 -0.364801 0.305941 -0.871378
0.477181 0.552080 1.210559 0.118415 -0.364768 0.305974 -0.871379
0.477195 0.552041 1.210561 0.118408 -0.364742 0.306025 -0.871373
0.477186 0.552049 1.210574 0.118407 -0.364745 0.306015 -0.871376
0.477185 0.552087 1.210536 0.118414 -0.364783 0.305946 -0.871383
0.477189 0.552072 1.210548 0.118406 -0.364755 0.305981 -0.871384
0.477200 0.552093 1.210509 0.118391 -0.364839 0.305932 -0.871368
0.477194 0.552088 1.210530 0.118402 -0.364813 0.305956 -0.871369
0.477216 0.552062 1.210514 0.118394 -0.364821 0.305993 -0.871353
0.477197 0.552084 1.210528 0.118387 -0.364814 0.305951 -0.871372
0.477202 0.552077 1.210509 0.118403 -0.364828 0.305987 -0.871352
0.477194 0.552068 1.210535 0.118415 -0.364788 0.306002 -0.871361
0.477188 0.552105 1.210515 0.118422 -0.364815 0.305947 -0.871368
0.477199 0.552081 1.210529 0.118402 -0.364822 0.305967 -0.871361
0.477210 0.552071 1.210499 0.118392 -0.364845 0.305992 -0.871344
0.477200 0.552090 1.210504 0.118401 -0.364856 0.305952 -0.871352
0.477200 0.552078 1.210526 0.118403 -0.364828 0.305993 -0.871349
0.477208 0.552087 1.210495 0.118391 -0.364854 0.305965 -0.871350
0.477213 0.552065 1.210511 0.118388 -0.364839 0.305999 -0.871344
0.477204 0.552085 1.210510 0.118385 -0.364860 0.305973 -0.871345
0.477203 0.552061 1.210536 0.118398 -0.364823 0.306005 -0.871348
0.477211 0.552073 1.210511 0.118397 -0.364846 0.305985 -0.871345
0.477195 0.552092 1.210518 0.118401 -0.364837 0.305967 -0.871355
0.477219 0.552064 1.210507 0.118377 -0.364856 0.306001 -0.871339
0.477198 0.552078 1.210524 0.118413 -0.364824 0.305998 -0.871348
0.477197 0.552085 1.210503 0.118400 -0.364864 0.305990 -0.871336
0.477214 0.552062 1.210524 0.118393 -0.364842 0.306008 -0.871340
0.477199 0.552090 1.210511 0.118411 -0.364850 0.305972 -0.871346
0.477203 0.552073 1.210517 0.118391 -0.364852 0.305993 -0.871341
0.477215 0.552074 1.210491 0.118381 -0.364860 0.305985 -0.871341
0.477204 0.552072 1.210530 0.118418 -0.364837 0.306025 -0.871332
0.477206 0.552090 1.210489 0.118404 -0.364885 0.305972 -0.871333
0.477197 0.552079 1.210528 0.118422 -0.364836 0.306003 -0.871340
0.477200 0.552099 1.210488 0.118390 -0.364869 0.305961 -0.871345
0.477219 0.552070 1.210496 0.118381 -0.364869 0.305999 -0.871333
0.477200 0.552077 1.210524 0.118422 -0.364843 0.305989 -0.871341
0.477208 0.552092 1.210492 0.118399 -0.364879 0.305971 -0.871336
0.477207 0.552074 1.210510 0.118401 -0.364860 0.305995 -0.871335
0.477191 0.552099 1.210508 0.118420 -0.364869 0.305963 -0.871340
0.477212 0.552071 1.210495 0.118396 -0.364863 0.306002 -0.871332
0.477213 0.552085 1.210484 0.118380 -0.364876 0.305977 -0.871338
0.477207 0.552069 1.210517 0.118392 -0.364849 0.306002 -0.871339
0.477215 0.552080 1.210492 0.118396 -0.364871 0.305992 -0.871333
0.477210 0.552071 1.210516 0.118391 -0.364861 0.306004 -0.871333
0.477202 0.552094 1.210504 0.118405 -0.364873 0.305978 -0.871336
0.477207 0.552069 1.210517 0.118392 -0.364849 0.306002 -0.871339
0.477210 0.552073 1.210488 0.118401 -0.364866 0.306007 -0.871329
0.477215 0.552068 1.210506 0.118397 -0.364856 0.306003 -0.871335
0.477199 0.552091 1.210501 0.118400 -0.364871 0.305980 -0.871336
0.477219 0.552070 1.210496 0.118365 -0.364875 0.305993 -0.871335
0.477203 0.552085 1.210503 0.118390 -0.364872 0.305985 -0.871336
0.477211 0.552077 1.210481 0.118380 -0.364889 0.305995 -0.871326
0.477208 0.552074 1.210522 0.118406 -0.364863 0.306004 -0.871330
0.477218 0.552077 1.210483 0.118379 -0.364896 0.305981 -0.871328
0.477210 0.552073 1.210516 0.118407 -0.364855 0.306002 -0.871334
0.477197 0.552093 1.210512 0.118421 -0.364859 0.305982 -0.871338
0.477212 0.552077 1.210502 0.118380 -0.364876 0.305981 -0.871337
0.477201 0.552073 1.210525 0.118408 -0.364839 0.306013 -0.871337
0.477216 0.552074 1.210493 0.118396 -0.364880 0.306006 -0.871324
0.477205 0.552065 1.210522 0.118407 -0.364853 0.306026 -0.871327
0.477198 0.552097 1.210509 0.118415 -0.364861 0.305979 -0.871339
0.477216 0.552065 1.210506 0.118376 -0.364868 0.306005 -0.871332
0.477212 0.552083 1.210494 0.118384 -0.364885 0.305977 -0.871333
0.477210 0.552075 1.210511 0.118380 -0.364869 0.305994 -0.871335
0.477197 0.552097 1.210510 0.118394 -0.364871 0.305958 -0.871345
0.477220 0.552061 1.210509 0.118393 -0.364843 0.306025 -0.871333
0.477201 0.552106 1.210486 0.118403 -0.364903 0.305955 -0.871331
0.477202 0.552069 1.210516 0.118407 -0.364848 0.306016 -0.871332
0.477212 0.552082 1.210491 0.118400 -0.364881 0.305999 -0.871325
0.477202 0.552097 1.210485 0.118410 -0.364883 0.305978 -0.871331
0.477204 0.552078 1.210522 0.118396 -0.364863 0.306000 -0.871333
0.477199 0.552098 1.210499 0.118395 -0.364871 0.305962 -0.871343
0.477213 0.552071 1.210508 0.118401 -0.364862 0.306007 -0.871330
0.477196 0.552102 1.210496 0.118414 -0.364880 0.305971 -0.871334
0.477211 0.552068 1.210495 0.118397 -0.364853 0.306016 -0.871332
0.477196 0.552088 1.210512 0.118405 -0.364861 0.305988 -0.871337
0.477212 0.552091 1.210482 0.118399 -0.364895 0.305980 -0.871326
0.477204 0.552081 1.210520 0.118395 -0.364869 0.305983 -0.871337
0.380792 0.096016 0.970003 0.026123 -0.268902 -0.864020 0.424828
0.380979 0.097369 0.972082 0.027708 -0.270273 -0.862694 0.426549
0.381125 0.098093 0.973098 0.028587 -0.270883 -0.862026 0.427454
0.381313 0.098829 0.974108 0.029528 -0.271379 -0.861374 0.428388
0.381942 0.101176 0.977179 0.032381 -0.272844 -0.859380 0.431247
0.382743 0.103692 0.980262 0.035034 -0.273958 -0.857508 0.434051
0.383639 0.106321 0.983455 0.037328 -0.274944 -0.855732 0.436733
0.384703 0.109055 0.986702 0.038794 -0.275633 -0.854247 0.439072
0.385503 0.110959 0.988918 0.039434 -0.275857 -0.853398 0.440523
0.386413 0.112935 0.991192 0.039577 -0.275904 -0.852725 0.441781
0.388887 0.117971 0.996856 0.038567 -0.275419 -0.851599 0.444338
0.389989 0.120032 0.999123 0.037502 -0.274924 -0.851417 0.445084
0.391174 0.122123 1.001405 0.036227 -0.274077 -0.851377 0.445787
0.394381 0.127434 1.007207 0.032640 -0.270647 -0.851675 0.447588
0.396444 0.130659 1.010708 0.030447 -0.267635 -0.852044 0.448850
0.400853 0.137126 1.017851 0.027139 -0.258995 -0.852872 0.452542
0.406048 0.144569 1.026316 0.025680 -0.245810 -0.853297 0.459131
0.410412 0.150999 1.033908 0.027206 -0.232375 -0.852529 0.467393
0.414041 0.156412 1.040395 0.029828 -0.219789 -0.851070 0.475901
0.415515 0.158636 1.043013 0.030754 -0.214509 -0.850393 0.479449
0.419149 0.164188 1.049668 0.032918 -0.201076 -0.848326 0.488700
0.421421 0.167700 1.053744 0.033665 -0.192595 -0.846992 0.494346
0.423665 0.171255 1.057887 0.033982 -0.184101 -0.845591 0.499928
0.425982 0.174953 1.062057 0.033543 -0.175392 -0.844250 0.505326
0.428314 0.178771 1.066299 0.032846 -0.166421 -0.842776 0.510837
0.431338 0.183970 1.072064 0.031494 -0.154555 -0.840557 0.518252
0.433621 0.188003 1.076402 0.030268 -0.145284 -0.838696 0.523990
0.436589 0.193471 1.082317 0.028797 -0.132675 -0.835668 0.532191
0.438793 0.197560 1.086689 0.027644 -0.122951 -0.833156 0.538488
0.440916 0.201639 1.090978 0.026572 -0.113232 -0.830348 0.544972
0.442970 0.205679 1.095205 0.025735 -0.103498 -0.827185 0.551717
0.445019 0.209701 1.099326 0.024899 -0.093532 -0.823785 0.558579
0.447050 0.213748 1.103382 0.023979 -0.083366 -0.820138 0.565552
0.448356 0.216441 1.106052 0.023388 -0.076679 -0.817557 0.570240
0.450321 0.220564 1.110036 0.022196 -0.066470 -0.813580 0.577215
0.451664 0.223396 1.112708 0.021219 -0.059416 -0.810814 0.581893
0.453619 0.227768 1.116769 0.019600 -0.048887 -0.806426 0.588985
0.455494 0.232243 1.120915 0.017922 -0.038398 -0.801629 0.596318
0.456748 0.235307 1.123700 0.016574 -0.031236 -0.798342 0.601165
0.457983 0.238439 1.126491 0.015077 -0.024049 -0.794966 0.605989
0.459186 0.241634 1.129287 0.013437 -0.016840 -0.791510 0.610776
0.459773 0.243267 1.130727 0.012541 -0.013264 -0.789729 0.613184
0.460360 0.244929 1.132143 0.011732 -0.009589 -0.787839 0.615695
0.461499 0.248297 1.135043 0.009908 -0.002371 -0.784044 0.620621
0.462607 0.251707 1.137933 0.007953 0.004878 -0.780139 0.625537
0.464252 0.256966 1.142275 0.004695 0.016042 -0.774131 0.632805
0.465300 0.260509 1.145147 0.002413 0.023423 -0.770023 0.637582
0.465823 0.262291 1.146548 0.001267 0.027164 -0.767906 0.639986
0.467307 0.267695 1.150767 0.002025 -0.038312 0.761196 -0.647387
0.468727 0.273122 1.154878 0.005289 -0.049473 0.754163 -0.654799
0.470181 0.278590 1.158786 0.008488 -0.060927 0.746813 -0.662183
0.471206 0.282337 1.161257 0.010595 -0.068745 0.741710 -0.667105
0.472210 0.286084 1.163639 0.012725 -0.076539 0.736535 -0.671935
0.473151 0.289732 1.165894 0.014803 -0.084223 0.731366 -0.676603
0.474426 0.295037 1.169196 0.017838 -0.095799 0.723395 -0.683523
0.475585 0.300132 1.172282 0.020902 -0.107129 0.715564 -0.689967
0.476350 0.303468 1.174205 0.022889 -0.114681 0.710283 -0.694135
0.476727 0.305129 1.175099 0.023900 -0.118481 0.707696 -0.696101
0.477892 0.309989 1.177575 0.026958 -0.130057 0.700086 -0.701596
0.479002 0.314737 1.179833 0.029846 -0.141509 0.692417 -0.706855
0.480031 0.319390 1.181937 0.032538 -0.152715 0.684570 -0.712027
0.480675 0.322440 1.183275 0.034267 -0.160115 0.679308 -0.715353
0.481583 0.326994 1.185136 0.036866 -0.171063 0.671432 -0.720109
0.482406 0.331502 1.186900 0.039497 -0.181810 0.663645 -0.724541
0.483127 0.335971 1.188584 0.042089 -0.192273 0.655831 -0.728797
0.483694 0.340265 1.190235 0.044550 -0.201997 0.648138 -0.732891
0.484158 0.344498 1.191846 0.046804 -0.211289 0.640216 -0.737082
0.484346 0.347197 1.192936 0.048174 -0.216757 0.634989 -0.739922
0.484504 0.351172 1.194630 0.050161 -0.224311 0.627137 -0.744223
0.484518 0.353736 1.195779 0.051436 -0.228908 0.621935 -0.747096
0.484386 0.357472 1.197606 0.053140 -0.234718 0.614040 -0.751691
0.484186 0.359837 1.198894 0.054164 -0.237887 0.608803 -0.754874
0.483794 0.363335 1.200867 0.055660 -0.242070 0.600921 -0.759736
0.482749 0.370457 1.205008 0.058521 -0.248918 0.584322 -0.770184
0.482403 0.373004 1.206416 0.059275 -0.250810 0.578125 -0.774179
0.481850 0.376956 1.208535 0.060320 -0.253428 0.568362 -0.780449
0.481673 0.378310 1.209228 0.060635 -0.254273 0.564918 -0.782647
0.481159 0.382611 1.211342 0.061415 -0.256771 0.553727 -0.789736
0.480661 0.387145 1.213414 0.062192 -0.259137 0.541874 -0.797090
0.480371 0.390390 1.214770 0.062659 -0.260721 0.533354 -0.802267
0.480139 0.393760 1.216040 0.063162 -0.262387 0.524649 -0.807408
0.480027 0.395554 1.216667 0.063495 -0.263255 0.520191 -0.809979
0.479743 0.402990 1.218906 0.064667 -0.266737 0.501932 -0.820203
0.479647 0.406944 1.219922 0.065507 -0.268586 0.492828 -0.825040
0.479539 0.410972 1.220894 0.066438 -0.270336 0.483803 -0.829722
0.479485 0.415091 1.221745 0.067590 -0.272325 0.475195 -0.833942
0.479494 0.419321 1.222463 0.068864 -0.274588 0.466879 -0.837785
0.479543 0.423599 1.223055 0.070275 -0.276980 0.459010 -0.841221
0.479594 0.427862 1.223568 0.071819 -0.279356 0.451762 -0.844224
0.479700 0.432109 1.223960 0.073469 -0.281896 0.445264 -0.846686
0.479931 0.438601 1.224326 0.076315 -0.286161 0.436944 -0.849334
0.480078 0.445012 1.224669 0.079540 -0.290486 0.430182 -0.851020
0.480124 0.451427 1.224955 0.082737 -0.294556 0.423638 -0.852597
0.480001 0.457853 1.225326 0.086048 -0.298453 0.417105 -0.854134
0.479763 0.464475 1.225608 0.089414 -0.302442 0.410271 -0.855694
0.479532 0.468903 1.225831 0.091700 -0.305020 0.405710 -0.856711
0.479118 0.475640 1.226070 0.095088 -0.308913 0.398677 -0.858247
0.478574 0.482324 1.226284 0.098456 -0.312694 0.391638 -0.859738
0.478192 0.486621 1.226407 0.100618 -0.315084 0.387080 -0.860678
0.477560 0.493081 1.226448 0.103766 -0.318736 0.380163 -0.862042
0.477105 0.497197 1.226467 0.105765 -0.321001 0.375705 -0.862913
0.476691 0.501253 1.226362 0.107620 -0.323362 0.371230 -0.863738
0.476293 0.505298 1.226161 0.109411 -0.325743 0.366707 -0.864550
0.475931 0.509205 1.225895 0.111027 -0.328108 0.362260 -0.865324
0.475469 0.515028 1.225268 0.113285 -0.331815 0.355499 -0.866421
0.475197 0.518727 1.224732 0.114606 -0.334222 0.351133 -0.867102
0.474940 0.522231 1.224186 0.115800 -0.336572 0.346951 -0.867718
0.474691 0.527202 1.223144 0.117278 -0.340106 0.340825 -0.868569
0.474621 0.530273 1.222315 0.118061 -0.342441 0.336949 -0.869057
0.474606 0.531712 1.221885 0.118377 -0.343584 0.335108 -0.869275
0.474651 0.534468 1.220962 0.118874 -0.345850 0.331519 -0.869685
0.474787 0.537115 1.219858 0.119203 -0.348256 0.327939 -0.870037
0.475018 0.539512 1.218689 0.119311 -0.350575 0.324567 -0.870355
0.475324 0.541644 1.217506 0.119298 -0.352806 0.321519 -0.870587
0.476004 0.545491 1.215034 0.119019 -0.357109 0.315809 -0.870961
0.476592 0.548598 1.212934 0.118690 -0.360689 0.311138 -0.871211
0.477074 0.551494 1.210978 0.118465 -0.363950 0.306756 -0.871440
0.477211 0.552264 1.210419 0.118366 -0.364879 0.305550 -0.871489
0.477180 0.552162 1.210530 0.118414 -0.364716 0.305748 -0.871481
0.477168 0.552185 1.210530 0.118434 -0.364702 0.305716 -0.871495
0.477173 0.552175 1.210544 0.118433 -0.364711 0.305731 -0.871486
0.477180 0.552108 1.210573 0.118403 -0.364654 0.305820 -0.871483
0.477177 0.552155 1.210509 0.118408 -0.364733 0.305766 -0.871468
0.477185 0.552129 1.210542 0.118401 -0.364696 0.305795 -0.871474
0.477174 0.552143 1.210547 0.118420 -0.364695 0.305789 -0.871474
0.477183 0.552145 1.210519 0.118404 -0.364728 0.305770 -0.871469
0.477170 0.552147 1.210561 0.118425 -0.364688 0.305780 -0.871480
0.477189 0.552117 1.210550 0.118396 -0.364691 0.305807 -0.871473
0.477171 0.552151 1.210544 0.118430 -0.364694 0.305785 -0.871475
0.477186 0.552131 1.210526 0.118395 -0.364710 0.305799 -0.871468
0.477175 0.552152 1.210535 0.118413 -0.364727 0.305765 -0.871470
0.477199 0.552145 1.210488 0.118375 -0.364798 0.305792 -0.871436
0.477194 0.552142 1.210514 0.118405 -0.364813 0.305839 -0.871409
0.477204 0.552140 1.210490 0.118400 -0.364836 0.305848 -0.871397
0.477210 0.552098 1.210508 0.118386 -0.364823 0.305910 -0.871383
0.477197 0.552119 1.210518 0.118417 -0.364809 0.305898 -0.871388
0.477208 0.552113 1.210490 0.118385 -0.364838 0.305891 -0.871383
0.477196 0.552119 1.210510 0.118400 -0.364832 0.305904 -0.871379
0.477201 0.552149 1.210476 0.118408 -0.364868 0.305852 -0.871382
0.477200 0.552121 1.210512 0.118421 -0.364832 0.305911 -0.871374
0.477212 0.552113 1.210492 0.118379 -0.364856 0.305893 -0.871376
0.477192 0.552141 1.210505 0.118413 -0.364851 0.305868 -0.871382
0.477196 0.552116 1.210525 0.118406 -0.364822 0.305911 -0.871380
0.477187 0.552137 1.210515 0.118415 -0.364831 0.305880 -0.871386
0.477204 0.552100 1.210531 0.118408 -0.364801 0.305941 -0.871378
0.477181 0.552080 1.210559 0.118415 -0.364768 0.305974 -0.871379
0.477195 0.552041 1.210561 0.118408 -0.364742 0.306025 -0.871373
0.477186 0.552049 1.210574 0.118407 -0.364745 0.306015 -0.871376
0.477185 0.552087 1.210536 0.118414 -0.364783 0.305946 -0.871383
0.477189 0.552072 1.210548 0.118406 -0.364755 0.305981 -0.871384
0.477200 0.552093 1.210509 0.118391 -0.364839 0.305932 -0.871368
0.477194 0.552088 1.210530 0.118402 -0.364813 0.305956 -0.871369
0.477216 0.552062 1.210514 0.118394 -0.364821 0.305993 -0.871353
0.477197 0.552084 1.210528 0.118387 -0.364814 0.305951 -0.871372
0.477202 0.552077 1.210509 0.118403 -0.364828 0.305987 -0.871352
0.477194 0.552068 1.210535 0.118415 -0.364788 0.306002 -0.871361
0.477188 0.552105 1.210515 0.118422 -0.364815 0.305947 -0.871368
0.477199 0.552081 1.210529 0.118402 -0.364822 0.305967 -0.871361
0.477210 0.552071 1.210499 0.118392 -0.364845 0.305992 -0.871344
0.477200 0.552090 1.210504 0.118401 -0.364856 0.305952 -0.871352
0.477200 0.552078 1.210526 0.118403 -0.364828 0.305993 -0.871349
0.477208 0.552087 1.210495 0.118391 -0.364854 0.305965 -0.871350
0.477213 0.552065 1.210511 0.118388 -0.364839 0.305999 -0.871344
0.477204 0.552085 1.210510 0.118385 -0.364860 0.305973 -0.871345
0.477203 0.552061 1.210536 0.118398 -0.364823 0.306005 -0.871348
0.477211 0.552073 1.210511 0.118397 -0.364846 0.305985 -0.871345
0.477195 0.552092 1.210518 0.118401 -0.364837 0.305967 -0.871355
0.477219 0.552064 1.210507 0.118377 -0.364856 0.306001 -0.871339
0.477198 0.552078 1.210524 0.118413 -0.364824 0.305998 -0.871348
0.477197 0.552085 1.210503 0.118400 -0.364864 0.305990 -0.871336
0.477214 0.552062 1.210524 0.118393 -0.364842 0.306008 -0.871340
0.477199 0.552090 1.210511 0.118411 -0.364850 0.305972 -0.871346
0.477203 0.552073 1.210517 0.118391 -0.364852 0.305993 -0.871341
0.477215 0.552074 1.210491 0.118381 -0.364860 0.305985 -0.871341
0.477204 0.552072 1.210530 0.118418 -0.364837 0.306025 -0.871332
0.477206 0.552090 1.210489 0.118404 -0.364885 0.305972 -0.871333
0.477197 0.552079 1.210528 0.118422 -0.364836 0.306003 -0.871340
0.477200 0.552099 1.210488 0.118390 -0.364869 0.305961 -0.871345
0.477219 0.552070 1.210496 0.118381 -0.364869 0.305999 -0.871333
0.477200 0.552077 1.210524 0.118422 -0.364843 0.305989 -0.871341
0.477208 0.552092 1.210492 0.118399 -0.364879 0.305971 -0.871336
0.477207 0.552074 1.210510 0.118401 -0.364860 0.305995 -0.871335
0.477191 0.552099 1.210508 0.118420 -0.364869 0.305963 -0.871340
0.477212 0.552071 1.210495 0.118396 -0.364863 0.306002 -0.871332
0.477213 0.552085 1.210484 0.118380 -0.364876 0.305977 -0.871338
0.477207 0.552069 1.210517 0.118392 -0.364849 0.306002 -0.871339
0.477215 0.552080 1.210492 0.118396 -0.364871 0.305992 -0.871333
0.477210 0.552071 1.210516 0.118391 -0.364861 0.306004 -0.871333
0.477202 0.552094 1.210504 0.118405 -0.364873 0.305978 -0.871336
0.477207 0.552069 1.210517 0.118392 -0.364849 0.306002 -0.871339
0.477210 0.552073 1.210488 0.118401 -0.364866 0.306007 -0.871329
0.477215 0.552068 1.210506 0.118397 -0.364856 0.306003 -0.871335
0.477199 0.552091 1.210501 0.118400 -0.364871 0.305980 -0.871336
0.477219 0.552070 1.210496 0.118365 -0.364875 0.305993 -0.871335
0.477203 0.552085 1.210503 0.118390 -0.364872 0.305985 -0.871336
0.477211 0.552077 1.210481 0.118380 -0.364889 0.305995 -0.871326
0.477208 0.552074 1.210522 0.118406 -0.364863 0.306004 -0.871330
0.477218 0.552077 1.210483 0.118379 -0.364896 0.305981 -0.871328
0.477210 0.552073 1.210516 0.118407 -0.364855 0.306002 -0.871334
0.477197 0.552093 1.210512 0.118421 -0.364859 0.305982 -0.871338
0.477212 0.552077 1.210502 0.118380 -0.364876 0.305981 -0.871337
0.477201 0.552073 1.210525 0.118408 -0.364839 0.306013 -0.871337
0.477216 0.552074 1.210493 0.118396 -0.364880 0.306006 -0.871324
0.477205 0.552065 1.210522 0.118407 -0.364853 0.306026 -0.871327
0.477198 0.552097 1.210509 0.118415 -0.364861 0.305979 -0.871339
0.477216 0.552065 1.210506 0.118376 -0.364868 0.306005 -0.871332
0.477212 0.552083 1.210494 0.118384 -0.364885 0.305977 -0.871333
0.477210 0.552075 1.210511 0.118380 -0.364869 0.305994 -0.871335
0.477197 0.552097 1.210510 0.118394 -0.364871 0.305958 -0.871345
0.477220 0.552061 1.210509 0.118393 -0.364843 0.306025 -0.871333
0.477201 0.552106 1.210486 0.118403 -0.364903 0.305955 -0.871331
0.477202 0.552069 1.210516 0.118407 -0.364848 0.306016 -0.871332
0.477212 0.552082 1.210491 0.118400 -0.364881 0.305999 -0.871325
0.477202 0.552097 1.210485 0.118410 -0.364883 0.305978 -0.871331
0.477204 0.552078 1.210522 0.118396 -0.364863 0.306000 -0.871333
0.477199 0.552098 1.210499 0.118395 -0.364871 0.305962 -0.871343
0.477213 0.552071 1.210508 0.118401 -0.364862 0.306007 -0.871330
0.477196 0.552102 1.210496 0.118414 -0.364880 0.305971 -0.871334
0.477211 0.552068 1.210495 0.118397 -0.364853 0.306016 -0.871332
0.477196 0.552088 1.210512 0.118405 -0.364861 0.305988 -0.871337
0.477212 0.552091 1.210482 0.118399 -0.364895 0.305980 -0.871326
0.477204 0.552081 1.210520 0.118395 -0.364869 0.305983 -0.871337
0.380792 0.096016 0.970003 0.026123 -0.268902 -0.864020 0.424828
0.380979 0.097369 0.972082 0.027708 -0.270273 -0.862694 0.426549
0.381125 0.098093 0.973098 0.028587 -0.270883 -0.862026 0.427454
0.381313 0.098829 0.974108 0.029528 -0.271379 -0.861374 0.428388
0.381942 0.101176 0.977179 0.032381 -0.272844 -0.859380 0.431247
0.382743 0.103692 0.980262 0.035034 -0.273958 -0.857508 0.434051
0.383639 0.106321 0.983455 0.037328 -0.274944 -0.855732 0.436733
0.384703 0.109055 0.986702 0.038794 -0.275633 -0.854247 0.439072
0.385503 0.110959 0.988918 0.039434 -0.275857 -0.853398 0.440523
0.386413 0.112935 0.991192 0.039577 -0.275904 -0.852725 0.441781
0.388887 0.117971 0.996856 0.038567 -0.275419 -0.851599 0.444338
0.389989 0.120032 0.999123 0.037502 -0.274924 -0.851417 0.445084
0.391174 0.122123 1.001405 0.036227 -0.274077 -0.851377 0.445787
0.394381 0.127434 1.007207 0.032640 -0.270647 -0.851675 0.447588
0.396444 0.130659 1.010708 0.030447 -0.267635 -0.852044 0.448850
0.400853 0.137126 1.017851 0.027139 -0.258995 -0.852872 0.452542
0.406048 0.144569 1.026316 0.025680 -0.245810 -0.853297 0.459131
0.410412 0.150999 1.033908 0.027206 -0.232375 -0.852529 0.467393
0.414041 0.156412 1.040395 0.029828 -0.219789 -0.851070 0.475901
0.415515 0.158636 1.043013 0.030754 -0.214509 -0.850393 0.479449
0.419149 0.164188 1.049668 0.032918 -0.201076 -0.848326 0.488700
0.421421 0.167700 1.053744 0.033665 -0.192595 -0.846992 0.494346
0.423665 0.171255 1.057887 0.033982 -0.184101 -0.845591 0.499928
0.425982 0.174953 1.062057 0.033543 -0.175392 -0.844250 0.505326
0.428314 0.178771 1.066299 0.032846 -0.166421 -0.842776 0.510837
0.431338 0.183970 1.072064 0.031494 -0.154555 -0.840557 0.518252
0.433621 0.188003 1.076402 0.030268 -0.145284 -0.838696 0.523990
0.436589 0.193471 1.082317 0.028797 -0.132675 -0.835668 0.532191
0.438793 0.197560 1.086689 0.027644 -0.122951 -0.833156 0.538488
0.440916 0.201639 1.090978 0.026572 -0.113232 -0.830348 0.544972
0.442970 0.205679 1.095205 0.025735 -0.103498 -0.827185 0.551717
0.445019 0.209701 1.099326 0.024899 -0.093532 -0.823785 0.558579
0.447050 0.213748 1.103382 0.023979 -0.083366 -0.820138 0.565552
0.448356 0.216441 1.106052 0.023388 -0.076679 -0.817557 0.570240
0.450321 0.220564 1.110036 0.022196 -0.066470 -0.813580 0.577215
0.451664 0.223396 1.112708 0.021219 -0.059416 -0.810814 0.581893
0.453619 0.227768 1.116769 0.019600 -0.048887 -0.806426 0.588985
0.455494 0.232243 1.120915 0.017922 -0.038398 -0.801629 0.596318
0.456748 0.235307 1.123700 0.016574 -0.031236 -0.798342 0.601165
0.457983 0.238439 1.126491 0.015077 -0.024049 -0.794966 0.605989
0.459186 0.241634 1.129287 0.013437 -0.016840 -0.791510 0.610776
0.459773 0.243267 1.130727 0.012541 -0.013264 -0.789729 0.613184
0.460360 0.244929 1.132143 0.011732 -0.009589 -0.787839 0.615695
0.461499 0.248297 1.135043 0.009908 -0.002371 -0.784044 0.620621
0.462607 0.251707 1.137933 0.007953 0.004878 -0.780139 0.625537
0.464252 0.256966 1.142275 0.004695 0.016042 -0.774131 0.632805
0.465300 0.260509 1.145147 0.002413 0.023423 -0.770023 0.637582
0.465823 0.262291 1.146548 0.001267 0.027164 -0.767906 0.639986
0.467307 0.267695 1.150767 0.002025 -0.038312 0.761196 -0.647387
0.468727 0.273122 1.154878 0.005289 -0.049473 0.754163 -0.654799
0.470181 0.278590 1.158786 0.008488 -0.060927 0.746813 -0.662183
0.471206 0.282337 1.161257 0.010595 -0.068745 0.741710 -0.667105
0.472210 0.286084 1.163639 0.012725 -0.076539 0.736535 -0.671935
0.473151 0.289732 1.165894 0.014803 -0.084223 0.731366 -0.676603
0.474426 0.295037 1.169196 0.017838 -0.095799 0.723395 -0.683523
0.475585 0.300132 1.172282 0.020902 -0.107129 0.715564 -0.689967
0.476350 0.303468 1.174205 0.022889 -0.114681 0.710283 -0.694135
0.476727 0.305129 1.175099 0.023900 -0.118481 0.707696 -0.696101
0.477892 0.309989 1.177575 0.026958 -0.130057 0.700086 -0.701596
0.479002 0.314737 1.179833 0.029846 -0.141509 0.692417 -0.706855
0.480031 0.319390 1.181937 0.032538 -0.152715 0.684570 -0.712027
0.480675 0.322440 1.183275 0.034267 -0.160115 0.679308 -0.715353
0.481583 0.326994 1.185136 0.036866 -0.171063 0.671432 -0.720109
0.482406 0.331502 1.186900 0.039497 -0.181810 0.663645 -0.724541
0.483127 0.335971 1.188584 0.042089 -0.192273 0.655831 -0.728797
0.483694 0.340265 1.190235 0.044550 -0.201997 0.648138 -0.732891
0.484158 0.344498 1.191846 0.046804 -0.211289 0.640216 -0.737082
0.484346 0.347197 1.192936 0.048174 -0.216757 0.634989 -0.739922
0.484504 0.351172 1.194630 0.050161 -0.224311 0.627137 -0.744223
0.484518 0.353736 1.195779 0.051436 -0.228908 0.621935 -0.747096
0.484386 0.357472 1.197606 0.053140 -0.234718 0.614040 -0.751691
0.484186 0.359837 1.198894 0.054164 -0.237887 0.608803 -0.754874
0.483794 0.363335 1.200867 0.055660 -0.242070 0.600921 -0.759736
0.482749 0.370457 1.205008 0.058521 -0.248918 0.584322 -0.770184
0.482403 0.373004 1.206416 0.059275 -0.250810 0.578125 -0.774179
0.481850 0.376956 1.208535 0.060320 -0.253428 0.568362 -0.780449
0.481673 0.378310 1.209228 0.060635 -0.254273 0.564918 -0.782647
0.481159 0.382611 1.211342 0.061415 -0.256771 0.553727 -0.789736
0.480661 0.387145 1.213414 0.062192 -0.259137 0.541874 -0.797090
0.480371 0.390390 1.214770 0.062659 -0.260721 0.533354 -0.802267
0.480139 0.393760 1.216040 0.063162 -0.262387 0.524649 -0.807408
0.480027 0.395554 1.216667 0.063495 -0.263255 0.520191 -0.809979
0.479743 0.402990 1.218906 0.064667 -0.266737 0.501932 -0.820203
0.479647 0.406944 1.219922 0.065507 -0.268586 0.492828 -0.825040
0.479539 0.410972 1.220894 0.066438 -0.270336 0.483803 -0.829722
0.479485 0.415091 1.221745 0.067590 -0.272325 0.475195 -0.833942
0.479494 0.419321 1.222463 0.068864 -0.274588 0.466879 -0.837785
0.479543 0.423599 1.223055 0.070275 -0.276980 0.459010 -0.841221
0.479594 0.427862 1.223568 0.071819 -0.279356 0.451762 -0.844224
0.479700 0.432109 1.223960 0.073469 -0.281896 0.445264 -0.846686
0.479931 0.438601 1.224326 0.076315 -0.286161 0.436944 -0.849334
0.480078 0.445012 1.224669 0.079540 -0.290486 0.430182 -0.851020
0.480124 0.451427 1.224955 0.082737 -0.294556 0.423638 -0.852597
0.480001 0.457853 1.225326 0.086048 -0.298453 0.417105 -0.854134
0.479763 0.464475 1.225608 0.089414 -0.302442 0.410271 -0.855694
0.479532 0.468903 1.225831 0.091700 -0.305020 0.405710 -0.856711
0.479118 0.475640 1.226070 0.095088 -0.308913 0.398677 -0.858247
0.478574 0.482324 1.226284 0.098456 -0.312694 0.391638 -0.859738
0.478192 0.486621 1.226407 0.100618 -0.315084 0.387080 -0.860678
0.477560 0.493081 1.226448 0.103766 -0.318736 0.380163 -0.862042
0.477105 0.497197 1.226467 0.105765 -0.321001 0.375705 -0.862913
0.476691 0.501253 1.226362 0.107620 -0.323362 0.371230 -0.863738
0.476293 0.505298 1.226161 0.109411 -0.325743 0.366707 -0.864550
0.475931 0.509205 1.225895 0.111027 -0.328108 0.362260 -0.865324
0.475469 0.515028 1.225268 0.113285 -0.331815 0.355499 -0.866421
0.475197 0.518727 1.224732 0.114606 -0.334222 0.351133 -0.867102
0.474940 0.522231 1.224186 0.115800 -0.336572 0.346951 -0.867718
0.474691 0.527202 1.223144 0.117278 -0.340106 0.340825 -0.868569
0.474621 0.530273 1.222315 0.118061 -0.342441 0.336949 -0.869057
0.474606 0.531712 1.221885 0.118377 -0.343584 0.335108 -0.869275
0.474651 0.534468 1.220962 0.118874 -0.345850 0.331519 -0.869685
0.474787 0.537115 1.219858 0.119203 -0.348256 0.327939 -0.870037
0.475018 0.539512 1.218689 0.119311 -0.350575 0.324567 -0.870355
0.475324 0.541644 1.217506 0.119298 -0.352806 0.321519 -0.870587
0.476004 0.545491 1.215034 0.119019 -0.357109 0.315809 -0.870961
0.476592 0.548598 1.212934 0.118690 -0.360689 0.311138 -0.871211
0.477074 0.551494 1.210978 0.118465 -0.363950 0.306756 -0.871440
0.477211 0.552264 1.210419 0.118366 -0.364879 0.305550 -0.871489
0.477180 0.552162 1.210530 0.118414 -0.364716 0.305748 -0.871481
0.477168 0.552185 1.210530 0.118434 -0.364702 0.305716 -0.871495
0.477173 0.552175 1.210544 0.118433 -0.364711 0.305731 -0.871486
0.477180 0.552108 1.210573 0.118403 -0.364654 0.305820 -0.871483
0.477177 0.552155 1.210509 0.118408 -0.364733 0.305766 -0.871468
0.477185 0.552129 1.210542 0.118401 -0.364696 0.305795 -0.871474
0.477174 0.552143 1.210547 0.118420 -0.364695 0.305789 -0.871474
0.477183 0.552145 1.210519 0.118404 -0.364728 0.305770 -0.871469
0.477170 0.552147 1.210561 0.118425 -0.364688 0.305780 -0.871480
0.477189 0.552117 1.210550 0.118396 -0.364691 0.305807 -0.871473
0.477171 0.552151 1.210544 0.118430 -0.364694 0.305785 -0.871475
0.477186 0.552131 1.210526 0.118395 -0.364710 0.305799 -0.871468
0.477175 0.552152 1.210535 0.118413 -0.364727 0.305765 -0.871470
0.477199 0.552145 1.210488 0.118375 -0.364798 0.305792 -0.871436
0.477194 0.552142 1.210514 0.118405 -0.364813 0.305839 -0.871409
0.477204 0.552140 1.210490 0.118400 -0.364836 0.305848 -0.871397
0.477210 0.552098 1.210508 0.118386 -0.364823 0.305910 -0.871383
0.477197 0.552119 1.210518 0.118417 -0.364809 0.305898 -0.871388
0.477208 0.552113 1.210490 0.118385 -0.364838 0.305891 -0.871383
0.477196 0.552119 1.210510 0.118400 -0.364832 0.305904 -0.871379
0.477201 0.552149 1.210476 0.118408 -0.364868 0.305852 -0.871382
0.477200 0.552121 1.210512 0.118421 -0.364832 0.305911 -0.871374
0.477212 0.552113 1.210492 0.118379 -0.364856 0.305893 -0.871376
0.477192 0.552141 1.210505 0.118413 -0.364851 0.305868 -0.871382
0.477196 0.552116 1.210525 0.118406 -0.364822 0.305911 -0.871380
0.477187 0.552137 1.210515 0.118415 -0.364831 0.305880 -0.871386
0.477204 0.552100 1.210531 0.118408 -0.364801 0.305941 -0.871378
0.477181 0.552080 1.210559 0.118415 -0.364768 0.305974 -0.871379
0.477195 0.552041 1.210561 0.118408 -0.364742 0.306025 -0.871373
0.477186 0.552049 1.210574 0.118407 -0.364745 0.306015 -0.871376
0.477185 0.552087 1.210536 0.118414 -0.364783 0.305946 -0.871383
0.477189 0.552072 1.210548 0.118406 -0.364755 0.305981 -0.871384
0.477200 0.552093 1.210509 0.118391 -0.364839 0.305932 -0.871368
0.477194 0.552088 1.210530 0.118402 -0.364813 0.305956 -0.871369
0.477216 0.552062 1.210514 0.118394 -0.364821 0.305993 -0.871353
0.477197 0.552084 1.210528 0.118387 -0.364814 0.305951 -0.871372
0.477202 0.552077 1.210509 0.118403 -0.364828 0.305987 -0.871352
0.477194 0.552068 1.210535 0.118415 -0.364788 0.306002 -0.871361
0.477188 0.552105 1.210515 0.118422 -0.364815 0.305947 -0.871368
0.477199 0.552081 1.210529 0.118402 -0.364822 0.305967 -0.871361
0.477210 0.552071 1.210499 0.118392 -0.364845 0.305992 -0.871344
0.477200 0.552090 1.210504 0.118401 -0.364856 0.305952 -0.871352
0.477200 0.552078 1.210526 0.118403 -0.364828 0.305993 -0.871349
0.477208 0.552087 1.210495 0.118391 -0.364854 0.305965 -0.871350
0.477213 0.552065 1.210511 0.118388 -0.364839 0.305999 -0.871344
0.477204 0.552085 1.210510 0.118385 -0.364860 0.305973 -0.871345
0.477203 0.552061 1.210536 0.118398 -0.364823 0.306005 -0.871348
0.477211 0.552073 1.210511 0.118397 -0.364846 0.305985 -0.871345
0.477195 0.552092 1.210518 0.118401 -0.364837 0.305967 -0.871355
0.477219 0.552064 1.210507 0.118377 -0.364856 0.306001 -0.871339
0.477198 0.552078 1.210524 0.118413 -0.364824 0.305998 -0.871348
0.477197 0.552085 1.210503 0.118400 -0.364864 0.305990 -0.871336
0.477214 0.552062 1.210524 0.118393 -0.364842 0.306008 -0.871340
0.477199 0.552090 1.210511 0.118411 -0.364850 0.305972 -0.871346
0.477203 0.552073 1.210517 0.118391 -0.364852 0.305993 -0.871341
0.477215 0.552074 1.210491 0.118381 -0.364860 0.305985 -0.871341
0.477204 0.552072 1.210530 0.118418 -0.364837 0.306025 -0.871332
0.477206 0.552090 1.210489 0.118404 -0.364885 0.305972 -0.871333
0.477197 0.552079 1.210528 0.118422 -0.364836 0.306003 -0.871340
0.477200 0.552099 1.210488 0.118390 -0.364869 0.305961 -0.871345
0.477219 0.552070 1.210496 0.118381 -0.364869 0.305999 -0.871333
0.477200 0.552077 1.210524 0.118422 -0.364843 0.305989 -0.871341
0.477208 0.552092 1.210492 0.118399 -0.364879 0.305971 -0.871336
0.477207 0.552074 1.210510 0.118401 -0.364860 0.305995 -0.871335
0.477191 0.552099 1.210508 0.118420 -0.364869 0.305963 -0.871340
0.477212 0.552071 1.210495 0.118396 -0.364863 0.306002 -0.871332
0.477213 0.552085 1.210484 0.118380 -0.364876 0.305977 -0.871338
0.477207 0.552069 1.210517 0.118392 -0.364849 0.306002 -0.871339
0.477215 0.552080 1.210492 0.118396 -0.364871 0.305992 -0.871333
0.477210 0.552071 1.210516 0.118391 -0.364861 0.306004 -0.871333
0.477202 0.552094 1.210504 0.118405 -0.364873 0.305978 -0.871336
0.477207 0.552069 1.210517 0.118392 -0.364849 0.306002 -0.871339
0.477210 0.552073 1.210488 0.118401 -0.364866 0.306007 -0.871329
0.477215 0.552068 1.210506 0.118397 -0.364856 0.306003 -0.871335
0.477199 0.552091 1.210501 0.118400 -0.364871 0.305980 -0.871336
0.477219 0.552070 1.210496 0.118365 -0.364875 0.305993 -0.871335
0.477203 0.552085 1.210503 0.118390 -0.364872 0.305985 -0.871336
0.477211 0.552077 1.210481 0.118380 -0.364889 0.305995 -0.871326
0.477208 0.552074 1.210522 0.118406 -0.364863 0.306004 -0.871330
0.477218 0.552077 1.210483 0.118379 -0.364896 0.305981 -0.871328
0.477210 0.552073 1.210516 0.118407 -0.364855 0.306002 -0.871334
0.477197 0.552093 1.210512 0.118421 -0.364859 0.305982 -0.871338
0.477212 0.552077 1.210502 0.118380 -0.364876 0.305981 -0.871337
0.477201 0.552073 1.210525 0.118408 -0.364839 0.306013 -0.871337
0.477216 0.552074 1.210493 0.118396 -0.364880 0.306006 -0.871324
0.477205 0.552065 1.210522 0.118407 -0.364853 0.306026 -0.871327
0.477198 0.552097 1.210509 0.118415 -0.364861 0.305979 -0.871339
0.477216 0.552065 1.210506 0.118376 -0.364868 0.306005 -0.871332
0.477212 0.552083 1.210494 0.118384 -0.364885 0.305977 -0.871333
0.477210 0.552075 1.210511 0.118380 -0.364869 0.305994 -0.871335
0.477197 0.552097 1.210510 0.118394 -0.364871 0.305958 -0.871345
0.477220 0.552061 1.210509 0.118393 -0.364843 0.306025 -0.871333
0.477201 0.552106 1.210486 0.118403 -0.364903 0.305955 -0.871331
0.477202 0.552069 1.210516 0.118407 -0.364848 0.306016 -0.871332
0.477212 0.552082 1.210491 0.118400 -0.364881 0.305999 -0.871325
0.477202 0.552097 1.210485 0.118410 -0.364883 0.305978 -0.871331
0.477204 0.552078 1.210522 0.118396 -0.364863 0.306000 -0.871333
0.477199 0.552098 1.210499 0.118395 -0.364871 0.305962 -0.871343
0.477213 0.552071 1.210508 0.118401 -0.364862 0.306007 -0.871330
0.477196 0.552102 1.210496 0.118414 -0.364880 0.305971 -0.871334
0.477211 0.552068 1.210495 0.118397 -0.364853 0.306016 -0.871332
0.477196 0.552088 1.210512 0.118405 -0.364861 0.305988 -0.871337
0.477212 0.552091 1.210482 0.118399 -0.364895 0.305980 -0.871326
0.477204 0.552081 1.210520 0.118395 -0.364869 0.305983 -0.871337
