0.620000 0.923631 1.093823
0.620001 0.923630 1.093822
0.623038 0.923612 1.093820
0.626075 0.923565 1.093819
0.629111 0.923487 1.093818
0.632145 0.923379 1.093816
0.635179 0.923241 1.093815
0.638211 0.923073 1.093814
0.641241 0.922874 1.093813
0.644270 0.922645 1.093812
0.647295 0.922385 1.093810
0.650318 0.922095 1.093809
0.653338 0.921776 1.093808
0.656355 0.921425 1.093807
0.659561 0.922526 1.090762
0.662789 0.923561 1.087703
0.666037 0.924532 1.084629
0.669063 0.923944 1.076903
0.672052 0.923160 1.069211
0.675305 0.923849 1.066128
0.678571 0.924472 1.063032
0.681848 0.925029 1.059923
0.685136 0.925521 1.056804
0.688434 0.925947 1.053673
0.691739 0.926307 1.050531
0.694520 0.924435 1.046834
0.697260 0.922492 1.043195
0.700535 0.922655 1.040066
0.703812 0.922752 1.036928
0.707713 0.924950 1.034212
0.711659 0.927074 1.031465
0.715647 0.929124 1.028686
0.719677 0.931096 1.025876
0.723751 0.933006 1.026963
0.724724 0.935938 1.028020
0.725699 0.938880 1.029046
0.726676 0.941831 1.030040
0.727657 0.944791 1.031003
0.728640 0.947760 1.031934
0.729626 0.950737 1.032835
0.730614 0.953723 1.033703
0.731602 0.956706 1.030613
0.732579 0.959660 1.027492
0.733546 0.962585 1.024340
0.737950 0.964319 1.021158
0.738932 0.967173 1.017946
0.739898 0.969998 1.014703
0.740853 0.972792 1.011431
0.741797 0.975555 1.008129
0.742730 0.978287 1.004799
0.743652 0.980987 1.001440
0.744563 0.983656 0.998052
0.745463 0.986292 0.994636
0.746352 0.988896 0.991193
0.747230 0.991467 0.987722
0.748096 0.994006 0.984225
0.748949 0.996511 0.980700
0.748946 0.996512 0.980700
0.748942 0.996514 0.980700
0.749054 0.996853 0.976718
0.749050 0.996854 0.976718
0.749045 0.996855 0.976718
0.749041 0.996857 0.976718
0.749037 0.996858 0.976718
0.749032 0.996860 0.976718
0.749130 0.997161 0.972733
0.749215 0.997425 0.968744
0.749287 0.997652 0.964754
0.749345 0.997841 0.960761
0.749390 0.997992 0.956766
0.750157 1.000260 0.953065
0.750911 1.002492 0.949341
0.751638 1.004646 0.949658
0.752363 1.006797 0.949999
0.753087 1.008945 0.950362
0.753826 1.011143 0.946613
0.754553 1.013306 0.942842
0.755267 1.015433 0.939049
0.755967 1.017525 0.935232
0.756654 1.019581 0.931395
0.757328 1.021601 0.927535
0.757988 1.023584 0.923655
0.758634 1.025531 0.919753
0.759266 1.027442 0.915832
0.759885 1.029315 0.911890
0.760490 1.031152 0.907929
0.761081 1.032951 0.903949
0.761658 1.034713 0.899950
0.762222 1.036437 0.895933
0.762772 1.038123 0.891898
0.763309 1.039771 0.887845
0.763832 1.041381 0.883775
0.764342 1.042952 0.879689
0.764838 1.044485 0.875586
0.765322 1.045978 0.871467
0.765793 1.047432 0.867333
0.766251 1.048847 0.863184
0.766697 1.050222 0.859020
0.767130 1.051558 0.854841
0.767550 1.052853 0.850650
0.767959 1.054109 0.846444
0.768356 1.055323 0.842226
0.768740 1.056498 0.837995
0.769113 1.057631 0.833752
0.769474 1.058724 0.829497
0.769824 1.059776 0.825231
0.770161 1.060786 0.820954
0.770488 1.061756 0.816667
0.770802 1.062683 0.812370
0.771105 1.063570 0.808063
0.771395 1.064415 0.803747
0.771674 1.065218 0.799422
0.771941 1.065980 0.795089
0.772711 1.068108 0.795475
0.773462 1.070238 0.795883
0.774204 1.072367 0.796314
0.774942 1.074493 0.796768
0.775677 1.076615 0.797244
0.776410 1.078732 0.797742
0.777140 1.080845 0.798263
0.777869 1.082952 0.798806
0.778595 1.085055 0.799371
0.779320 1.087152 0.799959
0.780042 1.089244 0.800569
0.780762 1.091330 0.801201
0.781479 1.093410 0.801854
0.782194 1.095484 0.802530
0.782906 1.097551 0.803228
0.783616 1.099612 0.803948
0.784322 1.101666 0.804689
0.785026 1.103713 0.805452
0.785727 1.105753 0.806236
0.786425 1.107786 0.807043
0.787119 1.109811 0.807870
0.787811 1.111828 0.808719
0.788499 1.113837 0.809589
0.789183 1.115839 0.810481
0.789865 1.117831 0.811393
0.790086 1.118563 0.807052
0.790779 1.120542 0.807986
0.791460 1.122515 0.808940
0.792134 1.124480 0.809916
0.792802 1.126437 0.810912
0.793010 1.127127 0.806563
0.793219 1.127771 0.802208
0.793419 1.128372 0.797846
0.793609 1.128930 0.793478
0.793786 1.129446 0.789104
0.794473 1.131386 0.790121
0.798293 1.132217 0.791146
0.803388 1.132572 0.792199
0.808949 1.132706 0.793275
0.811543 1.133914 0.794387
0.812379 1.134145 0.790013
0.812772 1.134490 0.785631
0.812996 1.134849 0.781244
0.813152 1.135187 0.776852
0.812564 1.133604 0.771359
0.811953 1.131970 0.765882
0.811966 1.131965 0.765882
0.812679 1.133862 0.766960
0.813388 1.135749 0.768058
0.810030 1.137275 0.763675
0.806045 1.140859 0.764799
0.801636 1.144525 0.765940
0.797059 1.148179 0.767099
0.792390 1.151792 0.768277
0.787653 1.155357 0.769475
0.782855 1.158869 0.770692
0.777998 1.162328 0.771928
0.773084 1.165731 0.773184
0.768113 1.169078 0.774459
0.765856 1.167876 0.768755
0.764871 1.166296 0.763087
0.764586 1.165331 0.758144
0.764599 1.165363 0.758172
0.764621 1.165394 0.758200
0.768581 1.164297 0.758174
0.773615 1.162893 0.758170
0.778386 1.159565 0.752536
0.776852 1.161400 0.750675
0.774629 1.163453 0.748907
0.773495 1.163623 0.748893
0.771803 1.163719 0.748736
0.772027 1.165621 0.754374
0.772522 1.167409 0.760042
0.772464 1.167423 0.760042
0.772468 1.167423 0.760042
0.772672 1.167562 0.760188
0.772974 1.167716 0.760374
0.773273 1.167864 0.760555
0.773562 1.168006 0.760729
0.773538 1.167973 0.760701
0.773508 1.167942 0.760674
0.773480 1.167912 0.760648
0.773471 1.167904 0.760642
0.773464 1.167896 0.760636
0.774040 1.169592 0.766326
0.774593 1.171240 0.772038
0.771572 1.173871 0.777785
0.767184 1.176748 0.783537
0.762295 1.179637 0.789302
0.760886 1.181488 0.795027
0.760687 1.183007 0.800789
0.760904 1.184378 0.806583
0.761250 1.185663 0.812404
0.761618 1.186886 0.818248
0.758581 1.188934 0.824131
0.753882 1.190078 0.824148
0.745240 1.192087 0.824173
0.734896 1.194272 0.824179
0.723803 1.196388 0.824181
0.715762 1.197734 0.824151
0.709013 1.198793 0.824138
0.702809 1.199703 0.824131
0.696834 1.200520 0.824128
0.690950 1.201265 0.824125
0.685103 1.201947 0.824123
0.679268 1.202568 0.824121
0.676347 1.201009 0.822651
0.675299 1.201087 0.822636
0.671634 1.201462 0.822660
0.666852 1.203058 0.828510
0.661504 1.204587 0.834368
0.655898 1.206017 0.840234
0.653433 1.207118 0.846072
0.649109 1.208310 0.851975
0.643939 1.209433 0.857876
0.638369 1.210457 0.863781
0.632600 1.211371 0.869692
0.626729 1.212169 0.875609
0.620799 1.212849 0.881533
0.614834 1.213410 0.887462
0.608846 1.213851 0.893396
0.605885 1.212136 0.891740
0.604445 1.210445 0.890113
0.606727 1.208808 0.888480
0.610844 1.207196 0.886885
0.612881 1.205558 0.885343
0.613899 1.204438 0.889648
0.614396 1.203265 0.893938
0.614735 1.198419 0.893255
0.614913 1.193543 0.892552
0.615012 1.188643 0.891834
0.615072 1.183720 0.891102
0.615114 1.178774 0.890355
0.615147 1.173806 0.889594
0.615177 1.168817 0.888819
0.615104 1.167536 0.892866
0.615066 1.166218 0.896905
0.615043 1.164860 0.900930
0.615026 1.163462 0.904941
0.615011 1.162024 0.908939
0.614997 1.160546 0.912922
0.614983 1.159028 0.916889
0.614969 1.157471 0.920842
0.614955 1.155874 0.924778
0.614944 1.154238 0.928699
0.614931 1.152563 0.932603
0.614918 1.150849 0.936490
0.614907 1.149096 0.940359
0.614896 1.147305 0.944211
0.614885 1.145475 0.948045
0.618737 1.143689 0.946610
0.619666 1.141826 0.950440
0.619864 1.139922 0.954241
0.619891 1.137978 0.958019
0.619881 1.135997 0.961777
0.619864 1.133978 0.965515
0.619848 1.131922 0.969233
0.619833 1.129829 0.972930
0.619820 1.127699 0.976605
0.619810 1.125533 0.980260
0.619800 1.123329 0.983892
0.619792 1.121090 0.987502
0.619785 1.118815 0.991090
0.619780 1.116504 0.994655
0.619777 1.114157 0.998196
0.619776 1.111776 1.001714
0.619775 1.109359 1.005208
0.619777 1.106907 1.008678
0.619779 1.104421 1.012123
0.619783 1.101901 1.015543
0.619788 1.099346 1.018938
0.619794 1.096758 1.022307
0.619801 1.094136 1.025651
0.619809 1.091481 1.028967
0.619818 1.088793 1.032257
0.619827 1.086072 1.035521
0.619837 1.083318 1.038756
0.619847 1.080533 1.041965
0.619858 1.077715 1.045145
0.619870 1.075897 1.043744
0.619880 1.073047 1.046895
0.619892 1.070167 1.050018
0.619904 1.067255 1.053113
0.619916 1.064313 1.056178
0.619928 1.061340 1.059214
0.619940 1.058337 1.062219
0.619953 1.055304 1.065195
0.619965 1.052242 1.068140
0.619977 1.049150 1.071055
0.619990 1.046029 1.073938
0.620002 1.042880 1.076790
0.620014 1.039702 1.079611
0.620027 1.036496 1.082399
0.620039 1.033263 1.085156
0.620051 1.030002 1.087880
0.620063 1.026714 1.090571
0.620074 1.023399 1.093229
0.620086 1.020058 1.095854
0.620098 1.016691 1.098446
0.620109 1.013298 1.101003
0.620120 1.009880 1.103527
0.620131 1.006437 1.106016
