0.259139 0.857804 0.892220
0.257219 0.853889 0.887901
0.255378 0.849937 0.883587
0.255804 0.849448 0.879275
0.255794 0.849432 0.879274
0.255789 0.849423 0.879274
0.253008 0.851131 0.879393
0.250232 0.852848 0.879481
0.250787 0.852497 0.875114
0.247448 0.854555 0.879535
0.248003 0.854203 0.875136
0.247997 0.854194 0.875136
0.247990 0.854182 0.875135
0.247983 0.854170 0.875135
0.247976 0.854159 0.875135
0.247969 0.854147 0.875134
0.247962 0.854135 0.875134
0.247955 0.854123 0.875134
0.247948 0.854112 0.875133
0.247941 0.854100 0.875133
0.247934 0.854088 0.875133
0.247927 0.854076 0.875132
0.247751 0.853784 0.875123
0.247579 0.853499 0.875117
0.247545 0.853452 0.875121
0.247518 0.853416 0.875125
0.247491 0.853382 0.875129
0.247466 0.853349 0.875133
0.247454 0.853341 0.875139
0.246892 0.853675 0.879535
0.246366 0.853987 0.883939
0.245878 0.854276 0.888349
0.247611 0.857976 0.892753
0.249588 0.861916 0.897172
0.251657 0.865839 0.901596
0.250812 0.871726 0.910708
0.250205 0.877557 0.919932
0.251442 0.882175 0.928092
0.252859 0.886701 0.936296
0.254455 0.891130 0.944541
0.256227 0.895460 0.952824
0.258174 0.899684 0.961142
0.260293 0.903797 0.969492
0.262582 0.907796 0.977871
0.265038 0.911675 0.986275
0.267658 0.915429 0.994702
0.270440 0.919055 1.003148
0.273380 0.922548 1.011610
0.276476 0.925903 1.020085
0.279723 0.929116 1.028569
0.283119 0.932183 1.037061
0.286660 0.935101 1.045555
0.290342 0.937865 1.054051
0.295601 0.939093 1.057171
0.300873 0.940224 1.060261
0.306156 0.941259 1.063320
0.311448 0.942199 1.066351
0.316748 0.943043 1.069350
0.322054 0.943791 1.072320
0.327364 0.944444 1.075259
0.335965 0.947872 1.078182
0.344617 0.951086 1.081051
0.349952 0.951359 1.083897
0.355279 0.951534 1.086710
0.360600 0.951614 1.089491
0.365913 0.951599 1.092239
0.371216 0.951490 1.094955
0.376507 0.951286 1.097637
0.381785 0.950989 1.100287
0.387048 0.950598 1.102903
0.392294 0.950114 1.105485
0.397521 0.949537 1.108033
0.402727 0.948868 1.110546
0.407912 0.948107 1.113026
0.413072 0.947255 1.115470
0.418208 0.946312 1.117879
0.423315 0.945280 1.120253
0.428394 0.944157 1.122591
0.433443 0.942947 1.124894
0.438459 0.941648 1.127161
0.443442 0.940262 1.129391
0.448389 0.938789 1.131585
0.453299 0.937230 1.133742
0.456475 0.938879 1.133741
0.459668 0.940495 1.133740
0.462034 0.943772 1.130146
0.465239 0.945352 1.125134
0.469258 0.945213 1.123753
0.473266 0.945013 1.122390
0.477259 0.944754 1.121046
0.481238 0.944436 1.119720
0.485202 0.944058 1.118414
0.489149 0.943622 1.117126
0.493078 0.943128 1.115857
0.496989 0.942576 1.114608
0.500881 0.941967 1.113378
0.504752 0.941301 1.112167
0.508602 0.940578 1.110976
0.512430 0.939800 1.109805
0.516235 0.938966 1.108653
0.520016 0.938078 1.107522
0.523772 0.937136 1.106410
0.527503 0.936139 1.105319
0.531207 0.935090 1.104248
0.534884 0.933988 1.103197
0.538532 0.932835 1.102167
0.542152 0.931630 1.101157
0.545741 0.930375 1.100169
0.549300 0.929069 1.099200
0.552828 0.927715 1.098253
0.556323 0.926312 1.097327
0.559786 0.924861 1.096422
0.563215 0.923362 1.095538
0.566246 0.923914 1.095537
0.569282 0.924435 1.095536
0.572323 0.924926 1.095535
0.575369 0.925386 1.095534
0.578419 0.925816 1.095533
0.581474 0.926216 1.095532
0.584532 0.926585 1.095532
0.587594 0.926923 1.095531
0.590816 0.925698 1.098608
0.593869 0.925974 1.098608
0.596924 0.926219 1.098607
0.599981 0.926434 1.098606
0.603041 0.926618 1.098605
0.606102 0.926772 1.098604
0.609165 0.926895 1.098603
0.612228 0.926988 1.098603
0.615293 0.927050 1.098602
0.618358 0.927081 1.098601
0.621423 0.927082 1.098600
0.624488 0.927052 1.098599
0.624482 0.927052 1.098598
0.624477 0.927052 1.098598
0.621397 0.928622 1.095518
0.618308 0.931459 1.097131
0.615162 0.934281 1.098716
0.611958 0.937087 1.100272
0.608697 0.939876 1.101799
0.605379 0.942645 1.103297
0.602002 0.945395 1.104766
0.598568 0.948124 1.106206
0.595076 0.950830 1.107617
0.591527 0.953513 1.108998
0.587920 0.956172 1.110349
0.584255 0.958805 1.111671
0.580532 0.961410 1.112962
0.576752 0.963987 1.114224
0.572914 0.966535 1.115455
0.569018 0.969052 1.116656
0.565066 0.971538 1.117827
0.561057 0.973990 1.118967
0.556990 0.976408 1.120076
0.552868 0.978790 1.121155
0.548689 0.981135 1.122202
0.544454 0.983443 1.123219
0.540163 0.985711 1.124204
0.535816 0.987939 1.125159
0.531217 0.990899 1.122236
0.526558 0.993774 1.119275
0.521840 0.996563 1.116274
0.517065 0.999267 1.113235
0.512236 1.001882 1.110157
0.507352 1.004409 1.107041
0.502417 1.006847 1.103888
0.497432 1.009193 1.100697
0.492399 1.011448 1.097470
0.487318 1.013610 1.094205
0.482193 1.015678 1.090905
0.477025 1.017651 1.087568
0.471816 1.019529 1.084195
0.466567 1.021310 1.080787
0.461377 1.022760 1.081263
0.456143 1.024151 1.081707
0.450864 1.025482 1.082119
0.445539 1.026750 1.082498
0.440068 1.028187 1.078926
0.434562 1.029520 1.075319
0.429026 1.030750 1.071676
0.423463 1.031877 1.068000
0.417875 1.032900 1.064290
0.412263 1.033819 1.060546
0.406630 1.034633 1.056769
0.400960 1.035355 1.056886
0.398944 1.037973 1.056958
0.397332 1.040811 1.057009
0.395777 1.043680 1.057028
0.394230 1.046553 1.057014
0.392682 1.049426 1.056968
0.391132 1.052297 1.056890
0.389581 1.055167 1.056778
0.388030 1.058035 1.056634
0.386477 1.060900 1.056457
0.384923 1.063762 1.056247
0.383369 1.066621 1.056004
0.381814 1.069478 1.055729
0.380259 1.072330 1.055421
0.378704 1.075179 1.055080
0.377150 1.078024 1.054707
0.375596 1.080864 1.054301
0.374042 1.083700 1.053862
0.372490 1.086532 1.053391
0.370940 1.089358 1.052887
0.366638 1.090701 1.048453
0.361791 1.090476 1.049335
0.356437 1.089917 1.050237
0.350314 1.090072 1.045749
0.344126 1.090072 1.041223
0.337910 1.089942 1.036666
0.331684 1.089688 1.032078
0.327793 1.091012 1.031351
0.325003 1.093014 1.030610
0.322750 1.095343 1.029842
0.320765 1.097832 1.029046
0.318919 1.100398 1.028218
0.317146 1.103001 1.027359
0.315415 1.105619 1.026469
0.313709 1.108242 1.025547
0.312021 1.110865 1.024593
0.310346 1.113485 1.023607
0.308682 1.116099 1.022590
0.307029 1.118708 1.021541
0.305386 1.121309 1.020461
0.303752 1.123904 1.019349
0.302128 1.126491 1.018206
0.300515 1.129070 1.017032
0.298911 1.131642 1.015826
0.297429 1.134026 1.010683
0.295989 1.136363 1.005497
0.294583 1.138660 1.000283
0.293210 1.140915 0.995042
0.291870 1.143129 0.989775
0.290561 1.145299 0.984481
0.289287 1.147427 0.979161
0.288047 1.149513 0.973817
0.286838 1.151556 0.968448
0.285662 1.153554 0.963055
0.284516 1.155508 0.957638
0.283402 1.157416 0.952199
0.282320 1.159280 0.946738
0.281268 1.161098 0.941254
0.280247 1.162870 0.935750
0.279255 1.164595 0.930225
0.278293 1.166272 0.924680
0.277331 1.168096 0.925548
0.276325 1.169912 0.926466
0.275307 1.171709 0.927405
0.274287 1.173493 0.928363
0.273270 1.175267 0.929342
0.272261 1.176880 0.923809
0.271333 1.178445 0.918224
0.270388 1.180217 0.919188
0.270530 1.180006 0.912605
0.270634 1.180059 0.912591
0.270701 1.180096 0.912585
0.270679 1.180389 0.919172
0.270644 1.180604 0.925770
0.270628 1.180753 0.932370
0.270641 1.180843 0.938971
0.273910 1.182885 0.945592
0.278712 1.185741 0.952200
0.284147 1.188836 0.958803
0.291179 1.189629 0.960379
0.299277 1.188644 0.960774
0.307385 1.187557 0.961160
0.315470 1.186353 0.961537
0.323520 1.185026 0.961906
0.331527 1.183575 0.962266
0.339486 1.181998 0.962618
0.347394 1.180298 0.962960
0.355250 1.178474 0.963294
0.363049 1.176528 0.963619
0.370790 1.174460 0.963936
0.378471 1.172273 0.964243
0.386089 1.169968 0.964541
0.393641 1.167545 0.964831
0.400349 1.166980 0.965988
0.407020 1.166323 0.967115
0.413656 1.165575 0.968212
0.420974 1.162742 0.968401
0.428218 1.159800 0.968580
0.435387 1.156748 0.968749
0.442477 1.153590 0.968910
0.449487 1.150326 0.969060
0.456414 1.146957 0.969201
0.463256 1.143487 0.969332
0.470012 1.139916 0.969454
0.476681 1.136247 0.969566
0.483260 1.132481 0.969668
0.489747 1.128621 0.969761
0.496143 1.124668 0.969843
0.502444 1.120624 0.969916
0.508650 1.116492 0.969980
0.514761 1.112273 0.970033
0.520773 1.107971 0.970077
0.526688 1.103586 0.970110
0.532503 1.099121 0.970134
0.538217 1.094578 0.970148
0.543831 1.089959 0.970153
0.549342 1.085267 0.970147
0.554751 1.080503 0.970132
0.560056 1.075670 0.970106
0.565257 1.070770 0.970071
0.570352 1.065806 0.970026
0.575344 1.060776 0.969971
0.580230 1.055686 0.969904
0.585009 1.050537 0.969829
0.589679 1.045332 0.969744
0.594240 1.040076 0.969649
0.598694 1.034768 0.969546
0.603039 1.029411 0.969432
0.607275 1.024007 0.969309
0.611401 1.018558 0.969176
0.615417 1.013066 0.969034
0.619322 1.007533 0.968881
0.623116 1.001962 0.968719
0.626800 0.996355 0.968547
0.626883 0.990798 0.968370
0.626753 0.985244 0.968179
0.626611 0.979692 0.967978
0.626596 0.979424 0.971574
0.626587 0.979120 0.975168
0.626635 0.981075 0.978808
0.623136 0.983041 0.982516
0.623061 0.982627 0.986143
0.623054 0.982177 0.989767
0.623048 0.981692 0.993386
0.623042 0.981170 0.997001
0.622997 0.977947 0.996491
0.622949 0.974727 0.995948
0.622902 0.971512 0.995372
0.622854 0.968303 0.994765
0.622806 0.965101 0.994125
0.622758 0.961905 0.993453
0.622710 0.958716 0.992750
0.622662 0.955534 0.992014
0.622656 0.955027 0.995367
0.622651 0.954486 0.998715
0.622686 0.956455 1.006255
0.622720 0.958263 1.013864
0.622715 0.957539 1.017244
0.622708 0.956777 1.020615
0.622701 0.955982 1.023978
0.622694 0.955154 1.027333
0.622687 0.954292 1.030679
0.622679 0.953396 1.034016
0.622672 0.952467 1.037345
0.622665 0.951505 1.040664
0.622657 0.950510 1.043973
0.622649 0.949482 1.047272
0.622641 0.948421 1.050560
0.622633 0.947327 1.053838
0.622625 0.946200 1.057105
0.622617 0.945041 1.060360
0.622608 0.943849 1.063603
0.622599 0.942625 1.066834
0.622590 0.941369 1.070053
0.622581 0.940081 1.073259
0.622571 0.938760 1.076452
0.622561 0.937408 1.079632
0.622551 0.936024 1.082798
0.622541 0.934608 1.085950
0.622530 0.933161 1.089087
0.622519 0.931683 1.092210
0.622508 0.930174 1.095318
0.622497 0.928633 1.098411
0.622485 0.927062 1.101488
0.622486 0.927060 1.101487
