0.617948 0.937576 1.068668
0.617947 0.936302 1.071836
0.617946 0.934996 1.074991
0.617945 0.933659 1.078134
0.617943 0.932290 1.081262
0.617942 0.930890 1.084377
0.617941 0.929459 1.087477
0.617940 0.927997 1.090563
0.617939 0.926505 1.093634
0.614874 0.926467 1.093633
0.611811 0.926399 1.093632
0.608748 0.926300 1.093630
0.605567 0.928986 1.095277
0.602329 0.931657 1.096896
0.599036 0.934309 1.098486
0.595688 0.936941 1.100047
0.592283 0.939553 1.101580
0.588823 0.942144 1.103084
0.585307 0.944712 1.104558
0.581734 0.947256 1.106004
0.578105 0.949776 1.107420
0.574421 0.952269 1.108807
0.570681 0.954735 1.110165
0.566885 0.957172 1.111492
0.563034 0.959579 1.112789
0.559127 0.961955 1.114056
0.555165 0.964299 1.115293
0.551147 0.966610 1.116500
0.547075 0.968887 1.117677
0.543591 0.968138 1.117675
0.540114 0.967355 1.117673
0.536646 0.966538 1.117672
0.533186 0.965685 1.117670
0.528973 0.967759 1.118816
0.524707 0.969794 1.119931
0.520388 0.971789 1.121016
0.516017 0.973742 1.122069
0.511595 0.975652 1.123091
0.507120 0.977520 1.124083
0.502595 0.979342 1.125044
0.498019 0.981119 1.125973
0.493393 0.982848 1.126871
0.488717 0.984528 1.127737
0.483993 0.986159 1.128572
0.479220 0.987740 1.129374
0.474399 0.989269 1.130146
0.469530 0.990745 1.130886
0.464615 0.992167 1.131594
0.459654 0.993533 1.132270
0.454648 0.994844 1.132913
0.453350 0.997777 1.133526
0.448285 0.999033 1.134108
0.447492 1.000749 1.129937
0.442955 1.000700 1.125749
0.438391 1.000544 1.121539
0.433830 1.000297 1.117312
0.429273 0.999958 1.113068
0.424724 0.999528 1.108807
0.420184 0.999006 1.104529
0.415654 0.998394 1.100235
0.414797 0.999693 1.095924
0.414078 1.001018 1.091600
0.413385 1.002308 1.087262
0.412348 1.004247 1.087918
0.410636 1.007444 1.084200
0.408944 1.010610 1.080446
0.407268 1.013741 1.076656
0.405609 1.016838 1.072830
0.403968 1.019900 1.068970
0.402343 1.022928 1.065075
0.400735 1.025921 1.061146
0.399145 1.028878 1.057183
0.397572 1.031799 1.053187
0.396017 1.034684 1.049158
0.394479 1.037532 1.045096
0.392959 1.040344 1.041001
0.391458 1.043119 1.036876
0.389974 1.045856 1.032718
0.388509 1.048557 1.028530
0.387063 1.051219 1.024311
0.385635 1.053843 1.020062
0.384227 1.056430 1.015784
0.382838 1.058978 1.011476
0.381469 1.061487 1.007140
0.380120 1.063958 1.002775
0.378791 1.066390 0.998382
0.377483 1.068784 0.993961
0.376455 1.070717 0.994638
0.375412 1.072638 0.995338
0.374100 1.074978 0.990891
0.372824 1.077288 0.986416
0.371576 1.079561 0.981916
0.370352 1.081797 0.977390
0.369152 1.083993 0.972839
0.367602 1.086777 0.972122
0.366067 1.089560 0.971374
0.364541 1.092340 0.970594
0.363022 1.095114 0.969782
0.361879 1.097255 0.965080
0.360754 1.099351 0.960353
0.359652 1.101406 0.955603
0.358154 1.104151 0.954665
0.356667 1.106892 0.953696
0.355608 1.108895 0.948860
0.354573 1.110854 0.944002
0.353562 1.112772 0.939122
0.352578 1.114647 0.934220
0.351619 1.116482 0.929298
0.350687 1.118274 0.924354
0.349781 1.120024 0.919391
0.348901 1.121732 0.914409
0.348048 1.123397 0.909407
0.347221 1.125019 0.904387
0.346420 1.126599 0.899349
0.345646 1.128135 0.894293
0.344897 1.129627 0.889221
0.342463 1.127653 0.883423
0.338480 1.125449 0.883417
0.336652 1.124432 0.883424
0.332986 1.122350 0.883423
0.328561 1.119795 0.883435
0.326737 1.118731 0.883447
0.324443 1.120793 0.882030
0.322659 1.123137 0.880581
0.323907 1.127253 0.879123
0.326634 1.132178 0.877624
0.330014 1.137404 0.876090
0.330719 1.141066 0.874498
0.330178 1.144018 0.872892
0.329165 1.146692 0.871262
0.327981 1.149252 0.869607
0.326740 1.151763 0.867924
0.325484 1.154246 0.866213
0.324230 1.156710 0.864474
0.322983 1.159158 0.862708
0.321745 1.161590 0.860914
0.320517 1.164007 0.859093
0.319300 1.166409 0.857244
0.318092 1.168795 0.855368
0.316895 1.171164 0.853466
0.315708 1.173517 0.851536
0.314531 1.175854 0.849580
0.313365 1.178173 0.847598
0.312210 1.180475 0.845589
0.311065 1.182760 0.843555
0.309931 1.185027 0.841494
0.310450 1.184118 0.835056
0.311020 1.183157 0.828623
0.310587 1.184087 0.822834
0.309696 1.186092 0.823474
0.308744 1.188064 0.824145
0.307782 1.190023 0.824839
0.307296 1.190868 0.819050
0.306899 1.191686 0.813242
0.306008 1.193667 0.813948
0.305063 1.195618 0.814685
0.304109 1.197556 0.815443
0.304691 1.196388 0.808872
0.305364 1.195184 0.802304
0.304474 1.197154 0.803030
0.303529 1.199097 0.803788
0.304168 1.197827 0.797201
0.303881 1.198439 0.791361
0.303630 1.199004 0.785516
0.303684 1.198943 0.785461
0.303695 1.198943 0.785455
0.303706 1.198944 0.785452
0.302962 1.198457 0.785440
0.302859 1.198446 0.785469
0.303012 1.198523 0.785452
0.303154 1.198574 0.785447
0.303079 1.198532 0.785446
0.302976 1.198455 0.785441
0.302853 1.198379 0.785435
0.302241 1.199743 0.791991
0.301701 1.201097 0.798584
0.301142 1.202380 0.805197
0.300629 1.203594 0.811818
0.300611 1.203595 0.811827
0.300165 1.204754 0.818439
0.299695 1.205857 0.825089
0.299246 1.206896 0.831752
0.298825 1.207874 0.838425
0.298434 1.208793 0.845108
0.298075 1.209653 0.851800
0.297747 1.210454 0.858501
0.297450 1.211196 0.865211
0.297185 1.211879 0.871927
0.296953 1.212503 0.878651
0.296753 1.213068 0.885380
0.298037 1.210769 0.887309
0.299353 1.208441 0.889188
0.305057 1.206173 0.890029
0.312266 1.204624 0.890835
0.314341 1.206208 0.897366
0.315105 1.207061 0.903948
0.315377 1.207589 0.910543
0.315491 1.207959 0.917144
0.315542 1.208224 0.923747
0.315581 1.208409 0.930353
0.315659 1.208535 0.936960
0.315741 1.208593 0.943567
0.315844 1.208588 0.950173
0.315970 1.208521 0.956779
0.316123 1.208396 0.963385
0.316342 1.208223 0.969989
0.316561 1.207981 0.976587
0.317932 1.205399 0.978041
0.320175 1.201088 0.978179
0.322431 1.196751 0.978302
0.324694 1.192391 0.978417
0.329596 1.189341 0.978536
0.335958 1.186994 0.978636
0.343052 1.184941 0.978724
0.350501 1.182980 0.978801
0.358109 1.181007 0.978867
0.365773 1.178969 0.978924
0.373438 1.176841 0.978972
0.381073 1.174608 0.979009
0.388661 1.172265 0.979037
0.396192 1.169809 0.979056
0.399186 1.170602 0.984990
0.401120 1.170886 0.990914
