0.681541 0.933256 1.288910
0.678401 0.933856 1.288909
0.675255 0.934425 1.288907
0.672103 0.934963 1.288905
0.668946 0.935468 1.288904
0.665784 0.935942 1.288902
0.662617 0.936385 1.288900
0.662612 0.936385 1.288899
0.659441 0.936796 1.288897
0.656266 0.937175 1.288895
0.656261 0.937175 1.288893
0.653083 0.937522 1.288891
0.649901 0.937837 1.288890
0.646717 0.938120 1.288888
0.643529 0.938371 1.288886
0.643554 0.938985 1.284044
0.643576 0.939550 1.279195
0.643594 0.940067 1.274340
0.643609 0.940535 1.269481
0.643620 0.940955 1.264617
0.643627 0.941326 1.259749
0.643631 0.941649 1.254878
0.643631 0.941923 1.250004
0.643627 0.942149 1.245128
0.643620 0.942326 1.240249
0.643609 0.942454 1.235369
0.643595 0.942533 1.230488
0.643577 0.942564 1.225607
0.640345 0.942784 1.225605
0.637111 0.942971 1.225604
0.633875 0.943126 1.225603
0.630638 0.943248 1.225602
0.627400 0.943338 1.225601
0.624162 0.943396 1.225600
0.620923 0.943421 1.225599
0.617683 0.943414 1.225598
0.614444 0.943374 1.225597
0.614424 0.943354 1.220716
0.614405 0.943286 1.215835
0.614387 0.943168 1.210955
0.614369 0.943002 1.206077
0.617580 0.942827 1.201200
0.620787 0.942572 1.196326
0.620765 0.942260 1.191455
0.620743 0.941899 1.186587
0.620721 0.941490 1.181723
0.620699 0.941031 1.176863
0.620677 0.940525 1.172008
0.620654 0.939970 1.167159
0.620631 0.939366 1.162315
0.620608 0.938714 1.157477
0.620585 0.938013 1.152647
0.620562 0.937265 1.147823
0.620538 0.936468 1.143008
0.620515 0.935622 1.138200
0.620491 0.934729 1.133402
0.620467 0.933788 1.128612
0.620443 0.932799 1.123832
0.620418 0.931763 1.119062
0.620394 0.930678 1.114303
0.620369 0.929547 1.109555
0.620344 0.928367 1.104819
0.620319 0.927141 1.100095
0.620294 0.925867 1.095383
0.620269 0.924546 1.090684
0.620264 0.924545 1.090683
0.620260 0.926006 1.087630
0.620277 0.928851 1.089233
0.623410 0.931693 1.090808
0.626601 0.934518 1.092354
0.629849 0.937326 1.093871
0.633154 0.940114 1.095359
0.633288 0.943032 1.096818
0.633421 0.945965 1.098248
0.633555 0.948911 1.099648
0.633689 0.951872 1.101019
0.633824 0.954846 1.102360
0.633959 0.957833 1.103671
0.634095 0.960833 1.104952
0.634231 0.963846 1.106203
0.634367 0.966871 1.107424
0.634504 0.969908 1.108615
0.634641 0.972957 1.109775
0.634779 0.976018 1.110904
0.634916 0.979090 1.112003
0.635054 0.982172 1.113071
0.635193 0.985265 1.114108
0.635331 0.988368 1.115114
0.635470 0.991481 1.116089
0.635609 0.994604 1.117032
0.635779 0.998468 1.114086
0.635949 1.002303 1.111101
0.636117 1.006107 1.108078
0.636283 1.009881 1.105016
0.636449 1.013624 1.101918
0.636614 1.017336 1.098781
0.636777 1.021016 1.095608
0.636939 1.024665 1.092398
0.637099 1.028281 1.089152
0.637239 1.031482 1.089778
0.637380 1.034689 1.090372
0.637521 1.037902 1.090935
0.637661 1.041120 1.091465
0.637801 1.044344 1.091962
0.637962 1.047955 1.088519
0.638119 1.051531 1.085040
0.638273 1.055073 1.081524
0.638426 1.058578 1.077974
0.638558 1.061823 1.078308
0.638693 1.065070 1.078611
0.638828 1.068321 1.078882
0.638983 1.071800 1.075199
0.639128 1.075242 1.071481
0.639271 1.078646 1.067728
0.639410 1.082013 1.063942
0.639547 1.085342 1.060122
0.639662 1.088602 1.060195
0.639784 1.091864 1.060236
0.639907 1.095126 1.060245
0.640028 1.098388 1.060221
0.640169 1.101679 1.056238
0.640296 1.104930 1.052221
0.640418 1.108140 1.048171
0.640535 1.111310 1.044089
0.640649 1.114439 1.039976
0.640760 1.117527 1.035832
0.640867 1.120573 1.031656
0.640971 1.123577 1.027451
0.641054 1.126823 1.027130
0.641148 1.130066 1.026779
0.641246 1.133306 1.026396
0.641344 1.136542 1.025980
0.641460 1.139489 1.021616
0.641562 1.142392 1.017221
0.641658 1.145250 1.012797
0.641749 1.148064 1.008345
0.641839 1.150833 1.003864
0.641926 1.153558 0.999356
0.642013 1.156237 0.994820
0.642099 1.158870 0.990258
0.642184 1.161458 0.985670
0.642269 1.164000 0.981056
0.642355 1.166495 0.976417
0.642340 1.166799 0.970943
0.642322 1.167048 0.965465
0.642406 1.169402 0.960752
0.642493 1.171710 0.956017
0.642473 1.171810 0.950491
0.642457 1.171855 0.944964
0.642548 1.174018 0.940161
0.642644 1.176134 0.935337
0.642743 1.178201 0.930492
0.642845 1.180220 0.925626
0.642844 1.180015 0.920017
0.642842 1.179753 0.914409
0.642947 1.181623 0.909484
0.643055 1.183444 0.904542
0.643058 1.183028 0.898901
0.643140 1.183023 0.898900
0.643190 1.183021 0.898899
0.643225 1.183019 0.898898
0.643254 1.183017 0.898898
0.643279 1.183015 0.898897
0.643303 1.183013 0.898896
0.643398 1.183421 0.904532
0.643460 1.183775 0.910172
0.643502 1.184073 0.915816
0.643535 1.184315 0.921462
0.643560 1.184501 0.927110
0.643579 1.184630 0.932760
0.643592 1.184703 0.938411
0.643598 1.184720 0.944062
0.643600 1.184678 0.949712
0.643595 1.184580 0.955360
0.643584 1.184428 0.961010
0.643567 1.184219 0.966657
0.643545 1.183954 0.972302
0.643516 1.183634 0.977944
0.643482 1.183256 0.983582
0.643442 1.182823 0.989217
0.643397 1.182334 0.994846
0.643346 1.181788 1.000471
0.640123 1.181320 1.006111
0.635446 1.178269 1.006758
0.630182 1.175182 1.007367
0.624669 1.170006 1.006879
0.619138 1.164758 1.006378
0.613665 1.159440 1.005865
0.611713 1.154102 1.005317
0.611030 1.148774 1.004772
0.614340 1.143480 1.004198
0.618899 1.138166 1.003631
0.620185 1.132825 1.003080
0.620516 1.127463 1.002504
0.620558 1.122088 1.001913
0.620519 1.116699 1.001307
0.620459 1.111301 1.000692
0.620396 1.105892 1.000065
0.620333 1.100474 0.999428
0.620272 1.095047 0.998779
0.620213 1.089611 0.998120
0.620157 1.084168 0.997450
0.620102 1.078716 0.996768
0.620049 1.073258 0.996076
