0.330390 1.191241 0.885577
0.329258 1.193623 0.883650
0.328134 1.195987 0.881696
0.327020 1.198333 0.879715
0.325914 1.200661 0.877709
0.325280 1.202022 0.871902
0.324697 1.203336 0.866073
0.324146 1.204602 0.860229
0.323623 1.205815 0.854372
0.319035 1.204859 0.848471
0.313155 1.203145 0.842581
0.306982 1.201150 0.836685
0.300768 1.198997 0.830780
0.298798 1.199109 0.824894
0.302356 1.202207 0.819007
0.303069 1.203603 0.813050
0.302949 1.204496 0.807101
0.302681 1.205244 0.801148
0.302406 1.205921 0.795188
0.302511 1.205958 0.795169
0.302567 1.205979 0.795160
0.302614 1.205995 0.795152
0.302660 1.206011 0.795144
0.302706 1.206027 0.795136
0.302751 1.206042 0.795127
0.301687 1.205437 0.795136
0.300611 1.204822 0.795151
0.300399 1.204718 0.795173
0.300219 1.204633 0.795197
0.300048 1.204554 0.795222
0.299886 1.204483 0.795248
0.299867 1.204486 0.795263
0.299310 1.205756 0.801878
0.298732 1.206982 0.808539
0.298172 1.208142 0.815215
0.297642 1.209243 0.821902
0.297144 1.210285 0.828601
0.296678 1.211269 0.835311
0.297339 1.212786 0.842027
0.298105 1.214290 0.848761
0.297846 1.215153 0.855497
0.297547 1.215921 0.862243
0.297260 1.216619 0.868997
0.299494 1.212589 0.870154
0.301786 1.208518 0.871270
0.304101 1.204427 0.872383
0.303907 1.205032 0.878977
0.303704 1.205589 0.885608
0.303523 1.206084 0.892244
0.303370 1.206519 0.898886
0.303248 1.206895 0.905531
0.303158 1.207212 0.912180
0.303098 1.207471 0.918831
0.303071 1.207672 0.925484
0.303075 1.207815 0.932139
0.303110 1.207899 0.938794
0.303177 1.207924 0.945449
0.303275 1.207891 0.952104
0.303404 1.207800 0.958758
0.303563 1.207649 0.965409
0.303754 1.207440 0.972058
0.305145 1.204953 0.973652
0.306563 1.202441 0.975191
0.307994 1.199918 0.976702
0.310376 1.195655 0.977017
0.315478 1.192828 0.977333
0.322101 1.190742 0.977634
0.324715 1.191632 0.984021
0.326177 1.191870 0.990433
0.327077 1.191748 0.996841
0.330283 1.192733 1.003251
0.334884 1.194320 1.009652
0.340232 1.196156 1.016045
0.347783 1.194283 1.016058
0.355506 1.192384 1.016037
0.363291 1.190419 1.016006
0.371081 1.188362 1.015966
0.378843 1.186200 1.015916
0.386561 1.183925 1.015856
0.394223 1.181536 1.015786
0.401822 1.179031 1.015707
0.409353 1.176411 1.015617
0.416814 1.173677 1.015518
0.424201 1.170830 1.015408
0.431511 1.167872 1.015289
0.438744 1.164803 1.015159
0.445895 1.161626 1.015019
0.452964 1.158343 1.014869
0.459949 1.154955 1.014708
0.466849 1.151464 1.014538
0.473661 1.147872 1.014357
0.480384 1.144181 1.014165
0.487016 1.140394 1.013964
0.493557 1.136511 1.013752
0.500006 1.132535 1.013530
0.506360 1.128469 1.013297
0.512619 1.124313 1.013054
0.518781 1.120071 1.012801
0.524847 1.115745 1.012537
0.530814 1.111336 1.012263
0.536682 1.106846 1.011978
0.542450 1.102279 1.011683
0.548118 1.097635 1.011378
0.553683 1.092918 1.011063
0.559146 1.088128 1.010737
0.564506 1.083270 1.010401
0.569762 1.078343 1.010055
0.574914 1.073352 1.009699
0.579960 1.068297 1.009332
0.584900 1.063181 1.008956
0.589733 1.058007 1.008569
0.594459 1.052776 1.008172
0.599078 1.047491 1.007765
0.603587 1.042153 1.007348
0.607988 1.036766 1.006921
0.612280 1.031330 1.006485
0.616461 1.025849 1.006038
0.620532 1.020325 1.005581
0.620820 1.017068 1.005385
0.620820 1.016423 1.009352
0.620808 1.015740 1.013312
0.620796 1.015016 1.017265
0.620785 1.014253 1.021211
0.620796 1.008739 1.020491
0.620803 1.003226 1.019761
0.620810 0.997713 1.019022
0.620817 0.992202 1.018273
0.620806 0.991430 1.021991
0.620798 0.990621 1.025700
0.620791 0.989775 1.029402
0.620793 0.986563 1.028812
0.620785 0.985624 1.028545
0.620777 0.984687 1.028269
0.620778 0.981494 1.027583
0.620780 0.978307 1.026865
0.620782 0.975128 1.026115
0.620784 0.971956 1.025333
0.620786 0.968793 1.024520
0.620788 0.965637 1.023675
0.620791 0.962491 1.022798
0.620793 0.959353 1.021890
0.620796 0.956224 1.020951
0.620799 0.953105 1.019980
0.620793 0.952318 1.023307
0.620787 0.951498 1.026626
0.620781 0.950645 1.029936
0.620775 0.949759 1.033237
0.620769 0.948839 1.036530
0.620763 0.947887 1.039813
0.620757 0.946902 1.043086
0.620751 0.945885 1.046350
0.620745 0.944835 1.049603
0.620738 0.943752 1.052845
0.620732 0.942637 1.056076
0.620726 0.941490 1.059296
0.620720 0.940310 1.062505
0.620713 0.939099 1.065701
0.620707 0.937856 1.068885
0.620701 0.936580 1.072057
0.620694 0.935274 1.075216
0.620688 0.933935 1.078361
0.620681 0.932566 1.081493
0.620675 0.931165 1.084611
0.620668 0.929733 1.087715
0.620662 0.928270 1.090804
0.620655 0.926776 1.093879
0.620651 0.926776 1.093878
0.620646 0.926776 1.093878
0.620633 0.929591 1.095532
0.620620 0.932422 1.097159
0.620607 0.935270 1.098757
0.623776 0.938111 1.100327
0.627001 0.940936 1.101867
0.630285 0.943743 1.103379
0.633626 0.946531 1.104862
0.637024 0.949300 1.106316
0.640480 0.952047 1.107740
0.643994 0.954771 1.109135
0.647565 0.957472 1.110501
0.651194 0.960148 1.111837
0.651452 0.963130 1.113142
0.651710 0.966125 1.114418
0.651970 0.969132 1.115664
0.652230 0.972151 1.116879
0.652492 0.975183 1.118064
0.652755 0.978226 1.119219
0.653019 0.981280 1.120342
0.653285 0.984346 1.121436
0.653551 0.987422 1.122498
0.653818 0.990508 1.123529
0.654087 0.993605 1.124530
0.654356 0.996711 1.125499
0.654627 0.999827 1.126437
0.654898 1.002953 1.127344
0.655170 1.006087 1.128219
0.655443 1.009229 1.129062
0.655717 1.012380 1.129874
0.655991 1.015538 1.130655
0.656267 1.018705 1.131403
0.656543 1.021878 1.132120
0.656819 1.025059 1.132805
0.657096 1.028246 1.133458
0.657374 1.031440 1.134078
0.657652 1.034639 1.134667
0.657931 1.037844 1.135224
0.658210 1.041055 1.135748
0.658489 1.044271 1.136240
0.658768 1.047491 1.136699
0.659047 1.050716 1.137126
0.655118 1.054306 1.137523
0.650997 1.057873 1.137885
0.646803 1.061404 1.138215
0.642541 1.064898 1.138512
0.646491 1.064677 1.138501
0.650894 1.064392 1.138499
0.651128 1.064375 1.138502
0.651349 1.067622 1.138766
0.651561 1.070871 1.138998
0.651772 1.074123 1.139197
0.651982 1.077377 1.139363
0.652191 1.080632 1.139496
0.652398 1.083889 1.139597
0.652605 1.087146 1.139665
0.652810 1.090404 1.139700
0.653014 1.093662 1.139702
0.653217 1.096920 1.139672
0.653418 1.100177 1.139609
0.653540 1.102115 1.134785
0.653651 1.104004 1.129939
0.653894 1.107975 1.125916
0.654133 1.111906 1.121854
0.654368 1.115797 1.117752
0.654597 1.119646 1.113611
0.654823 1.123454 1.109432
0.655043 1.127220 1.105214
0.655259 1.130944 1.100959
0.655470 1.134625 1.096667
0.655677 1.138263 1.092338
0.655880 1.141857 1.087972
0.656080 1.145408 1.083571
0.656275 1.148915 1.079134
0.656467 1.152377 1.074662
0.656656 1.155794 1.070155
0.656842 1.159166 1.065614
0.657026 1.162492 1.061040
0.657207 1.165772 1.056432
0.657386 1.169006 1.051792
0.657427 1.170063 1.046279
0.657467 1.171064 1.040755
0.657642 1.174156 1.036018
0.657817 1.177201 1.031252
0.657992 1.180199 1.026455
0.658167 1.183147 1.021628
0.658342 1.186048 1.016771
0.658379 1.186752 1.011090
0.658416 1.187399 1.005400
0.658452 1.187988 0.999704
0.658630 1.190690 0.994734
0.658809 1.193343 0.989738
0.658846 1.193775 0.983985
0.659027 1.196326 0.978936
0.659208 1.198827 0.973862
0.659389 1.201276 0.968764
0.659571 1.203675 0.963641
0.659683 1.203664 0.963636
0.659753 1.203658 0.963634
0.659805 1.203653 0.963632
0.659911 1.203406 0.969477
0.659965 1.203107 0.975321
0.659991 1.202750 0.981162
0.660000 1.202336 0.986999
0.659995 1.201865 0.992831
0.659981 1.201336 0.998659
0.659957 1.200750 1.004481
0.659924 1.200105 1.010297
0.659883 1.199403 1.016106
0.659833 1.198643 1.021908
0.659775 1.197826 1.027702
0.659708 1.196952 1.033488
0.659490 1.193812 1.034356
0.659263 1.190662 1.035188
0.658895 1.185426 1.035023
0.658521 1.180174 1.034846
0.658143 1.174904 1.034659
0.657762 1.169619 1.034461
0.657378 1.164318 1.034252
0.656991 1.159002 1.034033
0.656602 1.153671 1.033803
0.656212 1.148326 1.033563
0.655820 1.142968 1.033312
0.655427 1.137596 1.033050
0.655033 1.132212 1.032778
0.654640 1.126816 1.032495
0.654246 1.121408 1.032202
0.653853 1.115989 1.031898
0.653461 1.110559 1.031584
0.653204 1.107462 1.035828
0.649502 1.106753 1.040726
0.644871 1.106010 1.045601
0.639933 1.102977 1.045825
0.634921 1.097705 1.045326
0.629998 1.092373 1.044817
0.625183 1.086983 1.044296
0.620479 1.081538 1.043765
0.615889 1.076038 1.043224
0.615299 1.070540 1.042661
0.615264 1.065046 1.042098
0.615309 1.059548 1.041525
0.615365 1.054045 1.040943
0.615425 1.048538 1.040350
0.615486 1.043028 1.039748
0.615548 1.037515 1.039135
0.615612 1.031999 1.038512
0.615677 1.026481 1.037879
0.615675 1.025512 1.041939
0.615678 1.024502 1.045989
0.615683 1.023452 1.050029
0.615722 1.020207 1.049665
0.615760 1.016965 1.049269
0.615799 1.013728 1.048840
0.615838 1.010495 1.048379
0.615878 1.007266 1.047886
0.615917 1.004043 1.047360
0.615957 1.000825 1.046802
0.615996 0.997613 1.046212
0.616036 0.994407 1.045590
0.616076 0.991207 1.044936
0.616116 0.988014 1.044250
0.616156 0.984828 1.043531
0.616197 0.981649 1.042781
0.616237 0.978477 1.041999
0.616278 0.975313 1.041186
0.616319 0.972157 1.040340
0.616360 0.969009 1.039463
0.616368 0.968025 1.042947
0.616376 0.967006 1.046421
0.616417 0.963886 1.045450
0.616459 0.960775 1.044447
0.616502 0.957674 1.043413
0.616544 0.954584 1.042349
0.616587 0.951505 1.041253
0.616630 0.948437 1.040128
0.616672 0.945381 1.038971
0.616682 0.944403 1.042219
0.616691 0.943393 1.045458
0.616701 0.942351 1.048686
0.616711 0.941276 1.051903
0.616722 0.940170 1.055109
0.616733 0.939031 1.058305
0.616744 0.937860 1.061488
0.616755 0.936658 1.064660
0.616767 0.935424 1.067820
0.616779 0.934159 1.070967
0.616792 0.932862 1.074101
0.616804 0.931534 1.077222
0.616817 0.930174 1.080329
0.616830 0.928784 1.083423
0.616844 0.927363 1.086503
0.616858 0.925911 1.089568
0.616872 0.924428 1.092619
