0.620000 0.929849 1.096482
0.623099 0.929832 1.096481
0.626198 0.929784 1.096479
0.629296 0.929704 1.096478
0.632394 0.929594 1.096476
0.635565 0.930970 1.093369
0.638846 0.933637 1.094971
0.642182 0.936285 1.096544
0.645574 0.938913 1.098088
0.649023 0.941520 1.099604
0.652527 0.944103 1.101090
0.656088 0.946663 1.102547
0.659705 0.949200 1.103976
0.663378 0.951710 1.105375
0.667107 0.954193 1.106744
0.670892 0.956648 1.108083
0.674733 0.959073 1.109393
0.678630 0.961467 1.110672
0.682582 0.963829 1.111921
0.686265 0.964470 1.116657
0.689958 0.965026 1.121405
0.693658 0.965496 1.126166
0.697365 0.965880 1.130939
0.701075 0.966177 1.135723
0.704788 0.966388 1.140518
0.708501 0.966513 1.145323
0.712741 0.968536 1.146542
0.717033 0.970520 1.147731
0.721093 0.971482 1.144083
0.725172 0.972361 1.140414
0.729008 0.972314 1.145209
0.732838 0.972179 1.150014
0.736661 0.971958 1.154829
0.740175 0.970772 1.154828
0.743676 0.969551 1.154825
0.747166 0.968294 1.154823
0.750643 0.967003 1.154821
0.755218 0.968545 1.155918
0.759842 0.970040 1.156984
0.764512 0.971486 1.158018
0.769230 0.972883 1.159022
0.773993 0.974231 1.159995
0.778803 0.975526 1.160937
0.783657 0.976769 1.161847
0.788555 0.977958 1.162726
0.793497 0.979092 1.163572
0.798482 0.980171 1.164388
0.803510 0.981193 1.165173
0.808578 0.982158 1.165925
0.812626 0.981071 1.170749
0.816648 0.979897 1.175582
0.821790 0.980693 1.176304
0.825799 0.979377 1.181145
0.829777 0.977975 1.185995
0.833723 0.976488 1.190852
0.837635 0.974916 1.195716
0.841511 0.973260 1.200586
0.845349 0.971521 1.205463
0.848851 0.969253 1.205465
0.852331 0.966946 1.205463
0.857257 0.966755 1.201274
0.862544 0.966987 1.201931
0.867862 0.967152 1.202555
0.873211 0.967250 1.203147
0.878589 0.967281 1.203707
0.883996 0.967244 1.204235
0.889432 0.967137 1.204731
0.894894 0.966961 1.205195
0.900383 0.966713 1.205627
0.905896 0.966394 1.206027
0.911433 0.966002 1.206395
0.916991 0.965538 1.206730
0.920816 0.962996 1.211606
0.924589 0.960374 1.216489
0.928305 0.957675 1.221377
0.931965 0.954899 1.226269
0.935566 0.952049 1.231165
0.939108 0.949124 1.236065
0.944666 0.948232 1.236368
0.950240 0.947264 1.236637
0.955826 0.946220 1.236873
0.961426 0.945100 1.237076
0.967036 0.943902 1.237247
0.972657 0.942627 1.237384
0.976079 0.939287 1.242283
0.979434 0.935878 1.247188
0.982573 0.932270 1.247188
0.985672 0.928634 1.247184
0.988735 0.924968 1.247181
0.994292 0.923332 1.247286
0.999854 0.921617 1.247357
1.005417 0.919822 1.247395
1.010981 0.917948 1.247400
1.016545 0.915994 1.247373
1.022106 0.913961 1.247312
1.027663 0.911848 1.247218
1.033216 0.909655 1.247091
1.038762 0.907382 1.246931
1.044300 0.905029 1.246738
1.049829 0.902595 1.246512
1.055348 0.900081 1.246252
1.060854 0.897486 1.245960
1.066348 0.894810 1.245634
1.071827 0.892054 1.245276
1.077290 0.889217 1.244884
1.082736 0.886299 1.244459
1.088163 0.883299 1.244001
1.093570 0.880219 1.243510
1.096133 0.875497 1.243492
1.098647 0.870752 1.243479
1.101113 0.865984 1.243465
1.103532 0.861191 1.243452
1.105903 0.856375 1.243439
1.108226 0.851536 1.243425
1.110501 0.846673 1.243412
1.112728 0.841789 1.243399
1.114906 0.836882 1.243385
1.117035 0.831954 1.243372
1.119115 0.827006 1.243359
1.121145 0.822036 1.243345
1.125885 0.818171 1.237932
1.130820 0.814321 1.237362
1.135726 0.810389 1.236772
1.140316 0.806280 1.231261
1.144819 0.802089 1.225704
1.149235 0.797812 1.220120
1.153563 0.793452 1.214508
1.157802 0.789007 1.208868
1.160991 0.787613 1.203222
1.162777 0.790528 1.197559
1.164878 0.792226 1.191835
1.167080 0.793408 1.186090
1.167028 0.793548 1.186055
1.167662 0.793817 1.190890
1.170621 0.794881 1.190003
1.173583 0.795895 1.189063
1.176542 0.796883 1.188090
1.179496 0.797856 1.187085
1.182443 0.798818 1.186048
1.185381 0.799772 1.184979
1.187647 0.800534 1.179035
1.190567 0.801457 1.177880
1.193479 0.802382 1.176716
1.195669 0.803109 1.170689
1.197802 0.803798 1.164612
1.199880 0.804457 1.158514
1.199902 0.804342 1.158453
1.197985 0.803663 1.157357
1.198029 0.803744 1.150259
1.198041 0.803657 1.150199
1.198052 0.803603 1.150176
1.198058 0.803565 1.150153
1.198062 0.803534 1.150130
1.198065 0.803507 1.150107
1.198512 0.802080 1.150116
1.199011 0.800487 1.150174
1.199101 0.800084 1.150064
1.199102 0.800076 1.150059
1.199088 0.800121 1.150063
1.197066 0.799408 1.155990
1.195003 0.798717 1.161976
1.192881 0.798017 1.167940
1.189891 0.799885 1.173896
1.186354 0.803226 1.179823
1.182480 0.807297 1.185722
1.178382 0.811710 1.191593
1.174118 0.816261 1.197438
1.169723 0.820843 1.203256
1.165215 0.825398 1.209047
1.160604 0.829895 1.214811
1.155898 0.834318 1.220548
1.151102 0.838655 1.226256
1.146218 0.842901 1.231936
1.141251 0.847051 1.237587
1.136201 0.851103 1.243208
1.131073 0.855053 1.248799
1.125868 0.858898 1.254359
1.120589 0.862638 1.259888
1.115239 0.866269 1.265385
1.109819 0.869790 1.270850
1.104332 0.873199 1.276282
1.098782 0.876494 1.281681
1.093170 0.879672 1.287045
1.087499 0.882734 1.292376
1.081772 0.885677 1.297671
1.075991 0.888499 1.302931
1.070159 0.891201 1.308155
1.064279 0.893779 1.313343
1.058353 0.896234 1.318494
1.052383 0.898565 1.323607
1.046373 0.900772 1.328683
1.040325 0.902852 1.333721
1.034240 0.904807 1.338719
1.028122 0.906634 1.343679
1.021973 0.908334 1.348598
1.015796 0.909907 1.353478
1.009593 0.911352 1.358316
1.003366 0.912668 1.363114
0.997118 0.913856 1.367869
0.990851 0.914916 1.372583
0.984568 0.915847 1.377254
0.978270 0.916650 1.381882
0.971961 0.917324 1.386466
0.965643 0.917870 1.391006
0.959318 0.918287 1.395502
0.952988 0.918577 1.399953
0.946656 0.918738 1.404359
0.940324 0.918772 1.408719
0.933995 0.918678 1.413033
0.927670 0.918456 1.417300
0.921354 0.918108 1.421520
0.915047 0.917632 1.425693
0.908753 0.917030 1.429818
0.902473 0.916302 1.433895
0.896211 0.915448 1.437923
0.889968 0.914469 1.441902
0.883747 0.913366 1.445832
0.877550 0.912137 1.449712
0.871381 0.910786 1.453542
0.865241 0.909311 1.457321
0.859133 0.907713 1.461049
0.851771 0.913619 1.461106
0.844297 0.919379 1.461068
0.839739 0.922795 1.461007
0.839741 0.922805 1.460973
0.836710 0.924996 1.460929
0.833655 0.927157 1.460890
0.835235 0.926020 1.460882
0.836833 0.924903 1.460844
0.833780 0.927065 1.460801
0.830702 0.929197 1.460763
0.824769 0.926967 1.464372
0.818868 0.924606 1.467998
0.813015 0.922128 1.471573
0.807214 0.919533 1.475095
0.801467 0.916824 1.478565
0.795775 0.914000 1.481982
0.790142 0.911063 1.485345
0.784569 0.908015 1.488655
0.785017 0.908809 1.490785
0.785470 0.909601 1.492862
0.782569 0.911252 1.492831
0.779652 0.912876 1.492795
0.774188 0.909602 1.495995
0.768774 0.906199 1.499212
0.763430 0.902688 1.502375
0.758157 0.899072 1.505483
0.752959 0.895352 1.508534
0.747836 0.891529 1.511530
0.742791 0.887604 1.514470
0.737826 0.883580 1.517353
0.732943 0.879457 1.520180
0.733978 0.881937 1.516192
0.735027 0.884427 1.512055
0.736060 0.886879 1.507890
0.737076 0.889291 1.503700
0.738075 0.891665 1.499485
0.739057 0.893999 1.495245
0.740021 0.896293 1.490981
0.740969 0.898547 1.486694
0.741899 0.900762 1.482382
0.742812 0.902936 1.478048
0.743707 0.905070 1.473692
0.744585 0.907163 1.469313
0.745445 0.909215 1.464913
0.746288 0.911227 1.460491
0.747112 0.913197 1.456049
0.747919 0.915126 1.451586
0.748708 0.917013 1.447103
0.749479 0.918859 1.442601
0.750232 0.920664 1.438080
0.750967 0.922426 1.433541
0.751684 0.924146 1.428983
0.752382 0.925824 1.424407
0.753063 0.927460 1.419814
0.753725 0.929053 1.415204
0.754368 0.930603 1.410578
0.754993 0.932111 1.405936
0.755600 0.933576 1.401278
0.756188 0.934998 1.396605
0.756758 0.936376 1.391918
0.753585 0.937731 1.391896
0.754121 0.939072 1.387207
0.754640 0.940369 1.382491
0.755141 0.941622 1.377763
0.755624 0.942832 1.373021
0.756088 0.943998 1.368268
0.756534 0.945120 1.363502
0.756961 0.946197 1.358725
0.757370 0.947231 1.353937
0.757366 0.947233 1.353924
0.754083 0.948592 1.353917
0.750786 0.949918 1.353910
0.747476 0.951211 1.353904
0.744153 0.952471 1.353898
0.740818 0.953697 1.353891
0.737470 0.954891 1.353885
0.734111 0.956050 1.353878
0.730741 0.957176 1.353872
0.727359 0.958268 1.353866
0.723967 0.959326 1.353859
0.720564 0.960350 1.353853
0.717151 0.961340 1.353847
0.713728 0.962296 1.353840
0.710296 0.963217 1.353834
