0.322318 1.179064 0.857694
0.318029 1.178223 0.851971
0.312426 1.176583 0.846258
0.310260 1.176784 0.840569
0.309315 1.177573 0.834848
0.308246 1.179482 0.835502
0.307206 1.181404 0.836183
0.306177 1.183325 0.836886
0.305153 1.185240 0.837610
0.304133 1.187149 0.838356
0.303569 1.188084 0.832624
0.303085 1.188991 0.826873
0.302641 1.189854 0.821112
0.302227 1.190667 0.815342
0.301841 1.191430 0.809562
0.301482 1.192142 0.803775
0.300521 1.194066 0.804535
0.300138 1.194707 0.798747
0.299823 1.195311 0.792945
0.299921 1.195352 0.792933
0.299975 1.195376 0.792928
0.300022 1.195396 0.792922
0.300067 1.195415 0.792917
0.300111 1.195434 0.792911
0.300623 1.195652 0.792872
0.300734 1.195690 0.792866
0.300808 1.195682 0.792846
0.300810 1.195687 0.792848
0.300811 1.195691 0.792850
0.300812 1.195695 0.792853
0.300220 1.196993 0.799402
0.299606 1.198235 0.805989
0.299016 1.199416 0.812590
0.298458 1.200538 0.819203
0.297932 1.201603 0.825828
0.297439 1.202611 0.832464
0.296979 1.203561 0.839111
0.296552 1.204453 0.845768
0.296158 1.205288 0.852434
0.295797 1.206064 0.859109
0.295468 1.206783 0.865791
0.295173 1.207443 0.872481
0.294911 1.208046 0.879178
0.294681 1.208590 0.885881
0.294484 1.209076 0.892589
0.294320 1.209503 0.899301
0.295659 1.207166 0.901148
0.297031 1.204804 0.902944
0.299402 1.200679 0.903613
0.301794 1.196530 0.904272
0.307328 1.194095 0.904949
0.314371 1.192399 0.905605
0.316553 1.193893 0.912042
0.317471 1.194669 0.918513
0.317866 1.195100 0.924991
0.318051 1.195349 0.931473
0.318158 1.195485 0.937956
0.318246 1.195537 0.944439
0.318341 1.195521 0.950922
0.318454 1.195441 0.957404
0.318590 1.195300 0.963885
0.318753 1.195100 0.970363
0.318943 1.194842 0.976838
0.319160 1.194525 0.983309
0.321481 1.190213 0.983385
0.323824 1.185866 0.983428
0.328691 1.182810 0.983464
0.332529 1.179177 0.983488
0.335664 1.175153 0.983503
0.336326 1.174980 0.989712
0.336809 1.174658 0.995931
0.337211 1.174225 1.002145
0.337579 1.173705 1.008352
0.337942 1.173113 1.014553
0.338312 1.172455 1.020746
0.341131 1.172964 1.026918
0.346240 1.172434 1.031773
0.353109 1.170206 1.031404
0.360362 1.168078 1.031011
0.367794 1.165952 1.030609
0.375294 1.163773 1.030196
0.382801 1.161509 1.029771
0.390280 1.159147 1.029336
0.397709 1.156679 1.028889
0.405079 1.154101 1.028431
0.412382 1.151413 1.027961
0.419613 1.148616 1.027480
0.426770 1.145710 1.026987
0.433849 1.142697 1.026483
0.440850 1.139579 1.025967
0.447771 1.136357 1.025440
0.454609 1.133034 1.024901
0.461364 1.129611 1.024351
0.468035 1.126091 1.023790
0.474620 1.122474 1.023217
0.481119 1.118764 1.022633
0.487529 1.114961 1.022038
0.493850 1.111069 1.021431
0.500080 1.107088 1.020814
0.506220 1.103022 1.020185
0.512267 1.098872 1.019545
0.518220 1.094639 1.018894
0.524079 1.090327 1.018232
0.529842 1.085937 1.017559
0.535509 1.081471 1.016876
0.541079 1.076931 1.016181
0.546550 1.072319 1.015476
0.551922 1.067637 1.014760
0.557193 1.062888 1.014034
0.562364 1.058073 1.013296
0.567432 1.053195 1.012549
0.572398 1.048255 1.011791
0.577260 1.043255 1.011022
0.582018 1.038199 1.010244
0.586671 1.033087 1.009455
0.591218 1.027922 1.008656
0.595659 1.022707 1.007847
0.596172 1.017234 1.007031
0.596533 1.011749 1.006203
0.596889 1.006264 1.005364
0.597245 1.000780 1.004515
0.601005 1.000349 1.008324
0.604828 0.999847 1.012128
0.608642 0.999269 1.015926
0.612444 0.998615 1.019716
0.616317 0.993216 1.018639
0.620079 0.987780 1.017552
0.620130 0.982328 1.016457
0.620160 0.976879 1.015351
0.620189 0.971433 1.014237
0.620218 0.965992 1.013113
0.620248 0.960555 1.011981
0.620277 0.955123 1.010839
0.620286 0.952152 1.013888
0.620281 0.951426 1.017206
0.620275 0.950667 1.020516
0.620270 0.949875 1.023818
0.620249 0.951312 1.027501
0.620228 0.952703 1.031243
0.620222 0.951804 1.034565
0.620218 0.951804 1.034565
0.620212 0.950871 1.037878
0.620206 0.949905 1.041181
0.620201 0.948906 1.044475
0.620195 0.947875 1.047758
0.620190 0.946810 1.051031
0.620184 0.945713 1.054293
0.620178 0.944584 1.057544
0.620172 0.943422 1.060783
0.620167 0.942227 1.064011
0.620161 0.941001 1.067227
0.620155 0.939742 1.070430
0.620149 0.938452 1.073620
0.620143 0.937129 1.076797
0.620138 0.935775 1.079961
0.620132 0.934389 1.083112
0.620126 0.932972 1.086248
0.620120 0.931524 1.089370
0.620114 0.930044 1.092477
0.620108 0.928534 1.095569
0.620102 0.926992 1.098646
0.620097 0.926992 1.098646
0.620092 0.926992 1.098645
0.620069 0.929807 1.100298
0.620045 0.932640 1.101923
0.623176 0.935472 1.103520
0.626365 0.938289 1.105087
0.629610 0.941088 1.106627
0.632913 0.943870 1.108137
0.633007 0.946778 1.109618
0.636397 0.949554 1.111070
0.636522 0.952491 1.112493
0.636647 0.955441 1.113886
0.636773 0.958405 1.115250
0.636899 0.961383 1.116584
0.637027 0.964374 1.117888
0.637155 0.967378 1.119162
0.637285 0.970394 1.120406
0.637415 0.973423 1.121620
0.637545 0.976464 1.122803
0.637677 0.979516 1.123956
0.637809 0.982579 1.125078
0.637942 0.985654 1.126169
0.638076 0.988740 1.127230
0.638210 0.991835 1.128260
0.638345 0.994941 1.129258
0.638524 0.998895 1.126389
0.638702 1.002819 1.123480
0.638877 1.006714 1.120532
0.639052 1.010580 1.117544
0.639224 1.014415 1.114519
0.639395 1.018220 1.111455
0.639564 1.021995 1.108353
0.639702 1.025170 1.109100
0.639841 1.028353 1.109815
0.639980 1.031543 1.110498
0.640120 1.034740 1.111149
0.640288 1.038510 1.107882
0.640454 1.042248 1.104577
0.640618 1.045952 1.101234
0.640779 1.049623 1.097855
0.640939 1.053260 1.094439
0.641095 1.056862 1.090987
0.641231 1.060096 1.091412
0.641370 1.063334 1.091805
0.641508 1.066576 1.092165
0.641645 1.069822 1.092493
0.641782 1.073070 1.092789
0.641918 1.076322 1.093051
0.642074 1.079910 1.089369
0.642222 1.083460 1.085650
0.642366 1.086974 1.081895
0.642506 1.090449 1.078105
0.642642 1.093887 1.074281
0.642775 1.097286 1.070422
0.642905 1.100647 1.066530
0.643030 1.103968 1.062604
0.643139 1.107230 1.062571
0.643258 1.110491 1.062506
0.643377 1.113752 1.062409
0.643509 1.117033 1.058353
0.643625 1.120271 1.054263
0.643735 1.123470 1.050140
0.643839 1.126626 1.045986
0.643940 1.129741 1.041800
0.644029 1.132990 1.041505
0.644129 1.136237 1.041179
0.644232 1.139479 1.040820
0.644336 1.142718 1.040429
0.644447 1.145778 1.036085
0.644544 1.148793 1.031707
0.644633 1.151764 1.027299
0.644718 1.154690 1.022862
0.644799 1.157904 1.022306
0.644891 1.161114 1.021720
0.644988 1.163986 1.017192
0.645075 1.166811 1.012633
0.645158 1.169589 1.008045
0.645239 1.172322 1.003430
0.645318 1.175009 0.998787
0.645396 1.177648 0.994118
0.645475 1.180241 0.989422
0.645554 1.182787 0.984701
0.645550 1.183173 0.979062
0.645546 1.183502 0.973418
0.645544 1.183774 0.967771
0.645542 1.183990 0.962123
0.645594 1.183980 0.962114
0.645623 1.183978 0.962113
0.645636 1.183976 0.962112
0.645642 1.183976 0.962112
0.645698 1.183752 0.967754
0.645715 1.183475 0.973395
0.645709 1.183142 0.979033
0.645690 1.182752 0.984667
0.645660 1.182307 0.990297
0.645622 1.181806 0.995922
0.645576 1.181250 1.001542
0.645524 1.180638 1.007156
0.645465 1.179969 1.012764
0.645314 1.176778 1.013441
0.645149 1.173580 1.014086
0.644977 1.170376 1.014698
0.644720 1.165101 1.014280
0.644460 1.159810 1.013851
0.644199 1.154505 1.013411
0.643938 1.149185 1.012959
0.643676 1.143851 1.012496
0.643415 1.138504 1.012022
0.643154 1.133143 1.011537
0.642895 1.127771 1.011040
0.642636 1.122386 1.010533
0.642379 1.116991 1.010014
0.642124 1.111584 1.009485
0.641870 1.106167 1.008944
0.641618 1.100741 1.008393
0.641368 1.095305 1.007831
0.641120 1.089861 1.007258
0.640873 1.084409 1.006674
0.640629 1.078949 1.006080
0.640386 1.073482 1.005475
0.640146 1.068009 1.004860
0.639907 1.062530 1.004234
0.639670 1.057046 1.003598
0.639434 1.051556 1.002951
0.639200 1.046063 1.002294
0.638967 1.040566 1.001627
0.638736 1.035066 1.000950
0.638506 1.029563 1.000263
0.638277 1.024058 0.999566
0.638049 1.018552 0.998858
0.637822 1.013045 0.998141
0.637596 1.007538 0.997414
0.637370 1.002031 0.996678
0.637145 0.996524 0.995931
0.636921 0.991019 0.995175
0.636697 0.985516 0.994410
0.636473 0.980015 0.993635
0.636249 0.974517 0.992851
0.636025 0.969023 0.992057
0.632546 0.969166 0.992058
0.629052 0.969274 0.992058
0.625557 0.969347 0.992057
0.622062 0.969385 0.992057
0.618566 0.969388 0.992057
0.615070 0.969356 0.992057
0.615061 0.968847 0.995548
0.615064 0.968304 0.999034
0.615068 0.967726 1.002515
0.615174 0.962261 1.001548
0.615280 0.956799 1.000572
0.615387 0.951342 0.999587
0.615493 0.945891 0.998593
0.615497 0.945318 1.001849
0.615501 0.944712 1.005099
0.615463 0.946355 1.008594
0.615425 0.947957 1.012150
0.615388 0.949515 1.015767
0.615395 0.948769 1.019058
0.615345 0.950268 1.026679
0.615297 0.951604 1.034359
0.615305 0.950672 1.037669
0.615315 0.949707 1.040971
0.615325 0.948709 1.044262
0.615335 0.947678 1.047543
0.615346 0.946615 1.050814
0.615357 0.945519 1.054074
0.615368 0.944390 1.057323
0.615368 0.944388 1.057322
0.615380 0.943227 1.060559
0.615392 0.942034 1.063785
0.615404 0.940808 1.066998
0.615417 0.939550 1.070199
0.615430 0.938261 1.073387
0.615443 0.936939 1.076562
0.615457 0.935586 1.079724
0.615470 0.934201 1.082872
0.615485 0.932785 1.086006
0.615499 0.931338 1.089125
0.615514 0.929859 1.092230
0.615529 0.928350 1.095320
0.615544 0.926810 1.098395
