0.621294 1.126966 1.007550
0.621222 1.121631 1.006733
0.621152 1.116284 1.005904
0.621084 1.110927 1.005063
0.621018 1.105560 1.004210
0.620954 1.100183 1.003346
0.620891 1.094798 1.002471
0.620831 1.089403 1.001584
0.620773 1.084001 1.000686
0.620717 1.078591 0.999776
0.620662 1.073174 0.998856
0.620609 1.067750 0.997924
0.620558 1.062321 0.996982
0.620507 1.056886 0.996029
0.620459 1.051447 0.995065
0.620411 1.046004 0.994090
0.620365 1.040556 0.993105
0.620319 1.035106 0.992109
0.620275 1.029653 0.991103
0.620231 1.024198 0.990087
0.620188 1.018741 0.989061
0.620146 1.013284 0.988024
0.620104 1.007826 0.986978
0.620062 1.002368 0.985921
0.620021 0.996910 0.984855
0.619979 0.991454 0.983780
0.619977 0.991028 0.987492
0.619974 0.990564 0.991200
0.619972 0.990063 0.994903
0.619988 0.992125 1.003064
0.620004 0.994014 1.011297
0.620004 0.993315 1.015035
0.619982 0.990372 1.018122
0.619960 0.987398 1.021179
0.619938 0.984393 1.024206
0.619917 0.981356 1.027203
0.619896 0.978291 1.030169
0.619876 0.975195 1.033104
0.619856 0.972071 1.036008
0.619836 0.968918 1.038881
0.619817 0.965735 1.041721
0.619798 0.962524 1.044530
0.619780 0.959286 1.047307
0.619762 0.956020 1.050051
0.619744 0.952726 1.052762
0.619726 0.949406 1.055441
0.619709 0.946059 1.058086
0.619692 0.942687 1.060698
0.619692 0.941492 1.063917
0.619691 0.940264 1.067125
0.619691 0.939005 1.070320
0.619691 0.937715 1.073503
0.619691 0.936392 1.076672
0.619690 0.935038 1.079828
0.619690 0.933652 1.082970
0.619690 0.932235 1.086098
0.619689 0.930786 1.089212
0.619689 0.929307 1.092311
0.619689 0.927797 1.095395
0.619688 0.926256 1.098464
0.619689 0.926254 1.098463
0.616627 0.926234 1.098462
0.613566 0.926183 1.098460
0.610505 0.926102 1.098459
0.607446 0.925990 1.098457
0.604387 0.925847 1.098456
0.601330 0.925674 1.098455
0.598276 0.925471 1.098453
0.595016 0.928049 1.100098
0.591700 0.930609 1.101714
0.588329 0.933149 1.103302
0.584903 0.935668 1.104861
0.581422 0.938165 1.106392
0.577885 0.940638 1.107893
0.574292 0.943087 1.109366
0.570644 0.945511 1.110809
0.566940 0.947908 1.112223
0.563181 0.950277 1.113608
0.559367 0.952617 1.114963
0.555499 0.954926 1.116288
0.551575 0.957203 1.117582
0.547597 0.959447 1.118847
0.543563 0.961658 1.120082
0.539476 0.963834 1.121287
0.535334 0.965974 1.122461
0.531139 0.968076 1.123605
0.526891 0.970139 1.124718
0.522589 0.972162 1.125800
0.518235 0.974144 1.126850
0.513828 0.976084 1.127871
0.509369 0.977981 1.128861
0.504858 0.979833 1.129819
0.500296 0.981639 1.130745
0.495684 0.983398 1.131641
0.491022 0.985109 1.132504
0.486310 0.986770 1.133336
0.481258 0.989168 1.130300
0.476155 0.991472 1.127224
0.471004 0.993682 1.124108
0.465806 0.995797 1.120953
0.460563 0.997815 1.117759
0.456106 0.997785 1.113648
0.451651 0.997665 1.109519
0.446554 0.998889 1.110098
0.441416 1.000052 1.110643
0.436234 1.001155 1.111155
0.431010 1.002196 1.111636
0.425495 1.003687 1.108199
0.419944 1.005072 1.104723
0.414363 1.006353 1.101210
0.408752 1.007529 1.097660
0.407903 1.008801 1.093235
0.407184 1.010095 1.088798
0.406491 1.011352 1.084347
0.405819 1.012570 1.079881
0.405167 1.013748 1.075402
0.404535 1.014886 1.070910
0.402966 1.017747 1.071034
0.401401 1.020612 1.071126
0.399835 1.023477 1.071185
0.398268 1.026342 1.071211
0.396699 1.029206 1.071205
0.395129 1.032069 1.071166
0.393557 1.034931 1.071094
0.391985 1.037791 1.070990
0.390411 1.040650 1.070853
0.388837 1.043506 1.070683
0.387262 1.046359 1.070481
0.385621 1.049376 1.066323
0.383989 1.052351 1.062130
0.382374 1.055286 1.057904
0.380778 1.058184 1.053644
0.379202 1.061043 1.049351
0.377645 1.063864 1.045026
0.376108 1.066646 1.040669
0.374592 1.069390 1.036280
0.373096 1.072095 1.031860
0.371622 1.074761 1.027409
0.370169 1.077387 1.022928
0.369774 1.078052 1.017712
0.369402 1.078670 1.012488
0.368014 1.081177 1.007919
0.366649 1.083645 1.003322
0.365310 1.086074 0.998697
0.363757 1.088847 0.997945
0.362216 1.091618 0.997162
0.360919 1.094000 0.992447
0.359642 1.096339 0.987704
0.358390 1.098637 0.982934
0.357162 1.100894 0.978139
0.355960 1.103110 0.973318
0.354783 1.105285 0.968472
0.356115 1.108762 0.963595
0.356247 1.111532 0.958703
0.355763 1.113913 0.953786
0.354997 1.116086 0.948846
0.354110 1.118137 0.943882
0.353177 1.120108 0.938897
0.349706 1.120658 0.933890
0.347473 1.121813 0.928862
0.345951 1.123293 0.923814
0.344775 1.124904 0.918746
0.341160 1.125112 0.913654
0.338929 1.126023 0.908549
0.337488 1.127310 0.903425
0.336415 1.128741 0.898282
0.335517 1.130210 0.893121
0.337496 1.133225 0.887955
0.338085 1.135386 0.882753
0.337916 1.137075 0.877539
0.337455 1.138544 0.872312
0.336892 1.139900 0.867070
0.336305 1.141183 0.861814
0.335381 1.143171 0.862495
0.334759 1.144377 0.857227
0.333458 1.146870 0.855568
0.332166 1.149351 0.853882
0.330882 1.151817 0.852169
0.329608 1.154268 0.850427
0.328342 1.156704 0.848658
0.327085 1.159124 0.846861
0.325838 1.161529 0.845037
0.324600 1.163917 0.843186
0.323371 1.166289 0.841307
0.318536 1.166644 0.839382
0.312383 1.166222 0.837445
0.309526 1.167631 0.835506
0.307848 1.169667 0.833527
0.310302 1.174031 0.831543
0.310309 1.176939 0.829489
0.309432 1.179343 0.827422
0.310107 1.178358 0.821029
0.310776 1.177293 0.814645
0.311466 1.176166 0.808274
0.311569 1.176211 0.808263
0.310573 1.178174 0.808897
