0.648473 0.903376 1.170814
0.651582 0.905625 1.172834
0.654742 0.907861 1.174828
0.657953 0.910080 1.176796
0.661215 0.912284 1.178738
0.664528 0.914470 1.180653
0.667892 0.916637 1.182542
0.671308 0.918785 1.184404
0.674774 0.920912 1.186239
0.678293 0.923016 1.188047
0.681862 0.925098 1.189828
0.685484 0.927156 1.191581
0.689156 0.929188 1.193306
0.692880 0.931194 1.195004
0.696656 0.933172 1.196673
0.700483 0.935121 1.198314
0.704360 0.937041 1.199927
0.708289 0.938929 1.201511
0.712204 0.940493 1.198190
0.716232 0.942314 1.199712
0.720309 0.944103 1.201210
0.724437 0.945856 1.202678
0.728614 0.947573 1.204117
0.732841 0.949252 1.205527
0.737118 0.950892 1.206907
0.741443 0.952491 1.208257
0.745817 0.954050 1.209577
0.750130 0.955236 1.205995
0.754596 0.956705 1.207250
0.759110 0.958134 1.208480
0.763671 0.959516 1.209679
0.767179 0.958387 1.214548
0.770659 0.957179 1.219423
0.775300 0.958423 1.220597
0.779872 0.959338 1.216861
0.784461 0.960158 1.213091
0.789065 0.960886 1.209294
0.793874 0.961922 1.210334
0.798723 0.962911 1.211349
0.803614 0.963846 1.212333
0.808546 0.964725 1.213285
0.813519 0.965547 1.214205
0.818532 0.966312 1.215094
0.823584 0.967017 1.215951
0.828673 0.967664 1.216776
0.833581 0.967869 1.212711
0.838488 0.967965 1.208606
0.843394 0.967962 1.204473
0.848293 0.967858 1.200313
0.853197 0.967661 1.196132
0.858095 0.967366 1.191925
0.862985 0.966973 1.187694
0.867866 0.966483 1.183438
0.872735 0.965896 1.179159
0.877591 0.965212 1.174856
0.882432 0.964431 1.170530
0.887255 0.963554 1.166181
0.892059 0.962581 1.161811
0.896840 0.961512 1.157417
0.901599 0.960349 1.153003
0.906332 0.959093 1.148568
0.907820 0.960491 1.144116
0.909119 0.961989 1.139642
0.910377 0.963462 1.135147
0.911605 0.964902 1.130634
0.912805 0.966312 1.126104
0.913974 0.967687 1.121555
0.913969 0.967676 1.121545
0.913962 0.967682 1.121544
0.913954 0.967688 1.121544
0.913946 0.967695 1.121543
0.912764 0.966326 1.126086
0.908332 0.967621 1.130617
0.903639 0.969017 1.135124
0.898903 0.970332 1.139611
0.894142 0.971551 1.144078
0.889359 0.972675 1.148525
0.884555 0.973702 1.152952
0.879731 0.974633 1.157358
0.874891 0.975466 1.161742
0.870036 0.976202 1.166105
0.865167 0.976840 1.170445
0.860287 0.977381 1.174762
0.855397 0.977824 1.179056
0.850498 0.978169 1.183326
0.845594 0.978415 1.187572
0.840685 0.978563 1.191793
0.835774 0.978613 1.195989
0.830864 0.978565 1.200159
0.825956 0.978419 1.204304
0.821051 0.978174 1.208422
0.816152 0.977831 1.212514
0.811261 0.977391 1.216579
0.806380 0.976853 1.220617
0.801510 0.976218 1.224627
0.796654 0.975485 1.228609
0.791812 0.974656 1.232562
0.786989 0.973731 1.236486
0.782129 0.972563 1.235499
0.777316 0.971338 1.234476
0.772548 0.970063 1.233422
0.767826 0.968737 1.232338
0.763151 0.967362 1.231223
0.758522 0.965939 1.230078
0.753941 0.964470 1.228902
0.749407 0.962954 1.227695
0.744922 0.961393 1.226458
0.740486 0.959790 1.225191
0.736099 0.958144 1.223894
0.731761 0.956457 1.222568
0.727473 0.954729 1.221210
0.723236 0.952963 1.219824
0.719048 0.951159 1.218408
0.714912 0.949319 1.216963
0.710827 0.947443 1.215488
0.706793 0.945534 1.213985
0.702810 0.943590 1.212452
0.698879 0.941615 1.210891
0.695000 0.939610 1.209301
0.691172 0.937574 1.207683
0.687397 0.935511 1.206036
0.683674 0.933420 1.204362
0.680014 0.931462 1.207545
0.676886 0.931889 1.202661
0.673749 0.932232 1.197775
0.670602 0.932496 1.192892
0.667448 0.932680 1.188011
0.664288 0.932784 1.183134
0.661124 0.932808 1.178261
0.657958 0.932751 1.173392
0.654791 0.932615 1.168528
0.651626 0.932397 1.163669
0.648464 0.932099 1.158816
0.645307 0.931721 1.153969
0.642156 0.931262 1.149128
0.639014 0.930724 1.144296
0.636000 0.932052 1.136356
0.632952 0.933175 1.128423
0.629877 0.934093 1.120500
0.626727 0.933095 1.115731
0.623598 0.932018 1.110973
0.620491 0.930862 1.106227
0.617407 0.929628 1.101493
0.614348 0.928316 1.096771
0.614386 0.926999 1.092063
0.614424 0.925635 1.087368
0.614425 0.925633 1.087366
0.614426 0.925632 1.087365
0.614427 0.925630 1.087364
0.614427 0.925629 1.087363
0.611372 0.925556 1.087362
0.608318 0.925453 1.087360
0.605265 0.925319 1.087359
0.602193 0.925889 1.083500
0.599110 0.926389 1.079633
0.596019 0.926819 1.075759
0.592920 0.927179 1.071880
0.589815 0.927469 1.067994
0.586707 0.927689 1.064102
0.583596 0.927838 1.060204
0.580483 0.927916 1.056302
0.577370 0.927925 1.052395
0.574259 0.927864 1.048485
0.571151 0.927732 1.044570
0.568048 0.927530 1.040653
0.564950 0.927259 1.036733
0.561860 0.926918 1.032810
0.558778 0.926507 1.028885
0.555707 0.926027 1.024959
0.552648 0.925477 1.021031
0.549603 0.924859 1.017103
0.546572 0.924173 1.013174
0.543557 0.923418 1.009244
0.540560 0.922595 1.005316
0.537582 0.921705 1.001387
0.534624 0.920747 0.997460
0.531689 0.919723 0.993535
0.528776 0.918633 0.989611
0.525889 0.917478 0.985690
0.523027 0.916257 0.981771
0.520193 0.914971 0.977855
0.517388 0.913622 0.973943
0.514613 0.912209 0.970035
0.511870 0.910734 0.966130
0.509159 0.909196 0.962231
0.506483 0.907597 0.958336
0.506707 0.907085 0.954447
0.506945 0.906537 0.950563
0.507198 0.905952 0.946686
0.507464 0.905332 0.942815
0.507745 0.904675 0.938952
0.508040 0.903983 0.935095
0.508349 0.903254 0.931246
0.505853 0.901363 0.927406
0.503398 0.899414 0.923573
0.503766 0.898586 0.919750
0.504148 0.897723 0.915936
0.504545 0.896824 0.912132
0.504957 0.895890 0.908337
0.505383 0.894922 0.904553
0.505823 0.893918 0.900780
0.505824 0.893916 0.900778
0.505826 0.893915 0.900777
0.505827 0.893913 0.900776
0.505828 0.893911 0.900775
0.505829 0.893909 0.900774
0.505692 0.893912 0.900816
0.505610 0.893892 0.900833
0.505545 0.893861 0.900838
0.505481 0.893836 0.900845
0.505470 0.893828 0.900848
0.505458 0.893822 0.900851
0.505447 0.893817 0.900855
0.505289 0.894190 0.903823
0.505142 0.894536 0.906796
0.505006 0.894855 0.909773
0.505002 0.894852 0.909772
0.504599 0.895743 0.913574
0.504210 0.896600 0.917386
0.503835 0.897421 0.921207
0.503476 0.898207 0.925037
0.505984 0.899968 0.925852
0.508513 0.901713 0.926660
0.511062 0.903443 0.927462
0.513633 0.905158 0.928256
0.516183 0.906974 0.932094
0.518771 0.908731 0.935941
0.521397 0.910429 0.939795
0.524065 0.912046 0.946731
0.526771 0.913585 0.950606
0.529511 0.915062 0.954487
0.532281 0.916476 0.958374
0.535081 0.917827 0.962266
0.537910 0.919114 0.966164
0.540765 0.920336 0.970065
0.543647 0.921493 0.973972
0.546552 0.922585 0.977881
0.549481 0.923610 0.981795
0.552431 0.924569 0.985711
0.555401 0.925461 0.989630
0.558389 0.926285 0.993551
0.561395 0.927041 0.997474
0.564417 0.927729 1.001399
0.567453 0.928349 1.005324
0.570502 0.928900 1.009251
0.573563 0.929382 1.013177
0.576633 0.929795 1.017104
0.579713 0.930139 1.021030
0.582799 0.930412 1.024955
0.585890 0.930616 1.028878
0.588986 0.930751 1.032801
0.592085 0.930815 1.036721
0.595185 0.930809 1.040638
0.598284 0.930734 1.044553
0.601382 0.930588 1.048464
0.604476 0.930372 1.052372
0.607566 0.930087 1.056276
0.610649 0.929732 1.060175
0.613725 0.929307 1.064070
0.616792 0.928813 1.067959
0.619858 0.926685 1.067139
