0.558057 0.937044 1.008859
0.561179 0.937692 1.012785
0.564315 0.938271 1.016711
0.567462 0.938779 1.020637
0.570620 0.939218 1.024563
0.573787 0.939586 1.028488
0.576961 0.939885 1.032412
0.580142 0.940112 1.036334
0.583327 0.940270 1.040254
0.586515 0.940356 1.044172
0.589705 0.940372 1.048087
0.592894 0.940317 1.051998
0.596083 0.940191 1.055907
0.599268 0.939995 1.059811
0.602450 0.939728 1.063711
0.605625 0.939390 1.067606
0.608793 0.938982 1.071496
0.611953 0.938504 1.075380
0.615102 0.937956 1.079259
0.618239 0.937338 1.083131
0.618197 0.936648 1.086997
0.618155 0.935920 1.090855
0.618113 0.935153 1.094706
0.618071 0.934347 1.098550
0.618030 0.933504 1.102385
0.618023 0.933503 1.102384
0.618011 0.931404 1.101454
0.618027 0.928021 1.095821
0.618015 0.925894 1.094954
0.618008 0.925893 1.094953
0.618002 0.925892 1.094952
0.614936 0.927360 1.091886
0.611786 0.930143 1.093479
0.608579 0.932908 1.095044
0.605316 0.935656 1.096580
0.601997 0.938385 1.098088
0.598620 0.941093 1.099566
0.595188 0.943780 1.101015
0.591698 0.946445 1.102435
0.588153 0.949086 1.103826
0.584550 0.951702 1.105186
0.580891 0.954292 1.106517
0.577175 0.956855 1.107818
0.573403 0.959390 1.109089
0.569575 0.961895 1.110330
0.565690 0.964369 1.111541
0.561750 0.966811 1.112721
0.557754 0.969220 1.113870
0.553702 0.971595 1.114989
0.549595 0.973935 1.116077
0.545432 0.976237 1.117135
0.541215 0.978502 1.118161
0.536943 0.980727 1.119156
0.532618 0.982913 1.120120
0.528238 0.985057 1.121053
0.523805 0.987158 1.121954
0.519319 0.989215 1.122824
0.514780 0.991228 1.123662
0.510190 0.993194 1.124469
0.505548 0.995113 1.125244
0.500854 0.996984 1.125987
0.496110 0.998805 1.126698
0.491316 1.000575 1.127377
0.486473 1.002293 1.128025
0.481580 1.003958 1.128640
0.476640 1.005569 1.129222
0.471652 1.007125 1.129773
0.466616 1.008624 1.130291
0.461535 1.010065 1.130777
0.456408 1.011448 1.131231
0.451237 1.012772 1.131652
0.446021 1.014034 1.132040
0.440762 1.015235 1.132396
0.435461 1.016373 1.132720
0.430118 1.017446 1.133010
0.424735 1.018455 1.133268
0.419312 1.019398 1.133494
0.413849 1.020274 1.133686
0.408349 1.021082 1.133846
0.402812 1.021821 1.133973
0.397239 1.022490 1.134067
0.391631 1.023089 1.134128
0.385989 1.023616 1.134157
0.380314 1.024070 1.134152
0.374608 1.024451 1.134115
0.368871 1.024757 1.134044
0.363105 1.024989 1.133941
0.357310 1.025145 1.133805
0.351489 1.025225 1.133636
0.345642 1.025227 1.133434
0.339771 1.025151 1.133199
0.333876 1.024997 1.132932
0.327960 1.024764 1.132631
0.322023 1.024451 1.132298
0.316067 1.024058 1.131931
0.310094 1.023584 1.131532
0.304105 1.023028 1.131100
0.298101 1.022391 1.130636
0.292084 1.021673 1.130138
0.286056 1.020872 1.129608
0.280017 1.019988 1.129045
0.273969 1.019021 1.128450
0.267914 1.017971 1.127822
0.261852 1.016838 1.127161
0.255787 1.015620 1.126467
0.249718 1.014319 1.125741
0.243648 1.012933 1.124983
0.237578 1.011462 1.124192
0.231510 1.009907 1.123368
0.225444 1.008267 1.122512
0.220359 1.005585 1.116971
0.215344 1.002798 1.111392
0.210390 0.999916 1.105796
0.205497 0.996939 1.100185
0.200668 0.993868 1.094558
0.195904 0.990703 1.088916
0.191207 0.987445 1.083260
0.186577 0.984097 1.077590
0.182018 0.980658 1.071907
0.177529 0.977131 1.066212
0.174724 0.975537 1.060504
0.173931 0.974474 1.060474
0.173506 0.973928 1.060457
0.173276 0.973653 1.060438
0.173137 0.973472 1.060420
0.173058 0.973365 1.060603
0.174058 0.972683 1.066286
0.175075 0.971933 1.071959
0.177862 0.973315 1.077622
0.181636 0.975805 1.083269
0.185920 0.978774 1.088900
0.190485 0.981920 1.094517
0.195219 0.985100 1.100118
0.200065 0.988242 1.105704
0.204997 0.991311 1.111273
0.209997 0.994292 1.116826
0.215058 0.997174 1.122361
0.220175 0.999953 1.127878
0.226257 1.001721 1.128684
0.232338 1.003397 1.129453
0.238416 1.004981 1.130190
0.246697 1.008602 1.130886
0.256012 1.012992 1.131559
0.265823 1.017576 1.132204
0.275887 1.022104 1.132816
0.283594 1.024409 1.133419
0.291851 1.027005 1.133959
0.299814 1.029218 1.134483
0.306105 1.030004 1.134970
0.311477 1.031631 1.140120
0.316844 1.033125 1.145252
0.322226 1.034502 1.150363
0.326415 1.037469 1.156399
0.331863 1.038629 1.161490
0.337334 1.039679 1.166558
0.339492 1.038405 1.171637
0.340776 1.036481 1.176670
0.345324 1.036665 1.181654
0.351092 1.036534 1.181814
0.356979 1.036421 1.181941
0.362866 1.036248 1.182037
0.368727 1.036002 1.182099
0.374560 1.035681 1.182130
0.380362 1.035285 1.182128
0.386131 1.034815 1.182093
0.391867 1.034271 1.182025
0.397569 1.033656 1.181924
0.403235 1.032969 1.181791
0.408865 1.032213 1.181625
0.414457 1.031387 1.181427
0.420012 1.030493 1.181196
0.425527 1.029532 1.180932
0.431002 1.028504 1.180636
0.436436 1.027411 1.180307
0.441829 1.026254 1.179946
0.447178 1.025035 1.179553
0.452485 1.023752 1.179127
0.457747 1.022409 1.178668
0.462964 1.021005 1.178178
0.468135 1.019543 1.177655
0.473260 1.018024 1.177101
0.478337 1.016446 1.176513
0.483367 1.014814 1.175894
0.488348 1.013127 1.175243
0.493279 1.011387 1.174560
0.498161 1.009594 1.173845
0.502993 1.007750 1.173097
0.507773 1.005856 1.172319
0.512502 1.003914 1.171508
0.517179 1.001923 1.170666
0.521804 0.999887 1.169793
0.526375 0.997805 1.168889
0.530893 0.995678 1.167952
0.535357 0.993509 1.166985
0.539767 0.991298 1.165986
0.544123 0.989046 1.164957
0.548423 0.986756 1.163897
0.552668 0.984427 1.162806
0.556859 0.982060 1.161683
0.560993 0.979658 1.160530
0.565071 0.977221 1.159347
0.569093 0.974751 1.158134
0.573059 0.972249 1.156890
0.576968 0.969716 1.155617
0.580821 0.967152 1.154312
0.584617 0.964560 1.152978
0.588356 0.961941 1.151615
0.592038 0.959295 1.150221
0.595663 0.956624 1.148799
0.599232 0.953930 1.147347
0.602743 0.951213 1.145867
0.606197 0.948474 1.144357
0.609595 0.945714 1.142818
0.612936 0.942935 1.141250
0.616221 0.940138 1.139653
0.619449 0.937324 1.138029
0.622620 0.934494 1.136376
0.625773 0.933550 1.131568
0.625780 0.932600 1.126770
0.625786 0.931603 1.121982
0.622686 0.930600 1.117205
0.619606 0.929518 1.112437
0.619633 0.928377 1.107681
0.619660 0.927189 1.102936
0.619687 0.925953 1.098204
0.619714 0.924670 1.093484
0.619742 0.923341 1.088778
0.619742 0.923339 1.088777
