0.620000 0.928475 1.099282
0.620001 0.928473 1.099280
0.620002 0.928471 1.099279
0.623087 0.928454 1.099277
0.626172 0.928406 1.099276
0.629341 0.931142 1.100930
0.632566 0.933860 1.102556
0.635847 0.936561 1.104153
0.639184 0.939243 1.105721
0.642578 0.941905 1.107261
0.646028 0.944546 1.108771
0.649534 0.947165 1.110254
0.653097 0.949761 1.111707
0.656716 0.952333 1.113130
0.660391 0.954879 1.114524
0.664123 0.957397 1.115889
0.667912 0.959888 1.117223
0.671756 0.962349 1.118527
0.675656 0.964779 1.119802
0.679612 0.967179 1.121047
0.683624 0.969546 1.122261
0.687692 0.971879 1.123445
0.691814 0.974176 1.124599
0.695992 0.976437 1.125721
0.700224 0.978660 1.126813
0.704511 0.980844 1.127874
0.708852 0.982989 1.128904
0.713246 0.985093 1.129904
0.717694 0.987154 1.130872
0.722194 0.989172 1.131809
0.726747 0.991145 1.132714
0.731352 0.993072 1.133588
0.736009 0.994952 1.134431
0.740717 0.996784 1.135242
0.745474 0.998567 1.136021
0.750282 1.000299 1.136769
0.755138 1.001980 1.137484
0.760044 1.003609 1.138169
0.764998 1.005184 1.138821
0.769999 1.006704 1.139442
0.775048 1.008168 1.140031
0.780142 1.009575 1.140588
0.785283 1.010924 1.141113
0.786576 1.013883 1.141606
0.787832 1.016860 1.142065
0.789091 1.019843 1.142493
0.790350 1.022830 1.142888
0.791611 1.025820 1.143251
0.796845 1.027111 1.143580
0.802222 1.028297 1.143877
0.807644 1.029417 1.144143
0.813106 1.030472 1.144375
0.818607 1.031461 1.144576
0.824147 1.032383 1.144743
0.825857 1.035179 1.144883
0.827321 1.038096 1.144986
0.828763 1.041026 1.145055
0.830202 1.043957 1.145092
0.831639 1.046889 1.145096
0.833075 1.049822 1.145067
0.834510 1.052755 1.145005
0.835943 1.055688 1.144911
0.837374 1.058620 1.144784
0.838803 1.061552 1.144624
0.840229 1.064484 1.144432
0.841653 1.067414 1.144206
0.843075 1.070342 1.143948
0.844494 1.073269 1.143658
0.845911 1.076193 1.143335
0.847325 1.079115 1.142979
0.848736 1.082035 1.142590
0.850144 1.084951 1.142169
0.851550 1.087863 1.141715
0.852953 1.090772 1.141229
0.854353 1.093676 1.140711
0.855751 1.096575 1.140160
0.857146 1.099470 1.139576
0.858538 1.102359 1.138960
0.859928 1.105242 1.138312
0.861316 1.108118 1.137632
0.862702 1.110988 1.136919
0.864085 1.113851 1.136175
0.865467 1.116706 1.135398
0.866846 1.119553 1.134589
0.868225 1.122392 1.133748
0.869601 1.125222 1.132876
0.870976 1.128043 1.131971
0.872349 1.130854 1.131034
0.873721 1.133655 1.130066
0.875449 1.137206 1.125237
0.877165 1.140706 1.120360
0.878867 1.144159 1.115445
0.880553 1.147564 1.110491
0.882220 1.150922 1.105498
0.883870 1.154233 1.100469
0.885502 1.157497 1.095402
0.887115 1.160713 1.090299
0.888709 1.163881 1.085160
0.890283 1.167001 1.079985
0.889114 1.171408 1.074771
0.889187 1.175144 1.069530
0.890004 1.178458 1.064254
0.891161 1.181547 1.058943
0.892466 1.184505 1.053599
0.893828 1.187375 1.048222
0.895205 1.190178 1.042814
0.896577 1.192923 1.037374
0.897936 1.195613 1.031903
0.899276 1.198251 1.026401
0.900595 1.200838 1.020871
0.901893 1.203373 1.015311
0.902250 1.203961 1.008816
0.902581 1.204488 1.002313
0.902885 1.204955 0.995803
0.903162 1.205363 0.989289
0.903412 1.205711 0.982770
0.903568 1.205614 0.982736
0.903667 1.205557 0.982721
0.903744 1.205511 0.982707
0.903812 1.205469 0.982693
0.903877 1.205429 0.982679
0.902774 1.205921 0.982659
0.902498 1.206044 0.982650
0.902277 1.206142 0.982643
0.902072 1.206232 0.982638
0.902059 1.206239 0.982637
0.902054 1.206241 0.982636
0.898895 1.207103 0.988979
0.894161 1.208711 0.995407
0.888668 1.210562 1.001836
0.882806 1.212455 1.008260
0.876751 1.214300 1.014677
0.870586 1.216056 1.021086
0.864350 1.217706 1.027486
0.858063 1.219239 1.033877
0.851734 1.220652 1.040257
0.845371 1.221943 1.046627
0.838978 1.223109 1.052985
0.832558 1.224149 1.059331
0.826114 1.225065 1.065663
0.819648 1.225853 1.071983
0.813163 1.226515 1.078288
0.806660 1.227050 1.084578
0.800143 1.227458 1.090853
0.793614 1.227738 1.097112
0.787075 1.227890 1.103354
0.780530 1.227914 1.109579
0.773980 1.227809 1.115786
0.767428 1.227577 1.121975
0.760877 1.227216 1.128144
0.754329 1.226726 1.134294
0.747787 1.226108 1.140424
0.741253 1.225362 1.146533
0.734731 1.224488 1.152621
0.728223 1.223485 1.158686
0.721734 1.222353 1.164729
0.715264 1.221094 1.170748
0.708815 1.219708 1.176743
0.702391 1.218196 1.182715
0.695996 1.216557 1.188661
0.689635 1.214794 1.194584
0.683308 1.212906 1.200480
0.677019 1.210893 1.206348
0.670771 1.208755 1.212189
0.664568 1.206495 1.218002
0.658412 1.204113 1.223787
0.652307 1.201609 1.229545
0.646257 1.198985 1.235274
0.640265 1.196242 1.240970
0.634330 1.193381 1.246636
0.628457 1.190403 1.252270
0.622649 1.187310 1.257872
0.620507 1.182486 1.256659
0.619689 1.177587 1.255302
0.619381 1.172668 1.253939
0.619257 1.167731 1.252566
0.619197 1.162775 1.251182
0.619160 1.157802 1.249787
0.619131 1.152812 1.248381
0.619106 1.147806 1.246964
0.619084 1.142784 1.245535
0.619064 1.137747 1.244095
0.619046 1.132694 1.242643
0.619031 1.127628 1.241179
0.619017 1.122547 1.239704
0.619005 1.117453 1.238217
0.618995 1.112347 1.236719
0.618987 1.107228 1.235208
0.618980 1.102097 1.233687
0.618975 1.096955 1.232153
0.618971 1.091802 1.230608
0.618969 1.086639 1.229051
0.618968 1.081465 1.227481
0.618967 1.076283 1.225902
0.618967 1.071091 1.224309
0.618969 1.065891 1.222705
0.618970 1.060684 1.221090
0.618970 1.057434 1.220640
0.618968 1.056144 1.221359
0.618968 1.054851 1.222071
0.618967 1.053551 1.222770
0.618967 1.050329 1.222204
0.618969 1.047108 1.221600
0.618971 1.043894 1.220963
0.618972 1.040686 1.220295
0.618974 1.037485 1.219596
0.618976 1.034292 1.218864
0.618978 1.031107 1.218103
0.618979 1.027929 1.217310
0.618981 1.024759 1.216485
0.618982 1.021599 1.215629
0.618984 1.018447 1.214742
0.618985 1.015304 1.213825
0.618986 1.012170 1.212876
0.618988 1.009047 1.211896
0.618989 1.005933 1.210886
0.618990 1.002830 1.209844
0.618991 0.999737 1.208773
0.618992 0.996656 1.207670
0.618993 0.993585 1.206537
0.618994 0.990527 1.205374
0.618996 0.987480 1.204181
0.618997 0.984445 1.202957
0.618998 0.981423 1.201704
0.618999 0.978413 1.200420
0.619000 0.975417 1.199107
0.619001 0.972434 1.197764
0.619001 0.969465 1.196392
0.619002 0.966509 1.194990
0.619003 0.963568 1.193559
0.619004 0.960642 1.192099
0.619006 0.957729 1.190609
0.619007 0.954832 1.189091
0.619009 0.951950 1.187543
0.619011 0.949084 1.185967
0.619012 0.946234 1.184364
0.619012 0.943400 1.182732
0.619012 0.940584 1.181072
0.619009 0.938182 1.184259
0.619008 0.937783 1.179383
0.619010 0.937330 1.174505
0.619011 0.939081 1.166454
0.619013 0.938481 1.161591
0.619014 0.937834 1.156736
0.619015 0.937139 1.151888
0.619016 0.936395 1.147047
0.619017 0.935603 1.142214
0.619018 0.934763 1.137389
0.619019 0.933875 1.132573
0.619020 0.932938 1.127766
0.619021 0.931954 1.122968
0.619022 0.930922 1.118181
0.619024 0.929841 1.113405
0.619025 0.928714 1.108639
0.619026 0.927538 1.103886
0.619027 0.926316 1.099144
0.619028 0.925046 1.094415
0.619024 0.925042 1.094412
0.619020 0.923511 1.097453
0.619015 0.921950 1.100478
0.619010 0.920358 1.103488
0.619005 0.918737 1.106482
0.619000 0.917086 1.109460
0.618996 0.915405 1.112421
0.618991 0.913695 1.115364
0.618986 0.911955 1.118291
0.618981 0.910186 1.121200
0.618976 0.908388 1.124091
0.618971 0.906562 1.126964
0.618967 0.904706 1.129819
0.618962 0.902823 1.132655
0.618957 0.900911 1.135472
0.618952 0.898971 1.138269
0.618948 0.897003 1.141048
0.618943 0.895007 1.143806
0.618939 0.892985 1.146544
0.618934 0.890935 1.149262
0.618929 0.888858 1.151960
0.618925 0.886754 1.154636
0.621563 0.884621 1.157292
0.624161 0.882436 1.159925
0.626714 0.880199 1.162538
0.629222 0.877913 1.165130
0.631683 0.875580 1.167703
0.634234 0.875450 1.167702
0.636783 0.875294 1.167701
0.639507 0.877403 1.170027
0.642279 0.879503 1.172326
0.645097 0.881595 1.174603
