0.620000 0.924136 1.104370
0.620001 0.924134 1.104369
0.623043 0.924118 1.104368
0.626141 0.926875 1.106036
0.629295 0.929618 1.107677
0.632505 0.932345 1.109290
0.635771 0.935053 1.110874
0.639094 0.937743 1.112429
0.642473 0.940413 1.113956
0.645908 0.943063 1.115454
0.649400 0.945690 1.116923
0.652949 0.948294 1.118363
0.656554 0.950874 1.119773
0.660216 0.953428 1.121153
0.663934 0.955954 1.122504
0.667709 0.958453 1.123825
0.671540 0.960922 1.125116
0.675427 0.963361 1.126377
0.679370 0.965769 1.127608
0.683368 0.968143 1.128809
0.687423 0.970484 1.129979
0.691532 0.972789 1.131118
0.695697 0.975058 1.132227
0.699917 0.977289 1.133305
0.704191 0.979481 1.134352
0.708519 0.981634 1.135369
0.712901 0.983746 1.136354
0.717337 0.985815 1.137308
0.721825 0.987840 1.138230
0.726366 0.989820 1.139121
0.730959 0.991755 1.139980
0.735604 0.993643 1.140809
0.740299 0.995483 1.141606
0.745045 0.997273 1.142370
0.749841 0.999013 1.143103
0.754686 1.000701 1.143804
0.759579 1.002337 1.144474
0.764521 1.003919 1.145112
0.769511 1.005447 1.145718
0.774548 1.006919 1.146292
0.779631 1.008333 1.146835
0.784760 1.009689 1.147345
0.789934 1.010986 1.147823
0.795151 1.012223 1.148268
0.800412 1.013398 1.148681
0.805714 1.014511 1.149062
0.811057 1.015560 1.149410
0.812574 1.018437 1.149728
0.813990 1.021365 1.150010
0.815402 1.024299 1.150261
0.816814 1.027236 1.150479
0.818226 1.030175 1.150664
0.819638 1.033115 1.150816
0.821049 1.036058 1.150936
0.822460 1.039002 1.151023
0.823870 1.041947 1.151078
0.825279 1.044893 1.151100
0.826686 1.047840 1.151089
0.828093 1.050787 1.151045
0.833233 1.051907 1.150957
0.838889 1.052729 1.150846
0.841029 1.055304 1.150716
0.842621 1.058153 1.150543
0.844105 1.061055 1.150336
0.845565 1.063966 1.150096
0.847017 1.066878 1.149823
0.848465 1.069789 1.149518
0.849911 1.072698 1.149180
0.851353 1.075604 1.148809
0.852793 1.078507 1.148405
0.854645 1.082211 1.144149
0.856473 1.085878 1.139850
0.858280 1.089508 1.135510
0.859704 1.092397 1.134974
0.861128 1.095281 1.134409
0.862550 1.098159 1.133811
0.863970 1.101031 1.133180
0.865388 1.103897 1.132518
0.866804 1.106757 1.131823
0.868217 1.109610 1.131096
0.869628 1.112455 1.130337
0.871038 1.115293 1.129546
0.872797 1.118830 1.124881
0.874540 1.122321 1.120171
0.876265 1.125768 1.115422
0.877972 1.129170 1.110634
0.879660 1.132528 1.105809
0.881330 1.135841 1.100946
0.882981 1.139109 1.096046
0.884613 1.142331 1.091109
0.886227 1.145507 1.086137
0.887821 1.148636 1.081129
0.889396 1.151719 1.076086
0.890953 1.154754 1.071008
0.892490 1.157742 1.065896
0.894007 1.160682 1.060750
0.895505 1.163574 1.055572
0.896983 1.166418 1.050361
0.898441 1.169213 1.045118
0.899879 1.171959 1.039843
0.901296 1.174657 1.034538
0.902692 1.177305 1.029202
0.904066 1.179903 1.023836
0.902534 1.183898 1.018427
0.899425 1.188596 1.012996
0.898547 1.192126 1.007557
0.898864 1.195003 1.002084
0.899690 1.197568 0.996580
0.900722 1.199970 0.991047
0.901827 1.202275 0.985488
0.902864 1.204096 0.986380
0.902946 1.204050 0.986370
0.903014 1.204010 0.986360
0.903075 1.203974 0.986349
0.903135 1.203938 0.986338
0.903193 1.203903 0.986327
0.902060 1.204417 0.986309
0.901761 1.204552 0.986300
0.901528 1.204657 0.986293
0.901501 1.204669 0.986292
0.901358 1.204084 0.992646
0.898375 1.204849 0.999055
0.893780 1.206296 1.005468
0.888386 1.208005 1.011878
0.882580 1.209777 1.018282
0.876551 1.211517 1.024677
0.870392 1.213179 1.031064
0.864149 1.214739 1.037441
0.857849 1.216186 1.043807
0.851503 1.217515 1.050163
0.845122 1.218722 1.056506
0.838709 1.219806 1.062837
0.832269 1.220764 1.069155
0.825805 1.221596 1.075459
0.819321 1.222302 1.081748
0.812817 1.222881 1.088022
0.806297 1.223332 1.094280
0.799765 1.223656 1.100522
0.793222 1.223851 1.106746
0.786671 1.223919 1.112954
0.780115 1.223858 1.119143
0.773556 1.223668 1.125313
0.766998 1.223349 1.131464
0.760443 1.222902 1.137595
0.753894 1.222326 1.143706
0.747354 1.221621 1.149795
0.740828 1.220787 1.155863
0.734315 1.219825 1.161908
0.727820 1.218735 1.167931
0.721345 1.217516 1.173930
0.714894 1.216171 1.179904
0.708471 1.214697 1.185854
0.702079 1.213099 1.191782
0.695721 1.211371 1.197681
0.689399 1.209519 1.203555
0.683118 1.207541 1.209401
0.676879 1.205439 1.215221
0.670686 1.203215 1.221012
0.664542 1.200869 1.226775
0.658450 1.198401 1.232509
0.652413 1.195814 1.238213
0.646433 1.193108 1.243886
0.640513 1.190284 1.249529
0.634656 1.187345 1.255140
0.628865 1.184289 1.260720
0.623141 1.181121 1.266267
0.617488 1.177840 1.271781
0.616034 1.173107 1.270241
0.615616 1.168318 1.268562
0.615517 1.163512 1.266872
0.619740 1.158707 1.265154
0.624807 1.153846 1.263435
0.625662 1.148980 1.261720
0.625782 1.144105 1.259982
0.625744 1.139216 1.258228
0.625678 1.134313 1.256461
0.625610 1.129395 1.254682
0.625542 1.124462 1.252889
0.625475 1.119516 1.251083
0.625409 1.114557 1.249265
0.625344 1.109585 1.247434
0.625281 1.104601 1.245590
0.625218 1.099606 1.243733
0.625155 1.094599 1.241863
0.625093 1.089582 1.239981
0.625032 1.084554 1.238086
0.624971 1.079517 1.236178
0.624910 1.074470 1.234258
0.624849 1.069415 1.232325
0.624788 1.064351 1.230380
0.624727 1.059280 1.228423
0.624666 1.054202 1.226453
0.624605 1.049117 1.224472
0.624544 1.044026 1.222479
0.624483 1.038929 1.220474
0.624422 1.033827 1.218457
0.624360 1.028720 1.216429
0.624298 1.023610 1.214389
0.624261 1.020442 1.213543
0.624223 1.017286 1.212671
0.624185 1.014140 1.211768
0.624147 1.011002 1.210834
0.624133 1.009810 1.211095
0.624119 1.008618 1.211347
0.624080 1.005513 1.210324
0.624042 1.002415 1.209266
0.624004 0.999329 1.208177
0.623966 0.996253 1.207058
0.623928 0.993189 1.205909
0.623890 0.990137 1.204729
0.623852 0.987097 1.203519
0.623814 0.984069 1.202279
0.623776 0.981054 1.201009
0.623738 0.978051 1.199709
0.623700 0.975062 1.198380
0.623662 0.972087 1.197021
0.623624 0.969125 1.195632
0.623587 0.966177 1.194214
0.623549 0.963244 1.192767
0.623511 0.960325 1.191291
0.623474 0.957421 1.189786
0.623436 0.954533 1.188252
0.623399 0.951660 1.186690
0.623361 0.948803 1.185099
0.623324 0.945962 1.183479
0.623287 0.943138 1.181832
0.623250 0.940330 1.180156
0.623213 0.937539 1.178453
0.623199 0.937088 1.173565
0.623186 0.936587 1.168679
0.623172 0.936037 1.163799
0.623157 0.935438 1.158925
0.623141 0.934791 1.154057
0.623126 0.934095 1.149196
0.623109 0.933350 1.144342
0.623092 0.932557 1.139496
0.623074 0.931716 1.134659
0.623056 0.930826 1.129830
0.623038 0.929889 1.125010
0.623018 0.928903 1.120200
0.622999 0.927869 1.115400
0.622978 0.926787 1.110611
0.622974 0.927272 1.102769
0.622968 0.927582 1.094947
0.622945 0.926262 1.090217
0.622921 0.924895 1.085502
0.622897 0.923481 1.080801
0.619859 0.923492 1.080798
0.616819 0.923474 1.080797
0.613780 0.923425 1.080795
0.613752 0.924834 1.085492
0.613725 0.926198 1.090204
0.613720 0.926198 1.090204
0.613715 0.926197 1.090203
0.613689 0.927511 1.094927
0.613664 0.928781 1.099665
0.613659 0.928781 1.099665
0.616742 0.928827 1.099664
0.616738 0.928825 1.099662
0.616733 0.928824 1.099660
0.616744 0.927239 1.102738
0.616755 0.925625 1.105801
0.616766 0.923980 1.108847
0.616778 0.922305 1.111877
0.616790 0.920600 1.114890
0.616802 0.918864 1.117886
0.616815 0.917099 1.120864
0.616828 0.915304 1.123825
0.616841 0.913480 1.126767
0.616855 0.911626 1.129691
0.616868 0.909743 1.132596
0.616883 0.907831 1.135482
0.616897 0.905891 1.138349
0.616912 0.903922 1.141196
0.619743 0.901941 1.144024
0.622538 0.899904 1.146831
0.625291 0.897812 1.149618
0.628001 0.895665 1.152385
0.630668 0.893464 1.155130
0.633291 0.891210 1.157854
0.635998 0.891063 1.157853
0.638879 0.893321 1.160021
0.641809 0.895570 1.162166
0.644787 0.897809 1.164287
0.647590 0.897799 1.169184
0.650642 0.899997 1.171280
0.653743 0.902181 1.173350
0.656894 0.904351 1.175394
0.660094 0.906506 1.177413
0.663344 0.908646 1.179406
