0.620000 0.929664 1.090282
0.620001 0.929662 1.090280
0.623098 0.929645 1.090279
0.626195 0.929597 1.090278
0.629291 0.929518 1.090276
0.632501 0.932244 1.091887
0.635766 0.934954 1.093470
0.639087 0.937645 1.095024
0.642466 0.940316 1.096549
0.645900 0.942966 1.098046
0.649392 0.945594 1.099512
0.652940 0.948198 1.100950
0.656544 0.950778 1.102359
0.660204 0.953333 1.103738
0.663922 0.955861 1.105088
0.667695 0.958360 1.106407
0.671525 0.960830 1.107697
0.675412 0.963270 1.108956
0.679354 0.965677 1.110185
0.683352 0.968052 1.111384
0.687405 0.970394 1.112552
0.691514 0.972700 1.113691
0.695678 0.974970 1.114798
0.699897 0.977202 1.115874
0.704170 0.979395 1.116920
0.708497 0.981547 1.117934
0.712878 0.983659 1.118917
0.717313 0.985729 1.119870
0.721800 0.987755 1.120791
0.726340 0.989737 1.121681
0.730932 0.991672 1.122539
0.735576 0.993561 1.123365
0.740270 0.995401 1.124160
0.745015 0.997192 1.124923
0.749809 0.998933 1.125655
0.754653 1.000623 1.126355
0.759547 1.002260 1.127024
0.764488 1.003843 1.127660
0.769477 1.005372 1.128265
0.774513 1.006844 1.128838
0.779595 1.008260 1.129378
0.784723 1.009617 1.129887
0.789896 1.010914 1.130363
0.795113 1.012151 1.130807
0.800372 1.013327 1.131219
0.805673 1.014441 1.131598
0.811015 1.015491 1.131944
0.816397 1.016477 1.132258
0.817972 1.019329 1.132543
0.819420 1.022244 1.132791
0.820862 1.025166 1.133007
0.822303 1.028091 1.133191
0.823744 1.031018 1.133342
0.825184 1.033946 1.133460
0.826624 1.036876 1.133546
0.828063 1.039807 1.133599
0.829500 1.042739 1.133619
0.830937 1.045672 1.133606
0.832372 1.048605 1.133561
0.833805 1.051539 1.133483
0.835237 1.054472 1.133372
0.836666 1.057404 1.133229
0.838094 1.060336 1.133053
0.839519 1.063267 1.132844
0.840942 1.066196 1.132602
0.842362 1.069124 1.132328
0.843779 1.072050 1.132021
0.845194 1.074974 1.131682
0.846607 1.077894 1.131309
0.848016 1.080812 1.130905
0.849423 1.083727 1.130468
0.851164 1.087302 1.126143
0.852881 1.090841 1.121778
0.854577 1.094341 1.117373
0.856253 1.097801 1.112930
0.857909 1.101222 1.108448
0.859545 1.104602 1.103928
0.861161 1.107941 1.099371
0.862758 1.111238 1.094777
0.864335 1.114494 1.090146
0.865716 1.117353 1.089385
0.867096 1.120205 1.088594
0.868475 1.123049 1.087772
0.869852 1.125883 1.086918
0.871229 1.128709 1.086031
0.872604 1.131525 1.085114
0.873977 1.134331 1.084164
0.875350 1.137127 1.083184
0.876722 1.139912 1.082171
0.878092 1.142686 1.081128
0.879624 1.145811 1.076150
0.881143 1.148884 1.071133
0.882647 1.151909 1.066081
0.884135 1.154885 1.060996
0.885604 1.157813 1.055877
0.887054 1.160692 1.050726
0.888486 1.163524 1.045543
0.889864 1.166186 1.044247
0.891231 1.168842 1.042928
0.892620 1.171610 1.037659
0.893998 1.174320 1.032352
0.895361 1.176979 1.027015
0.893856 1.180978 1.021635
0.893685 1.184269 1.016247
0.894313 1.187106 1.010826
0.895286 1.189715 1.005375
0.896399 1.192193 0.999894
0.897561 1.194587 0.994387
0.898732 1.196915 0.988852
0.899892 1.199186 0.983291
0.900959 1.201010 0.984147
0.901052 1.200959 0.984138
0.901124 1.200917 0.984127
0.901187 1.200880 0.984117
0.901248 1.200844 0.984106
0.901308 1.200808 0.984096
0.900190 1.201307 0.984075
0.900216 1.201294 0.984072
0.900425 1.201197 0.984067
0.900497 1.201163 0.984065
0.900407 1.200579 0.990388
0.897445 1.201364 0.996765
0.892883 1.202826 1.003144
0.887531 1.204548 1.009521
0.881996 1.207074 1.009547
0.876065 1.208796 1.015839
0.870002 1.210517 1.022200
0.863842 1.212146 1.028553
0.857616 1.213666 1.034897
0.851341 1.215070 1.041231
0.845027 1.216354 1.047553
0.838681 1.217516 1.053864
0.832305 1.218554 1.060163
0.825904 1.219468 1.066448
0.819480 1.220256 1.072721
0.813037 1.220918 1.078979
0.806576 1.221454 1.085223
0.800101 1.221864 1.091451
0.793613 1.222146 1.097663
0.787116 1.222302 1.103859
0.780611 1.222330 1.110037
0.774102 1.222230 1.116198
0.767592 1.222003 1.122341
0.761082 1.221648 1.128464
0.754576 1.221164 1.134568
0.748077 1.220553 1.140652
0.741586 1.219815 1.146716
0.735099 1.218945 1.152749
0.728620 1.217940 1.158753
0.722157 1.216801 1.164727
0.715731 1.215557 1.170708
0.709333 1.214181 1.176657
0.702962 1.212679 1.182581
0.696621 1.211051 1.188479
0.690314 1.209298 1.194352
0.684048 1.207421 1.200202
0.677822 1.205421 1.206025
0.671640 1.203297 1.211821
0.665506 1.201052 1.217590
0.659421 1.198685 1.223330
0.653388 1.196198 1.229042
0.647411 1.193593 1.234725
0.641492 1.190870 1.240377
0.635633 1.188030 1.246000
0.629838 1.185075 1.251591
0.624108 1.182006 1.257152
0.622383 1.177231 1.255727
0.621804 1.172386 1.254176
0.621603 1.167521 1.252615
0.621521 1.162638 1.251044
0.621476 1.157737 1.249460
0.621442 1.152819 1.247864
0.621413 1.147886 1.246255
0.621386 1.142937 1.244634
0.621362 1.137972 1.243000
0.621338 1.132993 1.241353
0.621317 1.127999 1.239694
0.621297 1.122992 1.238022
0.621278 1.117972 1.236337
0.621260 1.112939 1.234640
0.621243 1.107894 1.232931
0.621227 1.102838 1.231209
0.621212 1.097770 1.229475
0.621198 1.092692 1.227729
0.621185 1.087604 1.225970
0.621171 1.082506 1.224199
0.621158 1.077399 1.222416
0.621143 1.072283 1.220620
0.621128 1.067159 1.218812
0.621112 1.062027 1.216991
0.621097 1.056888 1.215159
0.621081 1.051743 1.213316
0.621066 1.046591 1.211461
0.621050 1.041434 1.209594
0.621035 1.036272 1.207716
0.621020 1.031105 1.205827
0.621017 1.026472 1.208728
0.621005 1.023296 1.207960
0.621005 1.022091 1.208326
0.621003 1.020886 1.208685
0.621001 1.019677 1.209031
0.620990 1.016533 1.208134
0.620981 1.013395 1.207203
0.620971 1.010267 1.206240
0.620962 1.007148 1.205246
0.620952 1.004040 1.204221
0.620942 1.000942 1.203166
0.620932 0.997855 1.202080
0.620922 0.994779 1.200964
0.620911 0.991715 1.199817
0.620900 0.988662 1.198640
0.620890 0.985622 1.197433
0.620878 0.982593 1.196195
0.620867 0.979578 1.194928
0.620856 0.976575 1.193631
0.620844 0.973585 1.192304
0.620833 0.970609 1.190947
0.620821 0.967647 1.189562
0.620809 0.964699 1.188146
0.620797 0.961765 1.186702
0.620785 0.958846 1.185228
0.620773 0.955942 1.183726
0.620760 0.953053 1.182194
0.620747 0.950179 1.180634
0.620735 0.947322 1.179046
0.620722 0.944480 1.177429
0.620709 0.941655 1.175784
0.620696 0.938846 1.174111
0.620682 0.938334 1.169240
0.620669 0.937772 1.164372
0.620654 0.939312 1.156330
0.620640 0.940673 1.148285
0.620627 0.939867 1.143451
0.620612 0.939014 1.138626
0.620597 0.938113 1.133810
0.620583 0.937164 1.129003
0.620568 0.936167 1.124207
0.620553 0.935122 1.119420
0.620538 0.934029 1.114645
0.620523 0.932889 1.109880
0.620508 0.931701 1.105128
0.620493 0.930466 1.100387
0.620477 0.929183 1.095659
0.620462 0.927854 1.090945
0.620458 0.927850 1.090942
0.620454 0.926353 1.094011
0.620449 0.924826 1.097065
0.620444 0.923269 1.100104
0.620440 0.921682 1.103127
0.620435 0.920064 1.106135
0.620430 0.918416 1.109125
0.620426 0.916739 1.112100
0.620421 0.915032 1.115057
0.620416 0.913295 1.117997
0.620412 0.911529 1.120920
0.620407 0.909734 1.123825
0.620403 0.907911 1.126711
0.620399 0.906058 1.129580
0.620394 0.904177 1.132429
0.620390 0.902267 1.135260
0.620386 0.900330 1.138071
0.620382 0.898364 1.140863
0.620379 0.896371 1.143635
0.620375 0.894349 1.146388
0.620371 0.892301 1.149119
0.623065 0.890208 1.151830
0.625721 0.888062 1.154520
0.628335 0.885863 1.157189
0.630904 0.883612 1.159837
0.633427 0.881310 1.162463
0.635905 0.878958 1.165067
0.638335 0.876558 1.167649
0.640896 0.876362 1.167648
0.643457 0.876139 1.167646
0.646257 0.878184 1.169956
0.649102 0.880222 1.172244
0.651993 0.882251 1.174509
0.654931 0.884270 1.176749
0.657915 0.886278 1.178966
0.660945 0.888275 1.181159
0.664023 0.890259 1.183327
0.667149 0.892230 1.185471
0.670322 0.894185 1.187590
0.673542 0.896125 1.189684
0.676811 0.898048 1.191752
0.680127 0.899953 1.193796
0.683492 0.901839 1.195813
0.686905 0.903705 1.197805
0.690366 0.905550 1.199771
0.693875 0.907373 1.201710
0.697433 0.909172 1.203623
0.701039 0.910947 1.205509
0.704694 0.912697 1.207369
0.708397 0.914420 1.209202
0.712148 0.916115 1.211007
0.715947 0.917782 1.212785
0.719794 0.919418 1.214536
0.723687 0.921024 1.216258
0.727629 0.922597 1.217952
0.731617 0.924137 1.219618
0.735652 0.925643 1.221255
0.739735 0.927114 1.222864
0.743864 0.928548 1.224445
0.748039 0.929944 1.225996
0.752261 0.931302 1.227519
0.756529 0.932620 1.229013
0.760841 0.933896 1.230477
0.765199 0.935131 1.231912
0.769602 0.936322 1.233317
0.774048 0.937469 1.234692
0.778498 0.938514 1.231151
0.783033 0.939564 1.232460
0.787607 0.940568 1.233740
0.792160 0.941429 1.230110
0.796730 0.942192 1.226443
0.801314 0.942864 1.222747
0.805911 0.943443 1.219024
0.810518 0.943931 1.215273
0.815135 0.944327 1.211496
0.819978 0.944974 1.212558
0.824864 0.945573 1.213601
0.829786 0.946114 1.214611
0.834746 0.946597 1.215591
0.839740 0.947021 1.216538
0.844771 0.947385 1.217454
0.849834 0.947689 1.218340
0.854930 0.947931 1.219194
0.860058 0.948110 1.220013
0.865220 0.948225 1.220802
0.870155 0.947957 1.216694
0.871822 0.950094 1.212546
0.876722 0.949686 1.208371
0.881620 0.949165 1.204165
0.886508 0.948541 1.199932
0.888148 0.950477 1.195680
0.889717 0.952418 1.191400
0.891257 0.954325 1.187096
0.892769 0.956198 1.182768
