0.620000 0.925896 1.100531
0.616942 0.925879 1.100530
0.613884 0.925832 1.100529
0.610827 0.925754 1.100527
0.607771 0.925645 1.100526
0.604716 0.925506 1.100524
0.601663 0.925336 1.100523
0.598502 0.926692 1.097455
0.595315 0.927984 1.094372
0.592103 0.929212 1.091273
0.588866 0.930376 1.088160
0.585449 0.932910 1.089699
0.581976 0.935421 1.091209
0.578448 0.937909 1.092690
0.574864 0.940372 1.094142
0.571225 0.942808 1.095564
0.567530 0.945217 1.096956
0.563780 0.947599 1.098320
0.559974 0.949952 1.099654
0.556113 0.952273 1.100958
0.552198 0.954563 1.102232
0.548227 0.956819 1.103476
0.544203 0.959041 1.104689
0.540124 0.961228 1.105872
0.535991 0.963378 1.107024
0.531804 0.965490 1.108146
0.527563 0.967564 1.109237
0.523270 0.969597 1.110297
0.518924 0.971589 1.111327
0.514525 0.973539 1.112325
0.510075 0.975444 1.113292
0.505574 0.977304 1.114227
0.501020 0.979119 1.115132
0.496417 0.980887 1.116005
0.491763 0.982606 1.116847
0.491761 0.982606 1.116847
0.490706 0.985585 1.117656
0.489649 0.988573 1.118435
0.488589 0.991568 1.119181
0.487526 0.994570 1.119895
0.486461 0.997578 1.120578
0.485393 1.000593 1.121229
0.484322 1.003614 1.121847
0.483249 1.006640 1.122434
0.482174 1.009673 1.122990
0.481578 1.011349 1.118847
0.480277 1.015021 1.115468
0.478986 1.018661 1.112050
0.477707 1.022268 1.108594
0.476439 1.025843 1.105100
0.475182 1.029384 1.101567
0.473937 1.032892 1.097998
0.472703 1.036366 1.094391
0.471480 1.039805 1.090748
0.470268 1.043209 1.087068
0.469068 1.046578 1.083353
0.467879 1.049912 1.079601
0.466701 1.053209 1.075815
0.465594 1.056280 1.075916
0.464492 1.059354 1.075984
0.463389 1.062427 1.076020
0.462228 1.065692 1.072101
0.461070 1.068916 1.068147
0.459924 1.072102 1.064159
0.458788 1.075249 1.060137
0.457665 1.078358 1.056082
0.456554 1.081428 1.051994
0.455455 1.084458 1.047874
0.454368 1.087449 1.043722
0.453294 1.090400 1.039538
0.452233 1.093311 1.035322
0.451184 1.096182 1.031076
0.450149 1.099012 1.026800
0.449127 1.101802 1.022493
0.448119 1.104550 1.018158
0.447124 1.107258 1.013793
0.446145 1.109923 1.009399
0.445179 1.112548 1.004977
0.444054 1.115563 1.004427
0.442941 1.118578 1.003845
0.441835 1.121589 1.003231
0.440734 1.124595 1.002585
0.439638 1.127595 1.001907
0.438545 1.130590 1.001196
0.437457 1.133578 1.000454
0.439217 1.137555 0.999668
0.442256 1.141949 0.998857
0.445924 1.146508 0.998018
0.447139 1.150223 0.997157
0.447215 1.153550 0.996259
0.446755 1.156690 0.995329
0.448789 1.160615 0.994362
0.452089 1.164905 0.993367
0.453294 1.168515 0.992342
0.453435 1.171786 0.991285
0.453061 1.174888 0.990196
0.452440 1.177904 0.989077
0.451701 1.180874 0.987928
0.450910 1.183815 0.986748
0.452908 1.187579 0.985548
0.456415 1.191745 0.984313
0.460691 1.196075 0.983046
0.462472 1.199659 0.981729
0.463569 1.200322 0.975713
0.464067 1.200759 0.969694
0.464296 1.201062 0.963674
0.464413 1.201272 0.957652
0.464487 1.201410 0.951630
0.464562 1.201485 0.945607
0.464072 1.203625 0.940233
0.463668 1.205782 0.940896
0.463682 1.205736 0.934835
0.463752 1.205635 0.928769
0.460613 1.204583 0.922676
0.455946 1.203035 0.916603
0.454007 1.202198 0.910569
0.453375 1.202019 0.910570
0.453180 1.201962 0.910569
0.453149 1.201951 0.910566
0.453180 1.201957 0.910562
0.453235 1.201969 0.910558
0.453298 1.201984 0.910554
0.453364 1.201999 0.910550
0.453432 1.202015 0.910546
0.453500 1.202031 0.910541
0.453568 1.202047 0.910537
0.453636 1.202063 0.910533
0.453704 1.202079 0.910529
0.453772 1.202095 0.910525
0.453840 1.202110 0.910520
0.453908 1.202126 0.910516
0.453976 1.202142 0.910512
0.454044 1.202158 0.910508
0.454111 1.202173 0.910503
0.454179 1.202189 0.910499
0.454246 1.202205 0.910495
0.454314 1.202220 0.910491
0.454381 1.202236 0.910486
0.454448 1.202252 0.910482
0.454515 1.202267 0.910478
0.454582 1.202283 0.910474
0.454649 1.202298 0.910470
0.454716 1.202313 0.910465
0.454783 1.202329 0.910461
0.454849 1.202344 0.910457
0.454916 1.202359 0.910453
0.454982 1.202375 0.910448
0.455049 1.202390 0.910444
0.455115 1.202405 0.910440
0.455181 1.202420 0.910436
0.455239 1.202433 0.910432
0.455302 1.202447 0.910427
0.455367 1.202462 0.910423
0.455183 1.202287 0.910404
0.454916 1.202096 0.910403
0.454850 1.202094 0.910458
0.454806 1.202099 0.910511
0.454765 1.202106 0.910564
0.454727 1.202115 0.910617
0.454729 1.202132 0.910640
0.454735 1.202151 0.910663
0.454809 1.202429 0.916672
0.454864 1.202666 0.922709
0.454917 1.202840 0.928747
0.454910 1.202845 0.928755
0.455025 1.202949 0.934769
0.455120 1.203010 0.940808
0.456561 1.198140 0.941664
0.458012 1.193216 0.942476
0.459477 1.188275 0.943282
0.460950 1.183316 0.944083
0.462428 1.178339 0.944877
0.463907 1.173343 0.945665
0.467951 1.169070 0.946464
0.473431 1.165140 0.947247
0.477090 1.160652 0.948005
0.478321 1.160856 0.953565
0.478993 1.160879 0.959145
0.479391 1.160774 0.964724
0.479652 1.160578 0.970301
0.479849 1.160307 0.975875
0.480017 1.159971 0.981446
0.480175 1.159576 0.987013
0.480332 1.159123 0.992575
0.480493 1.158613 0.998131
0.480662 1.158048 1.003682
0.480838 1.157428 1.009227
0.481023 1.156753 1.014765
0.481217 1.156023 1.020295
0.482016 1.152973 1.021136
0.482812 1.149899 1.021929
0.483603 1.146817 1.022691
0.484924 1.141629 1.022674
0.488898 1.137105 1.022628
0.494149 1.132866 1.022580
0.499413 1.131026 1.027125
0.504956 1.129169 1.031654
0.510608 1.127241 1.036153
0.516285 1.125220 1.040621
0.521946 1.123099 1.045059
0.527989 1.118732 1.044859
0.533933 1.114275 1.044639
0.539776 1.109738 1.044410
0.545517 1.105124 1.044171
0.551155 1.100435 1.043923
0.556692 1.095673 1.043664
0.562124 1.090840 1.043395
0.567453 1.085939 1.043117
0.569273 1.080607 1.042843
0.570170 1.075167 1.042548
0.570821 1.069693 1.042241
0.574927 1.064579 1.041910
0.579676 1.059490 1.041580
0.584481 1.054359 1.041241
0.585608 1.048899 1.040903
0.585765 1.047903 1.045199
0.585851 1.046861 1.049486
0.585925 1.045776 1.053763
0.585819 1.046887 1.058492
0.585723 1.047942 1.063278
0.585813 1.046720 1.067565
0.585900 1.045454 1.071839
0.585994 1.044146 1.076100
0.586092 1.042795 1.080347
0.586194 1.041402 1.084581
0.586300 1.039968 1.088801
0.586555 1.036732 1.088439
0.586805 1.033499 1.088042
0.587055 1.030269 1.087613
0.591277 1.027345 1.087151
0.591579 1.024128 1.086659
0.591674 1.022672 1.090701
0.591774 1.021177 1.094730
0.591876 1.019642 1.098744
0.591982 1.018066 1.102742
0.596120 1.015131 1.102089
0.600226 1.012159 1.101403
0.604271 1.009153 1.100685
0.608253 1.006112 1.099936
0.612173 1.003039 1.099155
0.616030 0.999934 1.098342
0.619824 0.996799 1.097497
0.623555 0.993636 1.096622
0.623523 0.990498 1.095715
0.623487 0.987369 1.094776
0.623450 0.984250 1.093806
0.623414 0.981141 1.092806
0.623377 0.978042 1.091774
0.623341 0.974954 1.090711
0.623305 0.971876 1.089617
0.623269 0.968810 1.088493
0.623233 0.965755 1.087338
0.623197 0.962711 1.086152
0.623161 0.959680 1.084937
0.623125 0.956661 1.083691
0.623089 0.953655 1.082414
0.623054 0.950661 1.081108
0.623018 0.947681 1.079772
0.622983 0.944714 1.078406
0.622947 0.941761 1.077011
0.622911 0.938822 1.075586
0.622876 0.935898 1.074132
0.622858 0.934570 1.077284
0.622839 0.933211 1.080423
0.622820 0.931821 1.083548
0.622801 0.930400 1.086660
0.622781 0.928947 1.089757
0.622762 0.927464 1.092839
0.622742 0.925950 1.095906
0.622737 0.925949 1.095906
0.622732 0.925949 1.095906
0.622727 0.925949 1.095907
0.622722 0.925949 1.095907
0.622717 0.925948 1.095907
0.622712 0.925948 1.095907
0.622707 0.925948 1.095907
0.622702 0.925947 1.095907
0.622696 0.925947 1.095907
0.622691 0.925947 1.095907
0.622686 0.925947 1.095907
0.622681 0.925946 1.095907
0.622676 0.925946 1.095907
0.622670 0.925946 1.095907
0.622665 0.925945 1.095906
0.622660 0.925945 1.095906
0.622654 0.925945 1.095906
0.622649 0.925945 1.095906
0.622643 0.925944 1.095906
0.622638 0.925944 1.095906
0.622633 0.925944 1.095906
0.622627 0.925943 1.095905
0.622622 0.925943 1.095905
0.622616 0.925943 1.095905
0.622611 0.925943 1.095905
0.622605 0.925942 1.095904
0.622600 0.925942 1.095904
0.622594 0.925942 1.095904
0.622588 0.925942 1.095903
0.622583 0.925941 1.095903
0.622577 0.925941 1.095903
0.622571 0.925941 1.095902
0.622566 0.925940 1.095902
0.622560 0.925940 1.095901
0.622554 0.925940 1.095901
0.622549 0.925940 1.095900
0.622543 0.925939 1.095900
0.622537 0.925939 1.095900
0.622531 0.925939 1.095899
0.622525 0.925938 1.095898
0.622520 0.925938 1.095898
0.622514 0.925938 1.095897
0.622508 0.925938 1.095897
0.622502 0.925937 1.095896
0.622496 0.925937 1.095896
0.622490 0.925937 1.095895
0.622484 0.925936 1.095894
0.622479 0.925936 1.095894
0.619414 0.928761 1.097548
0.616294 0.931570 1.099175
0.613116 0.934365 1.100773
0.609882 0.937142 1.102343
0.606591 0.939901 1.103883
0.603243 0.942642 1.105395
0.603073 0.945993 1.111053
0.599616 0.949081 1.116786
0.596118 0.951763 1.118269
0.592563 0.954421 1.119723
0.588951 0.957056 1.121147
0.585282 0.959666 1.122542
0.581557 0.962249 1.123907
0.577774 0.964805 1.125243
0.573935 0.967332 1.126548
0.570039 0.969830 1.127824
0.566087 0.972296 1.129069
0.562079 0.974731 1.130285
0.558014 0.977132 1.131469
0.553894 0.979498 1.132624
0.549718 0.981828 1.133747
0.545486 0.984122 1.134840
