0.637879 0.930206 1.090681
0.641069 0.931468 1.087565
0.644284 0.932667 1.084435
0.647522 0.933800 1.081291
0.650782 0.934869 1.078132
0.654063 0.935873 1.074961
0.657627 0.938972 1.072500
0.661253 0.942007 1.070004
0.664941 0.944976 1.067474
0.668689 0.947878 1.064910
0.672180 0.948911 1.057676
0.675674 0.949758 1.050420
0.679164 0.950419 1.043147
0.682646 0.950894 1.035858
0.686113 0.951183 1.028557
0.689563 0.951288 1.021247
0.692989 0.951209 1.013931
0.693075 0.951695 1.006614
0.693128 0.952031 0.999295
0.693149 0.952219 0.991980
0.693137 0.952260 0.984671
0.693094 0.952153 0.977372
0.693019 0.951898 0.970085
0.693565 0.954345 0.967120
0.694105 0.956762 0.964131
0.694639 0.959150 0.961116
0.695167 0.961509 0.958077
0.695688 0.963838 0.955015
0.696181 0.966032 0.955472
0.696673 0.968222 0.955952
0.697164 0.970407 0.956454
0.697653 0.972587 0.956978
0.698142 0.974761 0.957525
0.698658 0.977060 0.954439
0.699167 0.979329 0.951329
0.699670 0.981567 0.948196
0.700166 0.983774 0.945040
0.700655 0.985951 0.941862
0.701139 0.988096 0.938662
0.701615 0.990210 0.935440
0.702085 0.992292 0.932196
0.701800 0.991034 0.924633
0.701479 0.989629 0.917108
0.701911 0.991543 0.913826
0.702338 0.993424 0.910525
0.702757 0.995273 0.907205
0.703169 0.997089 0.903867
0.703574 0.998873 0.900509
0.703972 1.000624 0.897134
0.704361 1.002341 0.893741
0.701022 1.004832 0.890334
0.701245 1.006511 0.886902
0.701588 1.008134 0.883458
0.702051 1.010320 0.883982
0.702513 1.012501 0.884529
0.702974 1.014676 0.885098
0.703434 1.016845 0.885689
0.703778 1.018433 0.882229
0.703769 1.018434 0.882228
0.703760 1.018436 0.882228
0.703751 1.018437 0.882228
0.703742 1.018439 0.882228
0.703734 1.018441 0.882227
0.703386 1.018467 0.882191
0.703017 1.018495 0.882175
0.703084 1.018498 0.882184
0.703157 1.018498 0.882194
0.703226 1.018498 0.882202
0.703224 1.018506 0.882209
0.703220 1.018514 0.882216
0.703318 1.019092 0.886288
0.699681 1.020398 0.890375
0.695767 1.021671 0.894459
0.691811 1.022868 0.898548
0.687832 1.023986 0.902641
0.684048 1.026429 0.910398
0.680212 1.028686 0.918202
0.676319 1.030756 0.926048
0.672372 1.032637 0.933933
0.668376 1.034327 0.941854
0.664337 1.035824 0.949809
0.660258 1.037127 0.957794
0.656146 1.038235 0.965806
0.652004 1.039145 0.973842
0.647839 1.039857 0.981899
0.643655 1.040370 0.989974
0.639458 1.040683 0.998064
0.635251 1.040796 1.006165
0.631042 1.040707 1.014275
0.626834 1.040418 1.022390
0.626808 1.039879 1.030506
0.626805 1.039181 1.038622
0.626743 1.036179 1.041727
0.626680 1.033146 1.044802
0.626617 1.030082 1.047846
0.626554 1.026989 1.050860
0.626434 1.021827 1.048855
0.626370 1.018713 1.051806
0.626250 1.013561 1.049758
0.626187 1.010427 1.052647
0.626123 1.007265 1.055505
0.626060 1.004074 1.058330
0.625996 1.000856 1.061124
0.625933 0.997610 1.063886
0.625869 0.994336 1.066615
0.625804 0.991035 1.069311
0.625740 0.987708 1.071974
0.625675 0.984354 1.074604
0.625611 0.980974 1.077200
0.625546 0.977568 1.079762
0.625481 0.974136 1.082290
0.625429 0.972080 1.081269
0.625364 0.968624 1.083762
0.625299 0.965142 1.086221
0.625234 0.961637 1.088645
0.625168 0.958107 1.091034
0.625103 0.954554 1.093387
0.625037 0.950977 1.095705
0.624971 0.947378 1.097987
0.624906 0.943755 1.100232
0.624840 0.940111 1.102442
0.624774 0.936444 1.104615
0.624724 0.934378 1.103615
0.624674 0.932302 1.102636
0.624623 0.930216 1.101677
0.624574 0.928121 1.100740
0.624524 0.926016 1.099823
0.624474 0.923903 1.098928
0.624468 0.923903 1.098927
0.621422 0.925476 1.095880
0.618368 0.928304 1.097510
0.615257 0.931117 1.099113
0.612089 0.933914 1.100687
0.608864 0.936695 1.102233
0.605581 0.939457 1.103749
0.602241 0.942200 1.105237
0.598843 0.944922 1.106695
0.595388 0.947623 1.108124
0.591875 0.950301 1.109524
0.588305 0.952955 1.110894
0.584676 0.955584 1.112235
0.581197 0.956476 1.116941
0.577473 0.959040 1.118252
0.573691 0.961576 1.119532
0.570121 0.962307 1.124251
0.566539 0.962954 1.128981
0.562627 0.965379 1.130232
0.558659 0.967772 1.131452
0.554634 0.970132 1.132642
0.550554 0.972457 1.133801
0.546418 0.974747 1.134930
0.542227 0.976999 1.136028
0.537980 0.979214 1.137095
0.533679 0.981389 1.138131
0.529323 0.983523 1.139137
0.524913 0.985616 1.140111
0.520450 0.987665 1.141053
0.515933 0.989671 1.141965
0.511364 0.991631 1.142845
0.506742 0.993544 1.143693
0.502068 0.995410 1.144510
0.497343 0.997227 1.145296
0.492567 0.998993 1.146049
0.487741 1.000709 1.146771
0.482865 1.002372 1.147460
0.477940 1.003981 1.148118
0.472967 1.005536 1.148743
0.467946 1.007035 1.149337
0.462878 1.008477 1.149898
0.457763 1.009860 1.150427
0.452603 1.011185 1.150923
0.447397 1.012449 1.151388
0.442148 1.013652 1.151819
0.436855 1.014792 1.152218
0.431520 1.015868 1.152585
0.426143 1.016880 1.152919
0.420725 1.017827 1.153221
0.415267 1.018706 1.153489
0.409771 1.019518 1.153725
0.404236 1.020262 1.153929
0.399225 1.019905 1.149371
0.393623 1.020509 1.149506
0.387990 1.021046 1.149611
0.382324 1.021511 1.149683
0.376625 1.021903 1.149723
0.370895 1.022221 1.149729
0.365133 1.022463 1.149703
0.359342 1.022630 1.149644
0.353523 1.022721 1.149552
0.347677 1.022734 1.149427
0.341806 1.022668 1.149269
0.335909 1.022525 1.149078
0.329990 1.022301 1.148854
0.324049 1.021998 1.148598
0.318087 1.021614 1.148308
0.312106 1.021148 1.147986
0.306863 1.019644 1.142919
0.301649 1.018030 1.137825
0.295635 1.017325 1.137397
0.289609 1.016545 1.136944
0.283573 1.015682 1.136459
0.278390 1.013746 1.131256
0.273247 1.011701 1.126026
0.268148 1.009556 1.120777
0.263094 1.007310 1.115511
0.257061 1.006057 1.114856
0.251024 1.004725 1.114177
0.246034 1.002239 1.108838
0.241101 0.999651 1.103474
0.236223 0.996967 1.098093
0.231402 0.994188 1.092697
0.226640 0.991316 1.087287
0.221940 0.988353 1.081861
0.215993 0.986495 1.080951
0.211800 0.986509 1.080002
0.208504 0.987498 1.079029
0.205677 0.988994 1.078029
0.204413 0.989564 1.072474
0.203329 0.990241 1.066895
0.202359 0.990962 1.061304
0.201469 0.991689 1.055702
0.200643 0.992403 1.050089
0.199871 0.993094 1.044466
0.199943 0.993168 1.044458
0.199984 0.993212 1.044454
0.200012 0.993241 1.044451
0.200034 0.993262 1.044447
0.200888 0.992648 1.050053
0.203593 0.994024 1.055653
0.207331 0.996429 1.061240
0.211599 0.999277 1.066816
0.216157 1.002285 1.072379
0.222153 1.004066 1.073395
0.228210 1.005816 1.074378
0.232747 1.009075 1.075961
0.237330 1.012280 1.077536
0.241953 1.015425 1.079101
0.248096 1.016900 1.079959
0.254238 1.018287 1.080786
0.261831 1.017946 1.080905
0.269390 1.017481 1.081014
0.275476 1.018570 1.081746
0.281550 1.019568 1.082446
0.287610 1.020477 1.083114
0.293654 1.021297 1.083751
0.299683 1.022030 1.084355
0.305695 1.022676 1.084928
0.311689 1.023236 1.085469
0.317663 1.023711 1.085977
0.323617 1.024102 1.086453
0.329549 1.024409 1.086897
0.335458 1.024634 1.087308
0.341343 1.024777 1.087687
0.347205 1.024839 1.088033
0.353042 1.024820 1.088346
0.358851 1.024723 1.088627
0.364631 1.024548 1.088875
0.370382 1.024296 1.089092
0.376103 1.023969 1.089276
0.381793 1.023566 1.089428
0.387452 1.023089 1.089547
0.393077 1.022539 1.089633
0.398668 1.021917 1.089687
0.404225 1.021223 1.089708
0.409746 1.020458 1.089697
0.415231 1.019624 1.089653
0.420678 1.018722 1.089576
0.426086 1.017752 1.089466
0.431455 1.016715 1.089324
0.436783 1.015613 1.089150
0.442071 1.014446 1.088943
0.447316 1.013216 1.088703
0.452518 1.011923 1.088431
0.457676 1.010568 1.088126
0.462790 1.009153 1.087788
0.467858 1.007678 1.087419
0.472879 1.006144 1.087016
0.477854 1.004553 1.086581
0.482781 1.002906 1.086114
0.487660 1.001204 1.085614
0.492490 0.999447 1.085082
0.497271 0.997637 1.084516
0.502001 0.995775 1.083919
0.506681 0.993863 1.083290
0.511309 0.991902 1.082629
0.515886 0.989893 1.081936
0.520410 0.987835 1.081211
0.524881 0.985732 1.080454
0.529299 0.983585 1.079666
0.533663 0.981394 1.078846
0.537973 0.979161 1.077994
0.542228 0.976887 1.077111
0.546428 0.974573 1.076197
0.550573 0.972219 1.075251
0.554661 0.969828 1.074273
0.558694 0.967400 1.073265
0.562671 0.964938 1.072226
0.566590 0.962441 1.071156
0.570453 0.959912 1.070056
0.574259 0.957352 1.068924
0.578007 0.954761 1.067763
0.581699 0.952140 1.066570
0.585333 0.949491 1.065347
0.588909 0.946815 1.064094
0.592428 0.944114 1.062811
0.595889 0.941389 1.061498
0.599292 0.938640 1.060155
0.599480 0.935680 1.058783
0.602638 0.935867 1.058781
0.605799 0.936024 1.058780
0.608984 0.934974 1.061936
0.612092 0.935546 1.069673
0.615211 0.935918 1.077447
0.618358 0.934588 1.080598
0.618359 0.934586 1.080596
0.618346 0.933193 1.083734
0.618333 0.931768 1.086857
0.618319 0.930312 1.089966
0.618305 0.928825 1.093060
0.618291 0.927308 1.096139
0.618277 0.925759 1.099202
0.618262 0.924180 1.102250
0.618247 0.922571 1.105282
0.618247 0.922570 1.105281
0.618248 0.922568 1.105280
0.618265 0.924174 1.102245
0.618266 0.924172 1.102244
0.618282 0.925748 1.099193
0.618298 0.927293 1.096127
