0.620000 0.926011 1.103640
0.620001 0.926009 1.103638
0.616942 0.925992 1.103637
0.613883 0.925944 1.103635
0.610777 0.927457 1.100566
0.607590 0.930186 1.102175
0.604347 0.932898 1.103756
0.601048 0.935592 1.105308
0.597692 0.938265 1.106830
0.594280 0.940918 1.108324
0.590811 0.943549 1.109789
0.587285 0.946157 1.111225
0.583703 0.948742 1.112631
0.580064 0.951300 1.114008
0.576368 0.953832 1.115355
0.572616 0.956335 1.116672
0.568808 0.958810 1.117959
0.564944 0.961254 1.119216
0.561024 0.963667 1.120443
0.557048 0.966048 1.121640
0.553015 0.968394 1.122806
0.548928 0.970706 1.123942
0.544785 0.972981 1.125047
0.540588 0.975219 1.126120
0.536336 0.977418 1.127163
0.532030 0.979577 1.128175
0.527669 0.981696 1.129157
0.523255 0.983772 1.130107
0.518787 0.985805 1.131025
0.514267 0.987793 1.131912
0.509695 0.989736 1.132768
0.505071 0.991631 1.133592
0.500395 0.993479 1.134384
0.499423 0.996502 1.135147
0.498452 0.999531 1.135876
0.497479 1.002568 1.136573
0.496503 1.005610 1.137238
0.495526 1.008659 1.137870
0.494546 1.011714 1.138472
0.493563 1.014774 1.139041
0.492579 1.017839 1.139577
0.491593 1.020910 1.140083
0.490605 1.023986 1.140556
0.489615 1.027067 1.140997
0.488624 1.030151 1.141406
0.487632 1.033240 1.141782
0.486638 1.036332 1.142126
0.485643 1.039426 1.142438
0.484646 1.042524 1.142717
0.483648 1.045623 1.142963
0.478565 1.047396 1.143180
0.477321 1.050418 1.143357
0.476272 1.053507 1.143506
0.475235 1.056602 1.143621
0.474198 1.059697 1.143704
0.473160 1.062793 1.143755
0.472121 1.065889 1.143772
0.471080 1.068985 1.143757
0.470038 1.072079 1.143709
0.469406 1.073959 1.138936
0.468108 1.077819 1.134979
0.467495 1.079612 1.130145
0.466895 1.081359 1.125292
0.466308 1.083059 1.120421
0.465736 1.084712 1.115532
0.464494 1.088377 1.111376
0.463264 1.092002 1.107182
0.462046 1.095586 1.102950
0.460840 1.099130 1.098680
0.459647 1.102633 1.094373
0.458467 1.106094 1.090029
0.457300 1.109514 1.085649
0.456146 1.112891 1.081233
0.455006 1.116227 1.076781
0.453881 1.119520 1.072294
0.452832 1.122553 1.071692
0.451791 1.125583 1.071060
0.450754 1.128608 1.070395
0.449721 1.131626 1.069699
0.448693 1.134639 1.068970
0.447669 1.137645 1.068210
0.446650 1.140644 1.067417
0.445636 1.143637 1.066593
0.444628 1.146623 1.065737
0.443625 1.149601 1.064850
0.442629 1.152571 1.063930
0.441559 1.155746 1.059061
0.440514 1.158876 1.054156
0.439490 1.161962 1.049218
0.441205 1.165901 1.044248
0.444358 1.170233 1.039248
0.445527 1.173855 1.034210
0.445656 1.177090 1.029144
0.445284 1.180116 1.024047
0.444677 1.183014 1.018922
0.443966 1.185826 1.013767
0.443215 1.188571 1.008584
0.442454 1.191259 1.003372
0.441698 1.193894 0.998133
0.440955 1.196478 0.992866
0.440228 1.199011 0.987573
0.439519 1.201494 0.982253
0.438827 1.203926 0.976908
0.438795 1.204236 0.970788
0.438784 1.204488 0.964664
0.438793 1.204682 0.958538
0.438823 1.204818 0.952411
0.438873 1.204896 0.946283
0.438942 1.204915 0.940155
0.439030 1.204877 0.934026
0.439137 1.204779 0.927899
0.439263 1.204624 0.921774
0.439408 1.204410 0.915650
0.439568 1.204449 0.915638
0.439671 1.204476 0.915632
0.439763 1.204500 0.915626
0.439842 1.204520 0.915620
0.439917 1.204538 0.915615
0.439991 1.204556 0.915609
0.440063 1.204574 0.915603
0.440136 1.204592 0.915598
0.440208 1.204610 0.915592
0.440280 1.204627 0.915587
0.440352 1.204645 0.915581
0.440424 1.204662 0.915576
0.440488 1.204678 0.915571
0.440557 1.204694 0.915565
0.440628 1.204712 0.915560
0.440699 1.204729 0.915554
0.440770 1.204746 0.915549
0.440478 1.204491 0.915512
0.440098 1.204246 0.915511
0.439718 1.204008 0.915516
0.439608 1.203986 0.915574
0.439528 1.203974 0.915631
0.439452 1.203965 0.915687
0.439379 1.203959 0.915744
0.439307 1.203955 0.915800
0.439287 1.203971 0.915833
0.439273 1.203990 0.915864
0.439363 1.204214 0.921927
0.439435 1.204401 0.928021
0.439506 1.204523 0.934116
0.442583 1.205541 0.940249
0.447275 1.206932 0.946361
0.452700 1.208418 0.952464
0.458473 1.209879 0.958560
0.465053 1.208661 0.960091
0.472218 1.205234 0.960892
0.479367 1.201709 0.961676
0.486463 1.198087 0.962454
0.493489 1.194365 0.963226
0.500294 1.190719 0.958184
0.507189 1.186797 0.958978
0.513978 1.182790 0.959784
0.518079 1.178195 0.960567
0.520623 1.173299 0.961355
0.522387 1.168250 0.962140
0.523758 1.163116 0.962920
0.524929 1.157933 0.963693
0.525998 1.152716 0.964461
0.527012 1.147476 0.965221
0.527999 1.142216 0.965973
0.528969 1.136940 0.966719
0.529930 1.131649 0.967457
0.530885 1.126345 0.968187
0.531837 1.121027 0.968909
0.532785 1.115697 0.969623
0.533731 1.110355 0.970329
0.534676 1.105002 0.971027
0.535618 1.099639 0.971717
0.536558 1.094266 0.972398
0.537497 1.088883 0.973071
0.540889 1.083921 0.973725
0.545415 1.079120 0.974375
0.550416 1.074354 0.975020
0.555577 1.069564 0.975657
0.558178 1.064373 0.976298
0.559692 1.059023 0.976924
0.563061 1.056228 0.977478
0.566901 1.056339 0.981870
0.571098 1.056415 0.986262
0.575359 1.056872 0.986262
0.576929 1.056569 0.990663
0.577508 1.056123 0.995052
0.577729 1.055598 0.999433
0.577827 1.055017 1.003807
0.577886 1.054389 1.008174
0.577937 1.053716 1.012535
0.577987 1.052999 1.016889
0.577814 1.054512 1.021441
0.577652 1.055977 1.026053
0.577496 1.057390 1.030726
0.577347 1.058751 1.035458
0.577209 1.060057 1.040249
0.577293 1.059065 1.044665
0.577378 1.058027 1.049070
0.577687 1.054776 1.049084
0.577985 1.051523 1.049064
0.578280 1.048269 1.049010
0.578579 1.045017 1.048925
0.578879 1.041765 1.048806
0.579180 1.038516 1.048655
0.579482 1.035268 1.048472
0.579784 1.032022 1.048256
0.580087 1.028779 1.048007
0.580390 1.025538 1.047726
0.580693 1.022301 1.047413
0.580997 1.019066 1.047067
0.581301 1.015836 1.046688
0.581605 1.012609 1.046278
0.581908 1.009387 1.045834
0.582212 1.006170 1.045359
0.582515 1.002957 1.044851
0.582818 0.999750 1.044311
0.583121 0.996548 1.043739
0.583422 0.993352 1.043135
0.583723 0.990162 1.042498
0.584024 0.986979 1.041830
0.584324 0.983802 1.041129
0.584623 0.980633 1.040397
0.584922 0.977471 1.039633
0.585219 0.974317 1.038838
0.585516 0.971171 1.038011
0.585812 0.968033 1.037152
0.586107 0.964905 1.036262
0.586401 0.961785 1.035340
0.586695 0.958674 1.034387
0.586987 0.955573 1.033403
0.587278 0.952482 1.032388
0.590862 0.949709 1.031341
0.591121 0.946637 1.030265
0.591379 0.943575 1.029157
0.591452 0.942699 1.032401
0.591529 0.941792 1.035636
0.594818 0.941120 1.038862
0.597967 0.942385 1.046544
0.601148 0.943452 1.054276
0.604366 0.944304 1.062046
0.604348 0.944835 1.069867
0.604407 0.943551 1.073113
0.604467 0.942235 1.076345
0.604529 0.940887 1.079564
0.607788 0.939643 1.082770
0.611022 0.938335 1.085961
0.614229 0.936962 1.089139
0.617408 0.935526 1.092302
0.620558 0.934026 1.095450
0.623677 0.932463 1.098583
0.623656 0.930891 1.101700
0.623635 0.929287 1.104801
0.623613 0.927653 1.107886
0.623591 0.925987 1.110955
0.623586 0.925986 1.110955
0.623556 0.924859 1.106191
0.623541 0.925253 1.098393
0.623524 0.925475 1.090617
0.623491 0.924110 1.085915
0.623499 0.925523 1.082867
0.623494 0.925522 1.082867
0.623516 0.926930 1.087556
0.623538 0.928292 1.092258
0.623559 0.929607 1.096974
0.623553 0.929606 1.096974
0.623548 0.929604 1.096974
0.623542 0.929603 1.096974
0.623537 0.929602 1.096975
0.623531 0.929600 1.096975
0.623525 0.929599 1.096975
0.623519 0.929598 1.096975
0.623514 0.929596 1.096975
0.623508 0.929595 1.096975
0.623502 0.929594 1.096975
0.623496 0.929592 1.096975
0.623491 0.929591 1.096975
0.623485 0.929589 1.096975
0.623479 0.929588 1.096975
0.623473 0.929586 1.096975
0.623467 0.929585 1.096975
0.623461 0.929583 1.096975
0.623455 0.929582 1.096975
0.623449 0.929580 1.096974
0.623444 0.929579 1.096974
0.623438 0.929577 1.096974
0.623432 0.929576 1.096974
0.620330 0.931117 1.093870
0.617198 0.933960 1.095453
0.614009 0.936787 1.097008
0.610762 0.939597 1.098533
0.607458 0.942389 1.100029
0.604097 0.945161 1.101496
0.600677 0.947913 1.102934
0.597201 0.950643 1.104343
0.593666 0.953349 1.105722
0.590074 0.956031 1.107071
0.586424 0.958688 1.108391
0.582716 0.961318 1.109680
0.578951 0.963920 1.110939
0.575128 0.966492 1.112169
0.571248 0.969035 1.113368
0.567311 0.971546 1.114536
0.563316 0.974024 1.115674
0.559265 0.976468 1.116781
0.555157 0.978876 1.117857
0.550993 0.981249 1.118903
0.546773 0.983584 1.119917
0.542496 0.985880 1.120901
0.538165 0.988135 1.121853
0.533779 0.990350 1.122773
0.529337 0.992522 1.123663
0.524842 0.994650 1.124521
0.520292 0.996734 1.125347
