0.620000 0.923292 1.092814
0.620001 0.923290 1.092813
0.616969 0.923274 1.092812
0.613937 0.923227 1.092811
0.610906 0.923149 1.092810
0.607875 0.923042 1.092809
0.604846 0.922904 1.092807
0.601819 0.922736 1.092806
0.598793 0.922537 1.092805
0.595652 0.923786 1.089763
0.592361 0.926359 1.091365
0.589014 0.928913 1.092938
0.585611 0.931446 1.094483
0.582153 0.933956 1.095999
0.578640 0.936442 1.097485
0.575071 0.938904 1.098943
0.571447 0.941340 1.100370
0.567768 0.943749 1.101769
0.564032 0.946131 1.103138
0.560242 0.948484 1.104478
0.556396 0.950805 1.105788
0.552496 0.953096 1.107067
0.548541 0.955353 1.108317
0.544531 0.957576 1.109536
0.540468 0.959763 1.110724
0.536350 0.961914 1.111882
0.532178 0.964029 1.113010
0.527953 0.966104 1.114107
0.523675 0.968139 1.115173
0.519344 0.970134 1.116209
0.514961 0.972085 1.117213
0.510526 0.973993 1.118185
0.506039 0.975857 1.119127
0.501501 0.977675 1.120038
0.496913 0.979446 1.120917
0.492274 0.981168 1.121765
0.487586 0.982842 1.122581
0.482849 0.984465 1.123365
0.478064 0.986036 1.124117
0.473230 0.987555 1.124838
0.468350 0.989020 1.125527
0.467123 0.991974 1.126185
0.465904 0.994936 1.126810
0.464682 0.997904 1.127403
0.463457 1.000877 1.127964
0.462230 1.003856 1.128493
0.461001 1.006840 1.128990
0.459770 1.009828 1.129455
0.458537 1.012821 1.129888
0.457302 1.015817 1.130288
0.456066 1.018817 1.130656
0.454827 1.021820 1.130992
0.453587 1.024826 1.131295
0.452346 1.027835 1.131566
0.451102 1.030845 1.131803
0.449858 1.033857 1.132009
0.448611 1.036871 1.132181
0.447363 1.039885 1.132321
0.446113 1.042901 1.132429
0.445398 1.044630 1.127847
0.443872 1.048310 1.124027
0.442360 1.051954 1.120168
0.440862 1.055561 1.116270
0.439376 1.059132 1.112332
0.437905 1.062665 1.108356
0.436446 1.066160 1.104342
0.435002 1.069618 1.100291
0.433572 1.073038 1.096202
0.432156 1.076418 1.092076
0.430754 1.079760 1.087913
0.429366 1.083063 1.083715
0.427994 1.086326 1.079480
0.426636 1.089549 1.075211
0.425294 1.092732 1.070907
0.423967 1.095875 1.066568
0.422656 1.098977 1.062196
0.421361 1.102038 1.057790
0.420083 1.105059 1.053351
0.421918 1.109295 1.048862
0.424883 1.113914 1.044351
0.428345 1.118637 1.039813
0.432062 1.123358 1.035245
0.435936 1.128036 1.030647
0.437007 1.131623 1.026033
0.436937 1.134744 1.021381
0.436374 1.137637 1.016696
0.435597 1.140404 1.011981
0.434734 1.143090 1.007237
0.433840 1.145714 1.002465
0.432943 1.148286 0.997665
0.432054 1.150810 0.992838
0.433902 1.154243 0.987981
0.437131 1.158081 0.983101
0.441072 1.162069 0.978196
0.445403 1.166085 0.973266
0.449966 1.170068 0.968312
0.454683 1.173990 0.963334
0.459515 1.177836 0.958332
0.464444 1.181598 0.953306
0.469458 1.185272 0.948259
0.472126 1.189863 0.945128
0.473032 1.193217 0.941258
0.473338 1.193511 0.941506
0.473410 1.193717 0.941731
0.473437 1.193900 0.941946
0.473456 1.194075 0.942153
0.473593 1.194085 0.948073
0.473590 1.194084 0.948073
0.473611 1.194088 0.948071
0.473105 1.196841 0.946733
0.473167 1.196897 0.946781
0.473330 1.196865 0.952728
0.473453 1.196763 0.958677
0.473562 1.196597 0.964624
0.473525 1.196588 0.964624
0.472702 1.199510 0.963420
0.471946 1.202437 0.962185
0.471224 1.205359 0.960920
0.470524 1.208273 0.959624
0.469837 1.211177 0.958298
0.469160 1.214070 0.956942
0.468491 1.216951 0.955556
0.468627 1.216982 0.955551
0.465624 1.216197 0.955524
0.461017 1.214976 0.955511
0.458675 1.214455 0.949370
0.457688 1.214223 0.943216
0.457310 1.214090 0.937057
0.457209 1.213967 0.930896
0.457236 1.213814 0.924735
0.457326 1.213615 0.918575
0.457453 1.213361 0.912418
0.457613 1.213398 0.912409
0.457725 1.213425 0.912404
0.457811 1.213446 0.912400
0.457887 1.213463 0.912396
0.457958 1.213479 0.912391
0.458028 1.213495 0.912387
0.458097 1.213511 0.912383
0.458166 1.213527 0.912379
0.458235 1.213542 0.912375
0.458304 1.213558 0.912371
0.458372 1.213573 0.912367
0.458441 1.213589 0.912363
0.458509 1.213604 0.912359
0.458578 1.213620 0.912355
0.458646 1.213635 0.912351
0.458714 1.213650 0.912347
0.458782 1.213666 0.912343
0.458850 1.213681 0.912339
0.458918 1.213696 0.912334
0.458986 1.213711 0.912330
0.459054 1.213727 0.912326
0.459122 1.213742 0.912322
0.459180 1.213754 0.912318
0.459244 1.213769 0.912314
0.459311 1.213783 0.912310
0.459378 1.213798 0.912306
0.459152 1.213537 0.912197
0.459074 1.213424 0.912147
0.459014 1.213325 0.912104
0.458959 1.213231 0.912064
0.458906 1.213142 0.912025
0.458902 1.213130 0.912022
0.458905 1.213123 0.912020
0.458909 1.213116 0.912019
0.458998 1.213385 0.918122
0.462080 1.214452 0.924292
0.466773 1.215836 0.930442
0.472211 1.217293 0.936583
0.478007 1.218716 0.942720
0.483984 1.220056 0.948856
0.490625 1.218518 0.950277
0.497288 1.216883 0.951641
0.503936 1.215166 0.952976
0.510931 1.211280 0.953428
0.517856 1.207290 0.953866
0.524701 1.203202 0.954295
0.531457 1.199017 0.954717
0.538121 1.194736 0.955132
0.544691 1.190361 0.955539
0.551163 1.185894 0.955938
0.557535 1.181337 0.956330
0.561256 1.176416 0.956707
0.562933 1.176394 0.962276
0.563831 1.176252 0.967860
0.564324 1.176014 0.973442
0.564595 1.175698 0.979021
0.564662 1.175705 0.979023
0.564799 1.175311 0.984588
0.564893 1.174866 0.990159
0.564966 1.174363 0.995724
0.565029 1.173803 1.001284
0.565087 1.173187 1.006838
0.565143 1.172515 1.012385
0.565199 1.171787 1.017925
0.565255 1.171003 1.023457
0.565570 1.167825 1.024133
0.565870 1.164629 1.024763
0.566162 1.161426 1.025362
0.566448 1.158217 1.025928
0.566733 1.155002 1.026463
0.567015 1.151781 1.026966
0.567519 1.146470 1.026518
0.568018 1.141141 1.026056
0.568516 1.135799 1.025583
0.569015 1.130446 1.025099
0.569516 1.125080 1.024605
0.570019 1.119703 1.024100
0.570525 1.114316 1.023585
0.571034 1.108919 1.023059
0.571545 1.103512 1.022522
0.572060 1.098097 1.021975
0.572577 1.092673 1.021417
0.573098 1.087241 1.020849
0.573621 1.081802 1.020271
0.574147 1.076356 1.019682
0.574676 1.070904 1.019083
0.578993 1.065809 1.018461
0.583796 1.060717 1.017840
0.588584 1.055576 1.017210
0.593278 1.050380 1.016570
0.594028 1.044914 1.015927
0.598234 1.039637 1.015261
0.602634 1.034329 1.014590
0.603127 1.028835 1.013915
0.603367 1.023328 1.013225
0.603591 1.017819 1.012525
0.603815 1.012309 1.011815
0.604039 1.006800 1.011095
0.604264 1.001291 1.010366
0.604489 0.995783 1.009627
0.608345 0.990408 1.008876
0.608576 0.984904 1.008119
0.612296 0.979494 1.007351
0.612451 0.973994 1.006575
0.612508 0.971054 1.009898
0.612567 0.968083 1.013192
0.612575 0.967363 1.016670
0.612534 0.968888 1.020401
0.612494 0.970370 1.024192
0.612456 0.971808 1.028043
0.612418 0.973199 1.031954
0.612432 0.972292 1.035483
0.612445 0.971349 1.039002
0.612460 0.970370 1.042512
0.615965 0.969415 1.046011
0.619463 0.966311 1.045067
0.622897 0.963181 1.044092
0.622871 0.960074 1.043086
0.622843 0.956977 1.042049
0.622815 0.953890 1.040981
0.622787 0.950814 1.039882
0.622760 0.947749 1.038752
0.622745 0.946775 1.042025
0.622729 0.945768 1.045288
0.622714 0.944728 1.048540
0.622698 0.943656 1.051782
0.622681 0.942551 1.055013
0.622665 0.941415 1.058233
0.622648 0.940246 1.061441
0.622630 0.939045 1.064638
0.622613 0.937812 1.067822
0.622595 0.936547 1.070994
0.622576 0.935251 1.074153
0.622558 0.933923 1.077299
0.622539 0.932564 1.080431
0.622520 0.931174 1.083550
0.622501 0.929753 1.086654
0.622481 0.928300 1.089745
0.622461 0.926817 1.092820
0.622440 0.925303 1.095880
0.622435 0.925302 1.095880
0.622430 0.925302 1.095880
0.622424 0.925302 1.095880
0.622419 0.925301 1.095879
0.622414 0.925301 1.095879
0.622408 0.925300 1.095879
0.622403 0.925300 1.095879
0.622397 0.925299 1.095878
0.622392 0.925299 1.095878
0.622386 0.925298 1.095877
0.622381 0.925298 1.095877
0.622375 0.925297 1.095877
0.622370 0.925297 1.095876
0.622364 0.925296 1.095876
0.622359 0.925296 1.095875
0.622353 0.925296 1.095875
0.622347 0.925295 1.095874
0.622342 0.925295 1.095874
0.622336 0.925294 1.095873
0.622330 0.925294 1.095873
0.622325 0.925293 1.095872
0.622319 0.925293 1.095871
0.622313 0.925292 1.095871
0.622307 0.925292 1.095870
0.622302 0.925291 1.095870
0.622296 0.925291 1.095869
0.622290 0.925291 1.095868
0.622284 0.925290 1.095867
0.622279 0.925290 1.095867
0.622273 0.925289 1.095866
0.622267 0.925289 1.095865
0.622261 0.925288 1.095864
0.622255 0.925288 1.095864
0.619197 0.926808 1.092802
0.616087 0.929613 1.094433
0.616044 0.932457 1.096036
