0.656101 0.938529 1.051508
0.659472 0.939470 1.044377
0.662844 0.940227 1.037229
0.666212 0.940800 1.030066
0.669573 0.941189 1.022892
0.672921 0.941393 1.015710
0.676251 0.941415 1.008522
0.680001 0.943653 1.005796
0.683320 0.943392 0.998582
0.686610 0.942946 0.991368
0.689865 0.942319 0.984160
0.690439 0.944897 0.981334
0.691005 0.947446 0.978481
0.691565 0.949966 0.975602
0.692118 0.952459 0.972698
0.696010 0.954181 0.969768
0.696577 0.956613 0.966814
0.697083 0.958795 0.967310
0.697589 0.960972 0.967829
0.698093 0.963144 0.968369
0.698596 0.965311 0.968932
0.699097 0.967472 0.969518
0.699597 0.969627 0.970125
0.700155 0.972029 0.967145
0.700706 0.974401 0.964141
0.701250 0.976745 0.961113
0.701787 0.979059 0.958061
0.702317 0.981344 0.954985
0.702840 0.983598 0.951886
0.703357 0.985823 0.948765
0.703866 0.988016 0.945620
0.704367 0.990179 0.942453
0.704862 0.992312 0.939264
0.705350 0.994413 0.936054
0.705829 0.996483 0.932822
0.706302 0.998521 0.929569
0.706767 1.000527 0.926295
0.707225 1.002502 0.923001
0.707674 1.004444 0.919686
0.708116 1.006354 0.916352
0.704730 1.009085 0.913001
0.705061 1.010949 0.909626
0.705533 1.013104 0.910255
0.705249 1.011740 0.906583
0.704952 1.010340 0.902926
0.704646 1.008905 0.899282
0.704332 1.007434 0.895654
0.704011 1.005928 0.892040
0.703683 1.004386 0.888443
0.703347 1.002810 0.884861
0.703003 1.001198 0.881295
0.702652 0.999552 0.877746
0.702643 0.999553 0.877746
0.701811 0.995717 0.873585
0.701784 0.995586 0.873489
0.701758 0.995493 0.873453
0.701751 0.995483 0.873443
0.701746 0.995479 0.873438
0.701743 0.995477 0.873436
0.701490 0.995536 0.873447
0.701519 0.995537 0.873453
0.701547 0.995539 0.873458
0.701573 0.995540 0.873464
0.701571 0.995543 0.873466
0.701707 0.996204 0.877312
0.701837 0.996827 0.881164
0.698260 0.998201 0.885026
0.694578 0.999514 0.888890
0.690870 1.000754 0.892759
0.687138 1.001919 0.896634
0.683605 1.004460 0.904155
0.680010 1.006822 0.911725
0.676351 1.009002 0.919339
0.672635 1.010999 0.926994
0.668865 1.012809 0.934688
0.665045 1.014433 0.942417
0.661182 1.015867 0.950178
0.657280 1.017110 0.957969
0.653343 1.018161 0.965786
0.649377 1.019018 0.973626
0.645387 1.019681 0.981486
0.641377 1.020147 0.989363
0.637353 1.020418 0.997254
0.633320 1.020491 1.005156
0.629282 1.020367 1.013066
0.625245 1.020045 1.020980
0.621215 1.019525 1.028895
0.617219 1.016631 1.031771
0.613280 1.013669 1.034616
0.609382 1.011564 1.033521
0.609419 1.009535 1.032445
0.613341 1.006678 1.035261
0.617206 1.003755 1.038049
0.621013 1.000765 1.040806
0.620982 0.997739 1.043533
0.620950 0.994686 1.046230
0.620915 0.993529 1.053896
0.620879 0.992217 1.061548
0.620857 0.992745 1.070317
0.620818 0.991112 1.077949
0.620777 0.989325 1.085558
0.620736 0.987383 1.093138
0.620693 0.985289 1.100689
0.620657 0.981757 1.103100
0.620620 0.978202 1.105475
0.620584 0.974623 1.107815
0.620547 0.971021 1.110119
0.620510 0.967396 1.112386
0.620473 0.963748 1.114618
0.620436 0.960078 1.116812
0.620415 0.958130 1.115598
0.620395 0.956169 1.114403
0.620374 0.954197 1.113228
0.620353 0.952213 1.112072
0.620332 0.950217 1.110937
0.620312 0.948210 1.109821
0.620291 0.946192 1.108726
0.620270 0.944164 1.107651
0.620248 0.942124 1.106596
0.620227 0.940074 1.105561
0.620206 0.938014 1.104548
0.620185 0.935944 1.103554
0.620164 0.933865 1.102582
0.620142 0.931775 1.101631
0.620121 0.929676 1.100700
0.620099 0.927568 1.099791
0.620094 0.927568 1.099790
0.617012 0.929105 1.096706
0.613866 0.931900 1.098317
0.610664 0.934678 1.099899
0.607405 0.937439 1.101453
0.604090 0.940181 1.102978
0.600717 0.942903 1.104474
0.597288 0.945604 1.105940
0.593803 0.948283 1.107378
0.590260 0.950939 1.108786
0.586660 0.953571 1.110165
0.583004 0.956177 1.111514
0.579291 0.958756 1.112833
0.575521 0.961307 1.114122
0.571695 0.963829 1.115381
0.567812 0.966321 1.116610
0.563873 0.968781 1.117809
0.559878 0.971208 1.118977
0.555827 0.973602 1.120115
0.551720 0.975960 1.121222
0.547558 0.978282 1.122298
0.543341 0.980567 1.123343
0.539069 0.982812 1.124357
0.534742 0.985018 1.125340
0.530361 0.987183 1.126292
0.525926 0.989305 1.127213
0.521438 0.991384 1.128102
0.516897 0.993418 1.128960
0.512303 0.995407 1.129786
0.507657 0.997348 1.130580
0.502960 0.999241 1.131343
0.498211 1.001085 1.132074
0.493412 1.002879 1.132773
0.488563 1.004620 1.133440
0.483665 1.006309 1.134075
0.478718 1.007944 1.134678
0.473723 1.009524 1.135248
0.468680 1.011047 1.135787
0.463591 1.012514 1.136293
0.458455 1.013922 1.136766
0.453274 1.015270 1.137208
0.448049 1.016558 1.137616
0.443321 1.016581 1.133284
0.438018 1.017748 1.133626
0.432676 1.018853 1.133938
0.427890 1.018666 1.129521
0.423105 1.018380 1.125085
0.418326 1.017998 1.120630
0.412856 1.018854 1.120809
0.407352 1.019644 1.120957
0.401811 1.020366 1.121073
0.396235 1.021017 1.121156
0.390623 1.021597 1.121206
0.384978 1.022105 1.121223
0.379301 1.022540 1.121207
0.373591 1.022901 1.121159
0.367852 1.023188 1.121077
0.362083 1.023399 1.120963
0.356286 1.023534 1.120816
0.350463 1.023593 1.120637
0.344614 1.023574 1.120424
0.338741 1.023476 1.120179
0.332845 1.023300 1.119901
0.326927 1.023044 1.119590
0.320990 1.022708 1.119246
0.315034 1.022292 1.118870
0.309060 1.021795 1.118461
0.303071 1.021216 1.118019
0.297068 1.020555 1.117544
0.291051 1.019812 1.117037
0.285994 1.017838 1.111852
0.280980 1.015760 1.106643
0.276008 1.013582 1.101417
0.271083 1.011307 1.096176
0.266206 1.008934 1.090919
0.261379 1.006467 1.085647
0.256605 1.003905 1.080362
0.251885 1.001250 1.075063
0.245910 0.999836 1.074261
0.239935 0.998345 1.073434
0.233964 0.996771 1.072575
0.229818 0.996999 1.071670
0.226588 0.998153 1.070741
0.225172 0.998483 1.065277
0.224049 0.999028 1.059791
0.223095 0.999671 1.054295
0.222251 1.000349 1.048789
0.219752 0.999214 1.043280
0.218081 0.998856 1.037752
0.215205 0.997127 1.032220
0.213367 0.996408 1.026676
0.212158 0.996281 1.021124
0.211302 0.996455 1.015565
0.211244 0.996387 1.015560
0.211229 0.996369 1.015558
0.211234 0.996373 1.015556
0.211250 0.996387 1.015553
0.211889 0.995965 1.021100
0.212530 0.995465 1.026641
0.213194 0.994908 1.032174
0.215746 0.996309 1.037702
0.219345 0.998719 1.043218
0.223480 1.001561 1.048722
0.227907 1.004558 1.054215
0.234484 1.009548 1.059688
0.242203 1.015386 1.065152
0.250563 1.021512 1.070608
0.257208 1.025781 1.076065
0.264200 1.027764 1.076954
0.270761 1.029261 1.077807
0.277110 1.030484 1.078626
0.283353 1.031532 1.079414
0.289538 1.032451 1.080169
0.295687 1.033262 1.080893
0.301811 1.033977 1.081585
0.307913 1.034599 1.082245
0.313994 1.035132 1.082873
0.320055 1.035578 1.083469
0.326094 1.035938 1.084033
0.332110 1.036212 1.084565
0.337100 1.037878 1.089617
0.343090 1.038000 1.090085
0.349049 1.038035 1.090520
0.354980 1.037987 1.090923
0.360883 1.037857 1.091293
0.366757 1.037646 1.091630
0.372601 1.037357 1.091934
0.378414 1.036989 1.092206
0.384194 1.036544 1.092445
0.389940 1.036025 1.092653
0.395653 1.035430 1.092829
0.401330 1.034761 1.092971
0.406972 1.034019 1.093082
0.412577 1.033205 1.093159
0.418144 1.032320 1.093204
0.423672 1.031365 1.093216
0.429160 1.030340 1.093196
0.434608 1.029248 1.093143
0.440015 1.028089 1.093058
0.445379 1.026863 1.092939
0.450700 1.025573 1.092789
0.455977 1.024219 1.092605
0.461209 1.022801 1.092389
0.466395 1.021323 1.092141
0.471535 1.019783 1.091860
0.476627 1.018184 1.091546
0.481671 1.016526 1.091200
0.486666 1.014810 1.090821
0.491611 1.013039 1.090410
0.496506 1.011212 1.089966
0.501350 1.009330 1.089490
0.506142 1.007397 1.088982
0.510882 1.005411 1.088441
0.515570 1.003374 1.087868
0.520204 1.001288 1.087262
0.524784 0.999153 1.086624
0.529310 0.996972 1.085955
0.533781 0.994746 1.085253
0.538197 0.992474 1.084519
0.542558 0.990159 1.083754
0.546862 0.987802 1.082956
0.551110 0.985405 1.082128
0.555300 0.982968 1.081268
0.559433 0.980493 1.080376
0.563509 0.977980 1.079453
0.567527 0.975431 1.078499
0.571487 0.972848 1.077513
0.575388 0.970231 1.076496
0.579231 0.967582 1.075449
0.583015 0.964903 1.074370
0.586740 0.962193 1.073261
0.590405 0.959455 1.072122
0.594012 0.956690 1.070952
0.597559 0.953898 1.069751
0.601047 0.951082 1.068519
0.604476 0.948241 1.067258
0.607845 0.945379 1.065967
0.611155 0.942495 1.064645
0.614405 0.939592 1.063295
0.617602 0.939629 1.063293
0.620799 0.939636 1.063292
0.623996 0.939610 1.063291
0.627168 0.938333 1.066479
0.627145 0.937080 1.069656
0.627120 0.935796 1.072820
0.623950 0.934536 1.075971
0.620806 0.933213 1.079109
0.620806 0.933210 1.079107
0.620807 0.931831 1.082230
0.620808 0.930422 1.085340
0.620810 0.928981 1.088436
0.620811 0.927510 1.091517
0.620812 0.926007 1.094584
0.620813 0.924475 1.097635
