0.620000 0.926450 1.106130
0.616937 0.926433 1.106128
0.613873 0.926385 1.106127
0.610811 0.926307 1.106125
0.607749 0.926198 1.106124
0.604689 0.926058 1.106122
0.601630 0.925888 1.106121
0.598573 0.925687 1.106119
0.595389 0.927067 1.103045
0.592178 0.928382 1.099955
0.588729 0.931748 1.097715
0.585213 0.935053 1.095438
0.581630 0.938296 1.093125
0.577982 0.941475 1.090775
0.574270 0.944589 1.088389
0.570496 0.947637 1.085967
0.566755 0.950025 1.087392
0.562958 0.952384 1.088787
0.559108 0.954714 1.090153
0.555202 0.957013 1.091489
0.551242 0.959279 1.092794
0.547227 0.961513 1.094070
0.543158 0.963712 1.095315
0.539036 0.965875 1.096530
0.534859 0.968001 1.097715
0.530629 0.970091 1.098870
0.526345 0.972141 1.099994
0.522009 0.974151 1.101087
0.517621 0.976119 1.102149
0.513180 0.978045 1.103180
0.508688 0.979926 1.104180
0.507764 0.982904 1.105151
0.507289 0.984434 1.101344
0.506363 0.987430 1.102250
0.505433 0.990433 1.103126
0.504501 0.993445 1.103969
0.503567 0.996465 1.104781
0.502630 0.999492 1.105562
0.501690 1.002526 1.106310
0.500748 1.005567 1.107026
0.499803 1.008615 1.107711
0.498856 1.011670 1.108364
0.497907 1.014731 1.108986
0.496956 1.017798 1.109575
0.496003 1.020871 1.110133
0.495048 1.023949 1.110659
0.494092 1.027032 1.111152
0.493134 1.030120 1.111613
0.492175 1.033212 1.112042
0.491214 1.036308 1.112439
0.490251 1.039407 1.112803
0.489287 1.042510 1.113135
0.488321 1.045615 1.113434
0.487354 1.048723 1.113700
0.486385 1.051833 1.113934
0.485415 1.054945 1.114135
0.484443 1.058058 1.114304
0.483469 1.061172 1.114440
0.482494 1.064287 1.114543
0.481518 1.067403 1.114614
0.480540 1.070518 1.114652
0.479559 1.073633 1.114657
0.478578 1.076748 1.114629
0.477596 1.079862 1.114569
0.476616 1.082976 1.114476
0.475475 1.086627 1.110464
0.474337 1.090236 1.106413
0.473208 1.093806 1.102324
0.472089 1.097336 1.098198
0.470981 1.100826 1.094035
0.469884 1.104275 1.089836
0.468798 1.107684 1.085600
0.467723 1.111052 1.081329
0.466660 1.114378 1.077023
0.465609 1.117663 1.072682
0.464570 1.120905 1.068307
0.463544 1.124106 1.063898
0.462530 1.127264 1.059455
0.461530 1.130380 1.054980
0.460543 1.133453 1.050472
0.459570 1.136483 1.045932
0.458612 1.139469 1.041360
0.457668 1.142412 1.036758
0.456740 1.145312 1.032124
0.455827 1.148168 1.027461
0.454931 1.150979 1.022767
0.454051 1.153747 1.018044
0.453187 1.156470 1.013293
0.452341 1.159148 1.008513
0.451512 1.161782 1.003705
0.450702 1.164370 0.998870
0.449910 1.166912 0.994007
0.449136 1.169409 0.989117
0.448380 1.171861 0.984203
0.447642 1.174267 0.979263
0.446923 1.176628 0.974298
0.446223 1.178942 0.969309
0.445684 1.180998 0.970169
0.445112 1.183037 0.971052
0.444525 1.185061 0.971957
0.443933 1.187074 0.972882
0.443188 1.189323 0.967871
0.442494 1.191534 0.962834
0.441835 1.193703 0.957774
0.441202 1.195827 0.952692
0.440591 1.197904 0.947587
0.440001 1.199933 0.942461
0.439429 1.201915 0.937314
0.438875 1.203848 0.932147
0.438960 1.203727 0.926032
0.439066 1.203549 0.919919
0.439193 1.203312 0.913808
0.439319 1.203347 0.913803
0.439402 1.203370 0.913800
0.439467 1.203388 0.913797
0.439524 1.203404 0.913794
0.439578 1.203418 0.913792
0.439630 1.203432 0.913789
0.439682 1.203446 0.913787
0.439734 1.203460 0.913784
0.439785 1.203474 0.913781
0.439837 1.203488 0.913779
0.439888 1.203502 0.913776
0.439939 1.203515 0.913774
0.439991 1.203529 0.913771
0.440042 1.203543 0.913768
0.440093 1.203556 0.913766
0.440144 1.203570 0.913763
0.440195 1.203584 0.913760
0.440246 1.203597 0.913758
0.440297 1.203611 0.913755
0.440348 1.203624 0.913753
0.440399 1.203638 0.913750
0.440450 1.203652 0.913747
0.440501 1.203665 0.913745
0.440551 1.203679 0.913742
0.440602 1.203692 0.913740
0.440653 1.203705 0.913737
0.440703 1.203719 0.913734
0.440754 1.203732 0.913732
0.440804 1.203746 0.913729
0.440854 1.203759 0.913726
0.440905 1.203772 0.913724
0.440955 1.203785 0.913721
0.440996 1.203796 0.913719
0.441043 1.203808 0.913716
0.441091 1.203821 0.913713
0.441141 1.203834 0.913711
0.441190 1.203847 0.913708
0.441086 1.203660 0.913626
0.440889 1.203425 0.913548
0.440683 1.203198 0.913479
0.440592 1.203152 0.913491
0.440521 1.203114 0.913504
0.440456 1.203080 0.913519
0.440393 1.203049 0.913534
0.440333 1.203022 0.913551
0.440317 1.203037 0.913575
0.440306 1.203052 0.913599
0.440353 1.203303 0.919663
0.440391 1.203510 0.925752
0.443237 1.204533 0.931865
0.447664 1.205932 0.937967
0.452875 1.207448 0.944063
0.459242 1.206123 0.945371
0.465783 1.204751 0.946622
0.472389 1.203321 0.947843
0.479482 1.199799 0.948077
0.486532 1.196174 0.948296
0.493517 1.192451 0.948506
0.500423 1.188629 0.948708
0.507163 1.184735 0.943156
0.513843 1.180684 0.937686
0.519598 1.181726 0.943351
0.522732 1.182224 0.949044
0.524389 1.182403 0.954740
0.525197 1.182539 0.954743
0.525706 1.182454 0.960426
0.525997 1.182286 0.966119
0.526522 1.179974 0.970893
0.526989 1.177599 0.975639
0.527420 1.175171 0.980361
0.527841 1.172693 0.985057
0.528259 1.170167 0.989729
0.528676 1.167595 0.994375
0.529096 1.164976 0.998995
0.529964 1.159750 0.998807
0.530822 1.154496 0.998595
0.531675 1.149226 0.998373
0.532526 1.143941 0.998141
0.533376 1.138642 0.997899
0.534226 1.133330 0.997647
0.538079 1.128496 0.997367
0.543119 1.123815 0.997087
0.545492 1.118696 0.996819
0.550010 1.113868 0.996514
0.552018 1.108659 0.996224
0.553174 1.103318 0.995916
0.554029 1.097926 0.995594
0.554784 1.092512 0.995261
0.558905 1.087539 0.994902
0.560437 1.082209 0.994560
0.564807 1.077220 0.994184
0.566243 1.071854 0.993821
0.570598 1.066813 0.993427
0.571865 1.061408 0.993043
0.572564 1.055936 0.992642
0.573157 1.050448 0.992228
0.577389 1.045336 0.991796
0.578371 1.039877 0.991370
0.582633 1.034724 0.990921
0.583477 1.029243 0.990474
0.587671 1.024042 0.990005
0.592059 1.018818 0.989532
0.592695 1.013309 0.989054
0.593080 1.007783 0.988562
0.593448 1.002256 0.988059
0.593816 0.996730 0.987548
0.597767 0.991437 0.987024
0.601742 0.986111 0.986493
0.602093 0.980588 0.985955
0.602355 0.975063 0.985405
0.602616 0.969542 0.984846
0.602741 0.966815 0.988247
0.602870 0.964054 0.991621
0.603001 0.961259 0.994967
0.603135 0.958431 0.998285
0.603159 0.957861 1.001671
0.603185 0.957257 1.005052
0.603214 0.956619 1.008426
0.603133 0.958232 1.011982
0.603173 0.957340 1.011443
0.603213 0.956452 1.010895
0.603252 0.955570 1.010337
0.603290 0.954694 1.009771
0.603321 0.954009 1.013119
0.603353 0.953291 1.016461
0.603387 0.952539 1.019795
0.603423 0.951754 1.023121
0.606769 0.951085 1.026439
0.610103 0.950349 1.029749
0.613421 0.949546 1.033050
0.616722 0.948677 1.036342
0.620002 0.947746 1.039623
0.619996 0.946766 1.042895
0.619992 0.945750 1.046158
0.619989 0.944702 1.049412
0.619979 0.943626 1.052647
0.619970 0.942517 1.055874
0.619962 0.941374 1.059089
0.619954 0.940199 1.062293
0.619946 0.938991 1.065485
0.619937 0.937753 1.068665
0.619929 0.936484 1.071833
0.619920 0.935184 1.074988
0.619912 0.933853 1.078130
0.619903 0.932490 1.081259
0.619895 0.931096 1.084373
0.619887 0.929671 1.087474
0.619879 0.928215 1.090561
0.619872 0.926727 1.093633
0.619869 0.925202 1.096692
0.619865 0.925201 1.096693
0.619861 0.925200 1.096694
0.619857 0.925199 1.096694
0.619853 0.925198 1.096695
0.619849 0.925197 1.096695
0.619844 0.925196 1.096696
0.619839 0.925194 1.096696
0.619834 0.925193 1.096697
0.619829 0.925192 1.096697
0.619824 0.925191 1.096697
0.619819 0.925190 1.096698
0.619814 0.925189 1.096698
0.619809 0.925188 1.096698
0.619804 0.925188 1.096699
0.619799 0.925187 1.096699
0.619794 0.925186 1.096699
0.619789 0.925185 1.096700
0.619784 0.925184 1.096700
0.619779 0.925183 1.096700
0.619774 0.925183 1.096700
0.619769 0.925183 1.096699
0.619764 0.925183 1.096699
0.619759 0.925183 1.096699
0.619754 0.925183 1.096698
0.619749 0.925183 1.096698
0.619743 0.925183 1.096697
0.619738 0.925183 1.096697
0.619732 0.925183 1.096696
0.619727 0.925183 1.096696
0.619721 0.925184 1.096695
0.619716 0.925184 1.096695
0.619710 0.925184 1.096694
0.619705 0.925184 1.096693
0.619699 0.925184 1.096693
0.619693 0.925185 1.096692
0.619687 0.925185 1.096691
0.619682 0.925185 1.096691
0.619676 0.925186 1.096690
0.619670 0.925186 1.096689
0.619664 0.925186 1.096688
0.619658 0.925187 1.096688
0.619652 0.925187 1.096687
0.619646 0.925187 1.096686
0.619640 0.925188 1.096685
0.619634 0.925188 1.096684
0.619628 0.925188 1.096683
0.619622 0.925189 1.096683
0.619616 0.925189 1.096682
0.619610 0.925190 1.096681
0.619604 0.925190 1.096680
0.616531 0.926692 1.093619
0.613407 0.929472 1.095248
0.610227 0.932236 1.096847
0.606991 0.934984 1.098419
0.603696 0.937710 1.099961
0.600345 0.940417 1.101475
0.596937 0.943104 1.102960
0.593473 0.945769 1.104415
0.589951 0.948412 1.105842
