0.358605 1.016482 1.160093
0.352831 1.016555 1.160093
0.347030 1.016552 1.160060
0.341203 1.016473 1.159994
0.335351 1.016315 1.159895
0.329476 1.016079 1.159764
0.323579 1.015764 1.159599
0.317660 1.015369 1.159402
0.311722 1.014894 1.159171
0.305766 1.014338 1.158907
0.299793 1.013701 1.158611
0.293805 1.012982 1.158281
0.287803 1.012180 1.157919
0.281788 1.011295 1.157524
0.275762 1.010327 1.157095
0.269727 1.009276 1.156634
0.263683 1.008141 1.156140
0.257633 1.006921 1.155613
0.251578 1.005617 1.155053
0.245519 1.004228 1.154460
0.239458 1.002754 1.153835
0.233397 1.001195 1.153176
0.227336 0.999550 1.152485
0.222085 0.997055 1.147015
0.216896 0.994454 1.141507
0.211764 0.991754 1.135980
0.206690 0.988955 1.130433
0.201676 0.986058 1.124868
0.196724 0.983064 1.119285
0.191836 0.979974 1.113684
0.187013 0.976790 1.108066
0.182257 0.973514 1.102432
0.177571 0.970145 1.096783
0.172955 0.966686 1.091118
0.168412 0.963138 1.085438
0.163942 0.959503 1.079745
0.159549 0.955781 1.074038
0.157826 0.953369 1.074002
0.157005 0.952224 1.073996
0.156618 0.951582 1.073889
0.156413 0.951236 1.073826
0.156307 0.951055 1.073792
0.156255 0.950965 1.073774
0.156233 0.950926 1.073766
0.157369 0.950211 1.079446
0.160163 0.951710 1.085115
0.163881 0.954354 1.090771
0.168085 0.957499 1.096412
0.172560 0.960835 1.102038
0.177202 0.964210 1.107648
0.183087 0.966635 1.108575
0.189007 0.968997 1.109467
0.194947 0.971283 1.110327
0.200899 0.973484 1.111156
0.206859 0.975596 1.111954
0.212824 0.977618 1.112720
0.218791 0.979549 1.113455
0.224759 0.981389 1.114159
0.232832 0.985378 1.114818
0.241886 0.990172 1.115454
0.249160 0.992953 1.116079
0.255671 0.994848 1.116663
0.261864 0.996337 1.117211
0.267925 0.997614 1.117726
0.273927 0.998758 1.118207
0.279900 0.999798 1.118656
0.285853 1.000747 1.119072
0.291791 1.001609 1.119456
0.297713 1.002385 1.119807
0.303619 1.003077 1.120126
0.309507 1.003686 1.120412
0.315376 1.004213 1.120666
0.321224 1.004660 1.120887
0.327051 1.005026 1.121077
0.332856 1.005314 1.121233
0.338638 1.005522 1.121358
0.344395 1.005653 1.121449
0.350127 1.005707 1.121509
0.355832 1.005684 1.121535
0.361510 1.005586 1.121529
0.367159 1.005414 1.121490
0.372779 1.005168 1.121419
0.378368 1.004850 1.121315
0.383925 1.004459 1.121178
0.389449 1.003998 1.121009
0.394940 1.003466 1.120808
0.400396 1.002866 1.120573
0.405816 1.002196 1.120306
0.411199 1.001460 1.120007
0.416545 1.000657 1.119675
0.421852 0.999789 1.119310
0.427119 0.998855 1.118913
0.432346 0.997859 1.118483
0.437532 0.996800 1.118021
0.442676 0.995679 1.117526
0.447778 0.994497 1.116998
0.452836 0.993257 1.116438
0.457850 0.991958 1.115846
0.462818 0.990603 1.115222
0.467741 0.989192 1.114566
0.472618 0.987726 1.113879
0.477448 0.986206 1.113158
0.482229 0.984633 1.112407
0.486963 0.983009 1.111623
0.491647 0.981335 1.110808
0.496282 0.979611 1.109962
0.500867 0.977840 1.109084
0.505401 0.976022 1.108175
0.509884 0.974157 1.107234
0.514316 0.972248 1.106262
0.518696 0.970295 1.105259
0.523023 0.968301 1.104225
0.527297 0.966265 1.103160
0.531518 0.964190 1.102064
0.535686 0.962076 1.100938
0.539800 0.959923 1.099781
0.543860 0.957735 1.098593
0.547865 0.955511 1.097375
0.551816 0.953253 1.096127
0.555711 0.950963 1.094848
0.559552 0.948642 1.093540
0.563337 0.946290 1.092203
0.567067 0.943909 1.090835
0.570742 0.941499 1.089437
0.574361 0.939062 1.088010
0.577925 0.936600 1.086554
0.581433 0.934113 1.085069
0.584885 0.931603 1.083555
0.588282 0.929072 1.082012
0.588559 0.926220 1.080440
0.591748 0.925133 1.083510
0.594915 0.923983 1.086566
0.597975 0.924084 1.094320
0.601045 0.923983 1.102097
0.601044 0.923985 1.102099
0.604086 0.924158 1.102097
0.607066 0.925875 1.099042
0.610080 0.927532 1.095972
0.613157 0.927614 1.095971
0.616234 0.927666 1.095969
0.619312 0.927686 1.095968
0.622389 0.927676 1.095967
0.625466 0.927635 1.095965
0.628543 0.927563 1.095964
0.631680 0.928974 1.092878
0.634844 0.930321 1.089778
0.638034 0.931605 1.086662
0.641297 0.933476 1.079660
0.644587 0.935166 1.072624
0.647900 0.936673 1.065560
0.651415 0.939741 1.063112
0.654992 0.942746 1.060631
0.658629 0.945686 1.058116
0.662325 0.948559 1.055568
0.666079 0.951366 1.052987
0.669889 0.954104 1.050373
0.673755 0.956773 1.047727
0.677675 0.959371 1.045048
0.681265 0.959868 1.037674
0.684844 0.960175 1.030287
0.688405 0.960295 1.022890
0.691943 0.960228 1.015488
0.695453 0.959976 1.008084
0.698930 0.959540 1.000679
0.702370 0.958920 0.993278
0.702384 0.958960 0.985885
0.703023 0.961517 0.982957
0.703654 0.964045 0.980001
0.704279 0.966544 0.977020
0.704896 0.969015 0.974014
0.705507 0.971457 0.970983
0.706110 0.973869 0.967926
0.706707 0.976251 0.964845
0.707295 0.978604 0.961740
0.707877 0.980926 0.958610
0.708451 0.983218 0.955457
0.709017 0.985479 0.952280
0.709576 0.987710 0.949080
0.709585 0.987750 0.945295
0.709583 0.987751 0.945295
0.709581 0.987751 0.945295
0.709580 0.987755 0.941510
0.709570 0.987723 0.937725
0.710114 0.989892 0.938242
0.710658 0.992056 0.938782
0.711199 0.994214 0.939344
0.711740 0.996367 0.939929
0.712279 0.998514 0.940535
0.712034 0.997484 0.936753
0.711777 0.996418 0.932982
0.711511 0.995315 0.929221
0.711235 0.994176 0.925473
0.711232 0.994177 0.925472
0.707509 0.995066 0.925474
0.703752 0.995922 0.925473
0.703726 0.995927 0.925472
0.703724 0.995927 0.925472
0.703680 0.995738 0.921622
0.703627 0.995511 0.917773
0.699846 0.996057 0.913929
0.699532 0.994771 0.910228
0.699252 0.993443 0.906543
0.698964 0.992078 0.902871
0.698669 0.990678 0.899213
0.698366 0.989241 0.895570
0.698056 0.987770 0.891942
0.697739 0.986262 0.888328
0.698214 0.988436 0.888890
0.698690 0.990604 0.889475
0.699166 0.992766 0.890081
0.699640 0.994922 0.890710
0.699319 0.993379 0.887113
0.698987 0.991801 0.883531
0.698648 0.990188 0.879966
0.698301 0.988541 0.876417
0.698297 0.988541 0.876417
0.698295 0.988542 0.876417
0.698293 0.988542 0.876417
0.698291 0.988542 0.876417
0.698289 0.988543 0.876416
0.698287 0.988543 0.876416
0.698516 0.988521 0.876449
0.698466 0.988518 0.876436
0.698419 0.988515 0.876426
0.698407 0.988514 0.876422
0.698533 0.989147 0.880192
0.698653 0.989743 0.883968
0.698765 0.990302 0.887751
0.698870 0.990825 0.891539
0.695279 0.992077 0.895334
0.691635 0.993261 0.899131
0.687968 0.994372 0.902934
0.684280 0.995409 0.906740
0.680572 0.996372 0.910550
0.677370 1.000666 0.918928
0.673755 1.002675 0.926503
