0.616001 0.935317 1.097610
0.615958 0.938193 1.099156
0.615915 0.941084 1.100672
0.615889 0.942383 1.105392
0.612627 0.943576 1.110124
0.609341 0.944689 1.114869
0.606035 0.945722 1.119626
0.602620 0.948468 1.121113
0.599148 0.951193 1.122572
0.595618 0.953895 1.124001
0.592031 0.956574 1.125400
0.588387 0.959228 1.126770
0.584686 0.961856 1.128111
0.580927 0.964456 1.129421
0.577112 0.967029 1.130702
0.573239 0.969571 1.131952
0.569310 0.972083 1.133172
0.565324 0.974563 1.134362
0.561282 0.977010 1.135521
0.557184 0.979422 1.136649
0.553029 0.981798 1.137747
0.548819 0.984138 1.138814
0.544553 0.986440 1.139850
0.540233 0.988702 1.140855
0.536295 0.988965 1.145622
0.532356 0.989140 1.150400
0.527915 0.991269 1.151375
0.523422 0.993355 1.152317
0.518875 0.995397 1.153228
0.514276 0.997394 1.154108
0.509624 0.999344 1.154956
0.504920 1.001247 1.155773
0.500165 1.003101 1.156557
0.495360 1.004904 1.157310
0.490504 1.006657 1.158031
0.485598 1.008358 1.158721
0.480644 1.010005 1.159378
0.475641 1.011597 1.160003
0.470590 1.013134 1.160596
0.465493 1.014614 1.161156
0.460348 1.016036 1.161684
0.455158 1.017400 1.162180
0.449924 1.018703 1.162644
0.444644 1.019944 1.163075
0.439322 1.021124 1.163473
0.433957 1.022240 1.163839
0.428550 1.023292 1.164172
0.423102 1.024278 1.164473
0.417615 1.025198 1.164741
0.412088 1.026051 1.164976
0.406523 1.026835 1.165178
0.400921 1.027550 1.165347
0.395282 1.028194 1.165484
0.389609 1.028767 1.165588
0.383901 1.029268 1.165659
0.378160 1.029696 1.165697
0.372388 1.030049 1.165701
0.367150 1.029432 1.160900
0.361322 1.029635 1.160834
0.355468 1.029767 1.160740
0.349588 1.029822 1.160614
0.343682 1.029800 1.160454
0.338389 1.028794 1.155501
0.333115 1.027676 1.150519
0.327864 1.026453 1.145517
0.322638 1.025124 1.140494
0.316654 1.024722 1.140164
0.310654 1.024246 1.139809
0.304638 1.023690 1.139421
0.298608 1.023052 1.139000
0.293391 1.021333 1.133836
0.288210 1.019504 1.128643
0.282161 1.018627 1.128116
0.277019 1.016627 1.122882
0.271921 1.014521 1.117621
0.268052 1.011058 1.117603
0.264170 1.007522 1.117594
0.260304 1.003928 1.117585
0.256465 1.000288 1.117575
0.252660 0.996606 1.117566
0.248890 0.992884 1.117556
0.245158 0.989123 1.117547
0.241463 0.985325 1.117537
0.237807 0.981490 1.117528
0.234189 0.977618 1.117519
0.230611 0.973710 1.117509
0.225758 0.970884 1.112239
0.221007 0.968003 1.106944
0.216333 0.965050 1.101633
0.211729 0.962015 1.096306
0.207193 0.958895 1.090965
0.202723 0.955690 1.085608
0.198322 0.952400 1.080237
0.193990 0.949026 1.074853
0.189729 0.945568 1.069456
0.185540 0.942029 1.064046
0.181425 0.938410 1.058625
0.177385 0.934712 1.053192
0.173422 0.930937 1.047748
0.170967 0.929166 1.042285
0.169335 0.928481 1.036818
0.168154 0.928356 1.031344
0.168005 0.928133 1.031339
0.167938 0.928033 1.031337
0.167911 0.927991 1.031335
0.168705 0.927534 1.036796
0.169522 0.927017 1.042250
0.171916 0.928701 1.047691
0.175172 0.931503 1.053122
0.177920 0.935389 1.053121
0.181868 0.938934 1.058540
0.187648 0.944757 1.063939
0.194424 0.951575 1.069332
0.201782 0.958761 1.074716
0.209520 0.966013 1.080087
0.217541 0.973193 1.085445
0.225783 0.980222 1.090786
0.234221 0.987068 1.096108
0.240725 0.991576 1.101441
0.246376 0.994995 1.106746
0.251677 0.997887 1.112028
0.256850 1.000494 1.117290
0.261995 1.002923 1.122534
0.267162 1.005225 1.127760
0.272364 1.007414 1.132966
0.277605 1.009495 1.138154
0.282885 1.011470 1.143321
0.288208 1.013343 1.148469
0.293564 1.015108 1.153597
0.298956 1.016764 1.158702
0.304380 1.018312 1.163787
0.310446 1.018938 1.164064
0.316478 1.019465 1.164307
0.322483 1.019907 1.164517
0.325139 1.017809 1.164766
0.327029 1.015131 1.164957
0.328744 1.012325 1.165102
0.330410 1.009484 1.165204
0.332049 1.006630 1.165263
0.333667 1.003766 1.165276
0.338882 1.003560 1.165252
0.344554 1.003640 1.165206
0.350257 1.003687 1.165129
0.355940 1.003664 1.165018
0.365469 1.006143 1.164881
0.375337 1.008622 1.164702
0.381219 1.008445 1.164501
0.386810 1.008031 1.164262
0.392352 1.007537 1.163988
0.397859 1.006973 1.163682
0.403329 1.006341 1.163344
0.408763 1.005641 1.162972
0.414159 1.004875 1.162569
0.419516 1.004043 1.162133
0.424834 1.003146 1.161664
0.430112 1.002186 1.161163
0.435348 1.001164 1.160630
0.440542 1.000081 1.160065
0.445694 0.998937 1.159467
0.450802 0.997734 1.158838
0.455865 0.996472 1.158176
0.460883 0.995154 1.157483
0.465855 0.993779 1.156757
0.470781 0.992350 1.156001
0.475659 0.990868 1.155212
0.480490 0.989332 1.154391
0.485273 0.987744 1.153539
0.490006 0.986107 1.152656
0.494690 0.984420 1.151741
0.499323 0.982685 1.150795
0.503906 0.980904 1.149818
0.508438 0.979076 1.148810
0.512918 0.977204 1.147770
0.517347 0.975288 1.146700
0.521723 0.973330 1.145599
0.526046 0.971332 1.144467
0.530316 0.969293 1.143305
0.534532 0.967217 1.142113
0.538695 0.965102 1.140889
0.542804 0.962950 1.139636
0.546859 0.960764 1.138352
0.550859 0.958544 1.137039
0.554804 0.956292 1.135696
0.558695 0.954008 1.134323
0.562530 0.951694 1.132921
0.566311 0.949350 1.131489
0.570036 0.946978 1.130028
0.573706 0.944580 1.128538
0.577321 0.942156 1.127018
0.580880 0.939708 1.125470
0.584383 0.937236 1.123894
0.587832 0.934743 1.122289
0.591225 0.932229 1.120656
0.594563 0.929695 1.118994
0.594775 0.926905 1.117304
0.597846 0.927140 1.117302
0.600920 0.927344 1.117300
0.603892 0.929242 1.114211
0.606920 0.929917 1.106351
0.609966 0.930389 1.098510
0.613070 0.929166 1.093792
0.616163 0.929218 1.093791
0.619256 0.929239 1.093790
0.622348 0.927706 1.096873
0.625410 0.926112 1.099941
0.625411 0.926110 1.099940
0.628472 0.926039 1.099938
0.631580 0.927490 1.096868
0.634716 0.928880 1.093782
