0.620000 0.926263 1.104370
0.616938 0.926246 1.104368
0.616939 0.926244 1.104367
0.616940 0.926243 1.104365
0.616941 0.926241 1.104364
0.620004 0.926255 1.104362
0.623083 0.927836 1.101291
0.626193 0.929355 1.098203
0.629334 0.930812 1.095100
0.632502 0.932205 1.091981
0.635625 0.932082 1.084192
0.635727 0.934097 1.077181
0.635821 0.935965 1.070139
0.639186 0.939217 1.067693
0.642616 0.942407 1.065213
0.646110 0.945536 1.062699
0.649667 0.948601 1.060151
0.653284 0.951602 1.057570
0.656962 0.954537 1.054955
0.660699 0.957405 1.052308
0.664493 0.960205 1.049627
0.668343 0.962936 1.046914
0.672248 0.965597 1.044169
0.676206 0.968187 1.041393
0.680217 0.970704 1.038585
0.684278 0.973148 1.035745
0.688388 0.975518 1.032875
0.692547 0.977812 1.029974
0.696751 0.980030 1.027042
0.701000 0.982170 1.024080
0.701650 0.985068 1.021090
0.702290 0.987935 1.018068
0.702923 0.990774 1.015018
0.703549 0.993583 1.011939
0.704168 0.996362 1.008832
0.704781 0.999111 1.005696
0.705386 1.001829 1.002533
0.705985 1.004516 0.999342
0.706576 1.007173 0.996123
0.707160 1.009797 0.992878
0.707632 1.011916 0.993624
0.708101 1.014027 0.994392
0.708569 1.016131 0.995182
0.708449 1.015596 0.991295
0.708318 1.015022 0.987411
0.708179 1.014409 0.983534
0.708644 1.016505 0.984345
0.709108 1.018593 0.985178
0.709570 1.020673 0.986032
0.710031 1.022744 0.986907
0.710489 1.024806 0.987803
0.710345 1.024158 0.983934
0.710188 1.023469 0.980070
0.710024 1.022744 0.976214
0.709851 1.021980 0.972365
0.709670 1.021179 0.968524
0.709480 1.020341 0.964691
0.709282 1.019465 0.960867
0.709076 1.018552 0.957053
0.708862 1.017602 0.953248
0.708639 1.016615 0.949452
0.704462 1.016453 0.945668
0.700274 1.016212 0.941894
0.700037 1.015111 0.938131
0.699804 1.013971 0.934379
0.699564 1.012795 0.930639
0.699316 1.011583 0.926911
0.699060 1.010333 0.923196
0.698798 1.009048 0.919494
0.698528 1.007726 0.915805
0.698250 1.006368 0.912130
0.697966 1.004974 0.908469
0.697674 1.003544 0.904822
0.697375 1.002079 0.901190
0.697069 1.000578 0.897574
0.696756 0.999042 0.893972
0.696436 0.997470 0.890387
0.696108 0.995864 0.886817
0.695774 0.994222 0.883265
0.695432 0.992546 0.879729
0.695084 0.990835 0.876211
0.694728 0.989090 0.872710
0.694726 0.989090 0.872710
0.694725 0.989090 0.872709
0.694723 0.989090 0.872709
0.694721 0.989090 0.872709
0.694886 0.989090 0.872749
0.695099 0.989088 0.872800
0.695305 0.989088 0.872851
0.695287 0.989094 0.872852
0.695255 0.989098 0.872848
0.695253 0.989101 0.872850
0.695250 0.989103 0.872852
0.695247 0.989106 0.872854
0.695378 0.989775 0.876624
0.691804 0.991142 0.880401
0.688194 0.992439 0.884184
0.684558 0.993663 0.887972
0.680899 0.994814 0.891766
0.677759 0.999462 0.900209
0.674509 1.003908 0.908764
0.670897 1.006162 0.916304
0.667227 1.008235 0.923888
0.663504 1.010123 0.931515
0.659732 1.011825 0.939180
0.655918 1.013340 0.946881
0.652064 1.014665 0.954614
0.648177 1.015800 0.962377
0.644261 1.016742 0.970167
0.640321 1.017492 0.977981
0.636364 1.018048 0.985815
0.632391 1.018408 0.993667
0.628410 1.018572 1.001532
0.624425 1.018541 1.009409
0.620441 1.018313 1.017294
0.616484 1.015695 1.019900
0.616509 1.013067 1.022478
0.616535 1.010413 1.025030
0.616560 1.007733 1.027556
0.620436 1.005043 1.030054
0.624258 1.002290 1.032526
0.624229 0.999536 1.034970
0.624200 0.996758 1.037386
0.624171 0.993955 1.039775
0.624162 0.992969 1.047436
0.624151 0.991828 1.055086
0.624139 0.990532 1.062722
0.624125 0.989082 1.070341
0.624109 0.987477 1.077940
0.624092 0.985717 1.085515
0.624073 0.983804 1.093063
0.624068 0.983296 1.096957
0.624077 0.984309 1.097210
0.624087 0.985324 1.097452
0.624096 0.986342 1.097685
0.624106 0.987362 1.097907
0.624099 0.986814 1.101795
0.624093 0.986228 1.105677
0.624085 0.985603 1.109554
0.624078 0.984939 1.113424
0.624070 0.984237 1.117287
0.624061 0.983496 1.121143
0.624052 0.982716 1.124991
0.624042 0.981898 1.128831
0.624032 0.981042 1.132663
0.624010 0.979230 1.131253
0.623988 0.977405 1.129860
0.623966 0.975565 1.128486
0.623931 0.972702 1.121961
0.623908 0.970821 1.120642
0.623885 0.968928 1.119342
0.623862 0.967023 1.118061
0.623838 0.965104 1.116800
0.623814 0.963173 1.115557
0.623790 0.961229 1.114334
0.623766 0.959274 1.113131
0.623742 0.957306 1.111947
0.623718 0.955327 1.110783
0.623693 0.953336 1.109639
0.623668 0.951334 1.108515
0.623643 0.949321 1.107411
0.623618 0.947297 1.106327
0.623592 0.945262 1.105264
0.623567 0.943217 1.104221
0.623541 0.941161 1.103198
0.623515 0.939096 1.102196
0.623489 0.937020 1.101215
0.623463 0.934934 1.100254
0.623436 0.932840 1.099315
0.623410 0.930735 1.098396
0.623383 0.928622 1.097499
0.623377 0.928622 1.097498
0.623372 0.928622 1.097497
0.620280 0.928639 1.097497
0.617172 0.930156 1.094402
0.614010 0.932961 1.095996
0.610790 0.935750 1.097561
0.607514 0.938521 1.099097
0.604181 0.941272 1.100605
0.600790 0.944004 1.102083
0.597342 0.946714 1.103533
0.593837 0.949402 1.104953
0.590275 0.952065 1.106343
0.586655 0.954704 1.107704
0.582978 0.957317 1.109035
0.579244 0.959903 1.110337
0.575453 0.962460 1.111608
0.571605 0.964987 1.112849
0.567700 0.967484 1.114060
0.563738 0.969948 1.115240
0.559720 0.972380 1.116390
0.555646 0.974776 1.117509
0.551516 0.977137 1.118598
0.547330 0.979462 1.119655
0.543088 0.981748 1.120682
0.538792 0.983994 1.121677
0.534441 0.986201 1.122642
0.530035 0.988365 1.123575
0.525576 0.990487 1.124477
0.521063 0.992565 1.125347
0.516496 0.994597 1.126186
0.511878 0.996583 1.126993
0.507206 0.998522 1.127769
0.502484 1.000411 1.128513
0.497710 1.002251 1.129224
0.492885 1.004039 1.129904
0.488011 1.005776 1.130552
0.483087 1.007459 1.131168
0.478114 1.009087 1.131752
0.473093 1.010660 1.132303
0.468025 1.012175 1.132822
0.462911 1.013633 1.133309
0.457750 1.015032 1.133763
0.452544 1.016371 1.134186
0.447293 1.017649 1.134575
0.441999 1.018864 1.134932
0.436661 1.020015 1.135257
0.431281 1.021102 1.135548
0.425860 1.022123 1.135808
0.420398 1.023078 1.136034
0.414898 1.023965 1.136228
0.409358 1.024783 1.136389
0.403781 1.025531 1.136517
0.398168 1.026209 1.136612
0.392519 1.026815 1.136675
0.386837 1.027351 1.136705
0.381121 1.027812 1.136702
0.375372 1.028199 1.136666
0.369593 1.028512 1.136597
0.365535 1.025995 1.136594
0.360432 1.025024 1.131792
0.355368 1.023960 1.126968
0.349517 1.023992 1.126797
0.344471 1.022767 1.121926
0.340473 1.019997 1.121919
0.336474 1.017169 1.121915
0.332497 1.014297 1.121910
0.328546 1.011382 1.121906
0.324625 1.008428 1.121901
0.320733 1.005434 1.121897
0.316872 1.002402 1.121892
0.313041 0.999330 1.121888
0.309242 0.996220 1.121883
0.305474 0.993073 1.121879
0.301738 0.989887 1.121874
0.298034 0.986664 1.121870
0.294363 0.983404 1.121866
0.290725 0.980107 1.121861
0.287120 0.976774 1.121857
0.283549 0.973405 1.121852
0.280012 0.970000 1.121848
0.274197 0.968854 1.121614
0.268402 0.967655 1.121349
0.262607 0.966381 1.121052
0.256809 0.965028 1.120721
0.251006 0.963592 1.120358
0.245201 0.962074 1.119963
0.239394 0.960472 1.119534
0.234714 0.957812 1.114419
0.230089 0.955054 1.109281
0.225520 0.952204 1.104126
0.221010 0.949265 1.098955
0.216562 0.946237 1.093769
0.212176 0.943124 1.088567
0.207856 0.939925 1.083352
0.203602 0.936643 1.078122
0.199417 0.933279 1.072879
0.196361 0.929120 1.072869
0.193309 0.924887 1.072864
0.190284 0.920602 1.072858
0.188846 0.918515 1.072833
0.188213 0.917593 1.072824
0.187942 0.917117 1.072740
0.187799 0.916860 1.072691
0.187718 0.916713 1.072662
0.187667 0.916621 1.072645
