0.435303 1.013266 1.097853
0.440593 1.012129 1.097604
0.445840 1.010928 1.097322
0.451043 1.009664 1.097008
0.456203 1.008338 1.096661
0.461318 1.006952 1.096281
0.466388 1.005506 1.095869
0.471410 1.004002 1.095425
0.476386 1.002440 1.094948
0.481314 1.000822 1.094439
0.486194 0.999148 1.093897
0.491025 0.997420 1.093322
0.495805 0.995639 1.092716
0.500536 0.993806 1.092077
0.505216 0.991923 1.091406
0.509844 0.989991 1.090704
0.514420 0.988012 1.089970
0.518944 0.985984 1.089204
0.523414 0.983910 1.088406
0.527831 0.981793 1.087576
0.532194 0.979632 1.086715
0.536502 0.977428 1.085823
0.540756 0.975184 1.084900
0.544954 0.972900 1.083945
0.549097 0.970577 1.082958
0.553184 0.968216 1.081941
0.557214 0.965820 1.080893
0.561188 0.963388 1.079813
0.565106 0.960923 1.078704
0.568966 0.958425 1.077563
0.572769 0.955896 1.076393
0.576515 0.953337 1.075191
0.580204 0.950748 1.073959
0.583835 0.948131 1.072697
0.587408 0.945488 1.071405
0.590924 0.942820 1.070083
0.594381 0.940127 1.068732
0.597781 0.937412 1.067350
0.601123 0.934675 1.065940
0.601290 0.931747 1.064500
0.604470 0.930688 1.067616
0.607579 0.930825 1.067614
0.610727 0.929670 1.070717
0.613872 0.926858 1.069189
0.616954 0.925625 1.072251
0.620022 0.925833 1.079949
0.623092 0.925840 1.087677
0.623102 0.925692 1.095432
0.623088 0.924150 1.098479
0.623089 0.924148 1.098478
0.620048 0.924162 1.098477
0.617007 0.924146 1.098475
0.613967 0.924099 1.098474
0.610927 0.924022 1.098473
0.607888 0.923914 1.098471
0.604850 0.923776 1.098470
0.601761 0.924457 1.094634
0.598659 0.925068 1.090790
0.595546 0.925608 1.086938
0.592551 0.924668 1.086145
0.589431 0.925108 1.082285
0.586303 0.925478 1.078419
0.583014 0.927067 1.071459
0.579869 0.927255 1.067573
0.576721 0.927373 1.063681
0.573401 0.928558 1.056669
0.570077 0.929561 1.049632
0.566924 0.929385 1.045718
0.563777 0.929138 1.041801
0.560637 0.928820 1.037881
0.557506 0.928432 1.033958
0.554384 0.927974 1.030033
0.551274 0.927446 1.026106
0.548176 0.926849 1.022179
0.545093 0.926182 1.018250
0.542026 0.925446 1.014321
0.538977 0.924642 1.010391
0.535946 0.923769 1.006462
0.532935 0.922828 1.002534
0.529945 0.921820 0.998607
0.526979 0.920745 0.994681
0.524037 0.919603 0.990757
0.521121 0.918395 0.986835
0.518233 0.917122 0.982916
0.515372 0.915785 0.979000
0.512542 0.914382 0.975088
0.509743 0.912917 0.971179
0.506977 0.911388 0.967275
0.504245 0.909797 0.963375
0.504435 0.909315 0.959480
0.504640 0.908797 0.955590
0.504859 0.908243 0.951706
0.505093 0.907652 0.947828
0.505341 0.907026 0.943957
0.505603 0.906363 0.940093
0.505879 0.905665 0.936236
0.506170 0.904931 0.932387
0.506475 0.904162 0.928546
0.507576 0.901369 0.923874
0.508695 0.898533 0.919232
0.509043 0.897656 0.915417
0.509404 0.896745 0.911612
0.508620 0.898738 0.912429
0.508993 0.897795 0.908637
0.510169 0.894816 0.904033
0.510170 0.894814 0.904032
0.510172 0.894813 0.904031
0.510173 0.894811 0.904030
0.510174 0.894809 0.904029
0.510175 0.894807 0.904028
0.510176 0.894806 0.904027
0.510177 0.894804 0.904026
0.509952 0.894796 0.904098
0.509734 0.894788 0.904172
0.509524 0.894780 0.904245
0.509320 0.894773 0.904319
0.509232 0.894772 0.904358
0.509150 0.894769 0.904394
0.509068 0.894767 0.904431
0.509049 0.894747 0.904432
0.509029 0.894731 0.904435
0.508888 0.895072 0.907398
0.511517 0.896485 0.910366
0.511400 0.896772 0.913336
0.511294 0.897032 0.916309
0.514165 0.897839 0.913334
0.517052 0.898588 0.910361
0.519953 0.899279 0.907392
0.522519 0.900904 0.908210
0.525002 0.902821 0.912003
0.527525 0.904680 0.915807
0.530087 0.906481 0.919620
0.532687 0.908223 0.923442
0.535323 0.909904 0.927273
0.537995 0.911524 0.931113
0.540700 0.913083 0.934960
0.543438 0.914579 0.938816
0.546207 0.916013 0.942678
0.549006 0.917382 0.946548
0.551833 0.918688 0.950423
0.554688 0.919928 0.954305
0.557568 0.921104 0.958193
0.560473 0.922213 0.962086
0.563400 0.923256 0.965984
0.566350 0.924233 0.969887
0.569319 0.925142 0.973793
0.572307 0.925983 0.977704
0.575313 0.926756 0.981617
0.578334 0.927461 0.985534
0.581370 0.928098 0.989454
0.584418 0.928665 0.993375
0.587479 0.929163 0.997299
0.590549 0.929592 1.001224
0.593627 0.929951 1.005150
0.596713 0.930240 1.009076
0.599804 0.930459 1.013003
0.599795 0.930422 1.016929
0.599788 0.930346 1.020855
0.602886 0.930417 1.024781
0.605986 0.930418 1.028704
0.609085 0.930349 1.032627
0.612182 0.930209 1.036547
0.615276 0.930000 1.040464
0.618365 0.929720 1.044379
0.621448 0.929371 1.048290
0.621434 0.928982 1.052197
0.621419 0.928553 1.056101
0.623472 0.928063 1.059986
0.625544 0.927534 1.063886
0.625548 0.926989 1.067774
0.625551 0.926404 1.071657
0.625553 0.925781 1.075535
0.625555 0.925119 1.079405
0.625556 0.924419 1.083269
0.625556 0.923680 1.087126
0.625555 0.922902 1.090975
0.625571 0.924230 1.095636
0.625582 0.926364 1.096477
0.625576 0.926363 1.096476
0.625586 0.928489 1.097338
0.625596 0.930606 1.098221
0.625590 0.930604 1.098220
0.625562 0.929300 1.093493
0.625533 0.927948 1.088779
0.622448 0.927986 1.088777
0.619347 0.929436 1.085689
0.616197 0.932268 1.087271
0.612990 0.935084 1.088825
0.609725 0.937882 1.090350
0.606403 0.940661 1.091846
0.603024 0.943420 1.093313
0.599587 0.946157 1.094751
0.596092 0.948872 1.096160
0.592540 0.951563 1.097538
0.588930 0.954230 1.098887
0.585262 0.956870 1.100207
0.581537 0.959483 1.101496
0.577754 0.962067 1.102755
0.573914 0.964622 1.103984
0.570017 0.967146 1.105182
0.566063 0.969638 1.106351
0.562052 0.972096 1.107488
0.557984 0.974520 1.108595
0.553860 0.976908 1.109671
0.549680 0.979260 1.110716
0.545444 0.981573 1.111730
0.541153 0.983846 1.112713
0.536806 0.986079 1.113664
0.532405 0.988271 1.114585
0.527949 0.990419 1.115474
0.523439 0.992523 1.116331
0.518876 0.994582 1.117157
0.514260 0.996594 1.117951
0.509591 0.998559 1.118713
0.504870 1.000474 1.119443
0.500097 1.002339 1.120142
0.495274 1.004153 1.120808
0.490400 1.005915 1.121442
0.485476 1.007623 1.122044
0.480503 1.009276 1.122614
0.475482 1.010874 1.123152
0.470413 1.012414 1.123657
0.465297 1.013896 1.124130
0.460134 1.015319 1.124570
0.454926 1.016682 1.124978
0.449673 1.017983 1.125354
