0.616410 0.928127 1.096765
0.616374 0.929391 1.101489
0.616369 0.929390 1.101489
0.616363 0.929389 1.101488
0.613264 0.929335 1.101487
0.610078 0.932084 1.103109
0.606837 0.934815 1.104702
0.603539 0.937529 1.106267
0.600185 0.940223 1.107803
0.596775 0.942897 1.109310
0.593309 0.945549 1.110789
0.589786 0.948179 1.112238
0.586207 0.950785 1.113657
0.582572 0.953365 1.115047
0.578880 0.955920 1.116408
0.575133 0.958447 1.117738
0.571329 0.960945 1.119039
0.567469 0.963414 1.120310
0.563553 0.965852 1.121550
0.559581 0.968257 1.122761
0.555554 0.970630 1.123940
0.551472 0.972967 1.125090
0.547334 0.975269 1.126208
0.543142 0.977534 1.127296
0.538895 0.979761 1.128353
0.534594 0.981949 1.129379
0.530239 0.984097 1.130373
0.525831 0.986202 1.131337
0.521370 0.988265 1.132269
0.516856 0.990284 1.133170
0.512289 0.992258 1.134039
0.507671 0.994185 1.134877
0.503002 0.996065 1.135683
0.498282 0.997896 1.136457
0.493512 0.999678 1.137200
0.488692 1.001408 1.137910
0.483822 1.003086 1.138589
0.478905 1.004712 1.139235
0.473939 1.006283 1.139850
0.468927 1.007798 1.140432
0.463867 1.009257 1.140981
0.458762 1.010658 1.141499
0.453612 1.012001 1.141984
0.448418 1.013283 1.142437
0.443180 1.014505 1.142857
0.437899 1.015665 1.143244
0.432576 1.016762 1.143599
0.427212 1.017795 1.143921
0.421808 1.018763 1.144211
0.416364 1.019664 1.144468
0.410882 1.020499 1.144692
0.405362 1.021266 1.144883
0.399806 1.021964 1.145042
0.394214 1.022591 1.145167
0.388587 1.023149 1.145260
0.382927 1.023634 1.145320
0.377235 1.024046 1.145347
0.371511 1.024386 1.145341
0.365757 1.024650 1.145302
0.359974 1.024840 1.145230
0.354163 1.024954 1.145125
0.348326 1.024992 1.144987
0.342463 1.024952 1.144816
0.336575 1.024834 1.144612
0.330665 1.024637 1.144375
0.324734 1.024361 1.144105
0.318782 1.024005 1.143803
0.312811 1.023569 1.143467
0.306823 1.023052 1.143098
0.300819 1.022453 1.142697
0.294801 1.021773 1.142262
0.288769 1.021010 1.141795
0.282736 1.020173 1.141295
0.276683 1.019245 1.140761
0.270618 1.018231 1.140195
0.264545 1.017132 1.139596
0.259315 1.015020 1.134259
0.254137 1.012800 1.128885
0.249008 1.010478 1.123493
0.243916 1.008044 1.118083
0.238885 1.005520 1.112656
0.233912 1.002903 1.107213
0.230915 1.002148 1.101735
0.228875 1.002281 1.096252
0.226173 1.003992 1.095348
0.223700 1.005938 1.094430
0.221354 1.007999 1.093480
0.219077 1.010118 1.092499
0.216842 1.012266 1.091487
0.214634 1.014426 1.090442
0.212447 1.016592 1.089366
0.210275 1.018757 1.088258
0.208118 1.020921 1.087118
0.205974 1.023081 1.085947
0.204994 1.024087 1.080167
0.204074 1.025046 1.074347
0.203200 1.025969 1.068513
0.202335 1.026819 1.062665
0.199720 1.025779 1.056802
0.196094 1.023576 1.050930
0.193936 1.022824 1.045073
0.193380 1.022148 1.044954
0.193108 1.021812 1.044892
0.192996 1.021688 1.044886
0.192964 1.021650 1.044880
0.192970 1.021651 1.044873
0.195863 1.023178 1.050730
0.199861 1.025747 1.056574
0.204402 1.028735 1.062404
0.209230 1.031857 1.068219
0.214225 1.034985 1.074021
0.218324 1.038954 1.074024
0.223511 1.042022 1.079803
0.230893 1.046950 1.085569
0.239423 1.052634 1.091323
0.248589 1.058547 1.097066
0.258144 1.064438 1.102799
0.266588 1.067250 1.103865
0.274008 1.069106 1.104890
0.278634 1.068731 1.105891
0.281883 1.067279 1.106855
0.284456 1.065299 1.107787
0.289008 1.064780 1.108674
0.294499 1.064917 1.109534
0.300427 1.065311 1.110366
0.306550 1.065777 1.111168
0.312752 1.066227 1.111939
0.318981 1.066620 1.112679
0.325208 1.066940 1.113387
0.331421 1.067179 1.114064
0.337614 1.067333 1.114710
0.343784 1.067403 1.115323
0.349927 1.067388 1.115904
0.356044 1.067289 1.116454
0.362131 1.067107 1.116971
0.368189 1.066843 1.117456
0.374216 1.066498 1.117909
0.380211 1.066072 1.118330
0.386173 1.065567 1.118718
0.392103 1.064983 1.119074
0.397998 1.064321 1.119397
0.403857 1.063583 1.119687
0.409680 1.062770 1.119945
0.415465 1.061883 1.120170
0.421211 1.060924 1.120364
0.426918 1.059892 1.120525
0.432585 1.058790 1.120654
0.438211 1.057618 1.120750
0.443795 1.056376 1.120813
0.449337 1.055067 1.120844
0.454836 1.053691 1.120842
0.460290 1.052249 1.120808
0.465699 1.050743 1.120741
0.471062 1.049173 1.120641
0.476378 1.047540 1.120509
0.481647 1.045846 1.120345
0.486868 1.044091 1.120147
0.492040 1.042277 1.119917
0.497162 1.040404 1.119655
0.502233 1.038475 1.119360
0.507253 1.036489 1.119032
0.512221 1.034448 1.118671
0.517137 1.032353 1.118278
0.521999 1.030206 1.117852
0.526808 1.028007 1.117393
0.531563 1.025758 1.116902
0.536263 1.023459 1.116379
0.540908 1.021113 1.115823
0.545497 1.018721 1.115236
0.550030 1.016284 1.114616
0.554506 1.013802 1.113965
0.558926 1.011278 1.113282
0.563287 1.008711 1.112566
0.567591 1.006104 1.111818
0.571837 1.003458 1.111039
0.576024 1.000773 1.110229
0.580152 0.998053 1.109387
0.584221 0.995296 1.108513
0.588231 0.992506 1.107609
0.592181 0.989681 1.106672
0.596071 0.986825 1.105704
0.599901 0.983938 1.104705
0.603672 0.981022 1.103675
0.607381 0.978077 1.102615
0.611031 0.975106 1.101524
0.614620 0.972109 1.100402
0.618148 0.969087 1.099248
0.618157 0.966041 1.098066
0.618165 0.963007 1.096852
0.618174 0.959984 1.095608
0.618183 0.956975 1.094334
0.618192 0.953978 1.093030
0.618201 0.950995 1.091697
0.618211 0.948025 1.090333
0.618221 0.945068 1.088940
0.618232 0.942125 1.087517
0.618243 0.939197 1.086065
0.618255 0.936284 1.084583
0.618267 0.933385 1.083073
0.618279 0.930502 1.081534
0.618266 0.929100 1.084631
0.618253 0.927666 1.087713
0.618240 0.926202 1.090781
0.618226 0.924708 1.093834
