0.620000 0.927382 1.099355
0.623074 0.927365 1.099354
0.626149 0.927317 1.099352
0.629222 0.927238 1.099351
0.632357 0.928676 1.096268
0.635585 0.931357 1.097904
0.638869 0.934020 1.099512
0.642021 0.934011 1.091639
0.645162 0.933794 1.083789
0.648286 0.933374 1.075970
0.651708 0.935963 1.077463
0.655012 0.936949 1.074279
0.658336 0.937868 1.071082
0.661677 0.938721 1.067873
0.665035 0.939507 1.064651
0.668407 0.940226 1.061417
0.671793 0.940877 1.058172
0.675565 0.943635 1.055545
0.679043 0.944411 1.048336
0.682515 0.945002 1.041109
0.686394 0.947478 1.038380
0.690323 0.949883 1.035619
0.694301 0.952214 1.032827
0.694979 0.955239 1.030004
0.695649 0.958235 1.027150
0.696312 0.961202 1.024264
0.696969 0.964142 1.021349
0.697619 0.967052 1.018403
0.697733 0.967570 1.010922
0.697678 0.967326 1.007001
0.697614 0.967045 1.003083
0.697541 0.966725 0.999168
0.697460 0.966368 0.995256
0.700826 0.965183 0.991350
0.700727 0.964751 0.987447
0.700615 0.964280 0.983548
0.700495 0.963772 0.979655
0.700365 0.963225 0.975766
0.700227 0.962641 0.971884
0.700080 0.962019 0.968007
0.699924 0.961359 0.964138
0.699759 0.960662 0.960275
0.699586 0.959927 0.956420
0.699403 0.959154 0.952572
0.699212 0.958344 0.948732
0.699012 0.957497 0.944901
0.698804 0.956613 0.941079
0.698586 0.955691 0.937266
0.698360 0.954733 0.933463
0.701460 0.952940 0.929671
0.704521 0.951082 0.925888
0.704251 0.950019 0.922117
0.704798 0.952169 0.922702
0.705344 0.954313 0.923310
0.705888 0.956452 0.923939
0.706380 0.958388 0.921098
0.706866 0.960297 0.918236
0.707344 0.962179 0.915355
0.707816 0.964032 0.912455
0.708280 0.965858 0.909536
0.708736 0.967655 0.906598
0.709186 0.969424 0.903642
0.709627 0.971164 0.900668
0.710062 0.972875 0.897675
0.710604 0.975008 0.898327
0.711144 0.977134 0.899001
0.711571 0.978817 0.895992
0.708390 0.981370 0.892966
0.704652 0.981731 0.889248
0.704513 0.981191 0.885535
0.704376 0.980614 0.881828
0.704735 0.982156 0.878736
0.705086 0.983668 0.875628
0.701471 0.984496 0.875629
0.701442 0.984501 0.875628
0.701439 0.984501 0.875627
0.701438 0.984502 0.875627
0.701436 0.984502 0.875627
0.701434 0.984502 0.875627
0.701432 0.984503 0.875627
0.701212 0.984513 0.875593
0.701238 0.984512 0.875597
0.701262 0.984511 0.875600
0.701267 0.984511 0.875602
0.701271 0.984512 0.875604
0.701405 0.985152 0.879341
0.701533 0.985755 0.883084
0.701653 0.986322 0.886834
0.698123 0.987647 0.890591
0.694537 0.988906 0.894351
0.690926 0.990092 0.898117
0.687930 0.994738 0.906326
0.684822 0.999191 0.914646
0.681604 1.003447 0.923073
0.677967 1.005419 0.930694
0.674276 1.007205 0.938351
0.670535 1.008806 0.946042
0.666749 1.010219 0.953764
0.662923 1.011442 0.961514
0.659062 1.012475 0.969289
0.655171 1.013315 0.977085
0.651255 1.013962 0.984900
0.647318 1.014415 0.992730
0.643366 1.014672 1.000573
0.639404 1.014734 1.008425
0.635437 1.014599 1.016283
0.631470 1.014268 1.024145
0.627508 1.013740 1.032006
0.623556 1.013015 1.039863
0.619619 1.012094 1.047715
0.615703 1.010977 1.055557
0.615708 1.009725 1.063386
0.615716 1.008318 1.071199
0.619592 1.006777 1.078994
0.623436 1.005041 1.086766
0.623412 1.003165 1.094513
0.623385 1.001134 1.102232
0.623347 0.997665 1.104686
0.623336 0.997259 1.113699
0.623314 0.995533 1.117462
0.623293 0.993769 1.121207
0.623270 0.991968 1.124935
0.623230 0.988342 1.127204
0.623189 0.984694 1.129438
0.623148 0.981023 1.131634
0.623107 0.977330 1.133794
0.623084 0.975528 1.132372
0.623079 0.975574 1.127421
0.623073 0.975542 1.122506
0.623049 0.973670 1.121175
0.623025 0.971786 1.119863
0.623001 0.969888 1.118569
0.622977 0.967978 1.117295
0.622952 0.966055 1.116040
0.622927 0.964120 1.114805
0.622903 0.962172 1.113589
0.622878 0.960212 1.112392
0.622853 0.958241 1.111215
0.622827 0.956258 1.110058
0.622802 0.954263 1.108921
0.622777 0.952257 1.107803
0.622751 0.950240 1.106706
0.622725 0.948212 1.105630
0.622699 0.946174 1.104573
0.622673 0.944125 1.103537
0.622647 0.942065 1.102522
0.622621 0.939996 1.101527
0.622594 0.937917 1.100553
0.622568 0.935828 1.099600
0.622541 0.933730 1.098667
0.622515 0.931623 1.097756
0.622488 0.929507 1.096866
0.622461 0.927381 1.095997
0.622455 0.927381 1.095997
0.622449 0.927381 1.095996
0.619370 0.927390 1.095995
0.616259 0.930209 1.097603
0.613091 0.933013 1.099183
0.609867 0.935800 1.100735
0.606585 0.938569 1.102257
0.603247 0.941318 1.103751
0.599851 0.944047 1.105215
0.596398 0.946754 1.106650
0.592888 0.949439 1.108056
0.589320 0.952100 1.109432
0.585695 0.954735 1.110779
0.582013 0.957344 1.112096
0.578274 0.959926 1.113382
0.574478 0.962479 1.114639
0.570624 0.965002 1.115865
0.566714 0.967494 1.117061
0.562748 0.969953 1.118227
0.558725 0.972379 1.119362
0.554646 0.974770 1.120466
0.550511 0.977125 1.121540
0.546320 0.979443 1.122583
0.542074 0.981723 1.123594
0.537773 0.983963 1.124575
0.533417 0.986162 1.125524
0.529007 0.988320 1.126442
0.524543 0.990434 1.127328
0.520025 0.992504 1.128183
0.515454 0.994528 1.129007
0.510831 0.996506 1.129799
0.506155 0.998436 1.130559
0.501428 1.000316 1.131287
0.496650 1.002147 1.131983
0.491821 1.003926 1.132647
0.486942 1.005652 1.133280
0.482014 1.007325 1.133880
0.477037 1.008943 1.134448
0.472013 1.010505 1.134983
0.466940 1.012010 1.135487
0.461822 1.013456 1.135958
0.456657 1.014844 1.136396
0.451447 1.016170 1.136802
0.446193 1.017436 1.137176
0.440895 1.018639 1.137517
0.435554 1.019778 1.137825
0.430172 1.020852 1.138101
0.424748 1.021861 1.138344
0.419285 1.022803 1.138555
0.413782 1.023677 1.138732
0.408241 1.024483 1.138877
0.402663 1.025219 1.138989
0.397049 1.025884 1.139068
0.391399 1.026478 1.139115
0.385716 1.026999 1.139128
0.379999 1.027447 1.139109
0.374251 1.027820 1.139057
0.368472 1.028119 1.138972
0.362664 1.028342 1.138854
0.356827 1.028489 1.138703
0.350964 1.028558 1.138519
0.345075 1.028549 1.138303
0.339161 1.028461 1.138053
0.333224 1.028294 1.137771
0.327266 1.028047 1.137455
0.321287 1.027720 1.137107
0.315289 1.027312 1.136726
0.309274 1.026822 1.136313
0.303243 1.026249 1.135866
0.297197 1.025595 1.135387
0.291137 1.024857 1.134874
0.285066 1.024036 1.134329
0.278985 1.023132 1.133752
0.272894 1.022142 1.133141
0.266797 1.021069 1.132498
0.260694 1.019911 1.131822
0.254587 1.018668 1.131114
0.248477 1.017341 1.130373
0.243277 1.014971 1.124925
0.238136 1.012496 1.119444
0.233049 1.009922 1.113946
0.228018 1.007249 1.108430
0.223044 1.004479 1.102898
0.218130 1.001613 1.097351
0.213277 0.998652 1.091788
0.208486 0.995597 1.086211
0.203761 0.992449 1.080619
0.199101 0.989210 1.075014
0.194510 0.985880 1.069396
0.189988 0.982461 1.063765
0.185537 0.978955 1.058123
0.182763 0.977333 1.052465
0.180948 0.976779 1.046800
0.179659 0.976778 1.041125
0.178671 0.977057 1.035442
0.176248 0.975457 1.029745
0.173025 0.972732 1.024041
0.169426 0.969382 1.018330
0.167268 0.967765 1.012619
0.165965 0.967151 1.006900
0.165119 0.967036 1.001174
0.165034 0.966888 1.001149
0.165007 0.966836 1.001138
0.163388 0.964670 1.001114
0.160872 0.961286 1.001097
0.157942 0.957287 1.001083
0.154833 0.952967 1.001070
0.151662 0.948473 1.001058
0.148484 0.943876 1.001046
0.148763 0.940106 0.996799
0.149964 0.937573 0.992558
0.151626 0.935639 0.988340
0.153530 0.933987 0.984145
0.155569 0.932459 0.979975
0.157691 0.930980 0.975832
0.159870 0.929513 0.971714
0.159907 0.929562 0.971710
0.159940 0.929607 0.971708
0.159971 0.929650 0.971705
0.160001 0.929692 0.971703
0.160345 0.929633 0.977242
0.160703 0.929500 0.982779
0.162687 0.931680 0.988328
0.165575 0.935034 0.993864
0.170899 0.937428 0.995181
0.176421 0.939994 0.996465
