0.433420 -0.699752 1.061328
0.430682 -0.701584 1.057205
0.427149 -0.703713 1.051891
0.422747 -0.706015 1.045354
0.418341 -0.708050 1.039056
0.413006 -0.710418 1.031829
0.408597 -0.712261 1.026200
0.406150 -0.713146 1.023074
0.401913 -0.714470 1.017745
0.397694 -0.715476 1.012407
0.395094 -0.716058 1.009266
0.391531 -0.716729 1.004940
0.386898 -0.717374 0.999414
0.380935 -0.718161 0.992766
0.375769 -0.718723 0.987143
0.373771 -0.718840 0.984954
0.370774 -0.718891 0.981554
0.367269 -0.718770 0.977232
0.363948 -0.718840 0.973226
0.360909 -0.718992 0.969806
0.359464 -0.719087 0.968302
0.355563 -0.719424 0.964559
0.354994 -0.719375 0.963807
0.354511 -0.719215 0.962915
0.354429 -0.719026 0.962404
0.354649 -0.718803 0.962136
0.356269 -0.717615 0.961003
0.357985 -0.716578 0.960077
0.360510 -0.714988 0.958573
0.364317 -0.712419 0.956216
0.365239 -0.712001 0.955908
0.365441 -0.712038 0.956021
0.365395 -0.712077 0.956054
0.365395 -0.712046 0.956009
0.365607 -0.711955 0.956086
0.365708 -0.711874 0.956046
0.368012 -0.709472 0.953648
0.369254 -0.708025 0.952178
0.369520 -0.707400 0.951509
0.369647 -0.706093 0.950299
0.369385 -0.703421 0.947881
0.369343 -0.702077 0.946517
0.369426 -0.701216 0.945571
0.369824 -0.699760 0.943997
0.370436 -0.698432 0.942597
0.371400 -0.696658 0.940766
0.371538 -0.696237 0.940271
0.371508 -0.696246 0.940183
0.371398 -0.696416 0.940207
0.371198 -0.697180 0.940528
0.371209 -0.697262 0.940540
0.371334 -0.697308 0.940511
0.371555 -0.697222 0.940391
0.372281 -0.696712 0.939685
0.373072 -0.695821 0.938773
0.373858 -0.694706 0.937539
0.374403 -0.694097 0.936839
0.374767 -0.693648 0.936209
0.374905 -0.693527 0.935854
0.374973 -0.693540 0.935760
0.374914 -0.693664 0.935693
0.374967 -0.693906 0.935671
0.374966 -0.694692 0.935879
0.375085 -0.694724 0.935871
0.375400 -0.694509 0.935586
0.375700 -0.694177 0.935150
0.377970 -0.691215 0.932134
0.378419 -0.690489 0.931430
0.378631 -0.689935 0.930853
0.378572 -0.689685 0.930548
0.378316 -0.689472 0.930288
0.376459 -0.689395 0.929948
0.376088 -0.689498 0.929944
0.375547 -0.689916 0.930074
0.375239 -0.690308 0.930225
0.374748 -0.691216 0.930603
0.374482 -0.692118 0.931003
0.374753 -0.691768 0.930619
0.375132 -0.691087 0.929819
0.375350 -0.690607 0.929304
0.375472 -0.689975 0.928660
0.375446 -0.689186 0.927840
0.375349 -0.688859 0.927482
0.375012 -0.688121 0.926667
0.374481 -0.687294 0.925682
0.374521 -0.686775 0.925142
0.374663 -0.686498 0.924887
0.374680 -0.686306 0.924659
0.375054 -0.686017 0.924289
0.375428 -0.686081 0.924132
0.375654 -0.686655 0.924321
0.375921 -0.686867 0.924320
0.376241 -0.686757 0.924085
0.376783 -0.686033 0.923347
0.376803 -0.685831 0.923105
0.376672 -0.685703 0.922980
0.376701 -0.685352 0.922643
0.376541 -0.685342 0.922624
0.377011 -0.685228 0.922948
0.376809 -0.685263 0.922809
0.376899 -0.685237 0.922885
0.376772 -0.685408 0.923060
0.376846 -0.685386 0.923107
0.376830 -0.685425 0.923161
0.376460 -0.685960 0.923746
0.376157 -0.686522 0.924518
0.374863 -0.688337 0.926510
0.374593 -0.688912 0.927264
0.374431 -0.689597 0.928344
0.374031 -0.690608 0.929777
0.373853 -0.691671 0.931549
0.374018 -0.692103 0.932501
0.374662 -0.692854 0.934532
0.375733 -0.693359 0.936571
0.376883 -0.693651 0.938318
0.377777 -0.693799 0.939539
0.379317 -0.693946 0.941484
0.381144 -0.693987 0.943608
0.383236 -0.693920 0.945929
0.388132 -0.693483 0.951116
0.393700 -0.692720 0.957103
0.398622 -0.691814 0.962580
0.401648 -0.691125 0.965994
0.404717 -0.690329 0.969401
0.406803 -0.689704 0.971672
0.409978 -0.688602 0.975059
0.413190 -0.687299 0.978265
0.415353 -0.686317 0.980379
0.420586 -0.683701 0.985596
0.425739 -0.680850 0.990968
0.431947 -0.677114 0.997550
0.440544 -0.671428 1.006648
0.446073 -0.667618 1.012738
0.450487 -0.664479 1.017877
0.455948 -0.660380 1.024564
0.461327 -0.656066 1.031593
0.464509 -0.653336 1.035904
0.467652 -0.650461 1.040228
0.470847 -0.647322 1.044488
0.473894 -0.644042 1.048729
0.475860 -0.641766 1.051569
0.477681 -0.639504 1.054352
0.480348 -0.635962 1.058552
0.482953 -0.632213 1.062794
0.487057 -0.625794 1.069854
0.488560 -0.623204 1.072716
0.490084 -0.620464 1.075546
0.493663 -0.613537 1.082746
0.497793 -0.604840 1.091942
0.500375 -0.598966 1.098346
0.502228 -0.594572 1.103346
0.504038 -0.590108 1.108552
0.507416 -0.580973 1.119340
0.508476 -0.577813 1.122967
0.509513 -0.574563 1.126518
0.511111 -0.569433 1.131849
0.512859 -0.563893 1.136810
0.513452 -0.562003 1.138400
0.515209 -0.556246 1.142925
0.517002 -0.550372 1.147128
0.517620 -0.548346 1.148477
0.520573 -0.538280 1.154780
0.521728 -0.534213 1.157096
0.523890 -0.526136 1.161425
0.525835 -0.518040 1.165567
0.527180 -0.511942 1.168634
0.528909 -0.503626 1.172828
0.531005 -0.492796 1.178155
0.532129 -0.486281 1.181285
0.533112 -0.479728 1.184437
0.534970 -0.466062 1.190580
0.535973 -0.458691 1.193541
0.536656 -0.453607 1.195437
0.537611 -0.446000 1.198091
0.538507 -0.438351 1.200549
0.539118 -0.433105 1.202094
0.540171 -0.424867 1.204148
0.540901 -0.419259 1.205373
0.541621 -0.413720 1.206435
0.542303 -0.408213 1.207403
0.543740 -0.397254 1.208978
0.545701 -0.383451 1.210404
0.546509 -0.378006 1.210820
0.547849 -0.369770 1.211204
0.549718 -0.359182 1.211581
0.551472 -0.348665 1.211796
0.553274 -0.335592 1.212115
0.554175 -0.327777 1.212332
0.554672 -0.322597 1.212571
0.555263 -0.315068 1.213047
0.555838 -0.305040 1.213814
0.556146 -0.295119 1.214794
0.556143 -0.283169 1.216416
0.555844 -0.271674 1.218004
0.555342 -0.262616 1.219275
0.554845 -0.255737 1.219920
0.554206 -0.248728 1.220360
0.552882 -0.237314 1.220271
0.551996 -0.230574 1.219747
0.551352 -0.226107 1.219271
0.550358 -0.219741 1.218193
0.549718 -0.215734 1.217278
0.549053 -0.211719 1.216258
0.547984 -0.205781 1.214580
0.547262 -0.202046 1.213411
0.546564 -0.198468 1.212142
0.546225 -0.196746 1.211443
0.545280 -0.191702 1.209145
0.544701 -0.188479 1.207488
0.543929 -0.183913 1.204816
0.543463 -0.181032 1.203022
0.542862 -0.176855 1.200157
0.542544 -0.174328 1.198248
0.542279 -0.171186 1.195093
0.542191 -0.166843 1.190183
0.542112 -0.157577 1.180263
0.541756 -0.152471 1.175115
0.541535 -0.148758 1.171171
0.541468 -0.147206 1.169445
0.541460 -0.144770 1.166463
0.541571 -0.143205 1.164286
0.541802 -0.141717 1.161914
0.542333 -0.139569 1.158017
0.543007 -0.137413 1.153708
0.543812 -0.135365 1.149085
0.544437 -0.134179 1.145964
0.545103 -0.133093 1.142850
0.546478 -0.131022 1.136523
0.547201 -0.130131 1.133376
0.547946 -0.129392 1.130328
0.550652 -0.127423 1.120226
0.552446 -0.126246 1.113019
0.554068 -0.125411 1.106144
0.554612 -0.124971 1.103451
0.555038 -0.124395 1.100788
0.555489 -0.123203 1.096818
0.555666 -0.122225 1.094240
0.555788 -0.120081 1.089582
0.555706 -0.118504 1.086336
0.555546 -0.117412 1.084287
0.555107 -0.115574 1.081504
0.359203 -0.741577 1.050113
0.358746 -0.741926 1.049244
0.358691 -0.742010 1.049070
0.358844 -0.742024 1.049206
0.358965 -0.741905 1.049023
0.358838 -0.741941 1.048707
0.355680 -0.743269 1.043615
0.354453 -0.743634 1.041404
0.353542 -0.743805 1.039582
0.352296 -0.743779 1.036316
0.351471 -0.743667 1.033900
0.348560 -0.742974 1.024525
0.347736 -0.742661 1.021753
0.346717 -0.742071 1.017721
0.345135 -0.740733 1.010107
0.344319 -0.740252 1.006855
0.343549 -0.739972 1.003697
0.343358 -0.739720 1.001842
0.343397 -0.739500 1.000836
0.343509 -0.739300 1.000167
0.343862 -0.738839 0.998940
0.344347 -0.738467 0.998510
0.344257 -0.738497 0.998394
0.344243 -0.738509 0.998451
0.344085 -0.738490 0.998341
0.343767 -0.738399 0.998017
0.343647 -0.738268 0.997819
0.343633 -0.737892 0.997388
0.345011 -0.734987 0.994507
0.345466 -0.733891 0.993377
0.346111 -0.732028 0.991292
0.346515 -0.730145 0.988770
0.346598 -0.728917 0.986928
0.346269 -0.727271 0.983854
0.345342 -0.726081 0.980599
0.344435 -0.725559 0.978381
0.342688 -0.725249 0.975132
0.338661 -0.725275 0.968492
0.337955 -0.725288 0.967115
0.336171 -0.725517 0.964160
0.343202 -0.719564 0.958102
0.347818 -0.716686 0.954776
0.350766 -0.715230 0.952791
0.352792 -0.714037 0.951342
0.353811 -0.713266 0.950481
0.355677 -0.711515 0.948714
0.355921 -0.712504 0.949192
0.356139 -0.712737 0.949243
0.356405 -0.712716 0.949129
0.357356 -0.712123 0.948425
0.359312 -0.710487 0.946665
0.360092 -0.710026 0.946139
0.360401 -0.709935 0.945933
0.360626 -0.710041 0.945919
0.361050 -0.710594 0.946065
0.361224 -0.710960 0.946228
0.361402 -0.711667 0.946641
0.361462 -0.711797 0.946700
0.361538 -0.711812 0.946655
0.362684 -0.710727 0.945591
0.364379 -0.709016 0.943832
0.365130 -0.708180 0.942993
0.365278 -0.707828 0.942596
0.365213 -0.707620 0.942318
0.365082 -0.707542 0.942179
0.363911 -0.707359 0.941631
0.363991 -0.707387 0.941695
0.363946 -0.707457 0.941689
0.363978 -0.707763 0.941817
0.364280 -0.709579 0.942740
0.364255 -0.709875 0.942834
0.364149 -0.710140 0.942825
0.363966 -0.710320 0.942629
0.363714 -0.710341 0.942296
0.362733 -0.710116 0.940639
0.361242 -0.710087 0.938627
0.358432 -0.710356 0.935420
0.355270 -0.710821 0.931879
0.353438 -0.711361 0.929966
0.352204 -0.711846 0.928858
0.350461 -0.712631 0.927446
0.348751 -0.713566 0.926097
0.348186 -0.713947 0.925602
0.347968 -0.714102 0.925369
0.347766 -0.714331 0.924983
0.347624 -0.714651 0.924550
0.347915 -0.714579 0.924342
0.348636 -0.714074 0.923853
0.352430 -0.710233 0.919939
0.352871 -0.709930 0.919632
0.353143 -0.709839 0.919518
0.353403 -0.709936 0.919541
0.353750 -0.710266 0.919743
0.354109 -0.710535 0.919774
0.354345 -0.710776 0.919881
0.354553 -0.710864 0.919902
0.354812 -0.710749 0.919740
0.355191 -0.710327 0.919264
0.356359 -0.709107 0.918115
0.357533 -0.707766 0.916712
0.358175 -0.707095 0.916105
0.358246 -0.706998 0.915936
0.358567 -0.708765 0.916904
0.358644 -0.708958 0.916989
0.358796 -0.709025 0.917009
0.358934 -0.708997 0.916896
0.361134 -0.706526 0.914386
0.361369 -0.706208 0.914020
0.361160 -0.706216 0.913940
0.361232 -0.706191 0.913992
0.361177 -0.706260 0.914072
0.361611 -0.706117 0.914391
0.361660 -0.706112 0.914448
0.361606 -0.706149 0.914450
0.367977 -0.703990 0.919781
0.367630 -0.704061 0.919570
0.362968 -0.703317 0.917973
0.363179 -0.703273 0.918094
0.363578 -0.703304 0.918501
0.364042 -0.703172 0.918856
0.363758 -0.703202 0.918673
0.363809 -0.703153 0.918669
0.363975 -0.703159 0.918892
0.363957 -0.703234 0.919046
0.364045 -0.703250 0.919218
0.364673 -0.703161 0.920044
0.365302 -0.703146 0.921066
0.366638 -0.703288 0.923703
0.368293 -0.703403 0.926726
0.370980 -0.703348 0.931142
0.372813 -0.703203 0.933966
0.374774 -0.702952 0.936795
0.376184 -0.702698 0.938698
0.377656 -0.702380 0.940578
0.379192 -0.701979 0.942395
0.382469 -0.700944 0.945913
0.385700 -0.699837 0.949310
0.393024 -0.696826 0.956375
0.397107 -0.694991 0.960465
0.401502 -0.692876 0.964993
0.404919 -0.691125 0.968619
0.409541 -0.688604 0.973691
0.414265 -0.685835 0.979056
0.416624 -0.684360 0.981801
0.422513 -0.680419 0.988909
0.425967 -0.677934 0.993260
0.429462 -0.675260 0.997757
0.433938 -0.671584 1.003776
0.439323 -0.666752 1.011366
0.442378 -0.663770 1.015912
0.444368 -0.661707 1.018929
0.446276 -0.659592 1.021899
0.449052 -0.656303 1.026315
0.452474 -0.651749 1.031980
0.454854 -0.648195 1.036024
0.457157 -0.644525 1.040017
0.459337 -0.640787 1.043899
0.460776 -0.638192 1.046388
0.463728 -0.632590 1.051253
0.467206 -0.625484 1.057582
0.473199 -0.612820 1.069085
0.477186 -0.604345 1.077299
0.481198 -0.595553 1.086354
0.484688 -0.587938 1.094021
0.488101 -0.580155 1.101964
0.491431 -0.572256 1.110187
0.495002 -0.563942 1.118591
0.496726 -0.559763 1.122743
0.499208 -0.553402 1.129027
0.502611 -0.544607 1.137241
0.504283 -0.540141 1.141232
0.506783 -0.533341 1.147091
0.508467 -0.528761 1.150901
0.510956 -0.521893 1.156237
0.512643 -0.517249 1.159688
0.515271 -0.510161 1.164531
0.517867 -0.503161 1.168964
0.519693 -0.498463 1.171673
0.522360 -0.491541 1.175415
0.524157 -0.486928 1.177686
0.525977 -0.482137 1.179854
0.527771 -0.477329 1.181815
0.529614 -0.472402 1.183617
0.533134 -0.462523 1.186819
0.534807 -0.457686 1.188232
0.537319 -0.450196 1.190181
0.539772 -0.442659 1.191827
0.542890 -0.432404 1.194020
0.544375 -0.427327 1.194960
0.546560 -0.419576 1.196238
0.549948 -0.406379 1.198383
0.552464 -0.395597 1.200003
0.553647 -0.390105 1.200777
0.555787 -0.379213 1.202314
0.557320 -0.370737 1.203348
0.558249 -0.365075 1.203959
0.559099 -0.359432 1.204633
0.559913 -0.353783 1.205258
0.561063 -0.345212 1.205998
0.562405 -0.333672 1.206872
0.563303 -0.324919 1.207252
0.563828 -0.319020 1.207407
0.564488 -0.310143 1.207633
0.564835 -0.304336 1.207645
0.564972 -0.301377 1.207624
0.565456 -0.289601 1.207260
0.565635 -0.283872 1.206959
0.565790 -0.278196 1.206524
0.565900 -0.272579 1.205978
0.565896 -0.266992 1.205442
0.565822 -0.258819 1.204348
0.565709 -0.253612 1.203493
0.565391 -0.245895 1.202165
0.565083 -0.240861 1.201198
0.564533 -0.233614 1.199519
0.563923 -0.226911 1.197748
0.563463 -0.222610 1.196479
0.562694 -0.216456 1.194367
0.561883 -0.210961 1.192072
0.561327 -0.207527 1.190396
0.561054 -0.205842 1.189463
0.560479 -0.202694 1.187544
0.559608 -0.198239 1.184656
0.558657 -0.194171 1.181796
0.557342 -0.189041 1.177933
0.556326 -0.185462 1.174879
0.555668 -0.183254 1.172766
0.555030 -0.181205 1.170634
0.554456 -0.179345 1.168393
0.553437 -0.175589 1.163710
0.552760 -0.172742 1.160346
0.551890 -0.168415 1.155409
0.551317 -0.164702 1.151632
0.550514 -0.158075 1.145025
0.549642 -0.152116 1.139058
0.548797 -0.147136 1.134097
0.547627 -0.141028 1.127931
0.546544 -0.136033 1.122954
0.545081 -0.129979 1.116915
0.543630 -0.124508 1.111435
0.542605 -0.120954 1.107912
0.341500 -0.706366 0.967005
0.341648 -0.706181 0.966966
0.341558 -0.706180 0.966829
0.339988 -0.706730 0.966217
0.339546 -0.706816 0.966014
0.338414 -0.706902 0.965426
0.337440 -0.706787 0.964877
0.335100 -0.706082 0.963510
0.334349 -0.705708 0.962928
0.334016 -0.705182 0.962230
0.334017 -0.704632 0.961570
0.334200 -0.704259 0.961149
0.334459 -0.703952 0.960749
0.335368 -0.703446 0.959910
0.336311 -0.703254 0.959211
0.337150 -0.703526 0.958661
0.337605 -0.703775 0.958263
0.338088 -0.703936 0.957765
0.338467 -0.703922 0.957371
0.339022 -0.703767 0.956652
0.339624 -0.703233 0.955704
0.339973 -0.702674 0.954887
0.340748 -0.701191 0.953057
0.341430 -0.699675 0.951340
0.341654 -0.698969 0.950536
0.341787 -0.698348 0.949864
0.341890 -0.696669 0.947875
0.341942 -0.696294 0.947252
0.342006 -0.696196 0.946904
0.342154 -0.696327 0.946557
0.342524 -0.697244 0.945979
0.342607 -0.697616 0.945636
0.342661 -0.698010 0.945134
0.342609 -0.698451 0.944409
0.342496 -0.698876 0.943530
0.342213 -0.699254 0.942377
0.341734 -0.699604 0.940982
0.340325 -0.700229 0.937686
0.339004 -0.700605 0.934952
0.336431 -0.701270 0.930429
0.334374 -0.701602 0.927023
0.333322 -0.701797 0.925487
0.333370 -0.701745 0.925423
0.333732 -0.701626 0.925708
0.333853 -0.701543 0.925588
0.334361 -0.701788 0.925633
0.334899 -0.701833 0.925508
0.336444 -0.701808 0.924745
0.337433 -0.701485 0.924203
0.338308 -0.701164 0.923851
0.338700 -0.701157 0.924071
0.341096 -0.700565 0.926125
0.346492 -0.699719 0.930201
0.346695 -0.699708 0.930330
0.347175 -0.699805 0.930458
0.347306 -0.699604 0.930165
0.348004 -0.698732 0.929226
0.348074 -0.698495 0.928918
0.349232 -0.697244 0.927685
0.349274 -0.697104 0.927394
0.349194 -0.696981 0.926930
0.349260 -0.696810 0.926679
0.349307 -0.696795 0.926722
0.349371 -0.696684 0.926509
0.349725 -0.696381 0.926131
0.350001 -0.696033 0.925523
0.349833 -0.695964 0.925002
0.349936 -0.695928 0.924759
0.349872 -0.695971 0.924703
0.350116 -0.696033 0.924580
0.350271 -0.696511 0.924776
0.350263 -0.696745 0.924837
0.350165 -0.696880 0.924770
0.350017 -0.696910 0.924573
0.349678 -0.696928 0.924049
0.349379 -0.696822 0.923284
0.348658 -0.696747 0.921874
0.345427 -0.696864 0.916485
0.344828 -0.696870 0.915383
0.344938 -0.696854 0.915294
0.345184 -0.697681 0.915695
0.345504 -0.697591 0.916031
0.345969 -0.697409 0.916384
0.345909 -0.697451 0.916388
0.346682 -0.697271 0.917061
0.346944 -0.697142 0.917263
0.346832 -0.697140 0.917172
0.346779 -0.697170 0.917166
0.346871 -0.697171 0.917317
0.349503 -0.696391 0.919662
0.359094 -0.693246 0.927951
0.362835 -0.692042 0.931483
0.371211 -0.689546 0.940591
0.379024 -0.687054 0.949627
0.382283 -0.685886 0.953309
0.389265 -0.683058 0.960886
0.392917 -0.681429 0.964731
0.398055 -0.678956 0.969942
0.405960 -0.674940 0.978260
0.415582 -0.669646 0.988761
0.422636 -0.665474 0.996799
0.431285 -0.659937 1.006966
0.437084 -0.655979 1.014055
0.441357 -0.652932 1.019436
0.448466 -0.647545 1.028574
0.454107 -0.642954 1.036042
0.456961 -0.640498 1.039935
0.464179 -0.633914 1.050357
0.468600 -0.629549 1.057156
0.471582 -0.626422 1.061898
0.476112 -0.621318 1.069396
0.479091 -0.617705 1.074509
0.482050 -0.613888 1.079719
0.484956 -0.609867 1.085048
0.489332 -0.603374 1.093164
0.493662 -0.596270 1.101107
0.497854 -0.588597 1.108655
0.501929 -0.580355 1.115795
0.503271 -0.577463 1.118045
0.507073 -0.568594 1.124418
0.510529 -0.559554 1.130192
0.512647 -0.553490 1.133680
0.514669 -0.547306 1.136929
0.517507 -0.537877 1.141370
0.519274 -0.531559 1.144083
0.520979 -0.525218 1.146576
0.522554 -0.519021 1.148886
0.524029 -0.512876 1.151056
0.525397 -0.506847 1.152986
0.527350 -0.497857 1.155394
0.529155 -0.489056 1.157245
0.530231 -0.483402 1.158263
0.531275 -0.477882 1.159048
0.532267 -0.472397 1.159641
0.534080 -0.461763 1.160341
0.534929 -0.456503 1.160513
0.535734 -0.451310 1.160524
0.536812 -0.443654 1.160430
0.537728 -0.436257 1.160227
0.538275 -0.431427 1.160032
0.539000 -0.424339 1.159579
0.539393 -0.419742 1.159286
0.539923 -0.413045 1.158706
0.540722 -0.400105 1.157244
0.540945 -0.393912 1.156492
0.541151 -0.385702 1.155359
0.541133 -0.377714 1.154338
0.541063 -0.371700 1.153458
0.540861 -0.365644 1.152646
0.540193 -0.353672 1.150951
0.539617 -0.345503 1.149600
0.538802 -0.335201 1.148128
0.538347 -0.328905 1.147363
0.538043 -0.324763 1.146983
0.537635 -0.318659 1.146526
0.537343 -0.312564 1.146207
0.537216 -0.308450 1.146177
0.537176 -0.304426 1.146249
0.537213 -0.300357 1.146468
0.537535 -0.292213 1.147099
0.537659 -0.286011 1.147949
0.537677 -0.281779 1.148747
0.537550 -0.273045 1.150490
0.537444 -0.268646 1.151256
0.537079 -0.259686 1.152949
0.536827 -0.255285 1.153730
0.536056 -0.243928 1.155351
0.535470 -0.237052 1.156148
0.534811 -0.230306 1.156780
0.534050 -0.223514 1.157311
0.532948 -0.214643 1.157766
0.531408 -0.203766 1.158041
0.530413 -0.197340 1.157897
0.528635 -0.187026 1.157762
0.527486 -0.180850 1.157387
0.525500 -0.170957 1.156528
0.523414 -0.161479 1.155560
0.521071 -0.151634 1.154223
0.518321 -0.141182 1.152702
0.517115 -0.136867 1.151945
0.516312 -0.133972 1.151329
0.514285 -0.126748 1.149407
0.512686 -0.121129 1.147684
0.511394 -0.116745 1.145983
0.510092 -0.112481 1.144000
0.509274 -0.109796 1.142528
0.508871 -0.108478 1.141736
0.507658 -0.104530 1.139034
0.506899 -0.102085 1.137104
0.506185 -0.099750 1.135117
0.505488 -0.097524 1.133124
0.503129 -0.090332 1.125998
0.501664 -0.085938 1.121390
0.501039 -0.083689 1.118730
0.500768 -0.081920 1.116157
0.500775 -0.080948 1.114446
0.501099 -0.079782 1.111751
0.501698 -0.078845 1.108907
0.502225 -0.078352 1.106944
0.502847 -0.077978 1.104953
0.503223 -0.077872 1.103932
0.504023 -0.077694 1.101890
0.505410 -0.077677 1.098831
0.506453 -0.077771 1.096809
0.508144 -0.077964 1.093874
0.510620 -0.078155 1.090184
0.512562 -0.078282 1.087810
0.513900 -0.078307 1.086295
0.515926 -0.078310 1.084296
0.518577 -0.078150 1.081961
0.520453 -0.077779 1.080219
0.521642 -0.077430 1.079164
0.523338 -0.076706 1.077703
0.524896 -0.075733 1.076464
0.526780 -0.074264 1.074907
0.528051 -0.073014 1.073918
0.529905 -0.070821 1.072793
0.530933 -0.069669 1.072346
0.532132 -0.067978 1.071971
0.533210 -0.066453 1.071845
0.534959 -0.063623 1.071505
0.535635 -0.062738 1.071299
0.535887 -0.062373 1.071127
0.536107 -0.061764 1.070794
0.536244 -0.061287 1.070347
0.536321 -0.060919 1.069754
0.536347 -0.060784 1.069321
0.536231 -0.060607 1.068622
0.536070 -0.060451 1.068291
0.535857 -0.060265 1.068085
0.535437 -0.059939 1.067944
0.534278 -0.059280 1.067989
0.533954 -0.059153 1.067975
0.533579 -0.059094 1.067787
0.532935 -0.059046 1.067124
0.532558 -0.058873 1.066729
0.531582 -0.058269 1.065535
0.531195 -0.057905 1.065005
0.529975 -0.056162 1.062971
0.528164 -0.052868 1.059709
0.526625 -0.050324 1.056919
