0.554505 -0.113576 1.079000
0.554037 -0.112273 1.077494
0.552609 -0.108725 1.073873
0.551364 -0.106346 1.070893
0.550506 -0.105117 1.068835
0.549857 -0.104474 1.067370
0.549507 -0.104228 1.066589
0.548742 -0.103815 1.064950
0.547559 -0.103621 1.062255
0.546765 -0.103695 1.060445
0.545526 -0.104097 1.057863
0.544447 -0.104929 1.055546
0.543780 -0.105617 1.054288
0.543185 -0.106325 1.053284
0.541984 -0.107508 1.051523
0.541263 -0.108308 1.050533
0.541501 -0.109413 1.049198
0.542160 -0.111230 1.046898
0.543740 -0.114476 1.042728
0.544682 -0.116061 1.040566
0.547111 -0.119802 1.035348
0.548992 -0.122940 1.031097
0.549535 -0.123832 1.029933
0.549774 -0.124007 1.029809
0.549881 -0.123887 1.030072
0.549255 -0.120275 1.034151
0.548815 -0.118008 1.036631
0.548084 -0.115084 1.039713
0.548017 -0.115247 1.039559
0.547817 -0.115363 1.039395
0.545917 -0.115509 1.038059
0.544457 -0.115786 1.036978
0.544479 -0.115839 1.036939
0.544437 -0.115757 1.036760
0.544435 -0.115766 1.036522
0.544509 -0.115882 1.036050
0.544569 -0.115914 1.035333
0.544729 -0.115833 1.031924
0.544852 -0.115883 1.031408
0.544842 -0.115805 1.031580
0.544777 -0.115704 1.031647
0.544822 -0.115823 1.031724
0.544810 -0.115781 1.031765
0.544812 -0.115875 1.031630
0.544797 -0.115825 1.031672
0.544825 -0.115873 1.031757
0.545038 -0.116328 1.032228
0.548098 -0.123277 1.039174
0.549987 -0.128089 1.043887
0.550875 -0.131409 1.046856
0.551850 -0.136554 1.051229
0.553623 -0.143672 1.057772
0.556164 -0.152161 1.066117
0.559040 -0.162466 1.076354
0.560563 -0.168547 1.082483
0.561764 -0.173863 1.087779
0.563483 -0.182580 1.096537
0.564985 -0.191992 1.105995
0.566022 -0.200386 1.114352
0.566512 -0.205475 1.119475
0.567029 -0.212661 1.126621
0.567335 -0.220022 1.134002
0.567414 -0.223826 1.137788
0.567433 -0.229472 1.143547
0.567328 -0.235336 1.149483
0.567172 -0.239198 1.153442
0.566688 -0.247150 1.161523
0.566180 -0.253141 1.167705
0.565748 -0.257136 1.171847
0.564422 -0.267168 1.182309
0.563773 -0.271137 1.186495
0.562655 -0.277194 1.192818
0.561373 -0.283216 1.199149
0.559915 -0.289346 1.205509
0.558851 -0.293379 1.209694
0.557074 -0.299592 1.215919
0.555124 -0.305716 1.222068
0.552304 -0.313914 1.230196
0.550760 -0.318078 1.234302
0.548320 -0.324218 1.240449
0.545669 -0.330506 1.246658
0.543839 -0.334600 1.250745
0.540912 -0.340801 1.256912
0.536799 -0.348968 1.265010
0.533518 -0.355092 1.271057
0.530075 -0.361143 1.277069
0.527734 -0.365160 1.280962
0.521654 -0.374913 1.290514
0.517920 -0.380546 1.296027
0.515363 -0.384217 1.299667
0.511492 -0.389561 1.305001
0.507519 -0.394832 1.310257
0.504900 -0.398218 1.313577
0.499526 -0.404895 1.320190
0.494133 -0.411397 1.326443
0.490132 -0.416182 1.330874
0.487495 -0.419470 1.333663
0.483657 -0.424713 1.337522
0.479941 -0.430350 1.341053
0.478716 -0.432370 1.342163
0.475181 -0.438802 1.345193
0.473994 -0.441090 1.346138
0.471660 -0.445930 1.347838
0.470507 -0.448425 1.348616
0.468239 -0.453592 1.349987
0.464709 -0.461679 1.351829
0.462294 -0.467331 1.352893
0.458536 -0.476061 1.354304
0.454530 -0.485008 1.355570
0.451784 -0.490961 1.356298
0.447426 -0.499992 1.357284
0.444399 -0.505944 1.357831
0.441183 -0.511862 1.358358
0.437839 -0.517649 1.358820
0.432616 -0.526221 1.359420
0.427117 -0.534568 1.360090
0.425276 -0.537221 1.360320
0.419672 -0.545041 1.360955
0.413929 -0.552595 1.361587
0.408150 -0.559836 1.362136
0.402408 -0.566679 1.362654
0.398606 -0.571147 1.362867
0.392716 -0.577781 1.363187
0.388748 -0.582098 1.363366
0.380925 -0.590475 1.363421
0.375124 -0.596538 1.363258
0.371210 -0.600573 1.363013
0.365198 -0.606664 1.362493
0.361221 -0.610643 1.362032
0.355143 -0.616535 1.361278
0.351019 -0.620443 1.360700
0.344852 -0.626174 1.359725
0.340692 -0.629937 1.359030
0.334308 -0.635554 1.357899
0.325806 -0.642812 1.356218
0.319394 -0.648089 1.354899
0.315129 -0.651483 1.354036
0.306333 -0.658107 1.352447
0.301924 -0.661330 1.351619
0.295299 -0.666270 1.349979
0.288648 -0.671195 1.348121
0.284246 -0.674395 1.346823
0.275000 -0.680969 1.343948
0.270399 -0.684224 1.342337
0.265777 -0.687371 1.340777
0.258820 -0.691995 1.338377
0.249528 -0.698106 1.334788
0.237752 -0.705309 1.330405
0.233168 -0.708102 1.328466
0.223884 -0.713551 1.324523
0.217047 -0.717405 1.321553
0.212398 -0.720002 1.319417
0.201026 -0.726233 1.313768
0.194373 -0.729790 1.310238
0.189937 -0.732154 1.307721
0.183246 -0.735629 1.303827
0.178804 -0.737862 1.301209
0.174439 -0.740067 1.298479
0.168024 -0.743360 1.294030
0.161669 -0.746461 1.289677
0.157558 -0.748463 1.286682
0.153523 -0.750442 1.283540
0.143527 -0.755116 1.275659
0.137944 -0.757710 1.270854
0.130924 -0.761018 1.264164
0.126059 -0.763297 1.259186
0.121570 -0.765563 1.253791
0.117359 -0.767706 1.248369
0.114700 -0.769086 1.244676
0.110861 -0.771180 1.238713
0.107347 -0.773174 1.232626
0.105098 -0.774457 1.228517
0.100796 -0.776994 1.219748
0.096660 -0.779350 1.210876
0.094591 -0.780498 1.206238
0.091690 -0.782086 1.199395
0.086907 -0.784519 1.187758
0.082032 -0.786637 1.176162
0.078119 -0.788072 1.167092
0.075130 -0.789036 1.160160
0.072164 -0.789863 1.153509
0.069201 -0.790591 1.146791
0.066223 -0.791206 1.140097
0.062341 -0.791860 1.131344
0.056792 -0.792513 1.118207
0.053227 -0.792734 1.109201
0.048994 -0.792775 1.098203
0.045885 -0.792626 1.089373
0.043155 -0.792326 1.080559
0.040136 -0.791765 1.069832
0.038592 -0.791320 1.063335
0.037666 -0.790988 1.059088
0.036450 -0.790458 1.052958
0.035790 -0.790068 1.048834
0.034941 -0.789418 1.042610
0.034014 -0.788493 1.034640
0.033584 -0.787717 1.028529
0.032932 -0.786625 1.020830
0.032781 -0.786044 1.016967
0.032399 -0.784135 1.005402
0.032136 -0.782647 0.997355
0.031599 -0.779666 0.983038
0.031241 -0.778218 0.976760
0.030612 -0.776689 0.970576
0.029692 -0.775019 0.964254
0.028232 -0.772670 0.955935
0.027046 -0.770734 0.949491
0.025294 -0.768068 0.941130
0.023894 -0.765936 0.934807
0.022010 -0.763060 0.926714
0.019923 -0.759416 0.917006
0.018081 -0.756038 0.908501
0.016461 -0.752867 0.900921
0.013852 -0.747717 0.889300
0.013202 -0.746338 0.886314
0.012303 -0.744649 0.882725
0.010954 -0.742801 0.878736
0.009736 -0.741505 0.875672
0.008717 -0.740580 0.873218
0.007575 -0.739738 0.870680
0.006718 -0.739273 0.869006
0.005259 -0.738741 0.866594
0.004210 -0.738508 0.865107
0.002485 -0.738339 0.863002
0.001254 -0.738356 0.861717
-0.000731 -0.738557 0.859891
-0.002829 -0.738861 0.858098
-0.004311 -0.739134 0.856922
-0.006590 -0.739456 0.854929
-0.008068 -0.739596 0.853470
-0.009484 -0.739684 0.851899
-0.011428 -0.739700 0.849449
-0.013108 -0.739564 0.846878
-0.014972 -0.739230 0.843419
-0.016083 -0.738837 0.840811
-0.016994 -0.738306 0.838257
-0.017743 -0.737675 0.835789
-0.018852 -0.736441 0.831627
-0.019195 -0.735903 0.830050
-0.019367 -0.735415 0.828785
-0.019398 -0.735113 0.828120
-0.019329 -0.734647 0.827190
-0.018483 -0.731293 0.821208
-0.017399 -0.726887 0.813606
-0.015749 -0.720017 0.802309
-0.014166 -0.713199 0.791684
-0.012728 -0.706760 0.782144
-0.011436 -0.700863 0.773776
-0.009995 -0.694076 0.764582
0.541436 -0.117114 1.103967
0.539783 -0.112278 1.098726
0.539122 -0.110402 1.096412
0.538462 -0.108765 1.094049
0.538057 -0.107823 1.092362
0.537712 -0.106979 1.090663
0.537401 -0.106275 1.088931
0.537150 -0.105643 1.087100
0.536893 -0.104998 1.084267
0.536816 -0.104832 1.082371
0.536869 -0.105059 1.079747
0.537015 -0.105487 1.078106
0.537305 -0.106177 1.076612
0.540602 -0.113906 1.065165
0.541693 -0.116173 1.061920
0.543093 -0.118853 1.058235
0.543194 -0.119181 1.057750
0.542850 -0.119173 1.057653
0.542703 -0.119179 1.057516
0.539828 -0.120078 1.055023
0.539412 -0.120064 1.054631
0.538985 -0.119968 1.054128
0.538725 -0.119763 1.053785
0.537844 -0.119283 1.052560
0.536818 -0.118388 1.051017
0.536228 -0.117526 1.049938
0.535905 -0.117343 1.049446
0.533515 -0.111980 1.044076
0.533547 -0.112033 1.044137
0.533572 -0.112084 1.044082
0.533720 -0.112348 1.043634
0.536744 -0.116547 1.037668
0.537161 -0.116920 1.037189
0.537287 -0.116919 1.037165
0.537334 -0.116859 1.037284
0.537259 -0.116777 1.037378
0.537253 -0.116909 1.037246
0.537244 -0.116877 1.037312
0.538591 -0.119899 1.040371
0.541096 -0.126083 1.046360
0.543071 -0.131139 1.051332
0.545549 -0.137758 1.057973
0.547403 -0.143082 1.063275
0.549206 -0.148624 1.068817
0.551792 -0.157423 1.077573
0.553740 -0.164942 1.085081
0.555897 -0.174625 1.094744
0.557574 -0.183790 1.103879
0.558609 -0.190713 1.110797
0.559162 -0.195095 1.115180
0.559940 -0.202593 1.122553
0.560303 -0.207282 1.127164
0.560720 -0.215375 1.135183
0.560811 -0.218668 1.138498
0.560849 -0.227230 1.147009
0.560491 -0.237648 1.157416
0.560014 -0.244588 1.164324
0.559357 -0.251568 1.171174
0.558533 -0.258600 1.177945
0.557592 -0.265669 1.184451
0.557081 -0.269288 1.187572
0.556366 -0.274990 1.191895
0.555906 -0.279101 1.194471
0.555315 -0.285739 1.197832
0.555032 -0.290392 1.199589
0.554801 -0.295293 1.201173
0.554629 -0.300499 1.202442
0.554519 -0.305946 1.203481
0.554464 -0.311617 1.204304
0.554443 -0.317546 1.204999
0.554425 -0.323718 1.205605
0.554359 -0.330032 1.206076
0.554090 -0.339908 1.206802
0.553793 -0.346571 1.207308
0.553147 -0.356770 1.208064
0.552241 -0.366959 1.208949
0.551519 -0.373631 1.209569
0.550205 -0.383459 1.210600
0.548673 -0.392993 1.211741
0.547510 -0.399266 1.212505
0.546227 -0.405348 1.213333
0.544855 -0.411318 1.214084
0.543328 -0.417286 1.214825
0.540875 -0.426129 1.215827
0.537289 -0.437798 1.217058
0.535377 -0.443523 1.217688
0.533381 -0.449162 1.218333
0.531312 -0.454694 1.219030
0.529113 -0.460234 1.219862
0.524474 -0.470924 1.221743
0.521908 -0.476316 1.222856
0.517964 -0.484084 1.224526
0.513724 -0.491770 1.226390
0.509370 -0.499288 1.228273
0.506391 -0.504248 1.229529
0.503319 -0.509301 1.230710
0.500199 -0.514338 1.231772
0.493728 -0.524391 1.233872
0.488852 -0.531612 1.235415
0.483786 -0.538921 1.236852
0.480386 -0.543744 1.237744
0.475129 -0.551040 1.239227
0.466374 -0.562882 1.241832
0.459274 -0.572293 1.244014
0.455716 -0.576945 1.245183
0.452167 -0.581500 1.246416
0.446867 -0.588093 1.248438
0.437872 -0.598993 1.251894
0.430542 -0.607460 1.254727
0.426899 -0.611551 1.256207
0.423244 -0.615530 1.257754
0.417662 -0.621431 1.259970
0.412026 -0.627299 1.261978
0.406121 -0.633196 1.263786
0.398273 -0.640783 1.265918
0.394320 -0.644396 1.266942
0.390430 -0.647856 1.267853
0.384393 -0.653068 1.269058
0.380200 -0.656579 1.269782
0.375993 -0.660042 1.270379
0.371782 -0.663429 1.270778
0.365351 -0.668365 1.271306
0.361038 -0.671538 1.271554
0.354342 -0.676288 1.271802
0.347463 -0.681117 1.271660
0.342832 -0.684342 1.271386
0.338164 -0.687563 1.271009
0.328961 -0.693791 1.270008
0.324283 -0.696936 1.269282
0.317166 -0.701726 1.267796
0.310065 -0.706476 1.265949
0.305358 -0.709574 1.264602
0.300664 -0.712677 1.263051
0.291496 -0.718650 1.259612
0.285920 -0.722174 1.257439
0.280929 -0.725282 1.255363
0.275813 -0.728437 1.253071
0.268067 -0.733067 1.249518
0.257416 -0.739063 1.244776
0.251991 -0.742000 1.242267
0.243780 -0.746220 1.238642
0.238248 -0.748924 1.236273
0.232803 -0.751542 1.233804
0.227220 -0.754103 1.231361
0.218751 -0.757732 1.227980
0.213126 -0.760035 1.225738
0.201596 -0.764465 1.221199
0.192880 -0.767472 1.218188
0.187119 -0.769365 1.216204
0.175535 -0.772911 1.212188
0.166963 -0.775286 1.209434
0.158383 -0.777431 1.206935
0.152862 -0.778731 1.205260
0.141837 -0.781136 1.201915
0.136463 -0.782218 1.200218
0.131124 -0.783217 1.198616
0.125914 -0.784125 1.197083
0.115695 -0.785696 1.194252
0.108342 -0.786722 1.192033
0.101078 -0.787674 1.189576
0.096505 -0.788226 1.187941
0.087488 -0.789203 1.184592
0.079003 -0.789989 1.181236
0.073244 -0.790488 1.178657
0.068771 -0.790875 1.176276
0.061004 -0.791520 1.171525
0.053404 -0.792045 1.166578
0.047668 -0.792334 1.162824
0.042283 -0.792588 1.158788
0.035341 -0.792840 1.153139
0.027404 -0.793005 1.146056
0.022929 -0.793040 1.141553
0.020084 -0.793051 1.138401
0.017429 -0.793052 1.135173
0.013798 -0.793019 1.130408
0.011594 -0.792990 1.127194
0.010537 -0.792971 1.125508
0.007751 -0.792928 1.120296
0.006120 -0.792896 1.116798
0.004659 -0.792849 1.113300
0.003306 -0.792795 1.109706
0.002099 -0.792735 1.105910
0.000989 -0.792660 1.101941
-0.000512 -0.792508 1.095860
-0.000953 -0.792451 1.093739
-0.001725 -0.792320 1.089237
-0.002836 -0.791989 1.079997
-0.003212 -0.791784 1.075354
-0.003811 -0.791110 1.063257
-0.003835 -0.790431 1.053556
-0.003901 -0.789809 1.046453
-0.003781 -0.789118 1.039379
-0.003658 -0.788054 1.030074
-0.002958 -0.786283 1.016534
-0.002356 -0.784657 1.006003
-0.001771 -0.782988 0.996398
-0.001233 -0.781261 0.987461
-0.000527 -0.778830 0.975880
-0.000037 -0.776947 0.967828
0.000679 -0.774040 0.956465
0.001276 -0.771403 0.947035
0.001861 -0.768680 0.937908
0.002638 -0.764921 0.926286
0.002982 -0.763097 0.921058
0.003153 -0.762043 0.918510
0.003240 -0.761402 0.917363
0.003293 -0.760987 0.916776
0.003377 -0.759677 0.915632
0.003376 -0.759290 0.915120
0.003807 -0.757565 0.907947
0.004256 -0.755568 0.900555
0.004782 -0.753056 0.892127
0.005103 -0.750917 0.885325
0.005072 -0.749907 0.881648
0.004956 -0.749606 0.880153
0.004763 -0.749444 0.878910
0.004479 -0.749417 0.877937
0.004324 -0.749474 0.877627
0.003933 -0.749686 0.877238
0.002456 -0.750643 0.877239
0.000332 -0.751604 0.877053
-0.001981 -0.752317 0.876872
-0.003356 -0.752609 0.876735
-0.005674 -0.752905 0.876509
-0.007393 -0.752961 0.876279
-0.010190 -0.752809 0.875840
-0.013072 -0.752464 0.875345
-0.015069 -0.752102 0.874893
-0.017052 -0.751655 0.874377
-0.019003 -0.751064 0.873787
-0.021836 -0.750049 0.872759
-0.027765 -0.747802 0.870501
-0.031367 -0.746292 0.868911
-0.033193 -0.745426 0.867922
-0.033734 -0.745125 0.867545
-0.034626 -0.744477 0.866609
-0.035380 -0.743787 0.865544
-0.035941 -0.743061 0.864305
-0.036258 -0.742282 0.862865
-0.036362 -0.741445 0.861212
-0.036259 -0.740528 0.859340
-0.035989 -0.739567 0.857322
-0.035550 -0.738540 0.855127
-0.035024 -0.737504 0.852880
-0.034343 -0.736456 0.850585
-0.031738 -0.732468 0.842085
-0.029904 -0.729564 0.836154
-0.027088 -0.725003 0.827212
-0.025084 -0.721640 0.820989
0.526387 -0.051223 1.056133
0.525086 -0.055318 1.052950
0.523131 -0.060785 1.048945
0.523090 -0.061100 1.048757
0.523159 -0.061210 1.048742
0.523948 -0.061095 1.049236
0.524267 -0.060890 1.049272
0.524257 -0.060580 1.048992
0.524136 -0.060527 1.048740
0.523981 -0.060743 1.048467
0.523798 -0.061264 1.048148
0.523251 -0.061245 1.047873
0.523218 -0.061177 1.047972
0.523224 -0.061185 1.047887
0.520173 -0.055777 1.042535
0.520426 -0.055900 1.042574
0.520495 -0.055867 1.042675
0.521046 -0.056418 1.042655
0.522055 -0.057791 1.042608
0.522185 -0.058194 1.042486
0.522191 -0.058693 1.042276
0.522050 -0.059178 1.042020
0.521061 -0.061572 1.040357
0.520873 -0.062238 1.039860
0.520794 -0.062944 1.039214
0.520854 -0.063869 1.038228
0.520994 -0.064332 1.037688
0.521677 -0.066607 1.034535
0.522818 -0.070715 1.029301
0.523187 -0.071395 1.028579
0.523997 -0.071503 1.028885
0.523345 -0.070475 1.030345
0.523119 -0.070130 1.030645
0.522398 -0.068930 1.029397
0.521803 -0.067893 1.028512
0.521176 -0.066805 1.028238
0.520692 -0.066055 1.028305
0.520385 -0.065580 1.028468
0.520070 -0.065087 1.028468
0.519624 -0.064389 1.028250
0.519422 -0.064036 1.027890
0.519433 -0.064083 1.027808
0.519434 -0.064079 1.027891
0.519422 -0.064153 1.027794
0.519424 -0.064152 1.027876
0.519429 -0.064218 1.027775
0.519430 -0.064204 1.027898
0.519429 -0.064257 1.027779
0.519462 -0.064318 1.027893
0.520570 -0.067831 1.029932
0.522352 -0.072458 1.033260
0.523364 -0.075815 1.035581
0.523626 -0.077091 1.036413
0.523790 -0.079150 1.037571
0.523769 -0.080393 1.038174
0.523695 -0.081615 1.038892
0.523732 -0.083318 1.039916
0.523987 -0.085299 1.041310
0.524176 -0.086371 1.042169
0.524822 -0.088716 1.044170
0.525506 -0.090590 1.045914
0.526371 -0.092583 1.047810
0.529546 -0.099238 1.054489
0.532203 -0.105141 1.060340
0.535354 -0.112665 1.067873
0.538514 -0.120914 1.076092
0.540479 -0.126494 1.081716
0.542422 -0.132462 1.087654
0.544252 -0.138597 1.093785
0.546351 -0.146425 1.101614
0.547955 -0.153182 1.108332
0.549650 -0.161442 1.116553
0.550856 -0.168463 1.123542
0.551864 -0.175506 1.130574
0.552669 -0.182558 1.137570
0.553174 -0.188262 1.143222
0.553688 -0.196779 1.151593
0.553821 -0.200930 1.155745
0.553902 -0.206544 1.161237
0.553778 -0.214742 1.169369
0.553472 -0.221588 1.176123
0.552984 -0.228389 1.182815
0.552302 -0.235221 1.189532
0.551425 -0.242155 1.196308
0.550551 -0.247730 1.201846
0.549269 -0.254820 1.208857
0.548088 -0.260589 1.214486
0.545669 -0.270915 1.224417
0.543239 -0.279668 1.232935
0.540139 -0.289758 1.242676
0.537949 -0.297009 1.249174
0.537059 -0.299881 1.251646
0.535720 -0.304447 1.255233
0.534851 -0.307582 1.257509
0.533599 -0.312393 1.260714
0.532374 -0.317584 1.263762
0.531228 -0.323127 1.266535
0.530120 -0.329142 1.269087
0.529771 -0.331241 1.269868
0.529094 -0.335624 1.271289
0.528129 -0.342421 1.273150
0.527460 -0.347162 1.274275
0.526768 -0.352007 1.275304
0.525671 -0.359484 1.276693
0.524379 -0.367166 1.278079
0.522467 -0.377482 1.279720
0.521388 -0.382763 1.280452
0.520244 -0.388115 1.281089
0.518405 -0.396158 1.281891
0.517068 -0.401544 1.282379
0.515641 -0.406956 1.282837
0.513378 -0.415028 1.283446
0.510028 -0.425852 1.284171
0.509185 -0.428528 1.284263
0.506542 -0.436569 1.284359
0.503692 -0.444855 1.284219
0.501749 -0.450340 1.283961
0.498761 -0.458525 1.283359
0.496757 -0.463821 1.282856
0.493624 -0.471849 1.281886
0.491480 -0.477170 1.281090
0.488183 -0.484962 1.279835
0.484823 -0.492785 1.278270
0.479048 -0.505774 1.275180
0.472994 -0.518725 1.271593
0.469155 -0.526391 1.269469
0.465113 -0.534155 1.267216
0.461033 -0.541572 1.265108
0.456770 -0.549069 1.262837
0.453910 -0.553888 1.261414
0.448040 -0.563436 1.258445
0.445037 -0.568121 1.256967
0.441983 -0.572680 1.255637
0.437338 -0.579498 1.253437
0.432625 -0.586112 1.251381
0.429394 -0.590461 1.250113
0.422846 -0.599188 1.247270
0.416151 -0.607800 1.244674
0.410901 -0.614389 1.242694
0.405615 -0.620836 1.240889
0.398289 -0.629345 1.238493
0.392662 -0.635581 1.236786
0.382879 -0.645919 1.234256
0.376887 -0.652021 1.232848
0.372811 -0.655977 1.232055
0.362342 -0.665738 1.229872
0.358024 -0.669526 1.229126
0.353646 -0.673210 1.228492
0.344901 -0.680272 1.227124
0.340435 -0.683685 1.226416
0.333855 -0.688447 1.225497
0.329460 -0.691440 1.224977
0.318302 -0.698629 1.223692
0.311582 -0.702696 1.223005
0.304904 -0.706542 1.222467
0.298361 -0.710131 1.222097
0.291761 -0.713623 1.221735
0.280992 -0.719148 1.220810
0.270572 -0.724172 1.219923
0.260233 -0.728831 1.219178
0.256132 -0.730631 1.218785
0.243954 -0.735825 1.217179
0.239850 -0.737488 1.216632
0.233775 -0.739836 1.215966
0.223705 -0.743527 1.214890
0.217662 -0.745649 1.214144
0.211462 -0.747783 1.213170
0.207214 -0.749215 1.212406
0.201016 -0.751271 1.211140
0.190626 -0.754496 1.209069
0.182250 -0.756959 1.207161
0.173672 -0.759411 1.204791
0.167313 -0.761180 1.202755
0.156824 -0.763911 1.199276
0.148319 -0.765981 1.196185
0.144076 -0.767007 1.194379
0.133556 -0.769411 1.189559
0.127388 -0.770730 1.186540
0.121189 -0.771995 1.183297
0.114953 -0.773225 1.179674
0.104571 -0.775071 1.173404
0.100555 -0.775727 1.170836
0.092499 -0.776947 1.165370
0.082936 -0.778193 1.158581
0.079198 -0.778597 1.155956
0.075556 -0.778972 1.153257
0.066990 -0.779722 1.146585
0.057273 -0.780264 1.139334
0.050053 -0.780524 1.133315
0.038818 -0.780611 1.123549
0.036659 -0.780590 1.121357
0.033546 -0.780546 1.117935
0.025815 -0.780273 1.108831
0.023143 -0.780117 1.105291
0.019681 -0.779870 1.099938
0.013326 -0.779209 1.089740
0.010675 -0.778830 1.084747
0.008195 -0.778401 1.079371
0.005859 -0.777914 1.073754
0.004362 -0.777537 1.069675
0.002916 -0.777113 1.065408
-0.000581 -0.775891 1.054522
-0.002597 -0.775004 1.047601
-0.004676 -0.774020 1.040791
-0.006006 -0.773306 1.036163
-0.008429 -0.771766 1.026938
-0.010676 -0.770101 1.017839
-0.013914 -0.767367 1.004705
-0.015865 -0.765409 0.996193
-0.018139 -0.762927 0.986221
-0.020356 -0.760342 0.976699
-0.021507 -0.758798 0.971304
-0.022129 -0.757763 0.967697
-0.023458 -0.755187 0.959072
-0.024113 -0.753605 0.953992
-0.024501 -0.752529 0.950551
-0.025209 -0.749892 0.942281
-0.025737 -0.746735 0.931887
-0.025982 -0.745182 0.926352
-0.026219 -0.743637 0.920366
-0.026355 -0.742615 0.916174
-0.026476 -0.739761 0.903132
-0.026934 -0.737374 0.891927
-0.027373 -0.735879 0.885166
-0.027889 -0.734358 0.878660
-0.028447 -0.732717 0.872185
-0.028800 -0.731540 0.867977
-0.029125 -0.730341 0.863994
-0.029311 -0.729001 0.859993
-0.029333 -0.727539 0.856035
-0.029203 -0.725984 0.852224
-0.028944 -0.724359 0.848555
-0.028485 -0.722584 0.844857
-0.027532 -0.719760 0.839435
-0.026235 -0.716028 0.832529
-0.024611 -0.711168 0.823907
-0.022678 -0.705221 0.813852
-0.021111 -0.700226 0.805800
-0.019310 -0.694338 0.796729
-0.017222 -0.687314 0.786433
-0.015631 -0.681843 0.778772
-0.013755 -0.675194 0.769855
-0.012246 -0.669723 0.762818
-0.010152 -0.661948 0.753228
-0.008106 -0.654139 0.744068
-0.006615 -0.648326 0.737522
-0.004316 -0.639146 0.727638
-0.002674 -0.632429 0.720729
-0.001020 -0.625463 0.713861
