0.447297 1.218830 0.941002
0.447515 1.218909 0.941021
0.447635 1.218963 0.941044
0.447730 1.219010 0.941066
0.447817 1.219058 0.941089
0.447902 1.219105 0.941111
0.447983 1.219153 0.941132
0.448074 1.219191 0.941142
0.448175 1.219181 0.941119
0.448247 1.219198 0.941114
0.448310 1.219212 0.941109
0.448370 1.219226 0.941105
0.448428 1.219239 0.941100
0.448485 1.219251 0.941095
0.448542 1.219264 0.941090
0.448599 1.219277 0.941085
0.448656 1.219289 0.941080
0.448713 1.219302 0.941075
0.448770 1.219315 0.941071
0.448827 1.219327 0.941066
0.448884 1.219340 0.941061
0.448941 1.219353 0.941056
0.448998 1.219365 0.941051
0.449055 1.219378 0.941046
0.449112 1.219390 0.941041
0.449169 1.219403 0.941036
0.449225 1.219415 0.941032
0.449282 1.219428 0.941027
0.449339 1.219440 0.941022
0.449395 1.219453 0.941017
0.449452 1.219465 0.941012
0.449509 1.219478 0.941007
0.449565 1.219490 0.941002
0.449622 1.219502 0.940997
0.449624 1.219451 0.934767
0.449723 1.219471 0.934756
0.449797 1.219488 0.934751
0.449861 1.219502 0.934746
0.449921 1.219515 0.934741
0.449979 1.219528 0.934736
0.450037 1.219541 0.934731
0.450094 1.219553 0.934726
0.450151 1.219566 0.934722
0.450208 1.219578 0.934717
0.450230 1.219467 0.928488
0.450312 1.219303 0.922254
0.450429 1.219327 0.922243
0.450509 1.219346 0.922238
0.450576 1.219361 0.922233
0.450637 1.219374 0.922228
0.450696 1.219387 0.922223
0.450755 1.219400 0.922218
0.450813 1.219412 0.922213
0.450870 1.219424 0.922209
0.450928 1.219437 0.922204
0.450987 1.219206 0.915979
0.451088 1.219226 0.915968
0.451161 1.219242 0.915963
0.451225 1.219256 0.915958
0.451285 1.219269 0.915953
0.451343 1.219281 0.915948
0.451401 1.219294 0.915943
0.451458 1.219306 0.915939
0.451536 1.219015 0.909717
0.451636 1.219034 0.909706
0.451709 1.219051 0.909701
0.451772 1.219064 0.909696
0.451831 1.219077 0.909691
0.451881 1.219087 0.909687
0.451935 1.219098 0.909682
0.451837 1.218839 0.909589
0.451725 1.218594 0.909512
0.451615 1.218361 0.909444
0.451507 1.218142 0.909384
0.451454 1.218102 0.909412
0.451412 1.218069 0.909442
0.451399 1.218091 0.909481
0.451390 1.218115 0.909520
0.451383 1.218138 0.909557
0.451429 1.218417 0.915724
0.451462 1.218657 0.921922
0.454612 1.219737 0.928149
0.459406 1.221155 0.934363
0.464938 1.222649 0.940570
0.470815 1.224107 0.946774
0.476864 1.225479 0.952976
0.479931 1.226019 0.959145
0.481585 1.226171 0.965330
0.485571 1.226804 0.971544
0.490713 1.227585 0.977744
0.496427 1.228371 0.983936
0.502432 1.229094 0.990120
0.508999 1.227293 0.991446
0.515614 1.225402 0.992709
0.522227 1.223434 0.993943
0.528470 1.223828 1.000003
0.534707 1.224118 1.006086
0.541230 1.221931 1.007259
0.545069 1.219310 1.008365
0.547309 1.216469 1.009447
0.548928 1.211466 1.009508
0.550074 1.206381 1.009554
0.550971 1.201246 1.009590
0.551732 1.196077 1.009618
0.552420 1.190881 1.009636
0.555673 1.185969 1.009639
0.560323 1.181174 1.009635
0.563032 1.176133 1.009633
0.564661 1.170962 1.009619
0.565728 1.165717 1.009593
0.566504 1.160428 1.009558
0.567132 1.155109 1.009512
0.567685 1.149769 1.009456
0.568200 1.144411 1.009390
0.568697 1.139038 1.009315
0.569186 1.133652 1.009230
0.569670 1.128253 1.009136
0.573097 1.123124 1.009013
0.577699 1.118068 1.008892
0.579699 1.112763 1.008783
0.580698 1.107363 1.008656
0.581306 1.101921 1.008515
0.581767 1.096459 1.008362
0.582177 1.090983 1.008200
0.582571 1.085499 1.008027
0.582961 1.080006 1.007845
0.583351 1.074507 1.007652
0.583743 1.069001 1.007450
0.584136 1.063490 1.007238
0.584532 1.057974 1.007016
0.584931 1.052453 1.006785
0.585331 1.046929 1.006544
0.585733 1.041401 1.006292
0.586138 1.035870 1.006031
0.586544 1.030336 1.005761
0.586952 1.024801 1.005480
0.587362 1.019264 1.005190
0.587385 1.018620 1.009192
0.587428 1.017938 1.013189
0.587476 1.017217 1.017178
0.587528 1.016456 1.021161
0.587778 1.013210 1.020915
0.588022 1.009964 1.020635
0.591966 1.007007 1.020320
0.596013 1.004025 1.019975
0.600005 1.001004 1.019599
0.600255 0.997772 1.019192
0.600405 0.994539 1.018750
0.600552 0.991311 1.018277
0.600699 0.988087 1.017770
0.600847 0.984869 1.017232
0.600994 0.981656 1.016661
0.604697 0.978618 1.016058
0.608367 0.975550 1.015423
0.611974 0.972452 1.014756
0.615518 0.969324 1.014058
0.615548 0.966141 1.013327
0.615566 0.962965 1.012565
0.615585 0.959796 1.011771
0.615603 0.956636 1.010945
0.615621 0.953485 1.010088
0.615623 0.952796 1.013420
0.615627 0.952075 1.016745
0.615631 0.951320 1.020063
0.615635 0.950533 1.023373
0.615639 0.949712 1.026675
0.615644 0.948858 1.029969
0.618929 0.947998 1.033254
0.622196 0.947073 1.036529
0.622183 0.946121 1.039796
0.622169 0.945137 1.043053
0.622155 0.944119 1.046299
0.622141 0.943070 1.049536
0.622127 0.941988 1.052761
0.622112 0.940874 1.055976
0.622097 0.939727 1.059180
0.622081 0.938549 1.062371
0.622065 0.937339 1.065551
0.622049 0.936097 1.068718
0.622033 0.934824 1.071873
0.622016 0.933519 1.075015
0.621999 0.932183 1.078144
0.621981 0.930815 1.081259
0.621964 0.929417 1.084361
0.621945 0.927987 1.087448
0.621927 0.926527 1.090520
0.621908 0.925036 1.093578
0.621889 0.923514 1.096621
0.621885 0.923514 1.096621
0.621880 0.923514 1.096621
0.621889 0.925034 1.093579
0.621883 0.925034 1.093579
0.621878 0.925033 1.093578
0.621873 0.925033 1.093578
0.621868 0.925032 1.093578
0.621863 0.925032 1.093578
0.621858 0.925031 1.093578
0.621853 0.925031 1.093578
0.621847 0.925031 1.093578
0.621842 0.925030 1.093578
0.621837 0.925030 1.093578
0.621832 0.925029 1.093578
0.621826 0.925029 1.093577
0.621821 0.925029 1.093577
0.621816 0.925028 1.093577
0.621810 0.925028 1.093577
0.621804 0.925027 1.093576
0.621799 0.925027 1.093576
0.621793 0.925027 1.093576
0.621788 0.925026 1.093576
0.621782 0.925026 1.093575
0.621776 0.925025 1.093575
0.621771 0.925025 1.093575
0.621765 0.925024 1.093574
0.621759 0.925023 1.093574
0.621754 0.925023 1.093573
0.621748 0.925022 1.093573
0.621742 0.925022 1.093573
0.621737 0.925021 1.093572
0.621731 0.925020 1.093572
0.621725 0.925020 1.093571
0.621720 0.925019 1.093571
0.621714 0.925018 1.093570
0.621708 0.925017 1.093570
0.621702 0.925016 1.093569
0.621697 0.925016 1.093569
0.621691 0.925015 1.093568
0.621685 0.925014 1.093568
0.621679 0.925013 1.093567
