0.620000 0.931919 1.099952
0.616882 0.931902 1.099950
0.613764 0.931853 1.099948
0.610647 0.931773 1.099947
0.607531 0.931662 1.099945
0.604416 0.931520 1.099943
0.601302 0.931347 1.099942
0.598191 0.931142 1.099940
0.595015 0.931731 1.096099
0.591829 0.932250 1.092250
0.588634 0.932697 1.088393
0.585432 0.933074 1.084529
0.582223 0.933379 1.080658
0.579010 0.933613 1.076781
0.575794 0.933775 1.072897
0.572576 0.933866 1.069008
0.569358 0.933886 1.065113
0.566142 0.933834 1.061213
0.562929 0.933711 1.057309
0.559720 0.933516 1.053401
0.556517 0.933251 1.049488
0.553321 0.932914 1.045573
0.550134 0.932507 1.041654
0.546958 0.932029 1.037733
0.543793 0.931480 1.033810
0.540642 0.930862 1.029884
0.537507 0.930172 1.025957
0.534388 0.929413 1.022028
0.531286 0.928585 1.018098
0.528204 0.927688 1.014169
0.525142 0.926723 1.010239
0.522103 0.925690 1.006310
0.519087 0.924590 1.002382
0.519135 0.924447 0.998456
0.519195 0.924266 0.994531
0.519268 0.924048 0.990608
0.519353 0.923793 0.986687
0.519451 0.923501 0.982770
0.519560 0.923172 0.978855
0.519682 0.922805 0.974945
0.519816 0.922402 0.971038
0.519963 0.921961 0.967136
0.520122 0.921483 0.963239
0.520292 0.920969 0.959347
0.520476 0.920417 0.955460
0.520671 0.919829 0.951580
0.520878 0.919204 0.947706
0.518118 0.917538 0.943839
0.515393 0.915811 0.939979
0.512706 0.914022 0.936126
0.510058 0.912174 0.932281
0.507450 0.910266 0.928445
0.504883 0.908300 0.924618
0.505227 0.907439 0.920799
0.505585 0.906542 0.916990
0.505958 0.905609 0.913191
0.506345 0.904642 0.909402
0.503914 0.902492 0.905623
0.504339 0.901459 0.901856
0.504341 0.901457 0.901854
0.504342 0.901454 0.901853
0.504344 0.901452 0.901851
0.504345 0.901450 0.901850
0.504346 0.901448 0.901848
0.504151 0.901469 0.901935
0.503961 0.901492 0.902023
0.503877 0.901533 0.902080
0.503794 0.901574 0.902135
0.503771 0.901590 0.902155
0.503748 0.901605 0.902174
0.503595 0.901965 0.905221
0.503454 0.902297 0.908272
0.506156 0.903754 0.911327
0.508996 0.904876 0.911326
0.511741 0.906251 0.914383
0.514513 0.907571 0.917444
0.516399 0.911407 0.922299
0.518367 0.915189 0.927185
0.520415 0.918914 0.932100
0.522566 0.922509 0.933865
0.525369 0.924171 0.934521
0.528193 0.925813 0.935170
0.531039 0.927435 0.935812
0.533906 0.929037 0.936446
0.536783 0.930659 0.940287
0.539694 0.932218 0.944138
0.542637 0.933713 0.947995
0.545610 0.935142 0.951860
0.548613 0.936505 0.955732
0.551643 0.937801 0.959610
0.554700 0.939031 0.963493
0.557782 0.940192 0.967383
0.560888 0.941286 0.971278
0.564016 0.942311 0.975177
0.567164 0.943267 0.979081
0.570332 0.944154 0.982989
0.573518 0.944971 0.986900
0.576720 0.945718 0.990815
0.579937 0.946394 0.994733
0.583168 0.947000 0.998653
0.586411 0.947534 1.002575
0.589664 0.947997 1.006498
0.592926 0.948389 1.010424
0.596196 0.948709 1.014349
0.599472 0.948958 1.018276
0.602752 0.949134 1.022202
0.606036 0.949239 1.026129
0.609321 0.949271 1.030054
0.612606 0.949232 1.033979
0.615889 0.949120 1.037902
0.619170 0.948937 1.041823
0.622446 0.948681 1.045742
0.622433 0.948395 1.049658
0.622419 0.948069 1.053571
0.622405 0.947705 1.057481
0.622390 0.947301 1.061387
0.622375 0.946858 1.065289
0.622360 0.946376 1.069186
0.622344 0.945856 1.073078
0.622328 0.945296 1.076965
0.622312 0.944698 1.080846
0.622296 0.944060 1.084721
0.622279 0.943384 1.088589
0.622261 0.942670 1.092450
0.622244 0.941917 1.096305
0.622226 0.941125 1.100151
0.622207 0.940295 1.103989
0.622178 0.938227 1.102991
0.622148 0.936149 1.102012
0.622119 0.934061 1.101055
0.622089 0.931964 1.100118
0.622060 0.929857 1.099203
0.622030 0.927742 1.098309
0.618947 0.927745 1.098308
0.615848 0.929255 1.095222
0.612690 0.932044 1.096819
0.609476 0.934817 1.098388
0.606206 0.937571 1.099928
0.602878 0.940307 1.101439
0.599494 0.943023 1.102921
0.596052 0.945717 1.104373
0.592553 0.948389 1.105797
0.588997 0.951037 1.107191
0.585384 0.953660 1.108555
0.581715 0.956257 1.109890
0.577988 0.958827 1.111194
0.574204 0.961369 1.112469
0.570364 0.963881 1.113713
0.566467 0.966362 1.114928
0.562513 0.968811 1.116111
0.558504 0.971227 1.117264
0.554438 0.973609 1.118387
0.550316 0.975955 1.119479
0.546139 0.978264 1.120540
0.541907 0.980535 1.121570
0.537620 0.982767 1.122569
0.533278 0.984958 1.123536
0.528882 0.987108 1.124473
0.524432 0.989215 1.125378
0.519928 0.991278 1.126251
0.515372 0.993296 1.127093
0.510763 0.995268 1.127903
0.506102 0.997192 1.128682
0.501390 0.999067 1.129429
0.496626 1.000892 1.130143
0.491812 1.002667 1.130826
0.486949 1.004389 1.131477
0.482036 1.006058 1.132096
0.477074 1.007672 1.132682
0.472064 1.009231 1.133236
0.467007 1.010733 1.133758
0.461904 1.012177 1.134248
0.456755 1.013562 1.134705
0.451560 1.014888 1.135129
0.446322 1.016152 1.135521
0.441039 1.017354 1.135881
0.435714 1.018492 1.136208
0.430348 1.019567 1.136502
0.424940 1.020576 1.136763
0.419492 1.021518 1.136992
0.414005 1.022394 1.137188
0.408479 1.023201 1.137351
0.402917 1.023938 1.137482
0.397318 1.024606 1.137579
0.391684 1.025202 1.137644
0.386015 1.025726 1.137676
0.380314 1.026177 1.137675
0.374581 1.026554 1.137641
0.368817 1.026857 1.137574
0.363023 1.027084 1.137474
0.357201 1.027235 1.137341
0.351352 1.027309 1.137175
0.345476 1.027305 1.136977
0.339576 1.027223 1.136745
0.333653 1.027062 1.136480
0.327708 1.026821 1.136183
0.321742 1.026500 1.135853
0.315759 1.026098 1.135490
0.309754 1.025613 1.135094
0.303733 1.025046 1.134665
0.297697 1.024397 1.134204
0.291648 1.023665 1.133710
0.286446 1.021825 1.128498
0.281285 1.019876 1.123256
0.275225 1.018902 1.122653
0.269155 1.017853 1.122029
0.263080 1.016720 1.121373
0.257001 1.015503 1.120684
0.250919 1.014202 1.119962
0.244835 1.012815 1.119208
0.238750 1.011344 1.118422
0.233672 1.008772 1.112952
0.228656 1.006094 1.107448
0.223698 1.003320 1.101928
0.218799 1.000450 1.096392
0.213962 0.997485 1.090841
0.209188 0.994427 1.085276
0.204478 0.991277 1.079696
0.199839 0.988039 1.074103
0.195264 0.984708 1.068498
0.190757 0.981287 1.062880
0.186322 0.977778 1.057250
0.181960 0.974184 1.051609
0.177672 0.970504 1.045958
0.173460 0.966741 1.040296
0.169325 0.962896 1.034625
0.167594 0.960571 1.034600
0.166789 0.959497 1.034596
0.166391 0.958945 1.034582
0.166129 0.958575 1.034568
0.166016 0.958420 1.034565
0.165974 0.958361 1.034562
0.165966 0.958347 1.034558
0.165974 0.958353 1.034554
0.165989 0.958370 1.034551
0.166821 0.957900 1.040200
0.169341 0.959593 1.045849
0.172814 0.962415 1.051485
0.176780 0.965724 1.057108
0.182491 0.968014 1.058223
0.188319 0.970347 1.059303
0.194209 0.972653 1.060353
0.200133 0.974898 1.061372
0.206076 0.977065 1.062360
0.212031 0.979146 1.063317
0.219868 0.983210 1.064234
0.228668 0.988103 1.065124
0.237978 0.993263 1.065986
0.245566 0.996438 1.066832
0.252320 0.998640 1.067640
0.258678 1.000348 1.068414
0.264848 1.001782 1.069154
0.270925 1.003044 1.069861
0.274754 1.002213 1.070558
0.279813 1.002442 1.071190
0.285397 1.003084 1.071797
0.291193 1.003846 1.072375
0.297066 1.004605 1.072921
0.302960 1.005311 1.073436
0.308853 1.005942 1.073917
0.314732 1.006494 1.074368
0.320593 1.006965 1.074786
0.326434 1.007353 1.075172
0.332256 1.007658 1.075524
0.338055 1.007882 1.075843
0.343830 1.008026 1.076131
0.349580 1.008091 1.076385
0.355303 1.008077 1.076608
0.360998 1.007987 1.076799
0.366665 1.007820 1.076957
0.372304 1.007578 1.077083
0.377912 1.007261 1.077176
0.383489 1.006869 1.077236
0.389034 1.006405 1.077264
0.394546 1.005869 1.077259
0.400023 1.005261 1.077222
0.405466 1.004584 1.077152
0.410872 1.003837 1.077049
0.416242 1.003022 1.076914
0.421574 1.002139 1.076745
0.426866 1.001191 1.076545
0.432119 1.000177 1.076312
0.437331 0.999098 1.076046
0.442501 0.997956 1.075748
0.447629 0.996752 1.075417
0.452713 0.995486 1.075054
0.457753 0.994160 1.074658
0.462748 0.992774 1.074230
0.467698 0.991331 1.073769
0.472600 0.989830 1.073276
0.477456 0.988273 1.072751
0.482264 0.986662 1.072193
0.487023 0.984996 1.071603
0.491733 0.983278 1.070980
0.496394 0.981507 1.070326
0.501004 0.979687 1.069639
0.505563 0.977817 1.068920
0.510071 0.975900 1.068170
0.514527 0.973936 1.067388
0.518930 0.971927 1.066575
0.523280 0.969872 1.065729
0.527578 0.967775 1.064852
0.531821 0.965636 1.063943
0.536010 0.963456 1.063004
0.540144 0.961236 1.062033
0.544223 0.958978 1.061031
0.548246 0.956683 1.059999
0.552214 0.954352 1.058935
0.556126 0.951986 1.057840
0.559982 0.949586 1.056715
0.563782 0.947153 1.055559
0.567525 0.944690 1.054372
0.571211 0.942197 1.053156
0.574840 0.939675 1.051909
0.578412 0.937126 1.050632
0.581717 0.936440 1.053824
0.585008 0.935688 1.057005
0.588125 0.936629 1.064728
0.591272 0.937371 1.072491
0.594554 0.936333 1.075670
0.597813 0.935231 1.078835
0.601050 0.934064 1.081987
0.604263 0.932832 1.085125
0.607451 0.931536 1.088249
0.610612 0.930177 1.091359
0.613746 0.928755 1.094453
0.616850 0.927270 1.097532
0.619924 0.925724 1.100596
0.619925 0.924131 1.103644
0.622967 0.924114 1.103642
0.622968 0.924113 1.103640
0.619927 0.925716 1.100589
0.616860 0.928514 1.102243
0.613737 0.931297 1.103868
0.610557 0.934065 1.105464
0.607321 0.936815 1.107032
0.604028 0.939547 1.108571
0.600678 0.942259 1.110081
0.597271 0.944953 1.111563
0.593806 0.947624 1.113015
0.590285 0.950273 1.114438
0.586706 0.952897 1.115831
0.583070 0.955496 1.117195
0.579378 0.958069 1.118529
0.575629 0.960614 1.119833
0.571822 0.963131 1.121106
0.567959 0.965618 1.122351
0.564039 0.968074 1.123565
0.560063 0.970497 1.124748
0.556030 0.972887 1.125901
0.551942 0.975242 1.127023
0.547798 0.977561 1.128114
0.543598 0.979843 1.129174
0.539343 0.982087 1.130204
0.535033 0.984291 1.131203
0.530668 0.986455 1.132170
0.526249 0.988576 1.133107
0.521777 0.990654 1.134011
0.517023 0.993519 1.131053
0.512209 0.996296 1.128054
0.507338 0.998984 1.125015
0.502412 1.001584 1.121938
0.497432 1.004094 1.118821
