0.156190 0.946572 1.025054
0.153844 0.944593 1.019368
0.153071 0.943443 1.019342
0.152722 0.942938 1.019342
0.152577 0.942725 1.019339
0.152525 0.942646 1.019336
0.152515 0.942629 1.019333
0.152525 0.942640 1.019329
0.152544 0.942663 1.019325
0.152567 0.942692 1.019322
0.152590 0.942723 1.019318
0.152617 0.942757 1.019314
0.152643 0.942792 1.019311
0.155008 0.944809 1.024990
0.158283 0.947983 1.030659
0.162021 0.951640 1.036315
0.166018 0.955473 1.041961
0.170178 0.959341 1.047597
0.176000 0.961956 1.048777
0.181865 0.964513 1.049924
0.186015 0.968392 1.051569
0.190213 0.972215 1.053206
0.194456 0.975977 1.054835
0.200426 0.978237 1.055859
0.206408 0.980408 1.056853
0.214056 0.981009 1.057241
0.221686 0.981485 1.057621
0.227657 0.983351 1.058521
0.233626 0.985124 1.059390
0.239594 0.986804 1.060228
0.245559 0.988392 1.061034
0.253545 0.991889 1.061797
0.260432 0.994158 1.062548
0.266805 0.995819 1.063264
0.272941 0.997163 1.063946
0.278964 0.998319 1.064594
0.284933 0.999346 1.065211
0.290869 1.000269 1.065795
0.296784 1.001097 1.066347
0.302681 1.001838 1.066867
0.308559 1.002492 1.067354
0.314420 1.003061 1.067810
0.320261 1.003547 1.068232
0.326082 1.003950 1.068623
0.331883 1.004271 1.068980
0.337662 1.004510 1.069304
0.343418 1.004670 1.069596
0.349149 1.004750 1.069856
0.354855 1.004751 1.070082
0.360533 1.004676 1.070278
0.366183 1.004525 1.070440
0.371805 1.004298 1.070571
0.377398 1.003997 1.070668
0.382960 1.003622 1.070733
0.388490 1.003174 1.070766
0.393987 1.002654 1.070766
0.399451 1.002062 1.070733
0.404881 1.001401 1.070667
0.410275 1.000671 1.070569
0.415632 0.999872 1.070438
0.420952 0.999006 1.070275
0.426234 0.998073 1.070079
0.431476 0.997076 1.069850
0.436679 0.996013 1.069589
0.441839 0.994888 1.069296
0.446958 0.993699 1.068969
0.452034 0.992450 1.068611
0.457066 0.991140 1.068219
0.462054 0.989770 1.067796
0.466996 0.988343 1.067340
0.471892 0.986858 1.066851
0.476742 0.985317 1.066331
0.481544 0.983721 1.065777
0.486299 0.982070 1.065192
0.491005 0.980367 1.064574
0.495661 0.978612 1.063924
0.500268 0.976807 1.063242
0.504824 0.974952 1.062528
0.509330 0.973049 1.061782
0.513783 0.971100 1.061005
0.518185 0.969104 1.060195
0.522535 0.967064 1.059354
0.526831 0.964980 1.058482
0.531074 0.962854 1.057578
0.535263 0.960687 1.056643
0.539397 0.958481 1.055677
0.543477 0.956236 1.054680
0.547503 0.953952 1.053651
0.551473 0.951632 1.052591
0.555387 0.949277 1.051501
0.559245 0.946889 1.050380
0.563048 0.944468 1.049228
0.566794 0.942015 1.048046
0.570483 0.939532 1.046834
0.574116 0.937021 1.045591
0.577691 0.934481 1.044319
0.581211 0.931914 1.043016
0.584444 0.931274 1.046152
0.587664 0.930569 1.049279
0.590692 0.931623 1.056921
0.593750 0.932481 1.064605
0.596834 0.933141 1.072330
0.599939 0.933602 1.080090
0.603147 0.932400 1.083224
0.606329 0.931135 1.086344
0.609484 0.929806 1.089450
0.612613 0.928414 1.092541
0.615713 0.926960 1.095618
0.618783 0.925444 1.098678
0.618783 0.923870 1.101724
0.618784 0.923869 1.101722
0.615731 0.925412 1.098674
0.612609 0.928169 1.100324
0.609431 0.930911 1.101945
0.606197 0.933635 1.103537
0.602907 0.936341 1.105101
0.599561 0.939028 1.106636
0.596158 0.941695 1.108142
0.592698 0.944341 1.109620
0.589182 0.946964 1.111068
0.585610 0.949562 1.112487
0.581981 0.952136 1.113876
0.578296 0.954684 1.115236
0.574554 0.957204 1.116565
0.570757 0.959695 1.117865
0.566903 0.962156 1.119135
0.562993 0.964587 1.120375
0.559027 0.966986 1.121584
0.555005 0.969351 1.122764
0.550928 0.971681 1.123912
0.546796 0.973976 1.125030
0.542609 0.976234 1.126117
0.538368 0.978453 1.127173
0.534072 0.980633 1.128197
0.529722 0.982773 1.129192
0.525318 0.984871 1.130155
0.520861 0.986927 1.131087
0.519830 0.990774 1.128153
0.518810 0.994592 1.125178
0.514021 0.997342 1.122165
0.509174 1.000002 1.119111
0.504272 1.002573 1.116019
0.499316 1.005054 1.112888
0.494308 1.007444 1.109719
0.489251 1.009742 1.106513
0.484146 1.011946 1.103268
0.478994 1.014056 1.099987
0.473798 1.016070 1.096668
0.472654 1.019079 1.097219
0.471536 1.022103 1.097739
0.470417 1.025132 1.098226
0.473328 1.029631 1.098680
0.476367 1.034136 1.099103
0.475389 1.037229 1.099495
0.474328 1.040295 1.099851
0.473262 1.043364 1.100176
0.472195 1.046437 1.100469
0.471125 1.049511 1.100729
0.470054 1.052588 1.100957
0.468982 1.055667 1.101152
0.467908 1.058746 1.101314
0.466833 1.061827 1.101444
0.465756 1.064909 1.101541
0.464678 1.067991 1.101605
0.463598 1.071073 1.101636
0.462517 1.074154 1.101635
0.461435 1.077235 1.101601
0.460352 1.080315 1.101535
0.459268 1.083394 1.101435
0.458182 1.086471 1.101303
0.457096 1.089546 1.101139
0.456009 1.092620 1.100941
0.454922 1.095690 1.100711
0.453834 1.098758 1.100448
0.452745 1.101823 1.100153
0.451657 1.104884 1.099825
0.450569 1.107942 1.099465
0.449481 1.110996 1.099072
0.448395 1.114046 1.098646
0.447309 1.117091 1.098188
0.446224 1.120132 1.097698
0.445141 1.123168 1.097175
0.444060 1.126199 1.096620
0.442982 1.129225 1.096032
0.442472 1.130639 1.090634
0.441978 1.132001 1.085218
0.440800 1.135331 1.080621
0.439639 1.138619 1.075990
0.438495 1.141863 1.071323
0.437368 1.145063 1.066623
0.436260 1.148220 1.061889
0.435169 1.151333 1.057121
0.434097 1.154402 1.052321
0.433044 1.157426 1.047488
0.432011 1.160406 1.042623
0.430997 1.163340 1.037727
0.430003 1.166230 1.032801
0.429030 1.169074 1.027844
0.428076 1.171872 1.022856
0.427143 1.174625 1.017840
0.426231 1.177332 1.012794
0.425340 1.179992 1.007721
0.424470 1.182605 1.002619
0.423620 1.185171 0.997490
0.425600 1.188666 0.992348
0.429126 1.192604 0.987174
0.433440 1.196705 0.981970
0.435252 1.199899 0.976719
0.436359 1.200565 0.970619
0.436860 1.200976 0.964521
0.437094 1.201239 0.958422
0.437218 1.201404 0.952323
0.437314 1.201497 0.946223
0.437399 1.201522 0.940124
0.437491 1.201486 0.934025
0.437597 1.201390 0.927926
0.437761 1.201433 0.927916
0.437867 1.201463 0.927912
0.437950 1.201485 0.927907
0.437984 1.201307 0.921816
0.438091 1.201083 0.915722
0.438237 1.200808 0.909630
0.438395 1.200849 0.909620
0.438498 1.200877 0.909615
0.438580 1.200899 0.909611
0.438654 1.200918 0.909606
0.438726 1.200937 0.909602
0.438796 1.200955 0.909597
0.438866 1.200974 0.909593
0.438936 1.200992 0.909588
0.439005 1.201010 0.909584
0.439075 1.201028 0.909580
0.439144 1.201045 0.909575
0.439213 1.201063 0.909571
