0.910954 1.078733 0.966417
0.912133 1.080628 0.966919
0.913320 1.082513 0.967442
0.912988 1.081978 0.963572
0.912626 1.081405 0.959697
0.911667 1.084632 0.960244
0.909481 1.088604 0.960816
0.906679 1.093104 0.955887
0.903497 1.097716 0.950925
0.900077 1.102355 0.945940
0.896503 1.106975 0.940940
0.892790 1.111547 0.935910
0.888981 1.116062 0.930867
0.885064 1.120507 0.925795
0.881071 1.124883 0.920710
0.879408 1.127975 0.915614
0.879025 1.130324 0.910484
0.879291 1.132291 0.905342
0.879846 1.134041 0.900172
0.880552 1.135668 0.894993
0.881297 1.137205 0.889786
0.882068 1.138680 0.884571
0.880149 1.141415 0.879318
0.876783 1.144796 0.874057
0.873077 1.149035 0.874643
0.871827 1.152104 0.875281
0.871824 1.154543 0.875920
0.872379 1.156711 0.876583
0.873162 1.158755 0.877261
0.874058 1.160746 0.877968
0.874985 1.162706 0.878688
0.875939 1.164653 0.879437
0.876887 1.166586 0.880200
0.877846 1.168512 0.880992
0.878792 1.170428 0.881797
0.879429 1.171797 0.876539
0.880064 1.173093 0.871251
0.880700 1.174338 0.865957
0.881311 1.175527 0.860642
0.881910 1.176670 0.855319
0.882483 1.177761 0.849979
0.883031 1.178804 0.844626
0.883557 1.179798 0.839261
0.884061 1.180743 0.833886
0.885056 1.182620 0.834707
0.885099 1.182593 0.834701
0.885129 1.182568 0.834692
0.885165 1.182550 0.834691
0.885192 1.182528 0.834682
0.885223 1.182512 0.834681
0.885249 1.182490 0.834673
0.883651 1.179032 0.830297
0.882035 1.175514 0.825944
0.880412 1.171961 0.821636
0.878764 1.168363 0.817361
0.877106 1.164733 0.813133
0.875421 1.161060 0.808939
0.875455 1.161025 0.808925
0.876433 1.162969 0.809652
0.875659 1.161245 0.806212
0.874883 1.159482 0.802790
0.875846 1.161407 0.803526
0.876809 1.163341 0.804297
0.876830 1.163327 0.804293
0.877779 1.165252 0.805079
0.878732 1.167174 0.805893
0.879672 1.169086 0.806722
0.880615 1.170993 0.807578
0.881547 1.172891 0.808450
0.881569 1.172881 0.808451
0.881586 1.172867 0.808446
0.881609 1.172857 0.808446
0.881626 1.172842 0.808441
0.883359 1.176472 0.812747
0.883379 1.176471 0.812755
0.883394 1.176457 0.812749
0.886872 1.174808 0.812755
0.888273 1.174116 0.812743
0.888151 1.172704 0.806599
0.888342 1.172600 0.806589
0.887798 1.171326 0.800459
0.887213 1.169994 0.794337
0.887316 1.170146 0.794508
0.887431 1.170349 0.794727
0.887540 1.170549 0.794942
0.888207 1.171834 0.801068
0.888832 1.173073 0.807209
0.889425 1.174259 0.813364
0.889848 1.175480 0.819478
0.890233 1.176660 0.825616
0.890201 1.176679 0.825619
0.890209 1.176674 0.825618
0.890229 1.176664 0.825617
0.890251 1.176652 0.825616
0.890796 1.177655 0.831807
0.891292 1.178614 0.838010
0.891755 1.179521 0.844224
0.892189 1.180373 0.850448
0.892596 1.181168 0.856681
0.892975 1.181908 0.862922
0.893327 1.182591 0.869172
0.893651 1.183219 0.875429
0.893947 1.183790 0.881692
0.894217 1.184305 0.887962
0.894458 1.184764 0.894237
0.894673 1.185166 0.900517
0.894859 1.185512 0.906801
0.895017 1.185802 0.913089
0.895146 1.186035 0.919380
0.895247 1.186213 0.925673
0.895319 1.186334 0.931968
0.895363 1.186400 0.938264
0.895377 1.186410 0.944560
0.895363 1.186364 0.950857
0.895319 1.186262 0.957152
0.895246 1.186103 0.963445
0.895143 1.185888 0.969736
0.895011 1.185620 0.976025
0.894849 1.185295 0.982310
0.894812 1.185313 0.982310
0.894786 1.185325 0.982309
0.891963 1.186698 0.982327
0.884800 1.190094 0.982350
0.875447 1.194353 0.982358
0.864964 1.198905 0.982362
0.856822 1.202274 0.982347
0.849832 1.205063 0.982339
0.843302 1.207128 0.988617
0.836964 1.208979 0.994893
0.830702 1.210662 1.001164
0.823656 1.209812 1.002078
0.816082 1.207218 1.001471
0.808567 1.204511 1.000850
0.801118 1.201691 1.000215
0.793736 1.198760 0.999567
0.786426 1.195719 0.998904
0.779189 1.192568 0.998228
0.772029 1.189311 0.997538
0.764946 1.185948 0.996835
0.757944 1.182480 0.996118
0.751024 1.178909 0.995388
0.744189 1.175238 0.994645
0.737441 1.171467 0.993888
0.730782 1.167599 0.993118
0.724214 1.163636 0.992335
0.717737 1.159579 0.991539
0.711355 1.155430 0.990731
0.705069 1.151191 0.989909
0.698880 1.146865 0.989075
0.692790 1.142452 0.988228
0.686800 1.137957 0.987368
0.680912 1.133380 0.986496
0.675398 1.131520 0.990550
0.673858 1.129149 0.994568
0.673265 1.126644 0.998569
0.668864 1.124496 1.002567
0.663714 1.122331 1.006523
0.658460 1.120084 1.010451
0.653230 1.117744 1.014350
0.648048 1.115312 1.018223
0.642918 1.112787 1.022068
0.637843 1.110171 1.025885
0.632825 1.107465 1.029673
0.627864 1.104670 1.033433
0.622963 1.101788 1.037163
0.622634 1.100819 1.041967
0.618074 1.099812 1.046777
0.617848 1.098746 1.051563
0.617838 1.097636 1.056344
0.617840 1.096479 1.061114
0.617842 1.093237 1.060738
0.617827 1.088034 1.059136
0.617813 1.082824 1.057522
0.617799 1.077607 1.055895
0.617785 1.072384 1.054256
0.617772 1.067154 1.052604
0.617760 1.061919 1.050941
0.617747 1.056679 1.049265
0.617734 1.051435 1.047578
0.617722 1.046186 1.045879
0.617709 1.040935 1.044169
0.617697 1.035680 1.042448
0.617685 1.030423 1.040715
0.617673 1.025164 1.038972
0.617660 1.019903 1.037218
0.617649 1.014641 1.035453
0.617637 1.009379 1.033677
0.617625 1.004117 1.031891
0.617632 1.003207 1.035727
0.617632 1.000140 1.038668
0.617633 0.997044 1.041579
0.617634 0.993918 1.044459
0.617636 0.990764 1.047307
0.617638 0.987582 1.050123
0.617642 0.984371 1.052908
0.617646 0.981133 1.055661
0.617650 0.977868 1.058381
0.617655 0.974576 1.061068
0.617660 0.971257 1.063723
0.617666 0.967912 1.066344
0.617673 0.964541 1.068932
0.617680 0.961144 1.071486
0.617687 0.957723 1.074006
0.617695 0.954274 1.076491
0.617704 0.950802 1.078941
0.617712 0.947305 1.081357
0.617722 0.943784 1.083738
0.617732 0.940240 1.086084
0.617742 0.936673 1.088394
0.617753 0.933083 1.090668
0.617764 0.929470 1.092907
0.617775 0.925835 1.095109
0.617789 0.924297 1.098159
0.617790 0.924296 1.098157
0.620834 0.924301 1.098156
0.623877 0.924276 1.098155
0.626921 0.924220 1.098154
0.629963 0.924134 1.098152
0.633004 0.924018 1.098151
0.636045 0.923871 1.098150
0.639083 0.923693 1.098148
0.642120 0.923486 1.098147
0.645154 0.923248 1.098146
0.648186 0.922979 1.098144
0.651214 0.922681 1.098143
0.654240 0.922352 1.098142
0.657539 0.924084 1.099044
0.660875 0.925771 1.099968
0.664043 0.926185 1.096131
0.667217 0.926527 1.092286
0.670627 0.928220 1.085317
0.674051 0.929729 1.078313
