1.020163 0.318954 0.915573
1.020308 0.318866 0.916800
1.020435 0.318792 0.917905
1.020337 0.318893 0.913889
1.020198 0.319020 0.909775
1.020020 0.319176 0.905573
1.020112 0.319122 0.906296
1.020196 0.319078 0.906948
1.020272 0.319042 0.907534
1.020340 0.319011 0.908062
1.020402 0.318985 0.908537
1.020458 0.318964 0.908965
1.020222 0.319168 0.904342
1.019946 0.319399 0.899683
1.019630 0.319658 0.894993
1.019672 0.319641 0.895272
1.019713 0.319629 0.895524
1.019750 0.319620 0.895751
1.019785 0.319614 0.895955
1.019817 0.319610 0.896138
1.019847 0.319607 0.896304
1.019875 0.319606 0.896452
1.019513 0.319905 0.891587
1.019109 0.320231 0.886713
1.022152 0.318041 0.891130
1.025129 0.315841 0.895574
1.028061 0.313661 0.900045
1.030955 0.311507 0.904543
1.030608 0.311711 0.899479
1.030249 0.311985 0.894407
1.032835 0.310148 0.893626
1.035384 0.308276 0.892813
1.037920 0.306399 0.891969
1.037881 0.306346 0.891970
1.037877 0.306341 0.891970
1.040448 0.304526 0.891094
1.042978 0.302671 0.890187
1.045492 0.300810 0.889249
1.045452 0.300755 0.889249
1.045446 0.300747 0.889249
1.045450 0.300752 0.889249
1.045457 0.300762 0.889249
1.046163 0.301718 0.889245
1.046143 0.301695 0.889231
1.046074 0.301604 0.889222
1.046004 0.301512 0.889213
1.045938 0.301427 0.889202
1.045936 0.301424 0.889202
1.045938 0.301427 0.889201
1.046353 0.301128 0.894523
1.046729 0.300865 0.899849
1.047063 0.300635 0.905180
1.044503 0.302479 0.906024
1.041967 0.304369 0.906837
1.039436 0.306280 0.907618
1.036903 0.308200 0.908367
1.034365 0.310126 0.909084
1.031821 0.312056 0.909769
1.029273 0.313991 0.910422
1.026718 0.315929 0.911043
1.027006 0.315823 0.916123
1.027225 0.315709 0.921205
1.027395 0.315615 0.926289
1.029786 0.318591 0.931382
1.032677 0.322404 0.936471
1.035635 0.326479 0.941560
1.038546 0.330663 0.946648
1.041380 0.334917 0.951736
1.044131 0.339230 0.956823
1.046795 0.343597 0.961909
1.049371 0.348017 0.966993
1.051858 0.352486 0.972074
1.054255 0.357004 0.977153
1.056560 0.361569 0.982228
1.058774 0.366178 0.987300
1.060895 0.370830 0.992366
1.062922 0.375523 0.997428
1.064854 0.380254 1.002485
1.066691 0.385023 1.007535
1.069029 0.389522 1.007535
1.070718 0.394337 1.012580
1.072313 0.399190 1.017617
1.073811 0.404074 1.022646
1.075211 0.408986 1.027668
1.077306 0.413565 1.027668
1.079352 0.418160 1.027668
1.081353 0.422775 1.027669
1.083307 0.427409 1.027669
1.085214 0.432063 1.027669
1.087075 0.436736 1.027669
1.088889 0.441427 1.027670
1.090655 0.446136 1.027670
1.092375 0.450863 1.027670
1.094046 0.455607 1.027670
1.095671 0.460367 1.027671
1.097247 0.465143 1.027671
1.098776 0.469935 1.027671
1.095761 0.471228 1.027510
1.092659 0.472234 1.027319
1.089554 0.473219 1.027095
1.086450 0.474200 1.026839
1.083348 0.475181 1.026550
1.080249 0.476159 1.026229
1.077153 0.477135 1.025875
1.074060 0.478110 1.025489
1.070971 0.479083 1.025070
1.067885 0.480053 1.024619
1.064804 0.481022 1.024136
1.061728 0.481989 1.023620
1.058656 0.482953 1.023072
1.055590 0.483916 1.022492
1.052529 0.484876 1.021880
1.049474 0.485834 1.021236
1.046426 0.486789 1.020559
1.045668 0.487038 1.025023
1.044866 0.487297 1.029479
1.045321 0.491802 1.033926
1.045690 0.496330 1.038364
1.045968 0.500865 1.042792
1.046156 0.505405 1.047210
1.046253 0.509947 1.051618
1.046259 0.514491 1.056015
1.046174 0.519035 1.060401
1.045999 0.523576 1.064775
1.046213 0.527999 1.066895
1.046360 0.532420 1.069007
1.046441 0.536840 1.071112
1.046456 0.541256 1.073209
1.046405 0.545667 1.075298
1.046287 0.550073 1.077378
1.046103 0.554472 1.079449
1.045854 0.558863 1.081512
1.045785 0.565137 1.083549
1.045597 0.571382 1.085564
1.045291 0.577594 1.087555
1.044870 0.583771 1.089522
1.044334 0.589910 1.091465
1.043686 0.596008 1.093384
1.042927 0.602062 1.095279
1.043576 0.607967 1.092923
1.044115 0.613853 1.090550
1.044545 0.619718 1.088162
1.043418 0.625615 1.089994
1.042190 0.631457 1.091803
1.040861 0.637241 1.093588
1.039435 0.642965 1.095349
1.037913 0.648628 1.097086
1.036298 0.654226 1.098799
1.034592 0.659758 1.100489
1.032797 0.665221 1.102155
1.030916 0.670615 1.103797
1.028951 0.675936 1.105417
1.026905 0.681183 1.107013
1.024779 0.686355 1.108587
1.022576 0.691450 1.110138
1.020300 0.696466 1.111668
1.017455 0.701782 1.115383
1.014503 0.707041 1.119065
1.011445 0.712239 1.122711
1.008284 0.717374 1.126323
1.005456 0.720993 1.130290
1.004426 0.724844 1.130290
1.003358 0.728685 1.130289
1.002251 0.732515 1.130289
1.001106 0.736334 1.130288
0.999923 0.740142 1.130288
0.998702 0.743937 1.130288
0.997443 0.747720 1.130287
0.996147 0.751488 1.130287
0.994813 0.755245 1.130287
0.993441 0.758988 1.130286
0.992032 0.762718 1.130286
0.990585 0.766433 1.130285
0.989101 0.770134 1.130285
0.987581 0.773819 1.130285
0.986024 0.777489 1.130284
0.984430 0.781143 1.130284
0.982799 0.784782 1.130283
0.983593 0.789247 1.132257
0.984352 0.793750 1.134204
0.984360 0.799630 1.135733
0.984299 0.805527 1.137223
0.984169 0.811440 1.138672
0.983969 0.817368 1.140083
0.983698 0.823310 1.141453
0.983357 0.829265 1.142783
0.982944 0.835232 1.144073
0.982460 0.841211 1.145323
0.981903 0.847200 1.146532
0.981274 0.853198 1.147701
0.980572 0.859205 1.148829
0.979797 0.865220 1.149917
0.978948 0.871240 1.150963
0.978025 0.877266 1.151969
0.977028 0.883297 1.152933
0.975956 0.889331 1.153857
0.974809 0.895367 1.154739
0.973587 0.901405 1.155580
0.972289 0.907442 1.156379
0.970916 0.913479 1.157137
0.969467 0.919514 1.157853
0.969929 0.924217 1.157122
0.970329 0.928947 1.156358
0.970666 0.933704 1.155561
0.970939 0.938489 1.154731
0.971147 0.943298 1.153867
0.971290 0.948133 1.152970
0.971366 0.952991 1.152041
0.971376 0.957871 1.151078
0.971318 0.962773 1.150083
0.971192 0.967696 1.149055
0.970998 0.972638 1.147995
0.970733 0.977598 1.146902
0.970399 0.982576 1.145777
0.969994 0.987570 1.144619
0.969518 0.992579 1.143430
0.968165 0.998103 1.144298
