0.976250 0.359634 0.931791
0.976489 0.359470 0.929635
0.976711 0.359320 0.927476
0.976915 0.359181 0.925315
0.974286 0.361086 0.918418
0.971565 0.363064 0.911615
0.971679 0.362994 0.909510
0.974322 0.361092 0.909756
0.976966 0.359187 0.909970
0.979612 0.357281 0.910152
0.982259 0.355373 0.910300
0.984907 0.353465 0.910417
0.987555 0.351557 0.910500
0.990205 0.349648 0.910551
0.990564 0.349382 0.912803
0.990911 0.349138 0.915058
0.991240 0.348908 0.917318
0.991550 0.348691 0.919582
0.991655 0.348629 0.917247
0.991711 0.348601 0.914685
0.991720 0.348607 0.911918
0.991940 0.348455 0.913571
0.991888 0.348507 0.910454
0.994546 0.346613 0.910341
0.997195 0.344708 0.910196
0.999842 0.342804 0.910019
0.999733 0.342871 0.906656
0.999595 0.342986 0.903159
1.002253 0.341109 0.902884
1.004895 0.339214 0.902576
1.007534 0.337319 0.902235
1.010170 0.335427 0.901862
1.012803 0.333538 0.901457
1.015432 0.331652 0.901020
1.018059 0.329769 0.900549
1.020682 0.327889 0.900047
1.023301 0.326012 0.899513
1.025915 0.324139 0.898946
1.028525 0.322269 0.898347
1.031130 0.320403 0.897716
1.031247 0.320254 0.898800
1.031377 0.320163 0.899775
1.031498 0.320092 0.900654
1.031607 0.320033 0.901445
1.031359 0.320247 0.897066
1.031068 0.320487 0.892618
1.030735 0.320756 0.888109
1.030282 0.321111 0.883030
1.029789 0.321495 0.877957
1.032400 0.319712 0.877135
1.034972 0.317890 0.876281
1.035017 0.317780 0.876797
1.038121 0.315608 0.881080
1.041167 0.313428 0.885401
1.044172 0.311266 0.889760
1.044137 0.311216 0.889760
1.044133 0.311211 0.889760
1.047143 0.309130 0.894155
1.050087 0.307033 0.898586
1.050054 0.306988 0.898587
1.050052 0.306984 0.898587
1.050111 0.306954 0.899055
1.050167 0.306931 0.899476
1.050218 0.306913 0.899855
1.050265 0.306899 0.900197
1.050308 0.306887 0.900504
1.050347 0.306879 0.900781
1.050383 0.306873 0.901030
1.050416 0.306869 0.901254
1.050425 0.306882 0.901254
1.050435 0.306895 0.901253
1.050444 0.306909 0.901253
1.049701 0.305876 0.901263
1.048911 0.304781 0.901283
1.048771 0.304583 0.901295
1.048761 0.304566 0.901298
1.048759 0.304563 0.901302
1.049078 0.304337 0.906627
1.049360 0.304151 0.911955
1.049601 0.304000 0.917287
1.049801 0.303883 0.922621
1.047206 0.305727 0.923349
1.044634 0.307616 0.924044
1.042067 0.309522 0.924707
1.039497 0.311436 0.925338
1.036923 0.313356 0.925937
1.034345 0.315278 0.926504
1.031762 0.317203 0.927038
1.029173 0.319131 0.927541
1.026581 0.321060 0.928011
1.026727 0.321049 0.933058
1.024103 0.322950 0.933463
1.021494 0.324878 0.933836
1.018884 0.326812 0.934177
1.016273 0.328749 0.934485
1.013658 0.330686 0.934760
1.016137 0.334083 0.934763
1.018922 0.337980 0.934763
1.021768 0.341947 0.939649
1.024546 0.345988 0.944536
1.027244 0.350086 0.949422
1.024844 0.352377 0.949565
1.024833 0.352524 0.954417
1.024666 0.352665 0.956975
1.024472 0.352812 0.959530
1.024395 0.352881 0.957237
1.026722 0.356661 0.954947
1.029195 0.360797 0.952656
1.031626 0.364999 0.950368
1.033997 0.369239 0.948081
1.036304 0.373512 0.945796
1.038547 0.377818 0.943513
1.040726 0.382155 0.941233
1.043090 0.386386 0.941233
1.045405 0.390641 0.946066
1.047636 0.394946 0.950899
1.049780 0.399294 0.955731
1.051837 0.403684 0.960562
1.053806 0.408113 0.965391
1.055685 0.412581 0.970217
1.057474 0.417085 0.975041
1.059173 0.421623 0.979862
1.060781 0.426194 0.984680
1.062296 0.430796 0.989493
1.063688 0.435438 0.992006
1.063237 0.435781 0.994513
1.063189 0.435811 0.992218
1.064894 0.440176 0.989925
1.066575 0.444672 0.987632
1.068192 0.449195 0.985340
1.069740 0.453741 0.983050
1.071221 0.458309 0.980761
1.072635 0.462897 0.978474
1.073979 0.467504 0.976189
1.075256 0.472130 0.973906
1.076463 0.476772 0.971626
1.077601 0.481431 0.969349
1.078966 0.486020 0.969349
1.080285 0.490623 0.969349
1.081558 0.495239 0.969349
1.082784 0.499868 0.969349
1.083964 0.504508 0.969350
1.085098 0.509160 0.969350
1.086184 0.513824 0.969350
1.087224 0.518498 0.969350
1.088218 0.523182 0.969350
1.089164 0.527875 0.969350
1.090063 0.532578 0.969350
1.090915 0.537290 0.969351
1.091720 0.542010 0.969351
1.092478 0.546738 0.969351
1.093188 0.551473 0.969351
1.093850 0.556216 0.969351
1.094465 0.560964 0.969351
1.095033 0.565719 0.969352
1.095553 0.570479 0.969352
1.096025 0.575243 0.969352
1.096450 0.580013 0.969352
1.096826 0.584786 0.969352
1.097155 0.589563 0.969352
1.097149 0.594360 0.974132
1.097048 0.599156 0.978909
1.096850 0.603949 0.983682
1.096556 0.608737 0.988452
1.096167 0.613519 0.993216
1.095682 0.618291 0.997976
1.095102 0.623053 1.002730
1.094427 0.627802 1.007478
1.093657 0.632536 1.012220
1.093508 0.637277 1.012220
1.092596 0.641986 1.016955
1.091590 0.646676 1.021682
1.090491 0.651346 1.026402
1.089298 0.655992 1.031113
1.086986 0.655824 1.025639
1.084621 0.655632 1.020190
1.082202 0.655436 1.014764
1.081826 0.660044 1.014765
1.081402 0.664663 1.014765
1.080932 0.669279 1.014765
1.080416 0.673889 1.014765
1.079854 0.678494 1.014765
1.079246 0.683094 1.014765
1.078591 0.687686 1.014766
1.077891 0.692272 1.014766
1.077145 0.696851 1.014766
1.076353 0.701423 1.014766
1.075516 0.705986 1.014766
1.074633 0.710540 1.014767
1.073704 0.715085 1.014767
1.072730 0.719621 1.014767
1.071710 0.724147 1.014767
1.070645 0.728662 1.014767
1.069536 0.733167 1.014767
1.068381 0.737660 1.014768
1.067181 0.742142 1.014768
1.065862 0.746584 1.012474
1.064573 0.751040 1.012474
1.062743 0.757089 1.012465
1.060822 0.763115 1.012445
1.058814 0.769112 1.012413
1.056717 0.775078 1.012371
1.054533 0.781013 1.012318
1.052262 0.786914 1.012254
1.049906 0.792780 1.012179
1.047463 0.798610 1.012093
1.044936 0.804402 1.011996
1.042324 0.810155 1.011888
1.039628 0.815867 1.011769
1.036850 0.821538 1.011639
1.033989 0.827166 1.011499
1.032497 0.831574 1.006872
1.033237 0.837050 1.007603
1.033916 0.842562 1.008303
1.034532 0.848113 1.008970
1.034182 0.855106 1.009457
1.033724 0.862119 1.009901
1.033161 0.869140 1.010302
