0.620000 0.926248 1.094121
0.623063 0.926231 1.094119
0.626126 0.926183 1.094118
0.629188 0.926105 1.094117
0.632249 0.925996 1.094116
0.635309 0.925857 1.094114
0.638537 0.928507 1.095750
0.641821 0.931139 1.097358
0.644990 0.931632 1.098075
0.648172 0.932099 1.098786
0.651367 0.932540 1.099488
0.654574 0.932956 1.100184
0.657793 0.933346 1.100872
0.661025 0.933709 1.101552
0.664572 0.936199 1.102957
0.668175 0.938664 1.104332
0.671833 0.941101 1.105677
0.675548 0.943510 1.106993
0.679318 0.945890 1.108279
0.683143 0.948239 1.109535
0.687024 0.950555 1.110761
0.690960 0.952838 1.111956
0.694951 0.955087 1.113121
0.698997 0.957300 1.114255
0.703097 0.959476 1.115358
0.707250 0.961615 1.116431
0.711458 0.963714 1.117472
0.715718 0.965773 1.118483
0.720032 0.967791 1.119463
0.724398 0.969765 1.120411
0.728816 0.971696 1.121328
0.732734 0.971857 1.125918
0.736651 0.971932 1.130521
0.740566 0.971920 1.135136
0.744477 0.971820 1.139763
0.749066 0.973509 1.140649
0.753704 0.975149 1.141503
0.758390 0.976738 1.142325
0.762376 0.976401 1.146964
0.766351 0.975977 1.151614
0.770314 0.975466 1.156275
0.774263 0.974868 1.160946
0.778195 0.974183 1.165627
0.782110 0.973413 1.170316
0.786005 0.972558 1.175016
0.789879 0.971617 1.179723
0.793730 0.970593 1.184439
0.797556 0.969484 1.189161
0.802503 0.970500 1.189952
0.807493 0.971459 1.190711
0.812523 0.972359 1.191438
0.817594 0.973200 1.192133
0.822703 0.973980 1.192796
0.827851 0.974699 1.193427
0.833035 0.975355 1.194026
0.838257 0.975949 1.194593
0.843514 0.976478 1.195128
0.848806 0.976942 1.195631
0.854132 0.977340 1.196102
0.859491 0.977671 1.196540
0.864883 0.977934 1.196947
0.870305 0.978129 1.197322
0.875757 0.978254 1.197663
0.881238 0.978309 1.197972
0.886746 0.978292 1.198249
0.892280 0.978204 1.198493
0.897839 0.978044 1.198704
0.903422 0.977810 1.198883
0.909027 0.977502 1.199029
0.914654 0.977120 1.199142
0.920301 0.976664 1.199222
0.925967 0.976131 1.199269
0.929950 0.973573 1.203997
0.933884 0.970933 1.208733
0.937765 0.968214 1.213475
0.941591 0.965418 1.218223
0.945360 0.962546 1.222975
0.949070 0.959598 1.227732
0.952721 0.956577 1.232493
0.956311 0.953483 1.237257
0.961960 0.952390 1.237274
0.967368 0.950980 1.232491
0.973027 0.949739 1.232435
0.978697 0.948416 1.232349
0.984372 0.947013 1.232231
0.990053 0.945531 1.232079
0.995736 0.943970 1.231895
1.001422 0.942328 1.231677
1.007108 0.940606 1.231427
1.012793 0.938803 1.231144
1.018475 0.936920 1.230827
1.024154 0.934955 1.230478
1.029829 0.932909 1.230096
1.035497 0.930781 1.229681
1.041158 0.928572 1.229232
1.046810 0.926280 1.228751
1.052452 0.923906 1.228237
1.055739 0.919784 1.232980
1.058701 0.915432 1.232980
1.061615 0.911056 1.232969
1.067171 0.908432 1.232426
1.072712 0.905723 1.231845
1.078238 0.902930 1.231232
1.083747 0.900054 1.230586
1.089237 0.897095 1.229907
1.094706 0.894051 1.229195
1.097674 0.889451 1.233926
1.100332 0.884684 1.233927
1.102938 0.879894 1.233910
1.105497 0.875079 1.233893
1.108007 0.870240 1.233876
1.110468 0.865376 1.233859
1.112881 0.860488 1.233842
1.115246 0.855576 1.233826
1.117561 0.850641 1.233809
1.119828 0.845683 1.233792
1.122044 0.840703 1.233775
1.124212 0.835701 1.233758
1.126329 0.830677 1.233741
1.128397 0.825633 1.233724
1.130414 0.820569 1.233707
1.132381 0.815485 1.233690
1.134297 0.810381 1.233673
1.136162 0.805259 1.233656
1.137976 0.800118 1.233640
1.139739 0.794960 1.233623
1.141451 0.789785 1.233606
1.142107 0.787752 1.233608
1.142360 0.786956 1.233599
1.142454 0.786655 1.233585
1.145210 0.787489 1.228096
1.147897 0.788349 1.222553
1.150910 0.789317 1.221727
1.153912 0.790296 1.220886
1.156905 0.791278 1.220013
1.157253 0.791333 1.224731
1.160228 0.792354 1.223855
1.163198 0.793349 1.222915
1.166162 0.794329 1.221943
1.169120 0.795300 1.220938
1.172069 0.796264 1.219901
1.175009 0.797221 1.218831
1.177940 0.798171 1.217729
1.180861 0.799115 1.216594
1.183773 0.800053 1.215427
1.186674 0.800984 1.214228
1.189565 0.801909 1.212997
1.192098 0.802755 1.207008
1.194969 0.803643 1.205673
1.197437 0.804453 1.199627
1.199847 0.805223 1.193514
1.202202 0.805963 1.187374
1.205468 0.803621 1.181208
1.208192 0.802760 1.175022
1.210588 0.802740 1.168811
1.212806 0.803076 1.162578
1.212871 0.802797 1.162474
1.214951 0.803411 1.156282
1.214976 0.803257 1.156179
1.214995 0.803168 1.156138
1.214246 0.802919 1.151426
1.213448 0.802639 1.146682
1.213457 0.802550 1.146608
1.210709 0.801561 1.148045
1.207937 0.800617 1.149475
1.205144 0.799691 1.150877
1.202335 0.798772 1.152251
1.204272 0.799513 1.146179
1.204276 0.799439 1.146106
1.204284 0.799387 1.146077
1.202288 0.798728 1.145116
1.200280 0.798070 1.144173
1.200284 0.798031 1.144142
1.200289 0.797993 1.144115
1.200293 0.797956 1.144087
1.200297 0.797918 1.144060
1.199962 0.799025 1.144061
1.199826 0.799431 1.144031
1.199811 0.799471 1.144019
1.199785 0.799542 1.144007
1.197825 0.798808 1.149920
1.195829 0.798099 1.155909
1.193769 0.797402 1.161877
1.191647 0.796702 1.167822
1.189466 0.795995 1.173745
1.187226 0.795278 1.179645
1.184930 0.794548 1.185521
1.182576 0.793807 1.191372
1.179360 0.795638 1.197213
1.178042 0.799804 1.197247
1.176445 0.804648 1.197203
1.172265 0.808906 1.202930
1.167928 0.813343 1.208705
1.165966 0.818834 1.208730
1.163934 0.824296 1.208681
1.161848 0.829734 1.208631
1.159708 0.835149 1.208582
1.157514 0.840542 1.208532
1.155266 0.845912 1.208482
1.152965 0.851259 1.208433
1.150611 0.856583 1.208383
1.148203 0.861883 1.208334
1.145743 0.867158 1.208284
1.143230 0.872408 1.208234
1.140664 0.877632 1.208185
1.138047 0.882830 1.208136
1.135377 0.888001 1.208086
1.132656 0.893145 1.208037
1.129884 0.898262 1.207988
1.127061 0.903350 1.207938
1.124187 0.908409 1.207889
1.121264 0.913438 1.207840
1.118290 0.918437 1.207791
1.115266 0.923407 1.207742
1.112192 0.928346 1.207692
1.109070 0.933254 1.207643
1.105898 0.938130 1.207594
1.102678 0.942974 1.207545
1.099410 0.947786 1.207496
1.096093 0.952564 1.207446
1.092730 0.957308 1.207397
1.089319 0.962019 1.207348
1.085861 0.966695 1.207299
1.082357 0.971335 1.207250
1.078806 0.975941 1.207201
1.075210 0.980510 1.207152
1.071569 0.985043 1.207103
1.067882 0.989539 1.207055
1.064151 0.993997 1.207006
1.060375 0.998418 1.206957
1.056554 1.002802 1.206909
1.054590 1.008964 1.201114
1.052545 1.015013 1.195222
1.050408 1.020987 1.189305
1.048167 1.026900 1.183363
1.045818 1.032755 1.177398
1.043358 1.038556 1.171410
1.040785 1.044302 1.165399
1.038100 1.049991 1.159366
1.035304 1.055624 1.153312
1.032396 1.061196 1.147237
1.029379 1.066708 1.141142
1.026252 1.072156 1.135027
1.023018 1.077538 1.128894
1.019676 1.082854 1.122743
1.016231 1.088099 1.116573
1.012681 1.093273 1.110387
1.009028 1.098374 1.104184
1.005274 1.103400 1.097966
1.001420 1.108349 1.091733
0.997467 1.113218 1.085485
0.993417 1.118007 1.079223
0.989272 1.122713 1.072949
0.985033 1.127335 1.066661
0.980702 1.131870 1.060362
0.976281 1.136317 1.054052
0.971770 1.140674 1.047731
0.967173 1.144940 1.041401
0.962491 1.149112 1.035061
0.957725 1.153189 1.028712
0.952878 1.157170 1.022356
0.947951 1.161052 1.015992
0.947181 1.164954 1.010062
0.946667 1.165990 1.003675
0.946675 1.166627 0.997272
0.946859 1.167080 0.990861
0.947088 1.167431 0.984446
0.947312 1.167709 0.978026
0.944216 1.169854 0.971584
0.939634 1.172777 0.965154
0.934497 1.175895 0.958727
0.929129 1.179005 0.952301
0.923644 1.182038 0.945875
0.918137 1.184890 0.945778
0.912553 1.187766 0.945739
0.906919 1.190600 0.945701
0.901250 1.193381 0.945663
0.898132 1.192311 0.941560
0.896473 1.190422 0.937429
0.895358 1.188240 0.939582
0.894341 1.186033 0.941761
0.894344 1.185846 0.944089
0.894346 1.185639 0.946421
