0.620000 0.927826 1.104527
0.623079 0.927809 1.104526
0.626158 0.927761 1.104524
0.629236 0.927682 1.104523
0.632313 0.927572 1.104521
0.635529 0.930240 1.106182
0.638801 0.932890 1.107815
0.642128 0.935521 1.109419
0.645512 0.938132 1.110994
0.648951 0.940722 1.112540
0.652446 0.943292 1.114059
0.655997 0.945838 1.115548
0.659604 0.948359 1.117008
0.663266 0.950855 1.118439
0.666985 0.953324 1.119840
0.670759 0.955766 1.121212
0.674589 0.958178 1.122553
0.678474 0.960559 1.123865
0.682415 0.962910 1.125147
0.686411 0.965229 1.126399
0.690462 0.967513 1.127621
0.694567 0.969763 1.128813
0.698728 0.971976 1.129974
0.702509 0.972302 1.134731
0.706294 0.972542 1.139501
0.710080 0.972695 1.144281
0.713865 0.972762 1.149072
0.717648 0.972742 1.153873
0.721426 0.972635 1.158683
0.725198 0.972441 1.163502
0.728963 0.972161 1.168330
0.732717 0.971794 1.173165
0.736460 0.971343 1.178008
0.740189 0.970805 1.182859
0.743903 0.970183 1.187715
0.748449 0.971802 1.188845
0.753044 0.973375 1.189944
0.757687 0.974902 1.191012
0.762378 0.976381 1.192050
0.767116 0.977811 1.193056
0.770915 0.976860 1.197918
0.774690 0.975824 1.202786
0.778441 0.974704 1.207659
0.782163 0.973500 1.212537
0.787017 0.974679 1.213512
0.791915 0.975804 1.214456
0.796856 0.976875 1.215369
0.801840 0.977890 1.216250
0.806866 0.978849 1.217099
0.811932 0.979750 1.217918
0.817039 0.980593 1.218704
0.822186 0.981376 1.219459
0.827371 0.982098 1.220182
0.832594 0.982758 1.220873
0.836412 0.980949 1.225755
0.840190 0.979058 1.230640
0.843925 0.977086 1.235528
0.847617 0.975033 1.240419
0.852906 0.975417 1.241082
0.858231 0.975732 1.241709
0.863588 0.975982 1.242304
0.868978 0.976164 1.242867
0.874397 0.976278 1.243397
0.879847 0.976324 1.243895
0.885326 0.976300 1.244361
0.890832 0.976206 1.244795
0.896364 0.976041 1.245196
0.901923 0.975804 1.245565
0.907506 0.975496 1.245902
0.913112 0.975113 1.246206
0.918741 0.974657 1.246477
0.922397 0.971804 1.251367
0.925995 0.968875 1.256262
0.929532 0.965873 1.261157
0.933007 0.962798 1.266053
0.936417 0.959653 1.270949
0.939763 0.956438 1.275845
0.943042 0.953156 1.280739
0.946253 0.949806 1.285632
0.949395 0.946391 1.290523
0.952467 0.942912 1.295412
0.955466 0.939370 1.300297
0.958392 0.935768 1.305179
0.961244 0.932105 1.310057
0.964020 0.928385 1.314930
0.966720 0.924609 1.319799
0.969342 0.920777 1.324661
0.971885 0.916892 1.329518
0.974348 0.912955 1.334368
0.976730 0.908969 1.339211
0.979600 0.905388 1.339214
0.982436 0.901779 1.339204
0.988367 0.900531 1.334598
0.993765 0.898786 1.334787
0.999165 0.896962 1.334953
1.004567 0.895060 1.335086
1.009969 0.893079 1.335185
1.015369 0.891019 1.335251
1.020767 0.888881 1.335283
1.026160 0.886662 1.335282
1.031548 0.884365 1.335248
1.036928 0.881988 1.335179
1.042301 0.879531 1.335078
1.047663 0.876994 1.334942
1.053014 0.874378 1.334773
1.058353 0.871682 1.334570
1.063677 0.868907 1.334333
1.068986 0.866051 1.334063
1.074278 0.863116 1.333758
1.079553 0.860102 1.333420
1.084807 0.857007 1.333048
1.090041 0.853833 1.332642
1.095252 0.850580 1.332202
1.100439 0.847247 1.331728
1.105602 0.843834 1.331220
1.110739 0.840342 1.330679
1.115848 0.836771 1.330103
1.117371 0.831554 1.334853
1.122408 0.827854 1.334309
1.128037 0.824340 1.328860
1.133595 0.820726 1.323324
1.139076 0.817007 1.317749
1.144480 0.813183 1.312136
1.149804 0.809255 1.306486
1.155047 0.805224 1.300799
1.160206 0.801092 1.295077
1.165281 0.796859 1.289319
1.170268 0.792526 1.283526
1.175166 0.788095 1.277700
1.179035 0.786743 1.271858
1.182450 0.786689 1.265975
1.184709 0.790297 1.260074
1.187336 0.792456 1.254108
1.190108 0.793924 1.248117
1.192914 0.795073 1.242097
1.195703 0.796067 1.236049
1.198453 0.796979 1.229971
1.201154 0.797842 1.223865
1.203801 0.798671 1.217731
1.206045 0.799403 1.206730
1.205671 0.799188 1.201741
1.205245 0.799000 1.196824
1.204766 0.798817 1.191914
1.204773 0.798754 1.191841
1.204779 0.798717 1.191806
1.204781 0.798691 1.191771
1.204782 0.798670 1.191735
1.204782 0.798652 1.191700
1.204244 0.798507 1.186835
1.203660 0.798328 1.181940
1.202119 0.801078 1.177061
1.200967 0.802391 1.172179
1.200027 0.802854 1.167308
1.200076 0.799997 1.162442
1.199693 0.798339 1.157594
1.199896 0.797640 1.157546
1.199993 0.797303 1.157523
1.200038 0.797135 1.157499
1.200060 0.797046 1.157476
1.200070 0.796993 1.157452
1.200075 0.796958 1.157429
1.202076 0.797651 1.151365
1.201175 0.797329 1.146524
1.200227 0.797003 1.141705
1.200152 0.796836 1.139397
1.200126 0.796821 1.139300
1.200159 0.796819 1.139394
1.200189 0.796818 1.139480
1.200218 0.796817 1.139562
1.199945 0.797686 1.139554
1.199657 0.798676 1.139612
1.199549 0.798980 1.139581
1.199511 0.799070 1.139550
1.199483 0.799143 1.139533
1.199458 0.799215 1.139523
1.197534 0.798534 1.145455
1.195574 0.797869 1.151448
1.193552 0.797205 1.157421
1.191469 0.796536 1.163372
1.188528 0.798423 1.169310
1.185042 0.801783 1.175222
1.181219 0.805876 1.181107
1.179441 0.811179 1.181128
1.175282 0.815723 1.186927
1.170996 0.820336 1.192760
1.168943 0.825911 1.192779
1.167814 0.828865 1.192719
1.167216 0.830398 1.192668
1.165900 0.833758 1.192639
1.164156 0.838128 1.192605
1.162162 0.843008 1.192567
1.160011 0.848141 1.192527
1.157750 0.853391 1.192487
1.155407 0.858691 1.192445
1.152994 0.864003 1.192404
1.150520 0.869311 1.192362
1.147988 0.874603 1.192321
1.145401 0.879874 1.192279
1.142760 0.885122 1.192237
1.140066 0.890344 1.192196
1.137319 0.895540 1.192154
1.134520 0.900707 1.192112
1.131670 0.905847 1.192070
1.128768 0.910958 1.192029
1.125816 0.916039 1.191987
1.122812 0.921090 1.191945
1.119759 0.926110 1.191904
1.116655 0.931100 1.191862
1.113502 0.936057 1.191821
1.110299 0.940983 1.191779
1.104987 0.944401 1.197525
1.099579 0.947785 1.203305
1.095246 0.948558 1.204207
1.091759 0.948053 1.205047
1.090300 0.948015 1.207076
1.089049 0.947646 1.209102
1.087893 0.947105 1.211119
1.086774 0.946475 1.213123
1.085665 0.945797 1.215116
1.084552 0.945089 1.217097
1.084105 0.944904 1.212132
1.085176 0.945742 1.208411
1.086227 0.946545 1.204684
1.087251 0.947320 1.200945
1.088248 0.948071 1.197193
1.086454 0.950592 1.197163
1.083830 0.954252 1.197146
1.080785 0.958424 1.197122
1.077515 0.962819 1.197096
1.075961 0.964865 1.197042
1.074687 0.965435 1.192017
1.073735 0.965469 1.186961
1.072922 0.965236 1.181917
1.070967 0.967763 1.181889
1.068181 0.971335 1.181875
1.064972 0.975379 1.181856
1.061536 0.979627 1.181833
1.057968 0.983951 1.181810
1.054314 0.988291 1.181785
1.050596 0.992618 1.181761
1.046825 0.996919 1.181736
1.043007 1.001188 1.181711
1.039143 1.005420 1.181686
1.035235 1.009614 1.181660
1.031285 1.013770 1.181635
1.027293 1.017885 1.181610
1.026178 1.020586 1.177810
1.023116 1.023647 1.177777
1.019507 1.027210 1.177759
1.017181 1.028259 1.172721
1.015699 1.028399 1.167679
1.014604 1.028094 1.162654
1.013675 1.027558 1.157643
1.012807 1.026894 1.152644
1.010576 1.029020 1.152629
1.007347 1.032071 1.152621
1.003615 1.035539 1.152609
0.999621 1.039183 1.152594
0.995480 1.042887 1.152577
0.991249 1.046596 1.152559
0.986955 1.050286 1.152542
0.982611 1.053943 1.152524
0.978225 1.057561 1.152505
0.976671 1.059942 1.148648
0.976164 1.061410 1.144780
0.976149 1.062431 1.140911
0.976358 1.063222 1.137037
0.976662 1.063887 1.133157
0.976999 1.064476 1.129272
0.977340 1.065012 1.125381
0.977669 1.065507 1.121484
0.977981 1.065967 1.117582
0.978271 1.066394 1.113674
0.977150 1.069817 1.114824
0.974888 1.074103 1.115996
0.973490 1.075799 1.112081
0.971702 1.075241 1.106984
0.970300 1.074319 1.101906
0.969070 1.073198 1.096843
0.967912 1.071959 1.091799
0.966773 1.070642 1.086773
0.965628 1.069266 1.081767
0.964466 1.067841 1.076779
0.963279 1.066372 1.071810
0.962065 1.064862 1.066861
0.960822 1.063312 1.061933
0.959551 1.061722 1.057025
0.958251 1.060094 1.052138
0.956922 1.058426 1.047274
0.956850 1.058389 1.043338
0.956756 1.058320 1.039404
0.954436 1.060092 1.039413
0.951023 1.062664 1.039416
0.947057 1.065599 1.039414
0.942804 1.068684 1.039409
0.938394 1.071819 1.039404
0.933890 1.074953 1.039397
0.929326 1.078063 1.039391
0.924715 1.081137 1.039384
0.921207 1.085930 1.040304
0.917633 1.090690 1.041247
0.913990 1.095415 1.042210
0.911613 1.096694 1.038263
0.910373 1.097223 1.034322
0.909683 1.097371 1.030388
0.909251 1.097317 1.026460
0.908935 1.097148 1.022536
0.906354 1.098702 1.022545
0.902619 1.100916 1.022549
0.898304 1.103423 1.022548
0.893691 1.106046 1.022544
0.891294 1.106984 1.018609
0.890003 1.107254 1.014684
0.889245 1.107185 1.010768
0.887732 1.105114 1.005891
0.887336 1.104756 1.001988
0.886987 1.104329 0.998091
0.886652 1.103851 0.994201
0.886313 1.103329 0.990317
0.885964 1.102770 0.986439
0.885600 1.102174 0.982569
0.885219 1.101544 0.978705
0.884821 1.100880 0.974850
0.884405 1.100181 0.971002
0.883971 1.099449 0.967163
0.883519 1.098683 0.963333
0.883048 1.097884 0.959512
0.882559 1.097051 0.955701
0.882053 1.096185 0.951899
0.881511 1.095325 0.942686
0.881428 1.095330 0.937256
0.881341 1.095278 0.931828
0.881240 1.095171 0.926402
0.882709 1.097961 0.925569
0.884194 1.100736 0.924708
0.885685 1.103498 0.923815
0.887178 1.106247 0.922891
0.888672 1.108986 0.921935
0.890166 1.111712 0.920947
0.890061 1.111487 0.915339
0.891543 1.114191 0.914284
0.893032 1.116887 0.913204
0.893929 1.118458 0.908379
0.894800 1.119982 0.903532
0.895650 1.121463 0.898667
0.896479 1.122900 0.893786
0.897287 1.124293 0.888888
0.898074 1.125641 0.883974
0.898840 1.126944 0.879044
0.899585 1.128202 0.874100
0.900308 1.129416 0.869141
0.901009 1.130584 0.864168
0.901688 1.131708 0.859181
0.902345 1.132787 0.854181
0.902978 1.133821 0.849169
0.903588 1.134811 0.844145
0.904175 1.135756 0.839110
0.904737 1.136657 0.834063
0.901961 1.138150 0.834040
0.897775 1.140392 0.834030
