1.032724 0.311028 0.950175
1.035256 0.309164 0.954972
1.037750 0.307329 0.959796
1.040204 0.305523 0.964646
1.040187 0.305499 0.964680
1.040193 0.305507 0.964711
1.040203 0.305521 0.964738
1.040215 0.305536 0.964762
1.040227 0.305551 0.964785
1.040395 0.305456 0.959555
1.042876 0.303691 0.964385
1.043017 0.303564 0.959120
1.043132 0.303493 0.953851
1.045652 0.301700 0.958646
1.045637 0.301679 0.958658
1.045643 0.301687 0.958668
1.045655 0.301702 0.958678
1.045667 0.301719 0.958686
1.045680 0.301736 0.958694
1.045692 0.301753 0.958701
1.045705 0.301770 0.958707
1.045718 0.301787 0.958712
1.045731 0.301804 0.958717
1.045743 0.301821 0.958722
1.045756 0.301838 0.958726
1.045769 0.301855 0.958729
1.045890 0.301800 0.953417
1.045966 0.301771 0.948103
1.045998 0.301773 0.942788
1.045987 0.301807 0.937473
1.045934 0.301872 0.932159
1.045838 0.301970 0.926845
1.045699 0.302098 0.921533
1.045518 0.302259 0.916223
1.045294 0.302451 0.910915
1.045027 0.302674 0.905610
1.047891 0.300647 0.910096
1.050690 0.298607 0.914616
1.050413 0.298760 0.909225
1.050121 0.298977 0.903859
1.049793 0.299237 0.898496
1.052692 0.297180 0.902948
1.055526 0.295112 0.907435
1.055492 0.295065 0.907435
1.055488 0.295060 0.907435
1.055494 0.295068 0.907435
1.055502 0.295079 0.907435
1.055511 0.295091 0.907435
1.055985 0.295738 0.907423
1.055961 0.295703 0.907426
1.055900 0.295616 0.907431
1.055839 0.295529 0.907435
1.055780 0.295445 0.907440
1.055767 0.295428 0.907441
1.055760 0.295417 0.907442
1.056025 0.295223 0.912878
1.056254 0.295070 0.918316
1.056441 0.294954 0.923757
1.056587 0.294873 0.929199
1.054014 0.296722 0.929989
1.051463 0.298615 0.930747
1.048917 0.300527 0.931472
1.046368 0.302448 0.932166
1.046491 0.302476 0.937483
1.046543 0.302499 0.942800
1.043946 0.304386 0.943398
1.041368 0.306310 0.943963
1.038793 0.308246 0.944497
1.036216 0.310188 0.944998
1.036229 0.310283 0.950186
1.036175 0.310374 0.955374
1.036074 0.310488 0.960560
1.035929 0.310630 0.965745
1.035742 0.310803 0.970927
1.035513 0.311007 0.976107
1.035243 0.311241 0.981283
1.034931 0.311507 0.986455
1.032302 0.313433 0.986665
1.029690 0.315385 0.986841
1.027079 0.317341 0.986985
1.026739 0.317663 0.992055
1.028968 0.321554 0.997124
1.031901 0.325614 0.997125
1.034365 0.330080 1.002185
1.036748 0.334606 1.007239
1.034327 0.336855 1.007217
1.031661 0.338742 1.007165
1.028971 0.340591 1.007080
1.026279 0.342436 1.006963
1.023587 0.344279 1.006813
1.020895 0.346119 1.006631
1.018205 0.347958 1.006416
1.015515 0.349793 1.006168
1.012828 0.351627 1.005888
1.010141 0.353458 1.005575
1.007458 0.355286 1.005230
1.004776 0.357111 1.004852
1.002097 0.358933 1.004442
0.999421 0.360752 1.004000
1.001968 0.364518 1.004001
1.003980 0.368706 1.008593
1.003447 0.369131 1.013178
1.002848 0.369539 1.017757
1.004670 0.373771 1.022329
1.006428 0.378073 1.026892
1.008100 0.382410 1.031447
1.009685 0.386780 1.035993
1.011182 0.391181 1.040529
1.012591 0.395611 1.045056
1.013912 0.400069 1.049573
1.015143 0.404553 1.054079
1.016284 0.409060 1.058574
1.017336 0.413590 1.063058
1.018296 0.418140 1.067529
1.019166 0.422709 1.071988
1.019944 0.427295 1.076435
1.020630 0.431895 1.080867
1.021225 0.436509 1.085286
1.021727 0.441134 1.089691
1.022137 0.445768 1.094081
1.023860 0.449801 1.094081
1.025544 0.453852 1.094082
1.027186 0.457919 1.094082
1.028788 0.462002 1.094082
1.030349 0.466101 1.094082
1.032435 0.469997 1.091869
1.034463 0.473926 1.089650
1.036433 0.477889 1.087424
1.038344 0.481882 1.085194
1.040195 0.485907 1.082958
1.041986 0.489962 1.080717
1.043716 0.494045 1.078471
1.045385 0.498156 1.076221
1.046993 0.502294 1.073966
1.048538 0.506458 1.071707
1.050021 0.510646 1.069444
1.051441 0.514858 1.067177
1.052798 0.519092 1.064907
1.054091 0.523348 1.062633
1.055319 0.527625 1.060357
1.056222 0.531985 1.060357
1.057081 0.536355 1.060357
1.057896 0.540732 1.060358
1.058668 0.545118 1.060358
1.059395 0.549511 1.060358
1.060079 0.553911 1.060358
1.060718 0.558318 1.060359
1.061314 0.562731 1.060359
1.061865 0.567150 1.060359
1.062372 0.571574 1.060359
1.062834 0.576002 1.060359
1.063253 0.580436 1.060360
1.063627 0.584873 1.060360
1.063956 0.589314 1.060360
1.064241 0.593757 1.060360
1.064482 0.598204 1.060361
1.064678 0.602652 1.060361
1.064829 0.607103 1.060361
1.064936 0.611554 1.060361
1.064999 0.616007 1.060361
1.065017 0.620460 1.060362
1.064990 0.624913 1.060362
1.064919 0.629366 1.060362
1.064803 0.633817 1.060363
1.064643 0.638268 1.060363
1.064438 0.642716 1.060363
1.064188 0.647162 1.060363
1.063894 0.651606 1.060363
1.063556 0.656046 1.060364
1.063173 0.660483 1.060364
1.062746 0.664915 1.060364
1.062275 0.669344 1.060364
1.061759 0.673767 1.060365
1.061199 0.678185 1.060365
1.060595 0.682597 1.060365
1.059947 0.687003 1.060365
1.059254 0.691402 1.060366
1.058518 0.695794 1.060366
1.057738 0.700178 1.060366
1.056914 0.704554 1.060366
1.056046 0.708922 1.060367
1.055134 0.713281 1.060367
1.054179 0.717631 1.060367
1.053181 0.721971 1.060367
1.052139 0.726300 1.060367
1.051053 0.730619 1.060368
1.049925 0.734927 1.060368
1.048754 0.739224 1.060368
1.047539 0.743508 1.060368
1.046282 0.747780 1.060369
1.044982 0.752040 1.060369
1.043640 0.756286 1.060369
1.042255 0.760518 1.060369
1.040828 0.764737 1.060370
1.039359 0.768941 1.060370
1.037847 0.773130 1.060370
1.036294 0.777303 1.060370
1.034700 0.781461 1.060370
1.033063 0.785603 1.060371
1.031386 0.789728 1.060371
1.029667 0.793836 1.060371
1.027907 0.797927 1.060371
1.026106 0.802000 1.060371
1.024265 0.806055 1.060372
1.022383 0.810091 1.060372
1.020461 0.814108 1.060372
1.018499 0.818105 1.060372
1.016497 0.822083 1.060373
1.014455 0.826041 1.060373
1.012373 0.829977 1.060373
1.010253 0.833893 1.060373
1.008093 0.837788 1.060374
1.005895 0.841660 1.060374
1.003657 0.845511 1.060374
1.001382 0.849339 1.060374
0.999068 0.853143 1.060375
0.996716 0.856925 1.060375
0.994327 0.860683 1.060375
0.991900 0.864416 1.060376
0.990398 0.868758 1.055920
0.990432 0.874217 1.056965
0.990403 0.879706 1.057980
0.990309 0.885225 1.058964
0.992834 0.887065 1.059916
0.995371 0.888904 1.060837
0.995197 0.894504 1.061728
0.994948 0.900141 1.062586
0.994631 0.905805 1.063413
0.993119 0.912933 1.064193
0.991493 0.920060 1.064930
0.989758 0.927179 1.065622
0.987914 0.934288 1.066270
0.985959 0.941386 1.066873
0.987128 0.944852 1.067431
0.988323 0.948277 1.067946
0.986227 0.955323 1.068418
0.987324 0.958806 1.068842
